2,1590,3,1,0
3,1591,2,0,1
5,1586,6,1,0
5,1587,27,2,0
5,1592,6,1,0
5,1593,6,1,0
5,1595,6,1,0
7,1584,29,2,0
10,1588,9,0,1
10,1589,32,2,0
11,1588,10,0,1
11,1593,1573,3,3
13,1584,12,0,1
13,1585,12,0,1
13,1591,14,1,0
16,1594,1578,3,3
17,1586,18,1,0
20,1584,21,1,0
20,1585,19,0,1
20,1588,21,1,0
22,1588,44,2,0
23,1588,45,3,0
24,1590,25,2,1
25,1591,24,1,2
26,1587,48,3,0
27,1586,28,2,1
27,1592,28,2,1
27,1593,28,2,1
27,1595,28,2,1
29,1584,51,3,0
31,1588,53,3,0
31,1592,32,2,1
32,1588,54,3,0
32,1589,54,3,0
33,1588,55,3,0
34,1593,12,0,2
35,1585,34,1,2
35,1591,36,2,1
36,1584,35,1,2
38,1594,39,2,1
39,1586,40,2,1
41,1584,42,2,1
42,1585,41,1,2
44,1585,66,2,0
44,1595,45,1,1
45,1595,46,2,1
46,1590,47,2,1
46,1595,47,2,1
47,1591,46,1,2
47,1595,48,2,1
48,1587,70,3,0
48,1595,49,2,1
49,1586,50,2,1
49,1592,50,2,1
49,1593,50,2,1
50,1595,1595,4,0
51,1584,73,3,0
51,1587,52,2,1
51,1595,50,1,2
52,1595,51,1,2
53,1595,52,1,2
54,1589,76,3,0
54,1595,53,1,2
55,1595,54,1,2
56,1593,34,0,3
57,1585,56,1,2
57,1591,58,2,1
60,1594,61,2,1
61,1586,62,2,1
65,1585,87,3,0
66,1585,87,3,2
66,1595,88,2,0
67,1595,89,3,0
68,1588,69,2,1
68,1590,69,2,1
68,1595,90,3,0
69,1587,91,3,0
69,1591,68,1,2
69,1595,91,3,0
70,1595,92,3,0
71,1586,72,2,1
71,1592,72,2,1
71,1593,72,2,1
71,1595,93,3,0
72,1595,94,3,0
73,1584,95,3,0
73,1595,95,3,0
74,1595,96,3,0
75,1595,97,3,0
76,1589,98,3,0
76,1592,77,2,1
76,1595,98,3,0
77,1595,99,3,0
79,1585,78,1,2
79,1591,80,2,1
79,1593,57,0,3
82,1594,83,2,1
83,1586,84,2,1
87,1585,86,1,2
88,1585,109,3,2
90,1588,91,2,1
90,1590,91,2,1
91,1591,90,1,2
93,1592,94,2,1
93,1593,94,2,1
95,1584,117,3,0
95,1586,117,3,0
96,1586,118,3,0
97,1586,119,3,0
98,1586,120,3,0
98,1589,120,3,0
99,1585,100,2,1
99,1586,121,3,0
100,1585,1585,4,0
101,1585,100,1,2
101,1591,102,2,1
102,1593,80,0,3
104,1594,105,2,1
105,1586,106,2,1
107,1593,85,0,3
108,1585,107,1,2
109,1585,108,1,2
111,1585,112,2,1
112,1588,113,2,1
112,1590,113,2,1
113,1591,112,1,2
115,1592,116,2,1
115,1593,116,2,1
117,1584,139,3,0
117,1586,116,1,2
118,1586,117,1,2
119,1586,118,1,2
120,1586,119,1,2
120,1589,142,3,0
121,1585,143,3,0
121,1586,120,1,2
123,1591,124,2,1
124,1593,102,0,3
126,1594,127,2,1
127,1586,128,2,1
133,1587,155,3,0
134,1588,135,2,1
134,1590,135,2,1
135,1591,134,1,2
137,1592,138,2,1
137,1593,138,2,1
139,1584,161,3,0
142,1586,141,1,2
142,1589,164,3,0
143,1586,142,1,2
145,1591,146,2,1
147,1593,125,0,3
148,1594,149,2,1
149,1586,150,2,1
154,1585,176,2,0
156,1588,157,2,1
156,1590,157,2,1
157,1591,156,1,2
159,1586,160,2,1
159,1592,160,2,1
159,1593,160,2,1
161,1584,183,3,0
164,1589,186,3,0
166,1585,188,3,0
167,1591,168,2,1
170,1594,171,2,1
171,1586,172,2,1
175,1585,197,3,0
176,1587,198,2,0
178,1588,179,2,1
178,1590,179,2,1
179,1591,178,1,2
181,1586,182,2,1
181,1592,182,2,1
181,1593,182,2,1
182,1594,204,3,0
183,1584,205,3,0
183,1594,205,3,0
184,1594,206,3,0
185,1594,207,3,0
186,1589,208,3,0
186,1594,208,3,0
187,1594,209,3,0
189,1591,190,2,1
192,1594,193,2,1
193,1586,194,2,1
200,1588,201,2,1
200,1590,201,2,1
201,1591,200,1,2
203,1586,204,2,1
203,1592,204,2,1
203,1593,204,2,1
204,1594,203,1,2
205,1584,227,3,0
205,1594,204,1,2
206,1594,205,1,2
207,1594,206,1,2
208,1589,230,3,0
208,1594,207,1,2
209,1594,208,1,2
211,1591,212,2,1
214,1594,215,2,1
215,1586,216,2,1
219,1585,197,0,3
220,1585,221,1,1
222,1588,223,2,1
222,1590,223,2,1
223,1591,222,1,2
225,1586,226,2,1
225,1592,226,2,1
225,1593,226,2,1
227,1584,249,3,0
230,1589,252,3,0
232,1585,231,1,2
233,1591,234,2,1
234,1592,212,0,3
237,1586,238,2,1
241,1585,240,1,2
241,1587,220,2,3
242,1585,264,2,0
244,1588,245,2,1
244,1590,245,2,1
245,1591,244,1,2
247,1586,248,2,1
247,1592,248,2,1
247,1593,248,2,1
249,1584,271,3,0
252,1585,274,3,0
252,1589,274,3,0
255,1591,256,2,1
266,1588,267,2,1
266,1590,267,2,1
267,1591,266,1,2
269,1586,270,2,1
269,1592,270,2,1
269,1593,270,2,1
270,1594,248,0,3
271,1584,293,3,0
274,1589,296,3,0
277,1591,278,2,1
279,1592,257,0,3
280,1592,258,0,3
281,1592,259,0,3
284,1587,285,2,1
288,1588,289,2,1
288,1590,289,2,1
289,1591,288,1,2
291,1586,292,2,1
291,1592,292,2,1
291,1593,292,2,1
293,1584,315,3,0
296,1589,318,3,0
297,1585,275,0,3
299,1590,321,3,0
299,1591,300,2,1
303,1592,304,2,1
305,1587,306,2,1
306,1590,328,3,0
308,1585,309,1,1
309,1585,310,2,1
310,1588,311,2,1
310,1590,311,2,1
311,1591,310,1,2
313,1586,314,2,1
313,1592,314,2,1
314,1594,292,0,3
315,1584,337,3,0
317,1591,339,3,0
318,1585,1585,4,0
318,1589,340,3,0
318,1591,340,3,0
319,1585,297,0,3
319,1591,341,3,0
321,1590,343,3,0
321,1591,322,2,1
324,1595,346,3,0
325,1592,326,2,1
328,1590,350,3,0
332,1588,333,2,1
332,1590,333,2,1
333,1591,332,1,2
335,1586,336,2,1
335,1592,336,2,1
337,1584,359,3,0
339,1591,338,1,2
340,1589,362,3,0
340,1591,339,1,2
341,1585,340,1,2
341,1591,340,1,2
342,1590,364,3,0
343,1591,344,2,1
347,1592,348,2,1
351,1585,330,2,3
351,1590,373,3,0
352,1585,374,2,0
352,1591,353,1,1
352,1593,374,2,0
353,1585,375,3,0
353,1591,354,2,1
353,1593,375,3,0
354,1588,355,2,1
354,1590,355,2,1
354,1591,1591,4,0
354,1593,376,3,0
355,1591,354,1,2
355,1593,377,3,0
356,1584,1584,4,0
356,1593,378,3,0
357,1586,358,2,1
357,1592,358,2,1
357,1593,379,3,0
358,1594,336,0,3
360,1584,359,1,2
361,1584,360,1,2
361,1585,383,3,0
362,1584,361,1,2
362,1589,384,3,0
363,1584,362,1,2
363,1585,362,1,2
365,1591,366,2,1
367,1595,389,3,0
369,1592,370,2,1
370,1595,371,2,1
373,1585,352,2,3
374,1584,375,1,1
374,1590,396,2,0
374,1593,375,1,1
375,1584,376,2,1
375,1593,376,2,1
376,1584,377,2,1
376,1588,377,2,1
376,1590,377,2,1
376,1593,377,2,1
377,1584,1584,4,0
377,1591,376,1,2
377,1593,378,2,1
378,1584,400,3,0
378,1593,379,2,1
379,1586,380,2,1
379,1592,380,2,1
379,1593,1593,4,0
381,1584,403,3,0
382,1584,404,3,0
382,1591,381,1,2
383,1584,405,3,0
383,1585,1585,4,0
383,1591,382,1,2
384,1584,406,3,0
384,1585,406,3,0
384,1589,406,3,0
384,1591,383,1,2
385,1584,407,3,0
385,1585,407,3,0
385,1591,384,1,2
387,1591,388,2,1
388,1595,410,3,0
391,1592,392,2,1
396,1584,374,0,2
396,1585,374,0,2
396,1591,418,2,0
397,1584,375,0,3
397,1585,375,0,3
397,1590,396,1,1
397,1591,419,3,0
398,1584,376,0,3
398,1588,399,2,1
398,1590,399,2,1
399,1584,377,0,3
401,1586,402,2,1
402,1594,380,0,3
405,1585,383,0,3
406,1589,428,3,0
413,1592,414,2,1
415,1595,416,2,1
418,1591,419,1,1
419,1590,418,1,1
419,1591,1591,4,0
420,1588,421,2,1
420,1590,421,2,1
420,1591,398,0,3
423,1586,424,2,1
425,1592,424,1,2
426,1592,425,1,2
427,1591,405,0,3
427,1592,426,1,2
428,1591,406,0,3
428,1592,427,1,2
429,1591,407,0,3
429,1592,428,1,2
434,1594,456,3,0
435,1592,436,2,1
438,1595,439,2,1
440,1589,441,1,1
440,1591,418,0,2
440,1592,441,1,1
441,1589,1589,4,0
441,1591,419,0,3
441,1592,442,2,1
442,1585,443,2,1
442,1588,443,2,1
442,1590,441,1,2
442,1591,420,0,3
442,1592,443,2,1
443,1592,444,2,1
444,1592,445,2,1
445,1586,446,2,1
446,1592,1592,4,0
446,1594,424,0,3
447,1584,425,0,3
447,1592,446,1,2
449,1590,450,2,1
449,1591,427,0,3
450,1591,428,0,3
451,1589,450,1,2
451,1591,429,0,3
455,1594,454,1,2
457,1592,458,2,1
458,1594,459,2,1
460,1595,461,2,1
462,1589,484,2,0
463,1589,485,3,0
464,1585,465,2,1
464,1588,465,2,1
464,1590,463,1,2
467,1586,468,2,1
469,1592,468,1,2
470,1592,469,1,2
471,1592,470,1,2
472,1589,494,3,0
472,1592,471,1,2
473,1589,495,3,0
473,1592,472,1,2
478,1594,500,3,0
479,1592,480,2,1
483,1595,462,2,3
486,1585,487,2,1
486,1588,487,2,1
486,1590,485,1,2
489,1586,490,2,1
490,1594,468,0,3
491,1584,469,0,3
493,1591,471,0,3
506,1595,484,0,2
508,1585,509,2,1
508,1588,509,2,1
508,1590,507,1,2
511,1586,512,2,1
511,1592,512,2,1
516,1589,538,3,0
519,1588,518,1,2
522,1594,544,3,0
526,1588,527,2,1
530,1585,531,2,1
530,1588,531,2,1
530,1590,529,1,2
533,1586,534,2,1
533,1592,534,2,1
534,1594,512,0,3
535,1584,513,0,3
537,1591,515,0,3
541,1591,542,2,1
548,1591,549,2,1
550,1587,551,1,1
551,1587,552,2,1
551,1595,529,0,3
552,1585,553,2,1
552,1587,553,2,1
552,1588,553,2,1
552,1590,551,1,2
553,1587,554,2,1
554,1587,555,2,1
555,1586,556,2,1
555,1587,1587,4,0
555,1592,556,2,1
562,1591,584,3,0
566,1594,588,3,0
572,1587,550,0,2
573,1587,551,0,3
573,1589,572,1,1
574,1585,575,2,1
574,1587,552,0,3
574,1588,575,2,1
574,1590,573,1,2
575,1587,553,0,3
576,1587,554,0,3
577,1586,578,2,1
577,1587,555,0,3
577,1592,578,2,1
578,1594,556,0,3
579,1584,557,0,3
581,1591,559,0,3
581,1595,582,2,1
583,1589,605,3,0
585,1591,586,2,1
593,1589,615,3,0
593,1591,572,2,3
594,1589,616,2,0
596,1585,597,2,1
596,1588,597,2,1
596,1590,595,1,2
599,1586,600,2,1
599,1592,600,2,1
605,1591,627,3,0
610,1594,632,3,0
611,1593,612,2,1
613,1584,614,2,1
615,1589,1589,4,0
616,1591,594,0,2
618,1585,619,2,1
618,1588,619,2,1
618,1590,617,1,2
619,1595,597,0,3
621,1586,622,2,1
621,1592,622,2,1
622,1587,621,1,2
622,1594,600,0,3
623,1584,601,0,3
623,1587,622,1,2
624,1587,623,1,2
625,1587,624,1,2
625,1591,603,0,3
626,1587,625,1,2
627,1587,626,1,2
627,1589,605,0,3
628,1589,629,2,1
629,1591,630,2,1
631,1584,632,2,1
631,1593,630,1,2
632,1587,633,2,1
635,1584,636,2,1
637,1589,615,0,3
638,1589,616,0,2
640,1585,641,2,1
640,1588,641,2,1
640,1590,639,1,2
643,1586,644,2,1
643,1592,644,2,1
645,1595,646,2,1
648,1591,649,2,1
654,1587,655,2,1
654,1594,676,3,0
656,1593,657,2,1
658,1584,659,2,1
660,1589,638,0,2
661,1591,639,0,3
662,1585,663,2,1
662,1588,663,2,1
662,1590,661,1,2
664,1595,642,0,3
665,1586,666,2,1
665,1592,666,2,1
666,1594,644,0,3
667,1584,645,0,3
669,1591,647,0,3
671,1589,672,2,1
673,1591,674,2,1
675,1584,676,2,1
676,1587,677,2,1
679,1593,680,2,1
681,1584,660,2,3
681,1589,1589,4,0
682,1589,703,3,2
684,1585,685,2,1
684,1590,683,1,2
684,1591,683,1,2
686,1586,664,0,3
687,1586,688,2,1
687,1592,688,2,1
687,1595,665,0,3
689,1586,667,0,3
691,1591,692,2,1
695,1593,694,1,2
698,1587,699,2,1
698,1594,720,3,0
702,1593,703,2,1
703,1584,682,2,3
704,1584,682,0,2
704,1589,725,3,2
706,1585,707,2,1
706,1590,705,1,2
707,1594,685,0,3
709,1586,710,2,1
709,1592,710,2,1
709,1595,687,0,3
710,1594,688,0,3
711,1584,689,0,3
712,1594,690,0,3
713,1591,714,2,1
717,1591,718,2,1
719,1584,720,2,1
720,1587,721,2,1
724,1593,725,2,1
726,1584,704,0,2
726,1589,748,2,0
728,1585,729,2,1
728,1590,727,1,2
731,1592,732,2,1
735,1591,736,2,1
736,1589,737,2,1
737,1589,759,3,0
738,1589,760,3,0
739,1591,761,3,0
742,1587,743,2,1
742,1594,764,3,0
746,1589,768,3,0
747,1589,769,3,0
747,1593,726,2,3
749,1584,727,0,3
750,1585,751,2,1
750,1590,749,1,2
752,1584,751,1,2
753,1592,754,2,1
754,1594,732,0,3
755,1584,733,0,3
757,1591,758,2,1
758,1589,759,2,1
759,1589,781,3,0
760,1589,782,3,0
763,1584,764,2,1
764,1587,765,2,1
768,1589,790,3,0
769,1593,748,2,3
770,1593,748,0,2
772,1585,773,2,1
772,1590,771,1,2
774,1584,773,1,2
775,1592,776,2,1
775,1594,753,0,3
776,1594,777,2,1
779,1591,780,2,1
780,1589,781,2,1
781,1589,782,2,1
781,1591,803,3,0
782,1591,804,3,0
783,1591,805,3,0
786,1587,787,2,1
786,1594,808,3,0
789,1591,811,3,0
790,1589,1589,4,0
792,1593,770,0,2
794,1584,772,0,3
794,1585,795,2,1
794,1590,793,1,2
796,1584,795,1,2
797,1592,798,2,1
798,1594,799,2,1
799,1584,777,0,3
801,1591,802,2,1
802,1589,803,2,1
803,1591,825,3,0
804,1589,782,0,3
804,1591,826,3,0
805,1591,827,3,0
807,1584,808,2,1
808,1587,830,3,0
811,1591,833,3,0
812,1589,790,0,3
814,1591,836,2,0
815,1593,793,0,3
816,1585,817,2,1
816,1590,815,1,2
817,1584,795,0,3
819,1592,820,2,1
820,1594,821,2,1
821,1584,799,0,3
824,1589,825,2,1
825,1591,826,2,1
826,1589,804,0,3
826,1591,827,2,1
827,1591,828,2,1
829,1587,851,3,0
830,1594,852,3,0
833,1591,1591,4,0
834,1589,812,0,3
834,1591,856,3,0
835,1591,857,3,0
837,1593,815,0,3
838,1585,839,2,1
838,1590,837,1,2
839,1584,817,0,3
841,1592,842,2,1
842,1594,843,2,1
843,1584,821,0,3
846,1589,847,2,1
847,1591,825,0,3
848,1589,826,0,3
848,1591,826,0,3
848,1592,870,3,0
849,1591,827,0,3
850,1591,851,2,1
851,1584,852,2,1
855,1591,833,0,3
856,1589,834,0,3
860,1585,861,2,1
860,1590,859,1,2
860,1593,838,0,3
863,1592,864,2,1
864,1594,865,2,1
868,1589,869,2,1
870,1589,848,0,3
872,1587,894,3,0
874,1594,896,3,0
878,1589,856,0,3
882,1585,883,2,1
882,1590,881,1,2
883,1593,861,0,3
885,1592,886,2,1
886,1594,887,2,1
888,1593,866,0,3
890,1589,891,2,1
891,1595,892,2,1
892,1589,870,0,3
892,1595,893,2,1
893,1595,894,2,1
894,1595,895,2,1
895,1584,896,2,1
895,1595,896,2,1
896,1595,1595,4,0
897,1595,896,1,2
900,1589,878,0,3
902,1595,923,3,2
904,1585,905,2,1
904,1590,903,1,2
906,1593,884,0,3
907,1592,908,2,1
908,1594,909,2,1
912,1589,913,2,1
914,1589,892,0,3
918,1594,940,3,0
919,1595,918,1,2
920,1595,919,1,2
921,1595,920,1,2
922,1589,900,0,3
922,1595,921,1,2
923,1595,922,1,2
924,1590,945,3,2
926,1585,927,2,1
926,1590,925,1,2
928,1593,906,0,3
929,1592,930,2,1
930,1594,931,2,1
934,1589,935,2,1
935,1590,936,2,1
936,1587,958,3,0
936,1589,914,0,3
936,1590,937,2,1
937,1590,1590,4,0
939,1584,940,2,1
944,1589,922,0,3
944,1590,943,1,2
945,1590,944,1,2
946,1586,968,2,0
946,1594,968,2,0
948,1585,949,2,1
951,1592,952,2,1
951,1593,929,0,3
952,1594,953,2,1
955,1592,956,2,1
956,1589,957,2,1
957,1594,979,3,0
958,1589,936,0,3
958,1594,980,3,0
959,1586,981,3,0
959,1594,981,3,0
960,1586,982,3,0
960,1594,982,3,0
961,1586,983,3,0
961,1594,983,3,0
962,1586,984,3,0
962,1594,984,3,0
963,1586,985,3,0
963,1594,985,3,0
963,1595,941,0,3
964,1586,986,3,0
964,1594,986,3,0
965,1586,987,3,0
965,1594,987,3,0
966,1586,988,3,0
966,1589,944,0,3
966,1594,988,3,0
967,1586,989,3,0
967,1594,989,3,0
968,1584,990,2,0
970,1585,971,2,1
973,1592,974,2,1
973,1593,951,0,3
978,1589,979,2,1
979,1587,1001,3,0
980,1589,958,0,3
981,1585,980,1,2
983,1584,984,2,1
987,1584,1009,3,0
988,1584,1010,3,0
988,1585,987,1,2
988,1589,966,0,3
989,1584,1011,3,0
990,1584,1011,3,2
990,1590,968,0,2
992,1585,993,2,1
995,1592,996,2,1
1000,1589,1001,2,1
1002,1589,980,0,3
1003,1585,1002,1,2
1003,1590,981,0,3
1007,1586,985,0,3
1009,1584,1008,1,2
1010,1584,1009,1,2
1010,1585,1009,1,2
1010,1589,988,0,3
1010,1590,988,0,3
1011,1584,1010,1,2
1011,1585,990,2,3
1011,1590,989,0,3
1014,1585,1015,2,1
1017,1592,1018,2,1
1022,1587,1023,2,1
1022,1589,1023,2,1
1023,1584,1024,2,1
1023,1590,1024,2,1
1024,1584,1025,2,1
1024,1589,1002,0,3
1024,1590,1590,4,0
1025,1584,1026,2,1
1025,1585,1024,1,2
1025,1590,1024,1,2
1026,1584,1027,2,1
1030,1584,1584,4,0
1031,1584,1030,1,2
1032,1585,1031,1,2
1032,1589,1010,0,3
1033,1585,1012,2,3
1034,1584,1055,3,2
1034,1585,1012,0,2
1034,1590,1055,3,2
1036,1585,1037,2,1
1039,1592,1040,2,1
1044,1589,1045,2,1
1046,1589,1024,0,3
1047,1585,1046,1,2
1047,1590,1046,1,2
1053,1584,1052,1,2
1054,1584,1053,1,2
1054,1585,1053,1,2
1054,1589,1032,0,3
1055,1584,1054,1,2
1055,1590,1054,1,2
1056,1584,1077,3,2
1056,1585,1034,0,2
1057,1590,1058,2,1
1058,1585,1059,2,1
1061,1592,1062,2,1
1065,1587,1066,2,1
1066,1589,1067,2,1
1067,1590,1089,3,0
1068,1589,1046,0,3
1069,1585,1068,1,2
1076,1584,1075,1,2
1076,1585,1075,1,2
1076,1589,1054,0,3
1077,1584,1076,1,2
1079,1585,1057,0,3
1080,1585,1081,2,1
1083,1592,1084,2,1
1086,1587,1087,2,1
1088,1589,1089,2,1
1089,1590,1590,4,0
1090,1589,1068,0,3
1091,1585,1090,1,2
1098,1585,1097,1,2
1098,1589,1076,0,3
1101,1585,1079,0,3
1103,1587,1081,0,3
1105,1592,1106,2,1
1105,1595,1106,2,1
1106,1595,1128,3,0
1110,1589,1111,2,1
1111,1590,1089,0,3
1112,1589,1090,0,3
1113,1585,1112,1,2
1120,1585,1119,1,2
1120,1589,1098,0,3
1122,1588,1144,2,0
1127,1592,1128,2,1
1127,1595,1128,2,1
1129,1587,1130,2,1
1129,1595,1151,3,0
1132,1589,1133,2,1
1133,1588,1155,3,0
1134,1588,1156,3,0
1134,1589,1112,0,3
1135,1585,1134,1,2
1135,1588,1157,3,0
1142,1585,1141,1,2
1142,1588,1164,3,0
1142,1589,1120,0,3
1143,1588,1165,3,0
1143,1590,1121,0,3
1144,1588,1165,3,2
1144,1590,1145,1,1
1149,1592,1150,2,1
1149,1595,1150,2,1
1154,1589,1155,2,1
1155,1588,1156,2,1
1155,1590,1590,4,0
1156,1588,1157,2,1
1156,1589,1134,0,3
1156,1590,1155,1,2
1157,1585,1156,1,2
1157,1588,1588,4,0
1164,1585,1163,1,2
1164,1588,1163,1,2
1164,1589,1142,0,3
1165,1588,1164,1,2
1165,1590,1164,1,2
1166,1588,1188,2,0
1166,1590,1188,2,0
1168,1588,1169,2,1
1169,1595,1191,3,0
1171,1587,1149,0,3
1171,1592,1172,2,1
1171,1595,1172,2,1
1174,1595,1196,3,0
1176,1589,1177,2,1
1176,1590,1198,3,0
1177,1590,1199,3,0
1178,1588,1200,3,0
1178,1589,1156,0,3
1179,1585,1178,1,2
1179,1588,1201,3,0
1186,1585,1185,1,2
1186,1588,1208,3,0
1186,1589,1164,0,3
1187,1588,1209,3,0
1193,1586,1194,2,1
1193,1592,1194,2,1
1193,1593,1194,2,1
1193,1595,1194,2,1
1195,1586,1196,2,1
1198,1589,1199,2,1
1199,1593,1221,3,0
1200,1589,1178,0,3
1200,1593,1222,3,0
1201,1585,1200,1,2
1201,1593,1223,3,0
1202,1593,1224,3,0
1203,1593,1225,3,0
1208,1585,1207,1,2
1208,1589,1186,0,3
1210,1588,1188,0,2
1215,1586,1216,2,1
1215,1592,1216,2,1
1215,1593,1216,2,1
1215,1595,1216,2,1
1216,1594,1217,2,1
1217,1586,1218,2,1
1220,1589,1221,2,1
1221,1590,1199,0,3
1221,1593,1222,2,1
1222,1589,1200,0,3
1222,1593,1223,2,1
1223,1585,1222,1,2
1223,1588,1201,0,3
1223,1593,1224,2,1
1224,1593,1225,2,1
1225,1593,1593,4,0
1227,1593,1205,0,3
1230,1585,1229,1,2
1230,1588,1208,0,3
1230,1589,1208,0,3
1231,1588,1209,0,3
1232,1588,1210,0,2
1232,1590,1233,1,1
1233,1590,1234,2,1
1237,1586,1238,2,1
1237,1592,1238,2,1
1237,1593,1238,2,1
1237,1595,1238,2,1
1239,1594,1240,2,1
1240,1586,1241,2,1
1242,1589,1243,2,1
1242,1590,1590,4,0
1243,1588,1244,2,1
1243,1590,1221,0,3
1244,1588,1588,4,0
1244,1589,1222,0,3
1245,1585,1244,1,2
1245,1588,1223,0,3
1252,1585,1251,1,2
1252,1588,1230,0,3
1252,1589,1230,0,3
1253,1588,1231,0,3
1254,1588,1275,3,2
1254,1590,1276,2,0
1255,1590,1277,3,0
1259,1586,1260,2,1
1259,1592,1260,2,1
1259,1593,1260,2,1
1259,1595,1260,2,1
1261,1594,1262,2,1
1263,1586,1264,2,1
1264,1589,1265,2,1
1265,1590,1264,1,2
1266,1589,1244,0,3
1267,1585,1266,1,2
1267,1588,1266,1,2
1274,1585,1273,1,2
1274,1589,1252,0,3
1275,1588,1274,1,2
1275,1590,1254,2,3
1276,1588,1297,3,2
1276,1590,1298,2,0
1277,1588,1278,2,1
1277,1590,1299,3,0
1281,1586,1282,2,1
1281,1592,1282,2,1
1281,1593,1282,2,1
1281,1595,1282,2,1
1284,1594,1285,2,1
1285,1586,1286,2,1
1285,1590,1307,3,0
1286,1589,1287,2,1
1287,1588,1309,3,0
1287,1592,1309,3,0
1288,1589,1266,0,3
1288,1592,1310,3,0
1289,1585,1288,1,2
1289,1592,1311,3,0
1290,1592,1312,3,0
1291,1592,1313,3,0
1296,1585,1295,1,2
1296,1589,1274,0,3
1297,1588,1296,1,2
1298,1588,1276,0,2
1298,1590,1299,1,1
1298,1592,1320,2,0
1299,1590,1300,2,1
1300,1590,1301,2,1
1300,1591,1322,3,0
1301,1591,1300,1,2
1303,1586,1304,2,1
1303,1592,1304,2,1
1303,1593,1304,2,1
1303,1595,1304,2,1
1307,1590,1590,4,0
1307,1591,1308,2,1
1307,1594,1308,2,1
1308,1586,1309,2,1
1308,1589,1309,2,1
1308,1590,1330,3,0
1309,1588,1588,4,0
1309,1590,1331,3,0
1310,1588,1288,0,3
1310,1589,1288,0,3
1311,1585,1310,1,2
1313,1592,1592,4,0
1314,1592,1336,3,0
1315,1592,1337,3,0
1316,1592,1338,3,0
1317,1592,1339,3,0
1318,1585,1317,1,2
1318,1589,1296,0,3
1318,1592,1340,3,0
1319,1588,1297,0,3
1319,1592,1341,3,0
1320,1588,1298,0,2
1320,1590,1298,0,2
1321,1590,1299,0,3
1323,1591,1322,1,2
1325,1586,1326,2,1
1325,1593,1326,2,1
1325,1595,1326,2,1
1329,1590,1307,0,3
1329,1591,1330,2,1
1329,1594,1330,2,1
1330,1586,1331,2,1
1330,1589,1331,2,1
1331,1588,1309,0,3
1331,1592,1309,0,3
1332,1588,1310,0,3
1332,1589,1310,0,3
1332,1592,1310,0,3
1333,1585,1332,1,2
1333,1592,1311,0,3
1334,1592,1312,0,3
1335,1592,1313,0,3
1340,1585,1339,1,2
1340,1589,1318,0,3
1341,1588,1319,0,3
1342,1588,1363,3,2
1345,1591,1344,1,2
1347,1586,1348,2,1
1347,1593,1348,2,1
1347,1595,1348,2,1
1352,1589,1353,2,1
1352,1591,1353,2,1
1352,1594,1353,2,1
1353,1586,1331,0,3
1353,1587,1354,2,1
1354,1587,1355,2,1
1354,1588,1353,1,2
1354,1589,1332,0,3
1355,1585,1354,1,2
1355,1587,1356,2,1
1356,1587,1357,2,1
1357,1587,1358,2,1
1358,1587,1587,4,0
1359,1592,1337,0,3
1362,1585,1361,1,2
1362,1589,1340,0,3
1364,1588,1365,1,1
1364,1590,1365,1,1
1365,1590,1366,2,1
1366,1590,1367,2,1
1367,1591,1366,1,2
1368,1584,1390,3,0
1369,1586,1370,2,1
1369,1593,1370,2,1
1369,1595,1370,2,1
1371,1584,1393,3,0
1373,1590,1590,4,0
1374,1589,1375,2,1
1374,1591,1375,2,1
1374,1594,1375,2,1
1375,1586,1353,0,3
1375,1587,1353,0,3
1375,1588,1588,4,0
1376,1587,1354,0,3
1376,1588,1375,1,2
1376,1589,1354,0,3
1377,1585,1376,1,2
1377,1587,1355,0,3
1377,1595,1376,1,2
1378,1587,1356,0,3
1379,1587,1357,0,3
1380,1587,1358,0,3
1384,1585,1383,1,2
1384,1589,1362,0,3
1384,1595,1385,2,1
1385,1588,1384,1,2
1386,1590,1364,0,2
1387,1590,1365,0,3
1389,1584,1411,3,0
1389,1591,1388,1,2
1391,1586,1392,2,1
1391,1593,1392,2,1
1391,1595,1392,2,1
1392,1593,1393,2,1
1393,1584,1415,3,0
1394,1584,1416,3,0
1395,1590,1373,0,3
1396,1588,1418,3,0
1396,1589,1418,3,0
1396,1590,1374,0,3
1397,1588,1375,0,3
1397,1589,1375,0,3
1397,1590,1375,0,3
1397,1591,1375,0,3
1397,1594,1375,0,3
1398,1586,1376,0,3
1398,1589,1376,0,3
1399,1585,1398,1,2
1400,1595,1399,1,2
1406,1585,1405,1,2
1406,1589,1384,0,3
1406,1590,1405,1,2
1408,1588,1430,2,0
1410,1590,1411,2,1
1411,1591,1410,1,2
1412,1593,1411,1,2
1413,1586,1414,2,1
1413,1593,1414,2,1
1413,1595,1414,2,1
1415,1584,1437,3,0
1415,1593,1416,2,1
1418,1588,1440,3,0
1418,1589,1440,3,0
1419,1588,1397,0,3
1419,1589,1397,0,3
1419,1591,1397,0,3
1419,1594,1397,0,3
1420,1586,1398,0,3
1420,1589,1398,0,3
1421,1585,1420,1,2
1428,1585,1427,1,2
1428,1589,1406,0,3
1430,1588,1431,1,1
1431,1588,1432,2,1
1432,1590,1433,2,1
1433,1591,1432,1,2
1435,1586,1436,2,1
1435,1593,1436,2,1
1435,1595,1436,2,1
1437,1584,1459,3,0
1437,1593,1438,2,1
1440,1588,1588,4,0
1440,1589,1462,3,0
1441,1588,1440,1,2
1442,1589,1420,0,3
1442,1591,1420,0,3
1442,1594,1420,0,3
1443,1585,1442,1,2
1443,1586,1421,0,3
1445,1595,1444,1,2
1448,1595,1449,2,1
1450,1585,1449,1,2
1450,1589,1428,0,3
1451,1588,1430,2,3
1452,1588,1430,0,2
1453,1584,1475,3,0
1454,1590,1455,2,1
1455,1591,1454,1,2
1457,1586,1458,2,1
1457,1593,1458,2,1
1457,1595,1458,2,1
1459,1584,1481,3,0
1460,1593,1461,2,1
1462,1588,1440,0,3
1462,1589,1484,3,0
1464,1589,1442,0,3
1464,1591,1442,0,3
1464,1594,1442,0,3
1465,1585,1464,1,2
1466,1586,1444,0,3
1472,1585,1471,1,2
1473,1588,1452,2,3
1474,1588,1496,2,0
1475,1588,1497,3,0
1476,1590,1477,2,1
1477,1591,1476,1,2
1479,1586,1480,2,1
1479,1593,1480,2,1
1479,1595,1480,2,1
1481,1584,1503,3,0
1483,1588,1505,3,0
1483,1593,1484,2,1
1484,1589,1506,3,0
1487,1585,1486,1,2
1487,1591,1465,0,3
1487,1594,1465,0,3
1488,1586,1466,0,3
1494,1585,1493,1,2
1496,1584,1518,2,0
1498,1590,1499,2,1
1499,1591,1498,1,2
1501,1586,1502,2,1
1501,1593,1502,2,1
1501,1595,1502,2,1
1503,1584,1525,3,0
1505,1593,1506,2,1
1506,1589,1528,3,0
1509,1585,1508,1,2
1509,1591,1510,2,1
1510,1594,1488,0,3
1511,1586,1489,0,3
1512,1586,1490,0,3
1513,1586,1491,0,3
1516,1585,1515,1,2
1520,1590,1521,2,1
1521,1591,1520,1,2
1523,1586,1524,2,1
1523,1592,1524,2,1
1523,1593,1524,2,1
1523,1595,1524,2,1
1525,1584,1547,3,0
1528,1589,1550,3,0
1528,1593,1529,2,1
1531,1585,1530,1,2
1531,1591,1532,2,1
1535,1586,1536,2,1
1536,1594,1514,0,3
1538,1585,1537,1,2
1542,1588,1543,2,1
1542,1590,1543,2,1
1543,1591,1542,1,2
1545,1586,1546,2,1
1545,1592,1546,2,1
1545,1593,1546,2,1
1545,1595,1546,2,1
1547,1584,1569,3,0
1547,1592,1548,2,1
1550,1589,1572,3,0
1550,1593,1551,2,1
1552,1584,1551,1,2
1553,1585,1552,1,2
1553,1591,1554,2,1
1555,1594,1533,0,3
1557,1586,1558,2,1
1560,1585,1559,1,2
1561,1584,1540,2,3
1564,1590,1565,2,1
1565,1591,1564,1,2
1567,1586,1568,2,1
1567,1592,1568,2,1
1567,1593,1568,2,1
1567,1595,1568,2,1
1569,1584,7,3,3
1572,1589,10,3,3
1573,1593,1551,0,3
1575,1585,1574,1,2
1575,1591,1576,2,1
1578,1594,1556,0,3
1579,1586,1580,2,1
1582,1585,1581,1,2
1584,1591,377,0,4
1584,1593,400,0,4
1585,1584,383,0,4
1585,1586,165,0,4
1585,1591,383,0,4
1585,1593,383,0,4
1585,1594,209,0,4
1585,1595,100,0,4
1586,1585,138,0,4
1586,1588,116,0,4
1586,1589,984,0,4
1586,1591,984,0,4
1586,1593,138,0,4
1587,1584,555,0,4
1587,1586,1358,0,4
1587,1588,1358,0,4
1587,1589,621,0,4
1587,1590,1358,0,4
1587,1591,555,0,4
1587,1592,1358,0,4
1587,1593,1358,0,4
1587,1594,555,0,4
1587,1595,1358,0,4
1588,1584,1157,0,4
1588,1587,1353,0,4
1588,1589,1157,0,4
1588,1590,1309,0,4
1588,1591,1157,0,4
1588,1592,1288,0,4
1588,1594,1157,0,4
1589,1586,790,0,4
1589,1587,616,0,4
1589,1588,790,0,4
1589,1590,790,0,4
1589,1591,790,0,4
1589,1592,485,0,4
1589,1594,790,0,4
1589,1595,790,0,4
1590,1584,981,0,4
1590,1585,1330,0,4
1590,1586,981,0,4
1590,1587,1330,0,4
1590,1588,1330,0,4
1590,1589,937,0,4
1590,1591,937,0,4
1590,1594,981,0,4
1590,1595,937,0,4
1591,1584,376,0,4
1591,1585,376,0,4
1591,1587,398,0,4
1591,1589,790,0,4
1591,1592,398,0,4
1591,1593,376,0,4
1592,1585,424,0,4
1592,1588,1313,0,4
1592,1589,490,0,4
1592,1590,1313,0,4
1593,1584,379,0,4
1593,1585,358,0,4
1593,1586,336,0,4
1593,1588,1225,0,4
1593,1589,379,0,4
1593,1590,1225,0,4
1593,1591,379,0,4
1594,1585,203,0,4
1594,1588,1006,0,4
1594,1589,985,0,4
1594,1591,985,0,4
1594,1595,1006,0,4
1595,1585,94,0,4
1595,1588,50,0,4
1595,1589,896,0,4
1595,1591,896,0,4
