0,1588,1,0,0
1,1588,2,1,0
2,1585,3,1,0
2,1588,3,1,0
2,1589,1,0,1
9,1588,1588,4,0
9,1592,10,1,0
10,1588,1572,3,3
10,1589,9,0,1
11,1588,1573,3,3
12,1589,13,1,0
12,1593,1574,3,3
13,1584,1575,3,3
15,1584,16,1,0
17,1592,1579,3,3
17,1593,1579,3,3
20,1585,42,2,0
20,1590,21,1,0
24,1585,25,2,1
24,1589,23,1,2
32,1588,31,1,2
32,1589,31,1,2
32,1592,33,2,1
33,1588,32,1,2
34,1589,35,2,1
37,1584,38,2,1
39,1592,17,0,2
39,1593,17,0,2
42,1585,64,3,0
42,1588,43,2,1
42,1590,43,2,1
45,1592,67,3,0
46,1585,47,2,1
46,1589,45,1,2
49,1595,50,2,1
54,1588,53,1,2
54,1589,53,1,2
54,1592,55,2,1
55,1585,77,3,0
55,1588,54,1,2
56,1585,78,3,0
56,1589,57,2,1
57,1593,35,0,3
59,1584,60,2,1
61,1592,39,0,3
61,1593,39,0,3
64,1588,65,2,1
64,1590,65,2,1
66,1585,44,0,2
68,1589,67,1,2
76,1589,75,1,2
77,1585,78,2,1
77,1592,55,0,3
78,1585,1585,4,0
78,1589,79,2,1
79,1585,57,0,3
80,1593,58,0,3
83,1592,61,0,3
83,1593,61,0,3
86,1588,87,2,1
86,1590,87,2,1
87,1585,65,0,3
88,1585,66,0,2
88,1592,110,2,0
88,1595,110,2,0
89,1595,111,3,0
90,1589,89,1,2
90,1595,112,3,0
91,1587,113,3,0
91,1595,113,3,0
92,1595,114,3,0
93,1586,94,2,1
93,1595,115,3,0
98,1589,97,1,2
99,1585,77,0,3
99,1592,77,0,3
100,1585,78,0,3
100,1589,101,2,1
101,1585,79,0,3
105,1592,83,0,3
105,1593,83,0,3
107,1593,108,2,1
108,1585,86,0,3
108,1588,109,2,1
108,1590,109,2,1
109,1585,87,0,3
110,1585,131,3,2
110,1595,111,1,1
111,1595,112,2,1
112,1587,134,3,0
112,1589,111,1,2
112,1595,113,2,1
113,1595,114,2,1
114,1595,115,2,1
115,1595,1595,4,0
117,1586,95,0,3
118,1586,96,0,3
119,1586,97,0,3
120,1586,98,0,3
120,1589,119,1,2
121,1586,99,0,3
122,1589,123,2,1
122,1592,100,0,3
123,1585,122,1,2
125,1593,103,0,3
127,1592,105,0,3
127,1593,105,0,3
130,1588,131,2,1
130,1590,131,2,1
131,1585,130,1,2
132,1585,153,3,2
132,1586,133,1,1
133,1585,134,2,1
133,1586,134,2,1
134,1586,135,2,1
134,1589,133,1,2
135,1586,136,2,1
136,1586,137,2,1
137,1586,138,2,1
138,1586,1586,4,0
139,1586,138,1,2
142,1586,120,0,3
142,1589,141,1,2
143,1585,165,3,0
143,1586,121,0,3
144,1589,145,2,1
144,1592,122,0,3
145,1585,144,1,2
149,1592,127,0,3
149,1593,127,0,3
152,1588,153,2,1
152,1590,153,2,1
153,1585,152,1,2
153,1592,132,2,3
154,1586,132,0,2
155,1585,156,2,1
155,1586,133,0,3
155,1587,177,3,0
156,1586,134,0,3
156,1589,155,1,2
157,1586,135,0,3
158,1586,136,0,3
159,1586,137,0,3
160,1586,138,0,3
164,1589,163,1,2
165,1585,1585,4,0
166,1589,167,2,1
167,1592,145,0,3
171,1592,149,0,3
171,1593,172,2,1
174,1588,175,2,1
174,1590,175,2,1
178,1589,177,1,2
186,1589,185,1,2
187,1585,165,0,3
188,1589,189,2,1
189,1592,167,0,3
193,1592,171,0,3
193,1593,194,2,1
196,1588,197,2,1
196,1590,197,2,1
196,1592,197,2,1
198,1585,176,0,2
198,1587,220,2,0
200,1589,199,1,2
204,1594,182,0,3
205,1594,183,0,3
206,1594,184,0,3
207,1594,185,0,3
208,1589,207,1,2
208,1594,186,0,3
209,1594,187,0,3
210,1585,188,0,3
210,1589,211,2,1
212,1592,190,0,3
215,1592,193,0,3
215,1593,216,2,1
217,1592,218,2,1
218,1588,219,2,1
218,1590,219,2,1
220,1585,198,0,2
220,1594,221,1,1
221,1594,222,2,1
222,1589,221,1,2
222,1594,223,2,1
223,1594,224,2,1
224,1594,225,2,1
225,1594,1594,4,0
226,1594,225,1,2
230,1589,229,1,2
231,1585,1585,4,0
232,1585,210,0,3
232,1589,233,2,1
235,1592,213,0,3
236,1594,237,2,1
237,1592,215,0,3
237,1593,238,2,1
240,1588,241,2,1
240,1590,241,2,1
241,1585,219,0,3
242,1585,263,3,2
242,1594,220,0,2
243,1594,221,0,3
244,1589,243,1,2
244,1594,222,0,3
245,1594,223,0,3
246,1594,224,0,3
247,1594,225,0,3
252,1589,251,1,2
254,1585,253,1,2
254,1589,255,2,1
257,1592,235,0,3
258,1594,259,2,1
259,1586,260,2,1
259,1592,237,0,3
259,1593,260,2,1
262,1588,263,2,1
262,1590,263,2,1
263,1587,242,2,3
264,1585,286,2,0
266,1589,265,1,2
270,1594,269,1,2
274,1585,296,3,0
274,1589,273,1,2
276,1589,277,2,1
280,1594,281,2,1
281,1586,282,2,1
281,1593,282,2,1
284,1588,285,2,1
284,1590,285,2,1
286,1585,287,1,1
287,1585,288,2,1
288,1589,287,1,2
296,1585,1585,4,0
296,1589,295,1,2
297,1585,319,3,0
298,1589,299,2,1
302,1594,303,2,1
303,1586,304,2,1
303,1593,304,2,1
303,1595,304,2,1
306,1588,307,2,1
306,1590,307,2,1
308,1585,286,0,2
308,1591,330,2,0
309,1585,287,0,3
309,1591,331,3,0
310,1589,309,1,2
310,1591,332,3,0
313,1593,314,2,1
314,1594,313,1,2
315,1593,337,3,0
316,1593,338,3,0
317,1593,339,3,0
318,1585,296,0,3
318,1589,317,1,2
318,1593,340,3,0
319,1593,341,3,0
320,1589,321,2,1
324,1594,325,2,1
325,1586,326,2,1
325,1593,326,2,1
325,1595,326,2,1
327,1587,328,2,1
328,1588,329,2,1
328,1590,329,2,1
330,1591,331,1,1
331,1591,332,2,1
332,1589,331,1,2
332,1591,1591,4,0
337,1593,336,1,2
338,1593,337,1,2
339,1593,338,1,2
340,1589,339,1,2
340,1593,339,1,2
341,1585,319,0,3
341,1593,340,1,2
342,1589,343,2,1
345,1587,323,0,3
346,1594,347,2,1
347,1586,348,2,1
347,1593,348,2,1
348,1587,349,2,1
348,1595,349,2,1
350,1588,351,2,1
350,1590,372,3,0
352,1585,353,1,1
352,1591,330,0,2
353,1585,354,2,1
353,1591,331,0,3
354,1589,353,1,2
354,1591,332,0,3
358,1594,357,1,2
362,1585,1585,4,0
362,1589,361,1,2
363,1585,341,0,3
364,1589,365,2,1
367,1595,366,1,2
368,1594,369,2,1
369,1586,370,2,1
370,1587,371,2,1
372,1588,373,2,1
372,1590,394,3,0
374,1584,396,2,0
374,1590,352,0,2
374,1593,352,0,2
375,1584,397,3,0
375,1593,353,0,3
376,1584,398,3,0
376,1589,375,1,2
376,1593,354,0,3
377,1584,399,3,0
377,1593,355,0,3
378,1593,356,0,3
379,1593,357,0,3
380,1593,358,0,3
381,1593,359,0,3
382,1591,360,0,3
382,1593,360,0,3
383,1593,361,0,3
384,1589,383,1,2
384,1593,362,0,3
385,1585,384,1,2
385,1590,407,3,0
385,1593,363,0,3
386,1589,387,2,1
390,1594,391,2,1
391,1586,413,3,0
391,1587,392,2,1
393,1595,394,2,1
394,1588,395,2,1
394,1590,416,3,0
395,1585,374,2,3
396,1584,418,2,0
396,1585,418,2,0
396,1589,418,2,0
396,1591,397,1,1
397,1584,419,3,0
397,1585,419,3,0
397,1589,419,3,0
397,1591,398,2,1
398,1584,420,3,0
398,1589,397,1,2
398,1591,1591,4,0
399,1584,421,3,0
399,1591,398,1,2
401,1592,402,2,1
402,1594,401,1,2
405,1585,427,3,0
405,1591,404,1,2
406,1591,405,1,2
407,1589,429,3,0
407,1591,406,1,2
408,1589,409,2,1
409,1591,410,2,1
412,1594,413,2,1
413,1586,435,3,0
416,1588,417,2,1
416,1590,438,3,0
416,1595,417,2,1
418,1584,419,1,1
418,1585,419,1,1
418,1589,419,1,1
418,1591,440,2,0
418,1592,419,1,1
419,1584,420,2,1
419,1585,420,2,1
419,1589,1589,4,0
419,1590,397,0,3
419,1591,441,3,0
419,1592,420,2,1
420,1584,421,2,1
420,1589,419,1,2
420,1591,442,3,0
420,1592,421,2,1
421,1584,1584,4,0
421,1592,422,2,1
422,1584,400,0,3
422,1592,423,2,1
423,1592,424,2,1
424,1592,1592,4,0
425,1584,403,0,3
426,1584,404,0,3
427,1584,405,0,3
427,1585,1585,4,0
428,1584,406,0,3
428,1585,406,0,3
428,1589,427,1,2
428,1590,429,2,1
428,1591,450,3,0
429,1584,407,0,3
429,1585,407,0,3
429,1589,428,1,2
429,1591,451,3,0
430,1589,431,2,1
434,1594,435,2,1
435,1586,457,3,0
438,1588,439,2,1
438,1590,460,3,0
439,1595,418,2,3
440,1584,418,0,2
440,1585,418,0,2
440,1589,418,0,2
440,1592,418,0,2
441,1584,419,0,3
441,1585,419,0,3
441,1589,419,0,3
441,1592,419,0,3
442,1584,420,0,3
442,1585,420,0,3
442,1589,441,1,2
442,1592,420,0,3
443,1584,421,0,3
443,1592,421,0,3
444,1584,422,0,3
444,1592,422,0,3
445,1592,446,2,1
446,1592,424,0,3
446,1594,445,1,2
448,1584,426,0,3
449,1584,427,0,3
449,1585,427,0,3
450,1584,428,0,3
450,1585,428,0,3
451,1584,429,0,3
451,1585,429,0,3
451,1589,429,0,3
452,1589,453,2,1
454,1586,476,3,0
455,1594,477,3,0
457,1586,479,3,0
458,1594,480,3,0
459,1586,481,3,0
460,1588,461,2,1
460,1590,482,3,0
461,1595,440,2,3
462,1595,440,0,2
464,1585,442,0,3
464,1589,463,1,2
464,1590,465,2,1
469,1584,447,0,3
471,1585,449,0,3
471,1591,449,0,3
472,1589,471,1,2
473,1589,472,1,2
474,1589,475,2,1
475,1586,497,3,0
478,1594,479,2,1
479,1586,501,3,0
482,1586,504,3,0
482,1588,483,2,1
482,1590,504,3,0
484,1589,506,2,0
484,1592,485,1,1
484,1595,462,0,2
485,1592,486,2,1
486,1585,464,0,3
486,1590,487,2,1
486,1592,487,2,1
487,1592,488,2,1
488,1592,489,2,1
489,1592,490,2,1
490,1592,1592,4,0
490,1594,489,1,2
491,1592,490,1,2
492,1592,491,1,2
493,1585,471,0,3
493,1592,492,1,2
494,1592,493,1,2
495,1592,494,1,2
498,1594,520,3,0
501,1586,523,3,0
501,1592,502,2,1
503,1594,525,3,0
504,1588,505,2,1
504,1590,526,3,0
506,1589,1589,4,0
507,1589,529,3,0
507,1595,485,0,3
508,1585,486,0,3
508,1590,509,2,1
513,1584,491,0,3
515,1585,493,0,3
515,1591,493,0,3
517,1589,539,3,0
518,1586,540,3,0
519,1588,541,3,0
519,1594,541,3,0
522,1594,523,2,1
523,1586,545,3,0
523,1592,524,2,1
526,1588,548,3,0
526,1590,548,3,0
526,1594,548,3,0
527,1586,549,3,0
528,1589,506,0,2
529,1595,507,0,3
530,1585,508,0,3
530,1590,531,2,1
534,1594,533,1,2
537,1585,515,0,3
541,1588,563,3,0
545,1586,567,3,0
545,1592,546,2,1
548,1588,570,3,0
548,1590,570,3,0
551,1589,529,0,3
552,1585,530,0,3
552,1590,553,2,1
552,1595,530,0,3
557,1584,535,0,3
559,1585,537,0,3
559,1591,537,0,3
560,1589,538,0,3
561,1586,583,3,0
561,1589,539,0,3
562,1588,584,3,0
562,1594,584,3,0
563,1591,564,2,1
566,1594,567,2,1
567,1586,589,3,0
567,1592,568,2,1
570,1588,592,3,0
570,1590,592,3,0
571,1588,593,3,0
571,1591,550,2,3
571,1594,593,3,0
572,1589,1589,4,0
573,1589,551,0,3
574,1585,552,0,3
574,1590,575,2,1
574,1595,552,0,3
578,1594,577,1,2
581,1585,559,0,3
583,1589,561,0,3
589,1586,611,3,0
589,1592,590,2,1
589,1593,590,2,1
592,1588,614,3,0
592,1590,614,3,0
594,1588,616,2,0
594,1591,572,0,2
595,1589,594,1,1
596,1585,574,0,3
596,1590,597,2,1
597,1595,575,0,3
600,1587,578,0,3
601,1584,579,0,3
601,1587,579,0,3
602,1587,580,0,3
603,1585,581,0,3
603,1587,581,0,3
603,1591,581,0,3
604,1586,605,2,1
604,1587,582,0,3
605,1587,583,0,3
605,1588,627,3,0
605,1589,606,2,1
605,1594,627,3,0
607,1591,608,2,1
608,1584,630,3,0
609,1584,610,2,1
610,1594,611,2,1
611,1586,633,3,0
611,1592,612,2,1
612,1584,634,3,0
612,1593,613,2,1
614,1588,636,3,0
614,1590,636,3,0
616,1587,617,1,1
617,1587,618,2,1
617,1591,595,0,3
618,1585,596,0,3
618,1587,619,2,1
618,1590,619,2,1
619,1587,620,2,1
620,1587,621,2,1
620,1595,598,0,3
621,1587,1587,4,0
622,1587,600,0,3
622,1594,621,1,2
623,1587,601,0,3
624,1587,602,0,3
625,1585,603,0,3
625,1587,603,0,3
626,1587,604,0,3
627,1587,605,0,3
627,1589,649,3,0
628,1589,650,3,0
630,1584,652,3,0
631,1593,653,3,0
633,1586,655,3,0
633,1592,634,2,1
634,1584,656,3,0
634,1593,635,2,1
636,1588,658,3,0
636,1590,658,3,0
637,1589,659,3,0
638,1589,660,2,0
639,1588,638,1,1
639,1591,617,0,3
640,1585,618,0,3
640,1590,641,2,1
642,1595,620,0,3
645,1584,623,0,3
645,1595,623,0,3
647,1585,625,0,3
647,1591,625,0,3
648,1594,649,2,1
649,1589,650,2,1
650,1589,651,2,1
651,1584,673,3,0
651,1591,652,2,1
653,1584,654,2,1
654,1594,655,2,1
655,1586,677,3,0
655,1592,656,2,1
656,1584,678,3,0
657,1593,658,2,1
658,1588,680,3,0
658,1590,680,3,0
659,1589,1589,4,0
662,1585,640,0,3
662,1590,663,2,1
662,1591,640,0,3
663,1586,662,1,2
665,1595,643,0,3
666,1594,665,1,2
668,1586,669,2,1
669,1585,647,0,3
671,1589,649,0,3
672,1584,694,3,0
672,1589,673,2,1
677,1586,699,3,0
677,1592,678,2,1
680,1588,702,3,0
680,1590,702,3,0
681,1589,659,0,3
682,1589,660,0,2
684,1585,662,0,3
684,1590,685,2,1
684,1591,662,0,3
686,1586,685,1,2
689,1584,667,0,3
689,1586,690,2,1
691,1585,669,0,3
691,1591,669,0,3
694,1584,716,3,0
695,1591,696,2,1
695,1593,717,3,0
697,1584,698,2,1
698,1594,699,2,1
699,1586,721,3,0
699,1592,700,2,1
702,1588,724,3,0
702,1590,724,3,0
704,1589,682,0,2
706,1585,684,0,3
706,1590,707,2,1
707,1594,706,1,2
710,1594,709,1,2
711,1586,712,2,1
712,1594,713,2,1
713,1585,691,0,3
715,1584,737,3,0
715,1589,716,2,1
716,1589,717,2,1
720,1592,742,3,0
721,1586,743,3,0
721,1592,743,3,0
724,1588,746,3,0
724,1590,746,3,0
725,1589,1589,4,0
725,1593,704,2,3
726,1589,747,3,2
728,1585,706,0,3
728,1590,729,2,1
731,1586,732,2,1
732,1586,733,2,1
733,1584,711,0,3
735,1585,713,0,3
737,1584,759,3,0
739,1591,740,2,1
741,1584,742,2,1
741,1592,763,3,0
742,1594,743,2,1
743,1586,765,3,0
743,1592,765,3,0
744,1592,766,3,0
746,1588,768,3,0
746,1590,768,3,0
748,1591,770,2,0
748,1593,726,0,2
750,1585,728,0,3
750,1590,751,2,1
752,1594,751,1,2
753,1586,754,2,1
754,1594,753,1,2
755,1594,756,2,1
757,1585,735,0,3
758,1584,759,2,1
765,1586,787,3,0
765,1592,787,3,0
768,1588,790,3,0
768,1590,790,3,0
769,1591,791,3,0
770,1591,791,3,2
772,1585,750,0,3
772,1590,773,2,1
775,1586,776,2,1
775,1594,774,1,2
776,1594,775,1,2
777,1584,755,0,3
779,1585,757,0,3
780,1584,781,2,1
782,1589,783,2,1
784,1592,806,3,0
785,1584,786,2,1
786,1594,787,2,1
787,1586,809,3,0
787,1592,809,3,0
789,1592,811,3,0
790,1588,812,3,0
790,1590,812,3,0
791,1591,790,1,2
792,1591,813,3,2
793,1593,771,0,3
794,1585,772,0,3
794,1590,795,2,1
797,1586,798,2,1
801,1584,802,2,1
801,1585,779,0,3
804,1589,805,2,1
809,1586,831,3,0
809,1587,810,2,1
809,1592,831,3,0
812,1588,834,3,0
812,1590,834,3,0
813,1591,812,1,2
816,1585,794,0,3
816,1590,817,2,1
818,1584,817,1,2
819,1586,820,2,1
822,1584,823,2,1
823,1585,801,0,3
823,1591,824,2,1
825,1591,847,3,0
826,1589,827,2,1
826,1591,848,3,0
827,1591,849,3,0
829,1584,830,2,1
830,1594,831,2,1
831,1586,853,3,0
831,1592,853,3,0
833,1591,855,3,0
834,1588,856,3,0
834,1590,856,3,0
838,1585,816,0,3
838,1590,839,2,1
838,1593,816,0,3
840,1584,839,1,2
841,1586,842,2,1
844,1584,845,2,1
845,1585,823,0,3
848,1589,849,2,1
851,1587,873,3,0
853,1586,875,3,0
853,1592,875,3,0
854,1587,855,2,1
856,1588,878,3,0
856,1590,878,3,0
860,1585,838,0,3
860,1590,861,2,1
861,1593,839,0,3
863,1586,864,2,1
867,1585,845,0,3
870,1589,871,2,1
873,1584,874,2,1
874,1594,875,2,1
875,1586,897,3,0
875,1592,897,3,0
877,1587,878,2,1
878,1588,900,3,0
878,1590,900,3,0
880,1592,902,2,0
882,1585,860,0,3
882,1590,883,2,1
885,1586,886,2,1
888,1593,889,2,1
889,1585,867,0,3
891,1592,913,3,0
892,1589,893,2,1
894,1587,916,3,0
894,1591,895,2,1
897,1586,919,3,0
897,1592,919,3,0
900,1588,922,3,0
900,1590,922,3,0
904,1585,882,0,3
904,1590,905,2,1
907,1586,908,2,1
911,1585,889,0,3
914,1589,915,2,1
915,1587,937,3,0
916,1591,917,2,1
917,1584,918,2,1
918,1594,919,2,1
919,1586,941,3,0
919,1592,941,3,0
922,1588,944,3,0
922,1590,944,3,0
924,1595,945,3,2
925,1592,924,1,1
926,1585,904,0,3
926,1590,927,2,1
929,1586,930,2,1
933,1585,911,0,3
934,1592,935,2,1
936,1589,937,2,1
938,1591,939,2,1
941,1586,963,3,0
941,1592,963,3,0
941,1595,940,1,2
942,1595,941,1,2
943,1595,942,1,2
944,1588,966,3,0
944,1590,966,3,0
944,1595,943,1,2
945,1595,944,1,2
946,1590,968,2,0
948,1585,926,0,3
948,1590,949,2,1
951,1586,952,2,1
952,1593,953,2,1
955,1585,933,0,3
957,1586,979,3,0
957,1590,979,3,0
958,1586,980,3,0
958,1587,980,3,0
958,1589,959,2,1
958,1590,980,3,0
959,1590,981,3,0
960,1591,961,2,1
961,1584,962,2,1
963,1592,985,3,0
963,1595,962,1,2
966,1588,988,3,0
966,1590,988,3,0
967,1590,989,3,0
968,1584,989,3,2
970,1585,948,0,3
970,1590,971,2,1
970,1592,969,1,2
973,1586,974,2,1
974,1594,975,2,1
977,1585,955,0,3
977,1592,978,2,1
979,1586,1001,3,0
979,1590,1001,3,0
979,1594,1001,3,0
980,1586,1002,3,0
980,1589,981,2,1
980,1590,1002,3,0
980,1594,1002,3,0
981,1585,1003,3,0
981,1586,1003,3,0
981,1594,1003,3,0
982,1586,1004,3,0
982,1591,983,2,1
982,1594,1004,3,0
983,1586,1005,3,0
983,1594,1005,3,0
984,1594,1006,3,0
985,1592,1007,3,0
987,1584,1584,4,0
988,1584,987,1,2
988,1585,1010,3,0
988,1588,1010,3,0
989,1584,988,1,2
990,1586,968,0,2
990,1594,968,0,2
992,1585,970,0,3
993,1592,992,1,2
995,1586,996,2,1
996,1594,997,2,1
998,1592,999,2,1
999,1585,977,0,3
1001,1584,1002,2,1
1001,1587,1023,3,0
1001,1590,1002,2,1
1002,1584,1003,2,1
1002,1585,1024,3,0
1002,1589,1003,2,1
1002,1590,1590,4,0
1003,1584,1004,2,1
1004,1584,1005,2,1
1004,1591,1005,2,1
1005,1584,1006,2,1
1005,1586,1586,4,0
1006,1586,984,0,3
1006,1594,1594,4,0
1007,1592,1029,3,0
1007,1594,985,0,3
1008,1584,1584,4,0
1008,1586,986,0,3
1008,1594,986,0,3
1009,1586,987,0,3
1009,1594,987,0,3
1010,1585,1032,3,0
1010,1586,988,0,3
1010,1588,1032,3,0
1010,1590,1032,3,0
1010,1594,988,0,3
1011,1586,989,0,3
1011,1594,989,0,3
1012,1585,990,0,2
1012,1586,990,0,2
1012,1594,990,0,2
1014,1585,992,0,3
1017,1586,1018,2,1
1018,1594,1019,2,1
1021,1585,999,0,3
1023,1584,1001,0,3
1023,1586,1001,0,3
1023,1590,1001,0,3
1023,1594,1001,0,3
1024,1584,1002,0,3
1024,1585,1046,3,0
1024,1586,1002,0,3
1024,1589,1025,2,1
1024,1590,1002,0,3
1024,1594,1002,0,3
1025,1584,1003,0,3
1025,1586,1003,0,3
1025,1594,1003,0,3
1026,1584,1004,0,3
1026,1586,1004,0,3
1026,1591,1027,2,1
1026,1594,1004,0,3
1027,1584,1028,2,1
1027,1586,1005,0,3
1027,1594,1005,0,3
1028,1586,1006,0,3
1028,1594,1006,0,3
1029,1586,1007,0,3
1029,1592,1051,3,0
1029,1594,1007,0,3
1029,1595,1007,0,3
1030,1584,1008,0,3
1030,1586,1008,0,3
1030,1594,1008,0,3
1031,1586,1009,0,3
1031,1594,1009,0,3
1032,1585,1054,3,0
1032,1586,1010,0,3
1032,1588,1054,3,0
1032,1594,1010,0,3
1033,1586,1011,0,3
1033,1594,1011,0,3
1036,1585,1014,0,3
1039,1586,1040,2,1
1040,1594,1041,2,1
1043,1585,1021,0,3
1044,1587,1045,2,1
1045,1585,1067,3,0
1046,1589,1047,2,1
1048,1591,1049,2,1
1051,1586,1029,0,3
1051,1592,1073,3,0
1051,1595,1029,0,3
1054,1585,1076,3,0
1054,1588,1076,3,0
1056,1590,1077,3,2
1057,1585,1035,0,3
1058,1585,1036,0,3
1061,1586,1062,2,1
1062,1594,1063,2,1
1065,1585,1043,0,3
1067,1584,1068,2,1
1068,1584,1069,2,1
1068,1589,1069,2,1
1069,1584,1070,2,1
1069,1590,1068,1,2
1070,1584,1071,2,1
1070,1591,1071,2,1
1071,1584,1072,2,1
1073,1586,1051,0,3
1073,1592,1095,3,0
1073,1595,1051,0,3
1074,1584,1584,4,0
1075,1584,1074,1,2
1076,1585,1098,3,0
1076,1588,1098,3,0
1077,1590,1076,1,2
1078,1590,1100,2,0
1079,1590,1080,2,1
1080,1585,1058,0,3
1083,1586,1084,2,1
1084,1594,1085,2,1
1087,1585,1065,0,3
1088,1585,1089,2,1
1089,1590,1111,3,0
1090,1589,1091,2,1
1090,1590,1112,3,0
1092,1591,1093,2,1
1093,1584,1094,2,1
1095,1586,1073,0,3
1095,1592,1117,3,0
1095,1595,1073,0,3
1098,1585,1120,3,0
1098,1588,1120,3,0
1099,1590,1121,3,0
1102,1585,1103,2,1
1105,1586,1106,2,1
1106,1594,1107,2,1
1106,1595,1107,2,1
1108,1587,1109,2,1
1112,1589,1113,2,1
1114,1591,1115,2,1
1115,1584,1116,2,1
1117,1586,1095,0,3
1117,1592,1139,3,0
1117,1595,1095,0,3
1120,1585,1142,3,0
1120,1588,1142,3,0
1122,1588,1143,3,2
1122,1590,1100,0,2
1124,1585,1125,2,1
1126,1587,1104,0,3
1127,1586,1128,2,1
1128,1594,1129,2,1
1133,1588,1134,2,1
1134,1588,1135,2,1
1134,1589,1135,2,1
1134,1590,1112,0,3
1135,1588,1588,4,0
1136,1591,1137,2,1
1137,1584,1138,2,1
1139,1586,1117,0,3
1139,1592,1161,3,0
1139,1595,1117,0,3
1142,1585,1164,3,0
1143,1588,1142,1,2
1144,1588,1122,0,2
1144,1590,1122,0,2
1144,1593,1166,2,0
1146,1585,1147,2,1
1149,1586,1150,2,1
1150,1594,1151,2,1
1151,1587,1152,2,1
1155,1588,1133,0,3
1156,1588,1134,0,3
1156,1589,1157,2,1
1156,1590,1134,0,3
1157,1588,1135,0,3
1158,1591,1159,2,1
1159,1584,1160,2,1
1161,1586,1139,0,3
1161,1592,1183,3,0
1161,1593,1183,3,0
1161,1595,1139,0,3
1162,1593,1184,3,0
1163,1593,1185,3,0
1164,1585,1186,3,0
1164,1588,1142,0,3
1164,1593,1186,3,0
1165,1588,1143,0,3
1165,1590,1143,0,3
1165,1593,1187,3,0
1166,1590,1187,3,2
1166,1593,1187,3,2
1168,1585,1169,2,1
1169,1595,1168,1,2
1171,1586,1172,2,1
1172,1586,1173,2,1
1172,1587,1173,2,1
1172,1594,1173,2,1
1173,1586,1174,2,1
1174,1595,1175,2,1
1177,1588,1199,3,0
1178,1589,1179,2,1
1178,1590,1177,1,2
1180,1591,1181,2,1
1181,1584,1182,2,1
1183,1586,1161,0,3
1183,1592,1205,3,0
1183,1593,1182,1,2
1183,1595,1161,0,3
1184,1593,1183,1,2
1185,1593,1184,1,2
1186,1585,1208,3,0
1186,1593,1185,1,2
1187,1593,1186,1,2
1188,1590,1210,2,0
1190,1585,1191,2,1
1190,1588,1191,2,1
1192,1586,1214,3,0
1194,1587,1195,2,1
1194,1594,1195,2,1
1198,1590,1220,3,0
1199,1588,1221,3,0
1200,1588,1222,3,0
1200,1589,1201,2,1
1202,1591,1203,2,1
1203,1584,1204,2,1
1205,1586,1183,0,3
1205,1592,1227,3,0
1205,1595,1183,0,3
1208,1585,1230,3,0
1210,1588,1232,2,0
1210,1590,1211,1,1
1210,1593,1188,0,2
1211,1590,1212,2,1
1212,1585,1213,2,1
1216,1587,1217,2,1
1217,1594,1218,2,1
1218,1586,1219,2,1
1220,1590,1590,4,0
1221,1588,1222,2,1
1221,1593,1199,0,3
1222,1588,1588,4,0
1222,1589,1223,2,1
1222,1593,1200,0,3
1223,1588,1245,3,0
1223,1593,1201,0,3
1224,1591,1225,2,1
1224,1593,1202,0,3
1225,1584,1226,2,1
1225,1593,1203,0,3
1226,1593,1204,0,3
1227,1586,1205,0,3
1227,1592,1249,3,0
1227,1595,1205,0,3
1228,1593,1206,0,3
1229,1593,1207,0,3
1230,1585,1252,3,0
1230,1588,1252,3,0
1230,1593,1208,0,3
1231,1588,1253,3,0
1231,1593,1209,0,3
1232,1590,1210,0,2
1233,1590,1211,0,3
1234,1585,1235,2,1
1235,1586,1257,3,0
1238,1587,1239,2,1
1242,1590,1220,0,3
1243,1588,1221,0,3
1244,1588,1222,0,3
1244,1589,1245,2,1
1246,1591,1247,2,1
1247,1584,1248,2,1
1249,1586,1227,0,3
1249,1592,1271,3,0
1249,1593,1227,0,3
1249,1595,1227,0,3
1252,1585,1274,3,0
1256,1585,1257,2,1
1256,1586,1278,3,0
1260,1587,1261,2,1
1262,1594,1263,2,1
1266,1589,1267,2,1
1268,1591,1269,2,1
1269,1584,1270,2,1
1271,1586,1249,0,3
1271,1592,1293,3,0
1271,1593,1249,0,3
1271,1595,1249,0,3
1274,1585,1296,3,0
1276,1592,1297,3,2
1278,1585,1279,2,1
1279,1594,1301,3,0
1282,1587,1283,2,1
1287,1588,1288,2,1
1287,1590,1286,1,2
1287,1592,1288,2,1
1288,1588,1588,4,0
1288,1589,1289,2,1
1288,1592,1289,2,1
1289,1588,1288,1,2
1289,1592,1290,2,1
1290,1591,1291,2,1
1290,1592,1291,2,1
1291,1584,1292,2,1
1291,1592,1292,2,1
1292,1592,1592,4,0
1293,1586,1271,0,3
1293,1593,1271,0,3
1293,1595,1271,0,3
1294,1592,1293,1,2
1295,1592,1294,1,2
1296,1585,1318,3,0
1296,1592,1295,1,2
1297,1590,1276,2,3
1297,1592,1296,1,2
1298,1588,1320,2,0
1298,1590,1320,2,0
1299,1586,1321,3,0
1299,1588,1300,2,1
1299,1590,1321,3,0
1300,1585,1301,2,1
1300,1590,1322,3,0
1300,1594,1322,3,0
1304,1587,1305,2,1
1307,1590,1329,3,0
1308,1589,1307,1,2
1309,1588,1331,3,0
1310,1588,1332,3,0
1310,1589,1311,2,1
1312,1591,1313,2,1
1313,1584,1314,2,1
1315,1586,1293,0,3
1315,1593,1293,0,3
1315,1595,1293,0,3
1318,1585,1340,3,0
1319,1588,1341,3,0
1321,1588,1322,2,1
1322,1585,1323,2,1
1322,1589,1321,1,2
1322,1590,1323,2,1
1325,1592,1326,2,1
1326,1587,1327,2,1
1330,1589,1329,1,2
1331,1586,1309,0,3
1331,1588,1353,3,0
1331,1592,1353,3,0
1332,1589,1333,2,1
1332,1592,1354,3,0
1333,1592,1355,3,0
1334,1591,1335,2,1
1334,1592,1356,3,0
1335,1584,1336,2,1
1335,1592,1357,3,0
1337,1586,1315,0,3
1337,1593,1315,0,3
1337,1595,1315,0,3
1340,1585,1362,3,0
1342,1586,1364,2,0
1342,1587,1364,2,0
1343,1594,1365,3,0
1344,1585,1345,2,1
1344,1589,1343,1,2
1347,1592,1348,2,1
1348,1587,1349,2,1
1352,1589,1351,1,2
1352,1590,1330,0,3
1353,1587,1375,3,0
1353,1588,1588,4,0
1353,1589,1331,0,3
1353,1590,1331,0,3
1353,1592,1354,2,1
1354,1587,1376,3,0
1354,1589,1355,2,1
1354,1592,1355,2,1
1355,1587,1377,3,0
1355,1592,1356,2,1
1356,1587,1378,3,0
1356,1591,1357,2,1
1356,1592,1357,2,1
1357,1584,1358,2,1
1357,1587,1379,3,0
1357,1592,1592,4,0
1358,1587,1380,3,0
1359,1586,1337,0,3
1359,1587,1381,3,0
1359,1593,1337,0,3
1359,1595,1337,0,3
1360,1587,1382,3,0
1361,1587,1383,3,0
1362,1585,1384,3,0
1362,1587,1384,3,0
1363,1587,1385,3,0
1366,1585,1367,2,1
1366,1589,1365,1,2
1369,1592,1370,2,1
1374,1589,1373,1,2
1374,1590,1352,0,3
1375,1588,1353,0,3
1375,1589,1353,0,3
1375,1590,1353,0,3
1375,1594,1353,0,3
1376,1586,1354,0,3
1376,1589,1377,2,1
1378,1591,1379,2,1
1379,1584,1380,2,1
1381,1586,1359,0,3
1381,1592,1359,0,3
1381,1593,1359,0,3
1381,1595,1359,0,3
1384,1585,1406,3,0
1385,1588,1363,0,3
1386,1587,1364,0,2
1386,1588,1408,2,0
1386,1594,1408,2,0
1388,1585,1389,2,1
1388,1589,1387,1,2
1391,1592,1392,2,1
1393,1593,1394,2,1
1396,1589,1395,1,2
1396,1590,1395,1,2
1397,1588,1419,3,0
1397,1590,1396,1,2
1398,1589,1399,2,1
1400,1591,1401,2,1
1401,1584,1402,2,1
1403,1586,1381,0,3
1403,1587,1381,0,3
1403,1592,1381,0,3
1403,1593,1381,0,3
1403,1595,1381,0,3
1404,1587,1382,0,3
1405,1587,1383,0,3
1406,1585,1428,3,0
1406,1587,1384,0,3
1406,1590,1407,2,1
1407,1586,1386,2,3
1407,1587,1385,0,3
1408,1587,1386,0,2
1410,1585,1411,2,1
1410,1589,1409,1,2
1412,1593,1434,3,0
1413,1592,1414,2,1
1418,1589,1417,1,2
1420,1589,1421,2,1
1420,1594,1398,0,3
1421,1586,1399,0,3
1422,1591,1423,2,1
1423,1584,1424,2,1
1425,1586,1403,0,3
1425,1587,1403,0,3
1425,1592,1403,0,3
1425,1593,1403,0,3
1425,1595,1403,0,3
1426,1587,1404,0,3
1427,1587,1405,0,3
1428,1585,1450,3,0
1428,1587,1406,0,3
1428,1590,1429,2,1
1429,1587,1407,0,3
1432,1585,1433,2,1
1432,1589,1431,1,2
1435,1592,1436,2,1
1438,1593,1439,2,1
1440,1589,1439,1,2
1441,1588,1419,0,3
1442,1589,1443,2,1
1444,1586,1422,0,3
1444,1591,1445,2,1
1445,1584,1446,2,1
1445,1595,1423,0,3
1447,1586,1425,0,3
1447,1592,1425,0,3
1447,1593,1425,0,3
1447,1595,1425,0,3
1448,1595,1426,0,3
1450,1585,1472,3,0
1450,1590,1451,2,1
1451,1594,1430,2,3
1453,1588,1454,2,1
1454,1585,1455,2,1
1454,1589,1453,1,2
1457,1592,1458,2,1
1462,1589,1461,1,2
1463,1588,1441,0,3
1464,1589,1465,2,1
1465,1594,1443,0,3
1466,1591,1467,2,1
1467,1584,1468,2,1
1469,1586,1447,0,3
1469,1592,1447,0,3
1469,1593,1447,0,3
1469,1595,1447,0,3
1471,1586,1472,2,1
1472,1585,1494,3,0
1472,1590,1473,2,1
1476,1585,1477,2,1
1476,1589,1475,1,2
1476,1593,1498,3,0
1479,1592,1480,2,1
1484,1589,1483,1,2
1485,1588,1484,1,2
1486,1589,1487,2,1
1488,1591,1489,2,1
1488,1594,1466,0,3
1489,1584,1490,2,1
1489,1586,1467,0,3
1491,1586,1469,0,3
1491,1592,1469,0,3
1491,1593,1469,0,3
1494,1585,1516,3,0
1494,1590,1495,2,1
1495,1588,1474,2,3
1496,1588,1518,2,0
1497,1588,1519,3,0
1498,1585,1499,2,1
1498,1589,1497,1,2
1501,1592,1502,2,1
1505,1588,1527,3,0
1506,1589,1505,1,2
1506,1593,1507,2,1
1507,1588,1506,1,2
1508,1589,1509,2,1
1511,1584,1512,2,1
1512,1586,1511,1,2
1513,1592,1491,0,3
1513,1593,1491,0,3
1514,1586,1515,2,1
1515,1594,1516,2,1
1516,1585,1538,3,0
1516,1590,1517,2,1
1517,1588,1496,2,3
1518,1588,1519,1,1
1519,1588,1520,2,1
1520,1585,1521,2,1
1520,1588,1521,2,1
1520,1589,1519,1,2
1522,1592,1544,3,0
1525,1592,1526,2,1
1527,1588,1588,4,0
1528,1588,1550,3,0
1528,1589,1527,1,2
1529,1588,1551,3,0
1530,1589,1531,2,1
1533,1584,1534,2,1
1533,1594,1511,0,3
1535,1592,1513,0,3
1535,1593,1513,0,3
1536,1594,1537,2,1
1538,1585,1560,3,0
1538,1590,1539,2,1
1540,1588,1518,0,2
1541,1588,1519,0,3
1542,1585,1543,2,1
1542,1588,1520,0,3
1542,1589,1541,1,2
1548,1592,1549,2,1
1549,1588,1527,0,3
1550,1589,1549,1,2
1551,1593,1529,0,3
1552,1589,1553,2,1
1555,1584,1556,2,1
1557,1592,1535,0,3
1557,1593,1535,0,3
1558,1594,1559,2,1
1560,1585,1582,3,0
1560,1590,1561,2,1
1564,1585,1565,2,1
1564,1589,1563,1,2
1565,1592,3,3,3
1570,1592,1571,2,1
1572,1588,1550,0,3
1572,1589,1571,1,2
1573,1588,1551,0,3
1574,1589,1575,2,1
1577,1584,1578,2,1
1579,1592,1557,0,3
1579,1593,1557,0,3
1579,1594,1580,2,1
1582,1585,20,3,3
1582,1590,1583,2,1
1584,1585,400,0,4
1584,1586,1008,0,4
1584,1587,400,0,4
1584,1588,1074,0,4
1584,1589,421,0,4
1584,1590,1008,0,4
1584,1591,421,0,4
1584,1592,400,0,4
1584,1594,1008,0,4
1584,1595,1008,0,4
1585,1584,427,0,4
1585,1586,78,0,4
1585,1587,427,0,4
1585,1588,78,0,4
1585,1589,427,0,4
1585,1590,78,0,4
1585,1591,362,0,4
1585,1592,427,0,4
1585,1594,165,0,4
1585,1595,78,0,4
1586,1584,984,0,4
1586,1585,95,0,4
1586,1587,984,0,4
1586,1589,962,0,4
1586,1590,1005,0,4
1586,1592,138,0,4
1586,1593,984,0,4
1586,1594,984,0,4
1587,1586,1402,0,4
1587,1592,1402,0,4
1587,1593,1402,0,4
1587,1594,599,0,4
1587,1595,1402,0,4
1588,1584,1135,0,4
1588,1585,53,0,4
1588,1587,1419,0,4
1588,1590,1222,0,4
1588,1591,1135,0,4
1588,1592,1332,0,4
1588,1593,1201,0,4
1589,1584,419,0,4
1589,1585,419,0,4
1589,1586,769,0,4
1589,1587,594,0,4
1589,1588,419,0,4
1589,1591,419,0,4
1589,1592,463,0,4
1589,1593,419,0,4
1589,1594,769,0,4
1590,1585,1395,0,4
1590,1586,1025,0,4
1590,1587,1395,0,4
1590,1589,981,0,4
1590,1591,981,0,4
1590,1593,1199,0,4
1590,1594,1025,0,4
1590,1595,981,0,4
1591,1584,442,0,4
1591,1588,877,0,4
1591,1589,442,0,4
1591,1594,877,0,4
1592,1584,424,0,4
1592,1586,424,0,4
1592,1588,1357,0,4
1592,1590,1357,0,4
1592,1591,424,0,4
1592,1593,424,0,4
1592,1594,424,0,4
1592,1595,424,0,4
1593,1584,358,0,4
1593,1585,336,0,4
1593,1587,1204,0,4
1593,1588,1204,0,4
1593,1589,358,0,4
1593,1590,1204,0,4
1593,1592,358,0,4
1594,1584,985,0,4
1594,1585,182,0,4
1594,1586,1006,0,4
1594,1587,225,0,4
1594,1589,963,0,4
1594,1590,1006,0,4
1594,1591,963,0,4
1594,1592,225,0,4
1594,1593,225,0,4
1595,1584,940,0,4
1595,1585,72,0,4
1595,1594,940,0,4
