797,0,775,0,3
808,0,786,0,3
809,0,831,3,0
811,0,833,3,0
812,0,834,3,0
797,1,775,0,3
808,1,786,0,3
809,1,831,3,0
811,1,833,3,0
812,1,834,3,0
797,2,775,0,3
808,2,786,0,3
809,2,831,3,0
811,2,833,3,0
797,3,775,0,3
808,3,786,0,3
809,3,831,3,0
797,4,775,0,3
808,4,786,0,3
809,4,831,3,0
797,5,775,0,3
808,5,786,0,3
797,6,775,0,3
798,6,776,0,3
808,6,786,0,3
797,7,775,0,3
798,7,776,0,3
807,7,829,3,0
808,7,786,0,3
797,8,775,0,3
798,8,776,0,3
800,8,778,0,3
806,8,784,0,3
807,8,829,3,0
808,8,786,0,3
797,9,775,0,3
798,9,776,0,3
800,9,778,0,3
801,9,823,3,0
806,9,784,0,3
807,9,829,3,0
808,9,786,0,3
797,10,775,0,3
798,10,776,0,3
800,10,778,0,3
801,10,823,3,0
804,10,826,3,0
806,10,784,0,3
807,10,829,3,0
808,10,786,0,3
797,11,775,0,3
798,11,776,0,3
800,11,778,0,3
801,11,823,3,0
803,11,825,3,0
804,11,826,3,0
806,11,784,0,3
807,11,829,3,0
808,11,786,0,3
797,12,775,0,3
798,12,776,0,3
800,12,778,0,3
801,12,823,3,0
804,12,826,3,0
806,12,784,0,3
807,12,829,3,0
808,12,786,0,3
797,13,775,0,3
798,13,776,0,3
800,13,778,0,3
806,13,784,0,3
807,13,829,3,0
808,13,786,0,3
797,14,775,0,3
798,14,776,0,3
806,14,784,0,3
807,14,829,3,0
808,14,786,0,3
797,15,775,0,3
807,15,829,3,0
808,15,786,0,3
808,16,786,0,3
797,17,775,0,3
808,17,786,0,3
809,17,831,3,0
797,18,775,0,3
808,18,786,0,3
809,18,831,3,0
797,19,775,0,3
808,19,786,0,3
809,19,831,3,0
811,19,833,3,0
797,20,775,0,3
808,20,786,0,3
809,20,831,3,0
811,20,833,3,0
812,20,834,3,0
797,21,775,0,3
808,21,786,0,3
809,21,831,3,0
811,21,833,3,0
812,21,834,3,0
815,22,837,3,0
818,22,840,3,0
819,22,797,0,3
830,22,808,0,3
831,22,853,3,0
833,22,855,3,0
834,22,856,3,0
815,23,837,3,0
818,23,840,3,0
819,23,797,0,3
830,23,808,0,3
831,23,853,3,0
833,23,855,3,0
834,23,856,3,0
818,24,840,3,0
819,24,797,0,3
830,24,808,0,3
831,24,853,3,0
833,24,855,3,0
818,25,840,3,0
819,25,797,0,3
830,25,808,0,3
831,25,853,3,0
818,26,840,3,0
819,26,797,0,3
830,26,808,0,3
831,26,853,3,0
819,27,797,0,3
830,27,808,0,3
819,28,797,0,3
820,28,798,0,3
830,28,808,0,3
819,29,797,0,3
820,29,798,0,3
821,29,799,0,3
829,29,851,3,0
830,29,808,0,3
819,30,797,0,3
820,30,798,0,3
821,30,799,0,3
822,30,800,0,3
828,30,806,0,3
829,30,851,3,0
830,30,808,0,3
819,31,797,0,3
820,31,798,0,3
821,31,799,0,3
822,31,800,0,3
823,31,845,3,0
828,31,806,0,3
829,31,851,3,0
830,31,808,0,3
819,32,797,0,3
820,32,798,0,3
821,32,799,0,3
822,32,800,0,3
823,32,845,3,0
826,32,848,3,0
828,32,806,0,3
829,32,851,3,0
830,32,808,0,3
819,33,797,0,3
820,33,798,0,3
821,33,799,0,3
822,33,800,0,3
823,33,845,3,0
825,33,847,3,0
826,33,848,3,0
828,33,806,0,3
829,33,851,3,0
830,33,808,0,3
819,34,797,0,3
820,34,798,0,3
821,34,799,0,3
822,34,800,0,3
823,34,845,3,0
826,34,848,3,0
828,34,806,0,3
829,34,851,3,0
830,34,808,0,3
819,35,797,0,3
820,35,798,0,3
821,35,799,0,3
822,35,800,0,3
828,35,806,0,3
829,35,851,3,0
830,35,808,0,3
819,36,797,0,3
820,36,798,0,3
821,36,799,0,3
828,36,806,0,3
829,36,851,3,0
830,36,808,0,3
819,37,797,0,3
820,37,798,0,3
829,37,851,3,0
830,37,808,0,3
830,38,808,0,3
819,39,797,0,3
830,39,808,0,3
831,39,853,3,0
818,40,840,3,0
819,40,797,0,3
830,40,808,0,3
831,40,853,3,0
818,41,840,3,0
819,41,797,0,3
830,41,808,0,3
831,41,853,3,0
833,41,855,3,0
818,42,840,3,0
819,42,797,0,3
830,42,808,0,3
831,42,853,3,0
833,42,855,3,0
834,42,856,3,0
815,43,837,3,0
818,43,840,3,0
819,43,797,0,3
830,43,808,0,3
831,43,853,3,0
833,43,855,3,0
834,43,856,3,0
837,44,859,3,0
840,44,862,3,0
852,44,830,0,3
853,44,875,3,0
855,44,877,3,0
856,44,878,3,0
837,45,859,3,0
840,45,862,3,0
852,45,830,0,3
853,45,875,3,0
855,45,877,3,0
856,45,878,3,0
840,46,862,3,0
852,46,830,0,3
853,46,875,3,0
855,46,877,3,0
840,47,862,3,0
852,47,830,0,3
853,47,875,3,0
840,48,862,3,0
852,48,830,0,3
853,48,875,3,0
852,49,830,0,3
852,50,830,0,3
851,51,873,3,0
852,51,830,0,3
844,52,822,0,3
850,52,828,0,3
851,52,873,3,0
852,52,830,0,3
844,53,822,0,3
845,53,867,3,0
850,53,828,0,3
851,53,873,3,0
852,53,830,0,3
844,54,822,0,3
845,54,867,3,0
848,54,870,3,0
850,54,828,0,3
851,54,873,3,0
852,54,830,0,3
844,55,822,0,3
845,55,867,3,0
847,55,869,3,0
848,55,870,3,0
850,55,828,0,3
851,55,873,3,0
852,55,830,0,3
844,56,822,0,3
845,56,867,3,0
848,56,870,3,0
850,56,828,0,3
851,56,873,3,0
852,56,830,0,3
844,57,822,0,3
850,57,828,0,3
851,57,873,3,0
852,57,830,0,3
850,58,828,0,3
851,58,873,3,0
852,58,830,0,3
851,59,873,3,0
852,59,830,0,3
852,60,830,0,3
852,61,830,0,3
853,61,875,3,0
840,62,862,3,0
852,62,830,0,3
853,62,875,3,0
840,63,862,3,0
852,63,830,0,3
853,63,875,3,0
855,63,877,3,0
840,64,862,3,0
852,64,830,0,3
853,64,875,3,0
855,64,877,3,0
856,64,878,3,0
837,65,859,3,0
840,65,862,3,0
852,65,830,0,3
853,65,875,3,0
855,65,877,3,0
856,65,878,3,0
858,66,880,2,0
859,66,881,3,0
862,66,884,3,0
874,66,852,0,3
875,66,897,3,0
877,66,899,3,0
878,66,900,3,0
859,67,881,3,0
862,67,884,3,0
874,67,852,0,3
875,67,897,3,0
877,67,899,3,0
878,67,900,3,0
862,68,884,3,0
874,68,852,0,3
875,68,897,3,0
877,68,899,3,0
862,69,884,3,0
874,69,852,0,3
875,69,897,3,0
862,70,884,3,0
874,70,852,0,3
875,70,897,3,0
874,71,852,0,3
874,72,852,0,3
873,73,895,3,0
874,73,852,0,3
866,74,844,0,3
872,74,850,0,3
873,74,895,3,0
874,74,852,0,3
866,75,844,0,3
867,75,889,3,0
872,75,850,0,3
873,75,895,3,0
874,75,852,0,3
866,76,844,0,3
867,76,889,3,0
870,76,892,3,0
872,76,850,0,3
873,76,895,3,0
874,76,852,0,3
866,77,844,0,3
867,77,889,3,0
869,77,891,3,0
870,77,892,3,0
872,77,850,0,3
873,77,895,3,0
874,77,852,0,3
866,78,844,0,3
867,78,889,3,0
870,78,892,3,0
872,78,850,0,3
873,78,895,3,0
874,78,852,0,3
866,79,844,0,3
872,79,850,0,3
873,79,895,3,0
874,79,852,0,3
872,80,850,0,3
873,80,895,3,0
874,80,852,0,3
873,81,895,3,0
874,81,852,0,3
874,82,852,0,3
874,83,852,0,3
875,83,897,3,0
862,84,884,3,0
874,84,852,0,3
875,84,897,3,0
862,85,884,3,0
874,85,852,0,3
875,85,897,3,0
877,85,899,3,0
862,86,884,3,0
874,86,852,0,3
875,86,897,3,0
877,86,899,3,0
878,86,900,3,0
859,87,881,3,0
862,87,884,3,0
874,87,852,0,3
875,87,897,3,0
877,87,899,3,0
878,87,900,3,0
880,88,902,2,0
881,88,903,3,0
882,88,860,0,3
883,88,905,3,0
884,88,906,3,0
896,88,874,0,3
899,88,921,3,0
900,88,922,3,0
881,89,903,3,0
882,89,860,0,3
883,89,905,3,0
884,89,906,3,0
896,89,874,0,3
899,89,921,3,0
900,89,922,3,0
882,90,860,0,3
883,90,905,3,0
884,90,906,3,0
896,90,874,0,3
899,90,921,3,0
883,91,905,3,0
884,91,906,3,0
896,91,874,0,3
884,92,906,3,0
896,92,874,0,3
896,93,874,0,3
896,94,874,0,3
895,95,917,3,0
896,95,874,0,3
888,96,866,0,3
894,96,872,0,3
895,96,917,3,0
896,96,874,0,3
888,97,866,0,3
889,97,911,3,0
894,97,872,0,3
895,97,917,3,0
896,97,874,0,3
888,98,866,0,3
889,98,911,3,0
892,98,914,3,0
894,98,872,0,3
895,98,917,3,0
896,98,874,0,3
888,99,866,0,3
889,99,911,3,0
891,99,913,3,0
892,99,914,3,0
894,99,872,0,3
895,99,917,3,0
896,99,874,0,3
888,100,866,0,3
889,100,911,3,0
892,100,914,3,0
894,100,872,0,3
895,100,917,3,0
896,100,874,0,3
888,101,866,0,3
894,101,872,0,3
895,101,917,3,0
896,101,874,0,3
894,102,872,0,3
895,102,917,3,0
896,102,874,0,3
895,103,917,3,0
896,103,874,0,3
896,104,874,0,3
896,105,874,0,3
884,106,906,3,0
896,106,874,0,3
883,107,905,3,0
884,107,906,3,0
896,107,874,0,3
899,107,921,3,0
882,108,860,0,3
883,108,905,3,0
884,108,906,3,0
896,108,874,0,3
899,108,921,3,0
900,108,922,3,0
881,109,903,3,0
882,109,860,0,3
883,109,905,3,0
884,109,906,3,0
896,109,874,0,3
899,109,921,3,0
900,109,922,3,0
902,110,924,2,0
903,110,925,3,0
904,110,882,0,3
905,110,927,3,0
906,110,928,3,0
918,110,896,0,3
921,110,943,3,0
922,110,944,3,0
903,111,925,3,0
904,111,882,0,3
905,111,927,3,0
906,111,928,3,0
918,111,896,0,3
921,111,943,3,0
922,111,944,3,0
904,112,882,0,3
905,112,927,3,0
906,112,928,3,0
918,112,896,0,3
921,112,943,3,0
905,113,927,3,0
906,113,928,3,0
918,113,896,0,3
906,114,928,3,0
918,114,896,0,3
918,115,896,0,3
918,116,896,0,3
917,117,939,3,0
918,117,896,0,3
910,118,888,0,3
916,118,894,0,3
917,118,939,3,0
918,118,896,0,3
910,119,888,0,3
911,119,933,3,0
916,119,894,0,3
917,119,939,3,0
918,119,896,0,3
910,120,888,0,3
911,120,933,3,0
914,120,936,3,0
916,120,894,0,3
917,120,939,3,0
918,120,896,0,3
910,121,888,0,3
911,121,933,3,0
914,121,936,3,0
916,121,894,0,3
917,121,939,3,0
918,121,896,0,3
910,122,888,0,3
911,122,933,3,0
914,122,936,3,0
916,122,894,0,3
917,122,939,3,0
918,122,896,0,3
910,123,888,0,3
916,123,894,0,3
917,123,939,3,0
918,123,896,0,3
916,124,894,0,3
917,124,939,3,0
918,124,896,0,3
917,125,939,3,0
918,125,896,0,3
918,126,896,0,3
918,127,896,0,3
906,128,928,3,0
918,128,896,0,3
905,129,927,3,0
906,129,928,3,0
918,129,896,0,3
921,129,943,3,0
904,130,882,0,3
905,130,927,3,0
906,130,928,3,0
918,130,896,0,3
921,130,943,3,0
922,130,944,3,0
903,131,925,3,0
904,131,882,0,3
905,131,927,3,0
906,131,928,3,0
918,131,896,0,3
921,131,943,3,0
922,131,944,3,0
924,132,946,2,0
925,132,947,3,0
927,132,949,3,0
928,132,950,3,0
941,132,963,3,0
944,132,966,3,0
925,133,947,3,0
927,133,949,3,0
928,133,950,3,0
941,133,963,3,0
944,133,966,3,0
927,134,949,3,0
928,134,950,3,0
941,134,963,3,0
927,135,949,3,0
928,135,950,3,0
941,135,963,3,0
928,136,950,3,0
941,136,963,3,0
939,139,961,3,0
938,140,916,0,3
939,140,961,3,0
933,141,955,3,0
937,141,959,3,0
938,141,916,0,3
939,141,961,3,0
933,142,955,3,0
934,142,912,0,3
936,142,958,3,0
937,142,959,3,0
938,142,916,0,3
939,142,961,3,0
933,143,955,3,0
934,143,912,0,3
936,143,958,3,0
937,143,959,3,0
938,143,916,0,3
939,143,961,3,0
933,144,955,3,0
936,144,958,3,0
937,144,959,3,0
938,144,916,0,3
939,144,961,3,0
937,145,959,3,0
938,145,916,0,3
939,145,961,3,0
938,146,916,0,3
939,146,961,3,0
939,147,961,3,0
941,149,963,3,0
928,150,950,3,0
941,150,963,3,0
927,151,949,3,0
928,151,950,3,0
941,151,963,3,0
927,152,949,3,0
928,152,950,3,0
941,152,963,3,0
944,152,966,3,0
925,153,947,3,0
927,153,949,3,0
928,153,950,3,0
941,153,963,3,0
944,153,966,3,0
946,154,968,2,0
947,154,969,3,0
949,154,971,3,0
950,154,972,3,0
963,154,985,3,0
966,154,988,3,0
947,155,969,3,0
949,155,971,3,0
950,155,972,3,0
963,155,985,3,0
966,155,988,3,0
949,156,971,3,0
950,156,972,3,0
963,156,985,3,0
949,157,971,3,0
950,157,972,3,0
963,157,985,3,0
950,158,972,3,0
963,158,985,3,0
960,162,938,0,3
955,163,977,3,0
960,163,938,0,3
955,164,977,3,0
956,164,934,0,3
958,164,980,3,0
960,164,938,0,3
955,165,977,3,0
956,165,934,0,3
958,165,980,3,0
960,165,938,0,3
955,166,977,3,0
958,166,980,3,0
960,166,938,0,3
960,167,938,0,3
960,168,938,0,3
963,171,985,3,0
950,172,972,3,0
963,172,985,3,0
949,173,971,3,0
950,173,972,3,0
963,173,985,3,0
949,174,971,3,0
950,174,972,3,0
963,174,985,3,0
966,174,988,3,0
947,175,969,3,0
949,175,971,3,0
950,175,972,3,0
963,175,985,3,0
966,175,988,3,0
968,176,990,2,0
969,176,991,3,0
970,176,948,0,3
971,176,993,3,0
972,176,994,3,0
973,176,995,3,0
985,176,1007,3,0
987,176,965,0,3
988,176,1010,3,0
969,177,991,3,0
970,177,948,0,3
971,177,993,3,0
972,177,994,3,0
973,177,995,3,0
985,177,1007,3,0
987,177,965,0,3
988,177,1010,3,0
970,178,948,0,3
971,178,993,3,0
972,178,994,3,0
973,178,995,3,0
985,178,1007,3,0
987,178,965,0,3
971,179,993,3,0
972,179,994,3,0
973,179,995,3,0
985,179,1007,3,0
972,180,994,3,0
973,180,995,3,0
985,180,1007,3,0
973,181,995,3,0
973,182,995,3,0
973,183,995,3,0
973,184,995,3,0
982,184,960,0,3
973,185,995,3,0
977,185,999,3,0
982,185,960,0,3
973,186,995,3,0
977,186,999,3,0
978,186,956,0,3
980,186,1002,3,0
982,186,960,0,3
973,187,995,3,0
977,187,999,3,0
978,187,956,0,3
980,187,1002,3,0
982,187,960,0,3
973,188,995,3,0
977,188,999,3,0
980,188,1002,3,0
982,188,960,0,3
973,189,995,3,0
982,189,960,0,3
973,190,995,3,0
982,190,960,0,3
973,191,995,3,0
973,193,995,3,0
985,193,1007,3,0
972,194,994,3,0
973,194,995,3,0
985,194,1007,3,0
971,195,993,3,0
972,195,994,3,0
973,195,995,3,0
985,195,1007,3,0
987,195,965,0,3
970,196,948,0,3
971,196,993,3,0
972,196,994,3,0
973,196,995,3,0
985,196,1007,3,0
987,196,965,0,3
988,196,1010,3,0
969,197,991,3,0
970,197,948,0,3
971,197,993,3,0
972,197,994,3,0
973,197,995,3,0
985,197,1007,3,0
987,197,965,0,3
988,197,1010,3,0
990,198,1012,2,0
991,198,1013,3,0
993,198,1015,3,0
994,198,1016,3,0
995,198,1017,3,0
1007,198,1029,3,0
1009,198,987,0,3
991,199,1013,3,0
993,199,1015,3,0
994,199,1016,3,0
995,199,1017,3,0
1007,199,1029,3,0
1009,199,987,0,3
993,200,1015,3,0
994,200,1016,3,0
995,200,1017,3,0
1007,200,1029,3,0
1009,200,987,0,3
993,201,1015,3,0
994,201,1016,3,0
995,201,1017,3,0
1007,201,1029,3,0
994,202,1016,3,0
995,202,1017,3,0
1007,202,1029,3,0
995,203,1017,3,0
995,204,1017,3,0
995,205,1017,3,0
995,206,1017,3,0
995,207,1017,3,0
995,208,1017,3,0
1000,208,978,0,3
1002,208,1024,3,0
995,209,1017,3,0
1000,209,978,0,3
1002,209,1024,3,0
995,210,1017,3,0
1002,210,1024,3,0
995,211,1017,3,0
995,212,1017,3,0
995,213,1017,3,0
995,215,1017,3,0
1007,215,1029,3,0
994,216,1016,3,0
995,216,1017,3,0
1007,216,1029,3,0
993,217,1015,3,0
994,217,1016,3,0
995,217,1017,3,0
1007,217,1029,3,0
1009,217,987,0,3
993,218,1015,3,0
994,218,1016,3,0
995,218,1017,3,0
1007,218,1029,3,0
1009,218,987,0,3
991,219,1013,3,0
993,219,1015,3,0
994,219,1016,3,0
995,219,1017,3,0
1007,219,1029,3,0
1009,219,987,0,3
1012,220,1034,2,0
1013,220,1035,3,0
1015,220,1037,3,0
1016,220,1038,3,0
1017,220,1039,3,0
1029,220,1051,3,0
1031,220,1009,0,3
1013,221,1035,3,0
1015,221,1037,3,0
1016,221,1038,3,0
1017,221,1039,3,0
1029,221,1051,3,0
1031,221,1009,0,3
1015,222,1037,3,0
1016,222,1038,3,0
1017,222,1039,3,0
1029,222,1051,3,0
1031,222,1009,0,3
1015,223,1037,3,0
1016,223,1038,3,0
1017,223,1039,3,0
1029,223,1051,3,0
1016,224,1038,3,0
1017,224,1039,3,0
1029,224,1051,3,0
1017,225,1039,3,0
1017,226,1039,3,0
1018,226,1040,3,0
1017,227,1039,3,0
1018,227,1040,3,0
1019,227,1041,3,0
1017,228,1039,3,0
1018,228,1040,3,0
1019,228,1041,3,0
1017,229,1039,3,0
1018,229,1040,3,0
1019,229,1041,3,0
1017,230,1039,3,0
1018,230,1040,3,0
1019,230,1041,3,0
1022,230,1000,0,3
1024,230,1046,3,0
1017,231,1039,3,0
1018,231,1040,3,0
1019,231,1041,3,0
1022,231,1000,0,3
1024,231,1046,3,0
1017,232,1039,3,0
1018,232,1040,3,0
1019,232,1041,3,0
1024,232,1046,3,0
1017,233,1039,3,0
1018,233,1040,3,0
1019,233,1041,3,0
1017,234,1039,3,0
1018,234,1040,3,0
1019,234,1041,3,0
1017,235,1039,3,0
1017,237,1039,3,0
1029,237,1051,3,0
1016,238,1038,3,0
1017,238,1039,3,0
1029,238,1051,3,0
1015,239,1037,3,0
1016,239,1038,3,0
1017,239,1039,3,0
1029,239,1051,3,0
1031,239,1009,0,3
1015,240,1037,3,0
1016,240,1038,3,0
1017,240,1039,3,0
1029,240,1051,3,0
1031,240,1009,0,3
1013,241,1035,3,0
1015,241,1037,3,0
1016,241,1038,3,0
1017,241,1039,3,0
1029,241,1051,3,0
1031,241,1009,0,3
1034,242,1056,2,0
1035,242,1057,3,0
1037,242,1059,3,0
1038,242,1060,3,0
1051,242,1073,3,0
1053,242,1031,0,3
1035,243,1057,3,0
1037,243,1059,3,0
1038,243,1060,3,0
1051,243,1073,3,0
1053,243,1031,0,3
1037,244,1059,3,0
1038,244,1060,3,0
1051,244,1073,3,0
1053,244,1031,0,3
1037,245,1059,3,0
1038,245,1060,3,0
1051,245,1073,3,0
1038,246,1060,3,0
1051,246,1073,3,0
1040,248,1062,3,0
1040,249,1062,3,0
1041,249,1063,3,0
1040,250,1062,3,0
1041,250,1063,3,0
1040,251,1062,3,0
1041,251,1063,3,0
1040,252,1062,3,0
1041,252,1063,3,0
1044,252,1022,0,3
1046,252,1068,3,0
1040,253,1062,3,0
1041,253,1063,3,0
1044,253,1022,0,3
1046,253,1068,3,0
1040,254,1062,3,0
1041,254,1063,3,0
1046,254,1068,3,0
1040,255,1062,3,0
1041,255,1063,3,0
1040,256,1062,3,0
1041,256,1063,3,0
1040,257,1062,3,0
1051,259,1073,3,0
1038,260,1060,3,0
1051,260,1073,3,0
1037,261,1059,3,0
1038,261,1060,3,0
1051,261,1073,3,0
1053,261,1031,0,3
1037,262,1059,3,0
1038,262,1060,3,0
1051,262,1073,3,0
1053,262,1031,0,3
1035,263,1057,3,0
1037,263,1059,3,0
1038,263,1060,3,0
1051,263,1073,3,0
1053,263,1031,0,3
1056,264,1078,2,0
1057,264,1079,3,0
1058,264,1036,0,3
1059,264,1081,3,0
1060,264,1082,3,0
1061,264,1083,3,0
1073,264,1095,3,0
1075,264,1053,0,3
1077,264,1055,0,3
1057,265,1079,3,0
1058,265,1036,0,3
1059,265,1081,3,0
1060,265,1082,3,0
1061,265,1083,3,0
1073,265,1095,3,0
1075,265,1053,0,3
1058,266,1036,0,3
1059,266,1081,3,0
1060,266,1082,3,0
1061,266,1083,3,0
1073,266,1095,3,0
1075,266,1053,0,3
1059,267,1081,3,0
1060,267,1082,3,0
1061,267,1083,3,0
1073,267,1095,3,0
1060,268,1082,3,0
1061,268,1083,3,0
1073,268,1095,3,0
1061,269,1083,3,0
1061,270,1083,3,0
1062,270,1084,3,0
1061,271,1083,3,0
1062,271,1084,3,0
1063,271,1085,3,0
1061,272,1083,3,0
1062,272,1084,3,0
1063,272,1085,3,0
1061,273,1083,3,0
1062,273,1084,3,0
1063,273,1085,3,0
1061,274,1083,3,0
1062,274,1084,3,0
1063,274,1085,3,0
1066,274,1044,0,3
1068,274,1090,3,0
1061,275,1083,3,0
1062,275,1084,3,0
1063,275,1085,3,0
1066,275,1044,0,3
1068,275,1090,3,0
1061,276,1083,3,0
1062,276,1084,3,0
1063,276,1085,3,0
1068,276,1090,3,0
1061,277,1083,3,0
1062,277,1084,3,0
1063,277,1085,3,0
1061,278,1083,3,0
1062,278,1084,3,0
1063,278,1085,3,0
1061,279,1083,3,0
1061,281,1083,3,0
1073,281,1095,3,0
1060,282,1082,3,0
1061,282,1083,3,0
1073,282,1095,3,0
1059,283,1081,3,0
1060,283,1082,3,0
1061,283,1083,3,0
1073,283,1095,3,0
1075,283,1053,0,3
1058,284,1036,0,3
1059,284,1081,3,0
1060,284,1082,3,0
1061,284,1083,3,0
1073,284,1095,3,0
1075,284,1053,0,3
1057,285,1079,3,0
1058,285,1036,0,3
1059,285,1081,3,0
1060,285,1082,3,0
1061,285,1083,3,0
1073,285,1095,3,0
1075,285,1053,0,3
1077,285,1055,0,3
1078,286,1100,2,0
1079,286,1101,3,0
1080,286,1058,0,3
1081,286,1103,3,0
1082,286,1104,3,0
1083,286,1105,3,0
1095,286,1117,3,0
1096,286,1074,0,3
1097,286,1075,0,3
1099,286,1077,0,3
1079,287,1101,3,0
1080,287,1058,0,3
1081,287,1103,3,0
1082,287,1104,3,0
1083,287,1105,3,0
1095,287,1117,3,0
1096,287,1074,0,3
1097,287,1075,0,3
1080,288,1058,0,3
1081,288,1103,3,0
1082,288,1104,3,0
1083,288,1105,3,0
1095,288,1117,3,0
1096,288,1074,0,3
1097,288,1075,0,3
1081,289,1103,3,0
1082,289,1104,3,0
1083,289,1105,3,0
1095,289,1117,3,0
1096,289,1074,0,3
1082,290,1104,3,0
1083,290,1105,3,0
1095,290,1117,3,0
1083,291,1105,3,0
1083,292,1105,3,0
1084,292,1106,3,0
1083,293,1105,3,0
1084,293,1106,3,0
1085,293,1107,3,0
1083,294,1105,3,0
1084,294,1106,3,0
1085,294,1107,3,0
1083,295,1105,3,0
1084,295,1106,3,0
1085,295,1107,3,0
1083,296,1105,3,0
1084,296,1106,3,0
1085,296,1107,3,0
1088,296,1066,0,3
1090,296,1112,3,0
1083,297,1105,3,0
1084,297,1106,3,0
1085,297,1107,3,0
1088,297,1066,0,3
1090,297,1112,3,0
1083,298,1105,3,0
1084,298,1106,3,0
1085,298,1107,3,0
1090,298,1112,3,0
1083,299,1105,3,0
1084,299,1106,3,0
1085,299,1107,3,0
1083,300,1105,3,0
1084,300,1106,3,0
1085,300,1107,3,0
1083,301,1105,3,0
1084,301,1106,3,0
1083,303,1105,3,0
1095,303,1117,3,0
1082,304,1104,3,0
1083,304,1105,3,0
1095,304,1117,3,0
1096,304,1074,0,3
1081,305,1103,3,0
1082,305,1104,3,0
1083,305,1105,3,0
1095,305,1117,3,0
1096,305,1074,0,3
1097,305,1075,0,3
1080,306,1058,0,3
1081,306,1103,3,0
1082,306,1104,3,0
1083,306,1105,3,0
1095,306,1117,3,0
1096,306,1074,0,3
1097,306,1075,0,3
1079,307,1101,3,0
1080,307,1058,0,3
1081,307,1103,3,0
1082,307,1104,3,0
1083,307,1105,3,0
1095,307,1117,3,0
1096,307,1074,0,3
1097,307,1075,0,3
1099,307,1077,0,3
1100,308,1122,2,0
1101,308,1123,3,0
1102,308,1080,0,3
1103,308,1125,3,0
1104,308,1126,3,0
1105,308,1127,3,0
1117,308,1139,3,0
1118,308,1096,0,3
1119,308,1097,0,3
1121,308,1099,0,3
1101,309,1123,3,0
1102,309,1080,0,3
1103,309,1125,3,0
1104,309,1126,3,0
1105,309,1127,3,0
1117,309,1139,3,0
1118,309,1096,0,3
1119,309,1097,0,3
1102,310,1080,0,3
1103,310,1125,3,0
1104,310,1126,3,0
1105,310,1127,3,0
1117,310,1139,3,0
1118,310,1096,0,3
1119,310,1097,0,3
1103,311,1125,3,0
1104,311,1126,3,0
1105,311,1127,3,0
1117,311,1139,3,0
1118,311,1096,0,3
1104,312,1126,3,0
1105,312,1127,3,0
1117,312,1139,3,0
1105,313,1127,3,0
1105,314,1127,3,0
1106,314,1128,3,0
1105,315,1127,3,0
1106,315,1128,3,0
1107,315,1129,3,0
1105,316,1127,3,0
1106,316,1128,3,0
1107,316,1129,3,0
1108,316,1130,3,0
1105,317,1127,3,0
1106,317,1128,3,0
1107,317,1129,3,0
1108,317,1130,3,0
1105,318,1127,3,0
1106,318,1128,3,0
1107,318,1129,3,0
1108,318,1130,3,0
1110,318,1088,0,3
1112,318,1134,3,0
1105,319,1127,3,0
1106,319,1128,3,0
1107,319,1129,3,0
1108,319,1130,3,0
1110,319,1088,0,3
1112,319,1134,3,0
1105,320,1127,3,0
1106,320,1128,3,0
1107,320,1129,3,0
1108,320,1130,3,0
1112,320,1134,3,0
1105,321,1127,3,0
1106,321,1128,3,0
1107,321,1129,3,0
1108,321,1130,3,0
1105,322,1127,3,0
1106,322,1128,3,0
1107,322,1129,3,0
1105,323,1127,3,0
1105,325,1127,3,0
1117,325,1139,3,0
1104,326,1126,3,0
1105,326,1127,3,0
1117,326,1139,3,0
1118,326,1096,0,3
1103,327,1125,3,0
1104,327,1126,3,0
1105,327,1127,3,0
1117,327,1139,3,0
1118,327,1096,0,3
1119,327,1097,0,3
1102,328,1080,0,3
1103,328,1125,3,0
1104,328,1126,3,0
1105,328,1127,3,0
1117,328,1139,3,0
1118,328,1096,0,3
1119,328,1097,0,3
1101,329,1123,3,0
1102,329,1080,0,3
1103,329,1125,3,0
1104,329,1126,3,0
1105,329,1127,3,0
1117,329,1139,3,0
1118,329,1096,0,3
1119,329,1097,0,3
1121,329,1099,0,3
1122,330,1144,2,0
1123,330,1145,3,0
1124,330,1102,0,3
1125,330,1147,3,0
1126,330,1148,3,0
1127,330,1149,3,0
1139,330,1161,3,0
1140,330,1118,0,3
1141,330,1119,0,3
1143,330,1121,0,3
1123,331,1145,3,0
1124,331,1102,0,3
1125,331,1147,3,0
1126,331,1148,3,0
1127,331,1149,3,0
1139,331,1161,3,0
1140,331,1118,0,3
1141,331,1119,0,3
1124,332,1102,0,3
1125,332,1147,3,0
1126,332,1148,3,0
1127,332,1149,3,0
1139,332,1161,3,0
1140,332,1118,0,3
1141,332,1119,0,3
1125,333,1147,3,0
1126,333,1148,3,0
1127,333,1149,3,0
1139,333,1161,3,0
1140,333,1118,0,3
1126,334,1148,3,0
1127,334,1149,3,0
1139,334,1161,3,0
1127,335,1149,3,0
1127,336,1149,3,0
1128,336,1150,3,0
1127,337,1149,3,0
1128,337,1150,3,0
1129,337,1151,3,0
1127,338,1149,3,0
1128,338,1150,3,0
1129,338,1151,3,0
1130,338,1152,3,0
1127,339,1149,3,0
1128,339,1150,3,0
1129,339,1151,3,0
1130,339,1152,3,0
1127,340,1149,3,0
1128,340,1150,3,0
1129,340,1151,3,0
1130,340,1152,3,0
1132,340,1110,0,3
1127,341,1149,3,0
1128,341,1150,3,0
1129,341,1151,3,0
1130,341,1152,3,0
1132,341,1110,0,3
1127,342,1149,3,0
1128,342,1150,3,0
1129,342,1151,3,0
1130,342,1152,3,0
1127,343,1149,3,0
1128,343,1150,3,0
1129,343,1151,3,0
1130,343,1152,3,0
1127,344,1149,3,0
1128,344,1150,3,0
1129,344,1151,3,0
1127,345,1149,3,0
1128,345,1150,3,0
1127,347,1149,3,0
1139,347,1161,3,0
1126,348,1148,3,0
1127,348,1149,3,0
1139,348,1161,3,0
1140,348,1118,0,3
1125,349,1147,3,0
1126,349,1148,3,0
1127,349,1149,3,0
1139,349,1161,3,0
1140,349,1118,0,3
1141,349,1119,0,3
1124,350,1102,0,3
1125,350,1147,3,0
1126,350,1148,3,0
1127,350,1149,3,0
1139,350,1161,3,0
1140,350,1118,0,3
1141,350,1119,0,3
1123,351,1145,3,0
1124,351,1102,0,3
1125,351,1147,3,0
1126,351,1148,3,0
1127,351,1149,3,0
1139,351,1161,3,0
1140,351,1118,0,3
1141,351,1119,0,3
1143,351,1121,0,3
1144,352,1166,2,0
1145,352,1167,3,0
1146,352,1124,0,3
1147,352,1169,3,0
1148,352,1170,3,0
1149,352,1171,3,0
1162,352,1140,0,3
1163,352,1141,0,3
1165,352,1143,0,3
1145,353,1167,3,0
1146,353,1124,0,3
1147,353,1169,3,0
1148,353,1170,3,0
1149,353,1171,3,0
1162,353,1140,0,3
1163,353,1141,0,3
1146,354,1124,0,3
1147,354,1169,3,0
1148,354,1170,3,0
1149,354,1171,3,0
1162,354,1140,0,3
1163,354,1141,0,3
1147,355,1169,3,0
1148,355,1170,3,0
1149,355,1171,3,0
1162,355,1140,0,3
1148,356,1170,3,0
1149,356,1171,3,0
1149,357,1171,3,0
1149,358,1171,3,0
1150,358,1172,3,0
1149,359,1171,3,0
1150,359,1172,3,0
1151,359,1173,3,0
1149,360,1171,3,0
1150,360,1172,3,0
1151,360,1173,3,0
1152,360,1174,3,0
1149,361,1171,3,0
1150,361,1172,3,0
1151,361,1173,3,0
1152,361,1174,3,0
1149,362,1171,3,0
1150,362,1172,3,0
1151,362,1173,3,0
1152,362,1174,3,0
1154,362,1132,0,3
1149,363,1171,3,0
1150,363,1172,3,0
1151,363,1173,3,0
1152,363,1174,3,0
1154,363,1132,0,3
1149,364,1171,3,0
1150,364,1172,3,0
1151,364,1173,3,0
1152,364,1174,3,0
1149,365,1171,3,0
1150,365,1172,3,0
1151,365,1173,3,0
1152,365,1174,3,0
1149,366,1171,3,0
1150,366,1172,3,0
1151,366,1173,3,0
1149,367,1171,3,0
1149,369,1171,3,0
1148,370,1170,3,0
1149,370,1171,3,0
1162,370,1140,0,3
1147,371,1169,3,0
1148,371,1170,3,0
1149,371,1171,3,0
1162,371,1140,0,3
1163,371,1141,0,3
1146,372,1124,0,3
1147,372,1169,3,0
1148,372,1170,3,0
1149,372,1171,3,0
1162,372,1140,0,3
1163,372,1141,0,3
1145,373,1167,3,0
1146,373,1124,0,3
1147,373,1169,3,0
1148,373,1170,3,0
1149,373,1171,3,0
1162,373,1140,0,3
1163,373,1141,0,3
1165,373,1143,0,3
1166,374,1188,2,0
1167,374,1189,3,0
1168,374,1146,0,3
1169,374,1191,3,0
1170,374,1192,3,0
1171,374,1193,3,0
1184,374,1162,0,3
1185,374,1163,0,3
1187,374,1165,0,3
1167,375,1189,3,0
1168,375,1146,0,3
1169,375,1191,3,0
1170,375,1192,3,0
1171,375,1193,3,0
1184,375,1162,0,3
1185,375,1163,0,3
1168,376,1146,0,3
1169,376,1191,3,0
1170,376,1192,3,0
1171,376,1193,3,0
1184,376,1162,0,3
1185,376,1163,0,3
1169,377,1191,3,0
1170,377,1192,3,0
1171,377,1193,3,0
1184,377,1162,0,3
1170,378,1192,3,0
1171,378,1193,3,0
1171,379,1193,3,0
1171,380,1193,3,0
1172,380,1194,3,0
1171,381,1193,3,0
1172,381,1194,3,0
1173,381,1195,3,0
1171,382,1193,3,0
1172,382,1194,3,0
1173,382,1195,3,0
1174,382,1196,3,0
1171,383,1193,3,0
1172,383,1194,3,0
1173,383,1195,3,0
1174,383,1196,3,0
1171,384,1193,3,0
1172,384,1194,3,0
1173,384,1195,3,0
1174,384,1196,3,0
1176,384,1154,0,3
1171,385,1193,3,0
1172,385,1194,3,0
1173,385,1195,3,0
1174,385,1196,3,0
1176,385,1154,0,3
1171,386,1193,3,0
1172,386,1194,3,0
1173,386,1195,3,0
1174,386,1196,3,0
1171,387,1193,3,0
1172,387,1194,3,0
1173,387,1195,3,0
1174,387,1196,3,0
1171,388,1193,3,0
1172,388,1194,3,0
1173,388,1195,3,0
1171,389,1193,3,0
1172,389,1194,3,0
1171,391,1193,3,0
1170,392,1192,3,0
1171,392,1193,3,0
1184,392,1162,0,3
1169,393,1191,3,0
1170,393,1192,3,0
1171,393,1193,3,0
1184,393,1162,0,3
1185,393,1163,0,3
1168,394,1146,0,3
1169,394,1191,3,0
1170,394,1192,3,0
1171,394,1193,3,0
1184,394,1162,0,3
1185,394,1163,0,3
1167,395,1189,3,0
1168,395,1146,0,3
1169,395,1191,3,0
1170,395,1192,3,0
1171,395,1193,3,0
1184,395,1162,0,3
1185,395,1163,0,3
1187,395,1165,0,3
1188,396,1210,2,0
1189,396,1211,3,0
1190,396,1168,0,3
1191,396,1213,3,0
1192,396,1214,3,0
1193,396,1215,3,0
1207,396,1185,0,3
1189,397,1211,3,0
1190,397,1168,0,3
1191,397,1213,3,0
1192,397,1214,3,0
1193,397,1215,3,0
1207,397,1185,0,3
1190,398,1168,0,3
1191,398,1213,3,0
1192,398,1214,3,0
1193,398,1215,3,0
1207,398,1185,0,3
1191,399,1213,3,0
1192,399,1214,3,0
1193,399,1215,3,0
1192,400,1214,3,0
1193,400,1215,3,0
1193,401,1215,3,0
1193,402,1215,3,0
1194,402,1216,3,0
1193,403,1215,3,0
1194,403,1216,3,0
1195,403,1217,3,0
1193,404,1215,3,0
1194,404,1216,3,0
1195,404,1217,3,0
1196,404,1218,3,0
1193,405,1215,3,0
1194,405,1216,3,0
1195,405,1217,3,0
1196,405,1218,3,0
1193,406,1215,3,0
1194,406,1216,3,0
1195,406,1217,3,0
1196,406,1218,3,0
1198,406,1176,0,3
1193,407,1215,3,0
1194,407,1216,3,0
1195,407,1217,3,0
1196,407,1218,3,0
1198,407,1176,0,3
1193,408,1215,3,0
1194,408,1216,3,0
1195,408,1217,3,0
1196,408,1218,3,0
1193,409,1215,3,0
1194,409,1216,3,0
1195,409,1217,3,0
1196,409,1218,3,0
1193,410,1215,3,0
1194,410,1216,3,0
1195,410,1217,3,0
1193,411,1215,3,0
1193,413,1215,3,0
1192,414,1214,3,0
1193,414,1215,3,0
1191,415,1213,3,0
1192,415,1214,3,0
1193,415,1215,3,0
1207,415,1185,0,3
1190,416,1168,0,3
1191,416,1213,3,0
1192,416,1214,3,0
1193,416,1215,3,0
1207,416,1185,0,3
1189,417,1211,3,0
1190,417,1168,0,3
1191,417,1213,3,0
1192,417,1214,3,0
1193,417,1215,3,0
1207,417,1185,0,3
1210,418,1232,2,0
1211,418,1233,3,0
1212,418,1190,0,3
1213,418,1235,3,0
1215,418,1237,3,0
1229,418,1207,0,3
1211,419,1233,3,0
1212,419,1190,0,3
1213,419,1235,3,0
1215,419,1237,3,0
1229,419,1207,0,3
1212,420,1190,0,3
1213,420,1235,3,0
1215,420,1237,3,0
1229,420,1207,0,3
1213,421,1235,3,0
1215,421,1237,3,0
1215,422,1237,3,0
1215,423,1237,3,0
1215,424,1237,3,0
1216,424,1238,3,0
1215,425,1237,3,0
1216,425,1238,3,0
1217,425,1239,3,0
1215,426,1237,3,0
1216,426,1238,3,0
1217,426,1239,3,0
1218,426,1240,3,0
1215,427,1237,3,0
1216,427,1238,3,0
1217,427,1239,3,0
1218,427,1240,3,0
1215,428,1237,3,0
1216,428,1238,3,0
1217,428,1239,3,0
1218,428,1240,3,0
1220,428,1198,0,3
1222,428,1244,3,0
1215,429,1237,3,0
1216,429,1238,3,0
1217,429,1239,3,0
1218,429,1240,3,0
1220,429,1198,0,3
1222,429,1244,3,0
1215,430,1237,3,0
1216,430,1238,3,0
1217,430,1239,3,0
1218,430,1240,3,0
1222,430,1244,3,0
1215,431,1237,3,0
1216,431,1238,3,0
1217,431,1239,3,0
1218,431,1240,3,0
1215,432,1237,3,0
1216,432,1238,3,0
1217,432,1239,3,0
1215,433,1237,3,0
1216,433,1238,3,0
1215,435,1237,3,0
1215,436,1237,3,0
1213,437,1235,3,0
1215,437,1237,3,0
1229,437,1207,0,3
1212,438,1190,0,3
1213,438,1235,3,0
1215,438,1237,3,0
1229,438,1207,0,3
1211,439,1233,3,0
1212,439,1190,0,3
1213,439,1235,3,0
1215,439,1237,3,0
1229,439,1207,0,3
1232,440,1254,2,0
1233,440,1255,3,0
1234,440,1212,0,3
1235,440,1257,3,0
1237,440,1259,3,0
1251,440,1229,0,3
1233,441,1255,3,0
1234,441,1212,0,3
1235,441,1257,3,0
1237,441,1259,3,0
1251,441,1229,0,3
1234,442,1212,0,3
1235,442,1257,3,0
1237,442,1259,3,0
1251,442,1229,0,3
1235,443,1257,3,0
1237,443,1259,3,0
1237,444,1259,3,0
1237,445,1259,3,0
1237,446,1259,3,0
1238,446,1260,3,0
1237,447,1259,3,0
1238,447,1260,3,0
1239,447,1261,3,0
1237,448,1259,3,0
1238,448,1260,3,0
1239,448,1261,3,0
1240,448,1262,3,0
1237,449,1259,3,0
1238,449,1260,3,0
1239,449,1261,3,0
1240,449,1262,3,0
1237,450,1259,3,0
1238,450,1260,3,0
1239,450,1261,3,0
1240,450,1262,3,0
1242,450,1220,0,3
1237,451,1259,3,0
1238,451,1260,3,0
1239,451,1261,3,0
1240,451,1262,3,0
1242,451,1220,0,3
1237,452,1259,3,0
1238,452,1260,3,0
1239,452,1261,3,0
1240,452,1262,3,0
1237,453,1259,3,0
1238,453,1260,3,0
1239,453,1261,3,0
1240,453,1262,3,0
1237,454,1259,3,0
1238,454,1260,3,0
1239,454,1261,3,0
1237,455,1259,3,0
1237,457,1259,3,0
1237,458,1259,3,0
1235,459,1257,3,0
1237,459,1259,3,0
1251,459,1229,0,3
1234,460,1212,0,3
1235,460,1257,3,0
1237,460,1259,3,0
1251,460,1229,0,3
1233,461,1255,3,0
1234,461,1212,0,3
1235,461,1257,3,0
1237,461,1259,3,0
1251,461,1229,0,3
1254,462,1276,2,0
1255,462,1277,3,0
1256,462,1234,0,3
1257,462,1279,3,0
1259,462,1281,3,0
1273,462,1251,0,3
1255,463,1277,3,0
1256,463,1234,0,3
1257,463,1279,3,0
1259,463,1281,3,0
1273,463,1251,0,3
1256,464,1234,0,3
1257,464,1279,3,0
1259,464,1281,3,0
1273,464,1251,0,3
1257,465,1279,3,0
1259,465,1281,3,0
1259,466,1281,3,0
1259,467,1281,3,0
1259,468,1281,3,0
1260,468,1282,3,0
1259,469,1281,3,0
1260,469,1282,3,0
1261,469,1283,3,0
1259,470,1281,3,0
1260,470,1282,3,0
1261,470,1283,3,0
1262,470,1284,3,0
1259,471,1281,3,0
1260,471,1282,3,0
1261,471,1283,3,0
1262,471,1284,3,0
1259,472,1281,3,0
1260,472,1282,3,0
1261,472,1283,3,0
1262,472,1284,3,0
1264,472,1242,0,3
1259,473,1281,3,0
1260,473,1282,3,0
1261,473,1283,3,0
1262,473,1284,3,0
1264,473,1242,0,3
1259,474,1281,3,0
1260,474,1282,3,0
1261,474,1283,3,0
1262,474,1284,3,0
1259,475,1281,3,0
1260,475,1282,3,0
1261,475,1283,3,0
1262,475,1284,3,0
1259,476,1281,3,0
1260,476,1282,3,0
1261,476,1283,3,0
1259,477,1281,3,0
1260,477,1282,3,0
1259,479,1281,3,0
1259,480,1281,3,0
1257,481,1279,3,0
1259,481,1281,3,0
1273,481,1251,0,3
1256,482,1234,0,3
1257,482,1279,3,0
1259,482,1281,3,0
1273,482,1251,0,3
1255,483,1277,3,0
1256,483,1234,0,3
1257,483,1279,3,0
1259,483,1281,3,0
1273,483,1251,0,3
1276,484,1298,2,0
1277,484,1299,3,0
1278,484,1256,0,3
1279,484,1301,3,0
1281,484,1303,3,0
1295,484,1273,0,3
1277,485,1299,3,0
1278,485,1256,0,3
1279,485,1301,3,0
1281,485,1303,3,0
1295,485,1273,0,3
1278,486,1256,0,3
1279,486,1301,3,0
1281,486,1303,3,0
1295,486,1273,0,3
1279,487,1301,3,0
1281,487,1303,3,0
1281,488,1303,3,0
1281,489,1303,3,0
1281,490,1303,3,0
1282,490,1304,3,0
1281,491,1303,3,0
1282,491,1304,3,0
1281,492,1303,3,0
1282,492,1304,3,0
1284,492,1306,3,0
1281,493,1303,3,0
1282,493,1304,3,0
1284,493,1306,3,0
1281,494,1303,3,0
1282,494,1304,3,0
1284,494,1306,3,0
1286,494,1264,0,3
1281,495,1303,3,0
1282,495,1304,3,0
1284,495,1306,3,0
1286,495,1264,0,3
1281,496,1303,3,0
1282,496,1304,3,0
1284,496,1306,3,0
1281,497,1303,3,0
1282,497,1304,3,0
1284,497,1306,3,0
1281,498,1303,3,0
1282,498,1304,3,0
1281,499,1303,3,0
1281,501,1303,3,0
1281,502,1303,3,0
1279,503,1301,3,0
1281,503,1303,3,0
1295,503,1273,0,3
1278,504,1256,0,3
1279,504,1301,3,0
1281,504,1303,3,0
1295,504,1273,0,3
1277,505,1299,3,0
1278,505,1256,0,3
1279,505,1301,3,0
1281,505,1303,3,0
1295,505,1273,0,3
1298,506,1320,2,0
1299,506,1321,3,0
1300,506,1278,0,3
1301,506,1323,3,0
1303,506,1325,3,0
1316,506,1294,0,3
1317,506,1295,0,3
1319,506,1297,0,3
1299,507,1321,3,0
1300,507,1278,0,3
1301,507,1323,3,0
1303,507,1325,3,0
1316,507,1294,0,3
1317,507,1295,0,3
1300,508,1278,0,3
1301,508,1323,3,0
1303,508,1325,3,0
1316,508,1294,0,3
1317,508,1295,0,3
1301,509,1323,3,0
1303,509,1325,3,0
1316,509,1294,0,3
1303,510,1325,3,0
1303,511,1325,3,0
1303,512,1325,3,0
1304,512,1326,3,0
1303,513,1325,3,0
1304,513,1326,3,0
1303,514,1325,3,0
1304,514,1326,3,0
1306,514,1328,3,0
1303,515,1325,3,0
1304,515,1326,3,0
1306,515,1328,3,0
1303,516,1325,3,0
1304,516,1326,3,0
1306,516,1328,3,0
1308,516,1286,0,3
1303,517,1325,3,0
1304,517,1326,3,0
1306,517,1328,3,0
1308,517,1286,0,3
1303,518,1325,3,0
1304,518,1326,3,0
1306,518,1328,3,0
1303,519,1325,3,0
1304,519,1326,3,0
1306,519,1328,3,0
1303,520,1325,3,0
1304,520,1326,3,0
1303,521,1325,3,0
1304,521,1326,3,0
1303,523,1325,3,0
1303,524,1325,3,0
1316,524,1294,0,3
1301,525,1323,3,0
1303,525,1325,3,0
1316,525,1294,0,3
1317,525,1295,0,3
1300,526,1278,0,3
1301,526,1323,3,0
1303,526,1325,3,0
1316,526,1294,0,3
1317,526,1295,0,3
1299,527,1321,3,0
1300,527,1278,0,3
1301,527,1323,3,0
1303,527,1325,3,0
1316,527,1294,0,3
1317,527,1295,0,3
1319,527,1297,0,3
1320,528,1342,2,0
1321,528,1343,3,0
1322,528,1300,0,3
1325,528,1347,3,0
1338,528,1316,0,3
1339,528,1317,0,3
1341,528,1319,0,3
1321,529,1343,3,0
1322,529,1300,0,3
1325,529,1347,3,0
1338,529,1316,0,3
1339,529,1317,0,3
1322,530,1300,0,3
1325,530,1347,3,0
1338,530,1316,0,3
1339,530,1317,0,3
1325,531,1347,3,0
1338,531,1316,0,3
1325,532,1347,3,0
1325,533,1347,3,0
1325,534,1347,3,0
1326,534,1348,3,0
1325,535,1347,3,0
1326,535,1348,3,0
1327,535,1349,3,0
1325,536,1347,3,0
1326,536,1348,3,0
1327,536,1349,3,0
1328,536,1350,3,0
1325,537,1347,3,0
1326,537,1348,3,0
1327,537,1349,3,0
1328,537,1350,3,0
1325,538,1347,3,0
1326,538,1348,3,0
1327,538,1349,3,0
1328,538,1350,3,0
1330,538,1308,0,3
1325,539,1347,3,0
1326,539,1348,3,0
1327,539,1349,3,0
1328,539,1350,3,0
1330,539,1308,0,3
1325,540,1347,3,0
1326,540,1348,3,0
1327,540,1349,3,0
1328,540,1350,3,0
1325,541,1347,3,0
1326,541,1348,3,0
1327,541,1349,3,0
1328,541,1350,3,0
1325,542,1347,3,0
1326,542,1348,3,0
1327,542,1349,3,0
1325,543,1347,3,0
1325,545,1347,3,0
1325,546,1347,3,0
1338,546,1316,0,3
1325,547,1347,3,0
1338,547,1316,0,3
1339,547,1317,0,3
1322,548,1300,0,3
1325,548,1347,3,0
1338,548,1316,0,3
1339,548,1317,0,3
1321,549,1343,3,0
1322,549,1300,0,3
1325,549,1347,3,0
1338,549,1316,0,3
1339,549,1317,0,3
1341,549,1319,0,3
1342,550,1364,2,0
1343,550,1365,3,0
1344,550,1322,0,3
1347,550,1369,3,0
1360,550,1338,0,3
1361,550,1339,0,3
1363,550,1341,0,3
1343,551,1365,3,0
1344,551,1322,0,3
1347,551,1369,3,0
1360,551,1338,0,3
1361,551,1339,0,3
1344,552,1322,0,3
1347,552,1369,3,0
1360,552,1338,0,3
1361,552,1339,0,3
1347,553,1369,3,0
1360,553,1338,0,3
1347,554,1369,3,0
1347,555,1369,3,0
1347,556,1369,3,0
1348,556,1370,3,0
1347,557,1369,3,0
1348,557,1370,3,0
1349,557,1371,3,0
1347,558,1369,3,0
1348,558,1370,3,0
1349,558,1371,3,0
1350,558,1372,3,0
1347,559,1369,3,0
1348,559,1370,3,0
1349,559,1371,3,0
1350,559,1372,3,0
1347,560,1369,3,0
1348,560,1370,3,0
1349,560,1371,3,0
1350,560,1372,3,0
1352,560,1330,0,3
1347,561,1369,3,0
1348,561,1370,3,0
1349,561,1371,3,0
1350,561,1372,3,0
1352,561,1330,0,3
1347,562,1369,3,0
1348,562,1370,3,0
1349,562,1371,3,0
1350,562,1372,3,0
1347,563,1369,3,0
1348,563,1370,3,0
1349,563,1371,3,0
1350,563,1372,3,0
1347,564,1369,3,0
1348,564,1370,3,0
1349,564,1371,3,0
1347,565,1369,3,0
1348,565,1370,3,0
1347,567,1369,3,0
1347,568,1369,3,0
1360,568,1338,0,3
1347,569,1369,3,0
1360,569,1338,0,3
1361,569,1339,0,3
1344,570,1322,0,3
1347,570,1369,3,0
1360,570,1338,0,3
1361,570,1339,0,3
1343,571,1365,3,0
1344,571,1322,0,3
1347,571,1369,3,0
1360,571,1338,0,3
1361,571,1339,0,3
1363,571,1341,0,3
1364,572,1386,2,0
1365,572,1387,3,0
1366,572,1344,0,3
1367,572,1389,3,0
1382,572,1360,0,3
1383,572,1361,0,3
1385,572,1363,0,3
1365,573,1387,3,0
1366,573,1344,0,3
1367,573,1389,3,0
1382,573,1360,0,3
1383,573,1361,0,3
1366,574,1344,0,3
1367,574,1389,3,0
1382,574,1360,0,3
1383,574,1361,0,3
1367,575,1389,3,0
1382,575,1360,0,3
1370,578,1392,3,0
1370,579,1392,3,0
1370,580,1392,3,0
1372,580,1394,3,0
1370,581,1392,3,0
1372,581,1394,3,0
1373,581,1395,3,0
1370,582,1392,3,0
1372,582,1394,3,0
1373,582,1395,3,0
1374,582,1352,0,3
1370,583,1392,3,0
1372,583,1394,3,0
1373,583,1395,3,0
1374,583,1352,0,3
1370,584,1392,3,0
1372,584,1394,3,0
1373,584,1395,3,0
1370,585,1392,3,0
1372,585,1394,3,0
1370,586,1392,3,0
1382,590,1360,0,3
1367,591,1389,3,0
1382,591,1360,0,3
1383,591,1361,0,3
1366,592,1344,0,3
1367,592,1389,3,0
1382,592,1360,0,3
1383,592,1361,0,3
1365,593,1387,3,0
1366,593,1344,0,3
1367,593,1389,3,0
1382,593,1360,0,3
1383,593,1361,0,3
1385,593,1363,0,3
1386,594,1408,2,0
1387,594,1409,3,0
1388,594,1366,0,3
1389,594,1411,3,0
1405,594,1383,0,3
1387,595,1409,3,0
1388,595,1366,0,3
1389,595,1411,3,0
1405,595,1383,0,3
1388,596,1366,0,3
1389,596,1411,3,0
1405,596,1383,0,3
1389,597,1411,3,0
1392,600,1414,3,0
1392,601,1414,3,0
1392,602,1414,3,0
1394,602,1416,3,0
1392,603,1414,3,0
1394,603,1416,3,0
1395,603,1417,3,0
1392,604,1414,3,0
1394,604,1416,3,0
1395,604,1417,3,0
1392,605,1414,3,0
1394,605,1416,3,0
1395,605,1417,3,0
1392,606,1414,3,0
1394,606,1416,3,0
1395,606,1417,3,0
1392,607,1414,3,0
1394,607,1416,3,0
1392,608,1414,3,0
1392,609,1414,3,0
1389,613,1411,3,0
1405,613,1383,0,3
1388,614,1366,0,3
1389,614,1411,3,0
1405,614,1383,0,3
1387,615,1409,3,0
1388,615,1366,0,3
1389,615,1411,3,0
1405,615,1383,0,3
1409,616,1431,3,0
1410,616,1388,0,3
1411,616,1433,3,0
1412,616,1434,3,0
1427,616,1405,0,3
1409,617,1431,3,0
1410,617,1388,0,3
1411,617,1433,3,0
1412,617,1434,3,0
1427,617,1405,0,3
1410,618,1388,0,3
1411,618,1433,3,0
1412,618,1434,3,0
1427,618,1405,0,3
1411,619,1433,3,0
1412,619,1434,3,0
1412,620,1434,3,0
1414,622,1436,3,0
1414,623,1436,3,0
1414,624,1436,3,0
1416,624,1438,3,0
1414,625,1436,3,0
1416,625,1438,3,0
1417,625,1439,3,0
1414,626,1436,3,0
1416,626,1438,3,0
1417,626,1439,3,0
1414,627,1436,3,0
1416,627,1438,3,0
1417,627,1439,3,0
1414,628,1436,3,0
1416,628,1438,3,0
1417,628,1439,3,0
1414,629,1436,3,0
1416,629,1438,3,0
1414,630,1436,3,0
1412,634,1434,3,0
1411,635,1433,3,0
1412,635,1434,3,0
1427,635,1405,0,3
1410,636,1388,0,3
1411,636,1433,3,0
1412,636,1434,3,0
1427,636,1405,0,3
1409,637,1431,3,0
1410,637,1388,0,3
1411,637,1433,3,0
1412,637,1434,3,0
1427,637,1405,0,3
1431,638,1453,3,0
1432,638,1410,0,3
1433,638,1455,3,0
1434,638,1456,3,0
1449,638,1427,0,3
1431,639,1453,3,0
1432,639,1410,0,3
1433,639,1455,3,0
1434,639,1456,3,0
1449,639,1427,0,3
1432,640,1410,0,3
1433,640,1455,3,0
1434,640,1456,3,0
1449,640,1427,0,3
1433,641,1455,3,0
1434,641,1456,3,0
1434,642,1456,3,0
1436,644,1458,3,0
1436,645,1458,3,0
1436,646,1458,3,0
1438,646,1460,3,0
1436,647,1458,3,0
1438,647,1460,3,0
1439,647,1417,0,3
1436,648,1458,3,0
1438,648,1460,3,0
1439,648,1417,0,3
1436,649,1458,3,0
1438,649,1460,3,0
1439,649,1417,0,3
1436,650,1458,3,0
1438,650,1460,3,0
1439,650,1417,0,3
1436,651,1458,3,0
1438,651,1460,3,0
1436,652,1458,3,0
1436,653,1458,3,0
1434,656,1456,3,0
1433,657,1455,3,0
1434,657,1456,3,0
1449,657,1427,0,3
1432,658,1410,0,3
1433,658,1455,3,0
1434,658,1456,3,0
1449,658,1427,0,3
1431,659,1453,3,0
1432,659,1410,0,3
1433,659,1455,3,0
1434,659,1456,3,0
1449,659,1427,0,3
1453,660,1475,3,0
1454,660,1432,0,3
1455,660,1477,3,0
1469,660,1447,0,3
1471,660,1449,0,3
1453,661,1475,3,0
1454,661,1432,0,3
1455,661,1477,3,0
1469,661,1447,0,3
1471,661,1449,0,3
1454,662,1432,0,3
1455,662,1477,3,0
1469,662,1447,0,3
1471,662,1449,0,3
1455,663,1477,3,0
1469,663,1447,0,3
1469,664,1447,0,3
1458,666,1480,3,0
1458,667,1480,3,0
1458,668,1480,3,0
1460,668,1482,3,0
1458,669,1480,3,0
1460,669,1482,3,0
1461,669,1483,3,0
1458,670,1480,3,0
1460,670,1482,3,0
1461,670,1483,3,0
1458,671,1480,3,0
1460,671,1482,3,0
1461,671,1483,3,0
1458,672,1480,3,0
1460,672,1482,3,0
1461,672,1483,3,0
1458,673,1480,3,0
1460,673,1482,3,0
1458,674,1480,3,0
1469,677,1447,0,3
1469,678,1447,0,3
1455,679,1477,3,0
1469,679,1447,0,3
1471,679,1449,0,3
1454,680,1432,0,3
1455,680,1477,3,0
1469,680,1447,0,3
1471,680,1449,0,3
1453,681,1475,3,0
1454,681,1432,0,3
1455,681,1477,3,0
1469,681,1447,0,3
1471,681,1449,0,3
1475,682,1497,3,0
1476,682,1454,0,3
1477,682,1499,3,0
1491,682,1469,0,3
1493,682,1471,0,3
1494,682,1472,0,3
1475,683,1497,3,0
1476,683,1454,0,3
1477,683,1499,3,0
1491,683,1469,0,3
1493,683,1471,0,3
1494,683,1472,0,3
1476,684,1454,0,3
1477,684,1499,3,0
1491,684,1469,0,3
1493,684,1471,0,3
1477,685,1499,3,0
1491,685,1469,0,3
1491,686,1469,0,3
1480,688,1502,3,0
1480,689,1502,3,0
1480,690,1502,3,0
1482,690,1504,3,0
1480,691,1502,3,0
1482,691,1504,3,0
1480,692,1502,3,0
1482,692,1504,3,0
1480,693,1502,3,0
1482,693,1504,3,0
1480,694,1502,3,0
1482,694,1504,3,0
1480,695,1502,3,0
1482,695,1504,3,0
1480,696,1502,3,0
1480,697,1502,3,0
1491,699,1469,0,3
1491,700,1469,0,3
1477,701,1499,3,0
1491,701,1469,0,3
1493,701,1471,0,3
1476,702,1454,0,3
1477,702,1499,3,0
1491,702,1469,0,3
1493,702,1471,0,3
1494,702,1472,0,3
1475,703,1497,3,0
1476,703,1454,0,3
1477,703,1499,3,0
1491,703,1469,0,3
1493,703,1471,0,3
1494,703,1472,0,3
1497,704,1519,3,0
1498,704,1476,0,3
1499,704,1521,3,0
1515,704,1493,0,3
1516,704,1494,0,3
1517,704,1495,0,3
1497,705,1519,3,0
1498,705,1476,0,3
1499,705,1521,3,0
1515,705,1493,0,3
1516,705,1494,0,3
1498,706,1476,0,3
1499,706,1521,3,0
1515,706,1493,0,3
1499,707,1521,3,0
1502,710,1524,3,0
1502,711,1524,3,0
1502,712,1524,3,0
1504,712,1526,3,0
1502,713,1524,3,0
1504,713,1526,3,0
1502,714,1524,3,0
1504,714,1526,3,0
1502,715,1524,3,0
1504,715,1526,3,0
1502,716,1524,3,0
1504,716,1526,3,0
1502,717,1524,3,0
1504,717,1526,3,0
1502,718,1524,3,0
1499,723,1521,3,0
1515,723,1493,0,3
1498,724,1476,0,3
1499,724,1521,3,0
1515,724,1493,0,3
1516,724,1494,0,3
1497,725,1519,3,0
1498,725,1476,0,3
1499,725,1521,3,0
1515,725,1493,0,3
1516,725,1494,0,3
1517,725,1495,0,3
1518,726,1496,0,2
1520,726,1498,0,3
1523,726,1545,3,0
1534,726,1512,0,3
1537,726,1515,0,3
1538,726,1516,0,3
1520,727,1498,0,3
1523,727,1545,3,0
1534,727,1512,0,3
1537,727,1515,0,3
1538,727,1516,0,3
1520,728,1498,0,3
1523,728,1545,3,0
1534,728,1512,0,3
1537,728,1515,0,3
1523,729,1545,3,0
1534,729,1512,0,3
1523,730,1545,3,0
1534,730,1512,0,3
1523,731,1545,3,0
1534,731,1512,0,3
1523,732,1545,3,0
1524,732,1546,3,0
1534,732,1512,0,3
1523,733,1545,3,0
1524,733,1546,3,0
1533,733,1511,0,3
1534,733,1512,0,3
1523,734,1545,3,0
1524,734,1546,3,0
1526,734,1548,3,0
1533,734,1511,0,3
1534,734,1512,0,3
1523,735,1545,3,0
1524,735,1546,3,0
1526,735,1548,3,0
1533,735,1511,0,3
1534,735,1512,0,3
1523,736,1545,3,0
1524,736,1546,3,0
1526,736,1548,3,0
1528,736,1506,0,3
1530,736,1552,3,0
1533,736,1511,0,3
1534,736,1512,0,3
1523,737,1545,3,0
1524,737,1546,3,0
1526,737,1548,3,0
1528,737,1506,0,3
1529,737,1507,0,3
1530,737,1552,3,0
1533,737,1511,0,3
1534,737,1512,0,3
1523,738,1545,3,0
1524,738,1546,3,0
1526,738,1548,3,0
1530,738,1552,3,0
1533,738,1511,0,3
1534,738,1512,0,3
1523,739,1545,3,0
1524,739,1546,3,0
1526,739,1548,3,0
1533,739,1511,0,3
1534,739,1512,0,3
1523,740,1545,3,0
1524,740,1546,3,0
1533,740,1511,0,3
1534,740,1512,0,3
1523,741,1545,3,0
1524,741,1546,3,0
1533,741,1511,0,3
1534,741,1512,0,3
1534,742,1512,0,3
1523,743,1545,3,0
1534,743,1512,0,3
1523,744,1545,3,0
1534,744,1512,0,3
1523,745,1545,3,0
1534,745,1512,0,3
1537,745,1515,0,3
1520,746,1498,0,3
1523,746,1545,3,0
1534,746,1512,0,3
1537,746,1515,0,3
1538,746,1516,0,3
1520,747,1498,0,3
1523,747,1545,3,0
1534,747,1512,0,3
1537,747,1515,0,3
1538,747,1516,0,3
1540,748,1518,0,2
1542,748,1520,0,3
1543,748,1565,3,0
1545,748,1567,3,0
1556,748,1534,0,3
1559,748,1537,0,3
1560,748,1538,0,3
1542,749,1520,0,3
1543,749,1565,3,0
1545,749,1567,3,0
1556,749,1534,0,3
1559,749,1537,0,3
1560,749,1538,0,3
1542,750,1520,0,3
1543,750,1565,3,0
1545,750,1567,3,0
1556,750,1534,0,3
1559,750,1537,0,3
1543,751,1565,3,0
1545,751,1567,3,0
1556,751,1534,0,3
1545,752,1567,3,0
1556,752,1534,0,3
1545,753,1567,3,0
1556,753,1534,0,3
1545,754,1567,3,0
1546,754,1568,3,0
1556,754,1534,0,3
1545,755,1567,3,0
1546,755,1568,3,0
1555,755,1533,0,3
1556,755,1534,0,3
1545,756,1567,3,0
1546,756,1568,3,0
1548,756,1570,3,0
1555,756,1533,0,3
1556,756,1534,0,3
1545,757,1567,3,0
1546,757,1568,3,0
1548,757,1570,3,0
1549,757,1527,0,3
1555,757,1533,0,3
1556,757,1534,0,3
1545,758,1567,3,0
1546,758,1568,3,0
1548,758,1570,3,0
1549,758,1527,0,3
1550,758,1528,0,3
1555,758,1533,0,3
1556,758,1534,0,3
1545,759,1567,3,0
1546,759,1568,3,0
1548,759,1570,3,0
1549,759,1527,0,3
1550,759,1528,0,3
1551,759,1529,0,3
1555,759,1533,0,3
1556,759,1534,0,3
1545,760,1567,3,0
1546,760,1568,3,0
1548,760,1570,3,0
1549,760,1527,0,3
1555,760,1533,0,3
1556,760,1534,0,3
1545,761,1567,3,0
1546,761,1568,3,0
1548,761,1570,3,0
1555,761,1533,0,3
1556,761,1534,0,3
1545,762,1567,3,0
1546,762,1568,3,0
1555,762,1533,0,3
1556,762,1534,0,3
1545,763,1567,3,0
1555,763,1533,0,3
1556,763,1534,0,3
1556,764,1534,0,3
1545,765,1567,3,0
1556,765,1534,0,3
1545,766,1567,3,0
1556,766,1534,0,3
1543,767,1565,3,0
1545,767,1567,3,0
1556,767,1534,0,3
1559,767,1537,0,3
1542,768,1520,0,3
1543,768,1565,3,0
1545,768,1567,3,0
1556,768,1534,0,3
1559,768,1537,0,3
1560,768,1538,0,3
1542,769,1520,0,3
1543,769,1565,3,0
1545,769,1567,3,0
1556,769,1534,0,3
1559,769,1537,0,3
1560,769,1538,0,3
1564,770,1542,0,3
1567,770,5,3,3
1579,770,1557,0,3
1580,770,18,3,3
1581,770,1559,0,3
1582,770,1560,0,3
1564,771,1542,0,3
1567,771,5,3,3
1579,771,1557,0,3
1580,771,18,3,3
1581,771,1559,0,3
1582,771,1560,0,3
1564,772,1542,0,3
1567,772,5,3,3
1579,772,1557,0,3
1580,772,18,3,3
1581,772,1559,0,3
1567,773,5,3,3
1579,773,1557,0,3
1580,773,18,3,3
1567,774,5,3,3
1579,774,1557,0,3
1567,775,5,3,3
1567,776,5,3,3
1568,776,6,3,3
1567,777,5,3,3
1568,777,6,3,3
1577,777,1555,0,3
1567,778,5,3,3
1568,778,6,3,3
1570,778,8,3,3
1576,778,14,3,3
1577,778,1555,0,3
1567,779,5,3,3
1568,779,6,3,3
1570,779,8,3,3
1571,779,1549,0,3
1576,779,14,3,3
1577,779,1555,0,3
1567,780,5,3,3
1568,780,6,3,3
1570,780,8,3,3
1571,780,1549,0,3
1576,780,14,3,3
1577,780,1555,0,3
1567,781,5,3,3
1568,781,6,3,3
1570,781,8,3,3
1571,781,1549,0,3
1573,781,1551,0,3
1576,781,14,3,3
1577,781,1555,0,3
1567,782,5,3,3
1568,782,6,3,3
1570,782,8,3,3
1571,782,1549,0,3
1576,782,14,3,3
1577,782,1555,0,3
1567,783,5,3,3
1568,783,6,3,3
1570,783,8,3,3
1576,783,14,3,3
1577,783,1555,0,3
1567,784,5,3,3
1568,784,6,3,3
1576,784,14,3,3
1577,784,1555,0,3
1567,785,5,3,3
1568,785,6,3,3
1577,785,1555,0,3
1567,787,5,3,3
1579,787,1557,0,3
1567,788,5,3,3
1579,788,1557,0,3
1580,788,18,3,3
1567,789,5,3,3
1579,789,1557,0,3
1580,789,18,3,3
1581,789,1559,0,3
1564,790,1542,0,3
1567,790,5,3,3
1579,790,1557,0,3
1580,790,18,3,3
1581,790,1559,0,3
1582,790,1560,0,3
1564,791,1542,0,3
1567,791,5,3,3
1579,791,1557,0,3
1580,791,18,3,3
1581,791,1559,0,3
1582,791,1560,0,3
5,792,27,2,0
16,792,38,2,0
17,792,1579,3,3
19,792,1581,3,3
20,792,1582,3,3
5,793,27,2,0
16,793,38,2,0
17,793,1579,3,3
19,793,1581,3,3
20,793,1582,3,3
5,794,27,2,0
16,794,38,2,0
17,794,1579,3,3
19,794,1581,3,3
5,795,27,2,0
16,795,38,2,0
17,795,1579,3,3
5,796,27,2,0
16,796,38,2,0
17,796,1579,3,3
5,797,27,2,0
16,797,38,2,0
5,798,27,2,0
6,798,28,2,0
16,798,38,2,0
5,799,27,2,0
6,799,28,2,0
15,799,1577,3,3
16,799,38,2,0
5,800,27,2,0
6,800,28,2,0
8,800,30,2,0
14,800,36,2,0
15,800,1577,3,3
16,800,38,2,0
5,801,27,2,0
6,801,28,2,0
8,801,30,2,0
9,801,1571,3,3
14,801,36,2,0
15,801,1577,3,3
16,801,38,2,0
5,802,27,2,0
6,802,28,2,0
8,802,30,2,0
9,802,1571,3,3
12,802,1574,3,3
14,802,36,2,0
15,802,1577,3,3
16,802,38,2,0
5,803,27,2,0
6,803,28,2,0
8,803,30,2,0
9,803,1571,3,3
11,803,1573,3,3
12,803,1574,3,3
14,803,36,2,0
15,803,1577,3,3
16,803,38,2,0
5,804,27,2,0
6,804,28,2,0
8,804,30,2,0
9,804,1571,3,3
12,804,1574,3,3
14,804,36,2,0
15,804,1577,3,3
16,804,38,2,0
5,805,27,2,0
6,805,28,2,0
8,805,30,2,0
14,805,36,2,0
15,805,1577,3,3
16,805,38,2,0
5,806,27,2,0
6,806,28,2,0
14,806,36,2,0
15,806,1577,3,3
16,806,38,2,0
5,807,27,2,0
15,807,1577,3,3
16,807,38,2,0
16,808,38,2,0
5,809,27,2,0
16,809,38,2,0
17,809,1579,3,3
5,810,27,2,0
16,810,38,2,0
17,810,1579,3,3
5,811,27,2,0
16,811,38,2,0
17,811,1579,3,3
19,811,1581,3,3
5,812,27,2,0
16,812,38,2,0
17,812,1579,3,3
19,812,1581,3,3
20,812,1582,3,3
5,813,27,2,0
16,813,38,2,0
17,813,1579,3,3
19,813,1581,3,3
20,813,1582,3,3
23,814,1,0,2
26,814,4,0,2
27,814,49,3,0
38,814,60,3,0
39,814,17,0,2
41,814,19,0,2
42,814,20,0,2
23,815,1,0,2
26,815,4,0,2
27,815,49,3,0
38,815,60,3,0
39,815,17,0,2
41,815,19,0,2
42,815,20,0,2
26,816,4,0,2
27,816,49,3,0
38,816,60,3,0
39,816,17,0,2
41,816,19,0,2
26,817,4,0,2
27,817,49,3,0
38,817,60,3,0
39,817,17,0,2
26,818,4,0,2
27,818,49,3,0
38,818,60,3,0
39,818,17,0,2
27,819,49,3,0
38,819,60,3,0
27,820,49,3,0
28,820,50,3,0
38,820,60,3,0
27,821,49,3,0
28,821,50,3,0
29,821,51,3,0
37,821,15,0,2
38,821,60,3,0
27,822,49,3,0
28,822,50,3,0
29,822,51,3,0
30,822,52,3,0
36,822,58,3,0
37,822,15,0,2
38,822,60,3,0
27,823,49,3,0
28,823,50,3,0
29,823,51,3,0
30,823,52,3,0
31,823,9,0,2
36,823,58,3,0
37,823,15,0,2
38,823,60,3,0
27,824,49,3,0
28,824,50,3,0
29,824,51,3,0
30,824,52,3,0
31,824,9,0,2
34,824,12,0,2
36,824,58,3,0
37,824,15,0,2
38,824,60,3,0
27,825,49,3,0
28,825,50,3,0
29,825,51,3,0
30,825,52,3,0
31,825,9,0,2
33,825,11,0,2
34,825,12,0,2
36,825,58,3,0
37,825,15,0,2
38,825,60,3,0
27,826,49,3,0
28,826,50,3,0
29,826,51,3,0
30,826,52,3,0
31,826,9,0,2
34,826,12,0,2
36,826,58,3,0
37,826,15,0,2
38,826,60,3,0
27,827,49,3,0
28,827,50,3,0
29,827,51,3,0
30,827,52,3,0
36,827,58,3,0
37,827,15,0,2
38,827,60,3,0
27,828,49,3,0
28,828,50,3,0
29,828,51,3,0
36,828,58,3,0
37,828,15,0,2
38,828,60,3,0
27,829,49,3,0
28,829,50,3,0
37,829,15,0,2
38,829,60,3,0
38,830,60,3,0
27,831,49,3,0
38,831,60,3,0
39,831,17,0,2
26,832,4,0,2
27,832,49,3,0
38,832,60,3,0
39,832,17,0,2
26,833,4,0,2
27,833,49,3,0
38,833,60,3,0
39,833,17,0,2
41,833,19,0,2
26,834,4,0,2
27,834,49,3,0
38,834,60,3,0
39,834,17,0,2
41,834,19,0,2
42,834,20,0,2
23,835,1,0,2
26,835,4,0,2
27,835,49,3,0
38,835,60,3,0
39,835,17,0,2
41,835,19,0,2
42,835,20,0,2
45,836,23,0,3
48,836,26,0,3
60,836,82,3,0
61,836,39,0,3
63,836,41,0,3
64,836,42,0,3
45,837,23,0,3
48,837,26,0,3
60,837,82,3,0
61,837,39,0,3
63,837,41,0,3
64,837,42,0,3
48,838,26,0,3
60,838,82,3,0
61,838,39,0,3
63,838,41,0,3
48,839,26,0,3
60,839,82,3,0
61,839,39,0,3
48,840,26,0,3
60,840,82,3,0
61,840,39,0,3
60,841,82,3,0
60,842,82,3,0
59,843,37,0,3
60,843,82,3,0
52,844,74,3,0
58,844,80,3,0
59,844,37,0,3
60,844,82,3,0
52,845,74,3,0
53,845,31,0,3
58,845,80,3,0
59,845,37,0,3
60,845,82,3,0
52,846,74,3,0
53,846,31,0,3
56,846,34,0,3
58,846,80,3,0
59,846,37,0,3
60,846,82,3,0
52,847,74,3,0
53,847,31,0,3
55,847,33,0,3
56,847,34,0,3
58,847,80,3,0
59,847,37,0,3
60,847,82,3,0
52,848,74,3,0
53,848,31,0,3
56,848,34,0,3
58,848,80,3,0
59,848,37,0,3
60,848,82,3,0
52,849,74,3,0
58,849,80,3,0
59,849,37,0,3
60,849,82,3,0
58,850,80,3,0
59,850,37,0,3
60,850,82,3,0
59,851,37,0,3
60,851,82,3,0
60,852,82,3,0
60,853,82,3,0
61,853,39,0,3
48,854,26,0,3
60,854,82,3,0
61,854,39,0,3
48,855,26,0,3
60,855,82,3,0
61,855,39,0,3
63,855,41,0,3
48,856,26,0,3
60,856,82,3,0
61,856,39,0,3
63,856,41,0,3
64,856,42,0,3
45,857,23,0,3
48,857,26,0,3
60,857,82,3,0
61,857,39,0,3
63,857,41,0,3
64,857,42,0,3
66,858,44,0,2
67,858,45,0,3
70,858,48,0,3
82,858,104,3,0
83,858,61,0,3
85,858,63,0,3
86,858,64,0,3
67,859,45,0,3
70,859,48,0,3
82,859,104,3,0
83,859,61,0,3
85,859,63,0,3
86,859,64,0,3
70,860,48,0,3
82,860,104,3,0
83,860,61,0,3
85,860,63,0,3
70,861,48,0,3
82,861,104,3,0
83,861,61,0,3
70,862,48,0,3
82,862,104,3,0
83,862,61,0,3
82,863,104,3,0
82,864,104,3,0
81,865,59,0,3
82,865,104,3,0
74,866,96,3,0
80,866,102,3,0
81,866,59,0,3
82,866,104,3,0
74,867,96,3,0
75,867,53,0,3
80,867,102,3,0
81,867,59,0,3
82,867,104,3,0
74,868,96,3,0
75,868,53,0,3
78,868,56,0,3
80,868,102,3,0
81,868,59,0,3
82,868,104,3,0
74,869,96,3,0
75,869,53,0,3
77,869,55,0,3
78,869,56,0,3
80,869,102,3,0
81,869,59,0,3
82,869,104,3,0
74,870,96,3,0
75,870,53,0,3
78,870,56,0,3
80,870,102,3,0
81,870,59,0,3
82,870,104,3,0
74,871,96,3,0
80,871,102,3,0
81,871,59,0,3
82,871,104,3,0
80,872,102,3,0
81,872,59,0,3
82,872,104,3,0
81,873,59,0,3
82,873,104,3,0
82,874,104,3,0
82,875,104,3,0
83,875,61,0,3
70,876,48,0,3
82,876,104,3,0
83,876,61,0,3
70,877,48,0,3
82,877,104,3,0
83,877,61,0,3
85,877,63,0,3
70,878,48,0,3
82,878,104,3,0
83,878,61,0,3
85,878,63,0,3
86,878,64,0,3
67,879,45,0,3
70,879,48,0,3
82,879,104,3,0
83,879,61,0,3
85,879,63,0,3
86,879,64,0,3
88,880,66,0,2
89,880,67,0,3
90,880,112,3,0
91,880,69,0,3
92,880,70,0,3
104,880,126,3,0
107,880,85,0,3
108,880,86,0,3
89,881,67,0,3
90,881,112,3,0
91,881,69,0,3
92,881,70,0,3
104,881,126,3,0
107,881,85,0,3
108,881,86,0,3
90,882,112,3,0
91,882,69,0,3
92,882,70,0,3
104,882,126,3,0
107,882,85,0,3
91,883,69,0,3
92,883,70,0,3
104,883,126,3,0
92,884,70,0,3
104,884,126,3,0
104,885,126,3,0
104,886,126,3,0
103,887,81,0,3
104,887,126,3,0
96,888,118,3,0
102,888,124,3,0
103,888,81,0,3
104,888,126,3,0
96,889,118,3,0
97,889,75,0,3
102,889,124,3,0
103,889,81,0,3
104,889,126,3,0
96,890,118,3,0
97,890,75,0,3
100,890,78,0,3
102,890,124,3,0
103,890,81,0,3
104,890,126,3,0
96,891,118,3,0
97,891,75,0,3
99,891,77,0,3
100,891,78,0,3
102,891,124,3,0
103,891,81,0,3
104,891,126,3,0
96,892,118,3,0
97,892,75,0,3
100,892,78,0,3
102,892,124,3,0
103,892,81,0,3
104,892,126,3,0
96,893,118,3,0
102,893,124,3,0
103,893,81,0,3
104,893,126,3,0
102,894,124,3,0
103,894,81,0,3
104,894,126,3,0
103,895,81,0,3
104,895,126,3,0
104,896,126,3,0
104,897,126,3,0
92,898,70,0,3
104,898,126,3,0
91,899,69,0,3
92,899,70,0,3
104,899,126,3,0
107,899,85,0,3
90,900,112,3,0
91,900,69,0,3
92,900,70,0,3
104,900,126,3,0
107,900,85,0,3
108,900,86,0,3
89,901,67,0,3
90,901,112,3,0
91,901,69,0,3
92,901,70,0,3
104,901,126,3,0
107,901,85,0,3
108,901,86,0,3
110,902,88,0,2
111,902,89,0,3
112,902,134,3,0
113,902,91,0,3
114,902,92,0,3
126,902,148,3,0
129,902,107,0,3
130,902,108,0,3
111,903,89,0,3
112,903,134,3,0
113,903,91,0,3
114,903,92,0,3
126,903,148,3,0
129,903,107,0,3
130,903,108,0,3
112,904,134,3,0
113,904,91,0,3
114,904,92,0,3
126,904,148,3,0
129,904,107,0,3
113,905,91,0,3
114,905,92,0,3
126,905,148,3,0
114,906,92,0,3
126,906,148,3,0
126,907,148,3,0
126,908,148,3,0
125,909,103,0,3
126,909,148,3,0
118,910,140,3,0
124,910,146,3,0
125,910,103,0,3
126,910,148,3,0
118,911,140,3,0
119,911,97,0,3
124,911,146,3,0
125,911,103,0,3
126,911,148,3,0
118,912,140,3,0
119,912,97,0,3
122,912,100,0,3
124,912,146,3,0
125,912,103,0,3
126,912,148,3,0
118,913,140,3,0
119,913,97,0,3
122,913,100,0,3
124,913,146,3,0
125,913,103,0,3
126,913,148,3,0
118,914,140,3,0
119,914,97,0,3
122,914,100,0,3
124,914,146,3,0
125,914,103,0,3
126,914,148,3,0
118,915,140,3,0
124,915,146,3,0
125,915,103,0,3
126,915,148,3,0
124,916,146,3,0
125,916,103,0,3
126,916,148,3,0
125,917,103,0,3
126,917,148,3,0
126,918,148,3,0
126,919,148,3,0
114,920,92,0,3
126,920,148,3,0
113,921,91,0,3
114,921,92,0,3
126,921,148,3,0
129,921,107,0,3
112,922,134,3,0
113,922,91,0,3
114,922,92,0,3
126,922,148,3,0
129,922,107,0,3
130,922,108,0,3
111,923,89,0,3
112,923,134,3,0
113,923,91,0,3
114,923,92,0,3
126,923,148,3,0
129,923,107,0,3
130,923,108,0,3
132,924,110,0,2
133,924,111,0,3
135,924,113,0,3
136,924,114,0,3
149,924,127,0,3
152,924,130,0,3
133,925,111,0,3
135,925,113,0,3
136,925,114,0,3
149,925,127,0,3
152,925,130,0,3
135,926,113,0,3
136,926,114,0,3
149,926,127,0,3
135,927,113,0,3
136,927,114,0,3
149,927,127,0,3
136,928,114,0,3
149,928,127,0,3
147,931,125,0,3
146,932,168,3,0
147,932,125,0,3
141,933,119,0,3
145,933,123,0,3
146,933,168,3,0
147,933,125,0,3
141,934,119,0,3
142,934,164,3,0
144,934,122,0,3
145,934,123,0,3
146,934,168,3,0
147,934,125,0,3
141,935,119,0,3
142,935,164,3,0
144,935,122,0,3
145,935,123,0,3
146,935,168,3,0
147,935,125,0,3
141,936,119,0,3
144,936,122,0,3
145,936,123,0,3
146,936,168,3,0
147,936,125,0,3
145,937,123,0,3
146,937,168,3,0
147,937,125,0,3
146,938,168,3,0
147,938,125,0,3
147,939,125,0,3
149,941,127,0,3
136,942,114,0,3
149,942,127,0,3
135,943,113,0,3
136,943,114,0,3
149,943,127,0,3
135,944,113,0,3
136,944,114,0,3
149,944,127,0,3
152,944,130,0,3
133,945,111,0,3
135,945,113,0,3
136,945,114,0,3
149,945,127,0,3
152,945,130,0,3
154,946,132,0,2
155,946,133,0,3
157,946,135,0,3
158,946,136,0,3
171,946,149,0,3
174,946,152,0,3
155,947,133,0,3
157,947,135,0,3
158,947,136,0,3
171,947,149,0,3
174,947,152,0,3
157,948,135,0,3
158,948,136,0,3
171,948,149,0,3
157,949,135,0,3
158,949,136,0,3
171,949,149,0,3
158,950,136,0,3
171,950,149,0,3
168,954,190,3,0
163,955,141,0,3
168,955,190,3,0
163,956,141,0,3
164,956,186,3,0
166,956,144,0,3
168,956,190,3,0
163,957,141,0,3
164,957,186,3,0
166,957,144,0,3
168,957,190,3,0
163,958,141,0,3
166,958,144,0,3
168,958,190,3,0
168,959,190,3,0
168,960,190,3,0
171,963,149,0,3
158,964,136,0,3
171,964,149,0,3
157,965,135,0,3
158,965,136,0,3
171,965,149,0,3
157,966,135,0,3
158,966,136,0,3
171,966,149,0,3
174,966,152,0,3
155,967,133,0,3
157,967,135,0,3
158,967,136,0,3
171,967,149,0,3
174,967,152,0,3
176,968,154,0,2
177,968,155,0,3
178,968,200,3,0
179,968,157,0,3
180,968,158,0,3
181,968,159,0,3
193,968,171,0,3
195,968,217,3,0
196,968,174,0,3
177,969,155,0,3
178,969,200,3,0
179,969,157,0,3
180,969,158,0,3
181,969,159,0,3
193,969,171,0,3
195,969,217,3,0
196,969,174,0,3
178,970,200,3,0
179,970,157,0,3
180,970,158,0,3
181,970,159,0,3
193,970,171,0,3
195,970,217,3,0
179,971,157,0,3
180,971,158,0,3
181,971,159,0,3
193,971,171,0,3
180,972,158,0,3
181,972,159,0,3
193,972,171,0,3
181,973,159,0,3
181,974,159,0,3
181,975,159,0,3
181,976,159,0,3
190,976,212,3,0
181,977,159,0,3
185,977,163,0,3
190,977,212,3,0
181,978,159,0,3
185,978,163,0,3
186,978,208,3,0
188,978,166,0,3
190,978,212,3,0
181,979,159,0,3
185,979,163,0,3
186,979,208,3,0
188,979,166,0,3
190,979,212,3,0
181,980,159,0,3
185,980,163,0,3
188,980,166,0,3
190,980,212,3,0
181,981,159,0,3
190,981,212,3,0
181,982,159,0,3
190,982,212,3,0
181,983,159,0,3
181,985,159,0,3
193,985,171,0,3
180,986,158,0,3
181,986,159,0,3
193,986,171,0,3
179,987,157,0,3
180,987,158,0,3
181,987,159,0,3
193,987,171,0,3
195,987,217,3,0
178,988,200,3,0
179,988,157,0,3
180,988,158,0,3
181,988,159,0,3
193,988,171,0,3
195,988,217,3,0
196,988,174,0,3
177,989,155,0,3
178,989,200,3,0
179,989,157,0,3
180,989,158,0,3
181,989,159,0,3
193,989,171,0,3
195,989,217,3,0
196,989,174,0,3
198,990,176,0,2
199,990,177,0,3
201,990,179,0,3
202,990,180,0,3
203,990,181,0,3
215,990,193,0,3
217,990,239,3,0
199,991,177,0,3
201,991,179,0,3
202,991,180,0,3
203,991,181,0,3
215,991,193,0,3
217,991,239,3,0
201,992,179,0,3
202,992,180,0,3
203,992,181,0,3
215,992,193,0,3
217,992,239,3,0
201,993,179,0,3
202,993,180,0,3
203,993,181,0,3
215,993,193,0,3
202,994,180,0,3
203,994,181,0,3
215,994,193,0,3
203,995,181,0,3
203,996,181,0,3
203,997,181,0,3
203,998,181,0,3
203,999,181,0,3
203,1000,181,0,3
208,1000,230,3,0
210,1000,188,0,3
203,1001,181,0,3
208,1001,230,3,0
210,1001,188,0,3
203,1002,181,0,3
210,1002,188,0,3
203,1003,181,0,3
203,1004,181,0,3
203,1005,181,0,3
203,1007,181,0,3
215,1007,193,0,3
202,1008,180,0,3
203,1008,181,0,3
215,1008,193,0,3
201,1009,179,0,3
202,1009,180,0,3
203,1009,181,0,3
215,1009,193,0,3
217,1009,239,3,0
201,1010,179,0,3
202,1010,180,0,3
203,1010,181,0,3
215,1010,193,0,3
217,1010,239,3,0
199,1011,177,0,3
201,1011,179,0,3
202,1011,180,0,3
203,1011,181,0,3
215,1011,193,0,3
217,1011,239,3,0
220,1012,198,0,2
221,1012,199,0,3
223,1012,201,0,3
224,1012,202,0,3
225,1012,203,0,3
237,1012,215,0,3
239,1012,261,3,0
221,1013,199,0,3
223,1013,201,0,3
224,1013,202,0,3
225,1013,203,0,3
237,1013,215,0,3
239,1013,261,3,0
223,1014,201,0,3
224,1014,202,0,3
225,1014,203,0,3
237,1014,215,0,3
239,1014,261,3,0
223,1015,201,0,3
224,1015,202,0,3
225,1015,203,0,3
237,1015,215,0,3
224,1016,202,0,3
225,1016,203,0,3
237,1016,215,0,3
225,1017,203,0,3
225,1018,203,0,3
226,1018,204,0,3
225,1019,203,0,3
226,1019,204,0,3
227,1019,205,0,3
225,1020,203,0,3
226,1020,204,0,3
227,1020,205,0,3
225,1021,203,0,3
226,1021,204,0,3
227,1021,205,0,3
225,1022,203,0,3
226,1022,204,0,3
227,1022,205,0,3
230,1022,252,3,0
232,1022,210,0,3
225,1023,203,0,3
226,1023,204,0,3
227,1023,205,0,3
230,1023,252,3,0
232,1023,210,0,3
225,1024,203,0,3
226,1024,204,0,3
227,1024,205,0,3
232,1024,210,0,3
225,1025,203,0,3
226,1025,204,0,3
227,1025,205,0,3
225,1026,203,0,3
226,1026,204,0,3
227,1026,205,0,3
225,1027,203,0,3
225,1029,203,0,3
237,1029,215,0,3
224,1030,202,0,3
225,1030,203,0,3
237,1030,215,0,3
223,1031,201,0,3
224,1031,202,0,3
225,1031,203,0,3
237,1031,215,0,3
239,1031,261,3,0
223,1032,201,0,3
224,1032,202,0,3
225,1032,203,0,3
237,1032,215,0,3
239,1032,261,3,0
221,1033,199,0,3
223,1033,201,0,3
224,1033,202,0,3
225,1033,203,0,3
237,1033,215,0,3
239,1033,261,3,0
242,1034,220,0,2
243,1034,221,0,3
245,1034,223,0,3
246,1034,224,0,3
259,1034,237,0,3
261,1034,283,3,0
243,1035,221,0,3
245,1035,223,0,3
246,1035,224,0,3
259,1035,237,0,3
261,1035,283,3,0
245,1036,223,0,3
246,1036,224,0,3
259,1036,237,0,3
261,1036,283,3,0
245,1037,223,0,3
246,1037,224,0,3
259,1037,237,0,3
246,1038,224,0,3
259,1038,237,0,3
248,1040,226,0,3
248,1041,226,0,3
249,1041,227,0,3
248,1042,226,0,3
249,1042,227,0,3
248,1043,226,0,3
249,1043,227,0,3
248,1044,226,0,3
249,1044,227,0,3
252,1044,274,3,0
254,1044,232,0,3
248,1045,226,0,3
249,1045,227,0,3
252,1045,274,3,0
254,1045,232,0,3
248,1046,226,0,3
249,1046,227,0,3
254,1046,232,0,3
248,1047,226,0,3
249,1047,227,0,3
248,1048,226,0,3
249,1048,227,0,3
248,1049,226,0,3
259,1051,237,0,3
246,1052,224,0,3
259,1052,237,0,3
245,1053,223,0,3
246,1053,224,0,3
259,1053,237,0,3
261,1053,283,3,0
245,1054,223,0,3
246,1054,224,0,3
259,1054,237,0,3
261,1054,283,3,0
243,1055,221,0,3
245,1055,223,0,3
246,1055,224,0,3
259,1055,237,0,3
261,1055,283,3,0
264,1056,242,0,2
265,1056,243,0,3
266,1056,288,3,0
267,1056,245,0,3
268,1056,246,0,3
269,1056,247,0,3
281,1056,259,0,3
283,1056,305,3,0
285,1056,307,3,0
265,1057,243,0,3
266,1057,288,3,0
267,1057,245,0,3
268,1057,246,0,3
269,1057,247,0,3
281,1057,259,0,3
283,1057,305,3,0
266,1058,288,3,0
267,1058,245,0,3
268,1058,246,0,3
269,1058,247,0,3
281,1058,259,0,3
283,1058,305,3,0
267,1059,245,0,3
268,1059,246,0,3
269,1059,247,0,3
281,1059,259,0,3
268,1060,246,0,3
269,1060,247,0,3
281,1060,259,0,3
269,1061,247,0,3
269,1062,247,0,3
270,1062,248,0,3
269,1063,247,0,3
270,1063,248,0,3
271,1063,249,0,3
269,1064,247,0,3
270,1064,248,0,3
271,1064,249,0,3
269,1065,247,0,3
270,1065,248,0,3
271,1065,249,0,3
269,1066,247,0,3
270,1066,248,0,3
271,1066,249,0,3
274,1066,296,3,0
276,1066,254,0,3
269,1067,247,0,3
270,1067,248,0,3
271,1067,249,0,3
274,1067,296,3,0
276,1067,254,0,3
269,1068,247,0,3
270,1068,248,0,3
271,1068,249,0,3
276,1068,254,0,3
269,1069,247,0,3
270,1069,248,0,3
271,1069,249,0,3
269,1070,247,0,3
270,1070,248,0,3
271,1070,249,0,3
269,1071,247,0,3
269,1073,247,0,3
281,1073,259,0,3
268,1074,246,0,3
269,1074,247,0,3
281,1074,259,0,3
267,1075,245,0,3
268,1075,246,0,3
269,1075,247,0,3
281,1075,259,0,3
283,1075,305,3,0
266,1076,288,3,0
267,1076,245,0,3
268,1076,246,0,3
269,1076,247,0,3
281,1076,259,0,3
283,1076,305,3,0
265,1077,243,0,3
266,1077,288,3,0
267,1077,245,0,3
268,1077,246,0,3
269,1077,247,0,3
281,1077,259,0,3
283,1077,305,3,0
285,1077,307,3,0
286,1078,264,0,2
287,1078,265,0,3
288,1078,310,3,0
289,1078,267,0,3
290,1078,268,0,3
291,1078,269,0,3
303,1078,281,0,3
304,1078,326,3,0
305,1078,327,3,0
307,1078,329,3,0
287,1079,265,0,3
288,1079,310,3,0
289,1079,267,0,3
290,1079,268,0,3
291,1079,269,0,3
303,1079,281,0,3
304,1079,326,3,0
305,1079,327,3,0
288,1080,310,3,0
289,1080,267,0,3
290,1080,268,0,3
291,1080,269,0,3
303,1080,281,0,3
304,1080,326,3,0
305,1080,327,3,0
289,1081,267,0,3
290,1081,268,0,3
291,1081,269,0,3
303,1081,281,0,3
304,1081,326,3,0
290,1082,268,0,3
291,1082,269,0,3
303,1082,281,0,3
291,1083,269,0,3
291,1084,269,0,3
292,1084,270,0,3
291,1085,269,0,3
292,1085,270,0,3
293,1085,271,0,3
291,1086,269,0,3
292,1086,270,0,3
293,1086,271,0,3
291,1087,269,0,3
292,1087,270,0,3
293,1087,271,0,3
291,1088,269,0,3
292,1088,270,0,3
293,1088,271,0,3
296,1088,318,3,0
298,1088,276,0,3
291,1089,269,0,3
292,1089,270,0,3
293,1089,271,0,3
296,1089,318,3,0
298,1089,276,0,3
291,1090,269,0,3
292,1090,270,0,3
293,1090,271,0,3
298,1090,276,0,3
291,1091,269,0,3
292,1091,270,0,3
293,1091,271,0,3
291,1092,269,0,3
292,1092,270,0,3
293,1092,271,0,3
291,1093,269,0,3
292,1093,270,0,3
291,1095,269,0,3
303,1095,281,0,3
290,1096,268,0,3
291,1096,269,0,3
303,1096,281,0,3
304,1096,326,3,0
289,1097,267,0,3
290,1097,268,0,3
291,1097,269,0,3
303,1097,281,0,3
304,1097,326,3,0
305,1097,327,3,0
288,1098,310,3,0
289,1098,267,0,3
290,1098,268,0,3
291,1098,269,0,3
303,1098,281,0,3
304,1098,326,3,0
305,1098,327,3,0
287,1099,265,0,3
288,1099,310,3,0
289,1099,267,0,3
290,1099,268,0,3
291,1099,269,0,3
303,1099,281,0,3
304,1099,326,3,0
305,1099,327,3,0
307,1099,329,3,0
308,1100,286,0,2
309,1100,287,0,3
310,1100,332,3,0
311,1100,289,0,3
312,1100,290,0,3
313,1100,291,0,3
325,1100,303,0,3
326,1100,348,3,0
327,1100,349,3,0
329,1100,351,3,0
309,1101,287,0,3
310,1101,332,3,0
311,1101,289,0,3
312,1101,290,0,3
313,1101,291,0,3
325,1101,303,0,3
326,1101,348,3,0
327,1101,349,3,0
310,1102,332,3,0
311,1102,289,0,3
312,1102,290,0,3
313,1102,291,0,3
325,1102,303,0,3
326,1102,348,3,0
327,1102,349,3,0
311,1103,289,0,3
312,1103,290,0,3
313,1103,291,0,3
325,1103,303,0,3
326,1103,348,3,0
312,1104,290,0,3
313,1104,291,0,3
325,1104,303,0,3
313,1105,291,0,3
313,1106,291,0,3
314,1106,292,0,3
313,1107,291,0,3
314,1107,292,0,3
315,1107,293,0,3
313,1108,291,0,3
314,1108,292,0,3
315,1108,293,0,3
316,1108,294,0,3
313,1109,291,0,3
314,1109,292,0,3
315,1109,293,0,3
316,1109,294,0,3
313,1110,291,0,3
314,1110,292,0,3
315,1110,293,0,3
316,1110,294,0,3
318,1110,340,3,0
320,1110,298,0,3
313,1111,291,0,3
314,1111,292,0,3
315,1111,293,0,3
316,1111,294,0,3
318,1111,340,3,0
320,1111,298,0,3
313,1112,291,0,3
314,1112,292,0,3
315,1112,293,0,3
316,1112,294,0,3
320,1112,298,0,3
313,1113,291,0,3
314,1113,292,0,3
315,1113,293,0,3
316,1113,294,0,3
313,1114,291,0,3
314,1114,292,0,3
315,1114,293,0,3
313,1115,291,0,3
313,1117,291,0,3
325,1117,303,0,3
312,1118,290,0,3
313,1118,291,0,3
325,1118,303,0,3
326,1118,348,3,0
311,1119,289,0,3
312,1119,290,0,3
313,1119,291,0,3
325,1119,303,0,3
326,1119,348,3,0
327,1119,349,3,0
310,1120,332,3,0
311,1120,289,0,3
312,1120,290,0,3
313,1120,291,0,3
325,1120,303,0,3
326,1120,348,3,0
327,1120,349,3,0
309,1121,287,0,3
310,1121,332,3,0
311,1121,289,0,3
312,1121,290,0,3
313,1121,291,0,3
325,1121,303,0,3
326,1121,348,3,0
327,1121,349,3,0
329,1121,351,3,0
330,1122,308,0,2
331,1122,309,0,3
332,1122,354,3,0
333,1122,311,0,3
334,1122,312,0,3
335,1122,313,0,3
347,1122,325,0,3
348,1122,370,3,0
349,1122,371,3,0
351,1122,373,3,0
331,1123,309,0,3
332,1123,354,3,0
333,1123,311,0,3
334,1123,312,0,3
335,1123,313,0,3
347,1123,325,0,3
348,1123,370,3,0
349,1123,371,3,0
332,1124,354,3,0
333,1124,311,0,3
334,1124,312,0,3
335,1124,313,0,3
347,1124,325,0,3
348,1124,370,3,0
349,1124,371,3,0
333,1125,311,0,3
334,1125,312,0,3
335,1125,313,0,3
347,1125,325,0,3
348,1125,370,3,0
334,1126,312,0,3
335,1126,313,0,3
347,1126,325,0,3
335,1127,313,0,3
335,1128,313,0,3
336,1128,314,0,3
335,1129,313,0,3
336,1129,314,0,3
337,1129,315,0,3
335,1130,313,0,3
336,1130,314,0,3
337,1130,315,0,3
338,1130,316,0,3
335,1131,313,0,3
336,1131,314,0,3
337,1131,315,0,3
338,1131,316,0,3
335,1132,313,0,3
336,1132,314,0,3
337,1132,315,0,3
338,1132,316,0,3
340,1132,362,3,0
335,1133,313,0,3
336,1133,314,0,3
337,1133,315,0,3
338,1133,316,0,3
340,1133,362,3,0
335,1134,313,0,3
336,1134,314,0,3
337,1134,315,0,3
338,1134,316,0,3
335,1135,313,0,3
336,1135,314,0,3
337,1135,315,0,3
338,1135,316,0,3
335,1136,313,0,3
336,1136,314,0,3
337,1136,315,0,3
335,1137,313,0,3
336,1137,314,0,3
335,1139,313,0,3
347,1139,325,0,3
334,1140,312,0,3
335,1140,313,0,3
347,1140,325,0,3
348,1140,370,3,0
333,1141,311,0,3
334,1141,312,0,3
335,1141,313,0,3
347,1141,325,0,3
348,1141,370,3,0
349,1141,371,3,0
332,1142,354,3,0
333,1142,311,0,3
334,1142,312,0,3
335,1142,313,0,3
347,1142,325,0,3
348,1142,370,3,0
349,1142,371,3,0
331,1143,309,0,3
332,1143,354,3,0
333,1143,311,0,3
334,1143,312,0,3
335,1143,313,0,3
347,1143,325,0,3
348,1143,370,3,0
349,1143,371,3,0
351,1143,373,3,0
352,1144,330,0,2
353,1144,331,0,3
354,1144,376,3,0
355,1144,333,0,3
356,1144,334,0,3
357,1144,335,0,3
370,1144,392,3,0
371,1144,393,3,0
373,1144,395,3,0
353,1145,331,0,3
354,1145,376,3,0
355,1145,333,0,3
356,1145,334,0,3
357,1145,335,0,3
370,1145,392,3,0
371,1145,393,3,0
354,1146,376,3,0
355,1146,333,0,3
356,1146,334,0,3
357,1146,335,0,3
370,1146,392,3,0
371,1146,393,3,0
355,1147,333,0,3
356,1147,334,0,3
357,1147,335,0,3
370,1147,392,3,0
356,1148,334,0,3
357,1148,335,0,3
357,1149,335,0,3
357,1150,335,0,3
358,1150,336,0,3
357,1151,335,0,3
358,1151,336,0,3
359,1151,337,0,3
357,1152,335,0,3
358,1152,336,0,3
359,1152,337,0,3
360,1152,338,0,3
357,1153,335,0,3
358,1153,336,0,3
359,1153,337,0,3
360,1153,338,0,3
357,1154,335,0,3
358,1154,336,0,3
359,1154,337,0,3
360,1154,338,0,3
362,1154,384,3,0
357,1155,335,0,3
358,1155,336,0,3
359,1155,337,0,3
360,1155,338,0,3
362,1155,384,3,0
357,1156,335,0,3
358,1156,336,0,3
359,1156,337,0,3
360,1156,338,0,3
357,1157,335,0,3
358,1157,336,0,3
359,1157,337,0,3
360,1157,338,0,3
357,1158,335,0,3
358,1158,336,0,3
359,1158,337,0,3
357,1159,335,0,3
357,1161,335,0,3
356,1162,334,0,3
357,1162,335,0,3
370,1162,392,3,0
355,1163,333,0,3
356,1163,334,0,3
357,1163,335,0,3
370,1163,392,3,0
371,1163,393,3,0
354,1164,376,3,0
355,1164,333,0,3
356,1164,334,0,3
357,1164,335,0,3
370,1164,392,3,0
371,1164,393,3,0
353,1165,331,0,3
354,1165,376,3,0
355,1165,333,0,3
356,1165,334,0,3
357,1165,335,0,3
370,1165,392,3,0
371,1165,393,3,0
373,1165,395,3,0
374,1166,352,0,2
375,1166,353,0,3
376,1166,398,3,0
377,1166,355,0,3
378,1166,356,0,3
379,1166,357,0,3
392,1166,414,3,0
393,1166,415,3,0
395,1166,417,3,0
375,1167,353,0,3
376,1167,398,3,0
377,1167,355,0,3
378,1167,356,0,3
379,1167,357,0,3
392,1167,414,3,0
393,1167,415,3,0
376,1168,398,3,0
377,1168,355,0,3
378,1168,356,0,3
379,1168,357,0,3
392,1168,414,3,0
393,1168,415,3,0
377,1169,355,0,3
378,1169,356,0,3
379,1169,357,0,3
392,1169,414,3,0
378,1170,356,0,3
379,1170,357,0,3
379,1171,357,0,3
379,1172,357,0,3
380,1172,358,0,3
379,1173,357,0,3
380,1173,358,0,3
381,1173,359,0,3
379,1174,357,0,3
380,1174,358,0,3
381,1174,359,0,3
382,1174,360,0,3
379,1175,357,0,3
380,1175,358,0,3
381,1175,359,0,3
382,1175,360,0,3
379,1176,357,0,3
380,1176,358,0,3
381,1176,359,0,3
382,1176,360,0,3
384,1176,406,3,0
379,1177,357,0,3
380,1177,358,0,3
381,1177,359,0,3
382,1177,360,0,3
384,1177,406,3,0
379,1178,357,0,3
380,1178,358,0,3
381,1178,359,0,3
382,1178,360,0,3
379,1179,357,0,3
380,1179,358,0,3
381,1179,359,0,3
382,1179,360,0,3
379,1180,357,0,3
380,1180,358,0,3
381,1180,359,0,3
379,1181,357,0,3
380,1181,358,0,3
379,1183,357,0,3
378,1184,356,0,3
379,1184,357,0,3
392,1184,414,3,0
377,1185,355,0,3
378,1185,356,0,3
379,1185,357,0,3
392,1185,414,3,0
393,1185,415,3,0
376,1186,398,3,0
377,1186,355,0,3
378,1186,356,0,3
379,1186,357,0,3
392,1186,414,3,0
393,1186,415,3,0
375,1187,353,0,3
376,1187,398,3,0
377,1187,355,0,3
378,1187,356,0,3
379,1187,357,0,3
392,1187,414,3,0
393,1187,415,3,0
395,1187,417,3,0
396,1188,374,0,2
397,1188,375,0,3
398,1188,420,3,0
399,1188,377,0,3
400,1188,378,0,3
401,1188,379,0,3
415,1188,437,3,0
397,1189,375,0,3
398,1189,420,3,0
399,1189,377,0,3
400,1189,378,0,3
401,1189,379,0,3
415,1189,437,3,0
398,1190,420,3,0
399,1190,377,0,3
400,1190,378,0,3
401,1190,379,0,3
415,1190,437,3,0
399,1191,377,0,3
400,1191,378,0,3
401,1191,379,0,3
400,1192,378,0,3
401,1192,379,0,3
401,1193,379,0,3
401,1194,379,0,3
402,1194,380,0,3
401,1195,379,0,3
402,1195,380,0,3
403,1195,381,0,3
401,1196,379,0,3
402,1196,380,0,3
403,1196,381,0,3
404,1196,382,0,3
401,1197,379,0,3
402,1197,380,0,3
403,1197,381,0,3
404,1197,382,0,3
401,1198,379,0,3
402,1198,380,0,3
403,1198,381,0,3
404,1198,382,0,3
406,1198,428,3,0
401,1199,379,0,3
402,1199,380,0,3
403,1199,381,0,3
404,1199,382,0,3
406,1199,428,3,0
401,1200,379,0,3
402,1200,380,0,3
403,1200,381,0,3
404,1200,382,0,3
401,1201,379,0,3
402,1201,380,0,3
403,1201,381,0,3
404,1201,382,0,3
401,1202,379,0,3
402,1202,380,0,3
403,1202,381,0,3
401,1203,379,0,3
401,1205,379,0,3
400,1206,378,0,3
401,1206,379,0,3
399,1207,377,0,3
400,1207,378,0,3
401,1207,379,0,3
415,1207,437,3,0
398,1208,420,3,0
399,1208,377,0,3
400,1208,378,0,3
401,1208,379,0,3
415,1208,437,3,0
397,1209,375,0,3
398,1209,420,3,0
399,1209,377,0,3
400,1209,378,0,3
401,1209,379,0,3
415,1209,437,3,0
418,1210,396,0,2
419,1210,397,0,3
420,1210,442,3,0
421,1210,399,0,3
423,1210,401,0,3
437,1210,459,3,0
419,1211,397,0,3
420,1211,442,3,0
421,1211,399,0,3
423,1211,401,0,3
437,1211,459,3,0
420,1212,442,3,0
421,1212,399,0,3
423,1212,401,0,3
437,1212,459,3,0
421,1213,399,0,3
423,1213,401,0,3
423,1214,401,0,3
423,1215,401,0,3
423,1216,401,0,3
424,1216,402,0,3
423,1217,401,0,3
424,1217,402,0,3
425,1217,403,0,3
423,1218,401,0,3
424,1218,402,0,3
425,1218,403,0,3
426,1218,404,0,3
423,1219,401,0,3
424,1219,402,0,3
425,1219,403,0,3
426,1219,404,0,3
423,1220,401,0,3
424,1220,402,0,3
425,1220,403,0,3
426,1220,404,0,3
428,1220,450,3,0
430,1220,408,0,3
423,1221,401,0,3
424,1221,402,0,3
425,1221,403,0,3
426,1221,404,0,3
428,1221,450,3,0
430,1221,408,0,3
423,1222,401,0,3
424,1222,402,0,3
425,1222,403,0,3
426,1222,404,0,3
430,1222,408,0,3
423,1223,401,0,3
424,1223,402,0,3
425,1223,403,0,3
426,1223,404,0,3
423,1224,401,0,3
424,1224,402,0,3
425,1224,403,0,3
423,1225,401,0,3
424,1225,402,0,3
423,1227,401,0,3
423,1228,401,0,3
421,1229,399,0,3
423,1229,401,0,3
437,1229,459,3,0
420,1230,442,3,0
421,1230,399,0,3
423,1230,401,0,3
437,1230,459,3,0
419,1231,397,0,3
420,1231,442,3,0
421,1231,399,0,3
423,1231,401,0,3
437,1231,459,3,0
440,1232,418,0,2
441,1232,419,0,3
442,1232,464,3,0
443,1232,421,0,3
445,1232,423,0,3
459,1232,481,3,0
441,1233,419,0,3
442,1233,464,3,0
443,1233,421,0,3
445,1233,423,0,3
459,1233,481,3,0
442,1234,464,3,0
443,1234,421,0,3
445,1234,423,0,3
459,1234,481,3,0
443,1235,421,0,3
445,1235,423,0,3
445,1236,423,0,3
445,1237,423,0,3
445,1238,423,0,3
446,1238,424,0,3
445,1239,423,0,3
446,1239,424,0,3
447,1239,425,0,3
445,1240,423,0,3
446,1240,424,0,3
447,1240,425,0,3
448,1240,426,0,3
445,1241,423,0,3
446,1241,424,0,3
447,1241,425,0,3
448,1241,426,0,3
445,1242,423,0,3
446,1242,424,0,3
447,1242,425,0,3
448,1242,426,0,3
450,1242,472,3,0
445,1243,423,0,3
446,1243,424,0,3
447,1243,425,0,3
448,1243,426,0,3
450,1243,472,3,0
445,1244,423,0,3
446,1244,424,0,3
447,1244,425,0,3
448,1244,426,0,3
445,1245,423,0,3
446,1245,424,0,3
447,1245,425,0,3
448,1245,426,0,3
445,1246,423,0,3
446,1246,424,0,3
447,1246,425,0,3
445,1247,423,0,3
445,1249,423,0,3
445,1250,423,0,3
443,1251,421,0,3
445,1251,423,0,3
459,1251,481,3,0
442,1252,464,3,0
443,1252,421,0,3
445,1252,423,0,3
459,1252,481,3,0
441,1253,419,0,3
442,1253,464,3,0
443,1253,421,0,3
445,1253,423,0,3
459,1253,481,3,0
462,1254,440,0,2
463,1254,441,0,3
464,1254,486,3,0
465,1254,443,0,3
467,1254,445,0,3
481,1254,503,3,0
463,1255,441,0,3
464,1255,486,3,0
465,1255,443,0,3
467,1255,445,0,3
481,1255,503,3,0
464,1256,486,3,0
465,1256,443,0,3
467,1256,445,0,3
481,1256,503,3,0
465,1257,443,0,3
467,1257,445,0,3
467,1258,445,0,3
467,1259,445,0,3
467,1260,445,0,3
468,1260,446,0,3
467,1261,445,0,3
468,1261,446,0,3
469,1261,447,0,3
467,1262,445,0,3
468,1262,446,0,3
469,1262,447,0,3
470,1262,448,0,3
467,1263,445,0,3
468,1263,446,0,3
469,1263,447,0,3
470,1263,448,0,3
467,1264,445,0,3
468,1264,446,0,3
469,1264,447,0,3
470,1264,448,0,3
472,1264,494,3,0
467,1265,445,0,3
468,1265,446,0,3
469,1265,447,0,3
470,1265,448,0,3
472,1265,494,3,0
467,1266,445,0,3
468,1266,446,0,3
469,1266,447,0,3
470,1266,448,0,3
467,1267,445,0,3
468,1267,446,0,3
469,1267,447,0,3
470,1267,448,0,3
467,1268,445,0,3
468,1268,446,0,3
469,1268,447,0,3
467,1269,445,0,3
468,1269,446,0,3
467,1271,445,0,3
467,1272,445,0,3
465,1273,443,0,3
467,1273,445,0,3
481,1273,503,3,0
464,1274,486,3,0
465,1274,443,0,3
467,1274,445,0,3
481,1274,503,3,0
463,1275,441,0,3
464,1275,486,3,0
465,1275,443,0,3
467,1275,445,0,3
481,1275,503,3,0
484,1276,462,0,2
485,1276,463,0,3
486,1276,508,3,0
487,1276,465,0,3
489,1276,467,0,3
503,1276,525,3,0
485,1277,463,0,3
486,1277,508,3,0
487,1277,465,0,3
489,1277,467,0,3
503,1277,525,3,0
486,1278,508,3,0
487,1278,465,0,3
489,1278,467,0,3
503,1278,525,3,0
487,1279,465,0,3
489,1279,467,0,3
489,1280,467,0,3
489,1281,467,0,3
489,1282,467,0,3
490,1282,468,0,3
489,1283,467,0,3
490,1283,468,0,3
489,1284,467,0,3
490,1284,468,0,3
492,1284,470,0,3
489,1285,467,0,3
490,1285,468,0,3
492,1285,470,0,3
489,1286,467,0,3
490,1286,468,0,3
492,1286,470,0,3
494,1286,516,3,0
489,1287,467,0,3
490,1287,468,0,3
492,1287,470,0,3
494,1287,516,3,0
489,1288,467,0,3
490,1288,468,0,3
492,1288,470,0,3
489,1289,467,0,3
490,1289,468,0,3
492,1289,470,0,3
489,1290,467,0,3
490,1290,468,0,3
489,1291,467,0,3
489,1293,467,0,3
489,1294,467,0,3
487,1295,465,0,3
489,1295,467,0,3
503,1295,525,3,0
486,1296,508,3,0
487,1296,465,0,3
489,1296,467,0,3
503,1296,525,3,0
485,1297,463,0,3
486,1297,508,3,0
487,1297,465,0,3
489,1297,467,0,3
503,1297,525,3,0
506,1298,484,0,2
507,1298,485,0,3
508,1298,530,3,0
509,1298,487,0,3
511,1298,489,0,3
524,1298,546,3,0
525,1298,547,3,0
527,1298,549,3,0
507,1299,485,0,3
508,1299,530,3,0
509,1299,487,0,3
511,1299,489,0,3
524,1299,546,3,0
525,1299,547,3,0
508,1300,530,3,0
509,1300,487,0,3
511,1300,489,0,3
524,1300,546,3,0
525,1300,547,3,0
509,1301,487,0,3
511,1301,489,0,3
524,1301,546,3,0
511,1302,489,0,3
511,1303,489,0,3
511,1304,489,0,3
512,1304,490,0,3
511,1305,489,0,3
512,1305,490,0,3
511,1306,489,0,3
512,1306,490,0,3
514,1306,492,0,3
511,1307,489,0,3
512,1307,490,0,3
514,1307,492,0,3
511,1308,489,0,3
512,1308,490,0,3
514,1308,492,0,3
516,1308,538,3,0
511,1309,489,0,3
512,1309,490,0,3
514,1309,492,0,3
516,1309,538,3,0
511,1310,489,0,3
512,1310,490,0,3
514,1310,492,0,3
511,1311,489,0,3
512,1311,490,0,3
514,1311,492,0,3
511,1312,489,0,3
512,1312,490,0,3
511,1313,489,0,3
512,1313,490,0,3
511,1315,489,0,3
511,1316,489,0,3
524,1316,546,3,0
509,1317,487,0,3
511,1317,489,0,3
524,1317,546,3,0
525,1317,547,3,0
508,1318,530,3,0
509,1318,487,0,3
511,1318,489,0,3
524,1318,546,3,0
525,1318,547,3,0
507,1319,485,0,3
508,1319,530,3,0
509,1319,487,0,3
511,1319,489,0,3
524,1319,546,3,0
525,1319,547,3,0
527,1319,549,3,0
528,1320,506,0,2
529,1320,507,0,3
530,1320,552,3,0
533,1320,511,0,3
546,1320,568,3,0
547,1320,569,3,0
549,1320,571,3,0
529,1321,507,0,3
530,1321,552,3,0
533,1321,511,0,3
546,1321,568,3,0
547,1321,569,3,0
530,1322,552,3,0
533,1322,511,0,3
546,1322,568,3,0
547,1322,569,3,0
533,1323,511,0,3
546,1323,568,3,0
533,1324,511,0,3
533,1325,511,0,3
533,1326,511,0,3
534,1326,512,0,3
533,1327,511,0,3
534,1327,512,0,3
535,1327,513,0,3
533,1328,511,0,3
534,1328,512,0,3
535,1328,513,0,3
536,1328,514,0,3
533,1329,511,0,3
534,1329,512,0,3
535,1329,513,0,3
536,1329,514,0,3
533,1330,511,0,3
534,1330,512,0,3
535,1330,513,0,3
536,1330,514,0,3
538,1330,560,3,0
533,1331,511,0,3
534,1331,512,0,3
535,1331,513,0,3
536,1331,514,0,3
538,1331,560,3,0
533,1332,511,0,3
534,1332,512,0,3
535,1332,513,0,3
536,1332,514,0,3
533,1333,511,0,3
534,1333,512,0,3
535,1333,513,0,3
536,1333,514,0,3
533,1334,511,0,3
534,1334,512,0,3
535,1334,513,0,3
533,1335,511,0,3
533,1337,511,0,3
533,1338,511,0,3
546,1338,568,3,0
533,1339,511,0,3
546,1339,568,3,0
547,1339,569,3,0
530,1340,552,3,0
533,1340,511,0,3
546,1340,568,3,0
547,1340,569,3,0
529,1341,507,0,3
530,1341,552,3,0
533,1341,511,0,3
546,1341,568,3,0
547,1341,569,3,0
549,1341,571,3,0
550,1342,528,0,2
551,1342,529,0,3
552,1342,574,3,0
555,1342,533,0,3
568,1342,590,3,0
569,1342,591,3,0
571,1342,593,3,0
551,1343,529,0,3
552,1343,574,3,0
555,1343,533,0,3
568,1343,590,3,0
569,1343,591,3,0
552,1344,574,3,0
555,1344,533,0,3
568,1344,590,3,0
569,1344,591,3,0
555,1345,533,0,3
568,1345,590,3,0
555,1346,533,0,3
555,1347,533,0,3
555,1348,533,0,3
556,1348,534,0,3
555,1349,533,0,3
556,1349,534,0,3
557,1349,535,0,3
555,1350,533,0,3
556,1350,534,0,3
557,1350,535,0,3
558,1350,536,0,3
555,1351,533,0,3
556,1351,534,0,3
557,1351,535,0,3
558,1351,536,0,3
555,1352,533,0,3
556,1352,534,0,3
557,1352,535,0,3
558,1352,536,0,3
560,1352,582,3,0
555,1353,533,0,3
556,1353,534,0,3
557,1353,535,0,3
558,1353,536,0,3
560,1353,582,3,0
555,1354,533,0,3
556,1354,534,0,3
557,1354,535,0,3
558,1354,536,0,3
555,1355,533,0,3
556,1355,534,0,3
557,1355,535,0,3
558,1355,536,0,3
555,1356,533,0,3
556,1356,534,0,3
557,1356,535,0,3
555,1357,533,0,3
556,1357,534,0,3
555,1359,533,0,3
555,1360,533,0,3
568,1360,590,3,0
555,1361,533,0,3
568,1361,590,3,0
569,1361,591,3,0
552,1362,574,3,0
555,1362,533,0,3
568,1362,590,3,0
569,1362,591,3,0
551,1363,529,0,3
552,1363,574,3,0
555,1363,533,0,3
568,1363,590,3,0
569,1363,591,3,0
571,1363,593,3,0
572,1364,550,0,2
573,1364,551,0,3
574,1364,596,3,0
575,1364,553,0,3
590,1364,612,3,0
591,1364,613,3,0
593,1364,615,3,0
573,1365,551,0,3
574,1365,596,3,0
575,1365,553,0,3
590,1365,612,3,0
591,1365,613,3,0
574,1366,596,3,0
575,1366,553,0,3
590,1366,612,3,0
591,1366,613,3,0
575,1367,553,0,3
590,1367,612,3,0
578,1370,556,0,3
578,1371,556,0,3
578,1372,556,0,3
580,1372,558,0,3
578,1373,556,0,3
580,1373,558,0,3
581,1373,559,0,3
578,1374,556,0,3
580,1374,558,0,3
581,1374,559,0,3
582,1374,604,3,0
578,1375,556,0,3
580,1375,558,0,3
581,1375,559,0,3
582,1375,604,3,0
578,1376,556,0,3
580,1376,558,0,3
581,1376,559,0,3
578,1377,556,0,3
580,1377,558,0,3
578,1378,556,0,3
590,1382,612,3,0
575,1383,553,0,3
590,1383,612,3,0
591,1383,613,3,0
574,1384,596,3,0
575,1384,553,0,3
590,1384,612,3,0
591,1384,613,3,0
573,1385,551,0,3
574,1385,596,3,0
575,1385,553,0,3
590,1385,612,3,0
591,1385,613,3,0
593,1385,615,3,0
594,1386,572,0,2
595,1386,573,0,3
596,1386,618,3,0
597,1386,575,0,3
613,1386,635,3,0
595,1387,573,0,3
596,1387,618,3,0
597,1387,575,0,3
613,1387,635,3,0
596,1388,618,3,0
597,1388,575,0,3
613,1388,635,3,0
597,1389,575,0,3
600,1392,578,0,3
600,1393,578,0,3
600,1394,578,0,3
602,1394,580,0,3
600,1395,578,0,3
602,1395,580,0,3
603,1395,581,0,3
600,1396,578,0,3
602,1396,580,0,3
603,1396,581,0,3
600,1397,578,0,3
602,1397,580,0,3
603,1397,581,0,3
600,1398,578,0,3
602,1398,580,0,3
603,1398,581,0,3
600,1399,578,0,3
602,1399,580,0,3
600,1400,578,0,3
600,1401,578,0,3
597,1405,575,0,3
613,1405,635,3,0
596,1406,618,3,0
597,1406,575,0,3
613,1406,635,3,0
595,1407,573,0,3
596,1407,618,3,0
597,1407,575,0,3
613,1407,635,3,0
617,1408,595,0,3
618,1408,640,3,0
619,1408,597,0,3
620,1408,598,0,3
635,1408,657,3,0
617,1409,595,0,3
618,1409,640,3,0
619,1409,597,0,3
620,1409,598,0,3
635,1409,657,3,0
618,1410,640,3,0
619,1410,597,0,3
620,1410,598,0,3
635,1410,657,3,0
619,1411,597,0,3
620,1411,598,0,3
620,1412,598,0,3
622,1414,600,0,3
622,1415,600,0,3
622,1416,600,0,3
624,1416,602,0,3
622,1417,600,0,3
624,1417,602,0,3
625,1417,603,0,3
622,1418,600,0,3
624,1418,602,0,3
625,1418,603,0,3
622,1419,600,0,3
624,1419,602,0,3
625,1419,603,0,3
622,1420,600,0,3
624,1420,602,0,3
625,1420,603,0,3
622,1421,600,0,3
624,1421,602,0,3
622,1422,600,0,3
620,1426,598,0,3
619,1427,597,0,3
620,1427,598,0,3
635,1427,657,3,0
618,1428,640,3,0
619,1428,597,0,3
620,1428,598,0,3
635,1428,657,3,0
617,1429,595,0,3
618,1429,640,3,0
619,1429,597,0,3
620,1429,598,0,3
635,1429,657,3,0
639,1430,617,0,3
640,1430,662,3,0
641,1430,619,0,3
642,1430,620,0,3
657,1430,679,3,0
639,1431,617,0,3
640,1431,662,3,0
641,1431,619,0,3
642,1431,620,0,3
657,1431,679,3,0
640,1432,662,3,0
641,1432,619,0,3
642,1432,620,0,3
657,1432,679,3,0
641,1433,619,0,3
642,1433,620,0,3
642,1434,620,0,3
644,1436,622,0,3
644,1437,622,0,3
644,1438,622,0,3
646,1438,624,0,3
644,1439,622,0,3
646,1439,624,0,3
647,1439,669,3,0
644,1440,622,0,3
646,1440,624,0,3
647,1440,669,3,0
644,1441,622,0,3
646,1441,624,0,3
647,1441,669,3,0
644,1442,622,0,3
646,1442,624,0,3
647,1442,669,3,0
644,1443,622,0,3
646,1443,624,0,3
644,1444,622,0,3
644,1445,622,0,3
642,1448,620,0,3
641,1449,619,0,3
642,1449,620,0,3
657,1449,679,3,0
640,1450,662,3,0
641,1450,619,0,3
642,1450,620,0,3
657,1450,679,3,0
639,1451,617,0,3
640,1451,662,3,0
641,1451,619,0,3
642,1451,620,0,3
657,1451,679,3,0
661,1452,639,0,3
662,1452,684,3,0
663,1452,641,0,3
677,1452,699,3,0
679,1452,701,3,0
661,1453,639,0,3
662,1453,684,3,0
663,1453,641,0,3
677,1453,699,3,0
679,1453,701,3,0
662,1454,684,3,0
663,1454,641,0,3
677,1454,699,3,0
679,1454,701,3,0
663,1455,641,0,3
677,1455,699,3,0
677,1456,699,3,0
666,1458,644,0,3
666,1459,644,0,3
666,1460,644,0,3
668,1460,646,0,3
666,1461,644,0,3
668,1461,646,0,3
669,1461,647,0,3
666,1462,644,0,3
668,1462,646,0,3
669,1462,647,0,3
666,1463,644,0,3
668,1463,646,0,3
669,1463,647,0,3
666,1464,644,0,3
668,1464,646,0,3
669,1464,647,0,3
666,1465,644,0,3
668,1465,646,0,3
666,1466,644,0,3
677,1469,699,3,0
677,1470,699,3,0
663,1471,641,0,3
677,1471,699,3,0
679,1471,701,3,0
662,1472,684,3,0
663,1472,641,0,3
677,1472,699,3,0
679,1472,701,3,0
661,1473,639,0,3
662,1473,684,3,0
663,1473,641,0,3
677,1473,699,3,0
679,1473,701,3,0
683,1474,661,0,3
684,1474,706,3,0
685,1474,663,0,3
699,1474,721,3,0
701,1474,723,3,0
702,1474,724,3,0
683,1475,661,0,3
684,1475,706,3,0
685,1475,663,0,3
699,1475,721,3,0
701,1475,723,3,0
702,1475,724,3,0
684,1476,706,3,0
685,1476,663,0,3
699,1476,721,3,0
701,1476,723,3,0
685,1477,663,0,3
699,1477,721,3,0
699,1478,721,3,0
688,1480,666,0,3
688,1481,666,0,3
688,1482,666,0,3
690,1482,668,0,3
688,1483,666,0,3
690,1483,668,0,3
688,1484,666,0,3
690,1484,668,0,3
688,1485,666,0,3
690,1485,668,0,3
688,1486,666,0,3
690,1486,668,0,3
688,1487,666,0,3
690,1487,668,0,3
688,1488,666,0,3
688,1489,666,0,3
699,1491,721,3,0
699,1492,721,3,0
685,1493,663,0,3
699,1493,721,3,0
701,1493,723,3,0
684,1494,706,3,0
685,1494,663,0,3
699,1494,721,3,0
701,1494,723,3,0
702,1494,724,3,0
683,1495,661,0,3
684,1495,706,3,0
685,1495,663,0,3
699,1495,721,3,0
701,1495,723,3,0
702,1495,724,3,0
705,1496,683,0,3
706,1496,728,3,0
707,1496,685,0,3
723,1496,745,3,0
724,1496,746,3,0
725,1496,747,3,0
705,1497,683,0,3
706,1497,728,3,0
707,1497,685,0,3
723,1497,745,3,0
724,1497,746,3,0
706,1498,728,3,0
707,1498,685,0,3
723,1498,745,3,0
707,1499,685,0,3
710,1502,688,0,3
710,1503,688,0,3
710,1504,688,0,3
712,1504,690,0,3
710,1505,688,0,3
712,1505,690,0,3
710,1506,688,0,3
712,1506,690,0,3
710,1507,688,0,3
712,1507,690,0,3
710,1508,688,0,3
712,1508,690,0,3
710,1509,688,0,3
712,1509,690,0,3
710,1510,688,0,3
707,1515,685,0,3
723,1515,745,3,0
706,1516,728,3,0
707,1516,685,0,3
723,1516,745,3,0
724,1516,746,3,0
705,1517,683,0,3
706,1517,728,3,0
707,1517,685,0,3
723,1517,745,3,0
724,1517,746,3,0
725,1517,747,3,0
726,1518,748,2,0
728,1518,750,3,0
731,1518,709,0,3
742,1518,764,3,0
745,1518,767,3,0
746,1518,768,3,0
728,1519,750,3,0
731,1519,709,0,3
742,1519,764,3,0
745,1519,767,3,0
746,1519,768,3,0
728,1520,750,3,0
731,1520,709,0,3
742,1520,764,3,0
745,1520,767,3,0
731,1521,709,0,3
742,1521,764,3,0
731,1522,709,0,3
742,1522,764,3,0
731,1523,709,0,3
742,1523,764,3,0
731,1524,709,0,3
732,1524,710,0,3
742,1524,764,3,0
731,1525,709,0,3
732,1525,710,0,3
741,1525,763,3,0
742,1525,764,3,0
731,1526,709,0,3
732,1526,710,0,3
734,1526,712,0,3
741,1526,763,3,0
742,1526,764,3,0
731,1527,709,0,3
732,1527,710,0,3
734,1527,712,0,3
741,1527,763,3,0
742,1527,764,3,0
731,1528,709,0,3
732,1528,710,0,3
734,1528,712,0,3
736,1528,758,3,0
738,1528,716,0,3
741,1528,763,3,0
742,1528,764,3,0
731,1529,709,0,3
732,1529,710,0,3
734,1529,712,0,3
736,1529,758,3,0
737,1529,759,3,0
738,1529,716,0,3
741,1529,763,3,0
742,1529,764,3,0
731,1530,709,0,3
732,1530,710,0,3
734,1530,712,0,3
738,1530,716,0,3
741,1530,763,3,0
742,1530,764,3,0
731,1531,709,0,3
732,1531,710,0,3
734,1531,712,0,3
741,1531,763,3,0
742,1531,764,3,0
731,1532,709,0,3
732,1532,710,0,3
741,1532,763,3,0
742,1532,764,3,0
731,1533,709,0,3
732,1533,710,0,3
741,1533,763,3,0
742,1533,764,3,0
742,1534,764,3,0
731,1535,709,0,3
742,1535,764,3,0
731,1536,709,0,3
742,1536,764,3,0
731,1537,709,0,3
742,1537,764,3,0
745,1537,767,3,0
728,1538,750,3,0
731,1538,709,0,3
742,1538,764,3,0
745,1538,767,3,0
746,1538,768,3,0
728,1539,750,3,0
731,1539,709,0,3
742,1539,764,3,0
745,1539,767,3,0
746,1539,768,3,0
748,1540,770,2,0
750,1540,772,3,0
751,1540,729,0,3
753,1540,731,0,3
764,1540,786,3,0
767,1540,789,3,0
768,1540,790,3,0
750,1541,772,3,0
751,1541,729,0,3
753,1541,731,0,3
764,1541,786,3,0
767,1541,789,3,0
768,1541,790,3,0
750,1542,772,3,0
751,1542,729,0,3
753,1542,731,0,3
764,1542,786,3,0
767,1542,789,3,0
751,1543,729,0,3
753,1543,731,0,3
764,1543,786,3,0
753,1544,731,0,3
764,1544,786,3,0
753,1545,731,0,3
764,1545,786,3,0
753,1546,731,0,3
754,1546,732,0,3
764,1546,786,3,0
753,1547,731,0,3
754,1547,732,0,3
763,1547,785,3,0
764,1547,786,3,0
753,1548,731,0,3
754,1548,732,0,3
756,1548,734,0,3
763,1548,785,3,0
764,1548,786,3,0
753,1549,731,0,3
754,1549,732,0,3
756,1549,734,0,3
757,1549,779,3,0
763,1549,785,3,0
764,1549,786,3,0
753,1550,731,0,3
754,1550,732,0,3
756,1550,734,0,3
757,1550,779,3,0
758,1550,780,3,0
763,1550,785,3,0
764,1550,786,3,0
753,1551,731,0,3
754,1551,732,0,3
756,1551,734,0,3
757,1551,779,3,0
758,1551,780,3,0
759,1551,781,3,0
763,1551,785,3,0
764,1551,786,3,0
753,1552,731,0,3
754,1552,732,0,3
756,1552,734,0,3
757,1552,779,3,0
763,1552,785,3,0
764,1552,786,3,0
753,1553,731,0,3
754,1553,732,0,3
756,1553,734,0,3
763,1553,785,3,0
764,1553,786,3,0
753,1554,731,0,3
754,1554,732,0,3
763,1554,785,3,0
764,1554,786,3,0
753,1555,731,0,3
763,1555,785,3,0
764,1555,786,3,0
764,1556,786,3,0
753,1557,731,0,3
764,1557,786,3,0
753,1558,731,0,3
764,1558,786,3,0
751,1559,729,0,3
753,1559,731,0,3
764,1559,786,3,0
767,1559,789,3,0
750,1560,772,3,0
751,1560,729,0,3
753,1560,731,0,3
764,1560,786,3,0
767,1560,789,3,0
768,1560,790,3,0
750,1561,772,3,0
751,1561,729,0,3
753,1561,731,0,3
764,1561,786,3,0
767,1561,789,3,0
768,1561,790,3,0
772,1562,794,3,0
775,1562,753,0,3
787,1562,809,3,0
788,1562,766,0,3
789,1562,811,3,0
790,1562,812,3,0
772,1563,794,3,0
775,1563,753,0,3
787,1563,809,3,0
788,1563,766,0,3
789,1563,811,3,0
790,1563,812,3,0
772,1564,794,3,0
775,1564,753,0,3
787,1564,809,3,0
788,1564,766,0,3
789,1564,811,3,0
775,1565,753,0,3
787,1565,809,3,0
788,1565,766,0,3
775,1566,753,0,3
787,1566,809,3,0
775,1567,753,0,3
775,1568,753,0,3
776,1568,754,0,3
775,1569,753,0,3
776,1569,754,0,3
785,1569,807,3,0
775,1570,753,0,3
776,1570,754,0,3
778,1570,756,0,3
784,1570,762,0,3
785,1570,807,3,0
775,1571,753,0,3
776,1571,754,0,3
778,1571,756,0,3
779,1571,801,3,0
784,1571,762,0,3
785,1571,807,3,0
775,1572,753,0,3
776,1572,754,0,3
778,1572,756,0,3
779,1572,801,3,0
784,1572,762,0,3
785,1572,807,3,0
775,1573,753,0,3
776,1573,754,0,3
778,1573,756,0,3
779,1573,801,3,0
781,1573,803,3,0
784,1573,762,0,3
785,1573,807,3,0
775,1574,753,0,3
776,1574,754,0,3
778,1574,756,0,3
779,1574,801,3,0
784,1574,762,0,3
785,1574,807,3,0
775,1575,753,0,3
776,1575,754,0,3
778,1575,756,0,3
784,1575,762,0,3
785,1575,807,3,0
775,1576,753,0,3
776,1576,754,0,3
784,1576,762,0,3
785,1576,807,3,0
775,1577,753,0,3
776,1577,754,0,3
785,1577,807,3,0
775,1579,753,0,3
787,1579,809,3,0
775,1580,753,0,3
787,1580,809,3,0
788,1580,766,0,3
775,1581,753,0,3
787,1581,809,3,0
788,1581,766,0,3
789,1581,811,3,0
772,1582,794,3,0
775,1582,753,0,3
787,1582,809,3,0
788,1582,766,0,3
789,1582,811,3,0
790,1582,812,3,0
772,1583,794,3,0
775,1583,753,0,3
787,1583,809,3,0
788,1583,766,0,3
789,1583,811,3,0
790,1583,812,3,0
163,1584,141,0,3
166,1584,144,0,3
168,1584,190,3,0
896,1585,874,0,3
96,1586,118,3,0
97,1586,75,0,3
100,1586,78,0,3
102,1586,124,3,0
103,1586,81,0,3
104,1586,126,3,0
489,1587,467,0,3
490,1587,468,0,3
492,1587,470,0,3
494,1587,516,3,0
677,1588,699,3,0
445,1590,423,0,3
1545,1591,1567,3,0
1546,1591,1568,3,0
1555,1591,1533,0,3
1556,1591,1534,0,3
1166,1592,1188,2,0
1167,1592,1189,3,0
1168,1592,1146,0,3
1169,1592,1191,3,0
1170,1592,1192,3,0
1171,1592,1193,3,0
1184,1592,1162,0,3
1185,1592,1163,0,3
1187,1592,1165,0,3
291,1593,269,0,3
292,1593,270,0,3
293,1593,271,0,3
296,1593,318,3,0
298,1593,276,0,3
947,1594,969,3,0
949,1594,971,3,0
950,1594,972,3,0
963,1594,985,3,0
966,1594,988,3,0
27,1595,49,3,0
28,1595,50,3,0
29,1595,51,3,0
30,1595,52,3,0
31,1595,9,0,2
34,1595,12,0,2
36,1595,58,3,0
37,1595,15,0,2
38,1595,60,3,0
