792,0,814,2,0
796,0,818,3,0
808,0,786,0,3
809,0,787,0,3
811,0,833,3,0
812,0,790,0,3
796,1,818,3,0
808,1,786,0,3
809,1,787,0,3
811,1,833,3,0
796,2,818,3,0
808,2,786,0,3
809,2,787,0,3
796,3,818,3,0
808,3,786,0,3
809,3,787,0,3
796,4,818,3,0
808,4,786,0,3
808,5,786,0,3
807,6,785,0,3
808,6,786,0,3
799,7,821,3,0
806,7,828,3,0
807,7,785,0,3
808,7,786,0,3
799,8,821,3,0
806,8,828,3,0
807,8,785,0,3
808,8,786,0,3
799,9,821,3,0
801,9,779,0,3
804,9,826,3,0
806,9,828,3,0
807,9,785,0,3
808,9,786,0,3
799,10,821,3,0
801,10,779,0,3
804,10,826,3,0
806,10,828,3,0
807,10,785,0,3
808,10,786,0,3
799,11,821,3,0
801,11,779,0,3
804,11,826,3,0
806,11,828,3,0
807,11,785,0,3
808,11,786,0,3
799,12,821,3,0
804,12,826,3,0
806,12,828,3,0
807,12,785,0,3
808,12,786,0,3
799,13,821,3,0
806,13,828,3,0
807,13,785,0,3
808,13,786,0,3
806,14,828,3,0
807,14,785,0,3
808,14,786,0,3
807,15,785,0,3
808,15,786,0,3
808,16,786,0,3
796,17,818,3,0
808,17,786,0,3
809,17,787,0,3
796,18,818,3,0
808,18,786,0,3
809,18,787,0,3
796,19,818,3,0
808,19,786,0,3
809,19,787,0,3
811,19,833,3,0
796,20,818,3,0
808,20,786,0,3
809,20,787,0,3
811,20,833,3,0
812,20,790,0,3
792,21,814,2,0
796,21,818,3,0
808,21,786,0,3
809,21,787,0,3
811,21,833,3,0
812,21,790,0,3
814,22,836,2,0
815,22,837,3,0
818,22,840,3,0
830,22,808,0,3
831,22,809,0,3
833,22,855,3,0
834,22,812,0,3
815,23,837,3,0
818,23,840,3,0
830,23,808,0,3
831,23,809,0,3
833,23,855,3,0
818,24,840,3,0
830,24,808,0,3
831,24,809,0,3
818,25,840,3,0
830,25,808,0,3
831,25,809,0,3
818,26,840,3,0
830,26,808,0,3
830,27,808,0,3
830,28,808,0,3
830,29,808,0,3
830,30,808,0,3
823,31,801,0,3
826,31,848,3,0
830,31,808,0,3
823,32,801,0,3
825,32,847,3,0
826,32,848,3,0
830,32,808,0,3
823,33,801,0,3
825,33,847,3,0
826,33,848,3,0
830,33,808,0,3
826,34,848,3,0
830,34,808,0,3
830,35,808,0,3
830,36,808,0,3
830,37,808,0,3
830,38,808,0,3
818,39,840,3,0
830,39,808,0,3
831,39,809,0,3
818,40,840,3,0
830,40,808,0,3
831,40,809,0,3
818,41,840,3,0
830,41,808,0,3
831,41,809,0,3
833,41,855,3,0
815,42,837,3,0
818,42,840,3,0
830,42,808,0,3
831,42,809,0,3
833,42,855,3,0
834,42,812,0,3
814,43,836,2,0
815,43,837,3,0
818,43,840,3,0
830,43,808,0,3
831,43,809,0,3
833,43,855,3,0
834,43,812,0,3
836,44,858,2,0
837,44,859,3,0
839,44,817,0,3
852,44,830,0,3
853,44,831,0,3
855,44,877,3,0
837,45,859,3,0
839,45,817,0,3
852,45,830,0,3
853,45,831,0,3
855,45,877,3,0
839,46,817,0,3
852,46,830,0,3
853,46,831,0,3
839,47,817,0,3
852,47,830,0,3
853,47,831,0,3
852,48,830,0,3
852,49,830,0,3
852,50,830,0,3
852,51,830,0,3
844,52,866,3,0
852,52,830,0,3
844,53,866,3,0
845,53,823,0,3
852,53,830,0,3
844,54,866,3,0
845,54,823,0,3
846,54,824,0,3
847,54,869,3,0
852,54,830,0,3
844,55,866,3,0
845,55,823,0,3
847,55,869,3,0
852,55,830,0,3
844,56,866,3,0
852,56,830,0,3
852,57,830,0,3
852,58,830,0,3
852,59,830,0,3
852,60,830,0,3
852,61,830,0,3
853,61,831,0,3
839,62,817,0,3
852,62,830,0,3
853,62,831,0,3
839,63,817,0,3
852,63,830,0,3
853,63,831,0,3
855,63,877,3,0
837,64,859,3,0
839,64,817,0,3
852,64,830,0,3
853,64,831,0,3
855,64,877,3,0
836,65,858,2,0
837,65,859,3,0
839,65,817,0,3
852,65,830,0,3
853,65,831,0,3
855,65,877,3,0
859,66,881,3,0
860,66,882,3,0
861,66,839,0,3
874,66,852,0,3
875,66,853,0,3
877,66,899,3,0
878,66,900,3,0
859,67,881,3,0
860,67,882,3,0
861,67,839,0,3
874,67,852,0,3
875,67,853,0,3
877,67,899,3,0
860,68,882,3,0
861,68,839,0,3
874,68,852,0,3
875,68,853,0,3
861,69,839,0,3
874,69,852,0,3
875,69,853,0,3
874,70,852,0,3
874,71,852,0,3
874,72,852,0,3
865,73,887,3,0
874,73,852,0,3
865,74,887,3,0
866,74,888,3,0
871,74,849,0,3
874,74,852,0,3
865,75,887,3,0
866,75,888,3,0
867,75,845,0,3
871,75,849,0,3
874,75,852,0,3
865,76,887,3,0
866,76,888,3,0
867,76,845,0,3
868,76,846,0,3
869,76,891,3,0
871,76,849,0,3
874,76,852,0,3
865,77,887,3,0
866,77,888,3,0
867,77,845,0,3
869,77,891,3,0
871,77,849,0,3
874,77,852,0,3
865,78,887,3,0
866,78,888,3,0
871,78,849,0,3
874,78,852,0,3
865,79,887,3,0
871,79,849,0,3
874,79,852,0,3
874,80,852,0,3
874,81,852,0,3
874,82,852,0,3
874,83,852,0,3
875,83,853,0,3
861,84,839,0,3
874,84,852,0,3
875,84,853,0,3
860,85,882,3,0
861,85,839,0,3
874,85,852,0,3
875,85,853,0,3
877,85,899,3,0
859,86,881,3,0
860,86,882,3,0
861,86,839,0,3
874,86,852,0,3
875,86,853,0,3
877,86,899,3,0
878,86,900,3,0
859,87,881,3,0
860,87,882,3,0
861,87,839,0,3
874,87,852,0,3
875,87,853,0,3
877,87,899,3,0
878,87,900,3,0
879,87,901,3,0
881,88,903,3,0
882,88,904,3,0
883,88,861,0,3
896,88,874,0,3
897,88,875,0,3
899,88,921,3,0
900,88,922,3,0
881,89,903,3,0
882,89,904,3,0
883,89,861,0,3
896,89,874,0,3
897,89,875,0,3
899,89,921,3,0
882,90,904,3,0
883,90,861,0,3
896,90,874,0,3
897,90,875,0,3
883,91,861,0,3
896,91,874,0,3
897,91,875,0,3
896,92,874,0,3
896,93,874,0,3
886,94,908,3,0
896,94,874,0,3
886,95,908,3,0
896,95,874,0,3
886,96,908,3,0
893,96,871,0,3
896,96,874,0,3
886,97,908,3,0
889,97,867,0,3
892,97,870,0,3
893,97,871,0,3
896,97,874,0,3
886,98,908,3,0
889,98,867,0,3
890,98,868,0,3
891,98,913,3,0
892,98,870,0,3
893,98,871,0,3
896,98,874,0,3
886,99,908,3,0
889,99,867,0,3
891,99,913,3,0
892,99,870,0,3
893,99,871,0,3
896,99,874,0,3
886,100,908,3,0
892,100,870,0,3
893,100,871,0,3
896,100,874,0,3
886,101,908,3,0
893,101,871,0,3
896,101,874,0,3
886,102,908,3,0
896,102,874,0,3
896,103,874,0,3
896,104,874,0,3
896,105,874,0,3
897,105,875,0,3
883,106,861,0,3
896,106,874,0,3
897,106,875,0,3
882,107,904,3,0
883,107,861,0,3
896,107,874,0,3
897,107,875,0,3
899,107,921,3,0
881,108,903,3,0
882,108,904,3,0
883,108,861,0,3
896,108,874,0,3
897,108,875,0,3
899,108,921,3,0
900,108,922,3,0
881,109,903,3,0
882,109,904,3,0
883,109,861,0,3
896,109,874,0,3
897,109,875,0,3
899,109,921,3,0
900,109,922,3,0
901,109,923,3,0
903,110,925,3,0
904,110,926,3,0
907,110,885,0,3
918,110,896,0,3
919,110,897,0,3
921,110,943,3,0
922,110,944,3,0
903,111,925,3,0
904,111,926,3,0
907,111,885,0,3
918,111,896,0,3
919,111,897,0,3
921,111,943,3,0
904,112,926,3,0
907,112,885,0,3
918,112,896,0,3
919,112,897,0,3
907,113,885,0,3
918,113,896,0,3
919,113,897,0,3
907,114,885,0,3
918,114,896,0,3
907,115,885,0,3
918,115,896,0,3
907,116,885,0,3
908,116,930,3,0
918,116,896,0,3
907,117,885,0,3
908,117,930,3,0
918,117,896,0,3
907,118,885,0,3
908,118,930,3,0
915,118,893,0,3
918,118,896,0,3
907,119,885,0,3
908,119,930,3,0
911,119,889,0,3
914,119,892,0,3
915,119,893,0,3
918,119,896,0,3
907,120,885,0,3
908,120,930,3,0
911,120,889,0,3
912,120,890,0,3
913,120,935,3,0
914,120,892,0,3
915,120,893,0,3
918,120,896,0,3
907,121,885,0,3
908,121,930,3,0
911,121,889,0,3
913,121,935,3,0
914,121,892,0,3
915,121,893,0,3
918,121,896,0,3
907,122,885,0,3
908,122,930,3,0
914,122,892,0,3
915,122,893,0,3
918,122,896,0,3
907,123,885,0,3
908,123,930,3,0
915,123,893,0,3
918,123,896,0,3
907,124,885,0,3
908,124,930,3,0
918,124,896,0,3
907,125,885,0,3
918,125,896,0,3
918,126,896,0,3
907,127,885,0,3
918,127,896,0,3
919,127,897,0,3
907,128,885,0,3
918,128,896,0,3
919,128,897,0,3
904,129,926,3,0
907,129,885,0,3
918,129,896,0,3
919,129,897,0,3
921,129,943,3,0
903,130,925,3,0
904,130,926,3,0
907,130,885,0,3
918,130,896,0,3
919,130,897,0,3
921,130,943,3,0
922,130,944,3,0
903,131,925,3,0
904,131,926,3,0
907,131,885,0,3
918,131,896,0,3
919,131,897,0,3
921,131,943,3,0
922,131,944,3,0
924,132,902,0,2
925,132,947,3,0
926,132,948,3,0
927,132,905,0,3
928,132,950,3,0
941,132,919,0,3
943,132,965,3,0
944,132,966,3,0
925,133,947,3,0
926,133,948,3,0
927,133,905,0,3
928,133,950,3,0
941,133,919,0,3
943,133,965,3,0
926,134,948,3,0
927,134,905,0,3
928,134,950,3,0
941,134,919,0,3
927,135,905,0,3
928,135,950,3,0
941,135,919,0,3
928,136,950,3,0
930,138,952,3,0
939,138,961,3,0
930,139,952,3,0
939,139,961,3,0
930,140,952,3,0
932,140,910,0,3
939,140,961,3,0
930,141,952,3,0
932,141,910,0,3
933,141,911,0,3
939,141,961,3,0
930,142,952,3,0
932,142,910,0,3
933,142,911,0,3
934,142,912,0,3
939,142,961,3,0
930,143,952,3,0
932,143,910,0,3
933,143,911,0,3
939,143,961,3,0
930,144,952,3,0
932,144,910,0,3
939,144,961,3,0
930,145,952,3,0
939,145,961,3,0
930,146,952,3,0
939,146,961,3,0
939,147,961,3,0
928,149,950,3,0
941,149,919,0,3
927,150,905,0,3
928,150,950,3,0
941,150,919,0,3
926,151,948,3,0
927,151,905,0,3
928,151,950,3,0
941,151,919,0,3
943,151,965,3,0
925,152,947,3,0
926,152,948,3,0
927,152,905,0,3
928,152,950,3,0
941,152,919,0,3
943,152,965,3,0
944,152,966,3,0
924,153,902,0,2
925,153,947,3,0
926,153,948,3,0
927,153,905,0,3
928,153,950,3,0
941,153,919,0,3
943,153,965,3,0
944,153,966,3,0
947,154,969,3,0
948,154,970,3,0
950,154,972,3,0
963,154,941,0,3
965,154,987,3,0
966,154,988,3,0
947,155,969,3,0
948,155,970,3,0
950,155,972,3,0
963,155,941,0,3
965,155,987,3,0
948,156,970,3,0
950,156,972,3,0
963,156,941,0,3
950,157,972,3,0
963,157,941,0,3
950,158,972,3,0
952,160,974,3,0
961,160,983,3,0
952,161,974,3,0
961,161,983,3,0
952,162,974,3,0
954,162,932,0,3
961,162,983,3,0
952,163,974,3,0
954,163,932,0,3
955,163,933,0,3
958,163,936,0,3
961,163,983,3,0
952,164,974,3,0
954,164,932,0,3
955,164,933,0,3
956,164,934,0,3
958,164,936,0,3
961,164,983,3,0
952,165,974,3,0
954,165,932,0,3
955,165,933,0,3
958,165,936,0,3
961,165,983,3,0
952,166,974,3,0
954,166,932,0,3
958,166,936,0,3
961,166,983,3,0
952,167,974,3,0
961,167,983,3,0
952,168,974,3,0
961,168,983,3,0
961,169,983,3,0
950,171,972,3,0
963,171,941,0,3
950,172,972,3,0
963,172,941,0,3
948,173,970,3,0
950,173,972,3,0
963,173,941,0,3
965,173,987,3,0
947,174,969,3,0
948,174,970,3,0
950,174,972,3,0
963,174,941,0,3
965,174,987,3,0
966,174,988,3,0
947,175,969,3,0
948,175,970,3,0
950,175,972,3,0
963,175,941,0,3
965,175,987,3,0
966,175,988,3,0
969,176,991,3,0
970,176,992,3,0
984,176,1006,3,0
987,176,1009,3,0
988,176,1010,3,0
969,177,991,3,0
970,177,992,3,0
984,177,1006,3,0
987,177,1009,3,0
970,178,992,3,0
984,178,1006,3,0
984,179,1006,3,0
984,180,1006,3,0
984,181,1006,3,0
974,182,996,3,0
983,182,1005,3,0
984,182,1006,3,0
974,183,996,3,0
983,183,1005,3,0
984,183,1006,3,0
974,184,996,3,0
976,184,954,0,3
983,184,1005,3,0
984,184,1006,3,0
974,185,996,3,0
976,185,954,0,3
977,185,955,0,3
980,185,958,0,3
983,185,1005,3,0
984,185,1006,3,0
974,186,996,3,0
976,186,954,0,3
977,186,955,0,3
978,186,956,0,3
979,186,1001,3,0
980,186,958,0,3
983,186,1005,3,0
984,186,1006,3,0
974,187,996,3,0
976,187,954,0,3
977,187,955,0,3
979,187,1001,3,0
980,187,958,0,3
983,187,1005,3,0
984,187,1006,3,0
974,188,996,3,0
976,188,954,0,3
980,188,958,0,3
983,188,1005,3,0
984,188,1006,3,0
974,189,996,3,0
983,189,1005,3,0
984,189,1006,3,0
974,190,996,3,0
983,190,1005,3,0
984,190,1006,3,0
983,191,1005,3,0
984,191,1006,3,0
984,192,1006,3,0
984,193,1006,3,0
984,194,1006,3,0
970,195,992,3,0
984,195,1006,3,0
987,195,1009,3,0
969,196,991,3,0
970,196,992,3,0
984,196,1006,3,0
987,196,1009,3,0
988,196,1010,3,0
969,197,991,3,0
970,197,992,3,0
984,197,1006,3,0
987,197,1009,3,0
988,197,1010,3,0
991,198,1013,3,0
992,198,1014,3,0
993,198,1015,3,0
1006,198,1028,3,0
1008,198,986,0,3
1009,198,1031,3,0
991,199,1013,3,0
992,199,1014,3,0
993,199,1015,3,0
1006,199,1028,3,0
1008,199,986,0,3
1009,199,1031,3,0
992,200,1014,3,0
993,200,1015,3,0
1006,200,1028,3,0
1008,200,986,0,3
993,201,1015,3,0
1006,201,1028,3,0
1006,202,1028,3,0
1006,203,1028,3,0
1005,204,1027,3,0
1006,204,1028,3,0
1005,205,1027,3,0
1006,205,1028,3,0
998,206,976,0,3
1005,206,1027,3,0
1006,206,1028,3,0
998,207,976,0,3
1002,207,980,0,3
1005,207,1027,3,0
1006,207,1028,3,0
998,208,976,0,3
1000,208,978,0,3
1002,208,980,0,3
1005,208,1027,3,0
1006,208,1028,3,0
998,209,976,0,3
1002,209,980,0,3
1005,209,1027,3,0
1006,209,1028,3,0
998,210,976,0,3
1002,210,980,0,3
1005,210,1027,3,0
1006,210,1028,3,0
1005,211,1027,3,0
1006,211,1028,3,0
1005,212,1027,3,0
1006,212,1028,3,0
1005,213,1027,3,0
1006,213,1028,3,0
1006,214,1028,3,0
1006,215,1028,3,0
993,216,1015,3,0
1006,216,1028,3,0
1008,216,986,0,3
992,217,1014,3,0
993,217,1015,3,0
1006,217,1028,3,0
1008,217,986,0,3
1009,217,1031,3,0
991,218,1013,3,0
992,218,1014,3,0
993,218,1015,3,0
1006,218,1028,3,0
1008,218,986,0,3
1009,218,1031,3,0
991,219,1013,3,0
992,219,1014,3,0
993,219,1015,3,0
1006,219,1028,3,0
1008,219,986,0,3
1009,219,1031,3,0
1011,219,1033,3,0
1013,220,1035,3,0
1014,220,1036,3,0
1015,220,1037,3,0
1017,220,995,0,3
1028,220,1050,3,0
1031,220,1053,3,0
1032,220,1054,3,0
1013,221,1035,3,0
1014,221,1036,3,0
1015,221,1037,3,0
1017,221,995,0,3
1028,221,1050,3,0
1031,221,1053,3,0
1014,222,1036,3,0
1015,222,1037,3,0
1017,222,995,0,3
1028,222,1050,3,0
1015,223,1037,3,0
1017,223,995,0,3
1028,223,1050,3,0
1017,224,995,0,3
1028,224,1050,3,0
1017,225,995,0,3
1028,225,1050,3,0
1017,226,995,0,3
1028,226,1050,3,0
1017,227,995,0,3
1028,227,1050,3,0
1017,228,995,0,3
1020,228,998,0,3
1028,228,1050,3,0
1017,229,995,0,3
1020,229,998,0,3
1021,229,999,0,3
1024,229,1002,0,3
1028,229,1050,3,0
1017,230,995,0,3
1020,230,998,0,3
1021,230,999,0,3
1022,230,1000,0,3
1024,230,1002,0,3
1028,230,1050,3,0
1017,231,995,0,3
1020,231,998,0,3
1021,231,999,0,3
1024,231,1002,0,3
1028,231,1050,3,0
1017,232,995,0,3
1020,232,998,0,3
1024,232,1002,0,3
1028,232,1050,3,0
1017,233,995,0,3
1028,233,1050,3,0
1017,234,995,0,3
1028,234,1050,3,0
1017,235,995,0,3
1028,235,1050,3,0
1028,236,1050,3,0
1017,237,995,0,3
1028,237,1050,3,0
1015,238,1037,3,0
1017,238,995,0,3
1028,238,1050,3,0
1014,239,1036,3,0
1015,239,1037,3,0
1017,239,995,0,3
1028,239,1050,3,0
1031,239,1053,3,0
1013,240,1035,3,0
1014,240,1036,3,0
1015,240,1037,3,0
1017,240,995,0,3
1028,240,1050,3,0
1031,240,1053,3,0
1032,240,1054,3,0
1013,241,1035,3,0
1014,241,1036,3,0
1015,241,1037,3,0
1017,241,995,0,3
1028,241,1050,3,0
1031,241,1053,3,0
1032,241,1054,3,0
1033,241,1055,3,0
1035,242,1057,3,0
1036,242,1058,3,0
1037,242,1059,3,0
1039,242,1017,0,3
1050,242,1072,3,0
1052,242,1074,3,0
1053,242,1075,3,0
1054,242,1076,3,0
1035,243,1057,3,0
1036,243,1058,3,0
1037,243,1059,3,0
1039,243,1017,0,3
1050,243,1072,3,0
1052,243,1074,3,0
1053,243,1075,3,0
1036,244,1058,3,0
1037,244,1059,3,0
1039,244,1017,0,3
1050,244,1072,3,0
1052,244,1074,3,0
1037,245,1059,3,0
1039,245,1017,0,3
1050,245,1072,3,0
1039,246,1017,0,3
1050,246,1072,3,0
1039,247,1017,0,3
1050,247,1072,3,0
1039,248,1017,0,3
1050,248,1072,3,0
1039,249,1017,0,3
1050,249,1072,3,0
1039,250,1017,0,3
1042,250,1020,0,3
1050,250,1072,3,0
1039,251,1017,0,3
1042,251,1020,0,3
1043,251,1021,0,3
1046,251,1024,0,3
1050,251,1072,3,0
1039,252,1017,0,3
1042,252,1020,0,3
1043,252,1021,0,3
1044,252,1022,0,3
1046,252,1024,0,3
1050,252,1072,3,0
1039,253,1017,0,3
1042,253,1020,0,3
1043,253,1021,0,3
1046,253,1024,0,3
1050,253,1072,3,0
1039,254,1017,0,3
1042,254,1020,0,3
1046,254,1024,0,3
1050,254,1072,3,0
1039,255,1017,0,3
1050,255,1072,3,0
1039,256,1017,0,3
1050,256,1072,3,0
1039,257,1017,0,3
1050,257,1072,3,0
1050,258,1072,3,0
1039,259,1017,0,3
1050,259,1072,3,0
1037,260,1059,3,0
1039,260,1017,0,3
1050,260,1072,3,0
1052,260,1074,3,0
1036,261,1058,3,0
1037,261,1059,3,0
1039,261,1017,0,3
1050,261,1072,3,0
1052,261,1074,3,0
1053,261,1075,3,0
1035,262,1057,3,0
1036,262,1058,3,0
1037,262,1059,3,0
1039,262,1017,0,3
1050,262,1072,3,0
1052,262,1074,3,0
1053,262,1075,3,0
1054,262,1076,3,0
1035,263,1057,3,0
1036,263,1058,3,0
1037,263,1059,3,0
1039,263,1017,0,3
1050,263,1072,3,0
1052,263,1074,3,0
1053,263,1075,3,0
1054,263,1076,3,0
1055,263,1077,3,0
1057,264,1079,3,0
1058,264,1080,3,0
1059,264,1081,3,0
1072,264,1094,3,0
1074,264,1096,3,0
1075,264,1097,3,0
1076,264,1098,3,0
1057,265,1079,3,0
1058,265,1080,3,0
1059,265,1081,3,0
1072,265,1094,3,0
1074,265,1096,3,0
1075,265,1097,3,0
1058,266,1080,3,0
1059,266,1081,3,0
1072,266,1094,3,0
1074,266,1096,3,0
1059,267,1081,3,0
1072,267,1094,3,0
1072,268,1094,3,0
1072,269,1094,3,0
1072,270,1094,3,0
1072,271,1094,3,0
1064,272,1042,0,3
1072,272,1094,3,0
1064,273,1042,0,3
1065,273,1043,0,3
1068,273,1046,0,3
1072,273,1094,3,0
1064,274,1042,0,3
1065,274,1043,0,3
1066,274,1044,0,3
1068,274,1046,0,3
1072,274,1094,3,0
1064,275,1042,0,3
1065,275,1043,0,3
1068,275,1046,0,3
1072,275,1094,3,0
1064,276,1042,0,3
1068,276,1046,0,3
1072,276,1094,3,0
1072,277,1094,3,0
1072,278,1094,3,0
1072,279,1094,3,0
1072,280,1094,3,0
1072,281,1094,3,0
1059,282,1081,3,0
1072,282,1094,3,0
1074,282,1096,3,0
1058,283,1080,3,0
1059,283,1081,3,0
1072,283,1094,3,0
1074,283,1096,3,0
1075,283,1097,3,0
1057,284,1079,3,0
1058,284,1080,3,0
1059,284,1081,3,0
1072,284,1094,3,0
1074,284,1096,3,0
1075,284,1097,3,0
1076,284,1098,3,0
1057,285,1079,3,0
1058,285,1080,3,0
1059,285,1081,3,0
1072,285,1094,3,0
1074,285,1096,3,0
1075,285,1097,3,0
1076,285,1098,3,0
1077,285,1099,3,0
1079,286,1101,3,0
1080,286,1102,3,0
1081,286,1103,3,0
1083,286,1061,0,3
1096,286,1118,3,0
1097,286,1119,3,0
1098,286,1120,3,0
1079,287,1101,3,0
1080,287,1102,3,0
1081,287,1103,3,0
1083,287,1061,0,3
1096,287,1118,3,0
1097,287,1119,3,0
1080,288,1102,3,0
1081,288,1103,3,0
1083,288,1061,0,3
1096,288,1118,3,0
1081,289,1103,3,0
1083,289,1061,0,3
1083,290,1061,0,3
1083,291,1061,0,3
1083,292,1061,0,3
1083,293,1061,0,3
1083,294,1061,0,3
1086,294,1064,0,3
1083,295,1061,0,3
1086,295,1064,0,3
1087,295,1065,0,3
1090,295,1068,0,3
1083,296,1061,0,3
1086,296,1064,0,3
1087,296,1065,0,3
1088,296,1066,0,3
1090,296,1068,0,3
1083,297,1061,0,3
1086,297,1064,0,3
1087,297,1065,0,3
1090,297,1068,0,3
1083,298,1061,0,3
1086,298,1064,0,3
1090,298,1068,0,3
1083,299,1061,0,3
1083,300,1061,0,3
1083,301,1061,0,3
1083,303,1061,0,3
1081,304,1103,3,0
1083,304,1061,0,3
1096,304,1118,3,0
1080,305,1102,3,0
1081,305,1103,3,0
1083,305,1061,0,3
1096,305,1118,3,0
1097,305,1119,3,0
1079,306,1101,3,0
1080,306,1102,3,0
1081,306,1103,3,0
1083,306,1061,0,3
1096,306,1118,3,0
1097,306,1119,3,0
1098,306,1120,3,0
1079,307,1101,3,0
1080,307,1102,3,0
1081,307,1103,3,0
1083,307,1061,0,3
1096,307,1118,3,0
1097,307,1119,3,0
1098,307,1120,3,0
1099,307,1121,3,0
1101,308,1123,3,0
1102,308,1124,3,0
1103,308,1125,3,0
1105,308,1083,0,3
1119,308,1141,3,0
1120,308,1142,3,0
1101,309,1123,3,0
1102,309,1124,3,0
1103,309,1125,3,0
1105,309,1083,0,3
1119,309,1141,3,0
1102,310,1124,3,0
1103,310,1125,3,0
1105,310,1083,0,3
1103,311,1125,3,0
1105,311,1083,0,3
1105,312,1083,0,3
1105,313,1083,0,3
1105,314,1083,0,3
1105,315,1083,0,3
1105,316,1083,0,3
1108,316,1086,0,3
1105,317,1083,0,3
1108,317,1086,0,3
1109,317,1087,0,3
1112,317,1090,0,3
1105,318,1083,0,3
1108,318,1086,0,3
1109,318,1087,0,3
1110,318,1088,0,3
1112,318,1090,0,3
1105,319,1083,0,3
1108,319,1086,0,3
1109,319,1087,0,3
1112,319,1090,0,3
1105,320,1083,0,3
1108,320,1086,0,3
1112,320,1090,0,3
1105,321,1083,0,3
1105,322,1083,0,3
1105,323,1083,0,3
1105,325,1083,0,3
1103,326,1125,3,0
1105,326,1083,0,3
1102,327,1124,3,0
1103,327,1125,3,0
1105,327,1083,0,3
1119,327,1141,3,0
1101,328,1123,3,0
1102,328,1124,3,0
1103,328,1125,3,0
1105,328,1083,0,3
1119,328,1141,3,0
1120,328,1142,3,0
1101,329,1123,3,0
1102,329,1124,3,0
1103,329,1125,3,0
1105,329,1083,0,3
1119,329,1141,3,0
1120,329,1142,3,0
1121,329,1143,3,0
1123,330,1145,3,0
1124,330,1146,3,0
1125,330,1147,3,0
1141,330,1163,3,0
1142,330,1164,3,0
1123,331,1145,3,0
1124,331,1146,3,0
1125,331,1147,3,0
1141,331,1163,3,0
1124,332,1146,3,0
1125,332,1147,3,0
1125,333,1147,3,0
1130,338,1108,0,3
1130,339,1108,0,3
1131,339,1109,0,3
1134,339,1112,0,3
1130,340,1108,0,3
1131,340,1109,0,3
1132,340,1110,0,3
1134,340,1112,0,3
1130,341,1108,0,3
1131,341,1109,0,3
1134,341,1112,0,3
1130,342,1108,0,3
1134,342,1112,0,3
1125,348,1147,3,0
1124,349,1146,3,0
1125,349,1147,3,0
1141,349,1163,3,0
1123,350,1145,3,0
1124,350,1146,3,0
1125,350,1147,3,0
1141,350,1163,3,0
1142,350,1164,3,0
1123,351,1145,3,0
1124,351,1146,3,0
1125,351,1147,3,0
1141,351,1163,3,0
1142,351,1164,3,0
1143,351,1165,3,0
1145,352,1167,3,0
1146,352,1168,3,0
1147,352,1169,3,0
1164,352,1186,3,0
1145,353,1167,3,0
1146,353,1168,3,0
1147,353,1169,3,0
1146,354,1168,3,0
1147,354,1169,3,0
1147,355,1169,3,0
1152,360,1130,0,3
1152,361,1130,0,3
1153,361,1131,0,3
1156,361,1134,0,3
1152,362,1130,0,3
1153,362,1131,0,3
1154,362,1132,0,3
1156,362,1134,0,3
1152,363,1130,0,3
1153,363,1131,0,3
1156,363,1134,0,3
1152,364,1130,0,3
1156,364,1134,0,3
1147,370,1169,3,0
1146,371,1168,3,0
1147,371,1169,3,0
1145,372,1167,3,0
1146,372,1168,3,0
1147,372,1169,3,0
1164,372,1186,3,0
1145,373,1167,3,0
1146,373,1168,3,0
1147,373,1169,3,0
1164,373,1186,3,0
1165,373,1187,3,0
1167,374,1189,3,0
1168,374,1190,3,0
1186,374,1208,3,0
1167,375,1189,3,0
1168,375,1190,3,0
1168,376,1190,3,0
1174,382,1152,0,3
1174,383,1152,0,3
1175,383,1153,0,3
1178,383,1156,0,3
1174,384,1152,0,3
1175,384,1153,0,3
1176,384,1154,0,3
1178,384,1156,0,3
1174,385,1152,0,3
1175,385,1153,0,3
1178,385,1156,0,3
1174,386,1152,0,3
1178,386,1156,0,3
1168,393,1190,3,0
1167,394,1189,3,0
1168,394,1190,3,0
1186,394,1208,3,0
1167,395,1189,3,0
1168,395,1190,3,0
1186,395,1208,3,0
1187,395,1209,3,0
1189,396,1211,3,0
1190,396,1212,3,0
1208,396,1230,3,0
1189,397,1211,3,0
1190,397,1212,3,0
1190,398,1212,3,0
1196,404,1174,0,3
1196,405,1174,0,3
1197,405,1175,0,3
1200,405,1178,0,3
1196,406,1174,0,3
1197,406,1175,0,3
1198,406,1176,0,3
1200,406,1178,0,3
1196,407,1174,0,3
1197,407,1175,0,3
1200,407,1178,0,3
1196,408,1174,0,3
1200,408,1178,0,3
1190,415,1212,3,0
1189,416,1211,3,0
1190,416,1212,3,0
1208,416,1230,3,0
1189,417,1211,3,0
1190,417,1212,3,0
1208,417,1230,3,0
1209,417,1231,3,0
1211,418,1233,3,0
1212,418,1234,3,0
1230,418,1252,3,0
1211,419,1233,3,0
1212,419,1234,3,0
1212,420,1234,3,0
1218,426,1196,0,3
1218,427,1196,0,3
1219,427,1197,0,3
1222,427,1200,0,3
1218,428,1196,0,3
1219,428,1197,0,3
1220,428,1198,0,3
1222,428,1200,0,3
1218,429,1196,0,3
1219,429,1197,0,3
1222,429,1200,0,3
1218,430,1196,0,3
1222,430,1200,0,3
1212,437,1234,3,0
1211,438,1233,3,0
1212,438,1234,3,0
1230,438,1252,3,0
1211,439,1233,3,0
1212,439,1234,3,0
1230,439,1252,3,0
1231,439,1253,3,0
1233,440,1255,3,0
1234,440,1256,3,0
1248,440,1270,3,0
1252,440,1274,3,0
1233,441,1255,3,0
1234,441,1256,3,0
1248,441,1270,3,0
1234,442,1256,3,0
1248,442,1270,3,0
1248,443,1270,3,0
1248,444,1270,3,0
1248,445,1270,3,0
1248,446,1270,3,0
1248,447,1270,3,0
1240,448,1218,0,3
1248,448,1270,3,0
1240,449,1218,0,3
1241,449,1219,0,3
1244,449,1222,0,3
1248,449,1270,3,0
1240,450,1218,0,3
1241,450,1219,0,3
1242,450,1220,0,3
1244,450,1222,0,3
1248,450,1270,3,0
1240,451,1218,0,3
1241,451,1219,0,3
1244,451,1222,0,3
1248,451,1270,3,0
1240,452,1218,0,3
1244,452,1222,0,3
1248,452,1270,3,0
1248,453,1270,3,0
1248,454,1270,3,0
1248,455,1270,3,0
1248,456,1270,3,0
1248,457,1270,3,0
1248,458,1270,3,0
1234,459,1256,3,0
1248,459,1270,3,0
1233,460,1255,3,0
1234,460,1256,3,0
1248,460,1270,3,0
1252,460,1274,3,0
1233,461,1255,3,0
1234,461,1256,3,0
1248,461,1270,3,0
1252,461,1274,3,0
1253,461,1275,3,0
1255,462,1277,3,0
1256,462,1278,3,0
1270,462,1292,3,0
1274,462,1296,3,0
1255,463,1277,3,0
1256,463,1278,3,0
1270,463,1292,3,0
1256,464,1278,3,0
1270,464,1292,3,0
1270,465,1292,3,0
1270,466,1292,3,0
1270,467,1292,3,0
1270,468,1292,3,0
1270,469,1292,3,0
1262,470,1240,0,3
1270,470,1292,3,0
1262,471,1240,0,3
1263,471,1241,0,3
1266,471,1244,0,3
1270,471,1292,3,0
1262,472,1240,0,3
1263,472,1241,0,3
1264,472,1242,0,3
1266,472,1244,0,3
1270,472,1292,3,0
1262,473,1240,0,3
1263,473,1241,0,3
1266,473,1244,0,3
1270,473,1292,3,0
1262,474,1240,0,3
1266,474,1244,0,3
1270,474,1292,3,0
1270,475,1292,3,0
1270,476,1292,3,0
1270,477,1292,3,0
1270,478,1292,3,0
1270,479,1292,3,0
1270,480,1292,3,0
1256,481,1278,3,0
1270,481,1292,3,0
1255,482,1277,3,0
1256,482,1278,3,0
1270,482,1292,3,0
1274,482,1296,3,0
1255,483,1277,3,0
1256,483,1278,3,0
1270,483,1292,3,0
1274,483,1296,3,0
1275,483,1297,3,0
1276,484,1254,0,2
1277,484,1299,3,0
1278,484,1300,3,0
1279,484,1301,3,0
1292,484,1314,3,0
1296,484,1318,3,0
1277,485,1299,3,0
1278,485,1300,3,0
1279,485,1301,3,0
1292,485,1314,3,0
1278,486,1300,3,0
1279,486,1301,3,0
1292,486,1314,3,0
1279,487,1301,3,0
1292,487,1314,3,0
1292,488,1314,3,0
1292,489,1314,3,0
1292,490,1314,3,0
1292,491,1314,3,0
1284,492,1262,0,3
1292,492,1314,3,0
1284,493,1262,0,3
1285,493,1263,0,3
1288,493,1266,0,3
1292,493,1314,3,0
1284,494,1262,0,3
1285,494,1263,0,3
1286,494,1264,0,3
1288,494,1266,0,3
1292,494,1314,3,0
1284,495,1262,0,3
1285,495,1263,0,3
1288,495,1266,0,3
1292,495,1314,3,0
1284,496,1262,0,3
1288,496,1266,0,3
1292,496,1314,3,0
1292,497,1314,3,0
1292,498,1314,3,0
1292,499,1314,3,0
1292,500,1314,3,0
1292,501,1314,3,0
1279,502,1301,3,0
1292,502,1314,3,0
1278,503,1300,3,0
1279,503,1301,3,0
1292,503,1314,3,0
1277,504,1299,3,0
1278,504,1300,3,0
1279,504,1301,3,0
1292,504,1314,3,0
1296,504,1318,3,0
1276,505,1254,0,2
1277,505,1299,3,0
1278,505,1300,3,0
1279,505,1301,3,0
1292,505,1314,3,0
1296,505,1318,3,0
1297,505,1319,3,0
1298,506,1276,0,2
1299,506,1321,3,0
1300,506,1322,3,0
1301,506,1323,3,0
1314,506,1336,3,0
1318,506,1340,3,0
1299,507,1321,3,0
1300,507,1322,3,0
1301,507,1323,3,0
1314,507,1336,3,0
1300,508,1322,3,0
1301,508,1323,3,0
1314,508,1336,3,0
1301,509,1323,3,0
1314,509,1336,3,0
1314,510,1336,3,0
1314,511,1336,3,0
1314,512,1336,3,0
1314,513,1336,3,0
1306,514,1284,0,3
1314,514,1336,3,0
1306,515,1284,0,3
1307,515,1285,0,3
1310,515,1288,0,3
1314,515,1336,3,0
1306,516,1284,0,3
1307,516,1285,0,3
1308,516,1286,0,3
1310,516,1288,0,3
1314,516,1336,3,0
1306,517,1284,0,3
1307,517,1285,0,3
1310,517,1288,0,3
1314,517,1336,3,0
1306,518,1284,0,3
1310,518,1288,0,3
1314,518,1336,3,0
1314,519,1336,3,0
1314,520,1336,3,0
1314,521,1336,3,0
1314,522,1336,3,0
1314,523,1336,3,0
1301,524,1323,3,0
1314,524,1336,3,0
1300,525,1322,3,0
1301,525,1323,3,0
1314,525,1336,3,0
1299,526,1321,3,0
1300,526,1322,3,0
1301,526,1323,3,0
1314,526,1336,3,0
1318,526,1340,3,0
1298,527,1276,0,2
1299,527,1321,3,0
1300,527,1322,3,0
1301,527,1323,3,0
1314,527,1336,3,0
1318,527,1340,3,0
1319,527,1341,3,0
1320,528,1298,0,2
1321,528,1343,3,0
1323,528,1345,3,0
1336,528,1358,3,0
1340,528,1362,3,0
1321,529,1343,3,0
1323,529,1345,3,0
1336,529,1358,3,0
1323,530,1345,3,0
1336,530,1358,3,0
1323,531,1345,3,0
1336,531,1358,3,0
1336,532,1358,3,0
1336,533,1358,3,0
1336,534,1358,3,0
1336,535,1358,3,0
1328,536,1306,0,3
1336,536,1358,3,0
1328,537,1306,0,3
1329,537,1307,0,3
1332,537,1310,0,3
1336,537,1358,3,0
1328,538,1306,0,3
1329,538,1307,0,3
1330,538,1308,0,3
1331,538,1309,0,3
1332,538,1310,0,3
1336,538,1358,3,0
1328,539,1306,0,3
1329,539,1307,0,3
1331,539,1309,0,3
1332,539,1310,0,3
1336,539,1358,3,0
1328,540,1306,0,3
1332,540,1310,0,3
1336,540,1358,3,0
1336,541,1358,3,0
1336,542,1358,3,0
1336,543,1358,3,0
1336,544,1358,3,0
1336,545,1358,3,0
1323,546,1345,3,0
1336,546,1358,3,0
1323,547,1345,3,0
1336,547,1358,3,0
1321,548,1343,3,0
1323,548,1345,3,0
1336,548,1358,3,0
1340,548,1362,3,0
1320,549,1298,0,2
1321,549,1343,3,0
1323,549,1345,3,0
1336,549,1358,3,0
1340,549,1362,3,0
1341,549,1363,3,0
1342,550,1320,0,2
1343,550,1365,3,0
1344,550,1366,3,0
1345,550,1367,3,0
1358,550,1380,3,0
1362,550,1384,3,0
1343,551,1365,3,0
1344,551,1366,3,0
1345,551,1367,3,0
1358,551,1380,3,0
1344,552,1366,3,0
1345,552,1367,3,0
1358,552,1380,3,0
1345,553,1367,3,0
1358,553,1380,3,0
1358,554,1380,3,0
1358,555,1380,3,0
1358,556,1380,3,0
1358,557,1380,3,0
1350,558,1328,0,3
1358,558,1380,3,0
1350,559,1328,0,3
1351,559,1329,0,3
1354,559,1332,0,3
1358,559,1380,3,0
1350,560,1328,0,3
1351,560,1329,0,3
1352,560,1330,0,3
1353,560,1331,0,3
1354,560,1332,0,3
1358,560,1380,3,0
1350,561,1328,0,3
1351,561,1329,0,3
1353,561,1331,0,3
1354,561,1332,0,3
1358,561,1380,3,0
1350,562,1328,0,3
1354,562,1332,0,3
1358,562,1380,3,0
1358,563,1380,3,0
1358,564,1380,3,0
1358,565,1380,3,0
1358,566,1380,3,0
1358,567,1380,3,0
1345,568,1367,3,0
1358,568,1380,3,0
1344,569,1366,3,0
1345,569,1367,3,0
1358,569,1380,3,0
1343,570,1365,3,0
1344,570,1366,3,0
1345,570,1367,3,0
1358,570,1380,3,0
1362,570,1384,3,0
1342,571,1320,0,2
1343,571,1365,3,0
1344,571,1366,3,0
1345,571,1367,3,0
1358,571,1380,3,0
1362,571,1384,3,0
1363,571,1385,3,0
1364,572,1342,0,2
1365,572,1387,3,0
1367,572,1389,3,0
1380,572,1402,3,0
1384,572,1406,3,0
1365,573,1387,3,0
1367,573,1389,3,0
1380,573,1402,3,0
1367,574,1389,3,0
1380,574,1402,3,0
1367,575,1389,3,0
1380,575,1402,3,0
1380,576,1402,3,0
1380,577,1402,3,0
1380,578,1402,3,0
1380,579,1402,3,0
1372,580,1350,0,3
1380,580,1402,3,0
1372,581,1350,0,3
1373,581,1351,0,3
1376,581,1354,0,3
1380,581,1402,3,0
1372,582,1350,0,3
1373,582,1351,0,3
1374,582,1352,0,3
1376,582,1354,0,3
1380,582,1402,3,0
1372,583,1350,0,3
1373,583,1351,0,3
1376,583,1354,0,3
1380,583,1402,3,0
1372,584,1350,0,3
1376,584,1354,0,3
1380,584,1402,3,0
1380,585,1402,3,0
1380,586,1402,3,0
1380,587,1402,3,0
1380,588,1402,3,0
1380,589,1402,3,0
1367,590,1389,3,0
1380,590,1402,3,0
1367,591,1389,3,0
1380,591,1402,3,0
1365,592,1387,3,0
1367,592,1389,3,0
1380,592,1402,3,0
1384,592,1406,3,0
1364,593,1342,0,2
1365,593,1387,3,0
1367,593,1389,3,0
1380,593,1402,3,0
1384,593,1406,3,0
1385,593,1407,3,0
1387,594,1409,3,0
1389,594,1411,3,0
1402,594,1424,3,0
1406,594,1428,3,0
1387,595,1409,3,0
1389,595,1411,3,0
1402,595,1424,3,0
1389,596,1411,3,0
1402,596,1424,3,0
1389,597,1411,3,0
1402,597,1424,3,0
1402,598,1424,3,0
1402,599,1424,3,0
1402,600,1424,3,0
1402,601,1424,3,0
1394,602,1372,0,3
1402,602,1424,3,0
1394,603,1372,0,3
1402,603,1424,3,0
1394,604,1372,0,3
1396,604,1374,0,3
1402,604,1424,3,0
1394,605,1372,0,3
1402,605,1424,3,0
1394,606,1372,0,3
1402,606,1424,3,0
1402,607,1424,3,0
1402,608,1424,3,0
1402,609,1424,3,0
1402,610,1424,3,0
1402,611,1424,3,0
1389,612,1411,3,0
1402,612,1424,3,0
1389,613,1411,3,0
1402,613,1424,3,0
1387,614,1409,3,0
1389,614,1411,3,0
1402,614,1424,3,0
1406,614,1428,3,0
1387,615,1409,3,0
1389,615,1411,3,0
1402,615,1424,3,0
1406,615,1428,3,0
1407,615,1429,3,0
1408,616,1386,0,2
1409,616,1431,3,0
1413,616,1391,0,3
1424,616,1446,3,0
1428,616,1450,3,0
1409,617,1431,3,0
1413,617,1391,0,3
1424,617,1446,3,0
1413,618,1391,0,3
1424,618,1446,3,0
1413,619,1391,0,3
1424,619,1446,3,0
1413,620,1391,0,3
1424,620,1446,3,0
1413,621,1391,0,3
1424,621,1446,3,0
1413,622,1391,0,3
1424,622,1446,3,0
1413,623,1391,0,3
1424,623,1446,3,0
1413,624,1391,0,3
1416,624,1394,0,3
1424,624,1446,3,0
1413,625,1391,0,3
1416,625,1394,0,3
1417,625,1439,3,0
1424,625,1446,3,0
1413,626,1391,0,3
1416,626,1394,0,3
1417,626,1439,3,0
1418,626,1396,0,3
1424,626,1446,3,0
1413,627,1391,0,3
1416,627,1394,0,3
1417,627,1439,3,0
1424,627,1446,3,0
1413,628,1391,0,3
1416,628,1394,0,3
1424,628,1446,3,0
1413,629,1391,0,3
1424,629,1446,3,0
1413,630,1391,0,3
1424,630,1446,3,0
1413,631,1391,0,3
1424,631,1446,3,0
1424,632,1446,3,0
1413,633,1391,0,3
1424,633,1446,3,0
1413,634,1391,0,3
1424,634,1446,3,0
1413,635,1391,0,3
1424,635,1446,3,0
1409,636,1431,3,0
1413,636,1391,0,3
1424,636,1446,3,0
1428,636,1450,3,0
1408,637,1386,0,2
1409,637,1431,3,0
1413,637,1391,0,3
1424,637,1446,3,0
1428,637,1450,3,0
1429,637,1451,3,0
1430,638,1408,0,2
1431,638,1453,3,0
1435,638,1413,0,3
1446,638,1468,3,0
1450,638,1472,3,0
1431,639,1453,3,0
1435,639,1413,0,3
1446,639,1468,3,0
1435,640,1413,0,3
1446,640,1468,3,0
1435,641,1413,0,3
1446,641,1468,3,0
1435,642,1413,0,3
1446,642,1468,3,0
1435,643,1413,0,3
1446,643,1468,3,0
1435,644,1413,0,3
1446,644,1468,3,0
1435,645,1413,0,3
1446,645,1468,3,0
1435,646,1413,0,3
1438,646,1416,0,3
1446,646,1468,3,0
1435,647,1413,0,3
1438,647,1416,0,3
1439,647,1461,3,0
1446,647,1468,3,0
1435,648,1413,0,3
1438,648,1416,0,3
1439,648,1461,3,0
1440,648,1418,0,3
1441,648,1463,3,0
1446,648,1468,3,0
1435,649,1413,0,3
1438,649,1416,0,3
1439,649,1461,3,0
1441,649,1463,3,0
1446,649,1468,3,0
1435,650,1413,0,3
1438,650,1416,0,3
1446,650,1468,3,0
1435,651,1413,0,3
1446,651,1468,3,0
1435,652,1413,0,3
1446,652,1468,3,0
1435,653,1413,0,3
1446,653,1468,3,0
1446,654,1468,3,0
1435,655,1413,0,3
1446,655,1468,3,0
1435,656,1413,0,3
1446,656,1468,3,0
1435,657,1413,0,3
1446,657,1468,3,0
1431,658,1453,3,0
1435,658,1413,0,3
1446,658,1468,3,0
1450,658,1472,3,0
1430,659,1408,0,2
1431,659,1453,3,0
1435,659,1413,0,3
1446,659,1468,3,0
1450,659,1472,3,0
1451,659,1473,3,0
1453,660,1475,3,0
1454,660,1476,3,0
1457,660,1435,0,3
1468,660,1490,3,0
1472,660,1494,3,0
1453,661,1475,3,0
1454,661,1476,3,0
1457,661,1435,0,3
1468,661,1490,3,0
1454,662,1476,3,0
1457,662,1435,0,3
1468,662,1490,3,0
1457,663,1435,0,3
1468,663,1490,3,0
1457,664,1435,0,3
1468,664,1490,3,0
1457,665,1435,0,3
1468,665,1490,3,0
1457,666,1435,0,3
1468,666,1490,3,0
1457,667,1435,0,3
1468,667,1490,3,0
1457,668,1435,0,3
1460,668,1438,0,3
1468,668,1490,3,0
1457,669,1435,0,3
1460,669,1438,0,3
1461,669,1483,3,0
1464,669,1442,0,3
1468,669,1490,3,0
1457,670,1435,0,3
1460,670,1438,0,3
1461,670,1483,3,0
1462,670,1440,0,3
1464,670,1442,0,3
1468,670,1490,3,0
1457,671,1435,0,3
1460,671,1438,0,3
1461,671,1483,3,0
1464,671,1442,0,3
1468,671,1490,3,0
1457,672,1435,0,3
1460,672,1438,0,3
1464,672,1442,0,3
1468,672,1490,3,0
1457,673,1435,0,3
1468,673,1490,3,0
1457,674,1435,0,3
1468,674,1490,3,0
1457,675,1435,0,3
1468,675,1490,3,0
1468,676,1490,3,0
1457,677,1435,0,3
1468,677,1490,3,0
1457,678,1435,0,3
1468,678,1490,3,0
1454,679,1476,3,0
1457,679,1435,0,3
1468,679,1490,3,0
1453,680,1475,3,0
1454,680,1476,3,0
1457,680,1435,0,3
1468,680,1490,3,0
1472,680,1494,3,0
1453,681,1475,3,0
1454,681,1476,3,0
1457,681,1435,0,3
1468,681,1490,3,0
1472,681,1494,3,0
1473,681,1495,3,0
1475,682,1497,3,0
1476,682,1498,3,0
1477,682,1455,0,3
1490,682,1512,3,0
1494,682,1516,3,0
1475,683,1497,3,0
1476,683,1498,3,0
1477,683,1455,0,3
1490,683,1512,3,0
1476,684,1498,3,0
1477,684,1455,0,3
1490,684,1512,3,0
1477,685,1455,0,3
1490,685,1512,3,0
1490,686,1512,3,0
1490,687,1512,3,0
1480,688,1458,0,3
1490,688,1512,3,0
1480,689,1458,0,3
1490,689,1512,3,0
1480,690,1458,0,3
1482,690,1460,0,3
1490,690,1512,3,0
1480,691,1458,0,3
1482,691,1460,0,3
1483,691,1505,3,0
1490,691,1512,3,0
1480,692,1458,0,3
1482,692,1460,0,3
1483,692,1505,3,0
1484,692,1462,0,3
1485,692,1507,3,0
1490,692,1512,3,0
1480,693,1458,0,3
1482,693,1460,0,3
1483,693,1505,3,0
1485,693,1507,3,0
1490,693,1512,3,0
1480,694,1458,0,3
1482,694,1460,0,3
1490,694,1512,3,0
1480,695,1458,0,3
1490,695,1512,3,0
1480,696,1458,0,3
1490,696,1512,3,0
1490,697,1512,3,0
1490,698,1512,3,0
1490,699,1512,3,0
1477,700,1455,0,3
1490,700,1512,3,0
1476,701,1498,3,0
1477,701,1455,0,3
1490,701,1512,3,0
1475,702,1497,3,0
1476,702,1498,3,0
1477,702,1455,0,3
1490,702,1512,3,0
1494,702,1516,3,0
1475,703,1497,3,0
1476,703,1498,3,0
1477,703,1455,0,3
1490,703,1512,3,0
1494,703,1516,3,0
1495,703,1517,3,0
1512,704,1534,3,0
1516,704,1538,3,0
1512,705,1534,3,0
1512,706,1534,3,0
1512,707,1534,3,0
1512,708,1534,3,0
1512,709,1534,3,0
1502,710,1480,0,3
1512,710,1534,3,0
1502,711,1480,0,3
1512,711,1534,3,0
1502,712,1480,0,3
1504,712,1482,0,3
1512,712,1534,3,0
1502,713,1480,0,3
1504,713,1482,0,3
1505,713,1527,3,0
1512,713,1534,3,0
1502,714,1480,0,3
1504,714,1482,0,3
1505,714,1527,3,0
1506,714,1484,0,3
1512,714,1534,3,0
1502,715,1480,0,3
1504,715,1482,0,3
1505,715,1527,3,0
1512,715,1534,3,0
1502,716,1480,0,3
1504,716,1482,0,3
1512,716,1534,3,0
1502,717,1480,0,3
1512,717,1534,3,0
1502,718,1480,0,3
1512,718,1534,3,0
1512,719,1534,3,0
1512,720,1534,3,0
1512,721,1534,3,0
1512,722,1534,3,0
1512,723,1534,3,0
1512,724,1534,3,0
1516,724,1538,3,0
1512,725,1534,3,0
1516,725,1538,3,0
1517,725,1539,3,0
1518,726,1496,0,2
1534,726,1556,3,0
1534,727,1556,3,0
1534,728,1556,3,0
1534,729,1556,3,0
1534,730,1556,3,0
1534,731,1556,3,0
1524,732,1502,0,3
1533,732,1511,0,3
1534,732,1556,3,0
1524,733,1502,0,3
1533,733,1511,0,3
1534,733,1556,3,0
1524,734,1502,0,3
1533,734,1511,0,3
1534,734,1556,3,0
1524,735,1502,0,3
1530,735,1508,0,3
1533,735,1511,0,3
1534,735,1556,3,0
1524,736,1502,0,3
1530,736,1508,0,3
1533,736,1511,0,3
1534,736,1556,3,0
1524,737,1502,0,3
1530,737,1508,0,3
1533,737,1511,0,3
1534,737,1556,3,0
1524,738,1502,0,3
1530,738,1508,0,3
1533,738,1511,0,3
1534,738,1556,3,0
1524,739,1502,0,3
1533,739,1511,0,3
1534,739,1556,3,0
1524,740,1502,0,3
1533,740,1511,0,3
1534,740,1556,3,0
1533,741,1511,0,3
1534,741,1556,3,0
1534,742,1556,3,0
1534,743,1556,3,0
1534,744,1556,3,0
1534,745,1556,3,0
1534,746,1556,3,0
1518,747,1496,0,2
1534,747,1556,3,0
1539,747,1561,3,0
1540,748,1518,0,2
1542,748,1520,0,3
1544,748,1522,0,3
1556,748,1578,3,0
1542,749,1520,0,3
1544,749,1522,0,3
1556,749,1578,3,0
1542,750,1520,0,3
1544,750,1522,0,3
1556,750,1578,3,0
1544,751,1522,0,3
1556,751,1578,3,0
1544,752,1522,0,3
1556,752,1578,3,0
1556,753,1578,3,0
1546,754,1524,0,3
1555,754,1533,0,3
1556,754,1578,3,0
1546,755,1524,0,3
1547,755,1525,0,3
1555,755,1533,0,3
1556,755,1578,3,0
1546,756,1524,0,3
1547,756,1525,0,3
1548,756,1526,0,3
1555,756,1533,0,3
1556,756,1578,3,0
1546,757,1524,0,3
1547,757,1525,0,3
1548,757,1526,0,3
1549,757,1571,3,0
1552,757,1530,0,3
1555,757,1533,0,3
1556,757,1578,3,0
1546,758,1524,0,3
1547,758,1525,0,3
1548,758,1526,0,3
1549,758,1571,3,0
1552,758,1530,0,3
1555,758,1533,0,3
1556,758,1578,3,0
1546,759,1524,0,3
1547,759,1525,0,3
1548,759,1526,0,3
1549,759,1571,3,0
1552,759,1530,0,3
1555,759,1533,0,3
1556,759,1578,3,0
1546,760,1524,0,3
1547,760,1525,0,3
1548,760,1526,0,3
1552,760,1530,0,3
1555,760,1533,0,3
1556,760,1578,3,0
1546,761,1524,0,3
1547,761,1525,0,3
1555,761,1533,0,3
1556,761,1578,3,0
1546,762,1524,0,3
1555,762,1533,0,3
1556,762,1578,3,0
1555,763,1533,0,3
1556,763,1578,3,0
1556,764,1578,3,0
1544,765,1522,0,3
1556,765,1578,3,0
1544,766,1522,0,3
1556,766,1578,3,0
1542,767,1520,0,3
1544,767,1522,0,3
1556,767,1578,3,0
1542,768,1520,0,3
1544,768,1522,0,3
1556,768,1578,3,0
1540,769,1518,0,2
1542,769,1520,0,3
1544,769,1522,0,3
1556,769,1578,3,0
1561,769,1583,3,0
1562,770,1540,0,2
1566,770,1544,0,3
1567,770,1545,0,3
1579,770,17,3,3
1581,770,1559,0,3
1566,771,1544,0,3
1567,771,1545,0,3
1579,771,17,3,3
1581,771,1559,0,3
1566,772,1544,0,3
1567,772,1545,0,3
1579,772,17,3,3
1566,773,1544,0,3
1567,773,1545,0,3
1579,773,17,3,3
1566,774,1544,0,3
1567,774,1545,0,3
1567,775,1545,0,3
1567,776,1545,0,3
1567,777,1545,0,3
1576,777,14,3,3
1567,778,1545,0,3
1570,778,1548,0,3
1576,778,14,3,3
1567,779,1545,0,3
1570,779,1548,0,3
1571,779,9,3,3
1574,779,1552,0,3
1576,779,14,3,3
1567,780,1545,0,3
1570,780,1548,0,3
1571,780,9,3,3
1572,780,1550,0,3
1574,780,1552,0,3
1576,780,14,3,3
1567,781,1545,0,3
1570,781,1548,0,3
1571,781,9,3,3
1574,781,1552,0,3
1576,781,14,3,3
1567,782,1545,0,3
1570,782,1548,0,3
1574,782,1552,0,3
1576,782,14,3,3
1567,783,1545,0,3
1576,783,14,3,3
1567,784,1545,0,3
1576,784,14,3,3
1567,785,1545,0,3
1566,787,1544,0,3
1567,787,1545,0,3
1579,787,17,3,3
1566,788,1544,0,3
1567,788,1545,0,3
1579,788,17,3,3
1566,789,1544,0,3
1567,789,1545,0,3
1579,789,17,3,3
1581,789,1559,0,3
1566,790,1544,0,3
1567,790,1545,0,3
1579,790,17,3,3
1581,790,1559,0,3
1562,791,1540,0,2
1566,791,1544,0,3
1567,791,1545,0,3
1579,791,17,3,3
1581,791,1559,0,3
1583,791,21,3,3
0,792,1562,3,2
4,792,1566,3,3
16,792,38,2,0
17,792,39,2,0
19,792,1581,3,3
20,792,42,2,0
4,793,1566,3,3
16,793,38,2,0
17,793,39,2,0
19,793,1581,3,3
4,794,1566,3,3
16,794,38,2,0
17,794,39,2,0
4,795,1566,3,3
16,795,38,2,0
17,795,39,2,0
4,796,1566,3,3
16,796,38,2,0
16,797,38,2,0
15,798,37,2,0
16,798,38,2,0
7,799,1569,3,3
14,799,1576,3,3
15,799,37,2,0
16,799,38,2,0
7,800,1569,3,3
14,800,1576,3,3
15,800,37,2,0
16,800,38,2,0
7,801,1569,3,3
9,801,31,2,0
12,801,1574,3,3
14,801,1576,3,3
15,801,37,2,0
16,801,38,2,0
7,802,1569,3,3
9,802,31,2,0
12,802,1574,3,3
14,802,1576,3,3
15,802,37,2,0
16,802,38,2,0
7,803,1569,3,3
9,803,31,2,0
12,803,1574,3,3
14,803,1576,3,3
15,803,37,2,0
16,803,38,2,0
7,804,1569,3,3
12,804,1574,3,3
14,804,1576,3,3
15,804,37,2,0
16,804,38,2,0
7,805,1569,3,3
14,805,1576,3,3
15,805,37,2,0
16,805,38,2,0
14,806,1576,3,3
15,806,37,2,0
16,806,38,2,0
15,807,37,2,0
16,807,38,2,0
16,808,38,2,0
4,809,1566,3,3
16,809,38,2,0
17,809,39,2,0
4,810,1566,3,3
16,810,38,2,0
17,810,39,2,0
4,811,1566,3,3
16,811,38,2,0
17,811,39,2,0
19,811,1581,3,3
4,812,1566,3,3
16,812,38,2,0
17,812,39,2,0
19,812,1581,3,3
20,812,42,2,0
0,813,1562,3,2
4,813,1566,3,3
16,813,38,2,0
17,813,39,2,0
19,813,1581,3,3
20,813,42,2,0
22,814,0,0,1
23,814,1,0,2
26,814,4,0,2
38,814,60,3,0
39,814,61,3,0
41,814,19,0,2
42,814,64,3,0
23,815,1,0,2
26,815,4,0,2
38,815,60,3,0
39,815,61,3,0
41,815,19,0,2
26,816,4,0,2
38,816,60,3,0
39,816,61,3,0
26,817,4,0,2
38,817,60,3,0
39,817,61,3,0
26,818,4,0,2
38,818,60,3,0
38,819,60,3,0
38,820,60,3,0
38,821,60,3,0
38,822,60,3,0
31,823,53,3,0
34,823,12,0,2
38,823,60,3,0
31,824,53,3,0
33,824,11,0,2
34,824,12,0,2
38,824,60,3,0
31,825,53,3,0
33,825,11,0,2
34,825,12,0,2
38,825,60,3,0
34,826,12,0,2
38,826,60,3,0
38,827,60,3,0
38,828,60,3,0
38,829,60,3,0
38,830,60,3,0
26,831,4,0,2
38,831,60,3,0
39,831,61,3,0
26,832,4,0,2
38,832,60,3,0
39,832,61,3,0
26,833,4,0,2
38,833,60,3,0
39,833,61,3,0
41,833,19,0,2
23,834,1,0,2
26,834,4,0,2
38,834,60,3,0
39,834,61,3,0
41,834,19,0,2
42,834,64,3,0
22,835,0,0,1
23,835,1,0,2
26,835,4,0,2
38,835,60,3,0
39,835,61,3,0
41,835,19,0,2
42,835,64,3,0
44,836,22,0,2
45,836,23,0,3
47,836,69,3,0
60,836,82,3,0
61,836,83,3,0
63,836,41,0,3
45,837,23,0,3
47,837,69,3,0
60,837,82,3,0
61,837,83,3,0
63,837,41,0,3
47,838,69,3,0
60,838,82,3,0
61,838,83,3,0
47,839,69,3,0
60,839,82,3,0
61,839,83,3,0
60,840,82,3,0
60,841,82,3,0
60,842,82,3,0
60,843,82,3,0
52,844,30,0,3
60,844,82,3,0
52,845,30,0,3
53,845,75,3,0
60,845,82,3,0
52,846,30,0,3
53,846,75,3,0
54,846,76,3,0
55,846,33,0,3
60,846,82,3,0
52,847,30,0,3
53,847,75,3,0
55,847,33,0,3
60,847,82,3,0
52,848,30,0,3
60,848,82,3,0
60,849,82,3,0
60,850,82,3,0
60,851,82,3,0
60,852,82,3,0
60,853,82,3,0
61,853,83,3,0
47,854,69,3,0
60,854,82,3,0
61,854,83,3,0
47,855,69,3,0
60,855,82,3,0
61,855,83,3,0
63,855,41,0,3
45,856,23,0,3
47,856,69,3,0
60,856,82,3,0
61,856,83,3,0
63,856,41,0,3
44,857,22,0,2
45,857,23,0,3
47,857,69,3,0
60,857,82,3,0
61,857,83,3,0
63,857,41,0,3
67,858,45,0,3
68,858,46,0,3
69,858,91,3,0
82,858,104,3,0
83,858,105,3,0
85,858,63,0,3
86,858,64,0,3
67,859,45,0,3
68,859,46,0,3
69,859,91,3,0
82,859,104,3,0
83,859,105,3,0
85,859,63,0,3
68,860,46,0,3
69,860,91,3,0
82,860,104,3,0
83,860,105,3,0
69,861,91,3,0
82,861,104,3,0
83,861,105,3,0
82,862,104,3,0
82,863,104,3,0
82,864,104,3,0
73,865,51,0,3
82,865,104,3,0
73,866,51,0,3
74,866,52,0,3
79,866,101,3,0
82,866,104,3,0
73,867,51,0,3
74,867,52,0,3
75,867,97,3,0
79,867,101,3,0
82,867,104,3,0
73,868,51,0,3
74,868,52,0,3
75,868,97,3,0
76,868,98,3,0
77,868,55,0,3
79,868,101,3,0
82,868,104,3,0
73,869,51,0,3
74,869,52,0,3
75,869,97,3,0
77,869,55,0,3
79,869,101,3,0
82,869,104,3,0
73,870,51,0,3
74,870,52,0,3
79,870,101,3,0
82,870,104,3,0
73,871,51,0,3
79,871,101,3,0
82,871,104,3,0
82,872,104,3,0
82,873,104,3,0
82,874,104,3,0
82,875,104,3,0
83,875,105,3,0
69,876,91,3,0
82,876,104,3,0
83,876,105,3,0
68,877,46,0,3
69,877,91,3,0
82,877,104,3,0
83,877,105,3,0
85,877,63,0,3
67,878,45,0,3
68,878,46,0,3
69,878,91,3,0
82,878,104,3,0
83,878,105,3,0
85,878,63,0,3
86,878,64,0,3
67,879,45,0,3
68,879,46,0,3
69,879,91,3,0
82,879,104,3,0
83,879,105,3,0
85,879,63,0,3
86,879,64,0,3
87,879,65,0,3
89,880,67,0,3
90,880,68,0,3
91,880,113,3,0
104,880,126,3,0
105,880,127,3,0
107,880,85,0,3
108,880,86,0,3
89,881,67,0,3
90,881,68,0,3
91,881,113,3,0
104,881,126,3,0
105,881,127,3,0
107,881,85,0,3
90,882,68,0,3
91,882,113,3,0
104,882,126,3,0
105,882,127,3,0
91,883,113,3,0
104,883,126,3,0
105,883,127,3,0
104,884,126,3,0
104,885,126,3,0
94,886,72,0,3
104,886,126,3,0
94,887,72,0,3
104,887,126,3,0
94,888,72,0,3
101,888,123,3,0
104,888,126,3,0
94,889,72,0,3
97,889,119,3,0
100,889,122,3,0
101,889,123,3,0
104,889,126,3,0
94,890,72,0,3
97,890,119,3,0
98,890,120,3,0
99,890,77,0,3
100,890,122,3,0
101,890,123,3,0
104,890,126,3,0
94,891,72,0,3
97,891,119,3,0
99,891,77,0,3
100,891,122,3,0
101,891,123,3,0
104,891,126,3,0
94,892,72,0,3
100,892,122,3,0
101,892,123,3,0
104,892,126,3,0
94,893,72,0,3
101,893,123,3,0
104,893,126,3,0
94,894,72,0,3
104,894,126,3,0
104,895,126,3,0
104,896,126,3,0
104,897,126,3,0
105,897,127,3,0
91,898,113,3,0
104,898,126,3,0
105,898,127,3,0
90,899,68,0,3
91,899,113,3,0
104,899,126,3,0
105,899,127,3,0
107,899,85,0,3
89,900,67,0,3
90,900,68,0,3
91,900,113,3,0
104,900,126,3,0
105,900,127,3,0
107,900,85,0,3
108,900,86,0,3
89,901,67,0,3
90,901,68,0,3
91,901,113,3,0
104,901,126,3,0
105,901,127,3,0
107,901,85,0,3
108,901,86,0,3
109,901,87,0,3
111,902,89,0,3
112,902,90,0,3
115,902,137,3,0
126,902,148,3,0
127,902,149,3,0
129,902,107,0,3
130,902,108,0,3
111,903,89,0,3
112,903,90,0,3
115,903,137,3,0
126,903,148,3,0
127,903,149,3,0
129,903,107,0,3
112,904,90,0,3
115,904,137,3,0
126,904,148,3,0
127,904,149,3,0
115,905,137,3,0
126,905,148,3,0
127,905,149,3,0
115,906,137,3,0
126,906,148,3,0
115,907,137,3,0
126,907,148,3,0
115,908,137,3,0
116,908,94,0,3
126,908,148,3,0
115,909,137,3,0
116,909,94,0,3
126,909,148,3,0
115,910,137,3,0
116,910,94,0,3
123,910,145,3,0
126,910,148,3,0
115,911,137,3,0
116,911,94,0,3
119,911,141,3,0
122,911,144,3,0
123,911,145,3,0
126,911,148,3,0
115,912,137,3,0
116,912,94,0,3
119,912,141,3,0
120,912,142,3,0
121,912,99,0,3
122,912,144,3,0
123,912,145,3,0
126,912,148,3,0
115,913,137,3,0
116,913,94,0,3
119,913,141,3,0
121,913,99,0,3
122,913,144,3,0
123,913,145,3,0
126,913,148,3,0
115,914,137,3,0
116,914,94,0,3
122,914,144,3,0
123,914,145,3,0
126,914,148,3,0
115,915,137,3,0
116,915,94,0,3
123,915,145,3,0
126,915,148,3,0
115,916,137,3,0
116,916,94,0,3
126,916,148,3,0
115,917,137,3,0
126,917,148,3,0
126,918,148,3,0
115,919,137,3,0
126,919,148,3,0
127,919,149,3,0
115,920,137,3,0
126,920,148,3,0
127,920,149,3,0
112,921,90,0,3
115,921,137,3,0
126,921,148,3,0
127,921,149,3,0
129,921,107,0,3
111,922,89,0,3
112,922,90,0,3
115,922,137,3,0
126,922,148,3,0
127,922,149,3,0
129,922,107,0,3
130,922,108,0,3
111,923,89,0,3
112,923,90,0,3
115,923,137,3,0
126,923,148,3,0
127,923,149,3,0
129,923,107,0,3
130,923,108,0,3
132,924,154,2,0
133,924,111,0,3
134,924,112,0,3
135,924,157,3,0
136,924,114,0,3
149,924,171,3,0
151,924,129,0,3
152,924,130,0,3
133,925,111,0,3
134,925,112,0,3
135,925,157,3,0
136,925,114,0,3
149,925,171,3,0
151,925,129,0,3
134,926,112,0,3
135,926,157,3,0
136,926,114,0,3
149,926,171,3,0
135,927,157,3,0
136,927,114,0,3
149,927,171,3,0
136,928,114,0,3
138,930,116,0,3
147,930,125,0,3
138,931,116,0,3
147,931,125,0,3
138,932,116,0,3
140,932,162,3,0
147,932,125,0,3
138,933,116,0,3
140,933,162,3,0
141,933,163,3,0
147,933,125,0,3
138,934,116,0,3
140,934,162,3,0
141,934,163,3,0
142,934,164,3,0
147,934,125,0,3
138,935,116,0,3
140,935,162,3,0
141,935,163,3,0
147,935,125,0,3
138,936,116,0,3
140,936,162,3,0
147,936,125,0,3
138,937,116,0,3
147,937,125,0,3
138,938,116,0,3
147,938,125,0,3
147,939,125,0,3
136,941,114,0,3
149,941,171,3,0
135,942,157,3,0
136,942,114,0,3
149,942,171,3,0
134,943,112,0,3
135,943,157,3,0
136,943,114,0,3
149,943,171,3,0
151,943,129,0,3
133,944,111,0,3
134,944,112,0,3
135,944,157,3,0
136,944,114,0,3
149,944,171,3,0
151,944,129,0,3
152,944,130,0,3
132,945,154,2,0
133,945,111,0,3
134,945,112,0,3
135,945,157,3,0
136,945,114,0,3
149,945,171,3,0
151,945,129,0,3
152,945,130,0,3
155,946,133,0,3
156,946,134,0,3
158,946,136,0,3
171,946,193,3,0
173,946,151,0,3
174,946,152,0,3
155,947,133,0,3
156,947,134,0,3
158,947,136,0,3
171,947,193,3,0
173,947,151,0,3
156,948,134,0,3
158,948,136,0,3
171,948,193,3,0
158,949,136,0,3
171,949,193,3,0
158,950,136,0,3
160,952,138,0,3
169,952,147,0,3
160,953,138,0,3
169,953,147,0,3
160,954,138,0,3
162,954,184,3,0
169,954,147,0,3
160,955,138,0,3
162,955,184,3,0
163,955,185,3,0
166,955,188,3,0
169,955,147,0,3
160,956,138,0,3
162,956,184,3,0
163,956,185,3,0
164,956,186,3,0
166,956,188,3,0
169,956,147,0,3
160,957,138,0,3
162,957,184,3,0
163,957,185,3,0
166,957,188,3,0
169,957,147,0,3
160,958,138,0,3
162,958,184,3,0
166,958,188,3,0
169,958,147,0,3
160,959,138,0,3
169,959,147,0,3
160,960,138,0,3
169,960,147,0,3
169,961,147,0,3
158,963,136,0,3
171,963,193,3,0
158,964,136,0,3
171,964,193,3,0
156,965,134,0,3
158,965,136,0,3
171,965,193,3,0
173,965,151,0,3
155,966,133,0,3
156,966,134,0,3
158,966,136,0,3
171,966,193,3,0
173,966,151,0,3
174,966,152,0,3
155,967,133,0,3
156,967,134,0,3
158,967,136,0,3
171,967,193,3,0
173,967,151,0,3
174,967,152,0,3
177,968,155,0,3
178,968,156,0,3
192,968,170,0,3
195,968,173,0,3
196,968,174,0,3
177,969,155,0,3
178,969,156,0,3
192,969,170,0,3
195,969,173,0,3
178,970,156,0,3
192,970,170,0,3
192,971,170,0,3
192,972,170,0,3
192,973,170,0,3
182,974,160,0,3
191,974,169,0,3
192,974,170,0,3
182,975,160,0,3
191,975,169,0,3
192,975,170,0,3
182,976,160,0,3
184,976,206,3,0
191,976,169,0,3
192,976,170,0,3
182,977,160,0,3
184,977,206,3,0
185,977,207,3,0
188,977,210,3,0
191,977,169,0,3
192,977,170,0,3
182,978,160,0,3
184,978,206,3,0
185,978,207,3,0
186,978,208,3,0
187,978,165,0,3
188,978,210,3,0
191,978,169,0,3
192,978,170,0,3
182,979,160,0,3
184,979,206,3,0
185,979,207,3,0
187,979,165,0,3
188,979,210,3,0
191,979,169,0,3
192,979,170,0,3
182,980,160,0,3
184,980,206,3,0
188,980,210,3,0
191,980,169,0,3
192,980,170,0,3
182,981,160,0,3
191,981,169,0,3
192,981,170,0,3
182,982,160,0,3
191,982,169,0,3
192,982,170,0,3
191,983,169,0,3
192,983,170,0,3
192,984,170,0,3
192,985,170,0,3
192,986,170,0,3
178,987,156,0,3
192,987,170,0,3
195,987,173,0,3
177,988,155,0,3
178,988,156,0,3
192,988,170,0,3
195,988,173,0,3
196,988,174,0,3
177,989,155,0,3
178,989,156,0,3
192,989,170,0,3
195,989,173,0,3
196,989,174,0,3
199,990,177,0,3
200,990,178,0,3
201,990,179,0,3
214,990,192,0,3
216,990,238,3,0
217,990,195,0,3
199,991,177,0,3
200,991,178,0,3
201,991,179,0,3
214,991,192,0,3
216,991,238,3,0
217,991,195,0,3
200,992,178,0,3
201,992,179,0,3
214,992,192,0,3
216,992,238,3,0
201,993,179,0,3
214,993,192,0,3
214,994,192,0,3
214,995,192,0,3
213,996,191,0,3
214,996,192,0,3
213,997,191,0,3
214,997,192,0,3
206,998,228,3,0
213,998,191,0,3
214,998,192,0,3
206,999,228,3,0
210,999,232,3,0
213,999,191,0,3
214,999,192,0,3
206,1000,228,3,0
208,1000,230,3,0
210,1000,232,3,0
213,1000,191,0,3
214,1000,192,0,3
206,1001,228,3,0
210,1001,232,3,0
213,1001,191,0,3
214,1001,192,0,3
206,1002,228,3,0
210,1002,232,3,0
213,1002,191,0,3
214,1002,192,0,3
213,1003,191,0,3
214,1003,192,0,3
213,1004,191,0,3
214,1004,192,0,3
213,1005,191,0,3
214,1005,192,0,3
214,1006,192,0,3
214,1007,192,0,3
201,1008,179,0,3
214,1008,192,0,3
216,1008,238,3,0
200,1009,178,0,3
201,1009,179,0,3
214,1009,192,0,3
216,1009,238,3,0
217,1009,195,0,3
199,1010,177,0,3
200,1010,178,0,3
201,1010,179,0,3
214,1010,192,0,3
216,1010,238,3,0
217,1010,195,0,3
199,1011,177,0,3
200,1011,178,0,3
201,1011,179,0,3
214,1011,192,0,3
216,1011,238,3,0
217,1011,195,0,3
219,1011,197,0,3
221,1012,199,0,3
222,1012,200,0,3
223,1012,201,0,3
225,1012,247,3,0
236,1012,214,0,3
239,1012,217,0,3
240,1012,218,0,3
221,1013,199,0,3
222,1013,200,0,3
223,1013,201,0,3
225,1013,247,3,0
236,1013,214,0,3
239,1013,217,0,3
222,1014,200,0,3
223,1014,201,0,3
225,1014,247,3,0
236,1014,214,0,3
223,1015,201,0,3
225,1015,247,3,0
236,1015,214,0,3
225,1016,247,3,0
236,1016,214,0,3
225,1017,247,3,0
236,1017,214,0,3
225,1018,247,3,0
236,1018,214,0,3
225,1019,247,3,0
236,1019,214,0,3
225,1020,247,3,0
228,1020,250,3,0
236,1020,214,0,3
225,1021,247,3,0
228,1021,250,3,0
229,1021,251,3,0
232,1021,254,3,0
236,1021,214,0,3
225,1022,247,3,0
228,1022,250,3,0
229,1022,251,3,0
230,1022,252,3,0
232,1022,254,3,0
236,1022,214,0,3
225,1023,247,3,0
228,1023,250,3,0
229,1023,251,3,0
232,1023,254,3,0
236,1023,214,0,3
225,1024,247,3,0
228,1024,250,3,0
232,1024,254,3,0
236,1024,214,0,3
225,1025,247,3,0
236,1025,214,0,3
225,1026,247,3,0
236,1026,214,0,3
225,1027,247,3,0
236,1027,214,0,3
236,1028,214,0,3
225,1029,247,3,0
236,1029,214,0,3
223,1030,201,0,3
225,1030,247,3,0
236,1030,214,0,3
222,1031,200,0,3
223,1031,201,0,3
225,1031,247,3,0
236,1031,214,0,3
239,1031,217,0,3
221,1032,199,0,3
222,1032,200,0,3
223,1032,201,0,3
225,1032,247,3,0
236,1032,214,0,3
239,1032,217,0,3
240,1032,218,0,3
221,1033,199,0,3
222,1033,200,0,3
223,1033,201,0,3
225,1033,247,3,0
236,1033,214,0,3
239,1033,217,0,3
240,1033,218,0,3
241,1033,219,0,3
243,1034,221,0,3
244,1034,222,0,3
245,1034,223,0,3
247,1034,269,3,0
258,1034,236,0,3
260,1034,238,0,3
261,1034,239,0,3
262,1034,240,0,3
243,1035,221,0,3
244,1035,222,0,3
245,1035,223,0,3
247,1035,269,3,0
258,1035,236,0,3
260,1035,238,0,3
261,1035,239,0,3
244,1036,222,0,3
245,1036,223,0,3
247,1036,269,3,0
258,1036,236,0,3
260,1036,238,0,3
245,1037,223,0,3
247,1037,269,3,0
258,1037,236,0,3
247,1038,269,3,0
258,1038,236,0,3
247,1039,269,3,0
258,1039,236,0,3
247,1040,269,3,0
258,1040,236,0,3
247,1041,269,3,0
258,1041,236,0,3
247,1042,269,3,0
250,1042,272,3,0
258,1042,236,0,3
247,1043,269,3,0
250,1043,272,3,0
251,1043,273,3,0
254,1043,276,3,0
258,1043,236,0,3
247,1044,269,3,0
250,1044,272,3,0
251,1044,273,3,0
252,1044,274,3,0
254,1044,276,3,0
258,1044,236,0,3
247,1045,269,3,0
250,1045,272,3,0
251,1045,273,3,0
254,1045,276,3,0
258,1045,236,0,3
247,1046,269,3,0
250,1046,272,3,0
254,1046,276,3,0
258,1046,236,0,3
247,1047,269,3,0
258,1047,236,0,3
247,1048,269,3,0
258,1048,236,0,3
247,1049,269,3,0
258,1049,236,0,3
258,1050,236,0,3
247,1051,269,3,0
258,1051,236,0,3
245,1052,223,0,3
247,1052,269,3,0
258,1052,236,0,3
260,1052,238,0,3
244,1053,222,0,3
245,1053,223,0,3
247,1053,269,3,0
258,1053,236,0,3
260,1053,238,0,3
261,1053,239,0,3
243,1054,221,0,3
244,1054,222,0,3
245,1054,223,0,3
247,1054,269,3,0
258,1054,236,0,3
260,1054,238,0,3
261,1054,239,0,3
262,1054,240,0,3
243,1055,221,0,3
244,1055,222,0,3
245,1055,223,0,3
247,1055,269,3,0
258,1055,236,0,3
260,1055,238,0,3
261,1055,239,0,3
262,1055,240,0,3
263,1055,241,0,3
265,1056,243,0,3
266,1056,244,0,3
267,1056,245,0,3
280,1056,258,0,3
282,1056,260,0,3
283,1056,261,0,3
284,1056,262,0,3
265,1057,243,0,3
266,1057,244,0,3
267,1057,245,0,3
280,1057,258,0,3
282,1057,260,0,3
283,1057,261,0,3
266,1058,244,0,3
267,1058,245,0,3
280,1058,258,0,3
282,1058,260,0,3
267,1059,245,0,3
280,1059,258,0,3
280,1060,258,0,3
280,1061,258,0,3
280,1062,258,0,3
280,1063,258,0,3
272,1064,294,3,0
280,1064,258,0,3
272,1065,294,3,0
273,1065,295,3,0
276,1065,298,3,0
280,1065,258,0,3
272,1066,294,3,0
273,1066,295,3,0
274,1066,296,3,0
276,1066,298,3,0
280,1066,258,0,3
272,1067,294,3,0
273,1067,295,3,0
276,1067,298,3,0
280,1067,258,0,3
272,1068,294,3,0
276,1068,298,3,0
280,1068,258,0,3
280,1069,258,0,3
280,1070,258,0,3
280,1071,258,0,3
280,1072,258,0,3
280,1073,258,0,3
267,1074,245,0,3
280,1074,258,0,3
282,1074,260,0,3
266,1075,244,0,3
267,1075,245,0,3
280,1075,258,0,3
282,1075,260,0,3
283,1075,261,0,3
265,1076,243,0,3
266,1076,244,0,3
267,1076,245,0,3
280,1076,258,0,3
282,1076,260,0,3
283,1076,261,0,3
284,1076,262,0,3
265,1077,243,0,3
266,1077,244,0,3
267,1077,245,0,3
280,1077,258,0,3
282,1077,260,0,3
283,1077,261,0,3
284,1077,262,0,3
285,1077,263,0,3
287,1078,265,0,3
288,1078,266,0,3
289,1078,267,0,3
291,1078,313,3,0
304,1078,282,0,3
305,1078,283,0,3
306,1078,284,0,3
287,1079,265,0,3
288,1079,266,0,3
289,1079,267,0,3
291,1079,313,3,0
304,1079,282,0,3
305,1079,283,0,3
288,1080,266,0,3
289,1080,267,0,3
291,1080,313,3,0
304,1080,282,0,3
289,1081,267,0,3
291,1081,313,3,0
291,1082,313,3,0
291,1083,313,3,0
291,1084,313,3,0
291,1085,313,3,0
291,1086,313,3,0
294,1086,316,3,0
291,1087,313,3,0
294,1087,316,3,0
295,1087,317,3,0
298,1087,320,3,0
291,1088,313,3,0
294,1088,316,3,0
295,1088,317,3,0
296,1088,318,3,0
298,1088,320,3,0
291,1089,313,3,0
294,1089,316,3,0
295,1089,317,3,0
298,1089,320,3,0
291,1090,313,3,0
294,1090,316,3,0
298,1090,320,3,0
291,1091,313,3,0
291,1092,313,3,0
291,1093,313,3,0
291,1095,313,3,0
289,1096,267,0,3
291,1096,313,3,0
304,1096,282,0,3
288,1097,266,0,3
289,1097,267,0,3
291,1097,313,3,0
304,1097,282,0,3
305,1097,283,0,3
287,1098,265,0,3
288,1098,266,0,3
289,1098,267,0,3
291,1098,313,3,0
304,1098,282,0,3
305,1098,283,0,3
306,1098,284,0,3
287,1099,265,0,3
288,1099,266,0,3
289,1099,267,0,3
291,1099,313,3,0
304,1099,282,0,3
305,1099,283,0,3
306,1099,284,0,3
307,1099,285,0,3
309,1100,287,0,3
310,1100,288,0,3
311,1100,289,0,3
313,1100,335,3,0
327,1100,305,0,3
328,1100,306,0,3
309,1101,287,0,3
310,1101,288,0,3
311,1101,289,0,3
313,1101,335,3,0
327,1101,305,0,3
310,1102,288,0,3
311,1102,289,0,3
313,1102,335,3,0
311,1103,289,0,3
313,1103,335,3,0
313,1104,335,3,0
313,1105,335,3,0
313,1106,335,3,0
313,1107,335,3,0
313,1108,335,3,0
316,1108,338,3,0
313,1109,335,3,0
316,1109,338,3,0
317,1109,339,3,0
320,1109,342,3,0
313,1110,335,3,0
316,1110,338,3,0
317,1110,339,3,0
318,1110,340,3,0
320,1110,342,3,0
313,1111,335,3,0
316,1111,338,3,0
317,1111,339,3,0
320,1111,342,3,0
313,1112,335,3,0
316,1112,338,3,0
320,1112,342,3,0
313,1113,335,3,0
313,1114,335,3,0
313,1115,335,3,0
313,1117,335,3,0
311,1118,289,0,3
313,1118,335,3,0
310,1119,288,0,3
311,1119,289,0,3
313,1119,335,3,0
327,1119,305,0,3
309,1120,287,0,3
310,1120,288,0,3
311,1120,289,0,3
313,1120,335,3,0
327,1120,305,0,3
328,1120,306,0,3
309,1121,287,0,3
310,1121,288,0,3
311,1121,289,0,3
313,1121,335,3,0
327,1121,305,0,3
328,1121,306,0,3
329,1121,307,0,3
331,1122,309,0,3
332,1122,310,0,3
333,1122,311,0,3
349,1122,327,0,3
350,1122,328,0,3
331,1123,309,0,3
332,1123,310,0,3
333,1123,311,0,3
349,1123,327,0,3
332,1124,310,0,3
333,1124,311,0,3
333,1125,311,0,3
338,1130,360,3,0
338,1131,360,3,0
339,1131,361,3,0
342,1131,364,3,0
338,1132,360,3,0
339,1132,361,3,0
340,1132,362,3,0
342,1132,364,3,0
338,1133,360,3,0
339,1133,361,3,0
342,1133,364,3,0
338,1134,360,3,0
342,1134,364,3,0
333,1140,311,0,3
332,1141,310,0,3
333,1141,311,0,3
349,1141,327,0,3
331,1142,309,0,3
332,1142,310,0,3
333,1142,311,0,3
349,1142,327,0,3
350,1142,328,0,3
331,1143,309,0,3
332,1143,310,0,3
333,1143,311,0,3
349,1143,327,0,3
350,1143,328,0,3
351,1143,329,0,3
353,1144,331,0,3
354,1144,332,0,3
355,1144,333,0,3
372,1144,350,0,3
353,1145,331,0,3
354,1145,332,0,3
355,1145,333,0,3
354,1146,332,0,3
355,1146,333,0,3
355,1147,333,0,3
360,1152,382,3,0
360,1153,382,3,0
361,1153,383,3,0
364,1153,386,3,0
360,1154,382,3,0
361,1154,383,3,0
362,1154,384,3,0
364,1154,386,3,0
360,1155,382,3,0
361,1155,383,3,0
364,1155,386,3,0
360,1156,382,3,0
364,1156,386,3,0
355,1162,333,0,3
354,1163,332,0,3
355,1163,333,0,3
353,1164,331,0,3
354,1164,332,0,3
355,1164,333,0,3
372,1164,350,0,3
353,1165,331,0,3
354,1165,332,0,3
355,1165,333,0,3
372,1165,350,0,3
373,1165,351,0,3
375,1166,353,0,3
376,1166,354,0,3
394,1166,372,0,3
375,1167,353,0,3
376,1167,354,0,3
376,1168,354,0,3
382,1174,404,3,0
382,1175,404,3,0
383,1175,405,3,0
386,1175,408,3,0
382,1176,404,3,0
383,1176,405,3,0
384,1176,406,3,0
386,1176,408,3,0
382,1177,404,3,0
383,1177,405,3,0
386,1177,408,3,0
382,1178,404,3,0
386,1178,408,3,0
376,1185,354,0,3
375,1186,353,0,3
376,1186,354,0,3
394,1186,372,0,3
375,1187,353,0,3
376,1187,354,0,3
394,1187,372,0,3
395,1187,373,0,3
397,1188,375,0,3
398,1188,376,0,3
416,1188,394,0,3
397,1189,375,0,3
398,1189,376,0,3
398,1190,376,0,3
404,1196,426,3,0
404,1197,426,3,0
405,1197,427,3,0
408,1197,430,3,0
404,1198,426,3,0
405,1198,427,3,0
406,1198,428,3,0
408,1198,430,3,0
404,1199,426,3,0
405,1199,427,3,0
408,1199,430,3,0
404,1200,426,3,0
408,1200,430,3,0
398,1207,376,0,3
397,1208,375,0,3
398,1208,376,0,3
416,1208,394,0,3
397,1209,375,0,3
398,1209,376,0,3
416,1209,394,0,3
417,1209,395,0,3
419,1210,397,0,3
420,1210,398,0,3
438,1210,416,0,3
419,1211,397,0,3
420,1211,398,0,3
420,1212,398,0,3
426,1218,448,3,0
426,1219,448,3,0
427,1219,449,3,0
430,1219,452,3,0
426,1220,448,3,0
427,1220,449,3,0
428,1220,450,3,0
430,1220,452,3,0
426,1221,448,3,0
427,1221,449,3,0
430,1221,452,3,0
426,1222,448,3,0
430,1222,452,3,0
420,1229,398,0,3
419,1230,397,0,3
420,1230,398,0,3
438,1230,416,0,3
419,1231,397,0,3
420,1231,398,0,3
438,1231,416,0,3
439,1231,417,0,3
441,1232,419,0,3
442,1232,420,0,3
456,1232,434,0,3
460,1232,438,0,3
441,1233,419,0,3
442,1233,420,0,3
456,1233,434,0,3
442,1234,420,0,3
456,1234,434,0,3
456,1235,434,0,3
456,1236,434,0,3
456,1237,434,0,3
456,1238,434,0,3
456,1239,434,0,3
448,1240,470,3,0
456,1240,434,0,3
448,1241,470,3,0
449,1241,471,3,0
452,1241,474,3,0
456,1241,434,0,3
448,1242,470,3,0
449,1242,471,3,0
450,1242,472,3,0
452,1242,474,3,0
456,1242,434,0,3
448,1243,470,3,0
449,1243,471,3,0
452,1243,474,3,0
456,1243,434,0,3
448,1244,470,3,0
452,1244,474,3,0
456,1244,434,0,3
456,1245,434,0,3
456,1246,434,0,3
456,1247,434,0,3
456,1248,434,0,3
456,1249,434,0,3
456,1250,434,0,3
442,1251,420,0,3
456,1251,434,0,3
441,1252,419,0,3
442,1252,420,0,3
456,1252,434,0,3
460,1252,438,0,3
441,1253,419,0,3
442,1253,420,0,3
456,1253,434,0,3
460,1253,438,0,3
461,1253,439,0,3
463,1254,441,0,3
464,1254,442,0,3
478,1254,456,0,3
482,1254,460,0,3
463,1255,441,0,3
464,1255,442,0,3
478,1255,456,0,3
464,1256,442,0,3
478,1256,456,0,3
478,1257,456,0,3
478,1258,456,0,3
478,1259,456,0,3
478,1260,456,0,3
478,1261,456,0,3
470,1262,492,3,0
478,1262,456,0,3
470,1263,492,3,0
471,1263,493,3,0
474,1263,496,3,0
478,1263,456,0,3
470,1264,492,3,0
471,1264,493,3,0
472,1264,494,3,0
474,1264,496,3,0
478,1264,456,0,3
470,1265,492,3,0
471,1265,493,3,0
474,1265,496,3,0
478,1265,456,0,3
470,1266,492,3,0
474,1266,496,3,0
478,1266,456,0,3
478,1267,456,0,3
478,1268,456,0,3
478,1269,456,0,3
478,1270,456,0,3
478,1271,456,0,3
478,1272,456,0,3
464,1273,442,0,3
478,1273,456,0,3
463,1274,441,0,3
464,1274,442,0,3
478,1274,456,0,3
482,1274,460,0,3
463,1275,441,0,3
464,1275,442,0,3
478,1275,456,0,3
482,1275,460,0,3
483,1275,461,0,3
484,1276,506,2,0
485,1276,463,0,3
486,1276,464,0,3
487,1276,465,0,3
500,1276,478,0,3
504,1276,482,0,3
485,1277,463,0,3
486,1277,464,0,3
487,1277,465,0,3
500,1277,478,0,3
486,1278,464,0,3
487,1278,465,0,3
500,1278,478,0,3
487,1279,465,0,3
500,1279,478,0,3
500,1280,478,0,3
500,1281,478,0,3
500,1282,478,0,3
500,1283,478,0,3
492,1284,514,3,0
500,1284,478,0,3
492,1285,514,3,0
493,1285,515,3,0
496,1285,518,3,0
500,1285,478,0,3
492,1286,514,3,0
493,1286,515,3,0
494,1286,516,3,0
496,1286,518,3,0
500,1286,478,0,3
492,1287,514,3,0
493,1287,515,3,0
496,1287,518,3,0
500,1287,478,0,3
492,1288,514,3,0
496,1288,518,3,0
500,1288,478,0,3
500,1289,478,0,3
500,1290,478,0,3
500,1291,478,0,3
500,1292,478,0,3
500,1293,478,0,3
487,1294,465,0,3
500,1294,478,0,3
486,1295,464,0,3
487,1295,465,0,3
500,1295,478,0,3
485,1296,463,0,3
486,1296,464,0,3
487,1296,465,0,3
500,1296,478,0,3
504,1296,482,0,3
484,1297,506,2,0
485,1297,463,0,3
486,1297,464,0,3
487,1297,465,0,3
500,1297,478,0,3
504,1297,482,0,3
505,1297,483,0,3
506,1298,528,2,0
507,1298,485,0,3
508,1298,486,0,3
509,1298,487,0,3
522,1298,500,0,3
526,1298,504,0,3
507,1299,485,0,3
508,1299,486,0,3
509,1299,487,0,3
522,1299,500,0,3
508,1300,486,0,3
509,1300,487,0,3
522,1300,500,0,3
509,1301,487,0,3
522,1301,500,0,3
522,1302,500,0,3
522,1303,500,0,3
522,1304,500,0,3
522,1305,500,0,3
514,1306,536,3,0
522,1306,500,0,3
514,1307,536,3,0
515,1307,537,3,0
518,1307,540,3,0
522,1307,500,0,3
514,1308,536,3,0
515,1308,537,3,0
516,1308,538,3,0
518,1308,540,3,0
522,1308,500,0,3
514,1309,536,3,0
515,1309,537,3,0
518,1309,540,3,0
522,1309,500,0,3
514,1310,536,3,0
518,1310,540,3,0
522,1310,500,0,3
522,1311,500,0,3
522,1312,500,0,3
522,1313,500,0,3
522,1314,500,0,3
522,1315,500,0,3
509,1316,487,0,3
522,1316,500,0,3
508,1317,486,0,3
509,1317,487,0,3
522,1317,500,0,3
507,1318,485,0,3
508,1318,486,0,3
509,1318,487,0,3
522,1318,500,0,3
526,1318,504,0,3
506,1319,528,2,0
507,1319,485,0,3
508,1319,486,0,3
509,1319,487,0,3
522,1319,500,0,3
526,1319,504,0,3
527,1319,505,0,3
528,1320,550,2,0
529,1320,507,0,3
531,1320,509,0,3
544,1320,522,0,3
548,1320,526,0,3
529,1321,507,0,3
531,1321,509,0,3
544,1321,522,0,3
531,1322,509,0,3
544,1322,522,0,3
531,1323,509,0,3
544,1323,522,0,3
544,1324,522,0,3
544,1325,522,0,3
544,1326,522,0,3
544,1327,522,0,3
536,1328,558,3,0
544,1328,522,0,3
536,1329,558,3,0
537,1329,559,3,0
540,1329,562,3,0
544,1329,522,0,3
536,1330,558,3,0
537,1330,559,3,0
538,1330,560,3,0
539,1330,561,3,0
540,1330,562,3,0
544,1330,522,0,3
536,1331,558,3,0
537,1331,559,3,0
539,1331,561,3,0
540,1331,562,3,0
544,1331,522,0,3
536,1332,558,3,0
540,1332,562,3,0
544,1332,522,0,3
544,1333,522,0,3
544,1334,522,0,3
544,1335,522,0,3
544,1336,522,0,3
544,1337,522,0,3
531,1338,509,0,3
544,1338,522,0,3
531,1339,509,0,3
544,1339,522,0,3
529,1340,507,0,3
531,1340,509,0,3
544,1340,522,0,3
548,1340,526,0,3
528,1341,550,2,0
529,1341,507,0,3
531,1341,509,0,3
544,1341,522,0,3
548,1341,526,0,3
549,1341,527,0,3
550,1342,572,2,0
551,1342,529,0,3
552,1342,530,0,3
553,1342,531,0,3
566,1342,544,0,3
570,1342,548,0,3
551,1343,529,0,3
552,1343,530,0,3
553,1343,531,0,3
566,1343,544,0,3
552,1344,530,0,3
553,1344,531,0,3
566,1344,544,0,3
553,1345,531,0,3
566,1345,544,0,3
566,1346,544,0,3
566,1347,544,0,3
566,1348,544,0,3
566,1349,544,0,3
558,1350,580,3,0
566,1350,544,0,3
558,1351,580,3,0
559,1351,581,3,0
562,1351,584,3,0
566,1351,544,0,3
558,1352,580,3,0
559,1352,581,3,0
560,1352,582,3,0
561,1352,583,3,0
562,1352,584,3,0
566,1352,544,0,3
558,1353,580,3,0
559,1353,581,3,0
561,1353,583,3,0
562,1353,584,3,0
566,1353,544,0,3
558,1354,580,3,0
562,1354,584,3,0
566,1354,544,0,3
566,1355,544,0,3
566,1356,544,0,3
566,1357,544,0,3
566,1358,544,0,3
566,1359,544,0,3
553,1360,531,0,3
566,1360,544,0,3
552,1361,530,0,3
553,1361,531,0,3
566,1361,544,0,3
551,1362,529,0,3
552,1362,530,0,3
553,1362,531,0,3
566,1362,544,0,3
570,1362,548,0,3
550,1363,572,2,0
551,1363,529,0,3
552,1363,530,0,3
553,1363,531,0,3
566,1363,544,0,3
570,1363,548,0,3
571,1363,549,0,3
572,1364,594,2,0
573,1364,551,0,3
575,1364,553,0,3
588,1364,566,0,3
592,1364,570,0,3
573,1365,551,0,3
575,1365,553,0,3
588,1365,566,0,3
575,1366,553,0,3
588,1366,566,0,3
575,1367,553,0,3
588,1367,566,0,3
588,1368,566,0,3
588,1369,566,0,3
588,1370,566,0,3
588,1371,566,0,3
580,1372,602,3,0
588,1372,566,0,3
580,1373,602,3,0
581,1373,603,3,0
584,1373,606,3,0
588,1373,566,0,3
580,1374,602,3,0
581,1374,603,3,0
582,1374,604,3,0
584,1374,606,3,0
588,1374,566,0,3
580,1375,602,3,0
581,1375,603,3,0
584,1375,606,3,0
588,1375,566,0,3
580,1376,602,3,0
584,1376,606,3,0
588,1376,566,0,3
588,1377,566,0,3
588,1378,566,0,3
588,1379,566,0,3
588,1380,566,0,3
588,1381,566,0,3
575,1382,553,0,3
588,1382,566,0,3
575,1383,553,0,3
588,1383,566,0,3
573,1384,551,0,3
575,1384,553,0,3
588,1384,566,0,3
592,1384,570,0,3
572,1385,594,2,0
573,1385,551,0,3
575,1385,553,0,3
588,1385,566,0,3
592,1385,570,0,3
593,1385,571,0,3
595,1386,573,0,3
597,1386,575,0,3
610,1386,588,0,3
614,1386,592,0,3
595,1387,573,0,3
597,1387,575,0,3
610,1387,588,0,3
597,1388,575,0,3
610,1388,588,0,3
597,1389,575,0,3
610,1389,588,0,3
610,1390,588,0,3
610,1391,588,0,3
610,1392,588,0,3
610,1393,588,0,3
602,1394,624,3,0
610,1394,588,0,3
602,1395,624,3,0
610,1395,588,0,3
602,1396,624,3,0
604,1396,626,3,0
610,1396,588,0,3
602,1397,624,3,0
610,1397,588,0,3
602,1398,624,3,0
610,1398,588,0,3
610,1399,588,0,3
610,1400,588,0,3
610,1401,588,0,3
610,1402,588,0,3
610,1403,588,0,3
597,1404,575,0,3
610,1404,588,0,3
597,1405,575,0,3
610,1405,588,0,3
595,1406,573,0,3
597,1406,575,0,3
610,1406,588,0,3
614,1406,592,0,3
595,1407,573,0,3
597,1407,575,0,3
610,1407,588,0,3
614,1407,592,0,3
615,1407,593,0,3
616,1408,638,2,0
617,1408,595,0,3
621,1408,643,3,0
632,1408,610,0,3
636,1408,614,0,3
617,1409,595,0,3
621,1409,643,3,0
632,1409,610,0,3
621,1410,643,3,0
632,1410,610,0,3
621,1411,643,3,0
632,1411,610,0,3
621,1412,643,3,0
632,1412,610,0,3
621,1413,643,3,0
632,1413,610,0,3
621,1414,643,3,0
632,1414,610,0,3
621,1415,643,3,0
632,1415,610,0,3
621,1416,643,3,0
624,1416,646,3,0
632,1416,610,0,3
621,1417,643,3,0
624,1417,646,3,0
625,1417,603,0,3
632,1417,610,0,3
621,1418,643,3,0
624,1418,646,3,0
625,1418,603,0,3
626,1418,648,3,0
632,1418,610,0,3
621,1419,643,3,0
624,1419,646,3,0
625,1419,603,0,3
632,1419,610,0,3
621,1420,643,3,0
624,1420,646,3,0
632,1420,610,0,3
621,1421,643,3,0
632,1421,610,0,3
621,1422,643,3,0
632,1422,610,0,3
621,1423,643,3,0
632,1423,610,0,3
632,1424,610,0,3
621,1425,643,3,0
632,1425,610,0,3
621,1426,643,3,0
632,1426,610,0,3
621,1427,643,3,0
632,1427,610,0,3
617,1428,595,0,3
621,1428,643,3,0
632,1428,610,0,3
636,1428,614,0,3
616,1429,638,2,0
617,1429,595,0,3
621,1429,643,3,0
632,1429,610,0,3
636,1429,614,0,3
637,1429,615,0,3
638,1430,660,2,0
639,1430,617,0,3
643,1430,665,3,0
654,1430,632,0,3
658,1430,636,0,3
639,1431,617,0,3
643,1431,665,3,0
654,1431,632,0,3
643,1432,665,3,0
654,1432,632,0,3
643,1433,665,3,0
654,1433,632,0,3
643,1434,665,3,0
654,1434,632,0,3
643,1435,665,3,0
654,1435,632,0,3
643,1436,665,3,0
654,1436,632,0,3
643,1437,665,3,0
654,1437,632,0,3
643,1438,665,3,0
646,1438,668,3,0
654,1438,632,0,3
643,1439,665,3,0
646,1439,668,3,0
647,1439,625,0,3
654,1439,632,0,3
643,1440,665,3,0
646,1440,668,3,0
647,1440,625,0,3
648,1440,670,3,0
649,1440,627,0,3
654,1440,632,0,3
643,1441,665,3,0
646,1441,668,3,0
647,1441,625,0,3
649,1441,627,0,3
654,1441,632,0,3
643,1442,665,3,0
646,1442,668,3,0
654,1442,632,0,3
643,1443,665,3,0
654,1443,632,0,3
643,1444,665,3,0
654,1444,632,0,3
643,1445,665,3,0
654,1445,632,0,3
654,1446,632,0,3
643,1447,665,3,0
654,1447,632,0,3
643,1448,665,3,0
654,1448,632,0,3
643,1449,665,3,0
654,1449,632,0,3
639,1450,617,0,3
643,1450,665,3,0
654,1450,632,0,3
658,1450,636,0,3
638,1451,660,2,0
639,1451,617,0,3
643,1451,665,3,0
654,1451,632,0,3
658,1451,636,0,3
659,1451,637,0,3
661,1452,639,0,3
662,1452,640,0,3
665,1452,687,3,0
676,1452,654,0,3
680,1452,658,0,3
661,1453,639,0,3
662,1453,640,0,3
665,1453,687,3,0
676,1453,654,0,3
662,1454,640,0,3
665,1454,687,3,0
676,1454,654,0,3
665,1455,687,3,0
676,1455,654,0,3
665,1456,687,3,0
676,1456,654,0,3
665,1457,687,3,0
676,1457,654,0,3
665,1458,687,3,0
676,1458,654,0,3
665,1459,687,3,0
676,1459,654,0,3
665,1460,687,3,0
668,1460,690,3,0
676,1460,654,0,3
665,1461,687,3,0
668,1461,690,3,0
669,1461,647,0,3
672,1461,694,3,0
676,1461,654,0,3
665,1462,687,3,0
668,1462,690,3,0
669,1462,647,0,3
670,1462,692,3,0
672,1462,694,3,0
676,1462,654,0,3
665,1463,687,3,0
668,1463,690,3,0
669,1463,647,0,3
672,1463,694,3,0
676,1463,654,0,3
665,1464,687,3,0
668,1464,690,3,0
672,1464,694,3,0
676,1464,654,0,3
665,1465,687,3,0
676,1465,654,0,3
665,1466,687,3,0
676,1466,654,0,3
665,1467,687,3,0
676,1467,654,0,3
676,1468,654,0,3
665,1469,687,3,0
676,1469,654,0,3
665,1470,687,3,0
676,1470,654,0,3
662,1471,640,0,3
665,1471,687,3,0
676,1471,654,0,3
661,1472,639,0,3
662,1472,640,0,3
665,1472,687,3,0
676,1472,654,0,3
680,1472,658,0,3
661,1473,639,0,3
662,1473,640,0,3
665,1473,687,3,0
676,1473,654,0,3
680,1473,658,0,3
681,1473,659,0,3
683,1474,661,0,3
684,1474,662,0,3
685,1474,707,3,0
698,1474,676,0,3
702,1474,680,0,3
683,1475,661,0,3
684,1475,662,0,3
685,1475,707,3,0
698,1475,676,0,3
684,1476,662,0,3
685,1476,707,3,0
698,1476,676,0,3
685,1477,707,3,0
698,1477,676,0,3
698,1478,676,0,3
698,1479,676,0,3
688,1480,710,3,0
698,1480,676,0,3
688,1481,710,3,0
698,1481,676,0,3
688,1482,710,3,0
690,1482,712,3,0
698,1482,676,0,3
688,1483,710,3,0
690,1483,712,3,0
691,1483,669,0,3
698,1483,676,0,3
688,1484,710,3,0
690,1484,712,3,0
691,1484,669,0,3
692,1484,714,3,0
693,1484,671,0,3
698,1484,676,0,3
688,1485,710,3,0
690,1485,712,3,0
691,1485,669,0,3
693,1485,671,0,3
698,1485,676,0,3
688,1486,710,3,0
690,1486,712,3,0
698,1486,676,0,3
688,1487,710,3,0
698,1487,676,0,3
688,1488,710,3,0
698,1488,676,0,3
698,1489,676,0,3
698,1490,676,0,3
698,1491,676,0,3
685,1492,707,3,0
698,1492,676,0,3
684,1493,662,0,3
685,1493,707,3,0
698,1493,676,0,3
683,1494,661,0,3
684,1494,662,0,3
685,1494,707,3,0
698,1494,676,0,3
702,1494,680,0,3
683,1495,661,0,3
684,1495,662,0,3
685,1495,707,3,0
698,1495,676,0,3
702,1495,680,0,3
703,1495,681,0,3
720,1496,698,0,3
724,1496,702,0,3
720,1497,698,0,3
720,1498,698,0,3
720,1499,698,0,3
720,1500,698,0,3
720,1501,698,0,3
710,1502,732,3,0
720,1502,698,0,3
710,1503,732,3,0
720,1503,698,0,3
710,1504,732,3,0
712,1504,734,3,0
720,1504,698,0,3
710,1505,732,3,0
712,1505,734,3,0
713,1505,691,0,3
720,1505,698,0,3
710,1506,732,3,0
712,1506,734,3,0
713,1506,691,0,3
714,1506,736,3,0
720,1506,698,0,3
710,1507,732,3,0
712,1507,734,3,0
713,1507,691,0,3
720,1507,698,0,3
710,1508,732,3,0
712,1508,734,3,0
720,1508,698,0,3
710,1509,732,3,0
720,1509,698,0,3
710,1510,732,3,0
720,1510,698,0,3
720,1511,698,0,3
720,1512,698,0,3
720,1513,698,0,3
720,1514,698,0,3
720,1515,698,0,3
720,1516,698,0,3
724,1516,702,0,3
720,1517,698,0,3
724,1517,702,0,3
725,1517,703,0,3
726,1518,748,2,0
742,1518,720,0,3
742,1519,720,0,3
742,1520,720,0,3
742,1521,720,0,3
742,1522,720,0,3
742,1523,720,0,3
732,1524,754,3,0
741,1524,763,3,0
742,1524,720,0,3
732,1525,754,3,0
741,1525,763,3,0
742,1525,720,0,3
732,1526,754,3,0
741,1526,763,3,0
742,1526,720,0,3
732,1527,754,3,0
738,1527,760,3,0
741,1527,763,3,0
742,1527,720,0,3
732,1528,754,3,0
738,1528,760,3,0
741,1528,763,3,0
742,1528,720,0,3
732,1529,754,3,0
738,1529,760,3,0
741,1529,763,3,0
742,1529,720,0,3
732,1530,754,3,0
738,1530,760,3,0
741,1530,763,3,0
742,1530,720,0,3
732,1531,754,3,0
741,1531,763,3,0
742,1531,720,0,3
732,1532,754,3,0
741,1532,763,3,0
742,1532,720,0,3
741,1533,763,3,0
742,1533,720,0,3
742,1534,720,0,3
742,1535,720,0,3
742,1536,720,0,3
742,1537,720,0,3
742,1538,720,0,3
726,1539,748,2,0
742,1539,720,0,3
747,1539,725,0,3
748,1540,770,2,0
750,1540,772,3,0
752,1540,774,3,0
764,1540,742,0,3
750,1541,772,3,0
752,1541,774,3,0
764,1541,742,0,3
750,1542,772,3,0
752,1542,774,3,0
764,1542,742,0,3
752,1543,774,3,0
764,1543,742,0,3
752,1544,774,3,0
764,1544,742,0,3
764,1545,742,0,3
754,1546,776,3,0
763,1546,785,3,0
764,1546,742,0,3
754,1547,776,3,0
755,1547,777,3,0
763,1547,785,3,0
764,1547,742,0,3
754,1548,776,3,0
755,1548,777,3,0
756,1548,778,3,0
763,1548,785,3,0
764,1548,742,0,3
754,1549,776,3,0
755,1549,777,3,0
756,1549,778,3,0
757,1549,735,0,3
760,1549,782,3,0
763,1549,785,3,0
764,1549,742,0,3
754,1550,776,3,0
755,1550,777,3,0
756,1550,778,3,0
757,1550,735,0,3
760,1550,782,3,0
763,1550,785,3,0
764,1550,742,0,3
754,1551,776,3,0
755,1551,777,3,0
756,1551,778,3,0
757,1551,735,0,3
760,1551,782,3,0
763,1551,785,3,0
764,1551,742,0,3
754,1552,776,3,0
755,1552,777,3,0
756,1552,778,3,0
760,1552,782,3,0
763,1552,785,3,0
764,1552,742,0,3
754,1553,776,3,0
755,1553,777,3,0
763,1553,785,3,0
764,1553,742,0,3
754,1554,776,3,0
763,1554,785,3,0
764,1554,742,0,3
763,1555,785,3,0
764,1555,742,0,3
764,1556,742,0,3
752,1557,774,3,0
764,1557,742,0,3
752,1558,774,3,0
764,1558,742,0,3
750,1559,772,3,0
752,1559,774,3,0
764,1559,742,0,3
750,1560,772,3,0
752,1560,774,3,0
764,1560,742,0,3
748,1561,770,2,0
750,1561,772,3,0
752,1561,774,3,0
764,1561,742,0,3
769,1561,747,0,3
770,1562,792,2,0
774,1562,796,3,0
775,1562,797,3,0
787,1562,765,0,3
789,1562,811,3,0
774,1563,796,3,0
775,1563,797,3,0
787,1563,765,0,3
789,1563,811,3,0
774,1564,796,3,0
775,1564,797,3,0
787,1564,765,0,3
774,1565,796,3,0
775,1565,797,3,0
787,1565,765,0,3
774,1566,796,3,0
775,1566,797,3,0
775,1567,797,3,0
775,1568,797,3,0
775,1569,797,3,0
784,1569,762,0,3
775,1570,797,3,0
778,1570,800,3,0
784,1570,762,0,3
775,1571,797,3,0
778,1571,800,3,0
779,1571,757,0,3
782,1571,804,3,0
784,1571,762,0,3
775,1572,797,3,0
778,1572,800,3,0
779,1572,757,0,3
780,1572,802,3,0
782,1572,804,3,0
784,1572,762,0,3
775,1573,797,3,0
778,1573,800,3,0
779,1573,757,0,3
782,1573,804,3,0
784,1573,762,0,3
775,1574,797,3,0
778,1574,800,3,0
782,1574,804,3,0
784,1574,762,0,3
775,1575,797,3,0
784,1575,762,0,3
775,1576,797,3,0
784,1576,762,0,3
775,1577,797,3,0
774,1579,796,3,0
775,1579,797,3,0
787,1579,765,0,3
774,1580,796,3,0
775,1580,797,3,0
787,1580,765,0,3
774,1581,796,3,0
775,1581,797,3,0
787,1581,765,0,3
789,1581,811,3,0
774,1582,796,3,0
775,1582,797,3,0
787,1582,765,0,3
789,1582,811,3,0
770,1583,792,2,0
774,1583,796,3,0
775,1583,797,3,0
787,1583,765,0,3
789,1583,811,3,0
791,1583,769,0,3
160,1584,138,0,3
162,1584,184,3,0
166,1584,188,3,0
169,1584,147,0,3
1039,1585,1017,0,3
1050,1585,1072,3,0
814,1586,836,2,0
815,1586,837,3,0
818,1586,840,3,0
830,1586,808,0,3
831,1586,809,0,3
833,1586,855,3,0
834,1586,812,0,3
1298,1587,1276,0,2
1299,1587,1321,3,0
1300,1587,1322,3,0
1301,1587,1323,3,0
1314,1587,1336,3,0
1318,1587,1340,3,0
1319,1587,1341,3,0
685,1588,707,3,0
698,1588,676,0,3
1336,1589,1358,3,0
160,1590,138,0,3
169,1590,147,0,3
1081,1591,1103,3,0
1083,1591,1061,0,3
1096,1591,1118,3,0
448,1592,470,3,0
449,1592,471,3,0
450,1592,472,3,0
452,1592,474,3,0
456,1592,434,0,3
313,1593,335,3,0
316,1593,338,3,0
317,1593,339,3,0
318,1593,340,3,0
320,1593,342,3,0
94,1594,72,0,3
97,1594,119,3,0
99,1594,77,0,3
100,1594,122,3,0
101,1594,123,3,0
104,1594,126,3,0
792,1595,814,2,0
796,1595,818,3,0
808,1595,786,0,3
809,1595,787,0,3
811,1595,833,3,0
812,1595,790,0,3
