792,0,770,0,2
794,0,816,3,0
795,0,817,3,0
811,0,833,3,0
813,0,791,0,3
794,1,816,3,0
795,1,817,3,0
811,1,833,3,0
794,2,816,3,0
795,2,817,3,0
811,2,833,3,0
795,3,817,3,0
799,7,821,3,0
807,7,785,0,3
799,8,821,3,0
807,8,785,0,3
799,9,821,3,0
801,9,779,0,3
807,9,785,0,3
799,10,821,3,0
801,10,779,0,3
804,10,782,0,3
807,10,785,0,3
799,11,821,3,0
801,11,779,0,3
804,11,782,0,3
807,11,785,0,3
799,12,821,3,0
801,12,779,0,3
804,12,782,0,3
807,12,785,0,3
799,13,821,3,0
807,13,785,0,3
799,14,821,3,0
807,14,785,0,3
807,15,785,0,3
795,19,817,3,0
811,19,833,3,0
794,20,816,3,0
795,20,817,3,0
811,20,833,3,0
794,21,816,3,0
795,21,817,3,0
811,21,833,3,0
813,21,791,0,3
814,22,792,0,2
816,22,838,3,0
817,22,839,3,0
833,22,855,3,0
835,22,813,0,3
816,23,838,3,0
817,23,839,3,0
833,23,855,3,0
816,24,838,3,0
817,24,839,3,0
833,24,855,3,0
817,25,839,3,0
820,28,842,3,0
820,29,842,3,0
821,29,843,3,0
829,29,807,0,3
820,30,842,3,0
821,30,843,3,0
829,30,807,0,3
820,31,842,3,0
821,31,843,3,0
823,31,801,0,3
829,31,807,0,3
820,32,842,3,0
821,32,843,3,0
823,32,801,0,3
826,32,804,0,3
829,32,807,0,3
820,33,842,3,0
821,33,843,3,0
823,33,801,0,3
826,33,804,0,3
829,33,807,0,3
820,34,842,3,0
821,34,843,3,0
823,34,801,0,3
826,34,804,0,3
829,34,807,0,3
820,35,842,3,0
821,35,843,3,0
829,35,807,0,3
820,36,842,3,0
821,36,843,3,0
829,36,807,0,3
820,37,842,3,0
829,37,807,0,3
817,41,839,3,0
833,41,855,3,0
816,42,838,3,0
817,42,839,3,0
833,42,855,3,0
816,43,838,3,0
817,43,839,3,0
833,43,855,3,0
835,43,813,0,3
838,44,860,3,0
840,44,862,3,0
854,44,876,3,0
857,44,835,0,3
838,45,860,3,0
840,45,862,3,0
854,45,876,3,0
838,46,860,3,0
840,46,862,3,0
854,46,876,3,0
840,47,862,3,0
854,47,876,3,0
840,48,862,3,0
842,50,864,3,0
842,51,864,3,0
843,51,865,3,0
851,51,829,0,3
842,52,864,3,0
843,52,865,3,0
851,52,829,0,3
842,53,864,3,0
843,53,865,3,0
851,53,829,0,3
842,54,864,3,0
843,54,865,3,0
846,54,824,0,3
848,54,826,0,3
851,54,829,0,3
842,55,864,3,0
843,55,865,3,0
846,55,824,0,3
848,55,826,0,3
851,55,829,0,3
842,56,864,3,0
843,56,865,3,0
848,56,826,0,3
851,56,829,0,3
842,57,864,3,0
843,57,865,3,0
851,57,829,0,3
842,58,864,3,0
843,58,865,3,0
851,58,829,0,3
851,59,829,0,3
840,62,862,3,0
854,62,876,3,0
840,63,862,3,0
854,63,876,3,0
838,64,860,3,0
840,64,862,3,0
854,64,876,3,0
838,65,860,3,0
840,65,862,3,0
854,65,876,3,0
857,65,835,0,3
860,66,882,3,0
862,66,884,3,0
876,66,898,3,0
879,66,857,0,3
860,67,882,3,0
862,67,884,3,0
876,67,898,3,0
860,68,882,3,0
862,68,884,3,0
876,68,898,3,0
862,69,884,3,0
876,69,898,3,0
862,70,884,3,0
864,72,886,3,0
864,73,886,3,0
865,73,887,3,0
873,73,851,0,3
864,74,886,3,0
865,74,887,3,0
873,74,851,0,3
864,75,886,3,0
865,75,887,3,0
873,75,851,0,3
864,76,886,3,0
865,76,887,3,0
868,76,846,0,3
870,76,848,0,3
873,76,851,0,3
864,77,886,3,0
865,77,887,3,0
868,77,846,0,3
869,77,847,0,3
870,77,848,0,3
873,77,851,0,3
864,78,886,3,0
865,78,887,3,0
870,78,848,0,3
873,78,851,0,3
864,79,886,3,0
865,79,887,3,0
873,79,851,0,3
864,80,886,3,0
865,80,887,3,0
873,80,851,0,3
864,81,886,3,0
873,81,851,0,3
862,84,884,3,0
876,84,898,3,0
862,85,884,3,0
876,85,898,3,0
860,86,882,3,0
862,86,884,3,0
876,86,898,3,0
860,87,882,3,0
862,87,884,3,0
876,87,898,3,0
879,87,857,0,3
882,88,904,3,0
884,88,906,3,0
898,88,920,3,0
900,88,922,3,0
901,88,879,0,3
882,89,904,3,0
884,89,906,3,0
898,89,920,3,0
900,89,922,3,0
882,90,904,3,0
884,90,906,3,0
898,90,920,3,0
884,91,906,3,0
898,91,920,3,0
884,92,906,3,0
886,94,908,3,0
886,95,908,3,0
887,95,909,3,0
886,96,908,3,0
887,96,909,3,0
886,97,908,3,0
887,97,909,3,0
886,98,908,3,0
887,98,909,3,0
890,98,868,0,3
892,98,870,0,3
886,99,908,3,0
887,99,909,3,0
890,99,868,0,3
892,99,870,0,3
886,100,908,3,0
887,100,909,3,0
892,100,870,0,3
886,101,908,3,0
887,101,909,3,0
886,102,908,3,0
887,102,909,3,0
884,106,906,3,0
898,106,920,3,0
884,107,906,3,0
898,107,920,3,0
882,108,904,3,0
884,108,906,3,0
898,108,920,3,0
900,108,922,3,0
882,109,904,3,0
884,109,906,3,0
898,109,920,3,0
900,109,922,3,0
901,109,879,0,3
906,110,928,3,0
920,110,942,3,0
922,110,944,3,0
923,110,901,0,3
906,111,928,3,0
920,111,942,3,0
922,111,944,3,0
906,112,928,3,0
920,112,942,3,0
906,113,928,3,0
920,113,942,3,0
906,114,928,3,0
908,116,930,3,0
908,117,930,3,0
909,117,931,3,0
908,118,930,3,0
909,118,931,3,0
908,119,930,3,0
909,119,931,3,0
915,119,937,3,0
908,120,930,3,0
909,120,931,3,0
912,120,890,0,3
914,120,936,3,0
915,120,937,3,0
908,121,930,3,0
909,121,931,3,0
912,121,890,0,3
914,121,936,3,0
915,121,937,3,0
908,122,930,3,0
909,122,931,3,0
914,122,936,3,0
915,122,937,3,0
908,123,930,3,0
909,123,931,3,0
915,123,937,3,0
908,124,930,3,0
909,124,931,3,0
908,125,930,3,0
906,128,928,3,0
920,128,942,3,0
906,129,928,3,0
920,129,942,3,0
906,130,928,3,0
920,130,942,3,0
922,130,944,3,0
906,131,928,3,0
920,131,942,3,0
922,131,944,3,0
923,131,901,0,3
926,132,904,0,3
927,132,949,3,0
929,132,951,3,0
940,132,962,3,0
942,132,964,3,0
945,132,923,0,3
926,133,904,0,3
927,133,949,3,0
929,133,951,3,0
940,133,962,3,0
942,133,964,3,0
926,134,904,0,3
927,134,949,3,0
929,134,951,3,0
940,134,962,3,0
942,134,964,3,0
927,135,949,3,0
929,135,951,3,0
940,135,962,3,0
942,135,964,3,0
929,136,951,3,0
940,136,962,3,0
929,137,951,3,0
940,137,962,3,0
929,138,951,3,0
930,138,952,3,0
940,138,962,3,0
929,139,951,3,0
930,139,952,3,0
931,139,953,3,0
940,139,962,3,0
929,140,951,3,0
930,140,952,3,0
931,140,953,3,0
940,140,962,3,0
929,141,951,3,0
930,141,952,3,0
931,141,953,3,0
933,141,911,0,3
937,141,959,3,0
940,141,962,3,0
929,142,951,3,0
930,142,952,3,0
931,142,953,3,0
933,142,911,0,3
934,142,912,0,3
936,142,958,3,0
937,142,959,3,0
940,142,962,3,0
929,143,951,3,0
930,143,952,3,0
931,143,953,3,0
933,143,911,0,3
934,143,912,0,3
936,143,958,3,0
937,143,959,3,0
940,143,962,3,0
929,144,951,3,0
930,144,952,3,0
931,144,953,3,0
933,144,911,0,3
936,144,958,3,0
937,144,959,3,0
940,144,962,3,0
929,145,951,3,0
930,145,952,3,0
931,145,953,3,0
937,145,959,3,0
940,145,962,3,0
929,146,951,3,0
930,146,952,3,0
931,146,953,3,0
940,146,962,3,0
929,147,951,3,0
940,147,962,3,0
940,148,962,3,0
929,149,951,3,0
940,149,962,3,0
929,150,951,3,0
940,150,962,3,0
942,150,964,3,0
927,151,949,3,0
929,151,951,3,0
940,151,962,3,0
942,151,964,3,0
926,152,904,0,3
927,152,949,3,0
929,152,951,3,0
940,152,962,3,0
942,152,964,3,0
926,153,904,0,3
927,153,949,3,0
929,153,951,3,0
940,153,962,3,0
942,153,964,3,0
945,153,923,0,3
948,154,926,0,3
949,154,971,3,0
951,154,973,3,0
962,154,984,3,0
965,154,987,3,0
967,154,945,0,3
948,155,926,0,3
949,155,971,3,0
951,155,973,3,0
962,155,984,3,0
965,155,987,3,0
948,156,926,0,3
949,156,971,3,0
951,156,973,3,0
962,156,984,3,0
965,156,987,3,0
949,157,971,3,0
951,157,973,3,0
962,157,984,3,0
951,158,973,3,0
962,158,984,3,0
951,159,973,3,0
962,159,984,3,0
951,160,973,3,0
962,160,984,3,0
951,161,973,3,0
953,161,975,3,0
962,161,984,3,0
951,162,973,3,0
953,162,975,3,0
962,162,984,3,0
951,163,973,3,0
953,163,975,3,0
955,163,933,0,3
962,163,984,3,0
951,164,973,3,0
953,164,975,3,0
955,164,933,0,3
958,164,980,3,0
962,164,984,3,0
951,165,973,3,0
953,165,975,3,0
955,165,933,0,3
958,165,980,3,0
962,165,984,3,0
951,166,973,3,0
953,166,975,3,0
955,166,933,0,3
958,166,980,3,0
962,166,984,3,0
951,167,973,3,0
953,167,975,3,0
962,167,984,3,0
951,168,973,3,0
953,168,975,3,0
962,168,984,3,0
951,169,973,3,0
962,169,984,3,0
962,170,984,3,0
951,171,973,3,0
962,171,984,3,0
951,172,973,3,0
962,172,984,3,0
949,173,971,3,0
951,173,973,3,0
962,173,984,3,0
965,173,987,3,0
948,174,926,0,3
949,174,971,3,0
951,174,973,3,0
962,174,984,3,0
965,174,987,3,0
948,175,926,0,3
949,175,971,3,0
951,175,973,3,0
962,175,984,3,0
965,175,987,3,0
967,175,945,0,3
970,176,948,0,3
972,176,950,0,3
973,176,995,3,0
985,176,963,0,3
986,176,964,0,3
987,176,1009,3,0
989,176,967,0,3
970,177,948,0,3
972,177,950,0,3
973,177,995,3,0
985,177,963,0,3
986,177,964,0,3
987,177,1009,3,0
970,178,948,0,3
972,178,950,0,3
973,178,995,3,0
985,178,963,0,3
986,178,964,0,3
987,178,1009,3,0
972,179,950,0,3
973,179,995,3,0
985,179,963,0,3
986,179,964,0,3
972,180,950,0,3
973,180,995,3,0
985,180,963,0,3
973,181,995,3,0
973,182,995,3,0
973,183,995,3,0
975,183,997,3,0
973,184,995,3,0
975,184,997,3,0
973,185,995,3,0
975,185,997,3,0
977,185,955,0,3
973,186,995,3,0
975,186,997,3,0
977,186,955,0,3
973,187,995,3,0
975,187,997,3,0
977,187,955,0,3
973,188,995,3,0
975,188,997,3,0
977,188,955,0,3
973,189,995,3,0
975,189,997,3,0
973,190,995,3,0
975,190,997,3,0
973,191,995,3,0
973,193,995,3,0
985,193,963,0,3
972,194,950,0,3
973,194,995,3,0
985,194,963,0,3
986,194,964,0,3
972,195,950,0,3
973,195,995,3,0
985,195,963,0,3
986,195,964,0,3
987,195,1009,3,0
970,196,948,0,3
972,196,950,0,3
973,196,995,3,0
985,196,963,0,3
986,196,964,0,3
987,196,1009,3,0
970,197,948,0,3
972,197,950,0,3
973,197,995,3,0
985,197,963,0,3
986,197,964,0,3
987,197,1009,3,0
989,197,967,0,3
992,198,970,0,3
994,198,972,0,3
995,198,1017,3,0
1007,198,985,0,3
1008,198,986,0,3
1009,198,1031,3,0
1011,198,989,0,3
992,199,970,0,3
994,199,972,0,3
995,199,1017,3,0
1007,199,985,0,3
1008,199,986,0,3
1009,199,1031,3,0
992,200,970,0,3
994,200,972,0,3
995,200,1017,3,0
1007,200,985,0,3
1008,200,986,0,3
1009,200,1031,3,0
994,201,972,0,3
995,201,1017,3,0
1007,201,985,0,3
1008,201,986,0,3
994,202,972,0,3
995,202,1017,3,0
1007,202,985,0,3
995,203,1017,3,0
995,204,1017,3,0
995,205,1017,3,0
997,205,1019,3,0
995,206,1017,3,0
997,206,1019,3,0
995,207,1017,3,0
997,207,1019,3,0
999,207,977,0,3
1003,207,1025,3,0
995,208,1017,3,0
997,208,1019,3,0
999,208,977,0,3
1003,208,1025,3,0
995,209,1017,3,0
997,209,1019,3,0
999,209,977,0,3
1003,209,1025,3,0
995,210,1017,3,0
997,210,1019,3,0
999,210,977,0,3
1003,210,1025,3,0
995,211,1017,3,0
997,211,1019,3,0
1003,211,1025,3,0
995,212,1017,3,0
997,212,1019,3,0
995,213,1017,3,0
995,215,1017,3,0
1007,215,985,0,3
994,216,972,0,3
995,216,1017,3,0
1007,216,985,0,3
1008,216,986,0,3
994,217,972,0,3
995,217,1017,3,0
1007,217,985,0,3
1008,217,986,0,3
1009,217,1031,3,0
992,218,970,0,3
994,218,972,0,3
995,218,1017,3,0
1007,218,985,0,3
1008,218,986,0,3
1009,218,1031,3,0
992,219,970,0,3
994,219,972,0,3
995,219,1017,3,0
1007,219,985,0,3
1008,219,986,0,3
1009,219,1031,3,0
1011,219,989,0,3
1014,220,992,0,3
1028,220,1050,3,0
1029,220,1007,0,3
1031,220,1053,3,0
1033,220,1011,0,3
1014,221,992,0,3
1028,221,1050,3,0
1029,221,1007,0,3
1031,221,1053,3,0
1014,222,992,0,3
1028,222,1050,3,0
1029,222,1007,0,3
1031,222,1053,3,0
1028,223,1050,3,0
1029,223,1007,0,3
1028,224,1050,3,0
1029,224,1007,0,3
1028,225,1050,3,0
1028,226,1050,3,0
1019,227,1041,3,0
1028,227,1050,3,0
1019,228,1041,3,0
1020,228,998,0,3
1028,228,1050,3,0
1019,229,1041,3,0
1020,229,998,0,3
1021,229,999,0,3
1025,229,1047,3,0
1028,229,1050,3,0
1019,230,1041,3,0
1020,230,998,0,3
1021,230,999,0,3
1024,230,1046,3,0
1025,230,1047,3,0
1028,230,1050,3,0
1019,231,1041,3,0
1020,231,998,0,3
1021,231,999,0,3
1023,231,1045,3,0
1024,231,1046,3,0
1025,231,1047,3,0
1028,231,1050,3,0
1019,232,1041,3,0
1020,232,998,0,3
1021,232,999,0,3
1024,232,1046,3,0
1025,232,1047,3,0
1028,232,1050,3,0
1019,233,1041,3,0
1020,233,998,0,3
1025,233,1047,3,0
1028,233,1050,3,0
1019,234,1041,3,0
1028,234,1050,3,0
1028,235,1050,3,0
1028,236,1050,3,0
1028,237,1050,3,0
1029,237,1007,0,3
1028,238,1050,3,0
1029,238,1007,0,3
1028,239,1050,3,0
1029,239,1007,0,3
1031,239,1053,3,0
1014,240,992,0,3
1028,240,1050,3,0
1029,240,1007,0,3
1031,240,1053,3,0
1014,241,992,0,3
1028,241,1050,3,0
1029,241,1007,0,3
1031,241,1053,3,0
1033,241,1011,0,3
1036,242,1014,0,3
1051,242,1029,0,3
1053,242,1075,3,0
1055,242,1033,0,3
1036,243,1014,0,3
1051,243,1029,0,3
1053,243,1075,3,0
1036,244,1014,0,3
1051,244,1029,0,3
1053,244,1075,3,0
1051,245,1029,0,3
1051,246,1029,0,3
1041,249,1063,3,0
1041,250,1063,3,0
1042,250,1020,0,3
1041,251,1063,3,0
1042,251,1020,0,3
1043,251,1021,0,3
1041,252,1063,3,0
1042,252,1020,0,3
1043,252,1021,0,3
1046,252,1068,3,0
1041,253,1063,3,0
1042,253,1020,0,3
1043,253,1021,0,3
1045,253,1067,3,0
1046,253,1068,3,0
1041,254,1063,3,0
1042,254,1020,0,3
1043,254,1021,0,3
1046,254,1068,3,0
1041,255,1063,3,0
1042,255,1020,0,3
1041,256,1063,3,0
1051,259,1029,0,3
1051,260,1029,0,3
1051,261,1029,0,3
1053,261,1075,3,0
1036,262,1014,0,3
1051,262,1029,0,3
1053,262,1075,3,0
1036,263,1014,0,3
1051,263,1029,0,3
1053,263,1075,3,0
1055,263,1033,0,3
1058,264,1036,0,3
1061,264,1083,3,0
1073,264,1051,0,3
1074,264,1052,0,3
1075,264,1097,3,0
1077,264,1055,0,3
1058,265,1036,0,3
1061,265,1083,3,0
1073,265,1051,0,3
1074,265,1052,0,3
1075,265,1097,3,0
1058,266,1036,0,3
1061,266,1083,3,0
1073,266,1051,0,3
1074,266,1052,0,3
1075,266,1097,3,0
1061,267,1083,3,0
1073,267,1051,0,3
1074,267,1052,0,3
1061,268,1083,3,0
1073,268,1051,0,3
1061,269,1083,3,0
1061,270,1083,3,0
1061,271,1083,3,0
1063,271,1085,3,0
1061,272,1083,3,0
1063,272,1085,3,0
1070,272,1048,0,3
1061,273,1083,3,0
1063,273,1085,3,0
1070,273,1048,0,3
1061,274,1083,3,0
1063,274,1085,3,0
1068,274,1090,3,0
1070,274,1048,0,3
1061,275,1083,3,0
1063,275,1085,3,0
1068,275,1090,3,0
1070,275,1048,0,3
1061,276,1083,3,0
1063,276,1085,3,0
1068,276,1090,3,0
1070,276,1048,0,3
1061,277,1083,3,0
1063,277,1085,3,0
1070,277,1048,0,3
1061,278,1083,3,0
1063,278,1085,3,0
1070,278,1048,0,3
1061,279,1083,3,0
1061,281,1083,3,0
1073,281,1051,0,3
1061,282,1083,3,0
1073,282,1051,0,3
1074,282,1052,0,3
1061,283,1083,3,0
1073,283,1051,0,3
1074,283,1052,0,3
1075,283,1097,3,0
1058,284,1036,0,3
1061,284,1083,3,0
1073,284,1051,0,3
1074,284,1052,0,3
1075,284,1097,3,0
1058,285,1036,0,3
1061,285,1083,3,0
1073,285,1051,0,3
1074,285,1052,0,3
1075,285,1097,3,0
1077,285,1055,0,3
1080,286,1058,0,3
1083,286,1105,3,0
1095,286,1073,0,3
1096,286,1074,0,3
1097,286,1119,3,0
1099,286,1077,0,3
1080,287,1058,0,3
1083,287,1105,3,0
1095,287,1073,0,3
1096,287,1074,0,3
1097,287,1119,3,0
1080,288,1058,0,3
1083,288,1105,3,0
1095,288,1073,0,3
1096,288,1074,0,3
1097,288,1119,3,0
1083,289,1105,3,0
1095,289,1073,0,3
1096,289,1074,0,3
1083,290,1105,3,0
1095,290,1073,0,3
1083,291,1105,3,0
1083,292,1105,3,0
1083,293,1105,3,0
1083,294,1105,3,0
1092,294,1070,0,3
1083,295,1105,3,0
1092,295,1070,0,3
1083,296,1105,3,0
1092,296,1070,0,3
1083,297,1105,3,0
1092,297,1070,0,3
1083,298,1105,3,0
1092,298,1070,0,3
1083,299,1105,3,0
1092,299,1070,0,3
1083,300,1105,3,0
1092,300,1070,0,3
1083,301,1105,3,0
1083,303,1105,3,0
1095,303,1073,0,3
1083,304,1105,3,0
1095,304,1073,0,3
1096,304,1074,0,3
1083,305,1105,3,0
1095,305,1073,0,3
1096,305,1074,0,3
1097,305,1119,3,0
1080,306,1058,0,3
1083,306,1105,3,0
1095,306,1073,0,3
1096,306,1074,0,3
1097,306,1119,3,0
1080,307,1058,0,3
1083,307,1105,3,0
1095,307,1073,0,3
1096,307,1074,0,3
1097,307,1119,3,0
1099,307,1077,0,3
1100,308,1122,2,0
1102,308,1080,0,3
1105,308,1127,3,0
1117,308,1095,0,3
1118,308,1096,0,3
1119,308,1141,3,0
1121,308,1099,0,3
1102,309,1080,0,3
1105,309,1127,3,0
1117,309,1095,0,3
1118,309,1096,0,3
1119,309,1141,3,0
1102,310,1080,0,3
1105,310,1127,3,0
1117,310,1095,0,3
1118,310,1096,0,3
1119,310,1141,3,0
1105,311,1127,3,0
1117,311,1095,0,3
1118,311,1096,0,3
1105,312,1127,3,0
1117,312,1095,0,3
1105,313,1127,3,0
1105,314,1127,3,0
1105,315,1127,3,0
1105,316,1127,3,0
1108,316,1130,3,0
1114,316,1092,0,3
1105,317,1127,3,0
1108,317,1130,3,0
1114,317,1092,0,3
1105,318,1127,3,0
1108,318,1130,3,0
1114,318,1092,0,3
1105,319,1127,3,0
1108,319,1130,3,0
1114,319,1092,0,3
1105,320,1127,3,0
1108,320,1130,3,0
1114,320,1092,0,3
1105,321,1127,3,0
1108,321,1130,3,0
1114,321,1092,0,3
1105,322,1127,3,0
1114,322,1092,0,3
1105,323,1127,3,0
1105,325,1127,3,0
1117,325,1095,0,3
1105,326,1127,3,0
1117,326,1095,0,3
1118,326,1096,0,3
1105,327,1127,3,0
1117,327,1095,0,3
1118,327,1096,0,3
1119,327,1141,3,0
1102,328,1080,0,3
1105,328,1127,3,0
1117,328,1095,0,3
1118,328,1096,0,3
1119,328,1141,3,0
1102,329,1080,0,3
1105,329,1127,3,0
1117,329,1095,0,3
1118,329,1096,0,3
1119,329,1141,3,0
1121,329,1099,0,3
1122,330,1144,2,0
1124,330,1102,0,3
1127,330,1149,3,0
1138,330,1116,0,3
1139,330,1117,0,3
1140,330,1118,0,3
1141,330,1163,3,0
1143,330,1121,0,3
1124,331,1102,0,3
1127,331,1149,3,0
1138,331,1116,0,3
1139,331,1117,0,3
1140,331,1118,0,3
1141,331,1163,3,0
1124,332,1102,0,3
1127,332,1149,3,0
1138,332,1116,0,3
1139,332,1117,0,3
1140,332,1118,0,3
1141,332,1163,3,0
1127,333,1149,3,0
1138,333,1116,0,3
1139,333,1117,0,3
1140,333,1118,0,3
1127,334,1149,3,0
1138,334,1116,0,3
1139,334,1117,0,3
1127,335,1149,3,0
1138,335,1116,0,3
1127,336,1149,3,0
1138,336,1116,0,3
1127,337,1149,3,0
1138,337,1116,0,3
1127,338,1149,3,0
1130,338,1152,3,0
1136,338,1114,0,3
1138,338,1116,0,3
1127,339,1149,3,0
1130,339,1152,3,0
1136,339,1114,0,3
1138,339,1116,0,3
1127,340,1149,3,0
1130,340,1152,3,0
1134,340,1156,3,0
1136,340,1114,0,3
1138,340,1116,0,3
1127,341,1149,3,0
1130,341,1152,3,0
1134,341,1156,3,0
1136,341,1114,0,3
1138,341,1116,0,3
1127,342,1149,3,0
1130,342,1152,3,0
1134,342,1156,3,0
1136,342,1114,0,3
1138,342,1116,0,3
1127,343,1149,3,0
1130,343,1152,3,0
1136,343,1114,0,3
1138,343,1116,0,3
1127,344,1149,3,0
1136,344,1114,0,3
1138,344,1116,0,3
1127,345,1149,3,0
1138,345,1116,0,3
1138,346,1116,0,3
1127,347,1149,3,0
1138,347,1116,0,3
1139,347,1117,0,3
1127,348,1149,3,0
1138,348,1116,0,3
1139,348,1117,0,3
1140,348,1118,0,3
1127,349,1149,3,0
1138,349,1116,0,3
1139,349,1117,0,3
1140,349,1118,0,3
1141,349,1163,3,0
1124,350,1102,0,3
1127,350,1149,3,0
1138,350,1116,0,3
1139,350,1117,0,3
1140,350,1118,0,3
1141,350,1163,3,0
1124,351,1102,0,3
1127,351,1149,3,0
1138,351,1116,0,3
1139,351,1117,0,3
1140,351,1118,0,3
1141,351,1163,3,0
1143,351,1121,0,3
1144,352,1166,2,0
1146,352,1124,0,3
1149,352,1171,3,0
1160,352,1138,0,3
1161,352,1139,0,3
1162,352,1140,0,3
1163,352,1185,3,0
1165,352,1143,0,3
1146,353,1124,0,3
1149,353,1171,3,0
1160,353,1138,0,3
1161,353,1139,0,3
1162,353,1140,0,3
1163,353,1185,3,0
1146,354,1124,0,3
1149,354,1171,3,0
1160,354,1138,0,3
1161,354,1139,0,3
1162,354,1140,0,3
1163,354,1185,3,0
1149,355,1171,3,0
1160,355,1138,0,3
1161,355,1139,0,3
1162,355,1140,0,3
1149,356,1171,3,0
1160,356,1138,0,3
1161,356,1139,0,3
1149,357,1171,3,0
1160,357,1138,0,3
1149,358,1171,3,0
1160,358,1138,0,3
1149,359,1171,3,0
1160,359,1138,0,3
1149,360,1171,3,0
1158,360,1136,0,3
1160,360,1138,0,3
1149,361,1171,3,0
1158,361,1136,0,3
1160,361,1138,0,3
1149,362,1171,3,0
1156,362,1178,3,0
1158,362,1136,0,3
1160,362,1138,0,3
1149,363,1171,3,0
1156,363,1178,3,0
1158,363,1136,0,3
1160,363,1138,0,3
1149,364,1171,3,0
1156,364,1178,3,0
1158,364,1136,0,3
1160,364,1138,0,3
1149,365,1171,3,0
1158,365,1136,0,3
1160,365,1138,0,3
1149,366,1171,3,0
1158,366,1136,0,3
1160,366,1138,0,3
1149,367,1171,3,0
1160,367,1138,0,3
1160,368,1138,0,3
1149,369,1171,3,0
1160,369,1138,0,3
1161,369,1139,0,3
1149,370,1171,3,0
1160,370,1138,0,3
1161,370,1139,0,3
1162,370,1140,0,3
1149,371,1171,3,0
1160,371,1138,0,3
1161,371,1139,0,3
1162,371,1140,0,3
1163,371,1185,3,0
1146,372,1124,0,3
1149,372,1171,3,0
1160,372,1138,0,3
1161,372,1139,0,3
1162,372,1140,0,3
1163,372,1185,3,0
1146,373,1124,0,3
1149,373,1171,3,0
1160,373,1138,0,3
1161,373,1139,0,3
1162,373,1140,0,3
1163,373,1185,3,0
1165,373,1143,0,3
1166,374,1188,2,0
1168,374,1146,0,3
1171,374,1193,3,0
1182,374,1160,0,3
1183,374,1161,0,3
1184,374,1162,0,3
1185,374,1207,3,0
1187,374,1165,0,3
1168,375,1146,0,3
1171,375,1193,3,0
1182,375,1160,0,3
1183,375,1161,0,3
1184,375,1162,0,3
1185,375,1207,3,0
1168,376,1146,0,3
1171,376,1193,3,0
1182,376,1160,0,3
1183,376,1161,0,3
1184,376,1162,0,3
1185,376,1207,3,0
1171,377,1193,3,0
1182,377,1160,0,3
1183,377,1161,0,3
1184,377,1162,0,3
1171,378,1193,3,0
1182,378,1160,0,3
1183,378,1161,0,3
1171,379,1193,3,0
1182,379,1160,0,3
1171,380,1193,3,0
1182,380,1160,0,3
1171,381,1193,3,0
1182,381,1160,0,3
1171,382,1193,3,0
1180,382,1158,0,3
1182,382,1160,0,3
1171,383,1193,3,0
1180,383,1158,0,3
1182,383,1160,0,3
1171,384,1193,3,0
1178,384,1200,3,0
1180,384,1158,0,3
1182,384,1160,0,3
1171,385,1193,3,0
1178,385,1200,3,0
1180,385,1158,0,3
1182,385,1160,0,3
1171,386,1193,3,0
1178,386,1200,3,0
1180,386,1158,0,3
1182,386,1160,0,3
1171,387,1193,3,0
1180,387,1158,0,3
1182,387,1160,0,3
1171,388,1193,3,0
1180,388,1158,0,3
1182,388,1160,0,3
1171,389,1193,3,0
1182,389,1160,0,3
1182,390,1160,0,3
1171,391,1193,3,0
1182,391,1160,0,3
1183,391,1161,0,3
1171,392,1193,3,0
1182,392,1160,0,3
1183,392,1161,0,3
1184,392,1162,0,3
1171,393,1193,3,0
1182,393,1160,0,3
1183,393,1161,0,3
1184,393,1162,0,3
1185,393,1207,3,0
1168,394,1146,0,3
1171,394,1193,3,0
1182,394,1160,0,3
1183,394,1161,0,3
1184,394,1162,0,3
1185,394,1207,3,0
1168,395,1146,0,3
1171,395,1193,3,0
1182,395,1160,0,3
1183,395,1161,0,3
1184,395,1162,0,3
1185,395,1207,3,0
1187,395,1165,0,3
1188,396,1210,2,0
1190,396,1168,0,3
1192,396,1170,0,3
1193,396,1215,3,0
1204,396,1182,0,3
1205,396,1183,0,3
1207,396,1229,3,0
1209,396,1187,0,3
1190,397,1168,0,3
1192,397,1170,0,3
1193,397,1215,3,0
1204,397,1182,0,3
1205,397,1183,0,3
1207,397,1229,3,0
1190,398,1168,0,3
1192,398,1170,0,3
1193,398,1215,3,0
1204,398,1182,0,3
1205,398,1183,0,3
1207,398,1229,3,0
1192,399,1170,0,3
1193,399,1215,3,0
1204,399,1182,0,3
1205,399,1183,0,3
1192,400,1170,0,3
1193,400,1215,3,0
1204,400,1182,0,3
1205,400,1183,0,3
1193,401,1215,3,0
1204,401,1182,0,3
1193,402,1215,3,0
1204,402,1182,0,3
1193,403,1215,3,0
1204,403,1182,0,3
1193,404,1215,3,0
1202,404,1180,0,3
1204,404,1182,0,3
1193,405,1215,3,0
1202,405,1180,0,3
1204,405,1182,0,3
1193,406,1215,3,0
1200,406,1222,3,0
1202,406,1180,0,3
1204,406,1182,0,3
1193,407,1215,3,0
1200,407,1222,3,0
1202,407,1180,0,3
1204,407,1182,0,3
1193,408,1215,3,0
1200,408,1222,3,0
1202,408,1180,0,3
1204,408,1182,0,3
1193,409,1215,3,0
1202,409,1180,0,3
1204,409,1182,0,3
1193,410,1215,3,0
1202,410,1180,0,3
1204,410,1182,0,3
1193,411,1215,3,0
1204,411,1182,0,3
1204,412,1182,0,3
1193,413,1215,3,0
1204,413,1182,0,3
1205,413,1183,0,3
1192,414,1170,0,3
1193,414,1215,3,0
1204,414,1182,0,3
1205,414,1183,0,3
1192,415,1170,0,3
1193,415,1215,3,0
1204,415,1182,0,3
1205,415,1183,0,3
1207,415,1229,3,0
1190,416,1168,0,3
1192,416,1170,0,3
1193,416,1215,3,0
1204,416,1182,0,3
1205,416,1183,0,3
1207,416,1229,3,0
1190,417,1168,0,3
1192,417,1170,0,3
1193,417,1215,3,0
1204,417,1182,0,3
1205,417,1183,0,3
1207,417,1229,3,0
1209,417,1187,0,3
1210,418,1232,2,0
1212,418,1190,0,3
1214,418,1192,0,3
1215,418,1237,3,0
1226,418,1204,0,3
1227,418,1205,0,3
1229,418,1251,3,0
1231,418,1209,0,3
1212,419,1190,0,3
1214,419,1192,0,3
1215,419,1237,3,0
1226,419,1204,0,3
1227,419,1205,0,3
1229,419,1251,3,0
1212,420,1190,0,3
1214,420,1192,0,3
1215,420,1237,3,0
1226,420,1204,0,3
1227,420,1205,0,3
1229,420,1251,3,0
1214,421,1192,0,3
1215,421,1237,3,0
1226,421,1204,0,3
1227,421,1205,0,3
1214,422,1192,0,3
1215,422,1237,3,0
1226,422,1204,0,3
1227,422,1205,0,3
1215,423,1237,3,0
1226,423,1204,0,3
1215,424,1237,3,0
1216,424,1194,0,3
1226,424,1204,0,3
1215,425,1237,3,0
1216,425,1194,0,3
1217,425,1239,3,0
1226,425,1204,0,3
1215,426,1237,3,0
1216,426,1194,0,3
1217,426,1239,3,0
1224,426,1202,0,3
1226,426,1204,0,3
1215,427,1237,3,0
1216,427,1194,0,3
1217,427,1239,3,0
1224,427,1202,0,3
1226,427,1204,0,3
1215,428,1237,3,0
1216,428,1194,0,3
1217,428,1239,3,0
1222,428,1244,3,0
1224,428,1202,0,3
1226,428,1204,0,3
1215,429,1237,3,0
1216,429,1194,0,3
1217,429,1239,3,0
1222,429,1244,3,0
1224,429,1202,0,3
1226,429,1204,0,3
1215,430,1237,3,0
1216,430,1194,0,3
1217,430,1239,3,0
1222,430,1244,3,0
1224,430,1202,0,3
1226,430,1204,0,3
1215,431,1237,3,0
1216,431,1194,0,3
1217,431,1239,3,0
1224,431,1202,0,3
1226,431,1204,0,3
1215,432,1237,3,0
1216,432,1194,0,3
1217,432,1239,3,0
1224,432,1202,0,3
1226,432,1204,0,3
1215,433,1237,3,0
1216,433,1194,0,3
1226,433,1204,0,3
1226,434,1204,0,3
1215,435,1237,3,0
1226,435,1204,0,3
1227,435,1205,0,3
1214,436,1192,0,3
1215,436,1237,3,0
1226,436,1204,0,3
1227,436,1205,0,3
1214,437,1192,0,3
1215,437,1237,3,0
1226,437,1204,0,3
1227,437,1205,0,3
1229,437,1251,3,0
1212,438,1190,0,3
1214,438,1192,0,3
1215,438,1237,3,0
1226,438,1204,0,3
1227,438,1205,0,3
1229,438,1251,3,0
1212,439,1190,0,3
1214,439,1192,0,3
1215,439,1237,3,0
1226,439,1204,0,3
1227,439,1205,0,3
1229,439,1251,3,0
1231,439,1209,0,3
1232,440,1254,2,0
1234,440,1212,0,3
1236,440,1214,0,3
1237,440,1259,3,0
1248,440,1226,0,3
1249,440,1227,0,3
1253,440,1231,0,3
1234,441,1212,0,3
1236,441,1214,0,3
1237,441,1259,3,0
1248,441,1226,0,3
1249,441,1227,0,3
1234,442,1212,0,3
1236,442,1214,0,3
1237,442,1259,3,0
1248,442,1226,0,3
1249,442,1227,0,3
1236,443,1214,0,3
1237,443,1259,3,0
1248,443,1226,0,3
1249,443,1227,0,3
1236,444,1214,0,3
1237,444,1259,3,0
1248,444,1226,0,3
1249,444,1227,0,3
1237,445,1259,3,0
1248,445,1226,0,3
1237,446,1259,3,0
1238,446,1216,0,3
1248,446,1226,0,3
1237,447,1259,3,0
1238,447,1216,0,3
1239,447,1261,3,0
1248,447,1226,0,3
1237,448,1259,3,0
1238,448,1216,0,3
1239,448,1261,3,0
1246,448,1224,0,3
1248,448,1226,0,3
1237,449,1259,3,0
1238,449,1216,0,3
1239,449,1261,3,0
1246,449,1224,0,3
1248,449,1226,0,3
1237,450,1259,3,0
1238,450,1216,0,3
1239,450,1261,3,0
1244,450,1266,3,0
1246,450,1224,0,3
1248,450,1226,0,3
1237,451,1259,3,0
1238,451,1216,0,3
1239,451,1261,3,0
1244,451,1266,3,0
1246,451,1224,0,3
1248,451,1226,0,3
1237,452,1259,3,0
1238,452,1216,0,3
1239,452,1261,3,0
1244,452,1266,3,0
1246,452,1224,0,3
1248,452,1226,0,3
1237,453,1259,3,0
1238,453,1216,0,3
1239,453,1261,3,0
1246,453,1224,0,3
1248,453,1226,0,3
1237,454,1259,3,0
1238,454,1216,0,3
1239,454,1261,3,0
1246,454,1224,0,3
1248,454,1226,0,3
1237,455,1259,3,0
1248,455,1226,0,3
1248,456,1226,0,3
1237,457,1259,3,0
1248,457,1226,0,3
1249,457,1227,0,3
1236,458,1214,0,3
1237,458,1259,3,0
1248,458,1226,0,3
1249,458,1227,0,3
1236,459,1214,0,3
1237,459,1259,3,0
1248,459,1226,0,3
1249,459,1227,0,3
1234,460,1212,0,3
1236,460,1214,0,3
1237,460,1259,3,0
1248,460,1226,0,3
1249,460,1227,0,3
1234,461,1212,0,3
1236,461,1214,0,3
1237,461,1259,3,0
1248,461,1226,0,3
1249,461,1227,0,3
1253,461,1231,0,3
1254,462,1276,2,0
1256,462,1234,0,3
1258,462,1236,0,3
1259,462,1281,3,0
1270,462,1248,0,3
1271,462,1249,0,3
1275,462,1253,0,3
1256,463,1234,0,3
1258,463,1236,0,3
1259,463,1281,3,0
1270,463,1248,0,3
1271,463,1249,0,3
1256,464,1234,0,3
1258,464,1236,0,3
1259,464,1281,3,0
1270,464,1248,0,3
1271,464,1249,0,3
1258,465,1236,0,3
1259,465,1281,3,0
1270,465,1248,0,3
1271,465,1249,0,3
1258,466,1236,0,3
1259,466,1281,3,0
1270,466,1248,0,3
1271,466,1249,0,3
1259,467,1281,3,0
1270,467,1248,0,3
1259,468,1281,3,0
1260,468,1238,0,3
1270,468,1248,0,3
1259,469,1281,3,0
1260,469,1238,0,3
1270,469,1248,0,3
1259,470,1281,3,0
1260,470,1238,0,3
1268,470,1246,0,3
1270,470,1248,0,3
1259,471,1281,3,0
1260,471,1238,0,3
1268,471,1246,0,3
1270,471,1248,0,3
1259,472,1281,3,0
1260,472,1238,0,3
1266,472,1288,3,0
1268,472,1246,0,3
1270,472,1248,0,3
1259,473,1281,3,0
1260,473,1238,0,3
1266,473,1288,3,0
1268,473,1246,0,3
1270,473,1248,0,3
1259,474,1281,3,0
1260,474,1238,0,3
1266,474,1288,3,0
1268,474,1246,0,3
1270,474,1248,0,3
1259,475,1281,3,0
1260,475,1238,0,3
1268,475,1246,0,3
1270,475,1248,0,3
1259,476,1281,3,0
1260,476,1238,0,3
1268,476,1246,0,3
1270,476,1248,0,3
1259,477,1281,3,0
1260,477,1238,0,3
1270,477,1248,0,3
1270,478,1248,0,3
1259,479,1281,3,0
1270,479,1248,0,3
1271,479,1249,0,3
1258,480,1236,0,3
1259,480,1281,3,0
1270,480,1248,0,3
1271,480,1249,0,3
1258,481,1236,0,3
1259,481,1281,3,0
1270,481,1248,0,3
1271,481,1249,0,3
1256,482,1234,0,3
1258,482,1236,0,3
1259,482,1281,3,0
1270,482,1248,0,3
1271,482,1249,0,3
1256,483,1234,0,3
1258,483,1236,0,3
1259,483,1281,3,0
1270,483,1248,0,3
1271,483,1249,0,3
1275,483,1253,0,3
1276,484,1298,2,0
1278,484,1256,0,3
1280,484,1258,0,3
1281,484,1303,3,0
1292,484,1270,0,3
1293,484,1271,0,3
1297,484,1275,0,3
1278,485,1256,0,3
1280,485,1258,0,3
1281,485,1303,3,0
1292,485,1270,0,3
1293,485,1271,0,3
1278,486,1256,0,3
1280,486,1258,0,3
1281,486,1303,3,0
1292,486,1270,0,3
1293,486,1271,0,3
1280,487,1258,0,3
1281,487,1303,3,0
1292,487,1270,0,3
1293,487,1271,0,3
1280,488,1258,0,3
1281,488,1303,3,0
1292,488,1270,0,3
1293,488,1271,0,3
1281,489,1303,3,0
1292,489,1270,0,3
1281,490,1303,3,0
1282,490,1260,0,3
1292,490,1270,0,3
1281,491,1303,3,0
1282,491,1260,0,3
1292,491,1270,0,3
1281,492,1303,3,0
1282,492,1260,0,3
1290,492,1268,0,3
1292,492,1270,0,3
1281,493,1303,3,0
1282,493,1260,0,3
1290,493,1268,0,3
1292,493,1270,0,3
1281,494,1303,3,0
1282,494,1260,0,3
1288,494,1310,3,0
1290,494,1268,0,3
1292,494,1270,0,3
1281,495,1303,3,0
1282,495,1260,0,3
1288,495,1310,3,0
1290,495,1268,0,3
1292,495,1270,0,3
1281,496,1303,3,0
1282,496,1260,0,3
1288,496,1310,3,0
1290,496,1268,0,3
1292,496,1270,0,3
1281,497,1303,3,0
1282,497,1260,0,3
1290,497,1268,0,3
1292,497,1270,0,3
1281,498,1303,3,0
1282,498,1260,0,3
1290,498,1268,0,3
1292,498,1270,0,3
1281,499,1303,3,0
1292,499,1270,0,3
1292,500,1270,0,3
1281,501,1303,3,0
1292,501,1270,0,3
1293,501,1271,0,3
1280,502,1258,0,3
1281,502,1303,3,0
1292,502,1270,0,3
1293,502,1271,0,3
1280,503,1258,0,3
1281,503,1303,3,0
1292,503,1270,0,3
1293,503,1271,0,3
1278,504,1256,0,3
1280,504,1258,0,3
1281,504,1303,3,0
1292,504,1270,0,3
1293,504,1271,0,3
1278,505,1256,0,3
1280,505,1258,0,3
1281,505,1303,3,0
1292,505,1270,0,3
1293,505,1271,0,3
1297,505,1275,0,3
1298,506,1320,2,0
1302,506,1280,0,3
1303,506,1325,3,0
1314,506,1292,0,3
1315,506,1293,0,3
1319,506,1297,0,3
1302,507,1280,0,3
1303,507,1325,3,0
1314,507,1292,0,3
1315,507,1293,0,3
1302,508,1280,0,3
1303,508,1325,3,0
1314,508,1292,0,3
1315,508,1293,0,3
1302,509,1280,0,3
1303,509,1325,3,0
1314,509,1292,0,3
1315,509,1293,0,3
1302,510,1280,0,3
1303,510,1325,3,0
1314,510,1292,0,3
1315,510,1293,0,3
1303,511,1325,3,0
1314,511,1292,0,3
1303,512,1325,3,0
1304,512,1282,0,3
1314,512,1292,0,3
1303,513,1325,3,0
1304,513,1282,0,3
1313,513,1335,3,0
1314,513,1292,0,3
1303,514,1325,3,0
1304,514,1282,0,3
1312,514,1290,0,3
1313,514,1335,3,0
1314,514,1292,0,3
1303,515,1325,3,0
1304,515,1282,0,3
1312,515,1290,0,3
1313,515,1335,3,0
1314,515,1292,0,3
1303,516,1325,3,0
1304,516,1282,0,3
1308,516,1330,3,0
1310,516,1332,3,0
1312,516,1290,0,3
1313,516,1335,3,0
1314,516,1292,0,3
1303,517,1325,3,0
1304,517,1282,0,3
1308,517,1330,3,0
1310,517,1332,3,0
1312,517,1290,0,3
1313,517,1335,3,0
1314,517,1292,0,3
1303,518,1325,3,0
1304,518,1282,0,3
1310,518,1332,3,0
1312,518,1290,0,3
1313,518,1335,3,0
1314,518,1292,0,3
1303,519,1325,3,0
1304,519,1282,0,3
1312,519,1290,0,3
1313,519,1335,3,0
1314,519,1292,0,3
1303,520,1325,3,0
1304,520,1282,0,3
1312,520,1290,0,3
1313,520,1335,3,0
1314,520,1292,0,3
1303,521,1325,3,0
1304,521,1282,0,3
1313,521,1335,3,0
1314,521,1292,0,3
1314,522,1292,0,3
1303,523,1325,3,0
1314,523,1292,0,3
1315,523,1293,0,3
1302,524,1280,0,3
1303,524,1325,3,0
1314,524,1292,0,3
1315,524,1293,0,3
1302,525,1280,0,3
1303,525,1325,3,0
1314,525,1292,0,3
1315,525,1293,0,3
1302,526,1280,0,3
1303,526,1325,3,0
1314,526,1292,0,3
1315,526,1293,0,3
1302,527,1280,0,3
1303,527,1325,3,0
1314,527,1292,0,3
1315,527,1293,0,3
1319,527,1297,0,3
1320,528,1342,2,0
1322,528,1300,0,3
1324,528,1302,0,3
1325,528,1347,3,0
1336,528,1314,0,3
1337,528,1315,0,3
1341,528,1319,0,3
1322,529,1300,0,3
1324,529,1302,0,3
1325,529,1347,3,0
1336,529,1314,0,3
1337,529,1315,0,3
1322,530,1300,0,3
1324,530,1302,0,3
1325,530,1347,3,0
1336,530,1314,0,3
1337,530,1315,0,3
1324,531,1302,0,3
1325,531,1347,3,0
1336,531,1314,0,3
1337,531,1315,0,3
1324,532,1302,0,3
1325,532,1347,3,0
1336,532,1314,0,3
1337,532,1315,0,3
1325,533,1347,3,0
1336,533,1314,0,3
1325,534,1347,3,0
1326,534,1304,0,3
1336,534,1314,0,3
1325,535,1347,3,0
1326,535,1304,0,3
1336,535,1314,0,3
1325,536,1347,3,0
1326,536,1304,0,3
1334,536,1312,0,3
1336,536,1314,0,3
1325,537,1347,3,0
1326,537,1304,0,3
1333,537,1311,0,3
1334,537,1312,0,3
1336,537,1314,0,3
1325,538,1347,3,0
1326,538,1304,0,3
1330,538,1352,3,0
1332,538,1354,3,0
1333,538,1311,0,3
1334,538,1312,0,3
1336,538,1314,0,3
1325,539,1347,3,0
1326,539,1304,0,3
1330,539,1352,3,0
1332,539,1354,3,0
1333,539,1311,0,3
1334,539,1312,0,3
1336,539,1314,0,3
1325,540,1347,3,0
1326,540,1304,0,3
1332,540,1354,3,0
1333,540,1311,0,3
1334,540,1312,0,3
1336,540,1314,0,3
1325,541,1347,3,0
1326,541,1304,0,3
1333,541,1311,0,3
1334,541,1312,0,3
1336,541,1314,0,3
1325,542,1347,3,0
1326,542,1304,0,3
1334,542,1312,0,3
1336,542,1314,0,3
1325,543,1347,3,0
1336,543,1314,0,3
1336,544,1314,0,3
1325,545,1347,3,0
1336,545,1314,0,3
1337,545,1315,0,3
1324,546,1302,0,3
1325,546,1347,3,0
1336,546,1314,0,3
1337,546,1315,0,3
1324,547,1302,0,3
1325,547,1347,3,0
1336,547,1314,0,3
1337,547,1315,0,3
1322,548,1300,0,3
1324,548,1302,0,3
1325,548,1347,3,0
1336,548,1314,0,3
1337,548,1315,0,3
1322,549,1300,0,3
1324,549,1302,0,3
1325,549,1347,3,0
1336,549,1314,0,3
1337,549,1315,0,3
1341,549,1319,0,3
1342,550,1364,2,0
1344,550,1322,0,3
1346,550,1324,0,3
1347,550,1369,3,0
1358,550,1336,0,3
1359,550,1337,0,3
1363,550,1341,0,3
1344,551,1322,0,3
1346,551,1324,0,3
1347,551,1369,3,0
1358,551,1336,0,3
1359,551,1337,0,3
1344,552,1322,0,3
1346,552,1324,0,3
1347,552,1369,3,0
1358,552,1336,0,3
1359,552,1337,0,3
1346,553,1324,0,3
1347,553,1369,3,0
1358,553,1336,0,3
1359,553,1337,0,3
1346,554,1324,0,3
1347,554,1369,3,0
1358,554,1336,0,3
1359,554,1337,0,3
1347,555,1369,3,0
1358,555,1336,0,3
1347,556,1369,3,0
1348,556,1326,0,3
1358,556,1336,0,3
1347,557,1369,3,0
1348,557,1326,0,3
1358,557,1336,0,3
1347,558,1369,3,0
1348,558,1326,0,3
1356,558,1334,0,3
1358,558,1336,0,3
1347,559,1369,3,0
1348,559,1326,0,3
1355,559,1333,0,3
1356,559,1334,0,3
1358,559,1336,0,3
1347,560,1369,3,0
1348,560,1326,0,3
1352,560,1374,3,0
1354,560,1376,3,0
1355,560,1333,0,3
1356,560,1334,0,3
1358,560,1336,0,3
1347,561,1369,3,0
1348,561,1326,0,3
1352,561,1374,3,0
1354,561,1376,3,0
1355,561,1333,0,3
1356,561,1334,0,3
1358,561,1336,0,3
1347,562,1369,3,0
1348,562,1326,0,3
1354,562,1376,3,0
1355,562,1333,0,3
1356,562,1334,0,3
1358,562,1336,0,3
1347,563,1369,3,0
1348,563,1326,0,3
1355,563,1333,0,3
1356,563,1334,0,3
1358,563,1336,0,3
1347,564,1369,3,0
1348,564,1326,0,3
1356,564,1334,0,3
1358,564,1336,0,3
1347,565,1369,3,0
1348,565,1326,0,3
1358,565,1336,0,3
1358,566,1336,0,3
1347,567,1369,3,0
1358,567,1336,0,3
1359,567,1337,0,3
1346,568,1324,0,3
1347,568,1369,3,0
1358,568,1336,0,3
1359,568,1337,0,3
1346,569,1324,0,3
1347,569,1369,3,0
1358,569,1336,0,3
1359,569,1337,0,3
1344,570,1322,0,3
1346,570,1324,0,3
1347,570,1369,3,0
1358,570,1336,0,3
1359,570,1337,0,3
1344,571,1322,0,3
1346,571,1324,0,3
1347,571,1369,3,0
1358,571,1336,0,3
1359,571,1337,0,3
1363,571,1341,0,3
1364,572,1386,2,0
1366,572,1344,0,3
1368,572,1346,0,3
1369,572,1391,3,0
1380,572,1358,0,3
1381,572,1359,0,3
1385,572,1363,0,3
1366,573,1344,0,3
1368,573,1346,0,3
1369,573,1391,3,0
1380,573,1358,0,3
1381,573,1359,0,3
1366,574,1344,0,3
1368,574,1346,0,3
1369,574,1391,3,0
1380,574,1358,0,3
1381,574,1359,0,3
1368,575,1346,0,3
1369,575,1391,3,0
1380,575,1358,0,3
1381,575,1359,0,3
1368,576,1346,0,3
1369,576,1391,3,0
1380,576,1358,0,3
1381,576,1359,0,3
1369,577,1391,3,0
1380,577,1358,0,3
1369,578,1391,3,0
1370,578,1348,0,3
1380,578,1358,0,3
1369,579,1391,3,0
1370,579,1348,0,3
1379,579,1401,3,0
1380,579,1358,0,3
1369,580,1391,3,0
1370,580,1348,0,3
1378,580,1356,0,3
1379,580,1401,3,0
1380,580,1358,0,3
1369,581,1391,3,0
1370,581,1348,0,3
1377,581,1355,0,3
1378,581,1356,0,3
1379,581,1401,3,0
1380,581,1358,0,3
1369,582,1391,3,0
1370,582,1348,0,3
1374,582,1396,3,0
1377,582,1355,0,3
1378,582,1356,0,3
1379,582,1401,3,0
1380,582,1358,0,3
1369,583,1391,3,0
1370,583,1348,0,3
1374,583,1396,3,0
1377,583,1355,0,3
1378,583,1356,0,3
1379,583,1401,3,0
1380,583,1358,0,3
1369,584,1391,3,0
1370,584,1348,0,3
1377,584,1355,0,3
1378,584,1356,0,3
1379,584,1401,3,0
1380,584,1358,0,3
1369,585,1391,3,0
1370,585,1348,0,3
1377,585,1355,0,3
1378,585,1356,0,3
1379,585,1401,3,0
1380,585,1358,0,3
1369,586,1391,3,0
1370,586,1348,0,3
1378,586,1356,0,3
1379,586,1401,3,0
1380,586,1358,0,3
1369,587,1391,3,0
1379,587,1401,3,0
1380,587,1358,0,3
1380,588,1358,0,3
1369,589,1391,3,0
1380,589,1358,0,3
1381,589,1359,0,3
1368,590,1346,0,3
1369,590,1391,3,0
1380,590,1358,0,3
1381,590,1359,0,3
1368,591,1346,0,3
1369,591,1391,3,0
1380,591,1358,0,3
1381,591,1359,0,3
1366,592,1344,0,3
1368,592,1346,0,3
1369,592,1391,3,0
1380,592,1358,0,3
1381,592,1359,0,3
1366,593,1344,0,3
1368,593,1346,0,3
1369,593,1391,3,0
1380,593,1358,0,3
1381,593,1359,0,3
1385,593,1363,0,3
1386,594,1408,2,0
1388,594,1366,0,3
1390,594,1368,0,3
1391,594,1413,3,0
1402,594,1380,0,3
1403,594,1381,0,3
1407,594,1385,0,3
1388,595,1366,0,3
1390,595,1368,0,3
1391,595,1413,3,0
1402,595,1380,0,3
1403,595,1381,0,3
1388,596,1366,0,3
1390,596,1368,0,3
1391,596,1413,3,0
1402,596,1380,0,3
1403,596,1381,0,3
1390,597,1368,0,3
1391,597,1413,3,0
1402,597,1380,0,3
1403,597,1381,0,3
1390,598,1368,0,3
1391,598,1413,3,0
1402,598,1380,0,3
1403,598,1381,0,3
1391,599,1413,3,0
1402,599,1380,0,3
1391,600,1413,3,0
1392,600,1370,0,3
1402,600,1380,0,3
1391,601,1413,3,0
1392,601,1370,0,3
1401,601,1423,3,0
1402,601,1380,0,3
1391,602,1413,3,0
1392,602,1370,0,3
1400,602,1378,0,3
1401,602,1423,3,0
1402,602,1380,0,3
1391,603,1413,3,0
1392,603,1370,0,3
1399,603,1377,0,3
1400,603,1378,0,3
1401,603,1423,3,0
1402,603,1380,0,3
1391,604,1413,3,0
1392,604,1370,0,3
1396,604,1418,3,0
1399,604,1377,0,3
1400,604,1378,0,3
1401,604,1423,3,0
1402,604,1380,0,3
1391,605,1413,3,0
1392,605,1370,0,3
1396,605,1418,3,0
1399,605,1377,0,3
1400,605,1378,0,3
1401,605,1423,3,0
1402,605,1380,0,3
1391,606,1413,3,0
1392,606,1370,0,3
1399,606,1377,0,3
1400,606,1378,0,3
1401,606,1423,3,0
1402,606,1380,0,3
1391,607,1413,3,0
1392,607,1370,0,3
1399,607,1377,0,3
1400,607,1378,0,3
1401,607,1423,3,0
1402,607,1380,0,3
1391,608,1413,3,0
1392,608,1370,0,3
1400,608,1378,0,3
1401,608,1423,3,0
1402,608,1380,0,3
1391,609,1413,3,0
1392,609,1370,0,3
1401,609,1423,3,0
1402,609,1380,0,3
1402,610,1380,0,3
1391,611,1413,3,0
1402,611,1380,0,3
1403,611,1381,0,3
1390,612,1368,0,3
1391,612,1413,3,0
1402,612,1380,0,3
1403,612,1381,0,3
1390,613,1368,0,3
1391,613,1413,3,0
1402,613,1380,0,3
1403,613,1381,0,3
1388,614,1366,0,3
1390,614,1368,0,3
1391,614,1413,3,0
1402,614,1380,0,3
1403,614,1381,0,3
1388,615,1366,0,3
1390,615,1368,0,3
1391,615,1413,3,0
1402,615,1380,0,3
1403,615,1381,0,3
1407,615,1385,0,3
1408,616,1430,2,0
1410,616,1388,0,3
1411,616,1389,0,3
1412,616,1390,0,3
1413,616,1435,3,0
1424,616,1402,0,3
1425,616,1403,0,3
1429,616,1407,0,3
1410,617,1388,0,3
1411,617,1389,0,3
1412,617,1390,0,3
1413,617,1435,3,0
1424,617,1402,0,3
1425,617,1403,0,3
1410,618,1388,0,3
1411,618,1389,0,3
1412,618,1390,0,3
1413,618,1435,3,0
1424,618,1402,0,3
1425,618,1403,0,3
1411,619,1389,0,3
1412,619,1390,0,3
1413,619,1435,3,0
1424,619,1402,0,3
1425,619,1403,0,3
1412,620,1390,0,3
1413,620,1435,3,0
1424,620,1402,0,3
1425,620,1403,0,3
1413,621,1435,3,0
1424,621,1402,0,3
1413,622,1435,3,0
1414,622,1392,0,3
1424,622,1402,0,3
1413,623,1435,3,0
1414,623,1392,0,3
1423,623,1445,3,0
1424,623,1402,0,3
1413,624,1435,3,0
1414,624,1392,0,3
1423,624,1445,3,0
1424,624,1402,0,3
1413,625,1435,3,0
1414,625,1392,0,3
1421,625,1399,0,3
1423,625,1445,3,0
1424,625,1402,0,3
1413,626,1435,3,0
1414,626,1392,0,3
1418,626,1440,3,0
1421,626,1399,0,3
1423,626,1445,3,0
1424,626,1402,0,3
1413,627,1435,3,0
1414,627,1392,0,3
1418,627,1440,3,0
1421,627,1399,0,3
1423,627,1445,3,0
1424,627,1402,0,3
1413,628,1435,3,0
1414,628,1392,0,3
1421,628,1399,0,3
1423,628,1445,3,0
1424,628,1402,0,3
1413,629,1435,3,0
1414,629,1392,0,3
1421,629,1399,0,3
1423,629,1445,3,0
1424,629,1402,0,3
1413,630,1435,3,0
1414,630,1392,0,3
1423,630,1445,3,0
1424,630,1402,0,3
1413,631,1435,3,0
1423,631,1445,3,0
1424,631,1402,0,3
1424,632,1402,0,3
1413,633,1435,3,0
1424,633,1402,0,3
1425,633,1403,0,3
1412,634,1390,0,3
1413,634,1435,3,0
1424,634,1402,0,3
1425,634,1403,0,3
1411,635,1389,0,3
1412,635,1390,0,3
1413,635,1435,3,0
1424,635,1402,0,3
1425,635,1403,0,3
1410,636,1388,0,3
1411,636,1389,0,3
1412,636,1390,0,3
1413,636,1435,3,0
1424,636,1402,0,3
1425,636,1403,0,3
1410,637,1388,0,3
1411,637,1389,0,3
1412,637,1390,0,3
1413,637,1435,3,0
1424,637,1402,0,3
1425,637,1403,0,3
1429,637,1407,0,3
1430,638,1452,2,0
1432,638,1410,0,3
1433,638,1411,0,3
1434,638,1412,0,3
1435,638,1457,3,0
1446,638,1424,0,3
1447,638,1425,0,3
1451,638,1429,0,3
1432,639,1410,0,3
1433,639,1411,0,3
1434,639,1412,0,3
1435,639,1457,3,0
1446,639,1424,0,3
1447,639,1425,0,3
1432,640,1410,0,3
1433,640,1411,0,3
1434,640,1412,0,3
1435,640,1457,3,0
1446,640,1424,0,3
1447,640,1425,0,3
1433,641,1411,0,3
1434,641,1412,0,3
1435,641,1457,3,0
1446,641,1424,0,3
1447,641,1425,0,3
1434,642,1412,0,3
1435,642,1457,3,0
1446,642,1424,0,3
1447,642,1425,0,3
1435,643,1457,3,0
1446,643,1424,0,3
1435,644,1457,3,0
1436,644,1414,0,3
1446,644,1424,0,3
1435,645,1457,3,0
1436,645,1414,0,3
1445,645,1467,3,0
1446,645,1424,0,3
1435,646,1457,3,0
1436,646,1414,0,3
1445,646,1467,3,0
1446,646,1424,0,3
1435,647,1457,3,0
1436,647,1414,0,3
1443,647,1421,0,3
1445,647,1467,3,0
1446,647,1424,0,3
1435,648,1457,3,0
1436,648,1414,0,3
1440,648,1462,3,0
1443,648,1421,0,3
1445,648,1467,3,0
1446,648,1424,0,3
1435,649,1457,3,0
1436,649,1414,0,3
1440,649,1462,3,0
1443,649,1421,0,3
1445,649,1467,3,0
1446,649,1424,0,3
1435,650,1457,3,0
1436,650,1414,0,3
1443,650,1421,0,3
1445,650,1467,3,0
1446,650,1424,0,3
1435,651,1457,3,0
1436,651,1414,0,3
1443,651,1421,0,3
1445,651,1467,3,0
1446,651,1424,0,3
1435,652,1457,3,0
1436,652,1414,0,3
1445,652,1467,3,0
1446,652,1424,0,3
1435,653,1457,3,0
1436,653,1414,0,3
1445,653,1467,3,0
1446,653,1424,0,3
1446,654,1424,0,3
1435,655,1457,3,0
1446,655,1424,0,3
1447,655,1425,0,3
1434,656,1412,0,3
1435,656,1457,3,0
1446,656,1424,0,3
1447,656,1425,0,3
1433,657,1411,0,3
1434,657,1412,0,3
1435,657,1457,3,0
1446,657,1424,0,3
1447,657,1425,0,3
1432,658,1410,0,3
1433,658,1411,0,3
1434,658,1412,0,3
1435,658,1457,3,0
1446,658,1424,0,3
1447,658,1425,0,3
1432,659,1410,0,3
1433,659,1411,0,3
1434,659,1412,0,3
1435,659,1457,3,0
1446,659,1424,0,3
1447,659,1425,0,3
1451,659,1429,0,3
1453,660,1431,0,3
1454,660,1432,0,3
1455,660,1433,0,3
1456,660,1434,0,3
1457,660,1479,3,0
1468,660,1446,0,3
1469,660,1447,0,3
1471,660,1449,0,3
1473,660,1451,0,3
1453,661,1431,0,3
1454,661,1432,0,3
1455,661,1433,0,3
1456,661,1434,0,3
1457,661,1479,3,0
1468,661,1446,0,3
1469,661,1447,0,3
1471,661,1449,0,3
1454,662,1432,0,3
1455,662,1433,0,3
1456,662,1434,0,3
1457,662,1479,3,0
1468,662,1446,0,3
1469,662,1447,0,3
1471,662,1449,0,3
1455,663,1433,0,3
1456,663,1434,0,3
1457,663,1479,3,0
1468,663,1446,0,3
1469,663,1447,0,3
1456,664,1434,0,3
1457,664,1479,3,0
1468,664,1446,0,3
1469,664,1447,0,3
1457,665,1479,3,0
1468,665,1446,0,3
1457,666,1479,3,0
1458,666,1436,0,3
1468,666,1446,0,3
1457,667,1479,3,0
1458,667,1436,0,3
1468,667,1446,0,3
1457,668,1479,3,0
1458,668,1436,0,3
1468,668,1446,0,3
1457,669,1479,3,0
1458,669,1436,0,3
1461,669,1483,3,0
1465,669,1443,0,3
1468,669,1446,0,3
1457,670,1479,3,0
1458,670,1436,0,3
1461,670,1483,3,0
1464,670,1486,3,0
1465,670,1443,0,3
1468,670,1446,0,3
1457,671,1479,3,0
1458,671,1436,0,3
1461,671,1483,3,0
1464,671,1486,3,0
1465,671,1443,0,3
1468,671,1446,0,3
1457,672,1479,3,0
1458,672,1436,0,3
1461,672,1483,3,0
1464,672,1486,3,0
1465,672,1443,0,3
1468,672,1446,0,3
1457,673,1479,3,0
1458,673,1436,0,3
1465,673,1443,0,3
1468,673,1446,0,3
1457,674,1479,3,0
1458,674,1436,0,3
1468,674,1446,0,3
1457,675,1479,3,0
1468,675,1446,0,3
1468,676,1446,0,3
1457,677,1479,3,0
1468,677,1446,0,3
1469,677,1447,0,3
1456,678,1434,0,3
1457,678,1479,3,0
1468,678,1446,0,3
1469,678,1447,0,3
1455,679,1433,0,3
1456,679,1434,0,3
1457,679,1479,3,0
1468,679,1446,0,3
1469,679,1447,0,3
1471,679,1449,0,3
1454,680,1432,0,3
1455,680,1433,0,3
1456,680,1434,0,3
1457,680,1479,3,0
1468,680,1446,0,3
1469,680,1447,0,3
1471,680,1449,0,3
1453,681,1431,0,3
1454,681,1432,0,3
1455,681,1433,0,3
1456,681,1434,0,3
1457,681,1479,3,0
1468,681,1446,0,3
1469,681,1447,0,3
1471,681,1449,0,3
1473,681,1451,0,3
1475,682,1453,0,3
1476,682,1454,0,3
1477,682,1455,0,3
1478,682,1456,0,3
1479,682,1501,3,0
1490,682,1468,0,3
1491,682,1469,0,3
1493,682,1471,0,3
1495,682,1473,0,3
1475,683,1453,0,3
1476,683,1454,0,3
1477,683,1455,0,3
1478,683,1456,0,3
1479,683,1501,3,0
1490,683,1468,0,3
1491,683,1469,0,3
1493,683,1471,0,3
1476,684,1454,0,3
1477,684,1455,0,3
1478,684,1456,0,3
1479,684,1501,3,0
1490,684,1468,0,3
1491,684,1469,0,3
1493,684,1471,0,3
1477,685,1455,0,3
1478,685,1456,0,3
1479,685,1501,3,0
1490,685,1468,0,3
1491,685,1469,0,3
1478,686,1456,0,3
1479,686,1501,3,0
1490,686,1468,0,3
1491,686,1469,0,3
1479,687,1501,3,0
1490,687,1468,0,3
1479,688,1501,3,0
1480,688,1458,0,3
1490,688,1468,0,3
1479,689,1501,3,0
1480,689,1458,0,3
1490,689,1468,0,3
1479,690,1501,3,0
1480,690,1458,0,3
1490,690,1468,0,3
1479,691,1501,3,0
1480,691,1458,0,3
1483,691,1505,3,0
1490,691,1468,0,3
1479,692,1501,3,0
1480,692,1458,0,3
1483,692,1505,3,0
1486,692,1508,3,0
1490,692,1468,0,3
1479,693,1501,3,0
1480,693,1458,0,3
1483,693,1505,3,0
1486,693,1508,3,0
1490,693,1468,0,3
1479,694,1501,3,0
1480,694,1458,0,3
1483,694,1505,3,0
1486,694,1508,3,0
1490,694,1468,0,3
1479,695,1501,3,0
1480,695,1458,0,3
1490,695,1468,0,3
1479,696,1501,3,0
1480,696,1458,0,3
1490,696,1468,0,3
1479,697,1501,3,0
1480,697,1458,0,3
1490,697,1468,0,3
1490,698,1468,0,3
1479,699,1501,3,0
1490,699,1468,0,3
1491,699,1469,0,3
1478,700,1456,0,3
1479,700,1501,3,0
1490,700,1468,0,3
1491,700,1469,0,3
1477,701,1455,0,3
1478,701,1456,0,3
1479,701,1501,3,0
1490,701,1468,0,3
1491,701,1469,0,3
1493,701,1471,0,3
1476,702,1454,0,3
1477,702,1455,0,3
1478,702,1456,0,3
1479,702,1501,3,0
1490,702,1468,0,3
1491,702,1469,0,3
1493,702,1471,0,3
1475,703,1453,0,3
1476,703,1454,0,3
1477,703,1455,0,3
1478,703,1456,0,3
1479,703,1501,3,0
1490,703,1468,0,3
1491,703,1469,0,3
1493,703,1471,0,3
1495,703,1473,0,3
1496,704,1518,2,0
1498,704,1476,0,3
1499,704,1477,0,3
1500,704,1478,0,3
1501,704,1479,0,3
1512,704,1490,0,3
1513,704,1491,0,3
1515,704,1493,0,3
1517,704,1495,0,3
1498,705,1476,0,3
1499,705,1477,0,3
1500,705,1478,0,3
1501,705,1479,0,3
1512,705,1490,0,3
1513,705,1491,0,3
1515,705,1493,0,3
1498,706,1476,0,3
1499,706,1477,0,3
1500,706,1478,0,3
1501,706,1479,0,3
1512,706,1490,0,3
1513,706,1491,0,3
1515,706,1493,0,3
1499,707,1477,0,3
1500,707,1478,0,3
1501,707,1479,0,3
1512,707,1490,0,3
1513,707,1491,0,3
1500,708,1478,0,3
1501,708,1479,0,3
1512,708,1490,0,3
1513,708,1491,0,3
1501,709,1479,0,3
1512,709,1490,0,3
1501,710,1479,0,3
1502,710,1480,0,3
1512,710,1490,0,3
1501,711,1479,0,3
1502,711,1480,0,3
1512,711,1490,0,3
1501,712,1479,0,3
1502,712,1480,0,3
1510,712,1532,3,0
1512,712,1490,0,3
1501,713,1479,0,3
1502,713,1480,0,3
1505,713,1527,3,0
1510,713,1532,3,0
1512,713,1490,0,3
1501,714,1479,0,3
1502,714,1480,0,3
1505,714,1527,3,0
1506,714,1484,0,3
1508,714,1530,3,0
1510,714,1532,3,0
1512,714,1490,0,3
1501,715,1479,0,3
1502,715,1480,0,3
1505,715,1527,3,0
1506,715,1484,0,3
1508,715,1530,3,0
1510,715,1532,3,0
1512,715,1490,0,3
1501,716,1479,0,3
1502,716,1480,0,3
1505,716,1527,3,0
1508,716,1530,3,0
1510,716,1532,3,0
1512,716,1490,0,3
1501,717,1479,0,3
1502,717,1480,0,3
1510,717,1532,3,0
1512,717,1490,0,3
1501,718,1479,0,3
1502,718,1480,0,3
1510,718,1532,3,0
1512,718,1490,0,3
1501,719,1479,0,3
1512,719,1490,0,3
1512,720,1490,0,3
1501,721,1479,0,3
1512,721,1490,0,3
1513,721,1491,0,3
1500,722,1478,0,3
1501,722,1479,0,3
1512,722,1490,0,3
1513,722,1491,0,3
1499,723,1477,0,3
1500,723,1478,0,3
1501,723,1479,0,3
1512,723,1490,0,3
1513,723,1491,0,3
1515,723,1493,0,3
1498,724,1476,0,3
1499,724,1477,0,3
1500,724,1478,0,3
1501,724,1479,0,3
1512,724,1490,0,3
1513,724,1491,0,3
1515,724,1493,0,3
1498,725,1476,0,3
1499,725,1477,0,3
1500,725,1478,0,3
1501,725,1479,0,3
1512,725,1490,0,3
1513,725,1491,0,3
1515,725,1493,0,3
1517,725,1495,0,3
1518,726,1540,2,0
1520,726,1498,0,3
1534,726,1512,0,3
1536,726,1558,3,0
1537,726,1515,0,3
1538,726,1560,3,0
1520,727,1498,0,3
1534,727,1512,0,3
1536,727,1558,3,0
1537,727,1515,0,3
1538,727,1560,3,0
1520,728,1498,0,3
1534,728,1512,0,3
1536,728,1558,3,0
1537,728,1515,0,3
1534,729,1512,0,3
1536,729,1558,3,0
1534,730,1512,0,3
1534,731,1512,0,3
1524,732,1502,0,3
1534,732,1512,0,3
1524,733,1502,0,3
1525,733,1503,0,3
1534,733,1512,0,3
1524,734,1502,0,3
1525,734,1503,0,3
1534,734,1512,0,3
1524,735,1502,0,3
1525,735,1503,0,3
1527,735,1549,3,0
1534,735,1512,0,3
1524,736,1502,0,3
1525,736,1503,0,3
1527,736,1549,3,0
1530,736,1552,3,0
1534,736,1512,0,3
1524,737,1502,0,3
1525,737,1503,0,3
1527,737,1549,3,0
1529,737,1551,3,0
1530,737,1552,3,0
1534,737,1512,0,3
1524,738,1502,0,3
1525,738,1503,0,3
1527,738,1549,3,0
1530,738,1552,3,0
1534,738,1512,0,3
1524,739,1502,0,3
1525,739,1503,0,3
1534,739,1512,0,3
1524,740,1502,0,3
1525,740,1503,0,3
1534,740,1512,0,3
1524,741,1502,0,3
1534,741,1512,0,3
1534,742,1512,0,3
1534,743,1512,0,3
1534,744,1512,0,3
1536,744,1558,3,0
1534,745,1512,0,3
1536,745,1558,3,0
1537,745,1515,0,3
1520,746,1498,0,3
1534,746,1512,0,3
1536,746,1558,3,0
1537,746,1515,0,3
1538,746,1560,3,0
1520,747,1498,0,3
1534,747,1512,0,3
1536,747,1558,3,0
1537,747,1515,0,3
1538,747,1560,3,0
1540,748,1562,2,0
1542,748,1520,0,3
1556,748,1534,0,3
1558,748,1580,3,0
1559,748,1537,0,3
1542,749,1520,0,3
1556,749,1534,0,3
1558,749,1580,3,0
1559,749,1537,0,3
1542,750,1520,0,3
1556,750,1534,0,3
1558,750,1580,3,0
1559,750,1537,0,3
1556,751,1534,0,3
1558,751,1580,3,0
1556,752,1534,0,3
1556,753,1534,0,3
1556,754,1534,0,3
1547,755,1525,0,3
1556,755,1534,0,3
1547,756,1525,0,3
1556,756,1534,0,3
1547,757,1525,0,3
1549,757,1571,3,0
1556,757,1534,0,3
1547,758,1525,0,3
1549,758,1571,3,0
1552,758,1574,3,0
1556,758,1534,0,3
1547,759,1525,0,3
1549,759,1571,3,0
1551,759,1573,3,0
1552,759,1574,3,0
1556,759,1534,0,3
1547,760,1525,0,3
1549,760,1571,3,0
1552,760,1574,3,0
1556,760,1534,0,3
1547,761,1525,0,3
1556,761,1534,0,3
1547,762,1525,0,3
1556,762,1534,0,3
1556,763,1534,0,3
1556,764,1534,0,3
1556,765,1534,0,3
1556,766,1534,0,3
1558,766,1580,3,0
1556,767,1534,0,3
1558,767,1580,3,0
1559,767,1537,0,3
1542,768,1520,0,3
1556,768,1534,0,3
1558,768,1580,3,0
1559,768,1537,0,3
1542,769,1520,0,3
1556,769,1534,0,3
1558,769,1580,3,0
1559,769,1537,0,3
1562,770,0,2,3
1564,770,1542,0,3
1565,770,1543,0,3
1566,770,1544,0,3
1578,770,1556,0,3
1581,770,1559,0,3
1564,771,1542,0,3
1565,771,1543,0,3
1566,771,1544,0,3
1578,771,1556,0,3
1581,771,1559,0,3
1564,772,1542,0,3
1565,772,1543,0,3
1566,772,1544,0,3
1578,772,1556,0,3
1581,772,1559,0,3
1565,773,1543,0,3
1566,773,1544,0,3
1578,773,1556,0,3
1566,774,1544,0,3
1578,774,1556,0,3
1578,775,1556,0,3
1578,776,1556,0,3
1569,777,1547,0,3
1578,777,1556,0,3
1569,778,1547,0,3
1578,778,1556,0,3
1569,779,1547,0,3
1571,779,9,3,3
1578,779,1556,0,3
1569,780,1547,0,3
1571,780,9,3,3
1574,780,12,3,3
1578,780,1556,0,3
1569,781,1547,0,3
1571,781,9,3,3
1574,781,12,3,3
1578,781,1556,0,3
1569,782,1547,0,3
1571,782,9,3,3
1574,782,12,3,3
1578,782,1556,0,3
1569,783,1547,0,3
1578,783,1556,0,3
1569,784,1547,0,3
1578,784,1556,0,3
1578,785,1556,0,3
1578,786,1556,0,3
1578,787,1556,0,3
1566,788,1544,0,3
1578,788,1556,0,3
1565,789,1543,0,3
1566,789,1544,0,3
1578,789,1556,0,3
1581,789,1559,0,3
1564,790,1542,0,3
1565,790,1543,0,3
1566,790,1544,0,3
1578,790,1556,0,3
1581,790,1559,0,3
1564,791,1542,0,3
1565,791,1543,0,3
1566,791,1544,0,3
1578,791,1556,0,3
1581,791,1559,0,3
0,792,22,1,0
2,792,1564,3,3
3,792,1565,3,3
19,792,1581,3,3
21,792,43,2,0
2,793,1564,3,3
3,793,1565,3,3
19,793,1581,3,3
2,794,1564,3,3
3,794,1565,3,3
19,794,1581,3,3
3,795,1565,3,3
7,799,1569,3,3
15,799,37,2,0
7,800,1569,3,3
15,800,37,2,0
7,801,1569,3,3
9,801,31,2,0
15,801,37,2,0
7,802,1569,3,3
9,802,31,2,0
12,802,34,2,0
15,802,37,2,0
7,803,1569,3,3
9,803,31,2,0
12,803,34,2,0
15,803,37,2,0
7,804,1569,3,3
9,804,31,2,0
12,804,34,2,0
15,804,37,2,0
7,805,1569,3,3
15,805,37,2,0
7,806,1569,3,3
15,806,37,2,0
15,807,37,2,0
3,811,1565,3,3
19,811,1581,3,3
2,812,1564,3,3
3,812,1565,3,3
19,812,1581,3,3
2,813,1564,3,3
3,813,1565,3,3
19,813,1581,3,3
21,813,43,2,0
22,814,44,2,0
24,814,2,0,2
25,814,3,0,2
41,814,19,0,2
43,814,65,3,0
24,815,2,0,2
25,815,3,0,2
41,815,19,0,2
24,816,2,0,2
25,816,3,0,2
41,816,19,0,2
25,817,3,0,2
28,820,6,0,2
28,821,6,0,2
29,821,7,0,2
37,821,59,3,0
28,822,6,0,2
29,822,7,0,2
37,822,59,3,0
28,823,6,0,2
29,823,7,0,2
31,823,53,3,0
37,823,59,3,0
28,824,6,0,2
29,824,7,0,2
31,824,53,3,0
34,824,56,3,0
37,824,59,3,0
28,825,6,0,2
29,825,7,0,2
31,825,53,3,0
34,825,56,3,0
37,825,59,3,0
28,826,6,0,2
29,826,7,0,2
31,826,53,3,0
34,826,56,3,0
37,826,59,3,0
28,827,6,0,2
29,827,7,0,2
37,827,59,3,0
28,828,6,0,2
29,828,7,0,2
37,828,59,3,0
28,829,6,0,2
37,829,59,3,0
25,833,3,0,2
41,833,19,0,2
24,834,2,0,2
25,834,3,0,2
41,834,19,0,2
24,835,2,0,2
25,835,3,0,2
41,835,19,0,2
43,835,65,3,0
46,836,24,0,3
48,836,26,0,3
62,836,40,0,3
65,836,87,3,0
46,837,24,0,3
48,837,26,0,3
62,837,40,0,3
46,838,24,0,3
48,838,26,0,3
62,838,40,0,3
48,839,26,0,3
62,839,40,0,3
48,840,26,0,3
50,842,28,0,3
50,843,28,0,3
51,843,29,0,3
59,843,81,3,0
50,844,28,0,3
51,844,29,0,3
59,844,81,3,0
50,845,28,0,3
51,845,29,0,3
59,845,81,3,0
50,846,28,0,3
51,846,29,0,3
54,846,76,3,0
56,846,78,3,0
59,846,81,3,0
50,847,28,0,3
51,847,29,0,3
54,847,76,3,0
56,847,78,3,0
59,847,81,3,0
50,848,28,0,3
51,848,29,0,3
56,848,78,3,0
59,848,81,3,0
50,849,28,0,3
51,849,29,0,3
59,849,81,3,0
50,850,28,0,3
51,850,29,0,3
59,850,81,3,0
59,851,81,3,0
48,854,26,0,3
62,854,40,0,3
48,855,26,0,3
62,855,40,0,3
46,856,24,0,3
48,856,26,0,3
62,856,40,0,3
46,857,24,0,3
48,857,26,0,3
62,857,40,0,3
65,857,87,3,0
68,858,46,0,3
70,858,48,0,3
84,858,62,0,3
87,858,109,3,0
68,859,46,0,3
70,859,48,0,3
84,859,62,0,3
68,860,46,0,3
70,860,48,0,3
84,860,62,0,3
70,861,48,0,3
84,861,62,0,3
70,862,48,0,3
72,864,50,0,3
72,865,50,0,3
73,865,51,0,3
81,865,103,3,0
72,866,50,0,3
73,866,51,0,3
81,866,103,3,0
72,867,50,0,3
73,867,51,0,3
81,867,103,3,0
72,868,50,0,3
73,868,51,0,3
76,868,98,3,0
78,868,100,3,0
81,868,103,3,0
72,869,50,0,3
73,869,51,0,3
76,869,98,3,0
77,869,99,3,0
78,869,100,3,0
81,869,103,3,0
72,870,50,0,3
73,870,51,0,3
78,870,100,3,0
81,870,103,3,0
72,871,50,0,3
73,871,51,0,3
81,871,103,3,0
72,872,50,0,3
73,872,51,0,3
81,872,103,3,0
72,873,50,0,3
81,873,103,3,0
70,876,48,0,3
84,876,62,0,3
70,877,48,0,3
84,877,62,0,3
68,878,46,0,3
70,878,48,0,3
84,878,62,0,3
68,879,46,0,3
70,879,48,0,3
84,879,62,0,3
87,879,109,3,0
90,880,68,0,3
92,880,70,0,3
106,880,84,0,3
108,880,86,0,3
109,880,131,3,0
90,881,68,0,3
92,881,70,0,3
106,881,84,0,3
108,881,86,0,3
90,882,68,0,3
92,882,70,0,3
106,882,84,0,3
92,883,70,0,3
106,883,84,0,3
92,884,70,0,3
94,886,72,0,3
94,887,72,0,3
95,887,73,0,3
94,888,72,0,3
95,888,73,0,3
94,889,72,0,3
95,889,73,0,3
94,890,72,0,3
95,890,73,0,3
98,890,120,3,0
100,890,122,3,0
94,891,72,0,3
95,891,73,0,3
98,891,120,3,0
100,891,122,3,0
94,892,72,0,3
95,892,73,0,3
100,892,122,3,0
94,893,72,0,3
95,893,73,0,3
94,894,72,0,3
95,894,73,0,3
92,898,70,0,3
106,898,84,0,3
92,899,70,0,3
106,899,84,0,3
90,900,68,0,3
92,900,70,0,3
106,900,84,0,3
108,900,86,0,3
90,901,68,0,3
92,901,70,0,3
106,901,84,0,3
108,901,86,0,3
109,901,131,3,0
114,902,92,0,3
128,902,106,0,3
130,902,108,0,3
131,902,153,3,0
114,903,92,0,3
128,903,106,0,3
130,903,108,0,3
114,904,92,0,3
128,904,106,0,3
114,905,92,0,3
128,905,106,0,3
114,906,92,0,3
116,908,94,0,3
116,909,94,0,3
117,909,95,0,3
116,910,94,0,3
117,910,95,0,3
116,911,94,0,3
117,911,95,0,3
123,911,101,0,3
116,912,94,0,3
117,912,95,0,3
120,912,142,3,0
122,912,100,0,3
123,912,101,0,3
116,913,94,0,3
117,913,95,0,3
120,913,142,3,0
122,913,100,0,3
123,913,101,0,3
116,914,94,0,3
117,914,95,0,3
122,914,100,0,3
123,914,101,0,3
116,915,94,0,3
117,915,95,0,3
123,915,101,0,3
116,916,94,0,3
117,916,95,0,3
116,917,94,0,3
114,920,92,0,3
128,920,106,0,3
114,921,92,0,3
128,921,106,0,3
114,922,92,0,3
128,922,106,0,3
130,922,108,0,3
114,923,92,0,3
128,923,106,0,3
130,923,108,0,3
131,923,153,3,0
134,924,156,3,0
135,924,113,0,3
137,924,115,0,3
148,924,126,0,3
150,924,128,0,3
153,924,175,3,0
134,925,156,3,0
135,925,113,0,3
137,925,115,0,3
148,925,126,0,3
150,925,128,0,3
134,926,156,3,0
135,926,113,0,3
137,926,115,0,3
148,926,126,0,3
150,926,128,0,3
135,927,113,0,3
137,927,115,0,3
148,927,126,0,3
150,927,128,0,3
137,928,115,0,3
148,928,126,0,3
137,929,115,0,3
148,929,126,0,3
137,930,115,0,3
138,930,116,0,3
148,930,126,0,3
137,931,115,0,3
138,931,116,0,3
139,931,117,0,3
148,931,126,0,3
137,932,115,0,3
138,932,116,0,3
139,932,117,0,3
148,932,126,0,3
137,933,115,0,3
138,933,116,0,3
139,933,117,0,3
141,933,163,3,0
145,933,123,0,3
148,933,126,0,3
137,934,115,0,3
138,934,116,0,3
139,934,117,0,3
141,934,163,3,0
142,934,164,3,0
144,934,122,0,3
145,934,123,0,3
148,934,126,0,3
137,935,115,0,3
138,935,116,0,3
139,935,117,0,3
141,935,163,3,0
142,935,164,3,0
144,935,122,0,3
145,935,123,0,3
148,935,126,0,3
137,936,115,0,3
138,936,116,0,3
139,936,117,0,3
141,936,163,3,0
144,936,122,0,3
145,936,123,0,3
148,936,126,0,3
137,937,115,0,3
138,937,116,0,3
139,937,117,0,3
145,937,123,0,3
148,937,126,0,3
137,938,115,0,3
138,938,116,0,3
139,938,117,0,3
148,938,126,0,3
137,939,115,0,3
148,939,126,0,3
148,940,126,0,3
137,941,115,0,3
148,941,126,0,3
137,942,115,0,3
148,942,126,0,3
150,942,128,0,3
135,943,113,0,3
137,943,115,0,3
148,943,126,0,3
150,943,128,0,3
134,944,156,3,0
135,944,113,0,3
137,944,115,0,3
148,944,126,0,3
150,944,128,0,3
134,945,156,3,0
135,945,113,0,3
137,945,115,0,3
148,945,126,0,3
150,945,128,0,3
153,945,175,3,0
156,946,178,3,0
157,946,135,0,3
159,946,137,0,3
170,946,148,0,3
173,946,151,0,3
175,946,197,3,0
156,947,178,3,0
157,947,135,0,3
159,947,137,0,3
170,947,148,0,3
173,947,151,0,3
156,948,178,3,0
157,948,135,0,3
159,948,137,0,3
170,948,148,0,3
173,948,151,0,3
157,949,135,0,3
159,949,137,0,3
170,949,148,0,3
159,950,137,0,3
170,950,148,0,3
159,951,137,0,3
170,951,148,0,3
159,952,137,0,3
170,952,148,0,3
159,953,137,0,3
161,953,139,0,3
170,953,148,0,3
159,954,137,0,3
161,954,139,0,3
170,954,148,0,3
159,955,137,0,3
161,955,139,0,3
163,955,185,3,0
170,955,148,0,3
159,956,137,0,3
161,956,139,0,3
163,956,185,3,0
166,956,144,0,3
170,956,148,0,3
159,957,137,0,3
161,957,139,0,3
163,957,185,3,0
166,957,144,0,3
170,957,148,0,3
159,958,137,0,3
161,958,139,0,3
163,958,185,3,0
166,958,144,0,3
170,958,148,0,3
159,959,137,0,3
161,959,139,0,3
170,959,148,0,3
159,960,137,0,3
161,960,139,0,3
170,960,148,0,3
159,961,137,0,3
170,961,148,0,3
170,962,148,0,3
159,963,137,0,3
170,963,148,0,3
159,964,137,0,3
170,964,148,0,3
157,965,135,0,3
159,965,137,0,3
170,965,148,0,3
173,965,151,0,3
156,966,178,3,0
157,966,135,0,3
159,966,137,0,3
170,966,148,0,3
173,966,151,0,3
156,967,178,3,0
157,967,135,0,3
159,967,137,0,3
170,967,148,0,3
173,967,151,0,3
175,967,197,3,0
178,968,200,3,0
180,968,202,3,0
181,968,159,0,3
193,968,215,3,0
194,968,216,3,0
195,968,173,0,3
197,968,219,3,0
178,969,200,3,0
180,969,202,3,0
181,969,159,0,3
193,969,215,3,0
194,969,216,3,0
195,969,173,0,3
178,970,200,3,0
180,970,202,3,0
181,970,159,0,3
193,970,215,3,0
194,970,216,3,0
195,970,173,0,3
180,971,202,3,0
181,971,159,0,3
193,971,215,3,0
194,971,216,3,0
180,972,202,3,0
181,972,159,0,3
193,972,215,3,0
181,973,159,0,3
181,974,159,0,3
181,975,159,0,3
183,975,161,0,3
181,976,159,0,3
183,976,161,0,3
181,977,159,0,3
183,977,161,0,3
185,977,207,3,0
181,978,159,0,3
183,978,161,0,3
185,978,207,3,0
181,979,159,0,3
183,979,161,0,3
185,979,207,3,0
181,980,159,0,3
183,980,161,0,3
185,980,207,3,0
181,981,159,0,3
183,981,161,0,3
181,982,159,0,3
183,982,161,0,3
181,983,159,0,3
181,985,159,0,3
193,985,215,3,0
180,986,202,3,0
181,986,159,0,3
193,986,215,3,0
194,986,216,3,0
180,987,202,3,0
181,987,159,0,3
193,987,215,3,0
194,987,216,3,0
195,987,173,0,3
178,988,200,3,0
180,988,202,3,0
181,988,159,0,3
193,988,215,3,0
194,988,216,3,0
195,988,173,0,3
178,989,200,3,0
180,989,202,3,0
181,989,159,0,3
193,989,215,3,0
194,989,216,3,0
195,989,173,0,3
197,989,219,3,0
200,990,222,3,0
202,990,224,3,0
203,990,181,0,3
215,990,237,3,0
216,990,238,3,0
217,990,195,0,3
219,990,241,3,0
200,991,222,3,0
202,991,224,3,0
203,991,181,0,3
215,991,237,3,0
216,991,238,3,0
217,991,195,0,3
200,992,222,3,0
202,992,224,3,0
203,992,181,0,3
215,992,237,3,0
216,992,238,3,0
217,992,195,0,3
202,993,224,3,0
203,993,181,0,3
215,993,237,3,0
216,993,238,3,0
202,994,224,3,0
203,994,181,0,3
215,994,237,3,0
203,995,181,0,3
203,996,181,0,3
203,997,181,0,3
205,997,183,0,3
203,998,181,0,3
205,998,183,0,3
203,999,181,0,3
205,999,183,0,3
207,999,229,3,0
211,999,189,0,3
203,1000,181,0,3
205,1000,183,0,3
207,1000,229,3,0
211,1000,189,0,3
203,1001,181,0,3
205,1001,183,0,3
207,1001,229,3,0
211,1001,189,0,3
203,1002,181,0,3
205,1002,183,0,3
207,1002,229,3,0
211,1002,189,0,3
203,1003,181,0,3
205,1003,183,0,3
211,1003,189,0,3
203,1004,181,0,3
205,1004,183,0,3
203,1005,181,0,3
203,1007,181,0,3
215,1007,237,3,0
202,1008,224,3,0
203,1008,181,0,3
215,1008,237,3,0
216,1008,238,3,0
202,1009,224,3,0
203,1009,181,0,3
215,1009,237,3,0
216,1009,238,3,0
217,1009,195,0,3
200,1010,222,3,0
202,1010,224,3,0
203,1010,181,0,3
215,1010,237,3,0
216,1010,238,3,0
217,1010,195,0,3
200,1011,222,3,0
202,1011,224,3,0
203,1011,181,0,3
215,1011,237,3,0
216,1011,238,3,0
217,1011,195,0,3
219,1011,241,3,0
222,1012,244,3,0
236,1012,214,0,3
237,1012,259,3,0
239,1012,217,0,3
241,1012,263,3,0
222,1013,244,3,0
236,1013,214,0,3
237,1013,259,3,0
239,1013,217,0,3
222,1014,244,3,0
236,1014,214,0,3
237,1014,259,3,0
239,1014,217,0,3
236,1015,214,0,3
237,1015,259,3,0
236,1016,214,0,3
237,1016,259,3,0
236,1017,214,0,3
236,1018,214,0,3
227,1019,205,0,3
236,1019,214,0,3
227,1020,205,0,3
228,1020,250,3,0
236,1020,214,0,3
227,1021,205,0,3
228,1021,250,3,0
229,1021,251,3,0
233,1021,211,0,3
236,1021,214,0,3
227,1022,205,0,3
228,1022,250,3,0
229,1022,251,3,0
232,1022,210,0,3
233,1022,211,0,3
236,1022,214,0,3
227,1023,205,0,3
228,1023,250,3,0
229,1023,251,3,0
231,1023,209,0,3
232,1023,210,0,3
233,1023,211,0,3
236,1023,214,0,3
227,1024,205,0,3
228,1024,250,3,0
229,1024,251,3,0
232,1024,210,0,3
233,1024,211,0,3
236,1024,214,0,3
227,1025,205,0,3
228,1025,250,3,0
233,1025,211,0,3
236,1025,214,0,3
227,1026,205,0,3
236,1026,214,0,3
236,1027,214,0,3
236,1028,214,0,3
236,1029,214,0,3
237,1029,259,3,0
236,1030,214,0,3
237,1030,259,3,0
236,1031,214,0,3
237,1031,259,3,0
239,1031,217,0,3
222,1032,244,3,0
236,1032,214,0,3
237,1032,259,3,0
239,1032,217,0,3
222,1033,244,3,0
236,1033,214,0,3
237,1033,259,3,0
239,1033,217,0,3
241,1033,263,3,0
244,1034,266,3,0
259,1034,281,3,0
261,1034,239,0,3
263,1034,285,3,0
244,1035,266,3,0
259,1035,281,3,0
261,1035,239,0,3
244,1036,266,3,0
259,1036,281,3,0
261,1036,239,0,3
259,1037,281,3,0
259,1038,281,3,0
249,1041,227,0,3
249,1042,227,0,3
250,1042,272,3,0
249,1043,227,0,3
250,1043,272,3,0
251,1043,273,3,0
249,1044,227,0,3
250,1044,272,3,0
251,1044,273,3,0
254,1044,232,0,3
249,1045,227,0,3
250,1045,272,3,0
251,1045,273,3,0
253,1045,231,0,3
254,1045,232,0,3
249,1046,227,0,3
250,1046,272,3,0
251,1046,273,3,0
254,1046,232,0,3
249,1047,227,0,3
250,1047,272,3,0
249,1048,227,0,3
259,1051,281,3,0
259,1052,281,3,0
259,1053,281,3,0
261,1053,239,0,3
244,1054,266,3,0
259,1054,281,3,0
261,1054,239,0,3
244,1055,266,3,0
259,1055,281,3,0
261,1055,239,0,3
263,1055,285,3,0
266,1056,288,3,0
269,1056,247,0,3
281,1056,303,3,0
282,1056,304,3,0
283,1056,261,0,3
285,1056,307,3,0
266,1057,288,3,0
269,1057,247,0,3
281,1057,303,3,0
282,1057,304,3,0
283,1057,261,0,3
266,1058,288,3,0
269,1058,247,0,3
281,1058,303,3,0
282,1058,304,3,0
283,1058,261,0,3
269,1059,247,0,3
281,1059,303,3,0
282,1059,304,3,0
269,1060,247,0,3
281,1060,303,3,0
269,1061,247,0,3
269,1062,247,0,3
269,1063,247,0,3
271,1063,249,0,3
269,1064,247,0,3
271,1064,249,0,3
278,1064,300,3,0
269,1065,247,0,3
271,1065,249,0,3
278,1065,300,3,0
269,1066,247,0,3
271,1066,249,0,3
276,1066,254,0,3
278,1066,300,3,0
269,1067,247,0,3
271,1067,249,0,3
276,1067,254,0,3
278,1067,300,3,0
269,1068,247,0,3
271,1068,249,0,3
276,1068,254,0,3
278,1068,300,3,0
269,1069,247,0,3
271,1069,249,0,3
278,1069,300,3,0
269,1070,247,0,3
271,1070,249,0,3
278,1070,300,3,0
269,1071,247,0,3
269,1073,247,0,3
281,1073,303,3,0
269,1074,247,0,3
281,1074,303,3,0
282,1074,304,3,0
269,1075,247,0,3
281,1075,303,3,0
282,1075,304,3,0
283,1075,261,0,3
266,1076,288,3,0
269,1076,247,0,3
281,1076,303,3,0
282,1076,304,3,0
283,1076,261,0,3
266,1077,288,3,0
269,1077,247,0,3
281,1077,303,3,0
282,1077,304,3,0
283,1077,261,0,3
285,1077,307,3,0
288,1078,310,3,0
291,1078,269,0,3
303,1078,325,3,0
304,1078,326,3,0
305,1078,283,0,3
307,1078,329,3,0
288,1079,310,3,0
291,1079,269,0,3
303,1079,325,3,0
304,1079,326,3,0
305,1079,283,0,3
288,1080,310,3,0
291,1080,269,0,3
303,1080,325,3,0
304,1080,326,3,0
305,1080,283,0,3
291,1081,269,0,3
303,1081,325,3,0
304,1081,326,3,0
291,1082,269,0,3
303,1082,325,3,0
291,1083,269,0,3
291,1084,269,0,3
291,1085,269,0,3
291,1086,269,0,3
300,1086,322,3,0
291,1087,269,0,3
300,1087,322,3,0
291,1088,269,0,3
300,1088,322,3,0
291,1089,269,0,3
300,1089,322,3,0
291,1090,269,0,3
300,1090,322,3,0
291,1091,269,0,3
300,1091,322,3,0
291,1092,269,0,3
300,1092,322,3,0
291,1093,269,0,3
291,1095,269,0,3
303,1095,325,3,0
291,1096,269,0,3
303,1096,325,3,0
304,1096,326,3,0
291,1097,269,0,3
303,1097,325,3,0
304,1097,326,3,0
305,1097,283,0,3
288,1098,310,3,0
291,1098,269,0,3
303,1098,325,3,0
304,1098,326,3,0
305,1098,283,0,3
288,1099,310,3,0
291,1099,269,0,3
303,1099,325,3,0
304,1099,326,3,0
305,1099,283,0,3
307,1099,329,3,0
308,1100,286,0,2
310,1100,332,3,0
313,1100,291,0,3
325,1100,347,3,0
326,1100,348,3,0
327,1100,305,0,3
329,1100,351,3,0
310,1101,332,3,0
313,1101,291,0,3
325,1101,347,3,0
326,1101,348,3,0
327,1101,305,0,3
310,1102,332,3,0
313,1102,291,0,3
325,1102,347,3,0
326,1102,348,3,0
327,1102,305,0,3
313,1103,291,0,3
325,1103,347,3,0
326,1103,348,3,0
313,1104,291,0,3
325,1104,347,3,0
313,1105,291,0,3
313,1106,291,0,3
313,1107,291,0,3
313,1108,291,0,3
316,1108,294,0,3
322,1108,344,3,0
313,1109,291,0,3
316,1109,294,0,3
322,1109,344,3,0
313,1110,291,0,3
316,1110,294,0,3
322,1110,344,3,0
313,1111,291,0,3
316,1111,294,0,3
322,1111,344,3,0
313,1112,291,0,3
316,1112,294,0,3
322,1112,344,3,0
313,1113,291,0,3
316,1113,294,0,3
322,1113,344,3,0
313,1114,291,0,3
322,1114,344,3,0
313,1115,291,0,3
313,1117,291,0,3
325,1117,347,3,0
313,1118,291,0,3
325,1118,347,3,0
326,1118,348,3,0
313,1119,291,0,3
325,1119,347,3,0
326,1119,348,3,0
327,1119,305,0,3
310,1120,332,3,0
313,1120,291,0,3
325,1120,347,3,0
326,1120,348,3,0
327,1120,305,0,3
310,1121,332,3,0
313,1121,291,0,3
325,1121,347,3,0
326,1121,348,3,0
327,1121,305,0,3
329,1121,351,3,0
330,1122,308,0,2
332,1122,354,3,0
335,1122,313,0,3
346,1122,368,3,0
347,1122,369,3,0
348,1122,370,3,0
349,1122,327,0,3
351,1122,373,3,0
332,1123,354,3,0
335,1123,313,0,3
346,1123,368,3,0
347,1123,369,3,0
348,1123,370,3,0
349,1123,327,0,3
332,1124,354,3,0
335,1124,313,0,3
346,1124,368,3,0
347,1124,369,3,0
348,1124,370,3,0
349,1124,327,0,3
335,1125,313,0,3
346,1125,368,3,0
347,1125,369,3,0
348,1125,370,3,0
335,1126,313,0,3
346,1126,368,3,0
347,1126,369,3,0
335,1127,313,0,3
346,1127,368,3,0
335,1128,313,0,3
346,1128,368,3,0
335,1129,313,0,3
346,1129,368,3,0
335,1130,313,0,3
338,1130,316,0,3
344,1130,366,3,0
346,1130,368,3,0
335,1131,313,0,3
338,1131,316,0,3
344,1131,366,3,0
346,1131,368,3,0
335,1132,313,0,3
338,1132,316,0,3
342,1132,320,0,3
344,1132,366,3,0
346,1132,368,3,0
335,1133,313,0,3
338,1133,316,0,3
342,1133,320,0,3
344,1133,366,3,0
346,1133,368,3,0
335,1134,313,0,3
338,1134,316,0,3
342,1134,320,0,3
344,1134,366,3,0
346,1134,368,3,0
335,1135,313,0,3
338,1135,316,0,3
344,1135,366,3,0
346,1135,368,3,0
335,1136,313,0,3
344,1136,366,3,0
346,1136,368,3,0
335,1137,313,0,3
346,1137,368,3,0
346,1138,368,3,0
335,1139,313,0,3
346,1139,368,3,0
347,1139,369,3,0
335,1140,313,0,3
346,1140,368,3,0
347,1140,369,3,0
348,1140,370,3,0
335,1141,313,0,3
346,1141,368,3,0
347,1141,369,3,0
348,1141,370,3,0
349,1141,327,0,3
332,1142,354,3,0
335,1142,313,0,3
346,1142,368,3,0
347,1142,369,3,0
348,1142,370,3,0
349,1142,327,0,3
332,1143,354,3,0
335,1143,313,0,3
346,1143,368,3,0
347,1143,369,3,0
348,1143,370,3,0
349,1143,327,0,3
351,1143,373,3,0
352,1144,330,0,2
354,1144,376,3,0
357,1144,335,0,3
368,1144,390,3,0
369,1144,391,3,0
370,1144,392,3,0
371,1144,349,0,3
373,1144,395,3,0
354,1145,376,3,0
357,1145,335,0,3
368,1145,390,3,0
369,1145,391,3,0
370,1145,392,3,0
371,1145,349,0,3
354,1146,376,3,0
357,1146,335,0,3
368,1146,390,3,0
369,1146,391,3,0
370,1146,392,3,0
371,1146,349,0,3
357,1147,335,0,3
368,1147,390,3,0
369,1147,391,3,0
370,1147,392,3,0
357,1148,335,0,3
368,1148,390,3,0
369,1148,391,3,0
357,1149,335,0,3
368,1149,390,3,0
357,1150,335,0,3
368,1150,390,3,0
357,1151,335,0,3
368,1151,390,3,0
357,1152,335,0,3
366,1152,388,3,0
368,1152,390,3,0
357,1153,335,0,3
366,1153,388,3,0
368,1153,390,3,0
357,1154,335,0,3
364,1154,342,0,3
366,1154,388,3,0
368,1154,390,3,0
357,1155,335,0,3
364,1155,342,0,3
366,1155,388,3,0
368,1155,390,3,0
357,1156,335,0,3
364,1156,342,0,3
366,1156,388,3,0
368,1156,390,3,0
357,1157,335,0,3
366,1157,388,3,0
368,1157,390,3,0
357,1158,335,0,3
366,1158,388,3,0
368,1158,390,3,0
357,1159,335,0,3
368,1159,390,3,0
368,1160,390,3,0
357,1161,335,0,3
368,1161,390,3,0
369,1161,391,3,0
357,1162,335,0,3
368,1162,390,3,0
369,1162,391,3,0
370,1162,392,3,0
357,1163,335,0,3
368,1163,390,3,0
369,1163,391,3,0
370,1163,392,3,0
371,1163,349,0,3
354,1164,376,3,0
357,1164,335,0,3
368,1164,390,3,0
369,1164,391,3,0
370,1164,392,3,0
371,1164,349,0,3
354,1165,376,3,0
357,1165,335,0,3
368,1165,390,3,0
369,1165,391,3,0
370,1165,392,3,0
371,1165,349,0,3
373,1165,395,3,0
374,1166,352,0,2
376,1166,398,3,0
379,1166,357,0,3
390,1166,412,3,0
391,1166,413,3,0
392,1166,414,3,0
393,1166,371,0,3
395,1166,417,3,0
376,1167,398,3,0
379,1167,357,0,3
390,1167,412,3,0
391,1167,413,3,0
392,1167,414,3,0
393,1167,371,0,3
376,1168,398,3,0
379,1168,357,0,3
390,1168,412,3,0
391,1168,413,3,0
392,1168,414,3,0
393,1168,371,0,3
379,1169,357,0,3
390,1169,412,3,0
391,1169,413,3,0
392,1169,414,3,0
379,1170,357,0,3
390,1170,412,3,0
391,1170,413,3,0
379,1171,357,0,3
390,1171,412,3,0
379,1172,357,0,3
390,1172,412,3,0
379,1173,357,0,3
390,1173,412,3,0
379,1174,357,0,3
388,1174,410,3,0
390,1174,412,3,0
379,1175,357,0,3
388,1175,410,3,0
390,1175,412,3,0
379,1176,357,0,3
386,1176,364,0,3
388,1176,410,3,0
390,1176,412,3,0
379,1177,357,0,3
386,1177,364,0,3
388,1177,410,3,0
390,1177,412,3,0
379,1178,357,0,3
386,1178,364,0,3
388,1178,410,3,0
390,1178,412,3,0
379,1179,357,0,3
388,1179,410,3,0
390,1179,412,3,0
379,1180,357,0,3
388,1180,410,3,0
390,1180,412,3,0
379,1181,357,0,3
390,1181,412,3,0
390,1182,412,3,0
379,1183,357,0,3
390,1183,412,3,0
391,1183,413,3,0
379,1184,357,0,3
390,1184,412,3,0
391,1184,413,3,0
392,1184,414,3,0
379,1185,357,0,3
390,1185,412,3,0
391,1185,413,3,0
392,1185,414,3,0
393,1185,371,0,3
376,1186,398,3,0
379,1186,357,0,3
390,1186,412,3,0
391,1186,413,3,0
392,1186,414,3,0
393,1186,371,0,3
376,1187,398,3,0
379,1187,357,0,3
390,1187,412,3,0
391,1187,413,3,0
392,1187,414,3,0
393,1187,371,0,3
395,1187,417,3,0
396,1188,374,0,2
398,1188,420,3,0
400,1188,422,3,0
401,1188,379,0,3
412,1188,434,3,0
413,1188,435,3,0
415,1188,393,0,3
417,1188,439,3,0
398,1189,420,3,0
400,1189,422,3,0
401,1189,379,0,3
412,1189,434,3,0
413,1189,435,3,0
415,1189,393,0,3
398,1190,420,3,0
400,1190,422,3,0
401,1190,379,0,3
412,1190,434,3,0
413,1190,435,3,0
415,1190,393,0,3
400,1191,422,3,0
401,1191,379,0,3
412,1191,434,3,0
413,1191,435,3,0
400,1192,422,3,0
401,1192,379,0,3
412,1192,434,3,0
413,1192,435,3,0
401,1193,379,0,3
412,1193,434,3,0
401,1194,379,0,3
412,1194,434,3,0
401,1195,379,0,3
412,1195,434,3,0
401,1196,379,0,3
410,1196,432,3,0
412,1196,434,3,0
401,1197,379,0,3
410,1197,432,3,0
412,1197,434,3,0
401,1198,379,0,3
408,1198,386,0,3
410,1198,432,3,0
412,1198,434,3,0
401,1199,379,0,3
408,1199,386,0,3
410,1199,432,3,0
412,1199,434,3,0
401,1200,379,0,3
408,1200,386,0,3
410,1200,432,3,0
412,1200,434,3,0
401,1201,379,0,3
410,1201,432,3,0
412,1201,434,3,0
401,1202,379,0,3
410,1202,432,3,0
412,1202,434,3,0
401,1203,379,0,3
412,1203,434,3,0
412,1204,434,3,0
401,1205,379,0,3
412,1205,434,3,0
413,1205,435,3,0
400,1206,422,3,0
401,1206,379,0,3
412,1206,434,3,0
413,1206,435,3,0
400,1207,422,3,0
401,1207,379,0,3
412,1207,434,3,0
413,1207,435,3,0
415,1207,393,0,3
398,1208,420,3,0
400,1208,422,3,0
401,1208,379,0,3
412,1208,434,3,0
413,1208,435,3,0
415,1208,393,0,3
398,1209,420,3,0
400,1209,422,3,0
401,1209,379,0,3
412,1209,434,3,0
413,1209,435,3,0
415,1209,393,0,3
417,1209,439,3,0
418,1210,396,0,2
420,1210,442,3,0
422,1210,444,3,0
423,1210,401,0,3
434,1210,456,3,0
435,1210,457,3,0
437,1210,415,0,3
439,1210,461,3,0
420,1211,442,3,0
422,1211,444,3,0
423,1211,401,0,3
434,1211,456,3,0
435,1211,457,3,0
437,1211,415,0,3
420,1212,442,3,0
422,1212,444,3,0
423,1212,401,0,3
434,1212,456,3,0
435,1212,457,3,0
437,1212,415,0,3
422,1213,444,3,0
423,1213,401,0,3
434,1213,456,3,0
435,1213,457,3,0
422,1214,444,3,0
423,1214,401,0,3
434,1214,456,3,0
435,1214,457,3,0
423,1215,401,0,3
434,1215,456,3,0
423,1216,401,0,3
424,1216,446,3,0
434,1216,456,3,0
423,1217,401,0,3
424,1217,446,3,0
425,1217,403,0,3
434,1217,456,3,0
423,1218,401,0,3
424,1218,446,3,0
425,1218,403,0,3
432,1218,454,3,0
434,1218,456,3,0
423,1219,401,0,3
424,1219,446,3,0
425,1219,403,0,3
432,1219,454,3,0
434,1219,456,3,0
423,1220,401,0,3
424,1220,446,3,0
425,1220,403,0,3
430,1220,408,0,3
432,1220,454,3,0
434,1220,456,3,0
423,1221,401,0,3
424,1221,446,3,0
425,1221,403,0,3
430,1221,408,0,3
432,1221,454,3,0
434,1221,456,3,0
423,1222,401,0,3
424,1222,446,3,0
425,1222,403,0,3
430,1222,408,0,3
432,1222,454,3,0
434,1222,456,3,0
423,1223,401,0,3
424,1223,446,3,0
425,1223,403,0,3
432,1223,454,3,0
434,1223,456,3,0
423,1224,401,0,3
424,1224,446,3,0
425,1224,403,0,3
432,1224,454,3,0
434,1224,456,3,0
423,1225,401,0,3
424,1225,446,3,0
434,1225,456,3,0
434,1226,456,3,0
423,1227,401,0,3
434,1227,456,3,0
435,1227,457,3,0
422,1228,444,3,0
423,1228,401,0,3
434,1228,456,3,0
435,1228,457,3,0
422,1229,444,3,0
423,1229,401,0,3
434,1229,456,3,0
435,1229,457,3,0
437,1229,415,0,3
420,1230,442,3,0
422,1230,444,3,0
423,1230,401,0,3
434,1230,456,3,0
435,1230,457,3,0
437,1230,415,0,3
420,1231,442,3,0
422,1231,444,3,0
423,1231,401,0,3
434,1231,456,3,0
435,1231,457,3,0
437,1231,415,0,3
439,1231,461,3,0
440,1232,418,0,2
442,1232,464,3,0
444,1232,466,3,0
445,1232,423,0,3
456,1232,478,3,0
457,1232,479,3,0
461,1232,483,3,0
442,1233,464,3,0
444,1233,466,3,0
445,1233,423,0,3
456,1233,478,3,0
457,1233,479,3,0
442,1234,464,3,0
444,1234,466,3,0
445,1234,423,0,3
456,1234,478,3,0
457,1234,479,3,0
444,1235,466,3,0
445,1235,423,0,3
456,1235,478,3,0
457,1235,479,3,0
444,1236,466,3,0
445,1236,423,0,3
456,1236,478,3,0
457,1236,479,3,0
445,1237,423,0,3
456,1237,478,3,0
445,1238,423,0,3
446,1238,468,3,0
456,1238,478,3,0
445,1239,423,0,3
446,1239,468,3,0
447,1239,425,0,3
456,1239,478,3,0
445,1240,423,0,3
446,1240,468,3,0
447,1240,425,0,3
454,1240,476,3,0
456,1240,478,3,0
445,1241,423,0,3
446,1241,468,3,0
447,1241,425,0,3
454,1241,476,3,0
456,1241,478,3,0
445,1242,423,0,3
446,1242,468,3,0
447,1242,425,0,3
452,1242,430,0,3
454,1242,476,3,0
456,1242,478,3,0
445,1243,423,0,3
446,1243,468,3,0
447,1243,425,0,3
452,1243,430,0,3
454,1243,476,3,0
456,1243,478,3,0
445,1244,423,0,3
446,1244,468,3,0
447,1244,425,0,3
452,1244,430,0,3
454,1244,476,3,0
456,1244,478,3,0
445,1245,423,0,3
446,1245,468,3,0
447,1245,425,0,3
454,1245,476,3,0
456,1245,478,3,0
445,1246,423,0,3
446,1246,468,3,0
447,1246,425,0,3
454,1246,476,3,0
456,1246,478,3,0
445,1247,423,0,3
456,1247,478,3,0
456,1248,478,3,0
445,1249,423,0,3
456,1249,478,3,0
457,1249,479,3,0
444,1250,466,3,0
445,1250,423,0,3
456,1250,478,3,0
457,1250,479,3,0
444,1251,466,3,0
445,1251,423,0,3
456,1251,478,3,0
457,1251,479,3,0
442,1252,464,3,0
444,1252,466,3,0
445,1252,423,0,3
456,1252,478,3,0
457,1252,479,3,0
442,1253,464,3,0
444,1253,466,3,0
445,1253,423,0,3
456,1253,478,3,0
457,1253,479,3,0
461,1253,483,3,0
462,1254,440,0,2
464,1254,486,3,0
466,1254,488,3,0
467,1254,445,0,3
478,1254,500,3,0
479,1254,501,3,0
483,1254,505,3,0
464,1255,486,3,0
466,1255,488,3,0
467,1255,445,0,3
478,1255,500,3,0
479,1255,501,3,0
464,1256,486,3,0
466,1256,488,3,0
467,1256,445,0,3
478,1256,500,3,0
479,1256,501,3,0
466,1257,488,3,0
467,1257,445,0,3
478,1257,500,3,0
479,1257,501,3,0
466,1258,488,3,0
467,1258,445,0,3
478,1258,500,3,0
479,1258,501,3,0
467,1259,445,0,3
478,1259,500,3,0
467,1260,445,0,3
468,1260,490,3,0
478,1260,500,3,0
467,1261,445,0,3
468,1261,490,3,0
478,1261,500,3,0
467,1262,445,0,3
468,1262,490,3,0
476,1262,498,3,0
478,1262,500,3,0
467,1263,445,0,3
468,1263,490,3,0
476,1263,498,3,0
478,1263,500,3,0
467,1264,445,0,3
468,1264,490,3,0
474,1264,452,0,3
476,1264,498,3,0
478,1264,500,3,0
467,1265,445,0,3
468,1265,490,3,0
474,1265,452,0,3
476,1265,498,3,0
478,1265,500,3,0
467,1266,445,0,3
468,1266,490,3,0
474,1266,452,0,3
476,1266,498,3,0
478,1266,500,3,0
467,1267,445,0,3
468,1267,490,3,0
476,1267,498,3,0
478,1267,500,3,0
467,1268,445,0,3
468,1268,490,3,0
476,1268,498,3,0
478,1268,500,3,0
467,1269,445,0,3
468,1269,490,3,0
478,1269,500,3,0
478,1270,500,3,0
467,1271,445,0,3
478,1271,500,3,0
479,1271,501,3,0
466,1272,488,3,0
467,1272,445,0,3
478,1272,500,3,0
479,1272,501,3,0
466,1273,488,3,0
467,1273,445,0,3
478,1273,500,3,0
479,1273,501,3,0
464,1274,486,3,0
466,1274,488,3,0
467,1274,445,0,3
478,1274,500,3,0
479,1274,501,3,0
464,1275,486,3,0
466,1275,488,3,0
467,1275,445,0,3
478,1275,500,3,0
479,1275,501,3,0
483,1275,505,3,0
484,1276,462,0,2
486,1276,508,3,0
488,1276,510,3,0
489,1276,467,0,3
500,1276,522,3,0
501,1276,523,3,0
505,1276,527,3,0
486,1277,508,3,0
488,1277,510,3,0
489,1277,467,0,3
500,1277,522,3,0
501,1277,523,3,0
486,1278,508,3,0
488,1278,510,3,0
489,1278,467,0,3
500,1278,522,3,0
501,1278,523,3,0
488,1279,510,3,0
489,1279,467,0,3
500,1279,522,3,0
501,1279,523,3,0
488,1280,510,3,0
489,1280,467,0,3
500,1280,522,3,0
501,1280,523,3,0
489,1281,467,0,3
500,1281,522,3,0
489,1282,467,0,3
490,1282,512,3,0
500,1282,522,3,0
489,1283,467,0,3
490,1283,512,3,0
500,1283,522,3,0
489,1284,467,0,3
490,1284,512,3,0
498,1284,520,3,0
500,1284,522,3,0
489,1285,467,0,3
490,1285,512,3,0
498,1285,520,3,0
500,1285,522,3,0
489,1286,467,0,3
490,1286,512,3,0
496,1286,474,0,3
498,1286,520,3,0
500,1286,522,3,0
489,1287,467,0,3
490,1287,512,3,0
496,1287,474,0,3
498,1287,520,3,0
500,1287,522,3,0
489,1288,467,0,3
490,1288,512,3,0
496,1288,474,0,3
498,1288,520,3,0
500,1288,522,3,0
489,1289,467,0,3
490,1289,512,3,0
498,1289,520,3,0
500,1289,522,3,0
489,1290,467,0,3
490,1290,512,3,0
498,1290,520,3,0
500,1290,522,3,0
489,1291,467,0,3
500,1291,522,3,0
500,1292,522,3,0
489,1293,467,0,3
500,1293,522,3,0
501,1293,523,3,0
488,1294,510,3,0
489,1294,467,0,3
500,1294,522,3,0
501,1294,523,3,0
488,1295,510,3,0
489,1295,467,0,3
500,1295,522,3,0
501,1295,523,3,0
486,1296,508,3,0
488,1296,510,3,0
489,1296,467,0,3
500,1296,522,3,0
501,1296,523,3,0
486,1297,508,3,0
488,1297,510,3,0
489,1297,467,0,3
500,1297,522,3,0
501,1297,523,3,0
505,1297,527,3,0
506,1298,484,0,2
510,1298,532,3,0
511,1298,489,0,3
522,1298,544,3,0
523,1298,545,3,0
527,1298,549,3,0
510,1299,532,3,0
511,1299,489,0,3
522,1299,544,3,0
523,1299,545,3,0
510,1300,532,3,0
511,1300,489,0,3
522,1300,544,3,0
523,1300,545,3,0
510,1301,532,3,0
511,1301,489,0,3
522,1301,544,3,0
523,1301,545,3,0
510,1302,532,3,0
511,1302,489,0,3
522,1302,544,3,0
523,1302,545,3,0
511,1303,489,0,3
522,1303,544,3,0
511,1304,489,0,3
512,1304,534,3,0
522,1304,544,3,0
511,1305,489,0,3
512,1305,534,3,0
521,1305,499,0,3
522,1305,544,3,0
511,1306,489,0,3
512,1306,534,3,0
520,1306,542,3,0
521,1306,499,0,3
522,1306,544,3,0
511,1307,489,0,3
512,1307,534,3,0
520,1307,542,3,0
521,1307,499,0,3
522,1307,544,3,0
511,1308,489,0,3
512,1308,534,3,0
516,1308,494,0,3
518,1308,496,0,3
520,1308,542,3,0
521,1308,499,0,3
522,1308,544,3,0
511,1309,489,0,3
512,1309,534,3,0
516,1309,494,0,3
518,1309,496,0,3
520,1309,542,3,0
521,1309,499,0,3
522,1309,544,3,0
511,1310,489,0,3
512,1310,534,3,0
518,1310,496,0,3
520,1310,542,3,0
521,1310,499,0,3
522,1310,544,3,0
511,1311,489,0,3
512,1311,534,3,0
520,1311,542,3,0
521,1311,499,0,3
522,1311,544,3,0
511,1312,489,0,3
512,1312,534,3,0
520,1312,542,3,0
521,1312,499,0,3
522,1312,544,3,0
511,1313,489,0,3
512,1313,534,3,0
521,1313,499,0,3
522,1313,544,3,0
522,1314,544,3,0
511,1315,489,0,3
522,1315,544,3,0
523,1315,545,3,0
510,1316,532,3,0
511,1316,489,0,3
522,1316,544,3,0
523,1316,545,3,0
510,1317,532,3,0
511,1317,489,0,3
522,1317,544,3,0
523,1317,545,3,0
510,1318,532,3,0
511,1318,489,0,3
522,1318,544,3,0
523,1318,545,3,0
510,1319,532,3,0
511,1319,489,0,3
522,1319,544,3,0
523,1319,545,3,0
527,1319,549,3,0
528,1320,506,0,2
530,1320,552,3,0
532,1320,554,3,0
533,1320,511,0,3
544,1320,566,3,0
545,1320,567,3,0
549,1320,571,3,0
530,1321,552,3,0
532,1321,554,3,0
533,1321,511,0,3
544,1321,566,3,0
545,1321,567,3,0
530,1322,552,3,0
532,1322,554,3,0
533,1322,511,0,3
544,1322,566,3,0
545,1322,567,3,0
532,1323,554,3,0
533,1323,511,0,3
544,1323,566,3,0
545,1323,567,3,0
532,1324,554,3,0
533,1324,511,0,3
544,1324,566,3,0
545,1324,567,3,0
533,1325,511,0,3
544,1325,566,3,0
533,1326,511,0,3
534,1326,556,3,0
544,1326,566,3,0
533,1327,511,0,3
534,1327,556,3,0
544,1327,566,3,0
533,1328,511,0,3
534,1328,556,3,0
542,1328,564,3,0
544,1328,566,3,0
533,1329,511,0,3
534,1329,556,3,0
541,1329,563,3,0
542,1329,564,3,0
544,1329,566,3,0
533,1330,511,0,3
534,1330,556,3,0
538,1330,516,0,3
540,1330,518,0,3
541,1330,563,3,0
542,1330,564,3,0
544,1330,566,3,0
533,1331,511,0,3
534,1331,556,3,0
538,1331,516,0,3
540,1331,518,0,3
541,1331,563,3,0
542,1331,564,3,0
544,1331,566,3,0
533,1332,511,0,3
534,1332,556,3,0
540,1332,518,0,3
541,1332,563,3,0
542,1332,564,3,0
544,1332,566,3,0
533,1333,511,0,3
534,1333,556,3,0
541,1333,563,3,0
542,1333,564,3,0
544,1333,566,3,0
533,1334,511,0,3
534,1334,556,3,0
542,1334,564,3,0
544,1334,566,3,0
533,1335,511,0,3
544,1335,566,3,0
544,1336,566,3,0
533,1337,511,0,3
544,1337,566,3,0
545,1337,567,3,0
532,1338,554,3,0
533,1338,511,0,3
544,1338,566,3,0
545,1338,567,3,0
532,1339,554,3,0
533,1339,511,0,3
544,1339,566,3,0
545,1339,567,3,0
530,1340,552,3,0
532,1340,554,3,0
533,1340,511,0,3
544,1340,566,3,0
545,1340,567,3,0
530,1341,552,3,0
532,1341,554,3,0
533,1341,511,0,3
544,1341,566,3,0
545,1341,567,3,0
549,1341,571,3,0
550,1342,528,0,2
552,1342,574,3,0
554,1342,576,3,0
555,1342,533,0,3
566,1342,588,3,0
567,1342,589,3,0
571,1342,593,3,0
552,1343,574,3,0
554,1343,576,3,0
555,1343,533,0,3
566,1343,588,3,0
567,1343,589,3,0
552,1344,574,3,0
554,1344,576,3,0
555,1344,533,0,3
566,1344,588,3,0
567,1344,589,3,0
554,1345,576,3,0
555,1345,533,0,3
566,1345,588,3,0
567,1345,589,3,0
554,1346,576,3,0
555,1346,533,0,3
566,1346,588,3,0
567,1346,589,3,0
555,1347,533,0,3
566,1347,588,3,0
555,1348,533,0,3
556,1348,578,3,0
566,1348,588,3,0
555,1349,533,0,3
556,1349,578,3,0
566,1349,588,3,0
555,1350,533,0,3
556,1350,578,3,0
564,1350,586,3,0
566,1350,588,3,0
555,1351,533,0,3
556,1351,578,3,0
563,1351,585,3,0
564,1351,586,3,0
566,1351,588,3,0
555,1352,533,0,3
556,1352,578,3,0
560,1352,538,0,3
562,1352,540,0,3
563,1352,585,3,0
564,1352,586,3,0
566,1352,588,3,0
555,1353,533,0,3
556,1353,578,3,0
560,1353,538,0,3
562,1353,540,0,3
563,1353,585,3,0
564,1353,586,3,0
566,1353,588,3,0
555,1354,533,0,3
556,1354,578,3,0
562,1354,540,0,3
563,1354,585,3,0
564,1354,586,3,0
566,1354,588,3,0
555,1355,533,0,3
556,1355,578,3,0
563,1355,585,3,0
564,1355,586,3,0
566,1355,588,3,0
555,1356,533,0,3
556,1356,578,3,0
564,1356,586,3,0
566,1356,588,3,0
555,1357,533,0,3
556,1357,578,3,0
566,1357,588,3,0
566,1358,588,3,0
555,1359,533,0,3
566,1359,588,3,0
567,1359,589,3,0
554,1360,576,3,0
555,1360,533,0,3
566,1360,588,3,0
567,1360,589,3,0
554,1361,576,3,0
555,1361,533,0,3
566,1361,588,3,0
567,1361,589,3,0
552,1362,574,3,0
554,1362,576,3,0
555,1362,533,0,3
566,1362,588,3,0
567,1362,589,3,0
552,1363,574,3,0
554,1363,576,3,0
555,1363,533,0,3
566,1363,588,3,0
567,1363,589,3,0
571,1363,593,3,0
572,1364,550,0,2
574,1364,596,3,0
576,1364,598,3,0
577,1364,555,0,3
588,1364,610,3,0
589,1364,611,3,0
593,1364,615,3,0
574,1365,596,3,0
576,1365,598,3,0
577,1365,555,0,3
588,1365,610,3,0
589,1365,611,3,0
574,1366,596,3,0
576,1366,598,3,0
577,1366,555,0,3
588,1366,610,3,0
589,1366,611,3,0
576,1367,598,3,0
577,1367,555,0,3
588,1367,610,3,0
589,1367,611,3,0
576,1368,598,3,0
577,1368,555,0,3
588,1368,610,3,0
589,1368,611,3,0
577,1369,555,0,3
588,1369,610,3,0
577,1370,555,0,3
578,1370,600,3,0
588,1370,610,3,0
577,1371,555,0,3
578,1371,600,3,0
587,1371,565,0,3
588,1371,610,3,0
577,1372,555,0,3
578,1372,600,3,0
586,1372,608,3,0
587,1372,565,0,3
588,1372,610,3,0
577,1373,555,0,3
578,1373,600,3,0
585,1373,607,3,0
586,1373,608,3,0
587,1373,565,0,3
588,1373,610,3,0
577,1374,555,0,3
578,1374,600,3,0
582,1374,560,0,3
585,1374,607,3,0
586,1374,608,3,0
587,1374,565,0,3
588,1374,610,3,0
577,1375,555,0,3
578,1375,600,3,0
582,1375,560,0,3
585,1375,607,3,0
586,1375,608,3,0
587,1375,565,0,3
588,1375,610,3,0
577,1376,555,0,3
578,1376,600,3,0
585,1376,607,3,0
586,1376,608,3,0
587,1376,565,0,3
588,1376,610,3,0
577,1377,555,0,3
578,1377,600,3,0
585,1377,607,3,0
586,1377,608,3,0
587,1377,565,0,3
588,1377,610,3,0
577,1378,555,0,3
578,1378,600,3,0
586,1378,608,3,0
587,1378,565,0,3
588,1378,610,3,0
577,1379,555,0,3
587,1379,565,0,3
588,1379,610,3,0
588,1380,610,3,0
577,1381,555,0,3
588,1381,610,3,0
589,1381,611,3,0
576,1382,598,3,0
577,1382,555,0,3
588,1382,610,3,0
589,1382,611,3,0
576,1383,598,3,0
577,1383,555,0,3
588,1383,610,3,0
589,1383,611,3,0
574,1384,596,3,0
576,1384,598,3,0
577,1384,555,0,3
588,1384,610,3,0
589,1384,611,3,0
574,1385,596,3,0
576,1385,598,3,0
577,1385,555,0,3
588,1385,610,3,0
589,1385,611,3,0
593,1385,615,3,0
594,1386,572,0,2
596,1386,618,3,0
598,1386,620,3,0
599,1386,577,0,3
610,1386,632,3,0
611,1386,633,3,0
615,1386,637,3,0
596,1387,618,3,0
598,1387,620,3,0
599,1387,577,0,3
610,1387,632,3,0
611,1387,633,3,0
596,1388,618,3,0
598,1388,620,3,0
599,1388,577,0,3
610,1388,632,3,0
611,1388,633,3,0
598,1389,620,3,0
599,1389,577,0,3
610,1389,632,3,0
611,1389,633,3,0
598,1390,620,3,0
599,1390,577,0,3
610,1390,632,3,0
611,1390,633,3,0
599,1391,577,0,3
610,1391,632,3,0
599,1392,577,0,3
600,1392,622,3,0
610,1392,632,3,0
599,1393,577,0,3
600,1393,622,3,0
609,1393,587,0,3
610,1393,632,3,0
599,1394,577,0,3
600,1394,622,3,0
608,1394,630,3,0
609,1394,587,0,3
610,1394,632,3,0
599,1395,577,0,3
600,1395,622,3,0
607,1395,629,3,0
608,1395,630,3,0
609,1395,587,0,3
610,1395,632,3,0
599,1396,577,0,3
600,1396,622,3,0
604,1396,582,0,3
607,1396,629,3,0
608,1396,630,3,0
609,1396,587,0,3
610,1396,632,3,0
599,1397,577,0,3
600,1397,622,3,0
604,1397,582,0,3
607,1397,629,3,0
608,1397,630,3,0
609,1397,587,0,3
610,1397,632,3,0
599,1398,577,0,3
600,1398,622,3,0
607,1398,629,3,0
608,1398,630,3,0
609,1398,587,0,3
610,1398,632,3,0
599,1399,577,0,3
600,1399,622,3,0
607,1399,629,3,0
608,1399,630,3,0
609,1399,587,0,3
610,1399,632,3,0
599,1400,577,0,3
600,1400,622,3,0
608,1400,630,3,0
609,1400,587,0,3
610,1400,632,3,0
599,1401,577,0,3
600,1401,622,3,0
609,1401,587,0,3
610,1401,632,3,0
610,1402,632,3,0
599,1403,577,0,3
610,1403,632,3,0
611,1403,633,3,0
598,1404,620,3,0
599,1404,577,0,3
610,1404,632,3,0
611,1404,633,3,0
598,1405,620,3,0
599,1405,577,0,3
610,1405,632,3,0
611,1405,633,3,0
596,1406,618,3,0
598,1406,620,3,0
599,1406,577,0,3
610,1406,632,3,0
611,1406,633,3,0
596,1407,618,3,0
598,1407,620,3,0
599,1407,577,0,3
610,1407,632,3,0
611,1407,633,3,0
615,1407,637,3,0
616,1408,594,0,2
618,1408,640,3,0
619,1408,641,3,0
620,1408,642,3,0
621,1408,599,0,3
632,1408,654,3,0
633,1408,655,3,0
637,1408,659,3,0
618,1409,640,3,0
619,1409,641,3,0
620,1409,642,3,0
621,1409,599,0,3
632,1409,654,3,0
633,1409,655,3,0
618,1410,640,3,0
619,1410,641,3,0
620,1410,642,3,0
621,1410,599,0,3
632,1410,654,3,0
633,1410,655,3,0
619,1411,641,3,0
620,1411,642,3,0
621,1411,599,0,3
632,1411,654,3,0
633,1411,655,3,0
620,1412,642,3,0
621,1412,599,0,3
632,1412,654,3,0
633,1412,655,3,0
621,1413,599,0,3
632,1413,654,3,0
621,1414,599,0,3
622,1414,644,3,0
632,1414,654,3,0
621,1415,599,0,3
622,1415,644,3,0
631,1415,609,0,3
632,1415,654,3,0
621,1416,599,0,3
622,1416,644,3,0
631,1416,609,0,3
632,1416,654,3,0
621,1417,599,0,3
622,1417,644,3,0
629,1417,651,3,0
631,1417,609,0,3
632,1417,654,3,0
621,1418,599,0,3
622,1418,644,3,0
626,1418,604,0,3
629,1418,651,3,0
631,1418,609,0,3
632,1418,654,3,0
621,1419,599,0,3
622,1419,644,3,0
626,1419,604,0,3
629,1419,651,3,0
631,1419,609,0,3
632,1419,654,3,0
621,1420,599,0,3
622,1420,644,3,0
629,1420,651,3,0
631,1420,609,0,3
632,1420,654,3,0
621,1421,599,0,3
622,1421,644,3,0
629,1421,651,3,0
631,1421,609,0,3
632,1421,654,3,0
621,1422,599,0,3
622,1422,644,3,0
631,1422,609,0,3
632,1422,654,3,0
621,1423,599,0,3
631,1423,609,0,3
632,1423,654,3,0
632,1424,654,3,0
621,1425,599,0,3
632,1425,654,3,0
633,1425,655,3,0
620,1426,642,3,0
621,1426,599,0,3
632,1426,654,3,0
633,1426,655,3,0
619,1427,641,3,0
620,1427,642,3,0
621,1427,599,0,3
632,1427,654,3,0
633,1427,655,3,0
618,1428,640,3,0
619,1428,641,3,0
620,1428,642,3,0
621,1428,599,0,3
632,1428,654,3,0
633,1428,655,3,0
618,1429,640,3,0
619,1429,641,3,0
620,1429,642,3,0
621,1429,599,0,3
632,1429,654,3,0
633,1429,655,3,0
637,1429,659,3,0
638,1430,616,0,2
640,1430,662,3,0
641,1430,663,3,0
642,1430,664,3,0
643,1430,621,0,3
654,1430,676,3,0
655,1430,677,3,0
659,1430,681,3,0
640,1431,662,3,0
641,1431,663,3,0
642,1431,664,3,0
643,1431,621,0,3
654,1431,676,3,0
655,1431,677,3,0
640,1432,662,3,0
641,1432,663,3,0
642,1432,664,3,0
643,1432,621,0,3
654,1432,676,3,0
655,1432,677,3,0
641,1433,663,3,0
642,1433,664,3,0
643,1433,621,0,3
654,1433,676,3,0
655,1433,677,3,0
642,1434,664,3,0
643,1434,621,0,3
654,1434,676,3,0
655,1434,677,3,0
643,1435,621,0,3
654,1435,676,3,0
643,1436,621,0,3
644,1436,666,3,0
654,1436,676,3,0
643,1437,621,0,3
644,1437,666,3,0
653,1437,631,0,3
654,1437,676,3,0
643,1438,621,0,3
644,1438,666,3,0
653,1438,631,0,3
654,1438,676,3,0
643,1439,621,0,3
644,1439,666,3,0
651,1439,673,3,0
653,1439,631,0,3
654,1439,676,3,0
643,1440,621,0,3
644,1440,666,3,0
648,1440,626,0,3
651,1440,673,3,0
653,1440,631,0,3
654,1440,676,3,0
643,1441,621,0,3
644,1441,666,3,0
648,1441,626,0,3
651,1441,673,3,0
653,1441,631,0,3
654,1441,676,3,0
643,1442,621,0,3
644,1442,666,3,0
651,1442,673,3,0
653,1442,631,0,3
654,1442,676,3,0
643,1443,621,0,3
644,1443,666,3,0
651,1443,673,3,0
653,1443,631,0,3
654,1443,676,3,0
643,1444,621,0,3
644,1444,666,3,0
653,1444,631,0,3
654,1444,676,3,0
643,1445,621,0,3
644,1445,666,3,0
653,1445,631,0,3
654,1445,676,3,0
654,1446,676,3,0
643,1447,621,0,3
654,1447,676,3,0
655,1447,677,3,0
642,1448,664,3,0
643,1448,621,0,3
654,1448,676,3,0
655,1448,677,3,0
641,1449,663,3,0
642,1449,664,3,0
643,1449,621,0,3
654,1449,676,3,0
655,1449,677,3,0
640,1450,662,3,0
641,1450,663,3,0
642,1450,664,3,0
643,1450,621,0,3
654,1450,676,3,0
655,1450,677,3,0
640,1451,662,3,0
641,1451,663,3,0
642,1451,664,3,0
643,1451,621,0,3
654,1451,676,3,0
655,1451,677,3,0
659,1451,681,3,0
661,1452,683,3,0
662,1452,684,3,0
663,1452,685,3,0
664,1452,686,3,0
665,1452,643,0,3
676,1452,698,3,0
677,1452,699,3,0
679,1452,701,3,0
681,1452,703,3,0
661,1453,683,3,0
662,1453,684,3,0
663,1453,685,3,0
664,1453,686,3,0
665,1453,643,0,3
676,1453,698,3,0
677,1453,699,3,0
679,1453,701,3,0
662,1454,684,3,0
663,1454,685,3,0
664,1454,686,3,0
665,1454,643,0,3
676,1454,698,3,0
677,1454,699,3,0
679,1454,701,3,0
663,1455,685,3,0
664,1455,686,3,0
665,1455,643,0,3
676,1455,698,3,0
677,1455,699,3,0
664,1456,686,3,0
665,1456,643,0,3
676,1456,698,3,0
677,1456,699,3,0
665,1457,643,0,3
676,1457,698,3,0
665,1458,643,0,3
666,1458,688,3,0
676,1458,698,3,0
665,1459,643,0,3
666,1459,688,3,0
676,1459,698,3,0
665,1460,643,0,3
666,1460,688,3,0
676,1460,698,3,0
665,1461,643,0,3
666,1461,688,3,0
669,1461,647,0,3
673,1461,695,3,0
676,1461,698,3,0
665,1462,643,0,3
666,1462,688,3,0
669,1462,647,0,3
672,1462,650,0,3
673,1462,695,3,0
676,1462,698,3,0
665,1463,643,0,3
666,1463,688,3,0
669,1463,647,0,3
672,1463,650,0,3
673,1463,695,3,0
676,1463,698,3,0
665,1464,643,0,3
666,1464,688,3,0
669,1464,647,0,3
672,1464,650,0,3
673,1464,695,3,0
676,1464,698,3,0
665,1465,643,0,3
666,1465,688,3,0
673,1465,695,3,0
676,1465,698,3,0
665,1466,643,0,3
666,1466,688,3,0
676,1466,698,3,0
665,1467,643,0,3
676,1467,698,3,0
676,1468,698,3,0
665,1469,643,0,3
676,1469,698,3,0
677,1469,699,3,0
664,1470,686,3,0
665,1470,643,0,3
676,1470,698,3,0
677,1470,699,3,0
663,1471,685,3,0
664,1471,686,3,0
665,1471,643,0,3
676,1471,698,3,0
677,1471,699,3,0
679,1471,701,3,0
662,1472,684,3,0
663,1472,685,3,0
664,1472,686,3,0
665,1472,643,0,3
676,1472,698,3,0
677,1472,699,3,0
679,1472,701,3,0
661,1473,683,3,0
662,1473,684,3,0
663,1473,685,3,0
664,1473,686,3,0
665,1473,643,0,3
676,1473,698,3,0
677,1473,699,3,0
679,1473,701,3,0
681,1473,703,3,0
683,1474,705,3,0
684,1474,706,3,0
685,1474,707,3,0
686,1474,708,3,0
687,1474,665,0,3
698,1474,720,3,0
699,1474,721,3,0
701,1474,723,3,0
703,1474,725,3,0
683,1475,705,3,0
684,1475,706,3,0
685,1475,707,3,0
686,1475,708,3,0
687,1475,665,0,3
698,1475,720,3,0
699,1475,721,3,0
701,1475,723,3,0
684,1476,706,3,0
685,1476,707,3,0
686,1476,708,3,0
687,1476,665,0,3
698,1476,720,3,0
699,1476,721,3,0
701,1476,723,3,0
685,1477,707,3,0
686,1477,708,3,0
687,1477,665,0,3
698,1477,720,3,0
699,1477,721,3,0
686,1478,708,3,0
687,1478,665,0,3
698,1478,720,3,0
699,1478,721,3,0
687,1479,665,0,3
698,1479,720,3,0
687,1480,665,0,3
688,1480,710,3,0
698,1480,720,3,0
687,1481,665,0,3
688,1481,710,3,0
698,1481,720,3,0
687,1482,665,0,3
688,1482,710,3,0
698,1482,720,3,0
687,1483,665,0,3
688,1483,710,3,0
691,1483,669,0,3
698,1483,720,3,0
687,1484,665,0,3
688,1484,710,3,0
691,1484,669,0,3
694,1484,672,0,3
698,1484,720,3,0
687,1485,665,0,3
688,1485,710,3,0
691,1485,669,0,3
694,1485,672,0,3
698,1485,720,3,0
687,1486,665,0,3
688,1486,710,3,0
691,1486,669,0,3
694,1486,672,0,3
698,1486,720,3,0
687,1487,665,0,3
688,1487,710,3,0
698,1487,720,3,0
687,1488,665,0,3
688,1488,710,3,0
698,1488,720,3,0
687,1489,665,0,3
688,1489,710,3,0
698,1489,720,3,0
698,1490,720,3,0
687,1491,665,0,3
698,1491,720,3,0
699,1491,721,3,0
686,1492,708,3,0
687,1492,665,0,3
698,1492,720,3,0
699,1492,721,3,0
685,1493,707,3,0
686,1493,708,3,0
687,1493,665,0,3
698,1493,720,3,0
699,1493,721,3,0
701,1493,723,3,0
684,1494,706,3,0
685,1494,707,3,0
686,1494,708,3,0
687,1494,665,0,3
698,1494,720,3,0
699,1494,721,3,0
701,1494,723,3,0
683,1495,705,3,0
684,1495,706,3,0
685,1495,707,3,0
686,1495,708,3,0
687,1495,665,0,3
698,1495,720,3,0
699,1495,721,3,0
701,1495,723,3,0
703,1495,725,3,0
704,1496,682,0,2
706,1496,728,3,0
707,1496,729,3,0
708,1496,730,3,0
709,1496,731,3,0
720,1496,742,3,0
721,1496,743,3,0
723,1496,745,3,0
725,1496,747,3,0
706,1497,728,3,0
707,1497,729,3,0
708,1497,730,3,0
709,1497,731,3,0
720,1497,742,3,0
721,1497,743,3,0
723,1497,745,3,0
706,1498,728,3,0
707,1498,729,3,0
708,1498,730,3,0
709,1498,731,3,0
720,1498,742,3,0
721,1498,743,3,0
723,1498,745,3,0
707,1499,729,3,0
708,1499,730,3,0
709,1499,731,3,0
720,1499,742,3,0
721,1499,743,3,0
708,1500,730,3,0
709,1500,731,3,0
720,1500,742,3,0
721,1500,743,3,0
709,1501,731,3,0
720,1501,742,3,0
709,1502,731,3,0
710,1502,732,3,0
720,1502,742,3,0
709,1503,731,3,0
710,1503,732,3,0
720,1503,742,3,0
709,1504,731,3,0
710,1504,732,3,0
718,1504,696,0,3
720,1504,742,3,0
709,1505,731,3,0
710,1505,732,3,0
713,1505,691,0,3
718,1505,696,0,3
720,1505,742,3,0
709,1506,731,3,0
710,1506,732,3,0
713,1506,691,0,3
714,1506,736,3,0
716,1506,694,0,3
718,1506,696,0,3
720,1506,742,3,0
709,1507,731,3,0
710,1507,732,3,0
713,1507,691,0,3
714,1507,736,3,0
716,1507,694,0,3
718,1507,696,0,3
720,1507,742,3,0
709,1508,731,3,0
710,1508,732,3,0
713,1508,691,0,3
716,1508,694,0,3
718,1508,696,0,3
720,1508,742,3,0
709,1509,731,3,0
710,1509,732,3,0
718,1509,696,0,3
720,1509,742,3,0
709,1510,731,3,0
710,1510,732,3,0
718,1510,696,0,3
720,1510,742,3,0
709,1511,731,3,0
720,1511,742,3,0
720,1512,742,3,0
709,1513,731,3,0
720,1513,742,3,0
721,1513,743,3,0
708,1514,730,3,0
709,1514,731,3,0
720,1514,742,3,0
721,1514,743,3,0
707,1515,729,3,0
708,1515,730,3,0
709,1515,731,3,0
720,1515,742,3,0
721,1515,743,3,0
723,1515,745,3,0
706,1516,728,3,0
707,1516,729,3,0
708,1516,730,3,0
709,1516,731,3,0
720,1516,742,3,0
721,1516,743,3,0
723,1516,745,3,0
706,1517,728,3,0
707,1517,729,3,0
708,1517,730,3,0
709,1517,731,3,0
720,1517,742,3,0
721,1517,743,3,0
723,1517,745,3,0
725,1517,747,3,0
726,1518,704,0,2
728,1518,750,3,0
742,1518,764,3,0
744,1518,722,0,3
745,1518,767,3,0
746,1518,724,0,3
728,1519,750,3,0
742,1519,764,3,0
744,1519,722,0,3
745,1519,767,3,0
746,1519,724,0,3
728,1520,750,3,0
742,1520,764,3,0
744,1520,722,0,3
745,1520,767,3,0
742,1521,764,3,0
744,1521,722,0,3
742,1522,764,3,0
742,1523,764,3,0
732,1524,754,3,0
742,1524,764,3,0
732,1525,754,3,0
733,1525,755,3,0
742,1525,764,3,0
732,1526,754,3,0
733,1526,755,3,0
742,1526,764,3,0
732,1527,754,3,0
733,1527,755,3,0
735,1527,713,0,3
742,1527,764,3,0
732,1528,754,3,0
733,1528,755,3,0
735,1528,713,0,3
738,1528,716,0,3
742,1528,764,3,0
732,1529,754,3,0
733,1529,755,3,0
735,1529,713,0,3
737,1529,715,0,3
738,1529,716,0,3
742,1529,764,3,0
732,1530,754,3,0
733,1530,755,3,0
735,1530,713,0,3
738,1530,716,0,3
742,1530,764,3,0
732,1531,754,3,0
733,1531,755,3,0
742,1531,764,3,0
732,1532,754,3,0
733,1532,755,3,0
742,1532,764,3,0
732,1533,754,3,0
742,1533,764,3,0
742,1534,764,3,0
742,1535,764,3,0
742,1536,764,3,0
744,1536,722,0,3
742,1537,764,3,0
744,1537,722,0,3
745,1537,767,3,0
728,1538,750,3,0
742,1538,764,3,0
744,1538,722,0,3
745,1538,767,3,0
746,1538,724,0,3
728,1539,750,3,0
742,1539,764,3,0
744,1539,722,0,3
745,1539,767,3,0
746,1539,724,0,3
748,1540,726,0,2
750,1540,772,3,0
764,1540,786,3,0
766,1540,744,0,3
767,1540,789,3,0
750,1541,772,3,0
764,1541,786,3,0
766,1541,744,0,3
767,1541,789,3,0
750,1542,772,3,0
764,1542,786,3,0
766,1542,744,0,3
767,1542,789,3,0
764,1543,786,3,0
766,1543,744,0,3
764,1544,786,3,0
764,1545,786,3,0
764,1546,786,3,0
755,1547,777,3,0
764,1547,786,3,0
755,1548,777,3,0
764,1548,786,3,0
755,1549,777,3,0
757,1549,735,0,3
764,1549,786,3,0
755,1550,777,3,0
757,1550,735,0,3
760,1550,738,0,3
764,1550,786,3,0
755,1551,777,3,0
757,1551,735,0,3
759,1551,737,0,3
760,1551,738,0,3
764,1551,786,3,0
755,1552,777,3,0
757,1552,735,0,3
760,1552,738,0,3
764,1552,786,3,0
755,1553,777,3,0
764,1553,786,3,0
755,1554,777,3,0
764,1554,786,3,0
764,1555,786,3,0
764,1556,786,3,0
764,1557,786,3,0
764,1558,786,3,0
766,1558,744,0,3
764,1559,786,3,0
766,1559,744,0,3
767,1559,789,3,0
750,1560,772,3,0
764,1560,786,3,0
766,1560,744,0,3
767,1560,789,3,0
750,1561,772,3,0
764,1561,786,3,0
766,1561,744,0,3
767,1561,789,3,0
770,1562,748,0,2
772,1562,794,3,0
773,1562,795,3,0
774,1562,796,3,0
786,1562,808,3,0
789,1562,811,3,0
772,1563,794,3,0
773,1563,795,3,0
774,1563,796,3,0
786,1563,808,3,0
789,1563,811,3,0
772,1564,794,3,0
773,1564,795,3,0
774,1564,796,3,0
786,1564,808,3,0
789,1564,811,3,0
773,1565,795,3,0
774,1565,796,3,0
786,1565,808,3,0
774,1566,796,3,0
786,1566,808,3,0
786,1567,808,3,0
786,1568,808,3,0
777,1569,799,3,0
786,1569,808,3,0
777,1570,799,3,0
786,1570,808,3,0
777,1571,799,3,0
779,1571,757,0,3
786,1571,808,3,0
777,1572,799,3,0
779,1572,757,0,3
782,1572,760,0,3
786,1572,808,3,0
777,1573,799,3,0
779,1573,757,0,3
782,1573,760,0,3
786,1573,808,3,0
777,1574,799,3,0
779,1574,757,0,3
782,1574,760,0,3
786,1574,808,3,0
777,1575,799,3,0
786,1575,808,3,0
777,1576,799,3,0
786,1576,808,3,0
786,1577,808,3,0
786,1578,808,3,0
786,1579,808,3,0
774,1580,796,3,0
786,1580,808,3,0
773,1581,795,3,0
774,1581,796,3,0
786,1581,808,3,0
789,1581,811,3,0
772,1582,794,3,0
773,1582,795,3,0
774,1582,796,3,0
786,1582,808,3,0
789,1582,811,3,0
772,1583,794,3,0
773,1583,795,3,0
774,1583,796,3,0
786,1583,808,3,0
789,1583,811,3,0
159,1584,137,0,3
161,1584,139,0,3
163,1584,185,3,0
166,1584,144,0,3
170,1584,148,0,3
886,1585,908,3,0
94,1586,72,0,3
95,1586,73,0,3
98,1586,120,3,0
100,1586,122,3,0
489,1587,467,0,3
490,1587,512,3,0
496,1587,474,0,3
498,1587,520,3,0
500,1587,522,3,0
664,1588,686,3,0
665,1588,643,0,3
676,1588,698,3,0
677,1588,699,3,0
1314,1589,1292,0,3
444,1590,466,3,0
445,1590,423,0,3
456,1590,478,3,0
457,1590,479,3,0
1547,1591,1525,0,3
1556,1591,1534,0,3
1166,1592,1188,2,0
1168,1592,1146,0,3
1171,1592,1193,3,0
1182,1592,1160,0,3
1183,1592,1161,0,3
1184,1592,1162,0,3
1185,1592,1207,3,0
1187,1592,1165,0,3
291,1593,269,0,3
300,1593,322,3,0
906,1594,928,3,0
920,1594,942,3,0
922,1594,944,3,0
923,1594,901,0,3
28,1595,6,0,2
29,1595,7,0,2
31,1595,53,3,0
34,1595,56,3,0
37,1595,59,3,0
