793,0,771,0,3
795,0,817,3,0
796,0,818,3,0
810,0,832,3,0
812,0,790,0,3
793,1,771,0,3
795,1,817,3,0
796,1,818,3,0
810,1,832,3,0
812,1,790,0,3
795,2,817,3,0
796,2,818,3,0
810,2,832,3,0
795,3,817,3,0
796,3,818,3,0
810,3,832,3,0
796,4,818,3,0
799,7,821,3,0
799,8,821,3,0
799,9,821,3,0
805,9,827,3,0
799,10,821,3,0
802,10,780,0,3
804,10,782,0,3
805,10,827,3,0
799,11,821,3,0
802,11,780,0,3
803,11,781,0,3
804,11,782,0,3
805,11,827,3,0
799,12,821,3,0
804,12,782,0,3
805,12,827,3,0
799,13,821,3,0
805,13,827,3,0
799,14,821,3,0
796,18,818,3,0
810,18,832,3,0
795,19,817,3,0
796,19,818,3,0
810,19,832,3,0
795,20,817,3,0
796,20,818,3,0
810,20,832,3,0
812,20,790,0,3
793,21,771,0,3
795,21,817,3,0
796,21,818,3,0
810,21,832,3,0
812,21,790,0,3
817,22,839,3,0
818,22,840,3,0
832,22,854,3,0
833,22,855,3,0
834,22,812,0,3
817,23,839,3,0
818,23,840,3,0
832,23,854,3,0
833,23,855,3,0
834,23,812,0,3
817,24,839,3,0
818,24,840,3,0
832,24,854,3,0
833,24,855,3,0
817,25,839,3,0
818,25,840,3,0
832,25,854,3,0
818,26,840,3,0
821,29,843,3,0
821,30,843,3,0
821,31,843,3,0
827,31,849,3,0
821,32,843,3,0
824,32,802,0,3
826,32,804,0,3
827,32,849,3,0
821,33,843,3,0
824,33,802,0,3
825,33,803,0,3
826,33,804,0,3
827,33,849,3,0
821,34,843,3,0
826,34,804,0,3
827,34,849,3,0
821,35,843,3,0
827,35,849,3,0
821,36,843,3,0
818,40,840,3,0
832,40,854,3,0
817,41,839,3,0
818,41,840,3,0
832,41,854,3,0
833,41,855,3,0
817,42,839,3,0
818,42,840,3,0
832,42,854,3,0
833,42,855,3,0
834,42,812,0,3
817,43,839,3,0
818,43,840,3,0
832,43,854,3,0
833,43,855,3,0
834,43,812,0,3
839,44,861,3,0
840,44,862,3,0
854,44,876,3,0
855,44,877,3,0
857,44,879,3,0
839,45,861,3,0
840,45,862,3,0
854,45,876,3,0
855,45,877,3,0
839,46,861,3,0
840,46,862,3,0
854,46,876,3,0
855,46,877,3,0
839,47,861,3,0
840,47,862,3,0
854,47,876,3,0
840,48,862,3,0
843,51,865,3,0
843,52,865,3,0
843,53,865,3,0
843,54,865,3,0
848,54,826,0,3
843,55,865,3,0
847,55,825,0,3
848,55,826,0,3
843,56,865,3,0
848,56,826,0,3
843,57,865,3,0
843,58,865,3,0
840,62,862,3,0
854,62,876,3,0
839,63,861,3,0
840,63,862,3,0
854,63,876,3,0
855,63,877,3,0
839,64,861,3,0
840,64,862,3,0
854,64,876,3,0
855,64,877,3,0
839,65,861,3,0
840,65,862,3,0
854,65,876,3,0
855,65,877,3,0
857,65,879,3,0
859,66,837,0,3
861,66,883,3,0
862,66,884,3,0
863,66,841,0,3
876,66,898,3,0
877,66,899,3,0
878,66,856,0,3
879,66,901,3,0
859,67,837,0,3
861,67,883,3,0
862,67,884,3,0
863,67,841,0,3
876,67,898,3,0
877,67,899,3,0
878,67,856,0,3
861,68,883,3,0
862,68,884,3,0
863,68,841,0,3
876,68,898,3,0
877,68,899,3,0
861,69,883,3,0
862,69,884,3,0
863,69,841,0,3
876,69,898,3,0
862,70,884,3,0
863,70,841,0,3
863,71,841,0,3
863,72,841,0,3
864,72,842,0,3
863,73,841,0,3
864,73,842,0,3
865,73,887,3,0
873,73,851,0,3
863,74,841,0,3
864,74,842,0,3
865,74,887,3,0
873,74,851,0,3
863,75,841,0,3
864,75,842,0,3
865,75,887,3,0
873,75,851,0,3
863,76,841,0,3
864,76,842,0,3
865,76,887,3,0
873,76,851,0,3
863,77,841,0,3
864,77,842,0,3
865,77,887,3,0
869,77,847,0,3
873,77,851,0,3
863,78,841,0,3
864,78,842,0,3
865,78,887,3,0
873,78,851,0,3
863,79,841,0,3
864,79,842,0,3
865,79,887,3,0
873,79,851,0,3
863,80,841,0,3
864,80,842,0,3
865,80,887,3,0
873,80,851,0,3
863,81,841,0,3
864,81,842,0,3
873,81,851,0,3
863,83,841,0,3
862,84,884,3,0
863,84,841,0,3
876,84,898,3,0
861,85,883,3,0
862,85,884,3,0
863,85,841,0,3
876,85,898,3,0
877,85,899,3,0
861,86,883,3,0
862,86,884,3,0
863,86,841,0,3
876,86,898,3,0
877,86,899,3,0
878,86,856,0,3
859,87,837,0,3
861,87,883,3,0
862,87,884,3,0
863,87,841,0,3
876,87,898,3,0
877,87,899,3,0
878,87,856,0,3
879,87,901,3,0
881,88,859,0,3
883,88,905,3,0
884,88,906,3,0
885,88,863,0,3
898,88,920,3,0
899,88,921,3,0
900,88,878,0,3
901,88,923,3,0
881,89,859,0,3
883,89,905,3,0
884,89,906,3,0
885,89,863,0,3
898,89,920,3,0
899,89,921,3,0
900,89,878,0,3
883,90,905,3,0
884,90,906,3,0
885,90,863,0,3
898,90,920,3,0
899,90,921,3,0
883,91,905,3,0
884,91,906,3,0
885,91,863,0,3
898,91,920,3,0
884,92,906,3,0
885,92,863,0,3
885,93,863,0,3
885,94,863,0,3
886,94,864,0,3
885,95,863,0,3
886,95,864,0,3
887,95,909,3,0
895,95,873,0,3
885,96,863,0,3
886,96,864,0,3
887,96,909,3,0
888,96,866,0,3
895,96,873,0,3
885,97,863,0,3
886,97,864,0,3
887,97,909,3,0
888,97,866,0,3
895,97,873,0,3
885,98,863,0,3
886,98,864,0,3
887,98,909,3,0
888,98,866,0,3
895,98,873,0,3
885,99,863,0,3
886,99,864,0,3
887,99,909,3,0
888,99,866,0,3
895,99,873,0,3
885,100,863,0,3
886,100,864,0,3
887,100,909,3,0
888,100,866,0,3
895,100,873,0,3
885,101,863,0,3
886,101,864,0,3
887,101,909,3,0
888,101,866,0,3
895,101,873,0,3
885,102,863,0,3
886,102,864,0,3
887,102,909,3,0
895,102,873,0,3
885,103,863,0,3
895,103,873,0,3
885,105,863,0,3
884,106,906,3,0
885,106,863,0,3
898,106,920,3,0
883,107,905,3,0
884,107,906,3,0
885,107,863,0,3
898,107,920,3,0
899,107,921,3,0
883,108,905,3,0
884,108,906,3,0
885,108,863,0,3
898,108,920,3,0
899,108,921,3,0
900,108,878,0,3
881,109,859,0,3
883,109,905,3,0
884,109,906,3,0
885,109,863,0,3
898,109,920,3,0
899,109,921,3,0
900,109,878,0,3
901,109,923,3,0
903,110,881,0,3
905,110,927,3,0
907,110,885,0,3
918,110,896,0,3
920,110,942,3,0
921,110,943,3,0
922,110,900,0,3
903,111,881,0,3
905,111,927,3,0
907,111,885,0,3
918,111,896,0,3
920,111,942,3,0
921,111,943,3,0
922,111,900,0,3
905,112,927,3,0
907,112,885,0,3
918,112,896,0,3
920,112,942,3,0
921,112,943,3,0
905,113,927,3,0
907,113,885,0,3
918,113,896,0,3
920,113,942,3,0
907,114,885,0,3
918,114,896,0,3
907,115,885,0,3
918,115,896,0,3
907,116,885,0,3
908,116,886,0,3
918,116,896,0,3
907,117,885,0,3
908,117,886,0,3
909,117,931,3,0
917,117,895,0,3
918,117,896,0,3
907,118,885,0,3
908,118,886,0,3
909,118,931,3,0
917,118,895,0,3
918,118,896,0,3
907,119,885,0,3
908,119,886,0,3
909,119,931,3,0
917,119,895,0,3
918,119,896,0,3
907,120,885,0,3
908,120,886,0,3
909,120,931,3,0
917,120,895,0,3
918,120,896,0,3
907,121,885,0,3
908,121,886,0,3
909,121,931,3,0
917,121,895,0,3
918,121,896,0,3
907,122,885,0,3
908,122,886,0,3
909,122,931,3,0
917,122,895,0,3
918,122,896,0,3
907,123,885,0,3
908,123,886,0,3
909,123,931,3,0
917,123,895,0,3
918,123,896,0,3
907,124,885,0,3
908,124,886,0,3
909,124,931,3,0
917,124,895,0,3
918,124,896,0,3
907,125,885,0,3
908,125,886,0,3
917,125,895,0,3
918,125,896,0,3
918,126,896,0,3
907,127,885,0,3
918,127,896,0,3
907,128,885,0,3
918,128,896,0,3
920,128,942,3,0
905,129,927,3,0
907,129,885,0,3
918,129,896,0,3
920,129,942,3,0
921,129,943,3,0
905,130,927,3,0
907,130,885,0,3
918,130,896,0,3
920,130,942,3,0
921,130,943,3,0
922,130,900,0,3
903,131,881,0,3
905,131,927,3,0
907,131,885,0,3
918,131,896,0,3
920,131,942,3,0
921,131,943,3,0
922,131,900,0,3
925,132,903,0,3
927,132,949,3,0
929,132,907,0,3
940,132,918,0,3
941,132,919,0,3
943,132,965,3,0
944,132,922,0,3
945,132,967,3,0
925,133,903,0,3
927,133,949,3,0
929,133,907,0,3
940,133,918,0,3
941,133,919,0,3
943,133,965,3,0
944,133,922,0,3
927,134,949,3,0
929,134,907,0,3
940,134,918,0,3
941,134,919,0,3
943,134,965,3,0
927,135,949,3,0
929,135,907,0,3
940,135,918,0,3
941,135,919,0,3
929,136,907,0,3
940,136,918,0,3
941,136,919,0,3
929,137,907,0,3
940,137,918,0,3
929,138,907,0,3
930,138,908,0,3
940,138,918,0,3
929,139,907,0,3
930,139,908,0,3
931,139,953,3,0
939,139,917,0,3
940,139,918,0,3
929,140,907,0,3
930,140,908,0,3
931,140,953,3,0
939,140,917,0,3
940,140,918,0,3
929,141,907,0,3
930,141,908,0,3
931,141,953,3,0
939,141,917,0,3
940,141,918,0,3
929,142,907,0,3
930,142,908,0,3
931,142,953,3,0
939,142,917,0,3
940,142,918,0,3
929,143,907,0,3
930,143,908,0,3
931,143,953,3,0
939,143,917,0,3
940,143,918,0,3
929,144,907,0,3
930,144,908,0,3
931,144,953,3,0
939,144,917,0,3
940,144,918,0,3
929,145,907,0,3
930,145,908,0,3
931,145,953,3,0
939,145,917,0,3
940,145,918,0,3
929,146,907,0,3
930,146,908,0,3
931,146,953,3,0
939,146,917,0,3
940,146,918,0,3
929,147,907,0,3
939,147,917,0,3
940,147,918,0,3
940,148,918,0,3
929,149,907,0,3
940,149,918,0,3
941,149,919,0,3
929,150,907,0,3
940,150,918,0,3
941,150,919,0,3
927,151,949,3,0
929,151,907,0,3
940,151,918,0,3
941,151,919,0,3
943,151,965,3,0
927,152,949,3,0
929,152,907,0,3
940,152,918,0,3
941,152,919,0,3
943,152,965,3,0
944,152,922,0,3
925,153,903,0,3
927,153,949,3,0
929,153,907,0,3
940,153,918,0,3
941,153,919,0,3
943,153,965,3,0
944,153,922,0,3
945,153,967,3,0
947,154,925,0,3
949,154,971,3,0
962,154,940,0,3
963,154,941,0,3
965,154,987,3,0
966,154,944,0,3
967,154,989,3,0
947,155,925,0,3
949,155,971,3,0
962,155,940,0,3
963,155,941,0,3
965,155,987,3,0
966,155,944,0,3
949,156,971,3,0
962,156,940,0,3
963,156,941,0,3
965,156,987,3,0
949,157,971,3,0
962,157,940,0,3
963,157,941,0,3
962,158,940,0,3
963,158,941,0,3
962,159,940,0,3
952,160,930,0,3
962,160,940,0,3
952,161,930,0,3
953,161,975,3,0
962,161,940,0,3
952,162,930,0,3
953,162,975,3,0
962,162,940,0,3
952,163,930,0,3
953,163,975,3,0
962,163,940,0,3
952,164,930,0,3
953,164,975,3,0
956,164,978,3,0
962,164,940,0,3
952,165,930,0,3
953,165,975,3,0
956,165,978,3,0
962,165,940,0,3
952,166,930,0,3
953,166,975,3,0
962,166,940,0,3
952,167,930,0,3
953,167,975,3,0
962,167,940,0,3
952,168,930,0,3
953,168,975,3,0
962,168,940,0,3
952,169,930,0,3
962,169,940,0,3
962,170,940,0,3
962,171,940,0,3
963,171,941,0,3
962,172,940,0,3
963,172,941,0,3
949,173,971,3,0
962,173,940,0,3
963,173,941,0,3
965,173,987,3,0
949,174,971,3,0
962,174,940,0,3
963,174,941,0,3
965,174,987,3,0
966,174,944,0,3
947,175,925,0,3
949,175,971,3,0
962,175,940,0,3
963,175,941,0,3
965,175,987,3,0
966,175,944,0,3
967,175,989,3,0
968,176,990,2,0
969,176,947,0,3
971,176,993,3,0
984,176,962,0,3
985,176,963,0,3
987,176,1009,3,0
988,176,966,0,3
989,176,1011,3,0
969,177,947,0,3
971,177,993,3,0
984,177,962,0,3
985,177,963,0,3
987,177,1009,3,0
988,177,966,0,3
971,178,993,3,0
984,178,962,0,3
985,178,963,0,3
987,178,1009,3,0
971,179,993,3,0
984,179,962,0,3
985,179,963,0,3
984,180,962,0,3
985,180,963,0,3
984,181,962,0,3
974,182,952,0,3
984,182,962,0,3
974,183,952,0,3
984,183,962,0,3
974,184,952,0,3
984,184,962,0,3
974,185,952,0,3
984,185,962,0,3
974,186,952,0,3
978,186,1000,3,0
984,186,962,0,3
974,187,952,0,3
978,187,1000,3,0
979,187,1001,3,0
984,187,962,0,3
974,188,952,0,3
984,188,962,0,3
974,189,952,0,3
984,189,962,0,3
974,190,952,0,3
984,190,962,0,3
984,191,962,0,3
984,192,962,0,3
984,193,962,0,3
985,193,963,0,3
984,194,962,0,3
985,194,963,0,3
971,195,993,3,0
984,195,962,0,3
985,195,963,0,3
987,195,1009,3,0
971,196,993,3,0
984,196,962,0,3
985,196,963,0,3
987,196,1009,3,0
988,196,966,0,3
969,197,947,0,3
971,197,993,3,0
984,197,962,0,3
985,197,963,0,3
987,197,1009,3,0
988,197,966,0,3
989,197,1011,3,0
990,198,1012,2,0
992,198,1014,3,0
1007,198,985,0,3
1009,198,1031,3,0
1010,198,988,0,3
1011,198,1033,3,0
992,199,1014,3,0
1007,199,985,0,3
1009,199,1031,3,0
1010,199,988,0,3
992,200,1014,3,0
1007,200,985,0,3
1009,200,1031,3,0
1007,201,985,0,3
1007,202,985,0,3
996,204,974,0,3
996,205,974,0,3
996,206,974,0,3
996,207,974,0,3
996,208,974,0,3
996,209,974,0,3
1001,209,1023,3,0
996,210,974,0,3
996,211,974,0,3
996,212,974,0,3
996,213,974,0,3
1007,215,985,0,3
1007,216,985,0,3
1007,217,985,0,3
1009,217,1031,3,0
992,218,1014,3,0
1007,218,985,0,3
1009,218,1031,3,0
1010,218,988,0,3
992,219,1014,3,0
1007,219,985,0,3
1009,219,1031,3,0
1010,219,988,0,3
1011,219,1033,3,0
1012,220,1034,2,0
1014,220,1036,3,0
1029,220,1007,0,3
1032,220,1010,0,3
1033,220,1055,3,0
1014,221,1036,3,0
1029,221,1007,0,3
1032,221,1010,0,3
1014,222,1036,3,0
1029,222,1007,0,3
1029,223,1007,0,3
1029,224,1007,0,3
1018,226,996,0,3
1018,227,996,0,3
1018,228,996,0,3
1018,229,996,0,3
1018,230,996,0,3
1018,231,996,0,3
1023,231,1045,3,0
1018,232,996,0,3
1018,233,996,0,3
1018,234,996,0,3
1029,237,1007,0,3
1029,238,1007,0,3
1029,239,1007,0,3
1014,240,1036,3,0
1029,240,1007,0,3
1032,240,1010,0,3
1014,241,1036,3,0
1029,241,1007,0,3
1032,241,1010,0,3
1033,241,1055,3,0
1037,242,1059,3,0
1051,242,1029,0,3
1055,242,1077,3,0
1037,243,1059,3,0
1051,243,1029,0,3
1037,244,1059,3,0
1051,244,1029,0,3
1037,245,1059,3,0
1051,245,1029,0,3
1051,246,1029,0,3
1040,248,1018,0,3
1040,249,1018,0,3
1040,250,1018,0,3
1040,251,1018,0,3
1047,251,1069,3,0
1040,252,1018,0,3
1047,252,1069,3,0
1040,253,1018,0,3
1045,253,1067,3,0
1047,253,1069,3,0
1040,254,1018,0,3
1047,254,1069,3,0
1040,255,1018,0,3
1047,255,1069,3,0
1040,256,1018,0,3
1040,257,1018,0,3
1051,259,1029,0,3
1051,260,1029,0,3
1037,261,1059,3,0
1051,261,1029,0,3
1037,262,1059,3,0
1051,262,1029,0,3
1037,263,1059,3,0
1051,263,1029,0,3
1055,263,1077,3,0
1058,264,1036,0,3
1059,264,1081,3,0
1072,264,1094,3,0
1073,264,1051,0,3
1077,264,1099,3,0
1058,265,1036,0,3
1059,265,1081,3,0
1072,265,1094,3,0
1073,265,1051,0,3
1058,266,1036,0,3
1059,266,1081,3,0
1072,266,1094,3,0
1073,266,1051,0,3
1059,267,1081,3,0
1072,267,1094,3,0
1073,267,1051,0,3
1072,268,1094,3,0
1073,268,1051,0,3
1072,269,1094,3,0
1062,270,1040,0,3
1072,270,1094,3,0
1062,271,1040,0,3
1072,271,1094,3,0
1062,272,1040,0,3
1072,272,1094,3,0
1062,273,1040,0,3
1069,273,1091,3,0
1072,273,1094,3,0
1062,274,1040,0,3
1069,274,1091,3,0
1072,274,1094,3,0
1062,275,1040,0,3
1067,275,1089,3,0
1069,275,1091,3,0
1072,275,1094,3,0
1062,276,1040,0,3
1069,276,1091,3,0
1072,276,1094,3,0
1062,277,1040,0,3
1069,277,1091,3,0
1072,277,1094,3,0
1062,278,1040,0,3
1072,278,1094,3,0
1072,279,1094,3,0
1072,280,1094,3,0
1072,281,1094,3,0
1073,281,1051,0,3
1072,282,1094,3,0
1073,282,1051,0,3
1059,283,1081,3,0
1072,283,1094,3,0
1073,283,1051,0,3
1058,284,1036,0,3
1059,284,1081,3,0
1072,284,1094,3,0
1073,284,1051,0,3
1058,285,1036,0,3
1059,285,1081,3,0
1072,285,1094,3,0
1073,285,1051,0,3
1077,285,1099,3,0
1081,286,1103,3,0
1095,286,1073,0,3
1099,286,1121,3,0
1081,287,1103,3,0
1095,287,1073,0,3
1081,288,1103,3,0
1095,288,1073,0,3
1081,289,1103,3,0
1095,289,1073,0,3
1095,290,1073,0,3
1084,292,1062,0,3
1084,293,1062,0,3
1084,294,1062,0,3
1084,295,1062,0,3
1084,296,1062,0,3
1084,297,1062,0,3
1089,297,1111,3,0
1084,298,1062,0,3
1084,299,1062,0,3
1084,300,1062,0,3
1084,301,1062,0,3
1095,303,1073,0,3
1095,304,1073,0,3
1081,305,1103,3,0
1095,305,1073,0,3
1081,306,1103,3,0
1095,306,1073,0,3
1081,307,1103,3,0
1095,307,1073,0,3
1099,307,1121,3,0
1100,308,1078,0,2
1103,308,1125,3,0
1117,308,1095,0,3
1119,308,1097,0,3
1121,308,1143,3,0
1103,309,1125,3,0
1117,309,1095,0,3
1119,309,1097,0,3
1103,310,1125,3,0
1117,310,1095,0,3
1119,310,1097,0,3
1103,311,1125,3,0
1117,311,1095,0,3
1117,312,1095,0,3
1106,314,1084,0,3
1106,315,1084,0,3
1106,316,1084,0,3
1106,317,1084,0,3
1106,318,1084,0,3
1106,319,1084,0,3
1111,319,1133,3,0
1106,320,1084,0,3
1106,321,1084,0,3
1106,322,1084,0,3
1117,325,1095,0,3
1117,326,1095,0,3
1103,327,1125,3,0
1117,327,1095,0,3
1119,327,1097,0,3
1103,328,1125,3,0
1117,328,1095,0,3
1119,328,1097,0,3
1103,329,1125,3,0
1117,329,1095,0,3
1119,329,1097,0,3
1121,329,1143,3,0
1122,330,1100,0,2
1124,330,1102,0,3
1125,330,1147,3,0
1127,330,1105,0,3
1139,330,1117,0,3
1141,330,1119,0,3
1143,330,1165,3,0
1124,331,1102,0,3
1125,331,1147,3,0
1127,331,1105,0,3
1139,331,1117,0,3
1141,331,1119,0,3
1124,332,1102,0,3
1125,332,1147,3,0
1127,332,1105,0,3
1139,332,1117,0,3
1141,332,1119,0,3
1125,333,1147,3,0
1127,333,1105,0,3
1139,333,1117,0,3
1127,334,1105,0,3
1139,334,1117,0,3
1127,335,1105,0,3
1127,336,1105,0,3
1128,336,1106,0,3
1127,337,1105,0,3
1128,337,1106,0,3
1127,338,1105,0,3
1128,338,1106,0,3
1127,339,1105,0,3
1128,339,1106,0,3
1127,340,1105,0,3
1128,340,1106,0,3
1127,341,1105,0,3
1128,341,1106,0,3
1133,341,1155,3,0
1127,342,1105,0,3
1128,342,1106,0,3
1127,343,1105,0,3
1128,343,1106,0,3
1127,344,1105,0,3
1128,344,1106,0,3
1127,345,1105,0,3
1128,345,1106,0,3
1127,347,1105,0,3
1139,347,1117,0,3
1127,348,1105,0,3
1139,348,1117,0,3
1125,349,1147,3,0
1127,349,1105,0,3
1139,349,1117,0,3
1141,349,1119,0,3
1124,350,1102,0,3
1125,350,1147,3,0
1127,350,1105,0,3
1139,350,1117,0,3
1141,350,1119,0,3
1124,351,1102,0,3
1125,351,1147,3,0
1127,351,1105,0,3
1139,351,1117,0,3
1141,351,1119,0,3
1143,351,1165,3,0
1144,352,1122,0,2
1146,352,1124,0,3
1147,352,1169,3,0
1149,352,1127,0,3
1161,352,1139,0,3
1163,352,1141,0,3
1146,353,1124,0,3
1147,353,1169,3,0
1149,353,1127,0,3
1161,353,1139,0,3
1163,353,1141,0,3
1146,354,1124,0,3
1147,354,1169,3,0
1149,354,1127,0,3
1161,354,1139,0,3
1163,354,1141,0,3
1147,355,1169,3,0
1149,355,1127,0,3
1161,355,1139,0,3
1149,356,1127,0,3
1161,356,1139,0,3
1149,357,1127,0,3
1149,358,1127,0,3
1150,358,1128,0,3
1149,359,1127,0,3
1150,359,1128,0,3
1149,360,1127,0,3
1150,360,1128,0,3
1149,361,1127,0,3
1150,361,1128,0,3
1149,362,1127,0,3
1150,362,1128,0,3
1154,362,1176,3,0
1149,363,1127,0,3
1150,363,1128,0,3
1154,363,1176,3,0
1155,363,1177,3,0
1149,364,1127,0,3
1150,364,1128,0,3
1149,365,1127,0,3
1150,365,1128,0,3
1149,366,1127,0,3
1150,366,1128,0,3
1149,367,1127,0,3
1149,369,1127,0,3
1161,369,1139,0,3
1149,370,1127,0,3
1161,370,1139,0,3
1147,371,1169,3,0
1149,371,1127,0,3
1161,371,1139,0,3
1163,371,1141,0,3
1146,372,1124,0,3
1147,372,1169,3,0
1149,372,1127,0,3
1161,372,1139,0,3
1163,372,1141,0,3
1146,373,1124,0,3
1147,373,1169,3,0
1149,373,1127,0,3
1161,373,1139,0,3
1163,373,1141,0,3
1166,374,1144,0,2
1169,374,1191,3,0
1171,374,1149,0,3
1183,374,1161,0,3
1169,375,1191,3,0
1171,375,1149,0,3
1183,375,1161,0,3
1169,376,1191,3,0
1171,376,1149,0,3
1183,376,1161,0,3
1169,377,1191,3,0
1171,377,1149,0,3
1183,377,1161,0,3
1171,378,1149,0,3
1183,378,1161,0,3
1171,379,1149,0,3
1171,380,1149,0,3
1172,380,1150,0,3
1171,381,1149,0,3
1172,381,1150,0,3
1181,381,1159,0,3
1171,382,1149,0,3
1172,382,1150,0,3
1181,382,1159,0,3
1171,383,1149,0,3
1172,383,1150,0,3
1181,383,1159,0,3
1171,384,1149,0,3
1172,384,1150,0,3
1176,384,1198,3,0
1181,384,1159,0,3
1171,385,1149,0,3
1172,385,1150,0,3
1176,385,1198,3,0
1177,385,1199,3,0
1181,385,1159,0,3
1171,386,1149,0,3
1172,386,1150,0,3
1181,386,1159,0,3
1171,387,1149,0,3
1172,387,1150,0,3
1181,387,1159,0,3
1171,388,1149,0,3
1172,388,1150,0,3
1181,388,1159,0,3
1171,389,1149,0,3
1172,389,1150,0,3
1181,389,1159,0,3
1171,391,1149,0,3
1183,391,1161,0,3
1171,392,1149,0,3
1183,392,1161,0,3
1169,393,1191,3,0
1171,393,1149,0,3
1183,393,1161,0,3
1169,394,1191,3,0
1171,394,1149,0,3
1183,394,1161,0,3
1169,395,1191,3,0
1171,395,1149,0,3
1183,395,1161,0,3
1188,396,1166,0,2
1190,396,1168,0,3
1191,396,1213,3,0
1193,396,1171,0,3
1204,396,1226,3,0
1205,396,1183,0,3
1206,396,1184,0,3
1209,396,1187,0,3
1190,397,1168,0,3
1191,397,1213,3,0
1193,397,1171,0,3
1204,397,1226,3,0
1205,397,1183,0,3
1206,397,1184,0,3
1190,398,1168,0,3
1191,398,1213,3,0
1193,398,1171,0,3
1204,398,1226,3,0
1205,398,1183,0,3
1206,398,1184,0,3
1191,399,1213,3,0
1193,399,1171,0,3
1204,399,1226,3,0
1205,399,1183,0,3
1206,399,1184,0,3
1193,400,1171,0,3
1204,400,1226,3,0
1205,400,1183,0,3
1193,401,1171,0,3
1204,401,1226,3,0
1193,402,1171,0,3
1194,402,1172,0,3
1204,402,1226,3,0
1193,403,1171,0,3
1194,403,1172,0,3
1203,403,1181,0,3
1204,403,1226,3,0
1193,404,1171,0,3
1194,404,1172,0,3
1203,404,1181,0,3
1204,404,1226,3,0
1193,405,1171,0,3
1194,405,1172,0,3
1203,405,1181,0,3
1204,405,1226,3,0
1193,406,1171,0,3
1194,406,1172,0,3
1198,406,1220,3,0
1203,406,1181,0,3
1204,406,1226,3,0
1193,407,1171,0,3
1194,407,1172,0,3
1198,407,1220,3,0
1199,407,1221,3,0
1203,407,1181,0,3
1204,407,1226,3,0
1193,408,1171,0,3
1194,408,1172,0,3
1203,408,1181,0,3
1204,408,1226,3,0
1193,409,1171,0,3
1194,409,1172,0,3
1203,409,1181,0,3
1204,409,1226,3,0
1193,410,1171,0,3
1194,410,1172,0,3
1203,410,1181,0,3
1204,410,1226,3,0
1193,411,1171,0,3
1203,411,1181,0,3
1204,411,1226,3,0
1204,412,1226,3,0
1193,413,1171,0,3
1204,413,1226,3,0
1205,413,1183,0,3
1193,414,1171,0,3
1204,414,1226,3,0
1205,414,1183,0,3
1206,414,1184,0,3
1191,415,1213,3,0
1193,415,1171,0,3
1204,415,1226,3,0
1205,415,1183,0,3
1206,415,1184,0,3
1190,416,1168,0,3
1191,416,1213,3,0
1193,416,1171,0,3
1204,416,1226,3,0
1205,416,1183,0,3
1206,416,1184,0,3
1190,417,1168,0,3
1191,417,1213,3,0
1193,417,1171,0,3
1204,417,1226,3,0
1205,417,1183,0,3
1206,417,1184,0,3
1209,417,1187,0,3
1210,418,1188,0,2
1212,418,1190,0,3
1213,418,1235,3,0
1215,418,1193,0,3
1227,418,1205,0,3
1228,418,1206,0,3
1231,418,1209,0,3
1212,419,1190,0,3
1213,419,1235,3,0
1215,419,1193,0,3
1227,419,1205,0,3
1228,419,1206,0,3
1212,420,1190,0,3
1213,420,1235,3,0
1215,420,1193,0,3
1227,420,1205,0,3
1228,420,1206,0,3
1213,421,1235,3,0
1215,421,1193,0,3
1227,421,1205,0,3
1228,421,1206,0,3
1215,422,1193,0,3
1227,422,1205,0,3
1215,423,1193,0,3
1215,424,1193,0,3
1216,424,1194,0,3
1215,425,1193,0,3
1216,425,1194,0,3
1225,425,1203,0,3
1215,426,1193,0,3
1216,426,1194,0,3
1225,426,1203,0,3
1215,427,1193,0,3
1216,427,1194,0,3
1225,427,1203,0,3
1215,428,1193,0,3
1216,428,1194,0,3
1220,428,1242,3,0
1225,428,1203,0,3
1215,429,1193,0,3
1216,429,1194,0,3
1220,429,1242,3,0
1221,429,1243,3,0
1225,429,1203,0,3
1215,430,1193,0,3
1216,430,1194,0,3
1225,430,1203,0,3
1215,431,1193,0,3
1216,431,1194,0,3
1225,431,1203,0,3
1215,432,1193,0,3
1216,432,1194,0,3
1225,432,1203,0,3
1215,433,1193,0,3
1216,433,1194,0,3
1225,433,1203,0,3
1215,435,1193,0,3
1227,435,1205,0,3
1215,436,1193,0,3
1227,436,1205,0,3
1228,436,1206,0,3
1213,437,1235,3,0
1215,437,1193,0,3
1227,437,1205,0,3
1228,437,1206,0,3
1212,438,1190,0,3
1213,438,1235,3,0
1215,438,1193,0,3
1227,438,1205,0,3
1228,438,1206,0,3
1212,439,1190,0,3
1213,439,1235,3,0
1215,439,1193,0,3
1227,439,1205,0,3
1228,439,1206,0,3
1231,439,1209,0,3
1232,440,1210,0,2
1235,440,1257,3,0
1237,440,1215,0,3
1249,440,1227,0,3
1250,440,1228,0,3
1253,440,1231,0,3
1235,441,1257,3,0
1237,441,1215,0,3
1249,441,1227,0,3
1250,441,1228,0,3
1235,442,1257,3,0
1237,442,1215,0,3
1249,442,1227,0,3
1250,442,1228,0,3
1235,443,1257,3,0
1237,443,1215,0,3
1249,443,1227,0,3
1250,443,1228,0,3
1237,444,1215,0,3
1249,444,1227,0,3
1237,445,1215,0,3
1237,446,1215,0,3
1238,446,1216,0,3
1237,447,1215,0,3
1238,447,1216,0,3
1247,447,1225,0,3
1237,448,1215,0,3
1238,448,1216,0,3
1247,448,1225,0,3
1237,449,1215,0,3
1238,449,1216,0,3
1245,449,1223,0,3
1247,449,1225,0,3
1237,450,1215,0,3
1238,450,1216,0,3
1242,450,1264,3,0
1245,450,1223,0,3
1247,450,1225,0,3
1237,451,1215,0,3
1238,451,1216,0,3
1242,451,1264,3,0
1243,451,1265,3,0
1245,451,1223,0,3
1247,451,1225,0,3
1237,452,1215,0,3
1238,452,1216,0,3
1245,452,1223,0,3
1247,452,1225,0,3
1237,453,1215,0,3
1238,453,1216,0,3
1245,453,1223,0,3
1247,453,1225,0,3
1237,454,1215,0,3
1238,454,1216,0,3
1247,454,1225,0,3
1237,455,1215,0,3
1247,455,1225,0,3
1237,457,1215,0,3
1249,457,1227,0,3
1237,458,1215,0,3
1249,458,1227,0,3
1250,458,1228,0,3
1235,459,1257,3,0
1237,459,1215,0,3
1249,459,1227,0,3
1250,459,1228,0,3
1235,460,1257,3,0
1237,460,1215,0,3
1249,460,1227,0,3
1250,460,1228,0,3
1235,461,1257,3,0
1237,461,1215,0,3
1249,461,1227,0,3
1250,461,1228,0,3
1253,461,1231,0,3
1254,462,1232,0,2
1257,462,1279,3,0
1259,462,1237,0,3
1271,462,1249,0,3
1272,462,1250,0,3
1275,462,1253,0,3
1257,463,1279,3,0
1259,463,1237,0,3
1271,463,1249,0,3
1272,463,1250,0,3
1257,464,1279,3,0
1259,464,1237,0,3
1271,464,1249,0,3
1272,464,1250,0,3
1257,465,1279,3,0
1259,465,1237,0,3
1271,465,1249,0,3
1272,465,1250,0,3
1259,466,1237,0,3
1271,466,1249,0,3
1259,467,1237,0,3
1259,468,1237,0,3
1260,468,1238,0,3
1259,469,1237,0,3
1260,469,1238,0,3
1269,469,1247,0,3
1259,470,1237,0,3
1260,470,1238,0,3
1269,470,1247,0,3
1259,471,1237,0,3
1260,471,1238,0,3
1269,471,1247,0,3
1259,472,1237,0,3
1260,472,1238,0,3
1264,472,1286,3,0
1269,472,1247,0,3
1259,473,1237,0,3
1260,473,1238,0,3
1264,473,1286,3,0
1265,473,1287,3,0
1269,473,1247,0,3
1259,474,1237,0,3
1260,474,1238,0,3
1269,474,1247,0,3
1259,475,1237,0,3
1260,475,1238,0,3
1269,475,1247,0,3
1259,476,1237,0,3
1260,476,1238,0,3
1269,476,1247,0,3
1259,477,1237,0,3
1260,477,1238,0,3
1269,477,1247,0,3
1259,479,1237,0,3
1271,479,1249,0,3
1259,480,1237,0,3
1271,480,1249,0,3
1272,480,1250,0,3
1257,481,1279,3,0
1259,481,1237,0,3
1271,481,1249,0,3
1272,481,1250,0,3
1257,482,1279,3,0
1259,482,1237,0,3
1271,482,1249,0,3
1272,482,1250,0,3
1257,483,1279,3,0
1259,483,1237,0,3
1271,483,1249,0,3
1272,483,1250,0,3
1275,483,1253,0,3
1276,484,1254,0,2
1279,484,1301,3,0
1281,484,1259,0,3
1293,484,1271,0,3
1294,484,1272,0,3
1297,484,1275,0,3
1279,485,1301,3,0
1281,485,1259,0,3
1293,485,1271,0,3
1294,485,1272,0,3
1279,486,1301,3,0
1281,486,1259,0,3
1293,486,1271,0,3
1294,486,1272,0,3
1279,487,1301,3,0
1281,487,1259,0,3
1293,487,1271,0,3
1294,487,1272,0,3
1281,488,1259,0,3
1293,488,1271,0,3
1281,489,1259,0,3
1281,490,1259,0,3
1282,490,1260,0,3
1281,491,1259,0,3
1282,491,1260,0,3
1291,491,1269,0,3
1281,492,1259,0,3
1282,492,1260,0,3
1291,492,1269,0,3
1281,493,1259,0,3
1282,493,1260,0,3
1289,493,1267,0,3
1291,493,1269,0,3
1281,494,1259,0,3
1282,494,1260,0,3
1286,494,1308,3,0
1289,494,1267,0,3
1291,494,1269,0,3
1281,495,1259,0,3
1282,495,1260,0,3
1286,495,1308,3,0
1287,495,1309,3,0
1289,495,1267,0,3
1291,495,1269,0,3
1281,496,1259,0,3
1282,496,1260,0,3
1289,496,1267,0,3
1291,496,1269,0,3
1281,497,1259,0,3
1282,497,1260,0,3
1289,497,1267,0,3
1291,497,1269,0,3
1281,498,1259,0,3
1282,498,1260,0,3
1291,498,1269,0,3
1281,499,1259,0,3
1291,499,1269,0,3
1281,501,1259,0,3
1293,501,1271,0,3
1281,502,1259,0,3
1293,502,1271,0,3
1294,502,1272,0,3
1279,503,1301,3,0
1281,503,1259,0,3
1293,503,1271,0,3
1294,503,1272,0,3
1279,504,1301,3,0
1281,504,1259,0,3
1293,504,1271,0,3
1294,504,1272,0,3
1279,505,1301,3,0
1281,505,1259,0,3
1293,505,1271,0,3
1294,505,1272,0,3
1297,505,1275,0,3
1301,506,1323,3,0
1315,506,1293,0,3
1316,506,1294,0,3
1319,506,1297,0,3
1301,507,1323,3,0
1315,507,1293,0,3
1316,507,1294,0,3
1301,508,1323,3,0
1315,508,1293,0,3
1316,508,1294,0,3
1301,509,1323,3,0
1315,509,1293,0,3
1316,509,1294,0,3
1315,510,1293,0,3
1304,512,1282,0,3
1304,513,1282,0,3
1313,513,1291,0,3
1304,514,1282,0,3
1313,514,1291,0,3
1304,515,1282,0,3
1313,515,1291,0,3
1304,516,1282,0,3
1308,516,1330,3,0
1313,516,1291,0,3
1304,517,1282,0,3
1308,517,1330,3,0
1309,517,1331,3,0
1313,517,1291,0,3
1304,518,1282,0,3
1313,518,1291,0,3
1304,519,1282,0,3
1313,519,1291,0,3
1304,520,1282,0,3
1313,520,1291,0,3
1304,521,1282,0,3
1313,521,1291,0,3
1315,523,1293,0,3
1315,524,1293,0,3
1316,524,1294,0,3
1301,525,1323,3,0
1315,525,1293,0,3
1316,525,1294,0,3
1301,526,1323,3,0
1315,526,1293,0,3
1316,526,1294,0,3
1301,527,1323,3,0
1315,527,1293,0,3
1316,527,1294,0,3
1319,527,1297,0,3
1323,528,1345,3,0
1325,528,1303,0,3
1337,528,1315,0,3
1338,528,1316,0,3
1341,528,1319,0,3
1323,529,1345,3,0
1325,529,1303,0,3
1337,529,1315,0,3
1338,529,1316,0,3
1323,530,1345,3,0
1325,530,1303,0,3
1337,530,1315,0,3
1338,530,1316,0,3
1323,531,1345,3,0
1325,531,1303,0,3
1337,531,1315,0,3
1338,531,1316,0,3
1325,532,1303,0,3
1337,532,1315,0,3
1325,533,1303,0,3
1325,534,1303,0,3
1326,534,1304,0,3
1325,535,1303,0,3
1326,535,1304,0,3
1335,535,1313,0,3
1325,536,1303,0,3
1326,536,1304,0,3
1335,536,1313,0,3
1325,537,1303,0,3
1326,537,1304,0,3
1335,537,1313,0,3
1325,538,1303,0,3
1326,538,1304,0,3
1330,538,1352,3,0
1335,538,1313,0,3
1325,539,1303,0,3
1326,539,1304,0,3
1330,539,1352,3,0
1331,539,1353,3,0
1335,539,1313,0,3
1325,540,1303,0,3
1326,540,1304,0,3
1335,540,1313,0,3
1325,541,1303,0,3
1326,541,1304,0,3
1335,541,1313,0,3
1325,542,1303,0,3
1326,542,1304,0,3
1335,542,1313,0,3
1325,543,1303,0,3
1335,543,1313,0,3
1325,545,1303,0,3
1337,545,1315,0,3
1325,546,1303,0,3
1337,546,1315,0,3
1338,546,1316,0,3
1323,547,1345,3,0
1325,547,1303,0,3
1337,547,1315,0,3
1338,547,1316,0,3
1323,548,1345,3,0
1325,548,1303,0,3
1337,548,1315,0,3
1338,548,1316,0,3
1323,549,1345,3,0
1325,549,1303,0,3
1337,549,1315,0,3
1338,549,1316,0,3
1341,549,1319,0,3
1345,550,1367,3,0
1359,550,1337,0,3
1360,550,1338,0,3
1363,550,1341,0,3
1345,551,1367,3,0
1359,551,1337,0,3
1360,551,1338,0,3
1345,552,1367,3,0
1359,552,1337,0,3
1360,552,1338,0,3
1345,553,1367,3,0
1359,553,1337,0,3
1360,553,1338,0,3
1359,554,1337,0,3
1349,557,1327,0,3
1349,558,1327,0,3
1349,559,1327,0,3
1349,560,1327,0,3
1352,560,1374,3,0
1349,561,1327,0,3
1352,561,1374,3,0
1353,561,1375,3,0
1349,562,1327,0,3
1349,563,1327,0,3
1349,564,1327,0,3
1359,567,1337,0,3
1359,568,1337,0,3
1360,568,1338,0,3
1345,569,1367,3,0
1359,569,1337,0,3
1360,569,1338,0,3
1345,570,1367,3,0
1359,570,1337,0,3
1360,570,1338,0,3
1345,571,1367,3,0
1359,571,1337,0,3
1360,571,1338,0,3
1363,571,1341,0,3
1367,572,1389,3,0
1381,572,1359,0,3
1382,572,1360,0,3
1385,572,1363,0,3
1367,573,1389,3,0
1381,573,1359,0,3
1382,573,1360,0,3
1367,574,1389,3,0
1381,574,1359,0,3
1382,574,1360,0,3
1367,575,1389,3,0
1381,575,1359,0,3
1382,575,1360,0,3
1381,576,1359,0,3
1377,581,1399,3,0
1374,582,1396,3,0
1377,582,1399,3,0
1374,583,1396,3,0
1375,583,1397,3,0
1377,583,1399,3,0
1377,584,1399,3,0
1377,585,1399,3,0
1381,589,1359,0,3
1381,590,1359,0,3
1382,590,1360,0,3
1367,591,1389,3,0
1381,591,1359,0,3
1382,591,1360,0,3
1367,592,1389,3,0
1381,592,1359,0,3
1382,592,1360,0,3
1367,593,1389,3,0
1381,593,1359,0,3
1382,593,1360,0,3
1385,593,1363,0,3
1389,594,1411,3,0
1403,594,1381,0,3
1407,594,1385,0,3
1389,595,1411,3,0
1403,595,1381,0,3
1389,596,1411,3,0
1403,596,1381,0,3
1389,597,1411,3,0
1403,597,1381,0,3
1403,598,1381,0,3
1393,601,1371,0,3
1393,602,1371,0,3
1393,603,1371,0,3
1399,603,1421,3,0
1393,604,1371,0,3
1396,604,1418,3,0
1399,604,1421,3,0
1393,605,1371,0,3
1396,605,1418,3,0
1397,605,1419,3,0
1399,605,1421,3,0
1393,606,1371,0,3
1399,606,1421,3,0
1393,607,1371,0,3
1399,607,1421,3,0
1393,608,1371,0,3
1403,611,1381,0,3
1403,612,1381,0,3
1389,613,1411,3,0
1403,613,1381,0,3
1389,614,1411,3,0
1403,614,1381,0,3
1389,615,1411,3,0
1403,615,1381,0,3
1407,615,1385,0,3
1408,616,1386,0,2
1411,616,1433,3,0
1425,616,1403,0,3
1429,616,1407,0,3
1411,617,1433,3,0
1425,617,1403,0,3
1411,618,1433,3,0
1425,618,1403,0,3
1411,619,1433,3,0
1425,619,1403,0,3
1425,620,1403,0,3
1415,623,1393,0,3
1415,624,1393,0,3
1415,625,1393,0,3
1421,625,1443,3,0
1415,626,1393,0,3
1418,626,1440,3,0
1421,626,1443,3,0
1415,627,1393,0,3
1418,627,1440,3,0
1419,627,1441,3,0
1421,627,1443,3,0
1415,628,1393,0,3
1421,628,1443,3,0
1415,629,1393,0,3
1421,629,1443,3,0
1415,630,1393,0,3
1425,633,1403,0,3
1425,634,1403,0,3
1411,635,1433,3,0
1425,635,1403,0,3
1411,636,1433,3,0
1425,636,1403,0,3
1411,637,1433,3,0
1425,637,1403,0,3
1429,637,1407,0,3
1430,638,1408,0,2
1433,638,1455,3,0
1447,638,1425,0,3
1451,638,1429,0,3
1433,639,1455,3,0
1447,639,1425,0,3
1433,640,1455,3,0
1447,640,1425,0,3
1433,641,1455,3,0
1447,641,1425,0,3
1447,642,1425,0,3
1437,645,1415,0,3
1437,646,1415,0,3
1437,647,1415,0,3
1443,647,1465,3,0
1437,648,1415,0,3
1440,648,1462,3,0
1443,648,1465,3,0
1437,649,1415,0,3
1440,649,1462,3,0
1441,649,1463,3,0
1443,649,1465,3,0
1437,650,1415,0,3
1443,650,1465,3,0
1437,651,1415,0,3
1443,651,1465,3,0
1437,652,1415,0,3
1447,655,1425,0,3
1447,656,1425,0,3
1433,657,1455,3,0
1447,657,1425,0,3
1433,658,1455,3,0
1447,658,1425,0,3
1433,659,1455,3,0
1447,659,1425,0,3
1451,659,1429,0,3
1452,660,1430,0,2
1455,660,1477,3,0
1469,660,1447,0,3
1470,660,1448,0,3
1473,660,1451,0,3
1455,661,1477,3,0
1469,661,1447,0,3
1470,661,1448,0,3
1455,662,1477,3,0
1469,662,1447,0,3
1470,662,1448,0,3
1455,663,1477,3,0
1469,663,1447,0,3
1470,663,1448,0,3
1469,664,1447,0,3
1459,667,1437,0,3
1459,668,1437,0,3
1459,669,1437,0,3
1461,669,1483,3,0
1465,669,1487,3,0
1459,670,1437,0,3
1461,670,1483,3,0
1462,670,1484,3,0
1465,670,1487,3,0
1459,671,1437,0,3
1461,671,1483,3,0
1462,671,1484,3,0
1463,671,1485,3,0
1465,671,1487,3,0
1459,672,1437,0,3
1461,672,1483,3,0
1465,672,1487,3,0
1459,673,1437,0,3
1465,673,1487,3,0
1459,674,1437,0,3
1469,677,1447,0,3
1469,678,1447,0,3
1470,678,1448,0,3
1455,679,1477,3,0
1469,679,1447,0,3
1470,679,1448,0,3
1455,680,1477,3,0
1469,680,1447,0,3
1470,680,1448,0,3
1455,681,1477,3,0
1469,681,1447,0,3
1470,681,1448,0,3
1473,681,1451,0,3
1474,682,1452,0,2
1475,682,1497,3,0
1491,682,1469,0,3
1492,682,1470,0,3
1495,682,1473,0,3
1475,683,1497,3,0
1491,683,1469,0,3
1492,683,1470,0,3
1491,684,1469,0,3
1492,684,1470,0,3
1491,685,1469,0,3
1492,685,1470,0,3
1491,686,1469,0,3
1481,689,1459,0,3
1481,690,1459,0,3
1481,691,1459,0,3
1483,691,1505,3,0
1487,691,1509,3,0
1481,692,1459,0,3
1483,692,1505,3,0
1484,692,1506,3,0
1487,692,1509,3,0
1481,693,1459,0,3
1483,693,1505,3,0
1484,693,1506,3,0
1485,693,1507,3,0
1487,693,1509,3,0
1481,694,1459,0,3
1483,694,1505,3,0
1487,694,1509,3,0
1481,695,1459,0,3
1487,695,1509,3,0
1481,696,1459,0,3
1491,699,1469,0,3
1491,700,1469,0,3
1492,700,1470,0,3
1491,701,1469,0,3
1492,701,1470,0,3
1491,702,1469,0,3
1492,702,1470,0,3
1475,703,1497,3,0
1491,703,1469,0,3
1492,703,1470,0,3
1495,703,1473,0,3
1496,704,1474,0,2
1497,704,1519,3,0
1513,704,1491,0,3
1514,704,1492,0,3
1497,705,1519,3,0
1513,705,1491,0,3
1514,705,1492,0,3
1513,706,1491,0,3
1514,706,1492,0,3
1513,707,1491,0,3
1514,707,1492,0,3
1513,708,1491,0,3
1503,711,1481,0,3
1503,712,1481,0,3
1503,713,1481,0,3
1505,713,1527,3,0
1509,713,1531,3,0
1503,714,1481,0,3
1505,714,1527,3,0
1506,714,1528,3,0
1509,714,1531,3,0
1503,715,1481,0,3
1505,715,1527,3,0
1506,715,1528,3,0
1507,715,1529,3,0
1509,715,1531,3,0
1503,716,1481,0,3
1505,716,1527,3,0
1509,716,1531,3,0
1503,717,1481,0,3
1509,717,1531,3,0
1503,718,1481,0,3
1513,721,1491,0,3
1513,722,1491,0,3
1514,722,1492,0,3
1513,723,1491,0,3
1514,723,1492,0,3
1513,724,1491,0,3
1514,724,1492,0,3
1497,725,1519,3,0
1513,725,1491,0,3
1514,725,1492,0,3
1518,726,1496,0,2
1522,726,1500,0,3
1536,726,1514,0,3
1537,726,1515,0,3
1522,727,1500,0,3
1536,727,1514,0,3
1537,727,1515,0,3
1522,728,1500,0,3
1536,728,1514,0,3
1537,728,1515,0,3
1522,729,1500,0,3
1536,729,1514,0,3
1522,730,1500,0,3
1524,732,1502,0,3
1524,733,1502,0,3
1524,734,1502,0,3
1524,735,1502,0,3
1524,736,1502,0,3
1530,736,1552,3,0
1524,737,1502,0,3
1530,737,1552,3,0
1524,738,1502,0,3
1530,738,1552,3,0
1524,739,1502,0,3
1524,740,1502,0,3
1524,741,1502,0,3
1522,744,1500,0,3
1536,744,1514,0,3
1522,745,1500,0,3
1536,745,1514,0,3
1537,745,1515,0,3
1522,746,1500,0,3
1536,746,1514,0,3
1537,746,1515,0,3
1522,747,1500,0,3
1536,747,1514,0,3
1537,747,1515,0,3
1558,748,1536,0,3
1559,748,1537,0,3
1558,749,1536,0,3
1559,749,1537,0,3
1558,750,1536,0,3
1559,750,1537,0,3
1558,751,1536,0,3
1546,754,1524,0,3
1546,755,1524,0,3
1547,755,1525,0,3
1546,756,1524,0,3
1547,756,1525,0,3
1546,757,1524,0,3
1547,757,1525,0,3
1546,758,1524,0,3
1547,758,1525,0,3
1550,758,1572,3,0
1552,758,1574,3,0
1546,759,1524,0,3
1547,759,1525,0,3
1550,759,1572,3,0
1552,759,1574,3,0
1546,760,1524,0,3
1547,760,1525,0,3
1552,760,1574,3,0
1546,761,1524,0,3
1547,761,1525,0,3
1546,762,1524,0,3
1547,762,1525,0,3
1558,766,1536,0,3
1558,767,1536,0,3
1559,767,1537,0,3
1558,768,1536,0,3
1559,768,1537,0,3
1558,769,1536,0,3
1559,769,1537,0,3
1562,770,1540,0,2
1563,770,1,3,3
1565,770,1543,0,3
1580,770,1558,0,3
1581,770,1559,0,3
1582,770,20,3,3
1563,771,1,3,3
1565,771,1543,0,3
1580,771,1558,0,3
1581,771,1559,0,3
1582,771,20,3,3
1565,772,1543,0,3
1580,772,1558,0,3
1581,772,1559,0,3
1565,773,1543,0,3
1580,773,1558,0,3
1569,777,1547,0,3
1569,778,1547,0,3
1569,779,1547,0,3
1575,779,1553,0,3
1569,780,1547,0,3
1572,780,10,3,3
1574,780,12,3,3
1575,780,1553,0,3
1569,781,1547,0,3
1572,781,10,3,3
1573,781,11,3,3
1574,781,12,3,3
1575,781,1553,0,3
1569,782,1547,0,3
1574,782,12,3,3
1575,782,1553,0,3
1569,783,1547,0,3
1575,783,1553,0,3
1569,784,1547,0,3
1580,788,1558,0,3
1565,789,1543,0,3
1580,789,1558,0,3
1581,789,1559,0,3
1565,790,1543,0,3
1580,790,1558,0,3
1581,790,1559,0,3
1582,790,20,3,3
1563,791,1,3,3
1565,791,1543,0,3
1580,791,1558,0,3
1581,791,1559,0,3
1582,791,20,3,3
1,792,23,2,0
3,792,1565,3,3
4,792,1566,3,3
18,792,1580,3,3
20,792,42,2,0
1,793,23,2,0
3,793,1565,3,3
4,793,1566,3,3
18,793,1580,3,3
20,793,42,2,0
3,794,1565,3,3
4,794,1566,3,3
18,794,1580,3,3
3,795,1565,3,3
4,795,1566,3,3
18,795,1580,3,3
4,796,1566,3,3
7,799,1569,3,3
7,800,1569,3,3
7,801,1569,3,3
13,801,1575,3,3
7,802,1569,3,3
10,802,32,2,0
12,802,34,2,0
13,802,1575,3,3
7,803,1569,3,3
10,803,32,2,0
11,803,33,2,0
12,803,34,2,0
13,803,1575,3,3
7,804,1569,3,3
12,804,34,2,0
13,804,1575,3,3
7,805,1569,3,3
13,805,1575,3,3
7,806,1569,3,3
4,810,1566,3,3
18,810,1580,3,3
3,811,1565,3,3
4,811,1566,3,3
18,811,1580,3,3
3,812,1565,3,3
4,812,1566,3,3
18,812,1580,3,3
20,812,42,2,0
1,813,23,2,0
3,813,1565,3,3
4,813,1566,3,3
18,813,1580,3,3
20,813,42,2,0
25,814,3,0,2
26,814,4,0,2
40,814,18,0,2
41,814,19,0,2
42,814,64,3,0
25,815,3,0,2
26,815,4,0,2
40,815,18,0,2
41,815,19,0,2
42,815,64,3,0
25,816,3,0,2
26,816,4,0,2
40,816,18,0,2
41,816,19,0,2
25,817,3,0,2
26,817,4,0,2
40,817,18,0,2
26,818,4,0,2
29,821,7,0,2
29,822,7,0,2
29,823,7,0,2
35,823,13,0,2
29,824,7,0,2
32,824,54,3,0
34,824,56,3,0
35,824,13,0,2
29,825,7,0,2
32,825,54,3,0
33,825,55,3,0
34,825,56,3,0
35,825,13,0,2
29,826,7,0,2
34,826,56,3,0
35,826,13,0,2
29,827,7,0,2
35,827,13,0,2
29,828,7,0,2
26,832,4,0,2
40,832,18,0,2
25,833,3,0,2
26,833,4,0,2
40,833,18,0,2
41,833,19,0,2
25,834,3,0,2
26,834,4,0,2
40,834,18,0,2
41,834,19,0,2
42,834,64,3,0
25,835,3,0,2
26,835,4,0,2
40,835,18,0,2
41,835,19,0,2
42,835,64,3,0
47,836,25,0,3
48,836,26,0,3
62,836,40,0,3
63,836,41,0,3
65,836,43,0,3
47,837,25,0,3
48,837,26,0,3
62,837,40,0,3
63,837,41,0,3
47,838,25,0,3
48,838,26,0,3
62,838,40,0,3
63,838,41,0,3
47,839,25,0,3
48,839,26,0,3
62,839,40,0,3
48,840,26,0,3
51,843,29,0,3
51,844,29,0,3
51,845,29,0,3
51,846,29,0,3
56,846,78,3,0
51,847,29,0,3
55,847,77,3,0
56,847,78,3,0
51,848,29,0,3
56,848,78,3,0
51,849,29,0,3
51,850,29,0,3
48,854,26,0,3
62,854,40,0,3
47,855,25,0,3
48,855,26,0,3
62,855,40,0,3
63,855,41,0,3
47,856,25,0,3
48,856,26,0,3
62,856,40,0,3
63,856,41,0,3
47,857,25,0,3
48,857,26,0,3
62,857,40,0,3
63,857,41,0,3
65,857,43,0,3
67,858,89,3,0
69,858,47,0,3
70,858,48,0,3
71,858,93,3,0
84,858,62,0,3
85,858,63,0,3
86,858,108,3,0
87,858,65,0,3
67,859,89,3,0
69,859,47,0,3
70,859,48,0,3
71,859,93,3,0
84,859,62,0,3
85,859,63,0,3
86,859,108,3,0
69,860,47,0,3
70,860,48,0,3
71,860,93,3,0
84,860,62,0,3
85,860,63,0,3
69,861,47,0,3
70,861,48,0,3
71,861,93,3,0
84,861,62,0,3
70,862,48,0,3
71,862,93,3,0
71,863,93,3,0
71,864,93,3,0
72,864,94,3,0
71,865,93,3,0
72,865,94,3,0
73,865,51,0,3
81,865,103,3,0
71,866,93,3,0
72,866,94,3,0
73,866,51,0,3
81,866,103,3,0
71,867,93,3,0
72,867,94,3,0
73,867,51,0,3
81,867,103,3,0
71,868,93,3,0
72,868,94,3,0
73,868,51,0,3
81,868,103,3,0
71,869,93,3,0
72,869,94,3,0
73,869,51,0,3
77,869,99,3,0
81,869,103,3,0
71,870,93,3,0
72,870,94,3,0
73,870,51,0,3
81,870,103,3,0
71,871,93,3,0
72,871,94,3,0
73,871,51,0,3
81,871,103,3,0
71,872,93,3,0
72,872,94,3,0
73,872,51,0,3
81,872,103,3,0
71,873,93,3,0
72,873,94,3,0
81,873,103,3,0
71,875,93,3,0
70,876,48,0,3
71,876,93,3,0
84,876,62,0,3
69,877,47,0,3
70,877,48,0,3
71,877,93,3,0
84,877,62,0,3
85,877,63,0,3
69,878,47,0,3
70,878,48,0,3
71,878,93,3,0
84,878,62,0,3
85,878,63,0,3
86,878,108,3,0
67,879,89,3,0
69,879,47,0,3
70,879,48,0,3
71,879,93,3,0
84,879,62,0,3
85,879,63,0,3
86,879,108,3,0
87,879,65,0,3
89,880,111,3,0
91,880,69,0,3
92,880,70,0,3
93,880,115,3,0
106,880,84,0,3
107,880,85,0,3
108,880,130,3,0
109,880,87,0,3
89,881,111,3,0
91,881,69,0,3
92,881,70,0,3
93,881,115,3,0
106,881,84,0,3
107,881,85,0,3
108,881,130,3,0
91,882,69,0,3
92,882,70,0,3
93,882,115,3,0
106,882,84,0,3
107,882,85,0,3
91,883,69,0,3
92,883,70,0,3
93,883,115,3,0
106,883,84,0,3
92,884,70,0,3
93,884,115,3,0
93,885,115,3,0
93,886,115,3,0
94,886,116,3,0
93,887,115,3,0
94,887,116,3,0
95,887,73,0,3
103,887,125,3,0
93,888,115,3,0
94,888,116,3,0
95,888,73,0,3
96,888,118,3,0
103,888,125,3,0
93,889,115,3,0
94,889,116,3,0
95,889,73,0,3
96,889,118,3,0
103,889,125,3,0
93,890,115,3,0
94,890,116,3,0
95,890,73,0,3
96,890,118,3,0
103,890,125,3,0
93,891,115,3,0
94,891,116,3,0
95,891,73,0,3
96,891,118,3,0
103,891,125,3,0
93,892,115,3,0
94,892,116,3,0
95,892,73,0,3
96,892,118,3,0
103,892,125,3,0
93,893,115,3,0
94,893,116,3,0
95,893,73,0,3
96,893,118,3,0
103,893,125,3,0
93,894,115,3,0
94,894,116,3,0
95,894,73,0,3
103,894,125,3,0
93,895,115,3,0
103,895,125,3,0
93,897,115,3,0
92,898,70,0,3
93,898,115,3,0
106,898,84,0,3
91,899,69,0,3
92,899,70,0,3
93,899,115,3,0
106,899,84,0,3
107,899,85,0,3
91,900,69,0,3
92,900,70,0,3
93,900,115,3,0
106,900,84,0,3
107,900,85,0,3
108,900,130,3,0
89,901,111,3,0
91,901,69,0,3
92,901,70,0,3
93,901,115,3,0
106,901,84,0,3
107,901,85,0,3
108,901,130,3,0
109,901,87,0,3
111,902,133,3,0
113,902,91,0,3
115,902,137,3,0
126,902,148,3,0
128,902,106,0,3
129,902,107,0,3
130,902,152,3,0
111,903,133,3,0
113,903,91,0,3
115,903,137,3,0
126,903,148,3,0
128,903,106,0,3
129,903,107,0,3
130,903,152,3,0
113,904,91,0,3
115,904,137,3,0
126,904,148,3,0
128,904,106,0,3
129,904,107,0,3
113,905,91,0,3
115,905,137,3,0
126,905,148,3,0
128,905,106,0,3
115,906,137,3,0
126,906,148,3,0
115,907,137,3,0
126,907,148,3,0
115,908,137,3,0
116,908,138,3,0
126,908,148,3,0
115,909,137,3,0
116,909,138,3,0
117,909,95,0,3
125,909,147,3,0
126,909,148,3,0
115,910,137,3,0
116,910,138,3,0
117,910,95,0,3
125,910,147,3,0
126,910,148,3,0
115,911,137,3,0
116,911,138,3,0
117,911,95,0,3
125,911,147,3,0
126,911,148,3,0
115,912,137,3,0
116,912,138,3,0
117,912,95,0,3
125,912,147,3,0
126,912,148,3,0
115,913,137,3,0
116,913,138,3,0
117,913,95,0,3
125,913,147,3,0
126,913,148,3,0
115,914,137,3,0
116,914,138,3,0
117,914,95,0,3
125,914,147,3,0
126,914,148,3,0
115,915,137,3,0
116,915,138,3,0
117,915,95,0,3
125,915,147,3,0
126,915,148,3,0
115,916,137,3,0
116,916,138,3,0
117,916,95,0,3
125,916,147,3,0
126,916,148,3,0
115,917,137,3,0
116,917,138,3,0
125,917,147,3,0
126,917,148,3,0
126,918,148,3,0
115,919,137,3,0
126,919,148,3,0
115,920,137,3,0
126,920,148,3,0
128,920,106,0,3
113,921,91,0,3
115,921,137,3,0
126,921,148,3,0
128,921,106,0,3
129,921,107,0,3
113,922,91,0,3
115,922,137,3,0
126,922,148,3,0
128,922,106,0,3
129,922,107,0,3
130,922,152,3,0
111,923,133,3,0
113,923,91,0,3
115,923,137,3,0
126,923,148,3,0
128,923,106,0,3
129,923,107,0,3
130,923,152,3,0
133,924,155,3,0
135,924,113,0,3
137,924,159,3,0
148,924,170,3,0
149,924,171,3,0
151,924,129,0,3
152,924,174,3,0
153,924,131,0,3
133,925,155,3,0
135,925,113,0,3
137,925,159,3,0
148,925,170,3,0
149,925,171,3,0
151,925,129,0,3
152,925,174,3,0
135,926,113,0,3
137,926,159,3,0
148,926,170,3,0
149,926,171,3,0
151,926,129,0,3
135,927,113,0,3
137,927,159,3,0
148,927,170,3,0
149,927,171,3,0
137,928,159,3,0
148,928,170,3,0
149,928,171,3,0
137,929,159,3,0
148,929,170,3,0
137,930,159,3,0
138,930,160,3,0
148,930,170,3,0
137,931,159,3,0
138,931,160,3,0
139,931,117,0,3
147,931,169,3,0
148,931,170,3,0
137,932,159,3,0
138,932,160,3,0
139,932,117,0,3
147,932,169,3,0
148,932,170,3,0
137,933,159,3,0
138,933,160,3,0
139,933,117,0,3
147,933,169,3,0
148,933,170,3,0
137,934,159,3,0
138,934,160,3,0
139,934,117,0,3
147,934,169,3,0
148,934,170,3,0
137,935,159,3,0
138,935,160,3,0
139,935,117,0,3
147,935,169,3,0
148,935,170,3,0
137,936,159,3,0
138,936,160,3,0
139,936,117,0,3
147,936,169,3,0
148,936,170,3,0
137,937,159,3,0
138,937,160,3,0
139,937,117,0,3
147,937,169,3,0
148,937,170,3,0
137,938,159,3,0
138,938,160,3,0
139,938,117,0,3
147,938,169,3,0
148,938,170,3,0
137,939,159,3,0
147,939,169,3,0
148,939,170,3,0
148,940,170,3,0
137,941,159,3,0
148,941,170,3,0
149,941,171,3,0
137,942,159,3,0
148,942,170,3,0
149,942,171,3,0
135,943,113,0,3
137,943,159,3,0
148,943,170,3,0
149,943,171,3,0
151,943,129,0,3
135,944,113,0,3
137,944,159,3,0
148,944,170,3,0
149,944,171,3,0
151,944,129,0,3
152,944,174,3,0
133,945,155,3,0
135,945,113,0,3
137,945,159,3,0
148,945,170,3,0
149,945,171,3,0
151,945,129,0,3
152,945,174,3,0
153,945,131,0,3
155,946,177,3,0
157,946,135,0,3
170,946,192,3,0
171,946,193,3,0
173,946,151,0,3
174,946,196,3,0
175,946,153,0,3
155,947,177,3,0
157,947,135,0,3
170,947,192,3,0
171,947,193,3,0
173,947,151,0,3
174,947,196,3,0
157,948,135,0,3
170,948,192,3,0
171,948,193,3,0
173,948,151,0,3
157,949,135,0,3
170,949,192,3,0
171,949,193,3,0
170,950,192,3,0
171,950,193,3,0
170,951,192,3,0
160,952,182,3,0
170,952,192,3,0
160,953,182,3,0
161,953,139,0,3
170,953,192,3,0
160,954,182,3,0
161,954,139,0,3
170,954,192,3,0
160,955,182,3,0
161,955,139,0,3
170,955,192,3,0
160,956,182,3,0
161,956,139,0,3
164,956,142,0,3
170,956,192,3,0
160,957,182,3,0
161,957,139,0,3
164,957,142,0,3
170,957,192,3,0
160,958,182,3,0
161,958,139,0,3
170,958,192,3,0
160,959,182,3,0
161,959,139,0,3
170,959,192,3,0
160,960,182,3,0
161,960,139,0,3
170,960,192,3,0
160,961,182,3,0
170,961,192,3,0
170,962,192,3,0
170,963,192,3,0
171,963,193,3,0
170,964,192,3,0
171,964,193,3,0
157,965,135,0,3
170,965,192,3,0
171,965,193,3,0
173,965,151,0,3
157,966,135,0,3
170,966,192,3,0
171,966,193,3,0
173,966,151,0,3
174,966,196,3,0
155,967,177,3,0
157,967,135,0,3
170,967,192,3,0
171,967,193,3,0
173,967,151,0,3
174,967,196,3,0
175,967,153,0,3
176,968,154,0,2
177,968,199,3,0
179,968,157,0,3
192,968,214,3,0
193,968,215,3,0
195,968,173,0,3
196,968,218,3,0
197,968,175,0,3
177,969,199,3,0
179,969,157,0,3
192,969,214,3,0
193,969,215,3,0
195,969,173,0,3
196,969,218,3,0
179,970,157,0,3
192,970,214,3,0
193,970,215,3,0
195,970,173,0,3
179,971,157,0,3
192,971,214,3,0
193,971,215,3,0
192,972,214,3,0
193,972,215,3,0
192,973,214,3,0
182,974,204,3,0
192,974,214,3,0
182,975,204,3,0
192,975,214,3,0
182,976,204,3,0
192,976,214,3,0
182,977,204,3,0
192,977,214,3,0
182,978,204,3,0
186,978,164,0,3
192,978,214,3,0
182,979,204,3,0
186,979,164,0,3
187,979,165,0,3
192,979,214,3,0
182,980,204,3,0
192,980,214,3,0
182,981,204,3,0
192,981,214,3,0
182,982,204,3,0
192,982,214,3,0
192,983,214,3,0
192,984,214,3,0
192,985,214,3,0
193,985,215,3,0
192,986,214,3,0
193,986,215,3,0
179,987,157,0,3
192,987,214,3,0
193,987,215,3,0
195,987,173,0,3
179,988,157,0,3
192,988,214,3,0
193,988,215,3,0
195,988,173,0,3
196,988,218,3,0
177,989,199,3,0
179,989,157,0,3
192,989,214,3,0
193,989,215,3,0
195,989,173,0,3
196,989,218,3,0
197,989,175,0,3
198,990,176,0,2
200,990,178,0,3
215,990,237,3,0
217,990,195,0,3
218,990,240,3,0
219,990,197,0,3
200,991,178,0,3
215,991,237,3,0
217,991,195,0,3
218,991,240,3,0
200,992,178,0,3
215,992,237,3,0
217,992,195,0,3
215,993,237,3,0
215,994,237,3,0
204,996,226,3,0
204,997,226,3,0
204,998,226,3,0
204,999,226,3,0
204,1000,226,3,0
204,1001,226,3,0
209,1001,187,0,3
204,1002,226,3,0
204,1003,226,3,0
204,1004,226,3,0
204,1005,226,3,0
215,1007,237,3,0
215,1008,237,3,0
215,1009,237,3,0
217,1009,195,0,3
200,1010,178,0,3
215,1010,237,3,0
217,1010,195,0,3
218,1010,240,3,0
200,1011,178,0,3
215,1011,237,3,0
217,1011,195,0,3
218,1011,240,3,0
219,1011,197,0,3
220,1012,198,0,2
222,1012,200,0,3
237,1012,259,3,0
240,1012,262,3,0
241,1012,219,0,3
222,1013,200,0,3
237,1013,259,3,0
240,1013,262,3,0
222,1014,200,0,3
237,1014,259,3,0
237,1015,259,3,0
237,1016,259,3,0
226,1018,248,3,0
226,1019,248,3,0
226,1020,248,3,0
226,1021,248,3,0
226,1022,248,3,0
226,1023,248,3,0
231,1023,209,0,3
226,1024,248,3,0
226,1025,248,3,0
226,1026,248,3,0
237,1029,259,3,0
237,1030,259,3,0
237,1031,259,3,0
222,1032,200,0,3
237,1032,259,3,0
240,1032,262,3,0
222,1033,200,0,3
237,1033,259,3,0
240,1033,262,3,0
241,1033,219,0,3
245,1034,223,0,3
259,1034,281,3,0
263,1034,241,0,3
245,1035,223,0,3
259,1035,281,3,0
245,1036,223,0,3
259,1036,281,3,0
245,1037,223,0,3
259,1037,281,3,0
259,1038,281,3,0
248,1040,270,3,0
248,1041,270,3,0
248,1042,270,3,0
248,1043,270,3,0
255,1043,233,0,3
248,1044,270,3,0
255,1044,233,0,3
248,1045,270,3,0
253,1045,231,0,3
255,1045,233,0,3
248,1046,270,3,0
255,1046,233,0,3
248,1047,270,3,0
255,1047,233,0,3
248,1048,270,3,0
248,1049,270,3,0
259,1051,281,3,0
259,1052,281,3,0
245,1053,223,0,3
259,1053,281,3,0
245,1054,223,0,3
259,1054,281,3,0
245,1055,223,0,3
259,1055,281,3,0
263,1055,241,0,3
266,1056,288,3,0
267,1056,245,0,3
280,1056,258,0,3
281,1056,303,3,0
285,1056,263,0,3
266,1057,288,3,0
267,1057,245,0,3
280,1057,258,0,3
281,1057,303,3,0
266,1058,288,3,0
267,1058,245,0,3
280,1058,258,0,3
281,1058,303,3,0
267,1059,245,0,3
280,1059,258,0,3
281,1059,303,3,0
280,1060,258,0,3
281,1060,303,3,0
280,1061,258,0,3
270,1062,292,3,0
280,1062,258,0,3
270,1063,292,3,0
280,1063,258,0,3
270,1064,292,3,0
280,1064,258,0,3
270,1065,292,3,0
277,1065,255,0,3
280,1065,258,0,3
270,1066,292,3,0
277,1066,255,0,3
280,1066,258,0,3
270,1067,292,3,0
275,1067,253,0,3
277,1067,255,0,3
280,1067,258,0,3
270,1068,292,3,0
277,1068,255,0,3
280,1068,258,0,3
270,1069,292,3,0
277,1069,255,0,3
280,1069,258,0,3
270,1070,292,3,0
280,1070,258,0,3
280,1071,258,0,3
280,1072,258,0,3
280,1073,258,0,3
281,1073,303,3,0
280,1074,258,0,3
281,1074,303,3,0
267,1075,245,0,3
280,1075,258,0,3
281,1075,303,3,0
266,1076,288,3,0
267,1076,245,0,3
280,1076,258,0,3
281,1076,303,3,0
266,1077,288,3,0
267,1077,245,0,3
280,1077,258,0,3
281,1077,303,3,0
285,1077,263,0,3
289,1078,267,0,3
303,1078,325,3,0
307,1078,285,0,3
289,1079,267,0,3
303,1079,325,3,0
289,1080,267,0,3
303,1080,325,3,0
289,1081,267,0,3
303,1081,325,3,0
303,1082,325,3,0
292,1084,314,3,0
292,1085,314,3,0
292,1086,314,3,0
292,1087,314,3,0
292,1088,314,3,0
292,1089,314,3,0
297,1089,275,0,3
292,1090,314,3,0
292,1091,314,3,0
292,1092,314,3,0
292,1093,314,3,0
303,1095,325,3,0
303,1096,325,3,0
289,1097,267,0,3
303,1097,325,3,0
289,1098,267,0,3
303,1098,325,3,0
289,1099,267,0,3
303,1099,325,3,0
307,1099,285,0,3
308,1100,330,2,0
311,1100,289,0,3
325,1100,347,3,0
327,1100,349,3,0
329,1100,307,0,3
311,1101,289,0,3
325,1101,347,3,0
327,1101,349,3,0
311,1102,289,0,3
325,1102,347,3,0
327,1102,349,3,0
311,1103,289,0,3
325,1103,347,3,0
325,1104,347,3,0
314,1106,336,3,0
314,1107,336,3,0
314,1108,336,3,0
314,1109,336,3,0
314,1110,336,3,0
314,1111,336,3,0
319,1111,297,0,3
314,1112,336,3,0
314,1113,336,3,0
314,1114,336,3,0
325,1117,347,3,0
325,1118,347,3,0
311,1119,289,0,3
325,1119,347,3,0
327,1119,349,3,0
311,1120,289,0,3
325,1120,347,3,0
327,1120,349,3,0
311,1121,289,0,3
325,1121,347,3,0
327,1121,349,3,0
329,1121,307,0,3
330,1122,352,2,0
332,1122,354,3,0
333,1122,311,0,3
335,1122,357,3,0
347,1122,369,3,0
349,1122,371,3,0
351,1122,329,0,3
332,1123,354,3,0
333,1123,311,0,3
335,1123,357,3,0
347,1123,369,3,0
349,1123,371,3,0
332,1124,354,3,0
333,1124,311,0,3
335,1124,357,3,0
347,1124,369,3,0
349,1124,371,3,0
333,1125,311,0,3
335,1125,357,3,0
347,1125,369,3,0
335,1126,357,3,0
347,1126,369,3,0
335,1127,357,3,0
335,1128,357,3,0
336,1128,358,3,0
335,1129,357,3,0
336,1129,358,3,0
335,1130,357,3,0
336,1130,358,3,0
335,1131,357,3,0
336,1131,358,3,0
335,1132,357,3,0
336,1132,358,3,0
335,1133,357,3,0
336,1133,358,3,0
341,1133,319,0,3
335,1134,357,3,0
336,1134,358,3,0
335,1135,357,3,0
336,1135,358,3,0
335,1136,357,3,0
336,1136,358,3,0
335,1137,357,3,0
336,1137,358,3,0
335,1139,357,3,0
347,1139,369,3,0
335,1140,357,3,0
347,1140,369,3,0
333,1141,311,0,3
335,1141,357,3,0
347,1141,369,3,0
349,1141,371,3,0
332,1142,354,3,0
333,1142,311,0,3
335,1142,357,3,0
347,1142,369,3,0
349,1142,371,3,0
332,1143,354,3,0
333,1143,311,0,3
335,1143,357,3,0
347,1143,369,3,0
349,1143,371,3,0
351,1143,329,0,3
352,1144,374,2,0
354,1144,376,3,0
355,1144,333,0,3
357,1144,379,3,0
369,1144,391,3,0
371,1144,393,3,0
354,1145,376,3,0
355,1145,333,0,3
357,1145,379,3,0
369,1145,391,3,0
371,1145,393,3,0
354,1146,376,3,0
355,1146,333,0,3
357,1146,379,3,0
369,1146,391,3,0
371,1146,393,3,0
355,1147,333,0,3
357,1147,379,3,0
369,1147,391,3,0
357,1148,379,3,0
369,1148,391,3,0
357,1149,379,3,0
357,1150,379,3,0
358,1150,380,3,0
357,1151,379,3,0
358,1151,380,3,0
357,1152,379,3,0
358,1152,380,3,0
357,1153,379,3,0
358,1153,380,3,0
357,1154,379,3,0
358,1154,380,3,0
362,1154,340,0,3
357,1155,379,3,0
358,1155,380,3,0
362,1155,340,0,3
363,1155,341,0,3
357,1156,379,3,0
358,1156,380,3,0
357,1157,379,3,0
358,1157,380,3,0
357,1158,379,3,0
358,1158,380,3,0
357,1159,379,3,0
357,1161,379,3,0
369,1161,391,3,0
357,1162,379,3,0
369,1162,391,3,0
355,1163,333,0,3
357,1163,379,3,0
369,1163,391,3,0
371,1163,393,3,0
354,1164,376,3,0
355,1164,333,0,3
357,1164,379,3,0
369,1164,391,3,0
371,1164,393,3,0
354,1165,376,3,0
355,1165,333,0,3
357,1165,379,3,0
369,1165,391,3,0
371,1165,393,3,0
374,1166,396,2,0
377,1166,355,0,3
379,1166,401,3,0
391,1166,413,3,0
377,1167,355,0,3
379,1167,401,3,0
391,1167,413,3,0
377,1168,355,0,3
379,1168,401,3,0
391,1168,413,3,0
377,1169,355,0,3
379,1169,401,3,0
391,1169,413,3,0
379,1170,401,3,0
391,1170,413,3,0
379,1171,401,3,0
379,1172,401,3,0
380,1172,402,3,0
379,1173,401,3,0
380,1173,402,3,0
389,1173,411,3,0
379,1174,401,3,0
380,1174,402,3,0
389,1174,411,3,0
379,1175,401,3,0
380,1175,402,3,0
389,1175,411,3,0
379,1176,401,3,0
380,1176,402,3,0
384,1176,362,0,3
389,1176,411,3,0
379,1177,401,3,0
380,1177,402,3,0
384,1177,362,0,3
385,1177,363,0,3
389,1177,411,3,0
379,1178,401,3,0
380,1178,402,3,0
389,1178,411,3,0
379,1179,401,3,0
380,1179,402,3,0
389,1179,411,3,0
379,1180,401,3,0
380,1180,402,3,0
389,1180,411,3,0
379,1181,401,3,0
380,1181,402,3,0
389,1181,411,3,0
379,1183,401,3,0
391,1183,413,3,0
379,1184,401,3,0
391,1184,413,3,0
377,1185,355,0,3
379,1185,401,3,0
391,1185,413,3,0
377,1186,355,0,3
379,1186,401,3,0
391,1186,413,3,0
377,1187,355,0,3
379,1187,401,3,0
391,1187,413,3,0
396,1188,418,2,0
398,1188,420,3,0
399,1188,377,0,3
401,1188,423,3,0
412,1188,390,0,3
413,1188,435,3,0
414,1188,436,3,0
417,1188,439,3,0
398,1189,420,3,0
399,1189,377,0,3
401,1189,423,3,0
412,1189,390,0,3
413,1189,435,3,0
414,1189,436,3,0
398,1190,420,3,0
399,1190,377,0,3
401,1190,423,3,0
412,1190,390,0,3
413,1190,435,3,0
414,1190,436,3,0
399,1191,377,0,3
401,1191,423,3,0
412,1191,390,0,3
413,1191,435,3,0
414,1191,436,3,0
401,1192,423,3,0
412,1192,390,0,3
413,1192,435,3,0
401,1193,423,3,0
412,1193,390,0,3
401,1194,423,3,0
402,1194,424,3,0
412,1194,390,0,3
401,1195,423,3,0
402,1195,424,3,0
411,1195,433,3,0
412,1195,390,0,3
401,1196,423,3,0
402,1196,424,3,0
411,1196,433,3,0
412,1196,390,0,3
401,1197,423,3,0
402,1197,424,3,0
411,1197,433,3,0
412,1197,390,0,3
401,1198,423,3,0
402,1198,424,3,0
406,1198,384,0,3
411,1198,433,3,0
412,1198,390,0,3
401,1199,423,3,0
402,1199,424,3,0
406,1199,384,0,3
407,1199,385,0,3
411,1199,433,3,0
412,1199,390,0,3
401,1200,423,3,0
402,1200,424,3,0
411,1200,433,3,0
412,1200,390,0,3
401,1201,423,3,0
402,1201,424,3,0
411,1201,433,3,0
412,1201,390,0,3
401,1202,423,3,0
402,1202,424,3,0
411,1202,433,3,0
412,1202,390,0,3
401,1203,423,3,0
411,1203,433,3,0
412,1203,390,0,3
412,1204,390,0,3
401,1205,423,3,0
412,1205,390,0,3
413,1205,435,3,0
401,1206,423,3,0
412,1206,390,0,3
413,1206,435,3,0
414,1206,436,3,0
399,1207,377,0,3
401,1207,423,3,0
412,1207,390,0,3
413,1207,435,3,0
414,1207,436,3,0
398,1208,420,3,0
399,1208,377,0,3
401,1208,423,3,0
412,1208,390,0,3
413,1208,435,3,0
414,1208,436,3,0
398,1209,420,3,0
399,1209,377,0,3
401,1209,423,3,0
412,1209,390,0,3
413,1209,435,3,0
414,1209,436,3,0
417,1209,439,3,0
418,1210,440,2,0
420,1210,442,3,0
421,1210,399,0,3
423,1210,445,3,0
435,1210,457,3,0
436,1210,458,3,0
439,1210,461,3,0
420,1211,442,3,0
421,1211,399,0,3
423,1211,445,3,0
435,1211,457,3,0
436,1211,458,3,0
420,1212,442,3,0
421,1212,399,0,3
423,1212,445,3,0
435,1212,457,3,0
436,1212,458,3,0
421,1213,399,0,3
423,1213,445,3,0
435,1213,457,3,0
436,1213,458,3,0
423,1214,445,3,0
435,1214,457,3,0
423,1215,445,3,0
423,1216,445,3,0
424,1216,446,3,0
423,1217,445,3,0
424,1217,446,3,0
433,1217,455,3,0
423,1218,445,3,0
424,1218,446,3,0
433,1218,455,3,0
423,1219,445,3,0
424,1219,446,3,0
433,1219,455,3,0
423,1220,445,3,0
424,1220,446,3,0
428,1220,406,0,3
433,1220,455,3,0
423,1221,445,3,0
424,1221,446,3,0
428,1221,406,0,3
429,1221,407,0,3
433,1221,455,3,0
423,1222,445,3,0
424,1222,446,3,0
433,1222,455,3,0
423,1223,445,3,0
424,1223,446,3,0
433,1223,455,3,0
423,1224,445,3,0
424,1224,446,3,0
433,1224,455,3,0
423,1225,445,3,0
424,1225,446,3,0
433,1225,455,3,0
423,1227,445,3,0
435,1227,457,3,0
423,1228,445,3,0
435,1228,457,3,0
436,1228,458,3,0
421,1229,399,0,3
423,1229,445,3,0
435,1229,457,3,0
436,1229,458,3,0
420,1230,442,3,0
421,1230,399,0,3
423,1230,445,3,0
435,1230,457,3,0
436,1230,458,3,0
420,1231,442,3,0
421,1231,399,0,3
423,1231,445,3,0
435,1231,457,3,0
436,1231,458,3,0
439,1231,461,3,0
440,1232,462,2,0
443,1232,421,0,3
445,1232,467,3,0
457,1232,479,3,0
458,1232,480,3,0
461,1232,483,3,0
443,1233,421,0,3
445,1233,467,3,0
457,1233,479,3,0
458,1233,480,3,0
443,1234,421,0,3
445,1234,467,3,0
457,1234,479,3,0
458,1234,480,3,0
443,1235,421,0,3
445,1235,467,3,0
457,1235,479,3,0
458,1235,480,3,0
445,1236,467,3,0
457,1236,479,3,0
445,1237,467,3,0
445,1238,467,3,0
446,1238,468,3,0
445,1239,467,3,0
446,1239,468,3,0
455,1239,477,3,0
445,1240,467,3,0
446,1240,468,3,0
455,1240,477,3,0
445,1241,467,3,0
446,1241,468,3,0
453,1241,475,3,0
455,1241,477,3,0
445,1242,467,3,0
446,1242,468,3,0
450,1242,428,0,3
453,1242,475,3,0
455,1242,477,3,0
445,1243,467,3,0
446,1243,468,3,0
450,1243,428,0,3
451,1243,429,0,3
453,1243,475,3,0
455,1243,477,3,0
445,1244,467,3,0
446,1244,468,3,0
453,1244,475,3,0
455,1244,477,3,0
445,1245,467,3,0
446,1245,468,3,0
453,1245,475,3,0
455,1245,477,3,0
445,1246,467,3,0
446,1246,468,3,0
455,1246,477,3,0
445,1247,467,3,0
455,1247,477,3,0
445,1249,467,3,0
457,1249,479,3,0
445,1250,467,3,0
457,1250,479,3,0
458,1250,480,3,0
443,1251,421,0,3
445,1251,467,3,0
457,1251,479,3,0
458,1251,480,3,0
443,1252,421,0,3
445,1252,467,3,0
457,1252,479,3,0
458,1252,480,3,0
443,1253,421,0,3
445,1253,467,3,0
457,1253,479,3,0
458,1253,480,3,0
461,1253,483,3,0
462,1254,484,2,0
465,1254,443,0,3
467,1254,489,3,0
479,1254,501,3,0
480,1254,502,3,0
483,1254,505,3,0
465,1255,443,0,3
467,1255,489,3,0
479,1255,501,3,0
480,1255,502,3,0
465,1256,443,0,3
467,1256,489,3,0
479,1256,501,3,0
480,1256,502,3,0
465,1257,443,0,3
467,1257,489,3,0
479,1257,501,3,0
480,1257,502,3,0
467,1258,489,3,0
479,1258,501,3,0
467,1259,489,3,0
467,1260,489,3,0
468,1260,490,3,0
467,1261,489,3,0
468,1261,490,3,0
477,1261,499,3,0
467,1262,489,3,0
468,1262,490,3,0
477,1262,499,3,0
467,1263,489,3,0
468,1263,490,3,0
477,1263,499,3,0
467,1264,489,3,0
468,1264,490,3,0
472,1264,450,0,3
477,1264,499,3,0
467,1265,489,3,0
468,1265,490,3,0
472,1265,450,0,3
473,1265,451,0,3
477,1265,499,3,0
467,1266,489,3,0
468,1266,490,3,0
477,1266,499,3,0
467,1267,489,3,0
468,1267,490,3,0
477,1267,499,3,0
467,1268,489,3,0
468,1268,490,3,0
477,1268,499,3,0
467,1269,489,3,0
468,1269,490,3,0
477,1269,499,3,0
467,1271,489,3,0
479,1271,501,3,0
467,1272,489,3,0
479,1272,501,3,0
480,1272,502,3,0
465,1273,443,0,3
467,1273,489,3,0
479,1273,501,3,0
480,1273,502,3,0
465,1274,443,0,3
467,1274,489,3,0
479,1274,501,3,0
480,1274,502,3,0
465,1275,443,0,3
467,1275,489,3,0
479,1275,501,3,0
480,1275,502,3,0
483,1275,505,3,0
484,1276,506,2,0
487,1276,465,0,3
489,1276,511,3,0
501,1276,523,3,0
502,1276,524,3,0
505,1276,527,3,0
487,1277,465,0,3
489,1277,511,3,0
501,1277,523,3,0
502,1277,524,3,0
487,1278,465,0,3
489,1278,511,3,0
501,1278,523,3,0
502,1278,524,3,0
487,1279,465,0,3
489,1279,511,3,0
501,1279,523,3,0
502,1279,524,3,0
489,1280,511,3,0
501,1280,523,3,0
489,1281,511,3,0
489,1282,511,3,0
490,1282,512,3,0
489,1283,511,3,0
490,1283,512,3,0
499,1283,521,3,0
489,1284,511,3,0
490,1284,512,3,0
499,1284,521,3,0
489,1285,511,3,0
490,1285,512,3,0
497,1285,519,3,0
499,1285,521,3,0
489,1286,511,3,0
490,1286,512,3,0
494,1286,472,0,3
497,1286,519,3,0
499,1286,521,3,0
489,1287,511,3,0
490,1287,512,3,0
494,1287,472,0,3
495,1287,473,0,3
497,1287,519,3,0
499,1287,521,3,0
489,1288,511,3,0
490,1288,512,3,0
497,1288,519,3,0
499,1288,521,3,0
489,1289,511,3,0
490,1289,512,3,0
497,1289,519,3,0
499,1289,521,3,0
489,1290,511,3,0
490,1290,512,3,0
499,1290,521,3,0
489,1291,511,3,0
499,1291,521,3,0
489,1293,511,3,0
501,1293,523,3,0
489,1294,511,3,0
501,1294,523,3,0
502,1294,524,3,0
487,1295,465,0,3
489,1295,511,3,0
501,1295,523,3,0
502,1295,524,3,0
487,1296,465,0,3
489,1296,511,3,0
501,1296,523,3,0
502,1296,524,3,0
487,1297,465,0,3
489,1297,511,3,0
501,1297,523,3,0
502,1297,524,3,0
505,1297,527,3,0
509,1298,487,0,3
523,1298,545,3,0
524,1298,546,3,0
527,1298,549,3,0
509,1299,487,0,3
523,1299,545,3,0
524,1299,546,3,0
509,1300,487,0,3
523,1300,545,3,0
524,1300,546,3,0
509,1301,487,0,3
523,1301,545,3,0
524,1301,546,3,0
523,1302,545,3,0
512,1304,534,3,0
512,1305,534,3,0
521,1305,543,3,0
512,1306,534,3,0
521,1306,543,3,0
512,1307,534,3,0
521,1307,543,3,0
512,1308,534,3,0
516,1308,494,0,3
521,1308,543,3,0
512,1309,534,3,0
516,1309,494,0,3
517,1309,495,0,3
521,1309,543,3,0
512,1310,534,3,0
521,1310,543,3,0
512,1311,534,3,0
521,1311,543,3,0
512,1312,534,3,0
521,1312,543,3,0
512,1313,534,3,0
521,1313,543,3,0
523,1315,545,3,0
523,1316,545,3,0
524,1316,546,3,0
509,1317,487,0,3
523,1317,545,3,0
524,1317,546,3,0
509,1318,487,0,3
523,1318,545,3,0
524,1318,546,3,0
509,1319,487,0,3
523,1319,545,3,0
524,1319,546,3,0
527,1319,549,3,0
531,1320,509,0,3
533,1320,555,3,0
545,1320,567,3,0
546,1320,568,3,0
549,1320,571,3,0
531,1321,509,0,3
533,1321,555,3,0
545,1321,567,3,0
546,1321,568,3,0
531,1322,509,0,3
533,1322,555,3,0
545,1322,567,3,0
546,1322,568,3,0
531,1323,509,0,3
533,1323,555,3,0
545,1323,567,3,0
546,1323,568,3,0
533,1324,555,3,0
545,1324,567,3,0
533,1325,555,3,0
533,1326,555,3,0
534,1326,556,3,0
533,1327,555,3,0
534,1327,556,3,0
543,1327,565,3,0
533,1328,555,3,0
534,1328,556,3,0
543,1328,565,3,0
533,1329,555,3,0
534,1329,556,3,0
543,1329,565,3,0
533,1330,555,3,0
534,1330,556,3,0
538,1330,516,0,3
543,1330,565,3,0
533,1331,555,3,0
534,1331,556,3,0
538,1331,516,0,3
539,1331,517,0,3
543,1331,565,3,0
533,1332,555,3,0
534,1332,556,3,0
543,1332,565,3,0
533,1333,555,3,0
534,1333,556,3,0
543,1333,565,3,0
533,1334,555,3,0
534,1334,556,3,0
543,1334,565,3,0
533,1335,555,3,0
543,1335,565,3,0
533,1337,555,3,0
545,1337,567,3,0
533,1338,555,3,0
545,1338,567,3,0
546,1338,568,3,0
531,1339,509,0,3
533,1339,555,3,0
545,1339,567,3,0
546,1339,568,3,0
531,1340,509,0,3
533,1340,555,3,0
545,1340,567,3,0
546,1340,568,3,0
531,1341,509,0,3
533,1341,555,3,0
545,1341,567,3,0
546,1341,568,3,0
549,1341,571,3,0
553,1342,531,0,3
567,1342,589,3,0
568,1342,590,3,0
571,1342,593,3,0
553,1343,531,0,3
567,1343,589,3,0
568,1343,590,3,0
553,1344,531,0,3
567,1344,589,3,0
568,1344,590,3,0
553,1345,531,0,3
567,1345,589,3,0
568,1345,590,3,0
567,1346,589,3,0
557,1349,579,3,0
557,1350,579,3,0
557,1351,579,3,0
557,1352,579,3,0
560,1352,538,0,3
557,1353,579,3,0
560,1353,538,0,3
561,1353,539,0,3
557,1354,579,3,0
557,1355,579,3,0
557,1356,579,3,0
567,1359,589,3,0
567,1360,589,3,0
568,1360,590,3,0
553,1361,531,0,3
567,1361,589,3,0
568,1361,590,3,0
553,1362,531,0,3
567,1362,589,3,0
568,1362,590,3,0
553,1363,531,0,3
567,1363,589,3,0
568,1363,590,3,0
571,1363,593,3,0
575,1364,553,0,3
589,1364,611,3,0
590,1364,612,3,0
593,1364,615,3,0
575,1365,553,0,3
589,1365,611,3,0
590,1365,612,3,0
575,1366,553,0,3
589,1366,611,3,0
590,1366,612,3,0
575,1367,553,0,3
589,1367,611,3,0
590,1367,612,3,0
589,1368,611,3,0
585,1373,563,0,3
582,1374,560,0,3
585,1374,563,0,3
582,1375,560,0,3
583,1375,561,0,3
585,1375,563,0,3
585,1376,563,0,3
585,1377,563,0,3
589,1381,611,3,0
589,1382,611,3,0
590,1382,612,3,0
575,1383,553,0,3
589,1383,611,3,0
590,1383,612,3,0
575,1384,553,0,3
589,1384,611,3,0
590,1384,612,3,0
575,1385,553,0,3
589,1385,611,3,0
590,1385,612,3,0
593,1385,615,3,0
597,1386,575,0,3
611,1386,633,3,0
615,1386,637,3,0
597,1387,575,0,3
611,1387,633,3,0
597,1388,575,0,3
611,1388,633,3,0
597,1389,575,0,3
611,1389,633,3,0
611,1390,633,3,0
601,1393,623,3,0
601,1394,623,3,0
601,1395,623,3,0
607,1395,585,0,3
601,1396,623,3,0
604,1396,582,0,3
607,1396,585,0,3
601,1397,623,3,0
604,1397,582,0,3
605,1397,583,0,3
607,1397,585,0,3
601,1398,623,3,0
607,1398,585,0,3
601,1399,623,3,0
607,1399,585,0,3
601,1400,623,3,0
611,1403,633,3,0
611,1404,633,3,0
597,1405,575,0,3
611,1405,633,3,0
597,1406,575,0,3
611,1406,633,3,0
597,1407,575,0,3
611,1407,633,3,0
615,1407,637,3,0
616,1408,638,2,0
619,1408,597,0,3
633,1408,655,3,0
637,1408,659,3,0
619,1409,597,0,3
633,1409,655,3,0
619,1410,597,0,3
633,1410,655,3,0
619,1411,597,0,3
633,1411,655,3,0
633,1412,655,3,0
623,1415,645,3,0
623,1416,645,3,0
623,1417,645,3,0
629,1417,607,0,3
623,1418,645,3,0
626,1418,604,0,3
629,1418,607,0,3
623,1419,645,3,0
626,1419,604,0,3
627,1419,605,0,3
629,1419,607,0,3
623,1420,645,3,0
629,1420,607,0,3
623,1421,645,3,0
629,1421,607,0,3
623,1422,645,3,0
633,1425,655,3,0
633,1426,655,3,0
619,1427,597,0,3
633,1427,655,3,0
619,1428,597,0,3
633,1428,655,3,0
619,1429,597,0,3
633,1429,655,3,0
637,1429,659,3,0
638,1430,660,2,0
641,1430,619,0,3
655,1430,677,3,0
659,1430,681,3,0
641,1431,619,0,3
655,1431,677,3,0
641,1432,619,0,3
655,1432,677,3,0
641,1433,619,0,3
655,1433,677,3,0
655,1434,677,3,0
645,1437,667,3,0
645,1438,667,3,0
645,1439,667,3,0
651,1439,629,0,3
645,1440,667,3,0
648,1440,626,0,3
651,1440,629,0,3
645,1441,667,3,0
648,1441,626,0,3
649,1441,627,0,3
651,1441,629,0,3
645,1442,667,3,0
651,1442,629,0,3
645,1443,667,3,0
651,1443,629,0,3
645,1444,667,3,0
655,1447,677,3,0
655,1448,677,3,0
641,1449,619,0,3
655,1449,677,3,0
641,1450,619,0,3
655,1450,677,3,0
641,1451,619,0,3
655,1451,677,3,0
659,1451,681,3,0
660,1452,682,2,0
663,1452,641,0,3
677,1452,699,3,0
678,1452,700,3,0
681,1452,703,3,0
663,1453,641,0,3
677,1453,699,3,0
678,1453,700,3,0
663,1454,641,0,3
677,1454,699,3,0
678,1454,700,3,0
663,1455,641,0,3
677,1455,699,3,0
678,1455,700,3,0
677,1456,699,3,0
667,1459,689,3,0
667,1460,689,3,0
667,1461,689,3,0
669,1461,647,0,3
673,1461,651,0,3
667,1462,689,3,0
669,1462,647,0,3
670,1462,648,0,3
673,1462,651,0,3
667,1463,689,3,0
669,1463,647,0,3
670,1463,648,0,3
671,1463,649,0,3
673,1463,651,0,3
667,1464,689,3,0
669,1464,647,0,3
673,1464,651,0,3
667,1465,689,3,0
673,1465,651,0,3
667,1466,689,3,0
677,1469,699,3,0
677,1470,699,3,0
678,1470,700,3,0
663,1471,641,0,3
677,1471,699,3,0
678,1471,700,3,0
663,1472,641,0,3
677,1472,699,3,0
678,1472,700,3,0
663,1473,641,0,3
677,1473,699,3,0
678,1473,700,3,0
681,1473,703,3,0
682,1474,704,2,0
683,1474,661,0,3
699,1474,721,3,0
700,1474,722,3,0
703,1474,725,3,0
683,1475,661,0,3
699,1475,721,3,0
700,1475,722,3,0
699,1476,721,3,0
700,1476,722,3,0
699,1477,721,3,0
700,1477,722,3,0
699,1478,721,3,0
689,1481,711,3,0
689,1482,711,3,0
689,1483,711,3,0
691,1483,669,0,3
695,1483,673,0,3
689,1484,711,3,0
691,1484,669,0,3
692,1484,670,0,3
695,1484,673,0,3
689,1485,711,3,0
691,1485,669,0,3
692,1485,670,0,3
693,1485,671,0,3
695,1485,673,0,3
689,1486,711,3,0
691,1486,669,0,3
695,1486,673,0,3
689,1487,711,3,0
695,1487,673,0,3
689,1488,711,3,0
699,1491,721,3,0
699,1492,721,3,0
700,1492,722,3,0
699,1493,721,3,0
700,1493,722,3,0
699,1494,721,3,0
700,1494,722,3,0
683,1495,661,0,3
699,1495,721,3,0
700,1495,722,3,0
703,1495,725,3,0
704,1496,726,2,0
705,1496,683,0,3
721,1496,743,3,0
722,1496,744,3,0
705,1497,683,0,3
721,1497,743,3,0
722,1497,744,3,0
721,1498,743,3,0
722,1498,744,3,0
721,1499,743,3,0
722,1499,744,3,0
721,1500,743,3,0
711,1503,733,3,0
711,1504,733,3,0
711,1505,733,3,0
713,1505,691,0,3
717,1505,695,0,3
711,1506,733,3,0
713,1506,691,0,3
714,1506,692,0,3
717,1506,695,0,3
711,1507,733,3,0
713,1507,691,0,3
714,1507,692,0,3
715,1507,693,0,3
717,1507,695,0,3
711,1508,733,3,0
713,1508,691,0,3
717,1508,695,0,3
711,1509,733,3,0
717,1509,695,0,3
711,1510,733,3,0
721,1513,743,3,0
721,1514,743,3,0
722,1514,744,3,0
721,1515,743,3,0
722,1515,744,3,0
721,1516,743,3,0
722,1516,744,3,0
705,1517,683,0,3
721,1517,743,3,0
722,1517,744,3,0
726,1518,748,2,0
730,1518,752,3,0
744,1518,766,3,0
745,1518,767,3,0
730,1519,752,3,0
744,1519,766,3,0
745,1519,767,3,0
730,1520,752,3,0
744,1520,766,3,0
745,1520,767,3,0
730,1521,752,3,0
744,1521,766,3,0
730,1522,752,3,0
732,1524,754,3,0
732,1525,754,3,0
732,1526,754,3,0
732,1527,754,3,0
732,1528,754,3,0
738,1528,716,0,3
732,1529,754,3,0
738,1529,716,0,3
732,1530,754,3,0
738,1530,716,0,3
732,1531,754,3,0
732,1532,754,3,0
732,1533,754,3,0
730,1536,752,3,0
744,1536,766,3,0
730,1537,752,3,0
744,1537,766,3,0
745,1537,767,3,0
730,1538,752,3,0
744,1538,766,3,0
745,1538,767,3,0
730,1539,752,3,0
744,1539,766,3,0
745,1539,767,3,0
766,1540,788,3,0
767,1540,789,3,0
766,1541,788,3,0
767,1541,789,3,0
766,1542,788,3,0
767,1542,789,3,0
766,1543,788,3,0
754,1546,776,3,0
754,1547,776,3,0
755,1547,777,3,0
754,1548,776,3,0
755,1548,777,3,0
754,1549,776,3,0
755,1549,777,3,0
754,1550,776,3,0
755,1550,777,3,0
758,1550,736,0,3
760,1550,738,0,3
754,1551,776,3,0
755,1551,777,3,0
758,1551,736,0,3
760,1551,738,0,3
754,1552,776,3,0
755,1552,777,3,0
760,1552,738,0,3
754,1553,776,3,0
755,1553,777,3,0
754,1554,776,3,0
755,1554,777,3,0
766,1558,788,3,0
766,1559,788,3,0
767,1559,789,3,0
766,1560,788,3,0
767,1560,789,3,0
766,1561,788,3,0
767,1561,789,3,0
770,1562,792,2,0
771,1562,749,0,3
773,1562,795,3,0
788,1562,810,3,0
789,1562,811,3,0
790,1562,768,0,3
771,1563,749,0,3
773,1563,795,3,0
788,1563,810,3,0
789,1563,811,3,0
790,1563,768,0,3
773,1564,795,3,0
788,1564,810,3,0
789,1564,811,3,0
773,1565,795,3,0
788,1565,810,3,0
777,1569,799,3,0
777,1570,799,3,0
777,1571,799,3,0
783,1571,805,3,0
777,1572,799,3,0
780,1572,758,0,3
782,1572,760,0,3
783,1572,805,3,0
777,1573,799,3,0
780,1573,758,0,3
781,1573,759,0,3
782,1573,760,0,3
783,1573,805,3,0
777,1574,799,3,0
782,1574,760,0,3
783,1574,805,3,0
777,1575,799,3,0
783,1575,805,3,0
777,1576,799,3,0
788,1580,810,3,0
773,1581,795,3,0
788,1581,810,3,0
789,1581,811,3,0
773,1582,795,3,0
788,1582,810,3,0
789,1582,811,3,0
790,1582,768,0,3
771,1583,749,0,3
773,1583,795,3,0
788,1583,810,3,0
789,1583,811,3,0
790,1583,768,0,3
160,1584,182,3,0
161,1584,139,0,3
170,1584,192,3,0
885,1585,863,0,3
886,1585,864,0,3
93,1586,115,3,0
94,1586,116,3,0
95,1586,73,0,3
96,1586,118,3,0
103,1586,125,3,0
489,1587,511,3,0
490,1587,512,3,0
494,1587,472,0,3
495,1587,473,0,3
497,1587,519,3,0
499,1587,521,3,0
677,1588,699,3,0
445,1590,467,3,0
457,1590,479,3,0
1546,1591,1524,0,3
1547,1591,1525,0,3
1166,1592,1144,0,2
1169,1592,1191,3,0
1171,1592,1149,0,3
1183,1592,1161,0,3
292,1593,314,3,0
903,1594,881,0,3
905,1594,927,3,0
907,1594,885,0,3
918,1594,896,0,3
920,1594,942,3,0
921,1594,943,3,0
922,1594,900,0,3
29,1595,7,0,2
32,1595,54,3,0
34,1595,56,3,0
35,1595,13,0,2
