792,0,814,2,0
793,0,815,3,0
794,0,816,3,0
797,0,819,3,0
808,0,786,0,3
809,0,831,3,0
812,0,834,3,0
793,1,815,3,0
794,1,816,3,0
797,1,819,3,0
808,1,786,0,3
809,1,831,3,0
794,2,816,3,0
797,2,819,3,0
808,2,786,0,3
809,2,831,3,0
797,3,819,3,0
808,3,786,0,3
809,3,831,3,0
797,4,819,3,0
808,4,786,0,3
797,5,819,3,0
797,6,819,3,0
798,6,776,0,3
808,6,786,0,3
797,7,819,3,0
798,7,776,0,3
808,7,786,0,3
797,8,819,3,0
798,8,776,0,3
800,8,778,0,3
808,8,786,0,3
797,9,819,3,0
798,9,776,0,3
800,9,778,0,3
804,9,826,3,0
808,9,786,0,3
797,10,819,3,0
798,10,776,0,3
800,10,778,0,3
803,10,781,0,3
804,10,826,3,0
808,10,786,0,3
797,11,819,3,0
798,11,776,0,3
800,11,778,0,3
803,11,781,0,3
804,11,826,3,0
808,11,786,0,3
797,12,819,3,0
798,12,776,0,3
800,12,778,0,3
804,12,826,3,0
808,12,786,0,3
797,13,819,3,0
798,13,776,0,3
808,13,786,0,3
797,14,819,3,0
798,14,776,0,3
808,14,786,0,3
797,15,819,3,0
808,15,786,0,3
808,16,786,0,3
797,17,819,3,0
808,17,786,0,3
809,17,831,3,0
797,18,819,3,0
808,18,786,0,3
809,18,831,3,0
794,19,816,3,0
797,19,819,3,0
808,19,786,0,3
809,19,831,3,0
793,20,815,3,0
794,20,816,3,0
797,20,819,3,0
808,20,786,0,3
809,20,831,3,0
812,20,834,3,0
792,21,814,2,0
793,21,815,3,0
794,21,816,3,0
797,21,819,3,0
808,21,786,0,3
809,21,831,3,0
812,21,834,3,0
813,21,835,3,0
814,22,836,2,0
815,22,837,3,0
816,22,838,3,0
818,22,796,0,3
819,22,841,3,0
830,22,808,0,3
831,22,853,3,0
815,23,837,3,0
816,23,838,3,0
818,23,796,0,3
819,23,841,3,0
830,23,808,0,3
831,23,853,3,0
816,24,838,3,0
818,24,796,0,3
819,24,841,3,0
830,24,808,0,3
831,24,853,3,0
818,25,796,0,3
819,25,841,3,0
830,25,808,0,3
831,25,853,3,0
818,26,796,0,3
819,26,841,3,0
830,26,808,0,3
819,27,841,3,0
830,27,808,0,3
819,28,841,3,0
820,28,798,0,3
830,28,808,0,3
819,29,841,3,0
820,29,798,0,3
830,29,808,0,3
819,30,841,3,0
820,30,798,0,3
830,30,808,0,3
819,31,841,3,0
820,31,798,0,3
826,31,848,3,0
830,31,808,0,3
819,32,841,3,0
820,32,798,0,3
825,32,803,0,3
826,32,848,3,0
830,32,808,0,3
819,33,841,3,0
820,33,798,0,3
825,33,803,0,3
826,33,848,3,0
830,33,808,0,3
819,34,841,3,0
820,34,798,0,3
826,34,848,3,0
830,34,808,0,3
819,35,841,3,0
820,35,798,0,3
830,35,808,0,3
819,36,841,3,0
820,36,798,0,3
830,36,808,0,3
819,37,841,3,0
830,37,808,0,3
830,38,808,0,3
818,39,796,0,3
819,39,841,3,0
830,39,808,0,3
831,39,853,3,0
818,40,796,0,3
819,40,841,3,0
830,40,808,0,3
831,40,853,3,0
816,41,838,3,0
818,41,796,0,3
819,41,841,3,0
830,41,808,0,3
831,41,853,3,0
815,42,837,3,0
816,42,838,3,0
818,42,796,0,3
819,42,841,3,0
830,42,808,0,3
831,42,853,3,0
814,43,836,2,0
815,43,837,3,0
816,43,838,3,0
818,43,796,0,3
819,43,841,3,0
830,43,808,0,3
831,43,853,3,0
835,43,857,3,0
836,44,858,2,0
837,44,859,3,0
838,44,860,3,0
840,44,818,0,3
841,44,863,3,0
852,44,830,0,3
853,44,875,3,0
854,44,876,3,0
856,44,834,0,3
837,45,859,3,0
838,45,860,3,0
840,45,818,0,3
841,45,863,3,0
852,45,830,0,3
853,45,875,3,0
854,45,876,3,0
838,46,860,3,0
840,46,818,0,3
841,46,863,3,0
852,46,830,0,3
853,46,875,3,0
854,46,876,3,0
840,47,818,0,3
841,47,863,3,0
852,47,830,0,3
853,47,875,3,0
840,48,818,0,3
841,48,863,3,0
852,48,830,0,3
841,49,863,3,0
841,50,863,3,0
852,50,830,0,3
841,51,863,3,0
850,51,828,0,3
852,51,830,0,3
841,52,863,3,0
850,52,828,0,3
852,52,830,0,3
841,53,863,3,0
845,53,823,0,3
848,53,870,3,0
850,53,828,0,3
852,53,830,0,3
841,54,863,3,0
845,54,823,0,3
846,54,824,0,3
847,54,825,0,3
848,54,870,3,0
850,54,828,0,3
852,54,830,0,3
841,55,863,3,0
845,55,823,0,3
847,55,825,0,3
848,55,870,3,0
850,55,828,0,3
852,55,830,0,3
841,56,863,3,0
848,56,870,3,0
850,56,828,0,3
852,56,830,0,3
841,57,863,3,0
850,57,828,0,3
852,57,830,0,3
841,58,863,3,0
850,58,828,0,3
852,58,830,0,3
841,59,863,3,0
852,59,830,0,3
852,60,830,0,3
840,61,818,0,3
841,61,863,3,0
852,61,830,0,3
853,61,875,3,0
840,62,818,0,3
841,62,863,3,0
852,62,830,0,3
853,62,875,3,0
854,62,876,3,0
838,63,860,3,0
840,63,818,0,3
841,63,863,3,0
852,63,830,0,3
853,63,875,3,0
854,63,876,3,0
837,64,859,3,0
838,64,860,3,0
840,64,818,0,3
841,64,863,3,0
852,64,830,0,3
853,64,875,3,0
854,64,876,3,0
856,64,834,0,3
836,65,858,2,0
837,65,859,3,0
838,65,860,3,0
840,65,818,0,3
841,65,863,3,0
852,65,830,0,3
853,65,875,3,0
854,65,876,3,0
856,65,834,0,3
857,65,879,3,0
858,66,880,2,0
862,66,840,0,3
874,66,852,0,3
875,66,897,3,0
876,66,898,3,0
878,66,856,0,3
862,67,840,0,3
874,67,852,0,3
875,67,897,3,0
876,67,898,3,0
862,68,840,0,3
874,68,852,0,3
875,68,897,3,0
876,68,898,3,0
862,69,840,0,3
874,69,852,0,3
875,69,897,3,0
862,70,840,0,3
874,70,852,0,3
874,71,852,0,3
874,72,852,0,3
872,73,850,0,3
874,73,852,0,3
872,74,850,0,3
874,74,852,0,3
867,75,845,0,3
870,75,892,3,0
872,75,850,0,3
874,75,852,0,3
867,76,845,0,3
868,76,846,0,3
869,76,847,0,3
870,76,892,3,0
872,76,850,0,3
874,76,852,0,3
867,77,845,0,3
869,77,847,0,3
870,77,892,3,0
872,77,850,0,3
874,77,852,0,3
870,78,892,3,0
872,78,850,0,3
874,78,852,0,3
872,79,850,0,3
874,79,852,0,3
872,80,850,0,3
874,80,852,0,3
874,81,852,0,3
874,82,852,0,3
862,83,840,0,3
874,83,852,0,3
875,83,897,3,0
862,84,840,0,3
874,84,852,0,3
875,84,897,3,0
876,84,898,3,0
862,85,840,0,3
874,85,852,0,3
875,85,897,3,0
876,85,898,3,0
862,86,840,0,3
874,86,852,0,3
875,86,897,3,0
876,86,898,3,0
878,86,856,0,3
858,87,880,2,0
862,87,840,0,3
874,87,852,0,3
875,87,897,3,0
876,87,898,3,0
878,87,856,0,3
880,88,902,2,0
883,88,861,0,3
884,88,862,0,3
896,88,874,0,3
897,88,919,3,0
900,88,878,0,3
883,89,861,0,3
884,89,862,0,3
896,89,874,0,3
897,89,919,3,0
883,90,861,0,3
884,90,862,0,3
896,90,874,0,3
897,90,919,3,0
883,91,861,0,3
884,91,862,0,3
896,91,874,0,3
897,91,919,3,0
884,92,862,0,3
896,92,874,0,3
886,94,864,0,3
896,94,874,0,3
886,95,864,0,3
894,95,872,0,3
896,95,874,0,3
886,96,864,0,3
894,96,872,0,3
896,96,874,0,3
886,97,864,0,3
889,97,867,0,3
892,97,914,3,0
894,97,872,0,3
896,97,874,0,3
886,98,864,0,3
889,98,867,0,3
891,98,869,0,3
892,98,914,3,0
894,98,872,0,3
896,98,874,0,3
886,99,864,0,3
889,99,867,0,3
891,99,869,0,3
892,99,914,3,0
894,99,872,0,3
896,99,874,0,3
886,100,864,0,3
892,100,914,3,0
894,100,872,0,3
896,100,874,0,3
886,101,864,0,3
894,101,872,0,3
896,101,874,0,3
886,102,864,0,3
894,102,872,0,3
896,102,874,0,3
896,103,874,0,3
896,104,874,0,3
884,105,862,0,3
896,105,874,0,3
897,105,919,3,0
883,106,861,0,3
884,106,862,0,3
896,106,874,0,3
897,106,919,3,0
883,107,861,0,3
884,107,862,0,3
896,107,874,0,3
897,107,919,3,0
883,108,861,0,3
884,108,862,0,3
896,108,874,0,3
897,108,919,3,0
900,108,878,0,3
880,109,902,2,0
883,109,861,0,3
884,109,862,0,3
896,109,874,0,3
897,109,919,3,0
900,109,878,0,3
902,110,924,2,0
904,110,926,3,0
905,110,883,0,3
906,110,884,0,3
918,110,896,0,3
919,110,941,3,0
922,110,900,0,3
904,111,926,3,0
905,111,883,0,3
906,111,884,0,3
918,111,896,0,3
919,111,941,3,0
904,112,926,3,0
905,112,883,0,3
906,112,884,0,3
918,112,896,0,3
919,112,941,3,0
905,113,883,0,3
906,113,884,0,3
918,113,896,0,3
919,113,941,3,0
906,114,884,0,3
918,114,896,0,3
918,115,896,0,3
908,116,886,0,3
918,116,896,0,3
908,117,886,0,3
916,117,894,0,3
918,117,896,0,3
908,118,886,0,3
916,118,894,0,3
918,118,896,0,3
908,119,886,0,3
911,119,889,0,3
914,119,936,3,0
916,119,894,0,3
918,119,896,0,3
908,120,886,0,3
911,120,889,0,3
913,120,891,0,3
914,120,936,3,0
916,120,894,0,3
918,120,896,0,3
908,121,886,0,3
911,121,889,0,3
913,121,891,0,3
914,121,936,3,0
916,121,894,0,3
918,121,896,0,3
908,122,886,0,3
914,122,936,3,0
916,122,894,0,3
918,122,896,0,3
908,123,886,0,3
916,123,894,0,3
918,123,896,0,3
908,124,886,0,3
916,124,894,0,3
918,124,896,0,3
918,125,896,0,3
918,126,896,0,3
906,127,884,0,3
918,127,896,0,3
919,127,941,3,0
905,128,883,0,3
906,128,884,0,3
918,128,896,0,3
919,128,941,3,0
904,129,926,3,0
905,129,883,0,3
906,129,884,0,3
918,129,896,0,3
919,129,941,3,0
904,130,926,3,0
905,130,883,0,3
906,130,884,0,3
918,130,896,0,3
919,130,941,3,0
922,130,900,0,3
902,131,924,2,0
904,131,926,3,0
905,131,883,0,3
906,131,884,0,3
918,131,896,0,3
919,131,941,3,0
922,131,900,0,3
924,132,946,2,0
926,132,948,3,0
928,132,906,0,3
940,132,918,0,3
941,132,963,3,0
942,132,964,3,0
944,132,922,0,3
926,133,948,3,0
928,133,906,0,3
940,133,918,0,3
941,133,963,3,0
942,133,964,3,0
926,134,948,3,0
928,134,906,0,3
940,134,918,0,3
941,134,963,3,0
942,134,964,3,0
928,135,906,0,3
940,135,918,0,3
941,135,963,3,0
928,136,906,0,3
940,136,918,0,3
930,138,908,0,3
940,138,918,0,3
930,139,908,0,3
931,139,953,3,0
938,139,916,0,3
940,139,918,0,3
930,140,908,0,3
931,140,953,3,0
938,140,916,0,3
940,140,918,0,3
930,141,908,0,3
931,141,953,3,0
933,141,911,0,3
936,141,958,3,0
938,141,916,0,3
940,141,918,0,3
930,142,908,0,3
931,142,953,3,0
933,142,911,0,3
934,142,956,3,0
935,142,913,0,3
936,142,958,3,0
938,142,916,0,3
940,142,918,0,3
930,143,908,0,3
931,143,953,3,0
933,143,911,0,3
935,143,913,0,3
936,143,958,3,0
938,143,916,0,3
940,143,918,0,3
930,144,908,0,3
931,144,953,3,0
936,144,958,3,0
938,144,916,0,3
940,144,918,0,3
930,145,908,0,3
931,145,953,3,0
938,145,916,0,3
940,145,918,0,3
930,146,908,0,3
938,146,916,0,3
940,146,918,0,3
940,147,918,0,3
940,148,918,0,3
928,149,906,0,3
940,149,918,0,3
941,149,963,3,0
928,150,906,0,3
940,150,918,0,3
941,150,963,3,0
942,150,964,3,0
926,151,948,3,0
928,151,906,0,3
940,151,918,0,3
941,151,963,3,0
942,151,964,3,0
926,152,948,3,0
928,152,906,0,3
940,152,918,0,3
941,152,963,3,0
942,152,964,3,0
944,152,922,0,3
924,153,946,2,0
926,153,948,3,0
928,153,906,0,3
940,153,918,0,3
941,153,963,3,0
942,153,964,3,0
944,153,922,0,3
945,153,923,0,3
946,154,968,2,0
948,154,970,3,0
950,154,928,0,3
951,154,973,3,0
962,154,984,3,0
963,154,985,3,0
966,154,944,0,3
948,155,970,3,0
950,155,928,0,3
951,155,973,3,0
962,155,984,3,0
963,155,985,3,0
948,156,970,3,0
950,156,928,0,3
951,156,973,3,0
962,156,984,3,0
963,156,985,3,0
950,157,928,0,3
951,157,973,3,0
962,157,984,3,0
963,157,985,3,0
950,158,928,0,3
951,158,973,3,0
962,158,984,3,0
951,159,973,3,0
962,159,984,3,0
951,160,973,3,0
962,160,984,3,0
951,161,973,3,0
953,161,975,3,0
960,161,938,0,3
962,161,984,3,0
951,162,973,3,0
953,162,975,3,0
959,162,937,0,3
960,162,938,0,3
962,162,984,3,0
951,163,973,3,0
953,163,975,3,0
955,163,933,0,3
958,163,980,3,0
959,163,937,0,3
960,163,938,0,3
962,163,984,3,0
951,164,973,3,0
953,164,975,3,0
955,164,933,0,3
956,164,978,3,0
957,164,935,0,3
958,164,980,3,0
959,164,937,0,3
960,164,938,0,3
962,164,984,3,0
951,165,973,3,0
953,165,975,3,0
955,165,933,0,3
957,165,935,0,3
958,165,980,3,0
959,165,937,0,3
960,165,938,0,3
962,165,984,3,0
951,166,973,3,0
953,166,975,3,0
958,166,980,3,0
959,166,937,0,3
960,166,938,0,3
962,166,984,3,0
951,167,973,3,0
953,167,975,3,0
959,167,937,0,3
960,167,938,0,3
962,167,984,3,0
951,168,973,3,0
960,168,938,0,3
962,168,984,3,0
951,169,973,3,0
962,169,984,3,0
962,170,984,3,0
950,171,928,0,3
951,171,973,3,0
962,171,984,3,0
963,171,985,3,0
950,172,928,0,3
951,172,973,3,0
962,172,984,3,0
963,172,985,3,0
948,173,970,3,0
950,173,928,0,3
951,173,973,3,0
962,173,984,3,0
963,173,985,3,0
948,174,970,3,0
950,174,928,0,3
951,174,973,3,0
962,174,984,3,0
963,174,985,3,0
966,174,944,0,3
946,175,968,2,0
948,175,970,3,0
950,175,928,0,3
951,175,973,3,0
962,175,984,3,0
963,175,985,3,0
966,175,944,0,3
967,175,945,0,3
968,176,990,2,0
970,176,992,3,0
972,176,950,0,3
984,176,1006,3,0
985,176,1007,3,0
986,176,964,0,3
988,176,966,0,3
970,177,992,3,0
972,177,950,0,3
984,177,1006,3,0
985,177,1007,3,0
986,177,964,0,3
970,178,992,3,0
972,178,950,0,3
984,178,1006,3,0
985,178,1007,3,0
986,178,964,0,3
972,179,950,0,3
984,179,1006,3,0
985,179,1007,3,0
972,180,950,0,3
984,180,1006,3,0
984,182,1006,3,0
975,183,997,3,0
982,183,960,0,3
984,183,1006,3,0
975,184,997,3,0
981,184,959,0,3
982,184,960,0,3
984,184,1006,3,0
975,185,997,3,0
977,185,955,0,3
980,185,1002,3,0
981,185,959,0,3
982,185,960,0,3
984,185,1006,3,0
975,186,997,3,0
977,186,955,0,3
978,186,1000,3,0
979,186,957,0,3
980,186,1002,3,0
981,186,959,0,3
982,186,960,0,3
984,186,1006,3,0
975,187,997,3,0
977,187,955,0,3
979,187,957,0,3
980,187,1002,3,0
981,187,959,0,3
982,187,960,0,3
984,187,1006,3,0
975,188,997,3,0
980,188,1002,3,0
981,188,959,0,3
982,188,960,0,3
984,188,1006,3,0
975,189,997,3,0
981,189,959,0,3
982,189,960,0,3
984,189,1006,3,0
982,190,960,0,3
984,190,1006,3,0
984,191,1006,3,0
984,192,1006,3,0
972,193,950,0,3
984,193,1006,3,0
985,193,1007,3,0
972,194,950,0,3
984,194,1006,3,0
985,194,1007,3,0
986,194,964,0,3
970,195,992,3,0
972,195,950,0,3
984,195,1006,3,0
985,195,1007,3,0
986,195,964,0,3
970,196,992,3,0
972,196,950,0,3
984,196,1006,3,0
985,196,1007,3,0
986,196,964,0,3
988,196,966,0,3
968,197,990,2,0
970,197,992,3,0
972,197,950,0,3
984,197,1006,3,0
985,197,1007,3,0
986,197,964,0,3
988,197,966,0,3
989,197,967,0,3
990,198,1012,2,0
992,198,1014,3,0
994,198,972,0,3
995,198,973,0,3
1007,198,1029,3,0
1008,198,986,0,3
1010,198,988,0,3
992,199,1014,3,0
994,199,972,0,3
995,199,973,0,3
1007,199,1029,3,0
1008,199,986,0,3
992,200,1014,3,0
994,200,972,0,3
995,200,973,0,3
1007,200,1029,3,0
1008,200,986,0,3
994,201,972,0,3
995,201,973,0,3
1007,201,1029,3,0
994,202,972,0,3
995,202,973,0,3
995,203,973,0,3
995,204,973,0,3
995,205,973,0,3
997,205,1019,3,0
1004,205,982,0,3
995,206,973,0,3
997,206,1019,3,0
1003,206,981,0,3
1004,206,982,0,3
995,207,973,0,3
997,207,1019,3,0
999,207,977,0,3
1002,207,1024,3,0
1003,207,981,0,3
1004,207,982,0,3
995,208,973,0,3
997,208,1019,3,0
999,208,977,0,3
1002,208,1024,3,0
1003,208,981,0,3
1004,208,982,0,3
995,209,973,0,3
997,209,1019,3,0
999,209,977,0,3
1002,209,1024,3,0
1003,209,981,0,3
1004,209,982,0,3
995,210,973,0,3
997,210,1019,3,0
1002,210,1024,3,0
1003,210,981,0,3
1004,210,982,0,3
995,211,973,0,3
997,211,1019,3,0
1003,211,981,0,3
1004,211,982,0,3
995,212,973,0,3
1004,212,982,0,3
995,213,973,0,3
994,215,972,0,3
995,215,973,0,3
1007,215,1029,3,0
994,216,972,0,3
995,216,973,0,3
1007,216,1029,3,0
1008,216,986,0,3
992,217,1014,3,0
994,217,972,0,3
995,217,973,0,3
1007,217,1029,3,0
1008,217,986,0,3
992,218,1014,3,0
994,218,972,0,3
995,218,973,0,3
1007,218,1029,3,0
1008,218,986,0,3
1010,218,988,0,3
990,219,1012,2,0
992,219,1014,3,0
994,219,972,0,3
995,219,973,0,3
1007,219,1029,3,0
1008,219,986,0,3
1010,219,988,0,3
1011,219,989,0,3
1012,220,1034,2,0
1014,220,1036,3,0
1017,220,995,0,3
1032,220,1010,0,3
1014,221,1036,3,0
1017,221,995,0,3
1014,222,1036,3,0
1017,222,995,0,3
1017,223,995,0,3
1017,224,995,0,3
1017,225,995,0,3
1017,226,995,0,3
1017,227,995,0,3
1019,227,1041,3,0
1026,227,1004,0,3
1017,228,995,0,3
1019,228,1041,3,0
1025,228,1003,0,3
1026,228,1004,0,3
1017,229,995,0,3
1019,229,1041,3,0
1021,229,999,0,3
1025,229,1003,0,3
1026,229,1004,0,3
1017,230,995,0,3
1019,230,1041,3,0
1021,230,999,0,3
1022,230,1000,0,3
1025,230,1003,0,3
1026,230,1004,0,3
1017,231,995,0,3
1019,231,1041,3,0
1021,231,999,0,3
1025,231,1003,0,3
1026,231,1004,0,3
1017,232,995,0,3
1019,232,1041,3,0
1025,232,1003,0,3
1026,232,1004,0,3
1017,233,995,0,3
1019,233,1041,3,0
1025,233,1003,0,3
1026,233,1004,0,3
1017,234,995,0,3
1026,234,1004,0,3
1017,235,995,0,3
1017,237,995,0,3
1017,238,995,0,3
1014,239,1036,3,0
1017,239,995,0,3
1014,240,1036,3,0
1017,240,995,0,3
1032,240,1010,0,3
1012,241,1034,2,0
1014,241,1036,3,0
1017,241,995,0,3
1032,241,1010,0,3
1033,241,1011,0,3
1034,242,1056,2,0
1036,242,1058,3,0
1038,242,1016,0,3
1039,242,1017,0,3
1054,242,1032,0,3
1036,243,1058,3,0
1038,243,1016,0,3
1039,243,1017,0,3
1036,244,1058,3,0
1038,244,1016,0,3
1039,244,1017,0,3
1038,245,1016,0,3
1039,245,1017,0,3
1038,246,1016,0,3
1039,246,1017,0,3
1039,247,1017,0,3
1039,248,1017,0,3
1039,249,1017,0,3
1041,249,1063,3,0
1048,249,1026,0,3
1039,250,1017,0,3
1041,250,1063,3,0
1047,250,1025,0,3
1048,250,1026,0,3
1039,251,1017,0,3
1041,251,1063,3,0
1047,251,1025,0,3
1048,251,1026,0,3
1039,252,1017,0,3
1041,252,1063,3,0
1047,252,1025,0,3
1048,252,1026,0,3
1039,253,1017,0,3
1041,253,1063,3,0
1047,253,1025,0,3
1048,253,1026,0,3
1039,254,1017,0,3
1041,254,1063,3,0
1047,254,1025,0,3
1048,254,1026,0,3
1039,255,1017,0,3
1041,255,1063,3,0
1047,255,1025,0,3
1048,255,1026,0,3
1039,256,1017,0,3
1048,256,1026,0,3
1039,257,1017,0,3
1038,259,1016,0,3
1039,259,1017,0,3
1038,260,1016,0,3
1039,260,1017,0,3
1036,261,1058,3,0
1038,261,1016,0,3
1039,261,1017,0,3
1036,262,1058,3,0
1038,262,1016,0,3
1039,262,1017,0,3
1054,262,1032,0,3
1034,263,1056,2,0
1036,263,1058,3,0
1038,263,1016,0,3
1039,263,1017,0,3
1054,263,1032,0,3
1055,263,1033,0,3
1056,264,1078,2,0
1058,264,1080,3,0
1060,264,1038,0,3
1061,264,1039,0,3
1074,264,1052,0,3
1076,264,1054,0,3
1058,265,1080,3,0
1060,265,1038,0,3
1061,265,1039,0,3
1074,265,1052,0,3
1058,266,1080,3,0
1060,266,1038,0,3
1061,266,1039,0,3
1074,266,1052,0,3
1060,267,1038,0,3
1061,267,1039,0,3
1060,268,1038,0,3
1061,268,1039,0,3
1061,269,1039,0,3
1061,270,1039,0,3
1061,271,1039,0,3
1063,271,1085,3,0
1070,271,1048,0,3
1061,272,1039,0,3
1063,272,1085,3,0
1069,272,1047,0,3
1070,272,1048,0,3
1061,273,1039,0,3
1063,273,1085,3,0
1069,273,1047,0,3
1070,273,1048,0,3
1061,274,1039,0,3
1063,274,1085,3,0
1066,274,1088,3,0
1067,274,1045,0,3
1069,274,1047,0,3
1070,274,1048,0,3
1061,275,1039,0,3
1063,275,1085,3,0
1067,275,1045,0,3
1069,275,1047,0,3
1070,275,1048,0,3
1061,276,1039,0,3
1063,276,1085,3,0
1069,276,1047,0,3
1070,276,1048,0,3
1061,277,1039,0,3
1063,277,1085,3,0
1069,277,1047,0,3
1070,277,1048,0,3
1061,278,1039,0,3
1070,278,1048,0,3
1061,279,1039,0,3
1060,281,1038,0,3
1061,281,1039,0,3
1060,282,1038,0,3
1061,282,1039,0,3
1074,282,1052,0,3
1058,283,1080,3,0
1060,283,1038,0,3
1061,283,1039,0,3
1074,283,1052,0,3
1058,284,1080,3,0
1060,284,1038,0,3
1061,284,1039,0,3
1074,284,1052,0,3
1076,284,1054,0,3
1056,285,1078,2,0
1058,285,1080,3,0
1060,285,1038,0,3
1061,285,1039,0,3
1074,285,1052,0,3
1076,285,1054,0,3
1077,285,1055,0,3
1078,286,1100,2,0
1080,286,1102,3,0
1083,286,1061,0,3
1096,286,1074,0,3
1098,286,1076,0,3
1080,287,1102,3,0
1083,287,1061,0,3
1096,287,1074,0,3
1080,288,1102,3,0
1083,288,1061,0,3
1096,288,1074,0,3
1083,289,1061,0,3
1083,290,1061,0,3
1083,291,1061,0,3
1083,292,1061,0,3
1083,293,1061,0,3
1085,293,1107,3,0
1092,293,1070,0,3
1083,294,1061,0,3
1085,294,1107,3,0
1091,294,1069,0,3
1092,294,1070,0,3
1083,295,1061,0,3
1085,295,1107,3,0
1090,295,1112,3,0
1091,295,1069,0,3
1092,295,1070,0,3
1083,296,1061,0,3
1085,296,1107,3,0
1089,296,1067,0,3
1090,296,1112,3,0
1091,296,1069,0,3
1092,296,1070,0,3
1083,297,1061,0,3
1085,297,1107,3,0
1089,297,1067,0,3
1090,297,1112,3,0
1091,297,1069,0,3
1092,297,1070,0,3
1083,298,1061,0,3
1085,298,1107,3,0
1090,298,1112,3,0
1091,298,1069,0,3
1092,298,1070,0,3
1083,299,1061,0,3
1085,299,1107,3,0
1091,299,1069,0,3
1092,299,1070,0,3
1083,300,1061,0,3
1092,300,1070,0,3
1083,301,1061,0,3
1083,303,1061,0,3
1083,304,1061,0,3
1096,304,1074,0,3
1080,305,1102,3,0
1083,305,1061,0,3
1096,305,1074,0,3
1080,306,1102,3,0
1083,306,1061,0,3
1096,306,1074,0,3
1098,306,1076,0,3
1078,307,1100,2,0
1080,307,1102,3,0
1083,307,1061,0,3
1096,307,1074,0,3
1098,307,1076,0,3
1099,307,1077,0,3
1100,308,1122,2,0
1102,308,1124,3,0
1105,308,1083,0,3
1118,308,1096,0,3
1120,308,1098,0,3
1102,309,1124,3,0
1105,309,1083,0,3
1118,309,1096,0,3
1102,310,1124,3,0
1105,310,1083,0,3
1118,310,1096,0,3
1105,311,1083,0,3
1105,312,1083,0,3
1105,313,1083,0,3
1105,314,1083,0,3
1105,315,1083,0,3
1107,315,1129,3,0
1114,315,1092,0,3
1105,316,1083,0,3
1107,316,1129,3,0
1113,316,1091,0,3
1114,316,1092,0,3
1105,317,1083,0,3
1107,317,1129,3,0
1112,317,1134,3,0
1113,317,1091,0,3
1114,317,1092,0,3
1105,318,1083,0,3
1107,318,1129,3,0
1110,318,1088,0,3
1111,318,1089,0,3
1112,318,1134,3,0
1113,318,1091,0,3
1114,318,1092,0,3
1105,319,1083,0,3
1107,319,1129,3,0
1111,319,1089,0,3
1112,319,1134,3,0
1113,319,1091,0,3
1114,319,1092,0,3
1105,320,1083,0,3
1107,320,1129,3,0
1112,320,1134,3,0
1113,320,1091,0,3
1114,320,1092,0,3
1105,321,1083,0,3
1107,321,1129,3,0
1113,321,1091,0,3
1114,321,1092,0,3
1105,322,1083,0,3
1114,322,1092,0,3
1105,323,1083,0,3
1105,325,1083,0,3
1105,326,1083,0,3
1118,326,1096,0,3
1102,327,1124,3,0
1105,327,1083,0,3
1118,327,1096,0,3
1102,328,1124,3,0
1105,328,1083,0,3
1118,328,1096,0,3
1120,328,1098,0,3
1100,329,1122,2,0
1102,329,1124,3,0
1105,329,1083,0,3
1118,329,1096,0,3
1120,329,1098,0,3
1121,329,1099,0,3
1122,330,1144,2,0
1124,330,1146,3,0
1127,330,1105,0,3
1142,330,1120,0,3
1124,331,1146,3,0
1127,331,1105,0,3
1124,332,1146,3,0
1127,332,1105,0,3
1127,333,1105,0,3
1127,334,1105,0,3
1127,335,1105,0,3
1127,336,1105,0,3
1127,337,1105,0,3
1129,337,1151,3,0
1136,337,1114,0,3
1127,338,1105,0,3
1129,338,1151,3,0
1135,338,1113,0,3
1136,338,1114,0,3
1127,339,1105,0,3
1129,339,1151,3,0
1134,339,1156,3,0
1135,339,1113,0,3
1136,339,1114,0,3
1127,340,1105,0,3
1129,340,1151,3,0
1134,340,1156,3,0
1135,340,1113,0,3
1136,340,1114,0,3
1127,341,1105,0,3
1129,341,1151,3,0
1134,341,1156,3,0
1135,341,1113,0,3
1136,341,1114,0,3
1127,342,1105,0,3
1129,342,1151,3,0
1134,342,1156,3,0
1135,342,1113,0,3
1136,342,1114,0,3
1127,343,1105,0,3
1129,343,1151,3,0
1135,343,1113,0,3
1136,343,1114,0,3
1127,344,1105,0,3
1136,344,1114,0,3
1127,345,1105,0,3
1127,347,1105,0,3
1127,348,1105,0,3
1124,349,1146,3,0
1127,349,1105,0,3
1124,350,1146,3,0
1127,350,1105,0,3
1142,350,1120,0,3
1122,351,1144,2,0
1124,351,1146,3,0
1127,351,1105,0,3
1142,351,1120,0,3
1143,351,1121,0,3
1144,352,1166,2,0
1146,352,1168,3,0
1149,352,1127,0,3
1164,352,1142,0,3
1146,353,1168,3,0
1149,353,1127,0,3
1146,354,1168,3,0
1149,354,1127,0,3
1149,355,1127,0,3
1149,356,1127,0,3
1149,357,1127,0,3
1149,358,1127,0,3
1149,359,1127,0,3
1151,359,1173,3,0
1158,359,1136,0,3
1149,360,1127,0,3
1151,360,1173,3,0
1157,360,1135,0,3
1158,360,1136,0,3
1149,361,1127,0,3
1151,361,1173,3,0
1156,361,1178,3,0
1157,361,1135,0,3
1158,361,1136,0,3
1149,362,1127,0,3
1151,362,1173,3,0
1155,362,1133,0,3
1156,362,1178,3,0
1157,362,1135,0,3
1158,362,1136,0,3
1149,363,1127,0,3
1151,363,1173,3,0
1155,363,1133,0,3
1156,363,1178,3,0
1157,363,1135,0,3
1158,363,1136,0,3
1149,364,1127,0,3
1151,364,1173,3,0
1156,364,1178,3,0
1157,364,1135,0,3
1158,364,1136,0,3
1149,365,1127,0,3
1151,365,1173,3,0
1157,365,1135,0,3
1158,365,1136,0,3
1149,366,1127,0,3
1158,366,1136,0,3
1149,367,1127,0,3
1149,369,1127,0,3
1149,370,1127,0,3
1146,371,1168,3,0
1149,371,1127,0,3
1146,372,1168,3,0
1149,372,1127,0,3
1164,372,1142,0,3
1144,373,1166,2,0
1146,373,1168,3,0
1149,373,1127,0,3
1164,373,1142,0,3
1165,373,1143,0,3
1166,374,1188,2,0
1167,374,1189,3,0
1168,374,1190,3,0
1171,374,1149,0,3
1186,374,1164,0,3
1167,375,1189,3,0
1168,375,1190,3,0
1171,375,1149,0,3
1168,376,1190,3,0
1171,376,1149,0,3
1171,377,1149,0,3
1171,378,1149,0,3
1171,379,1149,0,3
1171,380,1149,0,3
1171,381,1149,0,3
1173,381,1195,3,0
1180,381,1158,0,3
1171,382,1149,0,3
1173,382,1195,3,0
1179,382,1157,0,3
1180,382,1158,0,3
1171,383,1149,0,3
1173,383,1195,3,0
1178,383,1200,3,0
1179,383,1157,0,3
1180,383,1158,0,3
1171,384,1149,0,3
1173,384,1195,3,0
1177,384,1155,0,3
1178,384,1200,3,0
1179,384,1157,0,3
1180,384,1158,0,3
1171,385,1149,0,3
1173,385,1195,3,0
1177,385,1155,0,3
1178,385,1200,3,0
1179,385,1157,0,3
1180,385,1158,0,3
1171,386,1149,0,3
1173,386,1195,3,0
1178,386,1200,3,0
1179,386,1157,0,3
1180,386,1158,0,3
1171,387,1149,0,3
1173,387,1195,3,0
1179,387,1157,0,3
1180,387,1158,0,3
1171,388,1149,0,3
1180,388,1158,0,3
1171,389,1149,0,3
1171,391,1149,0,3
1171,392,1149,0,3
1168,393,1190,3,0
1171,393,1149,0,3
1167,394,1189,3,0
1168,394,1190,3,0
1171,394,1149,0,3
1186,394,1164,0,3
1166,395,1188,2,0
1167,395,1189,3,0
1168,395,1190,3,0
1171,395,1149,0,3
1186,395,1164,0,3
1187,395,1165,0,3
1188,396,1210,2,0
1189,396,1211,3,0
1190,396,1212,3,0
1193,396,1171,0,3
1208,396,1186,0,3
1189,397,1211,3,0
1190,397,1212,3,0
1193,397,1171,0,3
1190,398,1212,3,0
1193,398,1171,0,3
1193,399,1171,0,3
1193,400,1171,0,3
1193,401,1171,0,3
1193,402,1171,0,3
1193,403,1171,0,3
1202,403,1180,0,3
1193,404,1171,0,3
1201,404,1179,0,3
1202,404,1180,0,3
1193,405,1171,0,3
1200,405,1222,3,0
1201,405,1179,0,3
1202,405,1180,0,3
1193,406,1171,0,3
1199,406,1177,0,3
1200,406,1222,3,0
1201,406,1179,0,3
1202,406,1180,0,3
1193,407,1171,0,3
1199,407,1177,0,3
1200,407,1222,3,0
1201,407,1179,0,3
1202,407,1180,0,3
1193,408,1171,0,3
1200,408,1222,3,0
1201,408,1179,0,3
1202,408,1180,0,3
1193,409,1171,0,3
1201,409,1179,0,3
1202,409,1180,0,3
1193,410,1171,0,3
1202,410,1180,0,3
1193,411,1171,0,3
1193,413,1171,0,3
1193,414,1171,0,3
1190,415,1212,3,0
1193,415,1171,0,3
1189,416,1211,3,0
1190,416,1212,3,0
1193,416,1171,0,3
1208,416,1186,0,3
1188,417,1210,2,0
1189,417,1211,3,0
1190,417,1212,3,0
1193,417,1171,0,3
1208,417,1186,0,3
1209,417,1187,0,3
1210,418,1232,2,0
1211,418,1233,3,0
1212,418,1234,3,0
1215,418,1193,0,3
1226,418,1204,0,3
1230,418,1208,0,3
1211,419,1233,3,0
1212,419,1234,3,0
1215,419,1193,0,3
1226,419,1204,0,3
1212,420,1234,3,0
1215,420,1193,0,3
1226,420,1204,0,3
1215,421,1193,0,3
1226,421,1204,0,3
1215,422,1193,0,3
1226,422,1204,0,3
1215,423,1193,0,3
1226,423,1204,0,3
1215,424,1193,0,3
1226,424,1204,0,3
1215,425,1193,0,3
1217,425,1239,3,0
1226,425,1204,0,3
1215,426,1193,0,3
1217,426,1239,3,0
1223,426,1201,0,3
1226,426,1204,0,3
1215,427,1193,0,3
1217,427,1239,3,0
1222,427,1244,3,0
1223,427,1201,0,3
1226,427,1204,0,3
1215,428,1193,0,3
1217,428,1239,3,0
1221,428,1199,0,3
1222,428,1244,3,0
1223,428,1201,0,3
1226,428,1204,0,3
1215,429,1193,0,3
1217,429,1239,3,0
1221,429,1199,0,3
1222,429,1244,3,0
1223,429,1201,0,3
1226,429,1204,0,3
1215,430,1193,0,3
1217,430,1239,3,0
1222,430,1244,3,0
1223,430,1201,0,3
1226,430,1204,0,3
1215,431,1193,0,3
1217,431,1239,3,0
1223,431,1201,0,3
1226,431,1204,0,3
1215,432,1193,0,3
1226,432,1204,0,3
1215,433,1193,0,3
1226,433,1204,0,3
1226,434,1204,0,3
1215,435,1193,0,3
1226,435,1204,0,3
1215,436,1193,0,3
1226,436,1204,0,3
1212,437,1234,3,0
1215,437,1193,0,3
1226,437,1204,0,3
1211,438,1233,3,0
1212,438,1234,3,0
1215,438,1193,0,3
1226,438,1204,0,3
1230,438,1208,0,3
1210,439,1232,2,0
1211,439,1233,3,0
1212,439,1234,3,0
1215,439,1193,0,3
1226,439,1204,0,3
1230,439,1208,0,3
1231,439,1209,0,3
1232,440,1254,2,0
1233,440,1255,3,0
1234,440,1256,3,0
1237,440,1215,0,3
1252,440,1230,0,3
1233,441,1255,3,0
1234,441,1256,3,0
1237,441,1215,0,3
1234,442,1256,3,0
1237,442,1215,0,3
1237,443,1215,0,3
1237,444,1215,0,3
1237,445,1215,0,3
1237,446,1215,0,3
1237,447,1215,0,3
1237,448,1215,0,3
1245,448,1223,0,3
1237,449,1215,0,3
1244,449,1266,3,0
1245,449,1223,0,3
1237,450,1215,0,3
1243,450,1221,0,3
1244,450,1266,3,0
1245,450,1223,0,3
1237,451,1215,0,3
1243,451,1221,0,3
1244,451,1266,3,0
1245,451,1223,0,3
1237,452,1215,0,3
1244,452,1266,3,0
1245,452,1223,0,3
1237,453,1215,0,3
1245,453,1223,0,3
1237,454,1215,0,3
1237,455,1215,0,3
1237,457,1215,0,3
1237,458,1215,0,3
1234,459,1256,3,0
1237,459,1215,0,3
1233,460,1255,3,0
1234,460,1256,3,0
1237,460,1215,0,3
1252,460,1230,0,3
1232,461,1254,2,0
1233,461,1255,3,0
1234,461,1256,3,0
1237,461,1215,0,3
1252,461,1230,0,3
1253,461,1231,0,3
1254,462,1276,2,0
1255,462,1277,3,0
1256,462,1278,3,0
1259,462,1237,0,3
1274,462,1252,0,3
1255,463,1277,3,0
1256,463,1278,3,0
1259,463,1237,0,3
1256,464,1278,3,0
1259,464,1237,0,3
1259,465,1237,0,3
1259,466,1237,0,3
1259,467,1237,0,3
1259,468,1237,0,3
1259,469,1237,0,3
1259,470,1237,0,3
1267,470,1245,0,3
1259,471,1237,0,3
1266,471,1288,3,0
1267,471,1245,0,3
1259,472,1237,0,3
1265,472,1243,0,3
1266,472,1288,3,0
1267,472,1245,0,3
1259,473,1237,0,3
1265,473,1243,0,3
1266,473,1288,3,0
1267,473,1245,0,3
1259,474,1237,0,3
1266,474,1288,3,0
1267,474,1245,0,3
1259,475,1237,0,3
1267,475,1245,0,3
1259,476,1237,0,3
1259,477,1237,0,3
1259,479,1237,0,3
1259,480,1237,0,3
1256,481,1278,3,0
1259,481,1237,0,3
1255,482,1277,3,0
1256,482,1278,3,0
1259,482,1237,0,3
1274,482,1252,0,3
1254,483,1276,2,0
1255,483,1277,3,0
1256,483,1278,3,0
1259,483,1237,0,3
1274,483,1252,0,3
1275,483,1253,0,3
1276,484,1298,2,0
1278,484,1300,3,0
1281,484,1259,0,3
1296,484,1274,0,3
1278,485,1300,3,0
1281,485,1259,0,3
1278,486,1300,3,0
1281,486,1259,0,3
1281,487,1259,0,3
1281,488,1259,0,3
1281,489,1259,0,3
1281,490,1259,0,3
1281,491,1259,0,3
1281,492,1259,0,3
1289,492,1267,0,3
1281,493,1259,0,3
1288,493,1310,3,0
1289,493,1267,0,3
1281,494,1259,0,3
1287,494,1265,0,3
1288,494,1310,3,0
1289,494,1267,0,3
1281,495,1259,0,3
1287,495,1265,0,3
1288,495,1310,3,0
1289,495,1267,0,3
1281,496,1259,0,3
1288,496,1310,3,0
1289,496,1267,0,3
1281,497,1259,0,3
1289,497,1267,0,3
1281,498,1259,0,3
1281,499,1259,0,3
1281,501,1259,0,3
1281,502,1259,0,3
1278,503,1300,3,0
1281,503,1259,0,3
1278,504,1300,3,0
1281,504,1259,0,3
1296,504,1274,0,3
1276,505,1298,2,0
1278,505,1300,3,0
1281,505,1259,0,3
1296,505,1274,0,3
1297,505,1275,0,3
1298,506,1320,2,0
1300,506,1322,3,0
1303,506,1281,0,3
1318,506,1296,0,3
1300,507,1322,3,0
1303,507,1281,0,3
1300,508,1322,3,0
1303,508,1281,0,3
1303,509,1281,0,3
1303,510,1281,0,3
1303,511,1281,0,3
1303,512,1281,0,3
1303,513,1281,0,3
1312,513,1334,3,0
1303,514,1281,0,3
1311,514,1289,0,3
1312,514,1334,3,0
1303,515,1281,0,3
1311,515,1289,0,3
1312,515,1334,3,0
1303,516,1281,0,3
1311,516,1289,0,3
1312,516,1334,3,0
1303,517,1281,0,3
1311,517,1289,0,3
1312,517,1334,3,0
1303,518,1281,0,3
1311,518,1289,0,3
1312,518,1334,3,0
1303,519,1281,0,3
1311,519,1289,0,3
1312,519,1334,3,0
1303,520,1281,0,3
1312,520,1334,3,0
1303,521,1281,0,3
1303,523,1281,0,3
1303,524,1281,0,3
1300,525,1322,3,0
1303,525,1281,0,3
1300,526,1322,3,0
1303,526,1281,0,3
1318,526,1296,0,3
1298,527,1320,2,0
1300,527,1322,3,0
1303,527,1281,0,3
1318,527,1296,0,3
1319,527,1297,0,3
1322,528,1344,3,0
1325,528,1303,0,3
1340,528,1318,0,3
1322,529,1344,3,0
1325,529,1303,0,3
1322,530,1344,3,0
1325,530,1303,0,3
1325,531,1303,0,3
1325,532,1303,0,3
1325,533,1303,0,3
1325,534,1303,0,3
1325,535,1303,0,3
1325,536,1303,0,3
1333,536,1311,0,3
1325,537,1303,0,3
1332,537,1354,3,0
1333,537,1311,0,3
1325,538,1303,0,3
1332,538,1354,3,0
1333,538,1311,0,3
1325,539,1303,0,3
1332,539,1354,3,0
1333,539,1311,0,3
1325,540,1303,0,3
1332,540,1354,3,0
1333,540,1311,0,3
1325,541,1303,0,3
1333,541,1311,0,3
1325,542,1303,0,3
1325,543,1303,0,3
1325,545,1303,0,3
1325,546,1303,0,3
1322,547,1344,3,0
1325,547,1303,0,3
1322,548,1344,3,0
1325,548,1303,0,3
1340,548,1318,0,3
1322,549,1344,3,0
1325,549,1303,0,3
1340,549,1318,0,3
1341,549,1319,0,3
1344,550,1366,3,0
1347,550,1325,0,3
1362,550,1340,0,3
1344,551,1366,3,0
1347,551,1325,0,3
1344,552,1366,3,0
1347,552,1325,0,3
1347,553,1325,0,3
1347,554,1325,0,3
1347,555,1325,0,3
1347,556,1325,0,3
1347,557,1325,0,3
1347,558,1325,0,3
1355,558,1333,0,3
1347,559,1325,0,3
1354,559,1376,3,0
1355,559,1333,0,3
1347,560,1325,0,3
1354,560,1376,3,0
1355,560,1333,0,3
1347,561,1325,0,3
1354,561,1376,3,0
1355,561,1333,0,3
1347,562,1325,0,3
1354,562,1376,3,0
1355,562,1333,0,3
1347,563,1325,0,3
1355,563,1333,0,3
1347,564,1325,0,3
1347,565,1325,0,3
1347,567,1325,0,3
1347,568,1325,0,3
1344,569,1366,3,0
1347,569,1325,0,3
1344,570,1366,3,0
1347,570,1325,0,3
1362,570,1340,0,3
1344,571,1366,3,0
1347,571,1325,0,3
1362,571,1340,0,3
1363,571,1341,0,3
1365,572,1387,3,0
1366,572,1388,3,0
1369,572,1347,0,3
1384,572,1362,0,3
1365,573,1387,3,0
1366,573,1388,3,0
1369,573,1347,0,3
1366,574,1388,3,0
1369,574,1347,0,3
1369,575,1347,0,3
1369,576,1347,0,3
1369,577,1347,0,3
1369,578,1347,0,3
1369,579,1347,0,3
1369,580,1347,0,3
1377,580,1355,0,3
1369,581,1347,0,3
1376,581,1398,3,0
1377,581,1355,0,3
1369,582,1347,0,3
1376,582,1398,3,0
1377,582,1355,0,3
1369,583,1347,0,3
1376,583,1398,3,0
1377,583,1355,0,3
1369,584,1347,0,3
1376,584,1398,3,0
1377,584,1355,0,3
1369,585,1347,0,3
1377,585,1355,0,3
1369,586,1347,0,3
1369,587,1347,0,3
1369,589,1347,0,3
1369,590,1347,0,3
1366,591,1388,3,0
1369,591,1347,0,3
1365,592,1387,3,0
1366,592,1388,3,0
1369,592,1347,0,3
1384,592,1362,0,3
1365,593,1387,3,0
1366,593,1388,3,0
1369,593,1347,0,3
1384,593,1362,0,3
1385,593,1363,0,3
1387,594,1409,3,0
1388,594,1410,3,0
1391,594,1369,0,3
1406,594,1384,0,3
1387,595,1409,3,0
1388,595,1410,3,0
1391,595,1369,0,3
1388,596,1410,3,0
1391,596,1369,0,3
1391,597,1369,0,3
1391,598,1369,0,3
1391,599,1369,0,3
1391,600,1369,0,3
1391,601,1369,0,3
1393,601,1415,3,0
1391,602,1369,0,3
1393,602,1415,3,0
1399,602,1377,0,3
1391,603,1369,0,3
1393,603,1415,3,0
1399,603,1377,0,3
1391,604,1369,0,3
1393,604,1415,3,0
1399,604,1377,0,3
1391,605,1369,0,3
1393,605,1415,3,0
1399,605,1377,0,3
1391,606,1369,0,3
1393,606,1415,3,0
1399,606,1377,0,3
1391,607,1369,0,3
1393,607,1415,3,0
1399,607,1377,0,3
1391,608,1369,0,3
1391,609,1369,0,3
1391,611,1369,0,3
1391,612,1369,0,3
1388,613,1410,3,0
1391,613,1369,0,3
1387,614,1409,3,0
1388,614,1410,3,0
1391,614,1369,0,3
1406,614,1384,0,3
1387,615,1409,3,0
1388,615,1410,3,0
1391,615,1369,0,3
1406,615,1384,0,3
1407,615,1385,0,3
1410,616,1432,3,0
1413,616,1391,0,3
1428,616,1406,0,3
1410,617,1432,3,0
1413,617,1391,0,3
1410,618,1432,3,0
1413,618,1391,0,3
1413,619,1391,0,3
1413,620,1391,0,3
1413,621,1391,0,3
1413,622,1391,0,3
1413,623,1391,0,3
1415,623,1437,3,0
1413,624,1391,0,3
1415,624,1437,3,0
1421,624,1399,0,3
1413,625,1391,0,3
1415,625,1437,3,0
1420,625,1442,3,0
1421,625,1399,0,3
1413,626,1391,0,3
1415,626,1437,3,0
1418,626,1440,3,0
1420,626,1442,3,0
1421,626,1399,0,3
1413,627,1391,0,3
1415,627,1437,3,0
1420,627,1442,3,0
1421,627,1399,0,3
1413,628,1391,0,3
1415,628,1437,3,0
1420,628,1442,3,0
1421,628,1399,0,3
1413,629,1391,0,3
1415,629,1437,3,0
1421,629,1399,0,3
1413,630,1391,0,3
1413,631,1391,0,3
1413,633,1391,0,3
1413,634,1391,0,3
1410,635,1432,3,0
1413,635,1391,0,3
1410,636,1432,3,0
1413,636,1391,0,3
1428,636,1406,0,3
1410,637,1432,3,0
1413,637,1391,0,3
1428,637,1406,0,3
1429,637,1407,0,3
1431,638,1453,3,0
1432,638,1454,3,0
1435,638,1413,0,3
1448,638,1426,0,3
1450,638,1428,0,3
1431,639,1453,3,0
1432,639,1454,3,0
1435,639,1413,0,3
1448,639,1426,0,3
1432,640,1454,3,0
1435,640,1413,0,3
1448,640,1426,0,3
1435,641,1413,0,3
1435,642,1413,0,3
1435,643,1413,0,3
1435,644,1413,0,3
1435,645,1413,0,3
1437,645,1459,3,0
1435,646,1413,0,3
1437,646,1459,3,0
1443,646,1421,0,3
1435,647,1413,0,3
1437,647,1459,3,0
1442,647,1464,3,0
1443,647,1421,0,3
1435,648,1413,0,3
1437,648,1459,3,0
1440,648,1462,3,0
1442,648,1464,3,0
1443,648,1421,0,3
1435,649,1413,0,3
1437,649,1459,3,0
1442,649,1464,3,0
1443,649,1421,0,3
1435,650,1413,0,3
1437,650,1459,3,0
1442,650,1464,3,0
1443,650,1421,0,3
1435,651,1413,0,3
1437,651,1459,3,0
1443,651,1421,0,3
1435,652,1413,0,3
1435,653,1413,0,3
1435,655,1413,0,3
1435,656,1413,0,3
1448,656,1426,0,3
1432,657,1454,3,0
1435,657,1413,0,3
1448,657,1426,0,3
1431,658,1453,3,0
1432,658,1454,3,0
1435,658,1413,0,3
1448,658,1426,0,3
1450,658,1428,0,3
1431,659,1453,3,0
1432,659,1454,3,0
1435,659,1413,0,3
1448,659,1426,0,3
1450,659,1428,0,3
1451,659,1429,0,3
1452,660,1430,0,2
1453,660,1475,3,0
1456,660,1478,3,0
1457,660,1435,0,3
1470,660,1448,0,3
1453,661,1475,3,0
1456,661,1478,3,0
1457,661,1435,0,3
1470,661,1448,0,3
1456,662,1478,3,0
1457,662,1435,0,3
1470,662,1448,0,3
1456,663,1478,3,0
1457,663,1435,0,3
1456,664,1478,3,0
1457,664,1435,0,3
1457,665,1435,0,3
1457,666,1435,0,3
1457,667,1435,0,3
1459,667,1481,3,0
1457,668,1435,0,3
1459,668,1481,3,0
1465,668,1443,0,3
1457,669,1435,0,3
1459,669,1481,3,0
1464,669,1486,3,0
1465,669,1443,0,3
1457,670,1435,0,3
1459,670,1481,3,0
1464,670,1486,3,0
1465,670,1443,0,3
1457,671,1435,0,3
1459,671,1481,3,0
1464,671,1486,3,0
1465,671,1443,0,3
1457,672,1435,0,3
1459,672,1481,3,0
1464,672,1486,3,0
1465,672,1443,0,3
1457,673,1435,0,3
1459,673,1481,3,0
1465,673,1443,0,3
1457,674,1435,0,3
1457,675,1435,0,3
1456,677,1478,3,0
1457,677,1435,0,3
1456,678,1478,3,0
1457,678,1435,0,3
1470,678,1448,0,3
1456,679,1478,3,0
1457,679,1435,0,3
1470,679,1448,0,3
1453,680,1475,3,0
1456,680,1478,3,0
1457,680,1435,0,3
1470,680,1448,0,3
1452,681,1430,0,2
1453,681,1475,3,0
1456,681,1478,3,0
1457,681,1435,0,3
1470,681,1448,0,3
1473,681,1451,0,3
1474,682,1452,0,2
1475,682,1497,3,0
1477,682,1455,0,3
1479,682,1457,0,3
1492,682,1470,0,3
1475,683,1497,3,0
1477,683,1455,0,3
1479,683,1457,0,3
1492,683,1470,0,3
1477,684,1455,0,3
1479,684,1457,0,3
1492,684,1470,0,3
1477,685,1455,0,3
1479,685,1457,0,3
1479,686,1457,0,3
1479,687,1457,0,3
1479,688,1457,0,3
1489,688,1467,0,3
1479,689,1457,0,3
1489,689,1467,0,3
1479,690,1457,0,3
1482,690,1504,3,0
1487,690,1465,0,3
1489,690,1467,0,3
1479,691,1457,0,3
1482,691,1504,3,0
1486,691,1508,3,0
1487,691,1465,0,3
1489,691,1467,0,3
1479,692,1457,0,3
1482,692,1504,3,0
1486,692,1508,3,0
1487,692,1465,0,3
1489,692,1467,0,3
1479,693,1457,0,3
1482,693,1504,3,0
1486,693,1508,3,0
1487,693,1465,0,3
1489,693,1467,0,3
1479,694,1457,0,3
1482,694,1504,3,0
1486,694,1508,3,0
1487,694,1465,0,3
1489,694,1467,0,3
1479,695,1457,0,3
1487,695,1465,0,3
1489,695,1467,0,3
1479,696,1457,0,3
1489,696,1467,0,3
1479,697,1457,0,3
1489,697,1467,0,3
1479,699,1457,0,3
1477,700,1455,0,3
1479,700,1457,0,3
1492,700,1470,0,3
1477,701,1455,0,3
1479,701,1457,0,3
1492,701,1470,0,3
1475,702,1497,3,0
1477,702,1455,0,3
1479,702,1457,0,3
1492,702,1470,0,3
1474,703,1452,0,2
1475,703,1497,3,0
1477,703,1455,0,3
1479,703,1457,0,3
1492,703,1470,0,3
1495,703,1473,0,3
1499,704,1477,0,3
1501,704,1479,0,3
1513,704,1491,0,3
1514,704,1492,0,3
1499,705,1477,0,3
1501,705,1479,0,3
1513,705,1491,0,3
1514,705,1492,0,3
1499,706,1477,0,3
1501,706,1479,0,3
1513,706,1491,0,3
1514,706,1492,0,3
1499,707,1477,0,3
1501,707,1479,0,3
1513,707,1491,0,3
1501,708,1479,0,3
1501,709,1479,0,3
1501,710,1479,0,3
1511,710,1489,0,3
1501,711,1479,0,3
1511,711,1489,0,3
1501,712,1479,0,3
1509,712,1487,0,3
1511,712,1489,0,3
1501,713,1479,0,3
1508,713,1486,0,3
1509,713,1487,0,3
1511,713,1489,0,3
1501,714,1479,0,3
1508,714,1486,0,3
1509,714,1487,0,3
1511,714,1489,0,3
1501,715,1479,0,3
1508,715,1486,0,3
1509,715,1487,0,3
1511,715,1489,0,3
1501,716,1479,0,3
1508,716,1486,0,3
1509,716,1487,0,3
1511,716,1489,0,3
1501,717,1479,0,3
1509,717,1487,0,3
1511,717,1489,0,3
1501,718,1479,0,3
1511,718,1489,0,3
1501,719,1479,0,3
1511,719,1489,0,3
1501,721,1479,0,3
1513,721,1491,0,3
1499,722,1477,0,3
1501,722,1479,0,3
1513,722,1491,0,3
1514,722,1492,0,3
1499,723,1477,0,3
1501,723,1479,0,3
1513,723,1491,0,3
1514,723,1492,0,3
1499,724,1477,0,3
1501,724,1479,0,3
1513,724,1491,0,3
1514,724,1492,0,3
1499,725,1477,0,3
1501,725,1479,0,3
1513,725,1491,0,3
1514,725,1492,0,3
1518,726,1496,0,2
1520,726,1498,0,3
1521,726,1499,0,3
1523,726,1501,0,3
1534,726,1556,3,0
1535,726,1513,0,3
1536,726,1514,0,3
1537,726,1559,3,0
1520,727,1498,0,3
1521,727,1499,0,3
1523,727,1501,0,3
1534,727,1556,3,0
1535,727,1513,0,3
1536,727,1514,0,3
1537,727,1559,3,0
1520,728,1498,0,3
1521,728,1499,0,3
1523,728,1501,0,3
1534,728,1556,3,0
1535,728,1513,0,3
1536,728,1514,0,3
1521,729,1499,0,3
1523,729,1501,0,3
1534,729,1556,3,0
1535,729,1513,0,3
1523,730,1501,0,3
1534,730,1556,3,0
1523,731,1501,0,3
1534,731,1556,3,0
1523,732,1501,0,3
1534,732,1556,3,0
1523,733,1501,0,3
1525,733,1547,3,0
1534,733,1556,3,0
1523,734,1501,0,3
1525,734,1547,3,0
1531,734,1509,0,3
1534,734,1556,3,0
1523,735,1501,0,3
1525,735,1547,3,0
1527,735,1549,3,0
1530,735,1508,0,3
1531,735,1509,0,3
1534,735,1556,3,0
1523,736,1501,0,3
1525,736,1547,3,0
1527,736,1549,3,0
1530,736,1508,0,3
1531,736,1509,0,3
1534,736,1556,3,0
1523,737,1501,0,3
1525,737,1547,3,0
1527,737,1549,3,0
1530,737,1508,0,3
1531,737,1509,0,3
1534,737,1556,3,0
1523,738,1501,0,3
1525,738,1547,3,0
1530,738,1508,0,3
1531,738,1509,0,3
1534,738,1556,3,0
1523,739,1501,0,3
1525,739,1547,3,0
1531,739,1509,0,3
1534,739,1556,3,0
1523,740,1501,0,3
1534,740,1556,3,0
1523,741,1501,0,3
1534,741,1556,3,0
1534,742,1556,3,0
1523,743,1501,0,3
1534,743,1556,3,0
1535,743,1513,0,3
1521,744,1499,0,3
1523,744,1501,0,3
1534,744,1556,3,0
1535,744,1513,0,3
1536,744,1514,0,3
1520,745,1498,0,3
1521,745,1499,0,3
1523,745,1501,0,3
1534,745,1556,3,0
1535,745,1513,0,3
1536,745,1514,0,3
1537,745,1559,3,0
1520,746,1498,0,3
1521,746,1499,0,3
1523,746,1501,0,3
1534,746,1556,3,0
1535,746,1513,0,3
1536,746,1514,0,3
1537,746,1559,3,0
1518,747,1496,0,2
1520,747,1498,0,3
1521,747,1499,0,3
1523,747,1501,0,3
1534,747,1556,3,0
1535,747,1513,0,3
1536,747,1514,0,3
1537,747,1559,3,0
1539,747,1517,0,3
1540,748,1518,0,2
1541,748,1519,0,3
1542,748,1520,0,3
1543,748,1521,0,3
1544,748,1522,0,3
1545,748,1523,0,3
1556,748,1578,3,0
1558,748,1536,0,3
1541,749,1519,0,3
1542,749,1520,0,3
1543,749,1521,0,3
1544,749,1522,0,3
1545,749,1523,0,3
1556,749,1578,3,0
1558,749,1536,0,3
1542,750,1520,0,3
1543,750,1521,0,3
1544,750,1522,0,3
1545,750,1523,0,3
1556,750,1578,3,0
1558,750,1536,0,3
1543,751,1521,0,3
1544,751,1522,0,3
1545,751,1523,0,3
1556,751,1578,3,0
1544,752,1522,0,3
1545,752,1523,0,3
1556,752,1578,3,0
1545,753,1523,0,3
1545,754,1523,0,3
1555,754,1577,3,0
1556,754,1578,3,0
1545,755,1523,0,3
1555,755,1577,3,0
1556,755,1578,3,0
1545,756,1523,0,3
1553,756,1531,0,3
1555,756,1577,3,0
1556,756,1578,3,0
1545,757,1523,0,3
1552,757,1530,0,3
1553,757,1531,0,3
1555,757,1577,3,0
1556,757,1578,3,0
1545,758,1523,0,3
1552,758,1530,0,3
1553,758,1531,0,3
1555,758,1577,3,0
1556,758,1578,3,0
1545,759,1523,0,3
1552,759,1530,0,3
1553,759,1531,0,3
1555,759,1577,3,0
1556,759,1578,3,0
1545,760,1523,0,3
1552,760,1530,0,3
1553,760,1531,0,3
1555,760,1577,3,0
1556,760,1578,3,0
1545,761,1523,0,3
1553,761,1531,0,3
1555,761,1577,3,0
1556,761,1578,3,0
1545,762,1523,0,3
1555,762,1577,3,0
1556,762,1578,3,0
1545,763,1523,0,3
1555,763,1577,3,0
1556,763,1578,3,0
1556,764,1578,3,0
1544,765,1522,0,3
1545,765,1523,0,3
1556,765,1578,3,0
1543,766,1521,0,3
1544,766,1522,0,3
1545,766,1523,0,3
1556,766,1578,3,0
1558,766,1536,0,3
1542,767,1520,0,3
1543,767,1521,0,3
1544,767,1522,0,3
1545,767,1523,0,3
1556,767,1578,3,0
1558,767,1536,0,3
1541,768,1519,0,3
1542,768,1520,0,3
1543,768,1521,0,3
1544,768,1522,0,3
1545,768,1523,0,3
1556,768,1578,3,0
1558,768,1536,0,3
1540,769,1518,0,2
1541,769,1519,0,3
1542,769,1520,0,3
1543,769,1521,0,3
1544,769,1522,0,3
1545,769,1523,0,3
1556,769,1578,3,0
1558,769,1536,0,3
1561,769,1539,0,3
1562,770,1540,0,2
1563,770,1541,0,3
1564,770,1542,0,3
1565,770,1543,0,3
1566,770,1544,0,3
1567,770,1545,0,3
1578,770,16,3,3
1579,770,1557,0,3
1580,770,1558,0,3
1581,770,19,3,3
1563,771,1541,0,3
1564,771,1542,0,3
1565,771,1543,0,3
1566,771,1544,0,3
1567,771,1545,0,3
1578,771,16,3,3
1579,771,1557,0,3
1580,771,1558,0,3
1581,771,19,3,3
1564,772,1542,0,3
1565,772,1543,0,3
1566,772,1544,0,3
1567,772,1545,0,3
1578,772,16,3,3
1579,772,1557,0,3
1580,772,1558,0,3
1565,773,1543,0,3
1566,773,1544,0,3
1567,773,1545,0,3
1578,773,16,3,3
1579,773,1557,0,3
1566,774,1544,0,3
1567,774,1545,0,3
1578,774,16,3,3
1567,775,1545,0,3
1578,775,16,3,3
1567,776,1545,0,3
1568,776,6,3,3
1577,776,15,3,3
1578,776,16,3,3
1567,777,1545,0,3
1568,777,6,3,3
1576,777,14,3,3
1577,777,15,3,3
1578,777,16,3,3
1567,778,1545,0,3
1568,778,6,3,3
1570,778,8,3,3
1575,778,1553,0,3
1576,778,14,3,3
1577,778,15,3,3
1578,778,16,3,3
1567,779,1545,0,3
1568,779,6,3,3
1570,779,8,3,3
1574,779,1552,0,3
1575,779,1553,0,3
1576,779,14,3,3
1577,779,15,3,3
1578,779,16,3,3
1567,780,1545,0,3
1568,780,6,3,3
1570,780,8,3,3
1574,780,1552,0,3
1575,780,1553,0,3
1576,780,14,3,3
1577,780,15,3,3
1578,780,16,3,3
1567,781,1545,0,3
1568,781,6,3,3
1570,781,8,3,3
1574,781,1552,0,3
1575,781,1553,0,3
1576,781,14,3,3
1577,781,15,3,3
1578,781,16,3,3
1567,782,1545,0,3
1568,782,6,3,3
1570,782,8,3,3
1574,782,1552,0,3
1575,782,1553,0,3
1576,782,14,3,3
1577,782,15,3,3
1578,782,16,3,3
1567,783,1545,0,3
1568,783,6,3,3
1575,783,1553,0,3
1576,783,14,3,3
1577,783,15,3,3
1578,783,16,3,3
1567,784,1545,0,3
1568,784,6,3,3
1576,784,14,3,3
1577,784,15,3,3
1578,784,16,3,3
1567,785,1545,0,3
1577,785,15,3,3
1578,785,16,3,3
1578,786,16,3,3
1566,787,1544,0,3
1567,787,1545,0,3
1578,787,16,3,3
1579,787,1557,0,3
1565,788,1543,0,3
1566,788,1544,0,3
1567,788,1545,0,3
1578,788,16,3,3
1579,788,1557,0,3
1580,788,1558,0,3
1564,789,1542,0,3
1565,789,1543,0,3
1566,789,1544,0,3
1567,789,1545,0,3
1578,789,16,3,3
1579,789,1557,0,3
1580,789,1558,0,3
1581,789,19,3,3
1563,790,1541,0,3
1564,790,1542,0,3
1565,790,1543,0,3
1566,790,1544,0,3
1567,790,1545,0,3
1578,790,16,3,3
1579,790,1557,0,3
1580,790,1558,0,3
1581,790,19,3,3
1562,791,1540,0,2
1563,791,1541,0,3
1564,791,1542,0,3
1565,791,1543,0,3
1566,791,1544,0,3
1567,791,1545,0,3
1578,791,16,3,3
1579,791,1557,0,3
1580,791,1558,0,3
1581,791,19,3,3
1583,791,1561,0,3
0,792,1562,3,2
1,792,1563,3,3
2,792,1564,3,3
5,792,1567,3,3
16,792,38,2,0
17,792,1579,3,3
20,792,1582,3,3
1,793,1563,3,3
2,793,1564,3,3
5,793,1567,3,3
16,793,38,2,0
17,793,1579,3,3
2,794,1564,3,3
5,794,1567,3,3
16,794,38,2,0
17,794,1579,3,3
5,795,1567,3,3
16,795,38,2,0
17,795,1579,3,3
5,796,1567,3,3
16,796,38,2,0
5,797,1567,3,3
5,798,1567,3,3
6,798,28,2,0
16,798,38,2,0
5,799,1567,3,3
6,799,28,2,0
16,799,38,2,0
5,800,1567,3,3
6,800,28,2,0
8,800,30,2,0
16,800,38,2,0
5,801,1567,3,3
6,801,28,2,0
8,801,30,2,0
12,801,1574,3,3
16,801,38,2,0
5,802,1567,3,3
6,802,28,2,0
8,802,30,2,0
11,802,33,2,0
12,802,1574,3,3
16,802,38,2,0
5,803,1567,3,3
6,803,28,2,0
8,803,30,2,0
11,803,33,2,0
12,803,1574,3,3
16,803,38,2,0
5,804,1567,3,3
6,804,28,2,0
8,804,30,2,0
12,804,1574,3,3
16,804,38,2,0
5,805,1567,3,3
6,805,28,2,0
16,805,38,2,0
5,806,1567,3,3
6,806,28,2,0
16,806,38,2,0
5,807,1567,3,3
16,807,38,2,0
16,808,38,2,0
5,809,1567,3,3
16,809,38,2,0
17,809,1579,3,3
5,810,1567,3,3
16,810,38,2,0
17,810,1579,3,3
2,811,1564,3,3
5,811,1567,3,3
16,811,38,2,0
17,811,1579,3,3
1,812,1563,3,3
2,812,1564,3,3
5,812,1567,3,3
16,812,38,2,0
17,812,1579,3,3
20,812,1582,3,3
0,813,1562,3,2
1,813,1563,3,3
2,813,1564,3,3
5,813,1567,3,3
16,813,38,2,0
17,813,1579,3,3
20,813,1582,3,3
21,813,1583,3,3
22,814,0,0,1
23,814,1,0,2
24,814,2,0,2
26,814,48,3,0
27,814,5,0,2
38,814,60,3,0
39,814,17,0,2
23,815,1,0,2
24,815,2,0,2
26,815,48,3,0
27,815,5,0,2
38,815,60,3,0
39,815,17,0,2
24,816,2,0,2
26,816,48,3,0
27,816,5,0,2
38,816,60,3,0
39,816,17,0,2
26,817,48,3,0
27,817,5,0,2
38,817,60,3,0
39,817,17,0,2
26,818,48,3,0
27,818,5,0,2
38,818,60,3,0
27,819,5,0,2
38,819,60,3,0
27,820,5,0,2
28,820,50,3,0
38,820,60,3,0
27,821,5,0,2
28,821,50,3,0
38,821,60,3,0
27,822,5,0,2
28,822,50,3,0
38,822,60,3,0
27,823,5,0,2
28,823,50,3,0
34,823,12,0,2
38,823,60,3,0
27,824,5,0,2
28,824,50,3,0
33,824,55,3,0
34,824,12,0,2
38,824,60,3,0
27,825,5,0,2
28,825,50,3,0
33,825,55,3,0
34,825,12,0,2
38,825,60,3,0
27,826,5,0,2
28,826,50,3,0
34,826,12,0,2
38,826,60,3,0
27,827,5,0,2
28,827,50,3,0
38,827,60,3,0
27,828,5,0,2
28,828,50,3,0
38,828,60,3,0
27,829,5,0,2
38,829,60,3,0
38,830,60,3,0
26,831,48,3,0
27,831,5,0,2
38,831,60,3,0
39,831,17,0,2
26,832,48,3,0
27,832,5,0,2
38,832,60,3,0
39,832,17,0,2
24,833,2,0,2
26,833,48,3,0
27,833,5,0,2
38,833,60,3,0
39,833,17,0,2
23,834,1,0,2
24,834,2,0,2
26,834,48,3,0
27,834,5,0,2
38,834,60,3,0
39,834,17,0,2
22,835,0,0,1
23,835,1,0,2
24,835,2,0,2
26,835,48,3,0
27,835,5,0,2
38,835,60,3,0
39,835,17,0,2
43,835,21,0,2
44,836,22,0,2
45,836,23,0,3
46,836,24,0,3
48,836,70,3,0
49,836,27,0,3
60,836,82,3,0
61,836,39,0,3
62,836,40,0,3
64,836,86,3,0
45,837,23,0,3
46,837,24,0,3
48,837,70,3,0
49,837,27,0,3
60,837,82,3,0
61,837,39,0,3
62,837,40,0,3
46,838,24,0,3
48,838,70,3,0
49,838,27,0,3
60,838,82,3,0
61,838,39,0,3
62,838,40,0,3
48,839,70,3,0
49,839,27,0,3
60,839,82,3,0
61,839,39,0,3
48,840,70,3,0
49,840,27,0,3
60,840,82,3,0
49,841,27,0,3
49,842,27,0,3
60,842,82,3,0
49,843,27,0,3
58,843,80,3,0
60,843,82,3,0
49,844,27,0,3
58,844,80,3,0
60,844,82,3,0
49,845,27,0,3
53,845,75,3,0
56,845,34,0,3
58,845,80,3,0
60,845,82,3,0
49,846,27,0,3
53,846,75,3,0
54,846,76,3,0
55,846,77,3,0
56,846,34,0,3
58,846,80,3,0
60,846,82,3,0
49,847,27,0,3
53,847,75,3,0
55,847,77,3,0
56,847,34,0,3
58,847,80,3,0
60,847,82,3,0
49,848,27,0,3
56,848,34,0,3
58,848,80,3,0
60,848,82,3,0
49,849,27,0,3
58,849,80,3,0
60,849,82,3,0
49,850,27,0,3
58,850,80,3,0
60,850,82,3,0
49,851,27,0,3
60,851,82,3,0
60,852,82,3,0
48,853,70,3,0
49,853,27,0,3
60,853,82,3,0
61,853,39,0,3
48,854,70,3,0
49,854,27,0,3
60,854,82,3,0
61,854,39,0,3
62,854,40,0,3
46,855,24,0,3
48,855,70,3,0
49,855,27,0,3
60,855,82,3,0
61,855,39,0,3
62,855,40,0,3
45,856,23,0,3
46,856,24,0,3
48,856,70,3,0
49,856,27,0,3
60,856,82,3,0
61,856,39,0,3
62,856,40,0,3
64,856,86,3,0
44,857,22,0,2
45,857,23,0,3
46,857,24,0,3
48,857,70,3,0
49,857,27,0,3
60,857,82,3,0
61,857,39,0,3
62,857,40,0,3
64,857,86,3,0
65,857,43,0,3
66,858,44,0,2
70,858,92,3,0
82,858,104,3,0
83,858,61,0,3
84,858,62,0,3
86,858,108,3,0
70,859,92,3,0
82,859,104,3,0
83,859,61,0,3
84,859,62,0,3
70,860,92,3,0
82,860,104,3,0
83,860,61,0,3
84,860,62,0,3
70,861,92,3,0
82,861,104,3,0
83,861,61,0,3
70,862,92,3,0
82,862,104,3,0
82,863,104,3,0
82,864,104,3,0
80,865,102,3,0
82,865,104,3,0
80,866,102,3,0
82,866,104,3,0
75,867,97,3,0
78,867,56,0,3
80,867,102,3,0
82,867,104,3,0
75,868,97,3,0
76,868,98,3,0
77,868,99,3,0
78,868,56,0,3
80,868,102,3,0
82,868,104,3,0
75,869,97,3,0
77,869,99,3,0
78,869,56,0,3
80,869,102,3,0
82,869,104,3,0
78,870,56,0,3
80,870,102,3,0
82,870,104,3,0
80,871,102,3,0
82,871,104,3,0
80,872,102,3,0
82,872,104,3,0
82,873,104,3,0
82,874,104,3,0
70,875,92,3,0
82,875,104,3,0
83,875,61,0,3
70,876,92,3,0
82,876,104,3,0
83,876,61,0,3
84,876,62,0,3
70,877,92,3,0
82,877,104,3,0
83,877,61,0,3
84,877,62,0,3
70,878,92,3,0
82,878,104,3,0
83,878,61,0,3
84,878,62,0,3
86,878,108,3,0
66,879,44,0,2
70,879,92,3,0
82,879,104,3,0
83,879,61,0,3
84,879,62,0,3
86,879,108,3,0
88,880,66,0,2
91,880,113,3,0
92,880,114,3,0
104,880,126,3,0
105,880,83,0,3
108,880,130,3,0
91,881,113,3,0
92,881,114,3,0
104,881,126,3,0
105,881,83,0,3
91,882,113,3,0
92,882,114,3,0
104,882,126,3,0
105,882,83,0,3
91,883,113,3,0
92,883,114,3,0
104,883,126,3,0
105,883,83,0,3
92,884,114,3,0
104,884,126,3,0
94,886,116,3,0
104,886,126,3,0
94,887,116,3,0
102,887,124,3,0
104,887,126,3,0
94,888,116,3,0
102,888,124,3,0
104,888,126,3,0
94,889,116,3,0
97,889,119,3,0
100,889,78,0,3
102,889,124,3,0
104,889,126,3,0
94,890,116,3,0
97,890,119,3,0
99,890,121,3,0
100,890,78,0,3
102,890,124,3,0
104,890,126,3,0
94,891,116,3,0
97,891,119,3,0
99,891,121,3,0
100,891,78,0,3
102,891,124,3,0
104,891,126,3,0
94,892,116,3,0
100,892,78,0,3
102,892,124,3,0
104,892,126,3,0
94,893,116,3,0
102,893,124,3,0
104,893,126,3,0
94,894,116,3,0
102,894,124,3,0
104,894,126,3,0
104,895,126,3,0
104,896,126,3,0
92,897,114,3,0
104,897,126,3,0
105,897,83,0,3
91,898,113,3,0
92,898,114,3,0
104,898,126,3,0
105,898,83,0,3
91,899,113,3,0
92,899,114,3,0
104,899,126,3,0
105,899,83,0,3
91,900,113,3,0
92,900,114,3,0
104,900,126,3,0
105,900,83,0,3
108,900,130,3,0
88,901,66,0,2
91,901,113,3,0
92,901,114,3,0
104,901,126,3,0
105,901,83,0,3
108,901,130,3,0
110,902,88,0,2
112,902,90,0,3
113,902,135,3,0
114,902,136,3,0
126,902,148,3,0
127,902,105,0,3
130,902,152,3,0
112,903,90,0,3
113,903,135,3,0
114,903,136,3,0
126,903,148,3,0
127,903,105,0,3
112,904,90,0,3
113,904,135,3,0
114,904,136,3,0
126,904,148,3,0
127,904,105,0,3
113,905,135,3,0
114,905,136,3,0
126,905,148,3,0
127,905,105,0,3
114,906,136,3,0
126,906,148,3,0
126,907,148,3,0
116,908,138,3,0
126,908,148,3,0
116,909,138,3,0
124,909,146,3,0
126,909,148,3,0
116,910,138,3,0
124,910,146,3,0
126,910,148,3,0
116,911,138,3,0
119,911,141,3,0
122,911,100,0,3
124,911,146,3,0
126,911,148,3,0
116,912,138,3,0
119,912,141,3,0
121,912,143,3,0
122,912,100,0,3
124,912,146,3,0
126,912,148,3,0
116,913,138,3,0
119,913,141,3,0
121,913,143,3,0
122,913,100,0,3
124,913,146,3,0
126,913,148,3,0
116,914,138,3,0
122,914,100,0,3
124,914,146,3,0
126,914,148,3,0
116,915,138,3,0
124,915,146,3,0
126,915,148,3,0
116,916,138,3,0
124,916,146,3,0
126,916,148,3,0
126,917,148,3,0
126,918,148,3,0
114,919,136,3,0
126,919,148,3,0
127,919,105,0,3
113,920,135,3,0
114,920,136,3,0
126,920,148,3,0
127,920,105,0,3
112,921,90,0,3
113,921,135,3,0
114,921,136,3,0
126,921,148,3,0
127,921,105,0,3
112,922,90,0,3
113,922,135,3,0
114,922,136,3,0
126,922,148,3,0
127,922,105,0,3
130,922,152,3,0
110,923,88,0,2
112,923,90,0,3
113,923,135,3,0
114,923,136,3,0
126,923,148,3,0
127,923,105,0,3
130,923,152,3,0
132,924,110,0,2
134,924,112,0,3
136,924,158,3,0
148,924,170,3,0
149,924,127,0,3
150,924,128,0,3
152,924,174,3,0
134,925,112,0,3
136,925,158,3,0
148,925,170,3,0
149,925,127,0,3
150,925,128,0,3
134,926,112,0,3
136,926,158,3,0
148,926,170,3,0
149,926,127,0,3
150,926,128,0,3
136,927,158,3,0
148,927,170,3,0
149,927,127,0,3
136,928,158,3,0
148,928,170,3,0
138,930,160,3,0
148,930,170,3,0
138,931,160,3,0
139,931,117,0,3
146,931,168,3,0
148,931,170,3,0
138,932,160,3,0
139,932,117,0,3
146,932,168,3,0
148,932,170,3,0
138,933,160,3,0
139,933,117,0,3
141,933,163,3,0
144,933,122,0,3
146,933,168,3,0
148,933,170,3,0
138,934,160,3,0
139,934,117,0,3
141,934,163,3,0
142,934,120,0,3
143,934,165,3,0
144,934,122,0,3
146,934,168,3,0
148,934,170,3,0
138,935,160,3,0
139,935,117,0,3
141,935,163,3,0
143,935,165,3,0
144,935,122,0,3
146,935,168,3,0
148,935,170,3,0
138,936,160,3,0
139,936,117,0,3
144,936,122,0,3
146,936,168,3,0
148,936,170,3,0
138,937,160,3,0
139,937,117,0,3
146,937,168,3,0
148,937,170,3,0
138,938,160,3,0
146,938,168,3,0
148,938,170,3,0
148,939,170,3,0
148,940,170,3,0
136,941,158,3,0
148,941,170,3,0
149,941,127,0,3
136,942,158,3,0
148,942,170,3,0
149,942,127,0,3
150,942,128,0,3
134,943,112,0,3
136,943,158,3,0
148,943,170,3,0
149,943,127,0,3
150,943,128,0,3
134,944,112,0,3
136,944,158,3,0
148,944,170,3,0
149,944,127,0,3
150,944,128,0,3
152,944,174,3,0
132,945,110,0,2
134,945,112,0,3
136,945,158,3,0
148,945,170,3,0
149,945,127,0,3
150,945,128,0,3
152,945,174,3,0
153,945,175,3,0
154,946,132,0,2
156,946,134,0,3
158,946,180,3,0
159,946,137,0,3
170,946,148,0,3
171,946,149,0,3
174,946,196,3,0
156,947,134,0,3
158,947,180,3,0
159,947,137,0,3
170,947,148,0,3
171,947,149,0,3
156,948,134,0,3
158,948,180,3,0
159,948,137,0,3
170,948,148,0,3
171,948,149,0,3
158,949,180,3,0
159,949,137,0,3
170,949,148,0,3
171,949,149,0,3
158,950,180,3,0
159,950,137,0,3
170,950,148,0,3
159,951,137,0,3
170,951,148,0,3
159,952,137,0,3
170,952,148,0,3
159,953,137,0,3
161,953,139,0,3
168,953,190,3,0
170,953,148,0,3
159,954,137,0,3
161,954,139,0,3
167,954,189,3,0
168,954,190,3,0
170,954,148,0,3
159,955,137,0,3
161,955,139,0,3
163,955,185,3,0
166,955,144,0,3
167,955,189,3,0
168,955,190,3,0
170,955,148,0,3
159,956,137,0,3
161,956,139,0,3
163,956,185,3,0
164,956,142,0,3
165,956,187,3,0
166,956,144,0,3
167,956,189,3,0
168,956,190,3,0
170,956,148,0,3
159,957,137,0,3
161,957,139,0,3
163,957,185,3,0
165,957,187,3,0
166,957,144,0,3
167,957,189,3,0
168,957,190,3,0
170,957,148,0,3
159,958,137,0,3
161,958,139,0,3
166,958,144,0,3
167,958,189,3,0
168,958,190,3,0
170,958,148,0,3
159,959,137,0,3
161,959,139,0,3
167,959,189,3,0
168,959,190,3,0
170,959,148,0,3
159,960,137,0,3
168,960,190,3,0
170,960,148,0,3
159,961,137,0,3
170,961,148,0,3
170,962,148,0,3
158,963,180,3,0
159,963,137,0,3
170,963,148,0,3
171,963,149,0,3
158,964,180,3,0
159,964,137,0,3
170,964,148,0,3
171,964,149,0,3
156,965,134,0,3
158,965,180,3,0
159,965,137,0,3
170,965,148,0,3
171,965,149,0,3
156,966,134,0,3
158,966,180,3,0
159,966,137,0,3
170,966,148,0,3
171,966,149,0,3
174,966,196,3,0
154,967,132,0,2
156,967,134,0,3
158,967,180,3,0
159,967,137,0,3
170,967,148,0,3
171,967,149,0,3
174,967,196,3,0
175,967,197,3,0
176,968,154,0,2
178,968,156,0,3
180,968,202,3,0
192,968,170,0,3
193,968,171,0,3
194,968,216,3,0
196,968,218,3,0
178,969,156,0,3
180,969,202,3,0
192,969,170,0,3
193,969,171,0,3
194,969,216,3,0
178,970,156,0,3
180,970,202,3,0
192,970,170,0,3
193,970,171,0,3
194,970,216,3,0
180,971,202,3,0
192,971,170,0,3
193,971,171,0,3
180,972,202,3,0
192,972,170,0,3
192,974,170,0,3
183,975,161,0,3
190,975,212,3,0
192,975,170,0,3
183,976,161,0,3
189,976,211,3,0
190,976,212,3,0
192,976,170,0,3
183,977,161,0,3
185,977,207,3,0
188,977,166,0,3
189,977,211,3,0
190,977,212,3,0
192,977,170,0,3
183,978,161,0,3
185,978,207,3,0
186,978,164,0,3
187,978,209,3,0
188,978,166,0,3
189,978,211,3,0
190,978,212,3,0
192,978,170,0,3
183,979,161,0,3
185,979,207,3,0
187,979,209,3,0
188,979,166,0,3
189,979,211,3,0
190,979,212,3,0
192,979,170,0,3
183,980,161,0,3
188,980,166,0,3
189,980,211,3,0
190,980,212,3,0
192,980,170,0,3
183,981,161,0,3
189,981,211,3,0
190,981,212,3,0
192,981,170,0,3
190,982,212,3,0
192,982,170,0,3
192,983,170,0,3
192,984,170,0,3
180,985,202,3,0
192,985,170,0,3
193,985,171,0,3
180,986,202,3,0
192,986,170,0,3
193,986,171,0,3
194,986,216,3,0
178,987,156,0,3
180,987,202,3,0
192,987,170,0,3
193,987,171,0,3
194,987,216,3,0
178,988,156,0,3
180,988,202,3,0
192,988,170,0,3
193,988,171,0,3
194,988,216,3,0
196,988,218,3,0
176,989,154,0,2
178,989,156,0,3
180,989,202,3,0
192,989,170,0,3
193,989,171,0,3
194,989,216,3,0
196,989,218,3,0
197,989,219,3,0
198,990,176,0,2
200,990,178,0,3
202,990,224,3,0
203,990,225,3,0
215,990,193,0,3
216,990,238,3,0
218,990,240,3,0
200,991,178,0,3
202,991,224,3,0
203,991,225,3,0
215,991,193,0,3
216,991,238,3,0
200,992,178,0,3
202,992,224,3,0
203,992,225,3,0
215,992,193,0,3
216,992,238,3,0
202,993,224,3,0
203,993,225,3,0
215,993,193,0,3
202,994,224,3,0
203,994,225,3,0
203,995,225,3,0
203,996,225,3,0
203,997,225,3,0
205,997,183,0,3
212,997,234,3,0
203,998,225,3,0
205,998,183,0,3
211,998,233,3,0
212,998,234,3,0
203,999,225,3,0
205,999,183,0,3
207,999,229,3,0
210,999,188,0,3
211,999,233,3,0
212,999,234,3,0
203,1000,225,3,0
205,1000,183,0,3
207,1000,229,3,0
210,1000,188,0,3
211,1000,233,3,0
212,1000,234,3,0
203,1001,225,3,0
205,1001,183,0,3
207,1001,229,3,0
210,1001,188,0,3
211,1001,233,3,0
212,1001,234,3,0
203,1002,225,3,0
205,1002,183,0,3
210,1002,188,0,3
211,1002,233,3,0
212,1002,234,3,0
203,1003,225,3,0
205,1003,183,0,3
211,1003,233,3,0
212,1003,234,3,0
203,1004,225,3,0
212,1004,234,3,0
203,1005,225,3,0
202,1007,224,3,0
203,1007,225,3,0
215,1007,193,0,3
202,1008,224,3,0
203,1008,225,3,0
215,1008,193,0,3
216,1008,238,3,0
200,1009,178,0,3
202,1009,224,3,0
203,1009,225,3,0
215,1009,193,0,3
216,1009,238,3,0
200,1010,178,0,3
202,1010,224,3,0
203,1010,225,3,0
215,1010,193,0,3
216,1010,238,3,0
218,1010,240,3,0
198,1011,176,0,2
200,1011,178,0,3
202,1011,224,3,0
203,1011,225,3,0
215,1011,193,0,3
216,1011,238,3,0
218,1011,240,3,0
219,1011,241,3,0
220,1012,198,0,2
222,1012,200,0,3
225,1012,247,3,0
240,1012,262,3,0
222,1013,200,0,3
225,1013,247,3,0
222,1014,200,0,3
225,1014,247,3,0
225,1015,247,3,0
225,1016,247,3,0
225,1017,247,3,0
225,1018,247,3,0
225,1019,247,3,0
227,1019,205,0,3
234,1019,256,3,0
225,1020,247,3,0
227,1020,205,0,3
233,1020,255,3,0
234,1020,256,3,0
225,1021,247,3,0
227,1021,205,0,3
229,1021,251,3,0
233,1021,255,3,0
234,1021,256,3,0
225,1022,247,3,0
227,1022,205,0,3
229,1022,251,3,0
230,1022,252,3,0
233,1022,255,3,0
234,1022,256,3,0
225,1023,247,3,0
227,1023,205,0,3
229,1023,251,3,0
233,1023,255,3,0
234,1023,256,3,0
225,1024,247,3,0
227,1024,205,0,3
233,1024,255,3,0
234,1024,256,3,0
225,1025,247,3,0
227,1025,205,0,3
233,1025,255,3,0
234,1025,256,3,0
225,1026,247,3,0
234,1026,256,3,0
225,1027,247,3,0
225,1029,247,3,0
225,1030,247,3,0
222,1031,200,0,3
225,1031,247,3,0
222,1032,200,0,3
225,1032,247,3,0
240,1032,262,3,0
220,1033,198,0,2
222,1033,200,0,3
225,1033,247,3,0
240,1033,262,3,0
241,1033,263,3,0
242,1034,220,0,2
244,1034,222,0,3
246,1034,268,3,0
247,1034,269,3,0
262,1034,284,3,0
244,1035,222,0,3
246,1035,268,3,0
247,1035,269,3,0
244,1036,222,0,3
246,1036,268,3,0
247,1036,269,3,0
246,1037,268,3,0
247,1037,269,3,0
246,1038,268,3,0
247,1038,269,3,0
247,1039,269,3,0
247,1040,269,3,0
247,1041,269,3,0
249,1041,227,0,3
256,1041,278,3,0
247,1042,269,3,0
249,1042,227,0,3
255,1042,277,3,0
256,1042,278,3,0
247,1043,269,3,0
249,1043,227,0,3
255,1043,277,3,0
256,1043,278,3,0
247,1044,269,3,0
249,1044,227,0,3
255,1044,277,3,0
256,1044,278,3,0
247,1045,269,3,0
249,1045,227,0,3
255,1045,277,3,0
256,1045,278,3,0
247,1046,269,3,0
249,1046,227,0,3
255,1046,277,3,0
256,1046,278,3,0
247,1047,269,3,0
249,1047,227,0,3
255,1047,277,3,0
256,1047,278,3,0
247,1048,269,3,0
256,1048,278,3,0
247,1049,269,3,0
246,1051,268,3,0
247,1051,269,3,0
246,1052,268,3,0
247,1052,269,3,0
244,1053,222,0,3
246,1053,268,3,0
247,1053,269,3,0
244,1054,222,0,3
246,1054,268,3,0
247,1054,269,3,0
262,1054,284,3,0
242,1055,220,0,2
244,1055,222,0,3
246,1055,268,3,0
247,1055,269,3,0
262,1055,284,3,0
263,1055,285,3,0
264,1056,242,0,2
266,1056,244,0,3
268,1056,290,3,0
269,1056,291,3,0
282,1056,304,3,0
284,1056,306,3,0
266,1057,244,0,3
268,1057,290,3,0
269,1057,291,3,0
282,1057,304,3,0
266,1058,244,0,3
268,1058,290,3,0
269,1058,291,3,0
282,1058,304,3,0
268,1059,290,3,0
269,1059,291,3,0
268,1060,290,3,0
269,1060,291,3,0
269,1061,291,3,0
269,1062,291,3,0
269,1063,291,3,0
271,1063,249,0,3
278,1063,300,3,0
269,1064,291,3,0
271,1064,249,0,3
277,1064,299,3,0
278,1064,300,3,0
269,1065,291,3,0
271,1065,249,0,3
277,1065,299,3,0
278,1065,300,3,0
269,1066,291,3,0
271,1066,249,0,3
274,1066,252,0,3
275,1066,297,3,0
277,1066,299,3,0
278,1066,300,3,0
269,1067,291,3,0
271,1067,249,0,3
275,1067,297,3,0
277,1067,299,3,0
278,1067,300,3,0
269,1068,291,3,0
271,1068,249,0,3
277,1068,299,3,0
278,1068,300,3,0
269,1069,291,3,0
271,1069,249,0,3
277,1069,299,3,0
278,1069,300,3,0
269,1070,291,3,0
278,1070,300,3,0
269,1071,291,3,0
268,1073,290,3,0
269,1073,291,3,0
268,1074,290,3,0
269,1074,291,3,0
282,1074,304,3,0
266,1075,244,0,3
268,1075,290,3,0
269,1075,291,3,0
282,1075,304,3,0
266,1076,244,0,3
268,1076,290,3,0
269,1076,291,3,0
282,1076,304,3,0
284,1076,306,3,0
264,1077,242,0,2
266,1077,244,0,3
268,1077,290,3,0
269,1077,291,3,0
282,1077,304,3,0
284,1077,306,3,0
285,1077,307,3,0
286,1078,264,0,2
288,1078,266,0,3
291,1078,313,3,0
304,1078,326,3,0
306,1078,328,3,0
288,1079,266,0,3
291,1079,313,3,0
304,1079,326,3,0
288,1080,266,0,3
291,1080,313,3,0
304,1080,326,3,0
291,1081,313,3,0
291,1082,313,3,0
291,1083,313,3,0
291,1084,313,3,0
291,1085,313,3,0
293,1085,271,0,3
300,1085,322,3,0
291,1086,313,3,0
293,1086,271,0,3
299,1086,321,3,0
300,1086,322,3,0
291,1087,313,3,0
293,1087,271,0,3
298,1087,276,0,3
299,1087,321,3,0
300,1087,322,3,0
291,1088,313,3,0
293,1088,271,0,3
297,1088,319,3,0
298,1088,276,0,3
299,1088,321,3,0
300,1088,322,3,0
291,1089,313,3,0
293,1089,271,0,3
297,1089,319,3,0
298,1089,276,0,3
299,1089,321,3,0
300,1089,322,3,0
291,1090,313,3,0
293,1090,271,0,3
298,1090,276,0,3
299,1090,321,3,0
300,1090,322,3,0
291,1091,313,3,0
293,1091,271,0,3
299,1091,321,3,0
300,1091,322,3,0
291,1092,313,3,0
300,1092,322,3,0
291,1093,313,3,0
291,1095,313,3,0
291,1096,313,3,0
304,1096,326,3,0
288,1097,266,0,3
291,1097,313,3,0
304,1097,326,3,0
288,1098,266,0,3
291,1098,313,3,0
304,1098,326,3,0
306,1098,328,3,0
286,1099,264,0,2
288,1099,266,0,3
291,1099,313,3,0
304,1099,326,3,0
306,1099,328,3,0
307,1099,329,3,0
308,1100,286,0,2
310,1100,288,0,3
313,1100,335,3,0
326,1100,348,3,0
328,1100,350,3,0
310,1101,288,0,3
313,1101,335,3,0
326,1101,348,3,0
310,1102,288,0,3
313,1102,335,3,0
326,1102,348,3,0
313,1103,335,3,0
313,1104,335,3,0
313,1105,335,3,0
313,1106,335,3,0
313,1107,335,3,0
315,1107,293,0,3
322,1107,344,3,0
313,1108,335,3,0
315,1108,293,0,3
321,1108,343,3,0
322,1108,344,3,0
313,1109,335,3,0
315,1109,293,0,3
320,1109,298,0,3
321,1109,343,3,0
322,1109,344,3,0
313,1110,335,3,0
315,1110,293,0,3
318,1110,340,3,0
319,1110,341,3,0
320,1110,298,0,3
321,1110,343,3,0
322,1110,344,3,0
313,1111,335,3,0
315,1111,293,0,3
319,1111,341,3,0
320,1111,298,0,3
321,1111,343,3,0
322,1111,344,3,0
313,1112,335,3,0
315,1112,293,0,3
320,1112,298,0,3
321,1112,343,3,0
322,1112,344,3,0
313,1113,335,3,0
315,1113,293,0,3
321,1113,343,3,0
322,1113,344,3,0
313,1114,335,3,0
322,1114,344,3,0
313,1115,335,3,0
313,1117,335,3,0
313,1118,335,3,0
326,1118,348,3,0
310,1119,288,0,3
313,1119,335,3,0
326,1119,348,3,0
310,1120,288,0,3
313,1120,335,3,0
326,1120,348,3,0
328,1120,350,3,0
308,1121,286,0,2
310,1121,288,0,3
313,1121,335,3,0
326,1121,348,3,0
328,1121,350,3,0
329,1121,351,3,0
330,1122,308,0,2
332,1122,310,0,3
335,1122,357,3,0
350,1122,372,3,0
332,1123,310,0,3
335,1123,357,3,0
332,1124,310,0,3
335,1124,357,3,0
335,1125,357,3,0
335,1126,357,3,0
335,1127,357,3,0
335,1128,357,3,0
335,1129,357,3,0
337,1129,315,0,3
344,1129,366,3,0
335,1130,357,3,0
337,1130,315,0,3
343,1130,365,3,0
344,1130,366,3,0
335,1131,357,3,0
337,1131,315,0,3
342,1131,320,0,3
343,1131,365,3,0
344,1131,366,3,0
335,1132,357,3,0
337,1132,315,0,3
342,1132,320,0,3
343,1132,365,3,0
344,1132,366,3,0
335,1133,357,3,0
337,1133,315,0,3
342,1133,320,0,3
343,1133,365,3,0
344,1133,366,3,0
335,1134,357,3,0
337,1134,315,0,3
342,1134,320,0,3
343,1134,365,3,0
344,1134,366,3,0
335,1135,357,3,0
337,1135,315,0,3
343,1135,365,3,0
344,1135,366,3,0
335,1136,357,3,0
344,1136,366,3,0
335,1137,357,3,0
335,1139,357,3,0
335,1140,357,3,0
332,1141,310,0,3
335,1141,357,3,0
332,1142,310,0,3
335,1142,357,3,0
350,1142,372,3,0
330,1143,308,0,2
332,1143,310,0,3
335,1143,357,3,0
350,1143,372,3,0
351,1143,373,3,0
352,1144,330,0,2
354,1144,332,0,3
357,1144,379,3,0
372,1144,394,3,0
354,1145,332,0,3
357,1145,379,3,0
354,1146,332,0,3
357,1146,379,3,0
357,1147,379,3,0
357,1148,379,3,0
357,1149,379,3,0
357,1150,379,3,0
357,1151,379,3,0
359,1151,337,0,3
366,1151,388,3,0
357,1152,379,3,0
359,1152,337,0,3
365,1152,387,3,0
366,1152,388,3,0
357,1153,379,3,0
359,1153,337,0,3
364,1153,342,0,3
365,1153,387,3,0
366,1153,388,3,0
357,1154,379,3,0
359,1154,337,0,3
363,1154,385,3,0
364,1154,342,0,3
365,1154,387,3,0
366,1154,388,3,0
357,1155,379,3,0
359,1155,337,0,3
363,1155,385,3,0
364,1155,342,0,3
365,1155,387,3,0
366,1155,388,3,0
357,1156,379,3,0
359,1156,337,0,3
364,1156,342,0,3
365,1156,387,3,0
366,1156,388,3,0
357,1157,379,3,0
359,1157,337,0,3
365,1157,387,3,0
366,1157,388,3,0
357,1158,379,3,0
366,1158,388,3,0
357,1159,379,3,0
357,1161,379,3,0
357,1162,379,3,0
354,1163,332,0,3
357,1163,379,3,0
354,1164,332,0,3
357,1164,379,3,0
372,1164,394,3,0
352,1165,330,0,2
354,1165,332,0,3
357,1165,379,3,0
372,1165,394,3,0
373,1165,395,3,0
374,1166,352,0,2
375,1166,353,0,3
376,1166,354,0,3
379,1166,401,3,0
394,1166,416,3,0
375,1167,353,0,3
376,1167,354,0,3
379,1167,401,3,0
376,1168,354,0,3
379,1168,401,3,0
379,1169,401,3,0
379,1170,401,3,0
379,1171,401,3,0
379,1172,401,3,0
379,1173,401,3,0
381,1173,359,0,3
388,1173,410,3,0
379,1174,401,3,0
381,1174,359,0,3
387,1174,409,3,0
388,1174,410,3,0
379,1175,401,3,0
381,1175,359,0,3
386,1175,364,0,3
387,1175,409,3,0
388,1175,410,3,0
379,1176,401,3,0
381,1176,359,0,3
385,1176,407,3,0
386,1176,364,0,3
387,1176,409,3,0
388,1176,410,3,0
379,1177,401,3,0
381,1177,359,0,3
385,1177,407,3,0
386,1177,364,0,3
387,1177,409,3,0
388,1177,410,3,0
379,1178,401,3,0
381,1178,359,0,3
386,1178,364,0,3
387,1178,409,3,0
388,1178,410,3,0
379,1179,401,3,0
381,1179,359,0,3
387,1179,409,3,0
388,1179,410,3,0
379,1180,401,3,0
388,1180,410,3,0
379,1181,401,3,0
379,1183,401,3,0
379,1184,401,3,0
376,1185,354,0,3
379,1185,401,3,0
375,1186,353,0,3
376,1186,354,0,3
379,1186,401,3,0
394,1186,416,3,0
374,1187,352,0,2
375,1187,353,0,3
376,1187,354,0,3
379,1187,401,3,0
394,1187,416,3,0
395,1187,417,3,0
396,1188,374,0,2
397,1188,375,0,3
398,1188,376,0,3
401,1188,423,3,0
416,1188,438,3,0
397,1189,375,0,3
398,1189,376,0,3
401,1189,423,3,0
398,1190,376,0,3
401,1190,423,3,0
401,1191,423,3,0
401,1192,423,3,0
401,1193,423,3,0
401,1194,423,3,0
401,1195,423,3,0
410,1195,432,3,0
401,1196,423,3,0
409,1196,431,3,0
410,1196,432,3,0
401,1197,423,3,0
408,1197,386,0,3
409,1197,431,3,0
410,1197,432,3,0
401,1198,423,3,0
407,1198,429,3,0
408,1198,386,0,3
409,1198,431,3,0
410,1198,432,3,0
401,1199,423,3,0
407,1199,429,3,0
408,1199,386,0,3
409,1199,431,3,0
410,1199,432,3,0
401,1200,423,3,0
408,1200,386,0,3
409,1200,431,3,0
410,1200,432,3,0
401,1201,423,3,0
409,1201,431,3,0
410,1201,432,3,0
401,1202,423,3,0
410,1202,432,3,0
401,1203,423,3,0
401,1205,423,3,0
401,1206,423,3,0
398,1207,376,0,3
401,1207,423,3,0
397,1208,375,0,3
398,1208,376,0,3
401,1208,423,3,0
416,1208,438,3,0
396,1209,374,0,2
397,1209,375,0,3
398,1209,376,0,3
401,1209,423,3,0
416,1209,438,3,0
417,1209,439,3,0
418,1210,396,0,2
419,1210,397,0,3
420,1210,398,0,3
423,1210,445,3,0
434,1210,456,3,0
438,1210,460,3,0
419,1211,397,0,3
420,1211,398,0,3
423,1211,445,3,0
434,1211,456,3,0
420,1212,398,0,3
423,1212,445,3,0
434,1212,456,3,0
423,1213,445,3,0
434,1213,456,3,0
423,1214,445,3,0
434,1214,456,3,0
423,1215,445,3,0
434,1215,456,3,0
423,1216,445,3,0
434,1216,456,3,0
423,1217,445,3,0
425,1217,403,0,3
434,1217,456,3,0
423,1218,445,3,0
425,1218,403,0,3
431,1218,453,3,0
434,1218,456,3,0
423,1219,445,3,0
425,1219,403,0,3
430,1219,408,0,3
431,1219,453,3,0
434,1219,456,3,0
423,1220,445,3,0
425,1220,403,0,3
429,1220,451,3,0
430,1220,408,0,3
431,1220,453,3,0
434,1220,456,3,0
423,1221,445,3,0
425,1221,403,0,3
429,1221,451,3,0
430,1221,408,0,3
431,1221,453,3,0
434,1221,456,3,0
423,1222,445,3,0
425,1222,403,0,3
430,1222,408,0,3
431,1222,453,3,0
434,1222,456,3,0
423,1223,445,3,0
425,1223,403,0,3
431,1223,453,3,0
434,1223,456,3,0
423,1224,445,3,0
434,1224,456,3,0
423,1225,445,3,0
434,1225,456,3,0
434,1226,456,3,0
423,1227,445,3,0
434,1227,456,3,0
423,1228,445,3,0
434,1228,456,3,0
420,1229,398,0,3
423,1229,445,3,0
434,1229,456,3,0
419,1230,397,0,3
420,1230,398,0,3
423,1230,445,3,0
434,1230,456,3,0
438,1230,460,3,0
418,1231,396,0,2
419,1231,397,0,3
420,1231,398,0,3
423,1231,445,3,0
434,1231,456,3,0
438,1231,460,3,0
439,1231,461,3,0
440,1232,418,0,2
441,1232,419,0,3
442,1232,420,0,3
445,1232,467,3,0
460,1232,482,3,0
441,1233,419,0,3
442,1233,420,0,3
445,1233,467,3,0
442,1234,420,0,3
445,1234,467,3,0
445,1235,467,3,0
445,1236,467,3,0
445,1237,467,3,0
445,1238,467,3,0
445,1239,467,3,0
445,1240,467,3,0
453,1240,475,3,0
445,1241,467,3,0
452,1241,430,0,3
453,1241,475,3,0
445,1242,467,3,0
451,1242,473,3,0
452,1242,430,0,3
453,1242,475,3,0
445,1243,467,3,0
451,1243,473,3,0
452,1243,430,0,3
453,1243,475,3,0
445,1244,467,3,0
452,1244,430,0,3
453,1244,475,3,0
445,1245,467,3,0
453,1245,475,3,0
445,1246,467,3,0
445,1247,467,3,0
445,1249,467,3,0
445,1250,467,3,0
442,1251,420,0,3
445,1251,467,3,0
441,1252,419,0,3
442,1252,420,0,3
445,1252,467,3,0
460,1252,482,3,0
440,1253,418,0,2
441,1253,419,0,3
442,1253,420,0,3
445,1253,467,3,0
460,1253,482,3,0
461,1253,483,3,0
462,1254,440,0,2
463,1254,441,0,3
464,1254,442,0,3
467,1254,489,3,0
482,1254,504,3,0
463,1255,441,0,3
464,1255,442,0,3
467,1255,489,3,0
464,1256,442,0,3
467,1256,489,3,0
467,1257,489,3,0
467,1258,489,3,0
467,1259,489,3,0
467,1260,489,3,0
467,1261,489,3,0
467,1262,489,3,0
475,1262,497,3,0
467,1263,489,3,0
474,1263,452,0,3
475,1263,497,3,0
467,1264,489,3,0
473,1264,495,3,0
474,1264,452,0,3
475,1264,497,3,0
467,1265,489,3,0
473,1265,495,3,0
474,1265,452,0,3
475,1265,497,3,0
467,1266,489,3,0
474,1266,452,0,3
475,1266,497,3,0
467,1267,489,3,0
475,1267,497,3,0
467,1268,489,3,0
467,1269,489,3,0
467,1271,489,3,0
467,1272,489,3,0
464,1273,442,0,3
467,1273,489,3,0
463,1274,441,0,3
464,1274,442,0,3
467,1274,489,3,0
482,1274,504,3,0
462,1275,440,0,2
463,1275,441,0,3
464,1275,442,0,3
467,1275,489,3,0
482,1275,504,3,0
483,1275,505,3,0
484,1276,462,0,2
486,1276,464,0,3
489,1276,511,3,0
504,1276,526,3,0
486,1277,464,0,3
489,1277,511,3,0
486,1278,464,0,3
489,1278,511,3,0
489,1279,511,3,0
489,1280,511,3,0
489,1281,511,3,0
489,1282,511,3,0
489,1283,511,3,0
489,1284,511,3,0
497,1284,519,3,0
489,1285,511,3,0
496,1285,474,0,3
497,1285,519,3,0
489,1286,511,3,0
495,1286,517,3,0
496,1286,474,0,3
497,1286,519,3,0
489,1287,511,3,0
495,1287,517,3,0
496,1287,474,0,3
497,1287,519,3,0
489,1288,511,3,0
496,1288,474,0,3
497,1288,519,3,0
489,1289,511,3,0
497,1289,519,3,0
489,1290,511,3,0
489,1291,511,3,0
489,1293,511,3,0
489,1294,511,3,0
486,1295,464,0,3
489,1295,511,3,0
486,1296,464,0,3
489,1296,511,3,0
504,1296,526,3,0
484,1297,462,0,2
486,1297,464,0,3
489,1297,511,3,0
504,1297,526,3,0
505,1297,527,3,0
506,1298,484,0,2
508,1298,486,0,3
511,1298,533,3,0
526,1298,548,3,0
508,1299,486,0,3
511,1299,533,3,0
508,1300,486,0,3
511,1300,533,3,0
511,1301,533,3,0
511,1302,533,3,0
511,1303,533,3,0
511,1304,533,3,0
511,1305,533,3,0
520,1305,498,0,3
511,1306,533,3,0
519,1306,541,3,0
520,1306,498,0,3
511,1307,533,3,0
519,1307,541,3,0
520,1307,498,0,3
511,1308,533,3,0
519,1308,541,3,0
520,1308,498,0,3
511,1309,533,3,0
519,1309,541,3,0
520,1309,498,0,3
511,1310,533,3,0
519,1310,541,3,0
520,1310,498,0,3
511,1311,533,3,0
519,1311,541,3,0
520,1311,498,0,3
511,1312,533,3,0
520,1312,498,0,3
511,1313,533,3,0
511,1315,533,3,0
511,1316,533,3,0
508,1317,486,0,3
511,1317,533,3,0
508,1318,486,0,3
511,1318,533,3,0
526,1318,548,3,0
506,1319,484,0,2
508,1319,486,0,3
511,1319,533,3,0
526,1319,548,3,0
527,1319,549,3,0
530,1320,508,0,3
533,1320,555,3,0
548,1320,570,3,0
530,1321,508,0,3
533,1321,555,3,0
530,1322,508,0,3
533,1322,555,3,0
533,1323,555,3,0
533,1324,555,3,0
533,1325,555,3,0
533,1326,555,3,0
533,1327,555,3,0
533,1328,555,3,0
541,1328,563,3,0
533,1329,555,3,0
540,1329,518,0,3
541,1329,563,3,0
533,1330,555,3,0
540,1330,518,0,3
541,1330,563,3,0
533,1331,555,3,0
540,1331,518,0,3
541,1331,563,3,0
533,1332,555,3,0
540,1332,518,0,3
541,1332,563,3,0
533,1333,555,3,0
541,1333,563,3,0
533,1334,555,3,0
533,1335,555,3,0
533,1337,555,3,0
533,1338,555,3,0
530,1339,508,0,3
533,1339,555,3,0
530,1340,508,0,3
533,1340,555,3,0
548,1340,570,3,0
530,1341,508,0,3
533,1341,555,3,0
548,1341,570,3,0
549,1341,571,3,0
552,1342,530,0,3
555,1342,577,3,0
570,1342,592,3,0
552,1343,530,0,3
555,1343,577,3,0
552,1344,530,0,3
555,1344,577,3,0
555,1345,577,3,0
555,1346,577,3,0
555,1347,577,3,0
555,1348,577,3,0
555,1349,577,3,0
555,1350,577,3,0
563,1350,585,3,0
555,1351,577,3,0
562,1351,540,0,3
563,1351,585,3,0
555,1352,577,3,0
562,1352,540,0,3
563,1352,585,3,0
555,1353,577,3,0
562,1353,540,0,3
563,1353,585,3,0
555,1354,577,3,0
562,1354,540,0,3
563,1354,585,3,0
555,1355,577,3,0
563,1355,585,3,0
555,1356,577,3,0
555,1357,577,3,0
555,1359,577,3,0
555,1360,577,3,0
552,1361,530,0,3
555,1361,577,3,0
552,1362,530,0,3
555,1362,577,3,0
570,1362,592,3,0
552,1363,530,0,3
555,1363,577,3,0
570,1363,592,3,0
571,1363,593,3,0
573,1364,551,0,3
574,1364,552,0,3
577,1364,599,3,0
592,1364,614,3,0
573,1365,551,0,3
574,1365,552,0,3
577,1365,599,3,0
574,1366,552,0,3
577,1366,599,3,0
577,1367,599,3,0
577,1368,599,3,0
577,1369,599,3,0
577,1370,599,3,0
577,1371,599,3,0
577,1372,599,3,0
585,1372,607,3,0
577,1373,599,3,0
584,1373,562,0,3
585,1373,607,3,0
577,1374,599,3,0
584,1374,562,0,3
585,1374,607,3,0
577,1375,599,3,0
584,1375,562,0,3
585,1375,607,3,0
577,1376,599,3,0
584,1376,562,0,3
585,1376,607,3,0
577,1377,599,3,0
585,1377,607,3,0
577,1378,599,3,0
577,1379,599,3,0
577,1381,599,3,0
577,1382,599,3,0
574,1383,552,0,3
577,1383,599,3,0
573,1384,551,0,3
574,1384,552,0,3
577,1384,599,3,0
592,1384,614,3,0
573,1385,551,0,3
574,1385,552,0,3
577,1385,599,3,0
592,1385,614,3,0
593,1385,615,3,0
595,1386,573,0,3
596,1386,574,0,3
599,1386,621,3,0
614,1386,636,3,0
595,1387,573,0,3
596,1387,574,0,3
599,1387,621,3,0
596,1388,574,0,3
599,1388,621,3,0
599,1389,621,3,0
599,1390,621,3,0
599,1391,621,3,0
599,1392,621,3,0
599,1393,621,3,0
601,1393,579,0,3
599,1394,621,3,0
601,1394,579,0,3
607,1394,629,3,0
599,1395,621,3,0
601,1395,579,0,3
607,1395,629,3,0
599,1396,621,3,0
601,1396,579,0,3
607,1396,629,3,0
599,1397,621,3,0
601,1397,579,0,3
607,1397,629,3,0
599,1398,621,3,0
601,1398,579,0,3
607,1398,629,3,0
599,1399,621,3,0
601,1399,579,0,3
607,1399,629,3,0
599,1400,621,3,0
599,1401,621,3,0
599,1403,621,3,0
599,1404,621,3,0
596,1405,574,0,3
599,1405,621,3,0
595,1406,573,0,3
596,1406,574,0,3
599,1406,621,3,0
614,1406,636,3,0
595,1407,573,0,3
596,1407,574,0,3
599,1407,621,3,0
614,1407,636,3,0
615,1407,637,3,0
618,1408,596,0,3
621,1408,643,3,0
636,1408,658,3,0
618,1409,596,0,3
621,1409,643,3,0
618,1410,596,0,3
621,1410,643,3,0
621,1411,643,3,0
621,1412,643,3,0
621,1413,643,3,0
621,1414,643,3,0
621,1415,643,3,0
623,1415,601,0,3
621,1416,643,3,0
623,1416,601,0,3
629,1416,651,3,0
621,1417,643,3,0
623,1417,601,0,3
628,1417,606,0,3
629,1417,651,3,0
621,1418,643,3,0
623,1418,601,0,3
626,1418,604,0,3
628,1418,606,0,3
629,1418,651,3,0
621,1419,643,3,0
623,1419,601,0,3
628,1419,606,0,3
629,1419,651,3,0
621,1420,643,3,0
623,1420,601,0,3
628,1420,606,0,3
629,1420,651,3,0
621,1421,643,3,0
623,1421,601,0,3
629,1421,651,3,0
621,1422,643,3,0
621,1423,643,3,0
621,1425,643,3,0
621,1426,643,3,0
618,1427,596,0,3
621,1427,643,3,0
618,1428,596,0,3
621,1428,643,3,0
636,1428,658,3,0
618,1429,596,0,3
621,1429,643,3,0
636,1429,658,3,0
637,1429,659,3,0
639,1430,617,0,3
640,1430,618,0,3
643,1430,665,3,0
656,1430,678,3,0
658,1430,680,3,0
639,1431,617,0,3
640,1431,618,0,3
643,1431,665,3,0
656,1431,678,3,0
640,1432,618,0,3
643,1432,665,3,0
656,1432,678,3,0
643,1433,665,3,0
643,1434,665,3,0
643,1435,665,3,0
643,1436,665,3,0
643,1437,665,3,0
645,1437,623,0,3
643,1438,665,3,0
645,1438,623,0,3
651,1438,673,3,0
643,1439,665,3,0
645,1439,623,0,3
650,1439,628,0,3
651,1439,673,3,0
643,1440,665,3,0
645,1440,623,0,3
648,1440,626,0,3
650,1440,628,0,3
651,1440,673,3,0
643,1441,665,3,0
645,1441,623,0,3
650,1441,628,0,3
651,1441,673,3,0
643,1442,665,3,0
645,1442,623,0,3
650,1442,628,0,3
651,1442,673,3,0
643,1443,665,3,0
645,1443,623,0,3
651,1443,673,3,0
643,1444,665,3,0
643,1445,665,3,0
643,1447,665,3,0
643,1448,665,3,0
656,1448,678,3,0
640,1449,618,0,3
643,1449,665,3,0
656,1449,678,3,0
639,1450,617,0,3
640,1450,618,0,3
643,1450,665,3,0
656,1450,678,3,0
658,1450,680,3,0
639,1451,617,0,3
640,1451,618,0,3
643,1451,665,3,0
656,1451,678,3,0
658,1451,680,3,0
659,1451,681,3,0
660,1452,682,2,0
661,1452,639,0,3
664,1452,642,0,3
665,1452,687,3,0
678,1452,700,3,0
661,1453,639,0,3
664,1453,642,0,3
665,1453,687,3,0
678,1453,700,3,0
664,1454,642,0,3
665,1454,687,3,0
678,1454,700,3,0
664,1455,642,0,3
665,1455,687,3,0
664,1456,642,0,3
665,1456,687,3,0
665,1457,687,3,0
665,1458,687,3,0
665,1459,687,3,0
667,1459,645,0,3
665,1460,687,3,0
667,1460,645,0,3
673,1460,695,3,0
665,1461,687,3,0
667,1461,645,0,3
672,1461,650,0,3
673,1461,695,3,0
665,1462,687,3,0
667,1462,645,0,3
672,1462,650,0,3
673,1462,695,3,0
665,1463,687,3,0
667,1463,645,0,3
672,1463,650,0,3
673,1463,695,3,0
665,1464,687,3,0
667,1464,645,0,3
672,1464,650,0,3
673,1464,695,3,0
665,1465,687,3,0
667,1465,645,0,3
673,1465,695,3,0
665,1466,687,3,0
665,1467,687,3,0
664,1469,642,0,3
665,1469,687,3,0
664,1470,642,0,3
665,1470,687,3,0
678,1470,700,3,0
664,1471,642,0,3
665,1471,687,3,0
678,1471,700,3,0
661,1472,639,0,3
664,1472,642,0,3
665,1472,687,3,0
678,1472,700,3,0
660,1473,682,2,0
661,1473,639,0,3
664,1473,642,0,3
665,1473,687,3,0
678,1473,700,3,0
681,1473,703,3,0
682,1474,704,2,0
683,1474,661,0,3
685,1474,707,3,0
687,1474,709,3,0
700,1474,722,3,0
683,1475,661,0,3
685,1475,707,3,0
687,1475,709,3,0
700,1475,722,3,0
685,1476,707,3,0
687,1476,709,3,0
700,1476,722,3,0
685,1477,707,3,0
687,1477,709,3,0
687,1478,709,3,0
687,1479,709,3,0
687,1480,709,3,0
697,1480,719,3,0
687,1481,709,3,0
697,1481,719,3,0
687,1482,709,3,0
690,1482,668,0,3
695,1482,717,3,0
697,1482,719,3,0
687,1483,709,3,0
690,1483,668,0,3
694,1483,672,0,3
695,1483,717,3,0
697,1483,719,3,0
687,1484,709,3,0
690,1484,668,0,3
694,1484,672,0,3
695,1484,717,3,0
697,1484,719,3,0
687,1485,709,3,0
690,1485,668,0,3
694,1485,672,0,3
695,1485,717,3,0
697,1485,719,3,0
687,1486,709,3,0
690,1486,668,0,3
694,1486,672,0,3
695,1486,717,3,0
697,1486,719,3,0
687,1487,709,3,0
695,1487,717,3,0
697,1487,719,3,0
687,1488,709,3,0
697,1488,719,3,0
687,1489,709,3,0
697,1489,719,3,0
687,1491,709,3,0
685,1492,707,3,0
687,1492,709,3,0
700,1492,722,3,0
685,1493,707,3,0
687,1493,709,3,0
700,1493,722,3,0
683,1494,661,0,3
685,1494,707,3,0
687,1494,709,3,0
700,1494,722,3,0
682,1495,704,2,0
683,1495,661,0,3
685,1495,707,3,0
687,1495,709,3,0
700,1495,722,3,0
703,1495,725,3,0
707,1496,729,3,0
709,1496,731,3,0
721,1496,743,3,0
722,1496,744,3,0
707,1497,729,3,0
709,1497,731,3,0
721,1497,743,3,0
722,1497,744,3,0
707,1498,729,3,0
709,1498,731,3,0
721,1498,743,3,0
722,1498,744,3,0
707,1499,729,3,0
709,1499,731,3,0
721,1499,743,3,0
709,1500,731,3,0
709,1501,731,3,0
709,1502,731,3,0
719,1502,741,3,0
709,1503,731,3,0
719,1503,741,3,0
709,1504,731,3,0
717,1504,739,3,0
719,1504,741,3,0
709,1505,731,3,0
716,1505,738,3,0
717,1505,739,3,0
719,1505,741,3,0
709,1506,731,3,0
716,1506,738,3,0
717,1506,739,3,0
719,1506,741,3,0
709,1507,731,3,0
716,1507,738,3,0
717,1507,739,3,0
719,1507,741,3,0
709,1508,731,3,0
716,1508,738,3,0
717,1508,739,3,0
719,1508,741,3,0
709,1509,731,3,0
717,1509,739,3,0
719,1509,741,3,0
709,1510,731,3,0
719,1510,741,3,0
709,1511,731,3,0
719,1511,741,3,0
709,1513,731,3,0
721,1513,743,3,0
707,1514,729,3,0
709,1514,731,3,0
721,1514,743,3,0
722,1514,744,3,0
707,1515,729,3,0
709,1515,731,3,0
721,1515,743,3,0
722,1515,744,3,0
707,1516,729,3,0
709,1516,731,3,0
721,1516,743,3,0
722,1516,744,3,0
707,1517,729,3,0
709,1517,731,3,0
721,1517,743,3,0
722,1517,744,3,0
726,1518,748,2,0
728,1518,750,3,0
729,1518,751,3,0
731,1518,753,3,0
742,1518,720,0,3
743,1518,765,3,0
744,1518,766,3,0
745,1518,723,0,3
728,1519,750,3,0
729,1519,751,3,0
731,1519,753,3,0
742,1519,720,0,3
743,1519,765,3,0
744,1519,766,3,0
745,1519,723,0,3
728,1520,750,3,0
729,1520,751,3,0
731,1520,753,3,0
742,1520,720,0,3
743,1520,765,3,0
744,1520,766,3,0
729,1521,751,3,0
731,1521,753,3,0
742,1521,720,0,3
743,1521,765,3,0
731,1522,753,3,0
742,1522,720,0,3
731,1523,753,3,0
742,1523,720,0,3
731,1524,753,3,0
742,1524,720,0,3
731,1525,753,3,0
733,1525,711,0,3
742,1525,720,0,3
731,1526,753,3,0
733,1526,711,0,3
739,1526,761,3,0
742,1526,720,0,3
731,1527,753,3,0
733,1527,711,0,3
735,1527,713,0,3
738,1527,760,3,0
739,1527,761,3,0
742,1527,720,0,3
731,1528,753,3,0
733,1528,711,0,3
735,1528,713,0,3
738,1528,760,3,0
739,1528,761,3,0
742,1528,720,0,3
731,1529,753,3,0
733,1529,711,0,3
735,1529,713,0,3
738,1529,760,3,0
739,1529,761,3,0
742,1529,720,0,3
731,1530,753,3,0
733,1530,711,0,3
738,1530,760,3,0
739,1530,761,3,0
742,1530,720,0,3
731,1531,753,3,0
733,1531,711,0,3
739,1531,761,3,0
742,1531,720,0,3
731,1532,753,3,0
742,1532,720,0,3
731,1533,753,3,0
742,1533,720,0,3
742,1534,720,0,3
731,1535,753,3,0
742,1535,720,0,3
743,1535,765,3,0
729,1536,751,3,0
731,1536,753,3,0
742,1536,720,0,3
743,1536,765,3,0
744,1536,766,3,0
728,1537,750,3,0
729,1537,751,3,0
731,1537,753,3,0
742,1537,720,0,3
743,1537,765,3,0
744,1537,766,3,0
745,1537,723,0,3
728,1538,750,3,0
729,1538,751,3,0
731,1538,753,3,0
742,1538,720,0,3
743,1538,765,3,0
744,1538,766,3,0
745,1538,723,0,3
726,1539,748,2,0
728,1539,750,3,0
729,1539,751,3,0
731,1539,753,3,0
742,1539,720,0,3
743,1539,765,3,0
744,1539,766,3,0
745,1539,723,0,3
747,1539,769,3,0
748,1540,770,2,0
749,1540,771,3,0
750,1540,772,3,0
751,1540,773,3,0
752,1540,774,3,0
753,1540,775,3,0
764,1540,742,0,3
766,1540,788,3,0
749,1541,771,3,0
750,1541,772,3,0
751,1541,773,3,0
752,1541,774,3,0
753,1541,775,3,0
764,1541,742,0,3
766,1541,788,3,0
750,1542,772,3,0
751,1542,773,3,0
752,1542,774,3,0
753,1542,775,3,0
764,1542,742,0,3
766,1542,788,3,0
751,1543,773,3,0
752,1543,774,3,0
753,1543,775,3,0
764,1543,742,0,3
752,1544,774,3,0
753,1544,775,3,0
764,1544,742,0,3
753,1545,775,3,0
753,1546,775,3,0
763,1546,741,0,3
764,1546,742,0,3
753,1547,775,3,0
763,1547,741,0,3
764,1547,742,0,3
753,1548,775,3,0
761,1548,783,3,0
763,1548,741,0,3
764,1548,742,0,3
753,1549,775,3,0
760,1549,782,3,0
761,1549,783,3,0
763,1549,741,0,3
764,1549,742,0,3
753,1550,775,3,0
760,1550,782,3,0
761,1550,783,3,0
763,1550,741,0,3
764,1550,742,0,3
753,1551,775,3,0
760,1551,782,3,0
761,1551,783,3,0
763,1551,741,0,3
764,1551,742,0,3
753,1552,775,3,0
760,1552,782,3,0
761,1552,783,3,0
763,1552,741,0,3
764,1552,742,0,3
753,1553,775,3,0
761,1553,783,3,0
763,1553,741,0,3
764,1553,742,0,3
753,1554,775,3,0
763,1554,741,0,3
764,1554,742,0,3
753,1555,775,3,0
763,1555,741,0,3
764,1555,742,0,3
764,1556,742,0,3
752,1557,774,3,0
753,1557,775,3,0
764,1557,742,0,3
751,1558,773,3,0
752,1558,774,3,0
753,1558,775,3,0
764,1558,742,0,3
766,1558,788,3,0
750,1559,772,3,0
751,1559,773,3,0
752,1559,774,3,0
753,1559,775,3,0
764,1559,742,0,3
766,1559,788,3,0
749,1560,771,3,0
750,1560,772,3,0
751,1560,773,3,0
752,1560,774,3,0
753,1560,775,3,0
764,1560,742,0,3
766,1560,788,3,0
748,1561,770,2,0
749,1561,771,3,0
750,1561,772,3,0
751,1561,773,3,0
752,1561,774,3,0
753,1561,775,3,0
764,1561,742,0,3
766,1561,788,3,0
769,1561,791,3,0
770,1562,792,2,0
771,1562,793,3,0
772,1562,794,3,0
773,1562,795,3,0
774,1562,796,3,0
775,1562,797,3,0
786,1562,764,0,3
787,1562,809,3,0
788,1562,810,3,0
789,1562,767,0,3
771,1563,793,3,0
772,1563,794,3,0
773,1563,795,3,0
774,1563,796,3,0
775,1563,797,3,0
786,1563,764,0,3
787,1563,809,3,0
788,1563,810,3,0
789,1563,767,0,3
772,1564,794,3,0
773,1564,795,3,0
774,1564,796,3,0
775,1564,797,3,0
786,1564,764,0,3
787,1564,809,3,0
788,1564,810,3,0
773,1565,795,3,0
774,1565,796,3,0
775,1565,797,3,0
786,1565,764,0,3
787,1565,809,3,0
774,1566,796,3,0
775,1566,797,3,0
786,1566,764,0,3
775,1567,797,3,0
786,1567,764,0,3
775,1568,797,3,0
776,1568,754,0,3
785,1568,763,0,3
786,1568,764,0,3
775,1569,797,3,0
776,1569,754,0,3
784,1569,762,0,3
785,1569,763,0,3
786,1569,764,0,3
775,1570,797,3,0
776,1570,754,0,3
778,1570,756,0,3
783,1570,805,3,0
784,1570,762,0,3
785,1570,763,0,3
786,1570,764,0,3
775,1571,797,3,0
776,1571,754,0,3
778,1571,756,0,3
782,1571,804,3,0
783,1571,805,3,0
784,1571,762,0,3
785,1571,763,0,3
786,1571,764,0,3
775,1572,797,3,0
776,1572,754,0,3
778,1572,756,0,3
782,1572,804,3,0
783,1572,805,3,0
784,1572,762,0,3
785,1572,763,0,3
786,1572,764,0,3
775,1573,797,3,0
776,1573,754,0,3
778,1573,756,0,3
782,1573,804,3,0
783,1573,805,3,0
784,1573,762,0,3
785,1573,763,0,3
786,1573,764,0,3
775,1574,797,3,0
776,1574,754,0,3
778,1574,756,0,3
782,1574,804,3,0
783,1574,805,3,0
784,1574,762,0,3
785,1574,763,0,3
786,1574,764,0,3
775,1575,797,3,0
776,1575,754,0,3
783,1575,805,3,0
784,1575,762,0,3
785,1575,763,0,3
786,1575,764,0,3
775,1576,797,3,0
776,1576,754,0,3
784,1576,762,0,3
785,1576,763,0,3
786,1576,764,0,3
775,1577,797,3,0
785,1577,763,0,3
786,1577,764,0,3
786,1578,764,0,3
774,1579,796,3,0
775,1579,797,3,0
786,1579,764,0,3
787,1579,809,3,0
773,1580,795,3,0
774,1580,796,3,0
775,1580,797,3,0
786,1580,764,0,3
787,1580,809,3,0
788,1580,810,3,0
772,1581,794,3,0
773,1581,795,3,0
774,1581,796,3,0
775,1581,797,3,0
786,1581,764,0,3
787,1581,809,3,0
788,1581,810,3,0
789,1581,767,0,3
771,1582,793,3,0
772,1582,794,3,0
773,1582,795,3,0
774,1582,796,3,0
775,1582,797,3,0
786,1582,764,0,3
787,1582,809,3,0
788,1582,810,3,0
789,1582,767,0,3
770,1583,792,2,0
771,1583,793,3,0
772,1583,794,3,0
773,1583,795,3,0
774,1583,796,3,0
775,1583,797,3,0
786,1583,764,0,3
787,1583,809,3,0
788,1583,810,3,0
789,1583,767,0,3
791,1583,813,3,0
159,1584,137,0,3
161,1584,139,0,3
166,1584,144,0,3
167,1584,189,3,0
168,1584,190,3,0
170,1584,148,0,3
918,1585,896,0,3
814,1586,836,2,0
815,1586,837,3,0
816,1586,838,3,0
818,1586,796,0,3
819,1586,841,3,0
830,1586,808,0,3
831,1586,853,3,0
1298,1587,1320,2,0
1300,1587,1322,3,0
1303,1587,1281,0,3
1318,1587,1296,0,3
1319,1587,1297,0,3
685,1588,707,3,0
687,1588,709,3,0
467,1590,489,3,0
1083,1591,1061,0,3
1096,1591,1074,0,3
445,1592,467,3,0
451,1592,473,3,0
452,1592,430,0,3
453,1592,475,3,0
313,1593,335,3,0
315,1593,293,0,3
318,1593,340,3,0
319,1593,341,3,0
320,1593,298,0,3
321,1593,343,3,0
322,1593,344,3,0
94,1594,116,3,0
97,1594,119,3,0
99,1594,121,3,0
100,1594,78,0,3
102,1594,124,3,0
104,1594,126,3,0
792,1595,814,2,0
793,1595,815,3,0
794,1595,816,3,0
797,1595,819,3,0
808,1595,786,0,3
809,1595,831,3,0
812,1595,834,3,0
