796,0,818,3,0
808,0,786,0,3
812,0,790,0,3
796,1,818,3,0
808,1,786,0,3
796,2,818,3,0
808,2,786,0,3
796,3,818,3,0
808,3,786,0,3
796,4,818,3,0
808,4,786,0,3
798,6,776,0,3
807,6,785,0,3
808,6,786,0,3
798,7,776,0,3
806,7,784,0,3
807,7,785,0,3
808,7,786,0,3
798,8,776,0,3
806,8,784,0,3
807,8,785,0,3
808,8,786,0,3
798,9,776,0,3
806,9,784,0,3
807,9,785,0,3
808,9,786,0,3
798,10,776,0,3
806,10,784,0,3
807,10,785,0,3
808,10,786,0,3
798,11,776,0,3
806,11,784,0,3
807,11,785,0,3
808,11,786,0,3
798,12,776,0,3
806,12,784,0,3
807,12,785,0,3
808,12,786,0,3
798,13,776,0,3
806,13,784,0,3
807,13,785,0,3
808,13,786,0,3
798,14,776,0,3
806,14,784,0,3
807,14,785,0,3
808,14,786,0,3
807,15,785,0,3
808,15,786,0,3
808,16,786,0,3
796,17,818,3,0
808,17,786,0,3
796,18,818,3,0
808,18,786,0,3
796,19,818,3,0
808,19,786,0,3
796,20,818,3,0
808,20,786,0,3
812,20,790,0,3
796,21,818,3,0
808,21,786,0,3
812,21,790,0,3
813,21,791,0,3
818,22,840,3,0
830,22,808,0,3
834,22,812,0,3
818,23,840,3,0
830,23,808,0,3
818,24,840,3,0
830,24,808,0,3
818,25,840,3,0
830,25,808,0,3
818,26,840,3,0
830,26,808,0,3
830,27,808,0,3
820,28,798,0,3
829,28,807,0,3
830,28,808,0,3
820,29,798,0,3
828,29,806,0,3
829,29,807,0,3
830,29,808,0,3
820,30,798,0,3
828,30,806,0,3
829,30,807,0,3
830,30,808,0,3
820,31,798,0,3
828,31,806,0,3
829,31,807,0,3
830,31,808,0,3
820,32,798,0,3
824,32,846,3,0
828,32,806,0,3
829,32,807,0,3
830,32,808,0,3
820,33,798,0,3
828,33,806,0,3
829,33,807,0,3
830,33,808,0,3
820,34,798,0,3
828,34,806,0,3
829,34,807,0,3
830,34,808,0,3
820,35,798,0,3
828,35,806,0,3
829,35,807,0,3
830,35,808,0,3
820,36,798,0,3
828,36,806,0,3
829,36,807,0,3
830,36,808,0,3
829,37,807,0,3
830,37,808,0,3
830,38,808,0,3
818,39,840,3,0
830,39,808,0,3
818,40,840,3,0
830,40,808,0,3
818,41,840,3,0
830,41,808,0,3
818,42,840,3,0
830,42,808,0,3
834,42,812,0,3
818,43,840,3,0
830,43,808,0,3
834,43,812,0,3
835,43,813,0,3
838,44,860,3,0
840,44,862,3,0
852,44,830,0,3
856,44,834,0,3
838,45,860,3,0
840,45,862,3,0
852,45,830,0,3
838,46,860,3,0
840,46,862,3,0
852,46,830,0,3
840,47,862,3,0
852,47,830,0,3
840,48,862,3,0
852,48,830,0,3
842,50,820,0,3
851,50,829,0,3
852,50,830,0,3
842,51,820,0,3
850,51,828,0,3
851,51,829,0,3
852,51,830,0,3
842,52,820,0,3
844,52,822,0,3
850,52,828,0,3
851,52,829,0,3
852,52,830,0,3
842,53,820,0,3
844,53,822,0,3
850,53,828,0,3
851,53,829,0,3
852,53,830,0,3
842,54,820,0,3
844,54,822,0,3
846,54,868,3,0
847,54,869,3,0
850,54,828,0,3
851,54,829,0,3
852,54,830,0,3
842,55,820,0,3
844,55,822,0,3
847,55,869,3,0
850,55,828,0,3
851,55,829,0,3
852,55,830,0,3
842,56,820,0,3
844,56,822,0,3
850,56,828,0,3
851,56,829,0,3
852,56,830,0,3
842,57,820,0,3
850,57,828,0,3
851,57,829,0,3
852,57,830,0,3
842,58,820,0,3
850,58,828,0,3
851,58,829,0,3
852,58,830,0,3
851,59,829,0,3
852,59,830,0,3
852,60,830,0,3
840,61,862,3,0
852,61,830,0,3
840,62,862,3,0
852,62,830,0,3
838,63,860,3,0
840,63,862,3,0
852,63,830,0,3
838,64,860,3,0
840,64,862,3,0
852,64,830,0,3
856,64,834,0,3
838,65,860,3,0
840,65,862,3,0
852,65,830,0,3
856,65,834,0,3
857,65,835,0,3
860,66,882,3,0
862,66,884,3,0
874,66,852,0,3
878,66,856,0,3
860,67,882,3,0
862,67,884,3,0
874,67,852,0,3
860,68,882,3,0
862,68,884,3,0
874,68,852,0,3
862,69,884,3,0
874,69,852,0,3
862,70,884,3,0
874,70,852,0,3
874,71,852,0,3
864,72,842,0,3
873,72,851,0,3
874,72,852,0,3
864,73,842,0,3
872,73,850,0,3
873,73,851,0,3
874,73,852,0,3
864,74,842,0,3
871,74,893,3,0
872,74,850,0,3
873,74,851,0,3
874,74,852,0,3
864,75,842,0,3
871,75,893,3,0
872,75,850,0,3
873,75,851,0,3
874,75,852,0,3
864,76,842,0,3
868,76,890,3,0
871,76,893,3,0
872,76,850,0,3
873,76,851,0,3
874,76,852,0,3
864,77,842,0,3
871,77,893,3,0
872,77,850,0,3
873,77,851,0,3
874,77,852,0,3
864,78,842,0,3
871,78,893,3,0
872,78,850,0,3
873,78,851,0,3
874,78,852,0,3
864,79,842,0,3
871,79,893,3,0
872,79,850,0,3
873,79,851,0,3
874,79,852,0,3
864,80,842,0,3
872,80,850,0,3
873,80,851,0,3
874,80,852,0,3
873,81,851,0,3
874,81,852,0,3
874,82,852,0,3
862,83,884,3,0
874,83,852,0,3
862,84,884,3,0
874,84,852,0,3
860,85,882,3,0
862,85,884,3,0
874,85,852,0,3
860,86,882,3,0
862,86,884,3,0
874,86,852,0,3
878,86,856,0,3
860,87,882,3,0
862,87,884,3,0
874,87,852,0,3
878,87,856,0,3
879,87,857,0,3
882,88,904,3,0
884,88,906,3,0
885,88,863,0,3
896,88,874,0,3
898,88,876,0,3
900,88,878,0,3
882,89,904,3,0
884,89,906,3,0
885,89,863,0,3
896,89,874,0,3
898,89,876,0,3
882,90,904,3,0
884,90,906,3,0
885,90,863,0,3
896,90,874,0,3
898,90,876,0,3
884,91,906,3,0
885,91,863,0,3
896,91,874,0,3
884,92,906,3,0
885,92,863,0,3
896,92,874,0,3
885,93,863,0,3
885,94,863,0,3
886,94,864,0,3
895,94,873,0,3
896,94,874,0,3
885,95,863,0,3
886,95,864,0,3
887,95,865,0,3
894,95,872,0,3
895,95,873,0,3
896,95,874,0,3
885,96,863,0,3
886,96,864,0,3
887,96,865,0,3
888,96,866,0,3
894,96,872,0,3
895,96,873,0,3
896,96,874,0,3
885,97,863,0,3
886,97,864,0,3
887,97,865,0,3
888,97,866,0,3
894,97,872,0,3
895,97,873,0,3
896,97,874,0,3
885,98,863,0,3
886,98,864,0,3
887,98,865,0,3
888,98,866,0,3
890,98,912,3,0
894,98,872,0,3
895,98,873,0,3
896,98,874,0,3
885,99,863,0,3
886,99,864,0,3
887,99,865,0,3
888,99,866,0,3
894,99,872,0,3
895,99,873,0,3
896,99,874,0,3
885,100,863,0,3
886,100,864,0,3
887,100,865,0,3
888,100,866,0,3
894,100,872,0,3
895,100,873,0,3
896,100,874,0,3
885,101,863,0,3
886,101,864,0,3
887,101,865,0,3
894,101,872,0,3
895,101,873,0,3
896,101,874,0,3
885,102,863,0,3
886,102,864,0,3
894,102,872,0,3
895,102,873,0,3
896,102,874,0,3
885,103,863,0,3
895,103,873,0,3
896,103,874,0,3
896,104,874,0,3
884,105,906,3,0
885,105,863,0,3
896,105,874,0,3
884,106,906,3,0
885,106,863,0,3
896,106,874,0,3
898,106,876,0,3
882,107,904,3,0
884,107,906,3,0
885,107,863,0,3
896,107,874,0,3
898,107,876,0,3
882,108,904,3,0
884,108,906,3,0
885,108,863,0,3
896,108,874,0,3
898,108,876,0,3
900,108,878,0,3
882,109,904,3,0
884,109,906,3,0
885,109,863,0,3
896,109,874,0,3
898,109,876,0,3
900,109,878,0,3
901,109,879,0,3
903,110,925,3,0
904,110,926,3,0
906,110,928,3,0
918,110,896,0,3
919,110,941,3,0
920,110,898,0,3
922,110,900,0,3
903,111,925,3,0
904,111,926,3,0
906,111,928,3,0
918,111,896,0,3
919,111,941,3,0
920,111,898,0,3
904,112,926,3,0
906,112,928,3,0
918,112,896,0,3
919,112,941,3,0
920,112,898,0,3
906,113,928,3,0
918,113,896,0,3
919,113,941,3,0
906,114,928,3,0
918,114,896,0,3
918,115,896,0,3
908,116,886,0,3
917,116,895,0,3
918,116,896,0,3
908,117,886,0,3
909,117,887,0,3
916,117,894,0,3
917,117,895,0,3
918,117,896,0,3
908,118,886,0,3
909,118,887,0,3
916,118,894,0,3
917,118,895,0,3
918,118,896,0,3
908,119,886,0,3
909,119,887,0,3
916,119,894,0,3
917,119,895,0,3
918,119,896,0,3
908,120,886,0,3
909,120,887,0,3
912,120,934,3,0
916,120,894,0,3
917,120,895,0,3
918,120,896,0,3
908,121,886,0,3
909,121,887,0,3
916,121,894,0,3
917,121,895,0,3
918,121,896,0,3
908,122,886,0,3
909,122,887,0,3
916,122,894,0,3
917,122,895,0,3
918,122,896,0,3
908,123,886,0,3
909,123,887,0,3
916,123,894,0,3
917,123,895,0,3
918,123,896,0,3
908,124,886,0,3
916,124,894,0,3
917,124,895,0,3
918,124,896,0,3
917,125,895,0,3
918,125,896,0,3
918,126,896,0,3
906,127,928,3,0
918,127,896,0,3
919,127,941,3,0
906,128,928,3,0
918,128,896,0,3
919,128,941,3,0
920,128,898,0,3
904,129,926,3,0
906,129,928,3,0
918,129,896,0,3
919,129,941,3,0
920,129,898,0,3
903,130,925,3,0
904,130,926,3,0
906,130,928,3,0
918,130,896,0,3
919,130,941,3,0
920,130,898,0,3
922,130,900,0,3
903,131,925,3,0
904,131,926,3,0
906,131,928,3,0
918,131,896,0,3
919,131,941,3,0
920,131,898,0,3
922,131,900,0,3
923,131,901,0,3
925,132,947,3,0
927,132,949,3,0
928,132,950,3,0
940,132,918,0,3
941,132,963,3,0
925,133,947,3,0
927,133,949,3,0
928,133,950,3,0
940,133,918,0,3
941,133,963,3,0
927,134,949,3,0
928,134,950,3,0
940,134,918,0,3
941,134,963,3,0
927,135,949,3,0
928,135,950,3,0
940,135,918,0,3
941,135,963,3,0
928,136,950,3,0
940,136,918,0,3
930,138,908,0,3
939,138,917,0,3
940,138,918,0,3
930,139,908,0,3
931,139,909,0,3
938,139,916,0,3
939,139,917,0,3
940,139,918,0,3
930,140,908,0,3
931,140,909,0,3
932,140,910,0,3
938,140,916,0,3
939,140,917,0,3
940,140,918,0,3
930,141,908,0,3
931,141,909,0,3
932,141,910,0,3
933,141,911,0,3
938,141,916,0,3
939,141,917,0,3
940,141,918,0,3
930,142,908,0,3
931,142,909,0,3
932,142,910,0,3
933,142,911,0,3
934,142,956,3,0
938,142,916,0,3
939,142,917,0,3
940,142,918,0,3
930,143,908,0,3
931,143,909,0,3
932,143,910,0,3
933,143,911,0,3
938,143,916,0,3
939,143,917,0,3
940,143,918,0,3
930,144,908,0,3
931,144,909,0,3
932,144,910,0,3
938,144,916,0,3
939,144,917,0,3
940,144,918,0,3
930,145,908,0,3
931,145,909,0,3
938,145,916,0,3
939,145,917,0,3
940,145,918,0,3
930,146,908,0,3
938,146,916,0,3
939,146,917,0,3
940,146,918,0,3
939,147,917,0,3
940,147,918,0,3
940,148,918,0,3
928,149,950,3,0
940,149,918,0,3
941,149,963,3,0
927,150,949,3,0
928,150,950,3,0
940,150,918,0,3
941,150,963,3,0
927,151,949,3,0
928,151,950,3,0
940,151,918,0,3
941,151,963,3,0
925,152,947,3,0
927,152,949,3,0
928,152,950,3,0
940,152,918,0,3
941,152,963,3,0
925,153,947,3,0
927,153,949,3,0
928,153,950,3,0
940,153,918,0,3
941,153,963,3,0
945,153,923,0,3
947,154,969,3,0
962,154,940,0,3
963,154,985,3,0
947,155,969,3,0
962,155,940,0,3
963,155,985,3,0
962,156,940,0,3
963,156,985,3,0
962,157,940,0,3
963,157,985,3,0
962,158,940,0,3
962,159,940,0,3
952,160,930,0,3
962,160,940,0,3
952,161,930,0,3
953,161,931,0,3
960,161,938,0,3
962,161,940,0,3
952,162,930,0,3
953,162,931,0,3
954,162,932,0,3
960,162,938,0,3
962,162,940,0,3
952,163,930,0,3
953,163,931,0,3
954,163,932,0,3
958,163,980,3,0
960,163,938,0,3
962,163,940,0,3
952,164,930,0,3
953,164,931,0,3
954,164,932,0,3
956,164,978,3,0
958,164,980,3,0
960,164,938,0,3
962,164,940,0,3
952,165,930,0,3
953,165,931,0,3
954,165,932,0,3
958,165,980,3,0
960,165,938,0,3
962,165,940,0,3
952,166,930,0,3
953,166,931,0,3
954,166,932,0,3
958,166,980,3,0
960,166,938,0,3
962,166,940,0,3
952,167,930,0,3
953,167,931,0,3
960,167,938,0,3
962,167,940,0,3
952,168,930,0,3
960,168,938,0,3
962,168,940,0,3
962,169,940,0,3
962,170,940,0,3
962,171,940,0,3
963,171,985,3,0
962,172,940,0,3
963,172,985,3,0
962,173,940,0,3
963,173,985,3,0
947,174,969,3,0
962,174,940,0,3
963,174,985,3,0
947,175,969,3,0
962,175,940,0,3
963,175,985,3,0
967,175,945,0,3
969,176,991,3,0
973,176,995,3,0
984,176,1006,3,0
985,176,1007,3,0
988,176,1010,3,0
969,177,991,3,0
973,177,995,3,0
984,177,1006,3,0
985,177,1007,3,0
973,178,995,3,0
984,178,1006,3,0
985,178,1007,3,0
973,179,995,3,0
984,179,1006,3,0
985,179,1007,3,0
973,180,995,3,0
984,180,1006,3,0
973,181,995,3,0
973,182,995,3,0
974,182,952,0,3
984,182,1006,3,0
973,183,995,3,0
974,183,952,0,3
975,183,953,0,3
984,183,1006,3,0
973,184,995,3,0
974,184,952,0,3
975,184,953,0,3
976,184,954,0,3
984,184,1006,3,0
973,185,995,3,0
974,185,952,0,3
975,185,953,0,3
976,185,954,0,3
984,185,1006,3,0
973,186,995,3,0
974,186,952,0,3
975,186,953,0,3
976,186,954,0,3
984,186,1006,3,0
973,187,995,3,0
974,187,952,0,3
975,187,953,0,3
976,187,954,0,3
984,187,1006,3,0
973,188,995,3,0
974,188,952,0,3
975,188,953,0,3
976,188,954,0,3
984,188,1006,3,0
973,189,995,3,0
974,189,952,0,3
975,189,953,0,3
984,189,1006,3,0
973,190,995,3,0
974,190,952,0,3
984,190,1006,3,0
973,191,995,3,0
984,191,1006,3,0
984,192,1006,3,0
973,193,995,3,0
984,193,1006,3,0
985,193,1007,3,0
973,194,995,3,0
984,194,1006,3,0
985,194,1007,3,0
973,195,995,3,0
984,195,1006,3,0
985,195,1007,3,0
969,196,991,3,0
973,196,995,3,0
984,196,1006,3,0
985,196,1007,3,0
988,196,1010,3,0
969,197,991,3,0
973,197,995,3,0
984,197,1006,3,0
985,197,1007,3,0
988,197,1010,3,0
989,197,967,0,3
991,198,1013,3,0
993,198,1015,3,0
995,198,1017,3,0
1006,198,1028,3,0
1007,198,1029,3,0
1008,198,1030,3,0
1010,198,1032,3,0
991,199,1013,3,0
993,199,1015,3,0
995,199,1017,3,0
1006,199,1028,3,0
1007,199,1029,3,0
1008,199,1030,3,0
993,200,1015,3,0
995,200,1017,3,0
1006,200,1028,3,0
1007,200,1029,3,0
1008,200,1030,3,0
993,201,1015,3,0
995,201,1017,3,0
1006,201,1028,3,0
1007,201,1029,3,0
995,202,1017,3,0
1006,202,1028,3,0
995,203,1017,3,0
1006,203,1028,3,0
995,204,1017,3,0
996,204,974,0,3
1006,204,1028,3,0
995,205,1017,3,0
996,205,974,0,3
997,205,975,0,3
1006,205,1028,3,0
995,206,1017,3,0
996,206,974,0,3
997,206,975,0,3
1006,206,1028,3,0
995,207,1017,3,0
996,207,974,0,3
997,207,975,0,3
1006,207,1028,3,0
995,208,1017,3,0
996,208,974,0,3
997,208,975,0,3
1006,208,1028,3,0
995,209,1017,3,0
996,209,974,0,3
997,209,975,0,3
1006,209,1028,3,0
995,210,1017,3,0
996,210,974,0,3
997,210,975,0,3
1006,210,1028,3,0
995,211,1017,3,0
996,211,974,0,3
997,211,975,0,3
1006,211,1028,3,0
995,212,1017,3,0
996,212,974,0,3
1006,212,1028,3,0
995,213,1017,3,0
1006,213,1028,3,0
1006,214,1028,3,0
995,215,1017,3,0
1006,215,1028,3,0
1007,215,1029,3,0
993,216,1015,3,0
995,216,1017,3,0
1006,216,1028,3,0
1007,216,1029,3,0
1008,216,1030,3,0
993,217,1015,3,0
995,217,1017,3,0
1006,217,1028,3,0
1007,217,1029,3,0
1008,217,1030,3,0
991,218,1013,3,0
993,218,1015,3,0
995,218,1017,3,0
1006,218,1028,3,0
1007,218,1029,3,0
1008,218,1030,3,0
1010,218,1032,3,0
991,219,1013,3,0
993,219,1015,3,0
995,219,1017,3,0
1006,219,1028,3,0
1007,219,1029,3,0
1008,219,1030,3,0
1010,219,1032,3,0
1011,219,989,0,3
1017,220,1039,3,0
1030,220,1052,3,0
1032,220,1054,3,0
1017,221,1039,3,0
1030,221,1052,3,0
1017,222,1039,3,0
1030,222,1052,3,0
1017,223,1039,3,0
1017,224,1039,3,0
1017,225,1039,3,0
1017,226,1039,3,0
1018,226,996,0,3
1017,227,1039,3,0
1018,227,996,0,3
1019,227,997,0,3
1017,228,1039,3,0
1018,228,996,0,3
1019,228,997,0,3
1017,229,1039,3,0
1018,229,996,0,3
1019,229,997,0,3
1017,230,1039,3,0
1018,230,996,0,3
1019,230,997,0,3
1017,231,1039,3,0
1018,231,996,0,3
1019,231,997,0,3
1017,232,1039,3,0
1018,232,996,0,3
1019,232,997,0,3
1017,233,1039,3,0
1018,233,996,0,3
1019,233,997,0,3
1017,234,1039,3,0
1018,234,996,0,3
1017,235,1039,3,0
1017,237,1039,3,0
1017,238,1039,3,0
1030,238,1052,3,0
1017,239,1039,3,0
1030,239,1052,3,0
1017,240,1039,3,0
1030,240,1052,3,0
1032,240,1054,3,0
1017,241,1039,3,0
1030,241,1052,3,0
1032,241,1054,3,0
1033,241,1011,0,3
1038,242,1016,0,3
1039,242,1061,3,0
1052,242,1074,3,0
1053,242,1031,0,3
1054,242,1076,3,0
1038,243,1016,0,3
1039,243,1061,3,0
1052,243,1074,3,0
1053,243,1031,0,3
1038,244,1016,0,3
1039,244,1061,3,0
1052,244,1074,3,0
1038,245,1016,0,3
1039,245,1061,3,0
1038,246,1016,0,3
1039,246,1061,3,0
1039,247,1061,3,0
1039,248,1061,3,0
1040,248,1018,0,3
1039,249,1061,3,0
1040,249,1018,0,3
1039,250,1061,3,0
1040,250,1018,0,3
1039,251,1061,3,0
1040,251,1018,0,3
1043,251,1021,0,3
1039,252,1061,3,0
1040,252,1018,0,3
1043,252,1021,0,3
1039,253,1061,3,0
1040,253,1018,0,3
1043,253,1021,0,3
1039,254,1061,3,0
1040,254,1018,0,3
1039,255,1061,3,0
1040,255,1018,0,3
1039,256,1061,3,0
1040,256,1018,0,3
1039,257,1061,3,0
1038,259,1016,0,3
1039,259,1061,3,0
1038,260,1016,0,3
1039,260,1061,3,0
1052,260,1074,3,0
1038,261,1016,0,3
1039,261,1061,3,0
1052,261,1074,3,0
1053,261,1031,0,3
1038,262,1016,0,3
1039,262,1061,3,0
1052,262,1074,3,0
1053,262,1031,0,3
1054,262,1076,3,0
1038,263,1016,0,3
1039,263,1061,3,0
1052,263,1074,3,0
1053,263,1031,0,3
1054,263,1076,3,0
1055,263,1033,0,3
1074,264,1096,3,0
1076,264,1098,3,0
1074,265,1096,3,0
1074,266,1096,3,0
1062,270,1040,0,3
1062,271,1040,0,3
1063,271,1041,0,3
1062,272,1040,0,3
1063,272,1041,0,3
1062,273,1040,0,3
1063,273,1041,0,3
1062,274,1040,0,3
1063,274,1041,0,3
1062,275,1040,0,3
1063,275,1041,0,3
1062,276,1040,0,3
1063,276,1041,0,3
1062,277,1040,0,3
1063,277,1041,0,3
1062,278,1040,0,3
1074,282,1096,3,0
1074,283,1096,3,0
1074,284,1096,3,0
1076,284,1098,3,0
1074,285,1096,3,0
1076,285,1098,3,0
1077,285,1055,0,3
1095,286,1117,3,0
1096,286,1118,3,0
1097,286,1119,3,0
1098,286,1120,3,0
1095,287,1117,3,0
1096,287,1118,3,0
1097,287,1119,3,0
1095,288,1117,3,0
1096,288,1118,3,0
1095,289,1117,3,0
1084,292,1062,0,3
1084,293,1062,0,3
1085,293,1063,0,3
1084,294,1062,0,3
1085,294,1063,0,3
1084,295,1062,0,3
1085,295,1063,0,3
1084,296,1062,0,3
1085,296,1063,0,3
1084,297,1062,0,3
1085,297,1063,0,3
1084,298,1062,0,3
1085,298,1063,0,3
1084,299,1062,0,3
1085,299,1063,0,3
1084,300,1062,0,3
1095,303,1117,3,0
1095,304,1117,3,0
1096,304,1118,3,0
1095,305,1117,3,0
1096,305,1118,3,0
1097,305,1119,3,0
1095,306,1117,3,0
1096,306,1118,3,0
1097,306,1119,3,0
1098,306,1120,3,0
1095,307,1117,3,0
1096,307,1118,3,0
1097,307,1119,3,0
1098,307,1120,3,0
1099,307,1077,0,3
1117,308,1139,3,0
1118,308,1140,3,0
1119,308,1141,3,0
1120,308,1142,3,0
1117,309,1139,3,0
1118,309,1140,3,0
1119,309,1141,3,0
1117,310,1139,3,0
1118,310,1140,3,0
1117,311,1139,3,0
1117,325,1139,3,0
1117,326,1139,3,0
1118,326,1140,3,0
1117,327,1139,3,0
1118,327,1140,3,0
1119,327,1141,3,0
1117,328,1139,3,0
1118,328,1140,3,0
1119,328,1141,3,0
1120,328,1142,3,0
1117,329,1139,3,0
1118,329,1140,3,0
1119,329,1141,3,0
1120,329,1142,3,0
1121,329,1099,0,3
1126,330,1104,0,3
1139,330,1161,3,0
1140,330,1162,3,0
1141,330,1163,3,0
1142,330,1164,3,0
1126,331,1104,0,3
1139,331,1161,3,0
1140,331,1162,3,0
1141,331,1163,3,0
1126,332,1104,0,3
1139,332,1161,3,0
1140,332,1162,3,0
1126,333,1104,0,3
1139,333,1161,3,0
1126,334,1104,0,3
1128,336,1106,0,3
1128,337,1106,0,3
1128,338,1106,0,3
1128,339,1106,0,3
1128,340,1106,0,3
1128,341,1106,0,3
1128,342,1106,0,3
1128,343,1106,0,3
1128,344,1106,0,3
1126,347,1104,0,3
1139,347,1161,3,0
1126,348,1104,0,3
1139,348,1161,3,0
1140,348,1162,3,0
1126,349,1104,0,3
1139,349,1161,3,0
1140,349,1162,3,0
1141,349,1163,3,0
1126,350,1104,0,3
1139,350,1161,3,0
1140,350,1162,3,0
1141,350,1163,3,0
1142,350,1164,3,0
1126,351,1104,0,3
1139,351,1161,3,0
1140,351,1162,3,0
1141,351,1163,3,0
1142,351,1164,3,0
1143,351,1121,0,3
1148,352,1126,0,3
1162,352,1184,3,0
1163,352,1185,3,0
1164,352,1186,3,0
1148,353,1126,0,3
1162,353,1184,3,0
1163,353,1185,3,0
1148,354,1126,0,3
1162,354,1184,3,0
1148,355,1126,0,3
1148,356,1126,0,3
1150,358,1128,0,3
1150,359,1128,0,3
1150,360,1128,0,3
1150,361,1128,0,3
1150,362,1128,0,3
1150,363,1128,0,3
1150,364,1128,0,3
1150,365,1128,0,3
1150,366,1128,0,3
1148,369,1126,0,3
1148,370,1126,0,3
1162,370,1184,3,0
1148,371,1126,0,3
1162,371,1184,3,0
1163,371,1185,3,0
1148,372,1126,0,3
1162,372,1184,3,0
1163,372,1185,3,0
1164,372,1186,3,0
1148,373,1126,0,3
1162,373,1184,3,0
1163,373,1185,3,0
1164,373,1186,3,0
1165,373,1143,0,3
1170,374,1148,0,3
1184,374,1206,3,0
1185,374,1207,3,0
1186,374,1208,3,0
1170,375,1148,0,3
1184,375,1206,3,0
1185,375,1207,3,0
1170,376,1148,0,3
1184,376,1206,3,0
1170,377,1148,0,3
1170,378,1148,0,3
1172,380,1150,0,3
1172,381,1150,0,3
1172,382,1150,0,3
1172,383,1150,0,3
1172,384,1150,0,3
1172,385,1150,0,3
1172,386,1150,0,3
1172,387,1150,0,3
1172,388,1150,0,3
1170,391,1148,0,3
1170,392,1148,0,3
1184,392,1206,3,0
1170,393,1148,0,3
1184,393,1206,3,0
1185,393,1207,3,0
1170,394,1148,0,3
1184,394,1206,3,0
1185,394,1207,3,0
1186,394,1208,3,0
1170,395,1148,0,3
1184,395,1206,3,0
1185,395,1207,3,0
1186,395,1208,3,0
1187,395,1165,0,3
1192,396,1170,0,3
1193,396,1171,0,3
1204,396,1226,3,0
1206,396,1228,3,0
1207,396,1229,3,0
1208,396,1230,3,0
1192,397,1170,0,3
1193,397,1171,0,3
1204,397,1226,3,0
1206,397,1228,3,0
1207,397,1229,3,0
1192,398,1170,0,3
1193,398,1171,0,3
1204,398,1226,3,0
1206,398,1228,3,0
1192,399,1170,0,3
1193,399,1171,0,3
1204,399,1226,3,0
1192,400,1170,0,3
1193,400,1171,0,3
1204,400,1226,3,0
1193,401,1171,0,3
1193,402,1171,0,3
1194,402,1172,0,3
1204,402,1226,3,0
1193,403,1171,0,3
1194,403,1172,0,3
1204,403,1226,3,0
1193,404,1171,0,3
1194,404,1172,0,3
1204,404,1226,3,0
1193,405,1171,0,3
1194,405,1172,0,3
1204,405,1226,3,0
1193,406,1171,0,3
1194,406,1172,0,3
1204,406,1226,3,0
1193,407,1171,0,3
1194,407,1172,0,3
1204,407,1226,3,0
1193,408,1171,0,3
1194,408,1172,0,3
1204,408,1226,3,0
1193,409,1171,0,3
1194,409,1172,0,3
1204,409,1226,3,0
1193,410,1171,0,3
1194,410,1172,0,3
1204,410,1226,3,0
1193,411,1171,0,3
1204,411,1226,3,0
1204,412,1226,3,0
1192,413,1170,0,3
1193,413,1171,0,3
1204,413,1226,3,0
1192,414,1170,0,3
1193,414,1171,0,3
1204,414,1226,3,0
1206,414,1228,3,0
1192,415,1170,0,3
1193,415,1171,0,3
1204,415,1226,3,0
1206,415,1228,3,0
1207,415,1229,3,0
1192,416,1170,0,3
1193,416,1171,0,3
1204,416,1226,3,0
1206,416,1228,3,0
1207,416,1229,3,0
1208,416,1230,3,0
1192,417,1170,0,3
1193,417,1171,0,3
1204,417,1226,3,0
1206,417,1228,3,0
1207,417,1229,3,0
1208,417,1230,3,0
1209,417,1187,0,3
1214,418,1192,0,3
1215,418,1193,0,3
1226,418,1248,3,0
1228,418,1250,3,0
1229,418,1251,3,0
1230,418,1252,3,0
1214,419,1192,0,3
1215,419,1193,0,3
1226,419,1248,3,0
1228,419,1250,3,0
1229,419,1251,3,0
1214,420,1192,0,3
1215,420,1193,0,3
1226,420,1248,3,0
1228,420,1250,3,0
1214,421,1192,0,3
1215,421,1193,0,3
1226,421,1248,3,0
1214,422,1192,0,3
1215,422,1193,0,3
1226,422,1248,3,0
1215,423,1193,0,3
1226,423,1248,3,0
1215,424,1193,0,3
1216,424,1194,0,3
1226,424,1248,3,0
1215,425,1193,0,3
1216,425,1194,0,3
1226,425,1248,3,0
1215,426,1193,0,3
1216,426,1194,0,3
1226,426,1248,3,0
1215,427,1193,0,3
1216,427,1194,0,3
1226,427,1248,3,0
1215,428,1193,0,3
1216,428,1194,0,3
1226,428,1248,3,0
1215,429,1193,0,3
1216,429,1194,0,3
1226,429,1248,3,0
1215,430,1193,0,3
1216,430,1194,0,3
1226,430,1248,3,0
1215,431,1193,0,3
1216,431,1194,0,3
1226,431,1248,3,0
1215,432,1193,0,3
1216,432,1194,0,3
1226,432,1248,3,0
1215,433,1193,0,3
1226,433,1248,3,0
1226,434,1248,3,0
1214,435,1192,0,3
1215,435,1193,0,3
1226,435,1248,3,0
1214,436,1192,0,3
1215,436,1193,0,3
1226,436,1248,3,0
1228,436,1250,3,0
1214,437,1192,0,3
1215,437,1193,0,3
1226,437,1248,3,0
1228,437,1250,3,0
1229,437,1251,3,0
1214,438,1192,0,3
1215,438,1193,0,3
1226,438,1248,3,0
1228,438,1250,3,0
1229,438,1251,3,0
1230,438,1252,3,0
1214,439,1192,0,3
1215,439,1193,0,3
1226,439,1248,3,0
1228,439,1250,3,0
1229,439,1251,3,0
1230,439,1252,3,0
1231,439,1209,0,3
1236,440,1214,0,3
1237,440,1215,0,3
1248,440,1270,3,0
1250,440,1272,3,0
1251,440,1273,3,0
1252,440,1274,3,0
1236,441,1214,0,3
1237,441,1215,0,3
1248,441,1270,3,0
1250,441,1272,3,0
1251,441,1273,3,0
1236,442,1214,0,3
1237,442,1215,0,3
1248,442,1270,3,0
1250,442,1272,3,0
1236,443,1214,0,3
1237,443,1215,0,3
1248,443,1270,3,0
1236,444,1214,0,3
1237,444,1215,0,3
1248,444,1270,3,0
1237,445,1215,0,3
1237,446,1215,0,3
1238,446,1216,0,3
1248,446,1270,3,0
1237,447,1215,0,3
1238,447,1216,0,3
1248,447,1270,3,0
1237,448,1215,0,3
1238,448,1216,0,3
1240,448,1262,3,0
1248,448,1270,3,0
1237,449,1215,0,3
1238,449,1216,0,3
1240,449,1262,3,0
1248,449,1270,3,0
1237,450,1215,0,3
1238,450,1216,0,3
1240,450,1262,3,0
1248,450,1270,3,0
1237,451,1215,0,3
1238,451,1216,0,3
1240,451,1262,3,0
1248,451,1270,3,0
1237,452,1215,0,3
1238,452,1216,0,3
1240,452,1262,3,0
1248,452,1270,3,0
1237,453,1215,0,3
1238,453,1216,0,3
1248,453,1270,3,0
1237,454,1215,0,3
1238,454,1216,0,3
1248,454,1270,3,0
1237,455,1215,0,3
1248,455,1270,3,0
1248,456,1270,3,0
1236,457,1214,0,3
1237,457,1215,0,3
1248,457,1270,3,0
1236,458,1214,0,3
1237,458,1215,0,3
1248,458,1270,3,0
1250,458,1272,3,0
1236,459,1214,0,3
1237,459,1215,0,3
1248,459,1270,3,0
1250,459,1272,3,0
1251,459,1273,3,0
1236,460,1214,0,3
1237,460,1215,0,3
1248,460,1270,3,0
1250,460,1272,3,0
1251,460,1273,3,0
1252,460,1274,3,0
1236,461,1214,0,3
1237,461,1215,0,3
1248,461,1270,3,0
1250,461,1272,3,0
1251,461,1273,3,0
1252,461,1274,3,0
1253,461,1231,0,3
1258,462,1236,0,3
1259,462,1237,0,3
1270,462,1292,3,0
1272,462,1294,3,0
1273,462,1295,3,0
1274,462,1296,3,0
1258,463,1236,0,3
1259,463,1237,0,3
1270,463,1292,3,0
1272,463,1294,3,0
1273,463,1295,3,0
1258,464,1236,0,3
1259,464,1237,0,3
1270,464,1292,3,0
1272,464,1294,3,0
1258,465,1236,0,3
1259,465,1237,0,3
1270,465,1292,3,0
1258,466,1236,0,3
1259,466,1237,0,3
1270,466,1292,3,0
1259,467,1237,0,3
1270,467,1292,3,0
1259,468,1237,0,3
1260,468,1238,0,3
1270,468,1292,3,0
1259,469,1237,0,3
1260,469,1238,0,3
1270,469,1292,3,0
1259,470,1237,0,3
1260,470,1238,0,3
1262,470,1284,3,0
1270,470,1292,3,0
1259,471,1237,0,3
1260,471,1238,0,3
1262,471,1284,3,0
1270,471,1292,3,0
1259,472,1237,0,3
1260,472,1238,0,3
1262,472,1284,3,0
1270,472,1292,3,0
1259,473,1237,0,3
1260,473,1238,0,3
1262,473,1284,3,0
1270,473,1292,3,0
1259,474,1237,0,3
1260,474,1238,0,3
1262,474,1284,3,0
1270,474,1292,3,0
1259,475,1237,0,3
1260,475,1238,0,3
1270,475,1292,3,0
1259,476,1237,0,3
1260,476,1238,0,3
1270,476,1292,3,0
1259,477,1237,0,3
1270,477,1292,3,0
1270,478,1292,3,0
1258,479,1236,0,3
1259,479,1237,0,3
1270,479,1292,3,0
1258,480,1236,0,3
1259,480,1237,0,3
1270,480,1292,3,0
1272,480,1294,3,0
1258,481,1236,0,3
1259,481,1237,0,3
1270,481,1292,3,0
1272,481,1294,3,0
1273,481,1295,3,0
1258,482,1236,0,3
1259,482,1237,0,3
1270,482,1292,3,0
1272,482,1294,3,0
1273,482,1295,3,0
1274,482,1296,3,0
1258,483,1236,0,3
1259,483,1237,0,3
1270,483,1292,3,0
1272,483,1294,3,0
1273,483,1295,3,0
1274,483,1296,3,0
1275,483,1253,0,3
1280,484,1258,0,3
1281,484,1259,0,3
1292,484,1314,3,0
1294,484,1316,3,0
1295,484,1317,3,0
1296,484,1318,3,0
1280,485,1258,0,3
1281,485,1259,0,3
1292,485,1314,3,0
1294,485,1316,3,0
1295,485,1317,3,0
1280,486,1258,0,3
1281,486,1259,0,3
1292,486,1314,3,0
1294,486,1316,3,0
1280,487,1258,0,3
1281,487,1259,0,3
1292,487,1314,3,0
1280,488,1258,0,3
1281,488,1259,0,3
1292,488,1314,3,0
1281,489,1259,0,3
1281,490,1259,0,3
1282,490,1260,0,3
1292,490,1314,3,0
1281,491,1259,0,3
1282,491,1260,0,3
1292,491,1314,3,0
1281,492,1259,0,3
1282,492,1260,0,3
1284,492,1306,3,0
1292,492,1314,3,0
1281,493,1259,0,3
1282,493,1260,0,3
1284,493,1306,3,0
1292,493,1314,3,0
1281,494,1259,0,3
1282,494,1260,0,3
1284,494,1306,3,0
1292,494,1314,3,0
1281,495,1259,0,3
1282,495,1260,0,3
1284,495,1306,3,0
1292,495,1314,3,0
1281,496,1259,0,3
1282,496,1260,0,3
1284,496,1306,3,0
1292,496,1314,3,0
1281,497,1259,0,3
1282,497,1260,0,3
1292,497,1314,3,0
1281,498,1259,0,3
1282,498,1260,0,3
1292,498,1314,3,0
1281,499,1259,0,3
1292,499,1314,3,0
1292,500,1314,3,0
1280,501,1258,0,3
1281,501,1259,0,3
1292,501,1314,3,0
1280,502,1258,0,3
1281,502,1259,0,3
1292,502,1314,3,0
1294,502,1316,3,0
1280,503,1258,0,3
1281,503,1259,0,3
1292,503,1314,3,0
1294,503,1316,3,0
1295,503,1317,3,0
1280,504,1258,0,3
1281,504,1259,0,3
1292,504,1314,3,0
1294,504,1316,3,0
1295,504,1317,3,0
1296,504,1318,3,0
1280,505,1258,0,3
1281,505,1259,0,3
1292,505,1314,3,0
1294,505,1316,3,0
1295,505,1317,3,0
1296,505,1318,3,0
1297,505,1275,0,3
1302,506,1280,0,3
1303,506,1281,0,3
1314,506,1336,3,0
1316,506,1338,3,0
1318,506,1340,3,0
1302,507,1280,0,3
1303,507,1281,0,3
1314,507,1336,3,0
1316,507,1338,3,0
1302,508,1280,0,3
1303,508,1281,0,3
1314,508,1336,3,0
1316,508,1338,3,0
1302,509,1280,0,3
1303,509,1281,0,3
1314,509,1336,3,0
1302,510,1280,0,3
1303,510,1281,0,3
1314,510,1336,3,0
1303,511,1281,0,3
1314,511,1336,3,0
1303,512,1281,0,3
1314,512,1336,3,0
1303,513,1281,0,3
1314,513,1336,3,0
1303,514,1281,0,3
1306,514,1328,3,0
1314,514,1336,3,0
1303,515,1281,0,3
1306,515,1328,3,0
1314,515,1336,3,0
1303,516,1281,0,3
1306,516,1328,3,0
1314,516,1336,3,0
1303,517,1281,0,3
1306,517,1328,3,0
1314,517,1336,3,0
1303,518,1281,0,3
1306,518,1328,3,0
1314,518,1336,3,0
1303,519,1281,0,3
1314,519,1336,3,0
1303,520,1281,0,3
1314,520,1336,3,0
1303,521,1281,0,3
1314,521,1336,3,0
1314,522,1336,3,0
1302,523,1280,0,3
1303,523,1281,0,3
1314,523,1336,3,0
1302,524,1280,0,3
1303,524,1281,0,3
1314,524,1336,3,0
1316,524,1338,3,0
1302,525,1280,0,3
1303,525,1281,0,3
1314,525,1336,3,0
1316,525,1338,3,0
1302,526,1280,0,3
1303,526,1281,0,3
1314,526,1336,3,0
1316,526,1338,3,0
1318,526,1340,3,0
1302,527,1280,0,3
1303,527,1281,0,3
1314,527,1336,3,0
1316,527,1338,3,0
1318,527,1340,3,0
1319,527,1297,0,3
1324,528,1302,0,3
1325,528,1303,0,3
1336,528,1358,3,0
1338,528,1360,3,0
1340,528,1362,3,0
1324,529,1302,0,3
1325,529,1303,0,3
1336,529,1358,3,0
1338,529,1360,3,0
1324,530,1302,0,3
1325,530,1303,0,3
1336,530,1358,3,0
1338,530,1360,3,0
1324,531,1302,0,3
1325,531,1303,0,3
1336,531,1358,3,0
1324,532,1302,0,3
1325,532,1303,0,3
1336,532,1358,3,0
1325,533,1303,0,3
1325,534,1303,0,3
1336,534,1358,3,0
1325,535,1303,0,3
1336,535,1358,3,0
1325,536,1303,0,3
1328,536,1350,3,0
1336,536,1358,3,0
1325,537,1303,0,3
1328,537,1350,3,0
1336,537,1358,3,0
1325,538,1303,0,3
1328,538,1350,3,0
1336,538,1358,3,0
1325,539,1303,0,3
1328,539,1350,3,0
1336,539,1358,3,0
1325,540,1303,0,3
1328,540,1350,3,0
1336,540,1358,3,0
1325,541,1303,0,3
1336,541,1358,3,0
1325,542,1303,0,3
1336,542,1358,3,0
1325,543,1303,0,3
1336,543,1358,3,0
1336,544,1358,3,0
1324,545,1302,0,3
1325,545,1303,0,3
1336,545,1358,3,0
1324,546,1302,0,3
1325,546,1303,0,3
1336,546,1358,3,0
1338,546,1360,3,0
1324,547,1302,0,3
1325,547,1303,0,3
1336,547,1358,3,0
1338,547,1360,3,0
1324,548,1302,0,3
1325,548,1303,0,3
1336,548,1358,3,0
1338,548,1360,3,0
1340,548,1362,3,0
1324,549,1302,0,3
1325,549,1303,0,3
1336,549,1358,3,0
1338,549,1360,3,0
1340,549,1362,3,0
1341,549,1319,0,3
1346,550,1324,0,3
1347,550,1325,0,3
1358,550,1380,3,0
1360,550,1382,3,0
1362,550,1384,3,0
1346,551,1324,0,3
1347,551,1325,0,3
1358,551,1380,3,0
1360,551,1382,3,0
1346,552,1324,0,3
1347,552,1325,0,3
1358,552,1380,3,0
1360,552,1382,3,0
1346,553,1324,0,3
1347,553,1325,0,3
1358,553,1380,3,0
1346,554,1324,0,3
1347,554,1325,0,3
1358,554,1380,3,0
1347,555,1325,0,3
1358,555,1380,3,0
1347,556,1325,0,3
1358,556,1380,3,0
1347,557,1325,0,3
1358,557,1380,3,0
1347,558,1325,0,3
1350,558,1372,3,0
1358,558,1380,3,0
1347,559,1325,0,3
1350,559,1372,3,0
1358,559,1380,3,0
1347,560,1325,0,3
1350,560,1372,3,0
1358,560,1380,3,0
1347,561,1325,0,3
1350,561,1372,3,0
1358,561,1380,3,0
1347,562,1325,0,3
1350,562,1372,3,0
1358,562,1380,3,0
1347,563,1325,0,3
1358,563,1380,3,0
1347,564,1325,0,3
1358,564,1380,3,0
1347,565,1325,0,3
1358,565,1380,3,0
1358,566,1380,3,0
1346,567,1324,0,3
1347,567,1325,0,3
1358,567,1380,3,0
1346,568,1324,0,3
1347,568,1325,0,3
1358,568,1380,3,0
1360,568,1382,3,0
1346,569,1324,0,3
1347,569,1325,0,3
1358,569,1380,3,0
1360,569,1382,3,0
1346,570,1324,0,3
1347,570,1325,0,3
1358,570,1380,3,0
1360,570,1382,3,0
1362,570,1384,3,0
1346,571,1324,0,3
1347,571,1325,0,3
1358,571,1380,3,0
1360,571,1382,3,0
1362,571,1384,3,0
1363,571,1341,0,3
1364,572,1386,2,0
1368,572,1346,0,3
1380,572,1402,3,0
1382,572,1404,3,0
1384,572,1406,3,0
1368,573,1346,0,3
1380,573,1402,3,0
1382,573,1404,3,0
1368,574,1346,0,3
1380,574,1402,3,0
1382,574,1404,3,0
1368,575,1346,0,3
1380,575,1402,3,0
1368,576,1346,0,3
1380,576,1402,3,0
1380,578,1402,3,0
1380,579,1402,3,0
1372,580,1394,3,0
1380,580,1402,3,0
1372,581,1394,3,0
1380,581,1402,3,0
1372,582,1394,3,0
1380,582,1402,3,0
1372,583,1394,3,0
1380,583,1402,3,0
1372,584,1394,3,0
1380,584,1402,3,0
1380,585,1402,3,0
1380,586,1402,3,0
1380,587,1402,3,0
1380,588,1402,3,0
1368,589,1346,0,3
1380,589,1402,3,0
1368,590,1346,0,3
1380,590,1402,3,0
1382,590,1404,3,0
1368,591,1346,0,3
1380,591,1402,3,0
1382,591,1404,3,0
1368,592,1346,0,3
1380,592,1402,3,0
1382,592,1404,3,0
1384,592,1406,3,0
1364,593,1386,2,0
1368,593,1346,0,3
1380,593,1402,3,0
1382,593,1404,3,0
1384,593,1406,3,0
1385,593,1363,0,3
1386,594,1408,2,0
1390,594,1368,0,3
1402,594,1424,3,0
1404,594,1426,3,0
1406,594,1428,3,0
1390,595,1368,0,3
1402,595,1424,3,0
1404,595,1426,3,0
1390,596,1368,0,3
1402,596,1424,3,0
1404,596,1426,3,0
1390,597,1368,0,3
1402,597,1424,3,0
1390,598,1368,0,3
1402,598,1424,3,0
1402,599,1424,3,0
1402,600,1424,3,0
1402,601,1424,3,0
1394,602,1416,3,0
1402,602,1424,3,0
1394,603,1416,3,0
1402,603,1424,3,0
1394,604,1416,3,0
1402,604,1424,3,0
1394,605,1416,3,0
1402,605,1424,3,0
1394,606,1416,3,0
1402,606,1424,3,0
1402,607,1424,3,0
1402,608,1424,3,0
1402,609,1424,3,0
1402,610,1424,3,0
1390,611,1368,0,3
1402,611,1424,3,0
1390,612,1368,0,3
1402,612,1424,3,0
1404,612,1426,3,0
1390,613,1368,0,3
1402,613,1424,3,0
1404,613,1426,3,0
1390,614,1368,0,3
1402,614,1424,3,0
1404,614,1426,3,0
1406,614,1428,3,0
1386,615,1408,2,0
1390,615,1368,0,3
1402,615,1424,3,0
1404,615,1426,3,0
1406,615,1428,3,0
1407,615,1385,0,3
1408,616,1430,2,0
1412,616,1390,0,3
1413,616,1391,0,3
1424,616,1446,3,0
1426,616,1448,3,0
1428,616,1450,3,0
1412,617,1390,0,3
1413,617,1391,0,3
1424,617,1446,3,0
1426,617,1448,3,0
1412,618,1390,0,3
1413,618,1391,0,3
1424,618,1446,3,0
1426,618,1448,3,0
1412,619,1390,0,3
1413,619,1391,0,3
1424,619,1446,3,0
1412,620,1390,0,3
1413,620,1391,0,3
1424,620,1446,3,0
1413,621,1391,0,3
1413,622,1391,0,3
1424,622,1446,3,0
1413,623,1391,0,3
1424,623,1446,3,0
1413,624,1391,0,3
1416,624,1438,3,0
1424,624,1446,3,0
1413,625,1391,0,3
1416,625,1438,3,0
1424,625,1446,3,0
1413,626,1391,0,3
1416,626,1438,3,0
1424,626,1446,3,0
1413,627,1391,0,3
1416,627,1438,3,0
1424,627,1446,3,0
1413,628,1391,0,3
1416,628,1438,3,0
1424,628,1446,3,0
1413,629,1391,0,3
1424,629,1446,3,0
1413,630,1391,0,3
1424,630,1446,3,0
1413,631,1391,0,3
1424,631,1446,3,0
1424,632,1446,3,0
1412,633,1390,0,3
1413,633,1391,0,3
1424,633,1446,3,0
1412,634,1390,0,3
1413,634,1391,0,3
1424,634,1446,3,0
1426,634,1448,3,0
1412,635,1390,0,3
1413,635,1391,0,3
1424,635,1446,3,0
1426,635,1448,3,0
1412,636,1390,0,3
1413,636,1391,0,3
1424,636,1446,3,0
1426,636,1448,3,0
1428,636,1450,3,0
1408,637,1430,2,0
1412,637,1390,0,3
1413,637,1391,0,3
1424,637,1446,3,0
1426,637,1448,3,0
1428,637,1450,3,0
1429,637,1407,0,3
1430,638,1452,2,0
1435,638,1413,0,3
1446,638,1468,3,0
1448,638,1470,3,0
1450,638,1472,3,0
1435,639,1413,0,3
1446,639,1468,3,0
1448,639,1470,3,0
1435,640,1413,0,3
1446,640,1468,3,0
1448,640,1470,3,0
1435,641,1413,0,3
1446,641,1468,3,0
1435,642,1413,0,3
1446,642,1468,3,0
1435,643,1413,0,3
1446,643,1468,3,0
1435,644,1413,0,3
1446,644,1468,3,0
1435,645,1413,0,3
1446,645,1468,3,0
1435,646,1413,0,3
1438,646,1460,3,0
1446,646,1468,3,0
1435,647,1413,0,3
1438,647,1460,3,0
1446,647,1468,3,0
1435,648,1413,0,3
1438,648,1460,3,0
1446,648,1468,3,0
1435,649,1413,0,3
1438,649,1460,3,0
1446,649,1468,3,0
1435,650,1413,0,3
1438,650,1460,3,0
1446,650,1468,3,0
1435,651,1413,0,3
1446,651,1468,3,0
1435,652,1413,0,3
1446,652,1468,3,0
1435,653,1413,0,3
1446,653,1468,3,0
1446,654,1468,3,0
1435,655,1413,0,3
1446,655,1468,3,0
1435,656,1413,0,3
1446,656,1468,3,0
1448,656,1470,3,0
1435,657,1413,0,3
1446,657,1468,3,0
1448,657,1470,3,0
1435,658,1413,0,3
1446,658,1468,3,0
1448,658,1470,3,0
1450,658,1472,3,0
1430,659,1452,2,0
1435,659,1413,0,3
1446,659,1468,3,0
1448,659,1470,3,0
1450,659,1472,3,0
1451,659,1429,0,3
1452,660,1474,2,0
1457,660,1435,0,3
1468,660,1490,3,0
1470,660,1492,3,0
1472,660,1494,3,0
1457,661,1435,0,3
1468,661,1490,3,0
1470,661,1492,3,0
1457,662,1435,0,3
1468,662,1490,3,0
1470,662,1492,3,0
1457,663,1435,0,3
1468,663,1490,3,0
1457,664,1435,0,3
1468,664,1490,3,0
1457,665,1435,0,3
1457,666,1435,0,3
1467,666,1489,3,0
1468,666,1490,3,0
1457,667,1435,0,3
1467,667,1489,3,0
1468,667,1490,3,0
1457,668,1435,0,3
1460,668,1482,3,0
1467,668,1489,3,0
1468,668,1490,3,0
1457,669,1435,0,3
1460,669,1482,3,0
1467,669,1489,3,0
1468,669,1490,3,0
1457,670,1435,0,3
1460,670,1482,3,0
1467,670,1489,3,0
1468,670,1490,3,0
1457,671,1435,0,3
1460,671,1482,3,0
1467,671,1489,3,0
1468,671,1490,3,0
1457,672,1435,0,3
1460,672,1482,3,0
1467,672,1489,3,0
1468,672,1490,3,0
1457,673,1435,0,3
1467,673,1489,3,0
1468,673,1490,3,0
1457,674,1435,0,3
1467,674,1489,3,0
1468,674,1490,3,0
1457,675,1435,0,3
1467,675,1489,3,0
1468,675,1490,3,0
1468,676,1490,3,0
1457,677,1435,0,3
1468,677,1490,3,0
1457,678,1435,0,3
1468,678,1490,3,0
1470,678,1492,3,0
1457,679,1435,0,3
1468,679,1490,3,0
1470,679,1492,3,0
1457,680,1435,0,3
1468,680,1490,3,0
1470,680,1492,3,0
1472,680,1494,3,0
1452,681,1474,2,0
1457,681,1435,0,3
1468,681,1490,3,0
1470,681,1492,3,0
1472,681,1494,3,0
1473,681,1451,0,3
1474,682,1496,2,0
1478,682,1456,0,3
1479,682,1457,0,3
1490,682,1512,3,0
1492,682,1514,3,0
1494,682,1516,3,0
1478,683,1456,0,3
1479,683,1457,0,3
1490,683,1512,3,0
1492,683,1514,3,0
1478,684,1456,0,3
1479,684,1457,0,3
1490,684,1512,3,0
1492,684,1514,3,0
1478,685,1456,0,3
1479,685,1457,0,3
1490,685,1512,3,0
1478,686,1456,0,3
1479,686,1457,0,3
1490,686,1512,3,0
1479,687,1457,0,3
1490,687,1512,3,0
1479,688,1457,0,3
1489,688,1511,3,0
1490,688,1512,3,0
1479,689,1457,0,3
1489,689,1511,3,0
1490,689,1512,3,0
1479,690,1457,0,3
1482,690,1504,3,0
1489,690,1511,3,0
1490,690,1512,3,0
1479,691,1457,0,3
1482,691,1504,3,0
1489,691,1511,3,0
1490,691,1512,3,0
1479,692,1457,0,3
1482,692,1504,3,0
1489,692,1511,3,0
1490,692,1512,3,0
1479,693,1457,0,3
1482,693,1504,3,0
1489,693,1511,3,0
1490,693,1512,3,0
1479,694,1457,0,3
1482,694,1504,3,0
1489,694,1511,3,0
1490,694,1512,3,0
1479,695,1457,0,3
1489,695,1511,3,0
1490,695,1512,3,0
1479,696,1457,0,3
1489,696,1511,3,0
1490,696,1512,3,0
1479,697,1457,0,3
1489,697,1511,3,0
1490,697,1512,3,0
1490,698,1512,3,0
1478,699,1456,0,3
1479,699,1457,0,3
1490,699,1512,3,0
1478,700,1456,0,3
1479,700,1457,0,3
1490,700,1512,3,0
1492,700,1514,3,0
1478,701,1456,0,3
1479,701,1457,0,3
1490,701,1512,3,0
1492,701,1514,3,0
1478,702,1456,0,3
1479,702,1457,0,3
1490,702,1512,3,0
1492,702,1514,3,0
1494,702,1516,3,0
1474,703,1496,2,0
1478,703,1456,0,3
1479,703,1457,0,3
1490,703,1512,3,0
1492,703,1514,3,0
1494,703,1516,3,0
1495,703,1473,0,3
1500,704,1478,0,3
1501,704,1479,0,3
1512,704,1534,3,0
1514,704,1536,3,0
1516,704,1538,3,0
1500,705,1478,0,3
1501,705,1479,0,3
1512,705,1534,3,0
1514,705,1536,3,0
1500,706,1478,0,3
1501,706,1479,0,3
1512,706,1534,3,0
1514,706,1536,3,0
1500,707,1478,0,3
1501,707,1479,0,3
1512,707,1534,3,0
1500,708,1478,0,3
1501,708,1479,0,3
1512,708,1534,3,0
1501,709,1479,0,3
1501,710,1479,0,3
1511,710,1533,3,0
1512,710,1534,3,0
1501,711,1479,0,3
1511,711,1533,3,0
1512,711,1534,3,0
1501,712,1479,0,3
1504,712,1526,3,0
1511,712,1533,3,0
1512,712,1534,3,0
1501,713,1479,0,3
1504,713,1526,3,0
1511,713,1533,3,0
1512,713,1534,3,0
1501,714,1479,0,3
1504,714,1526,3,0
1511,714,1533,3,0
1512,714,1534,3,0
1501,715,1479,0,3
1504,715,1526,3,0
1511,715,1533,3,0
1512,715,1534,3,0
1501,716,1479,0,3
1504,716,1526,3,0
1511,716,1533,3,0
1512,716,1534,3,0
1501,717,1479,0,3
1511,717,1533,3,0
1512,717,1534,3,0
1501,718,1479,0,3
1511,718,1533,3,0
1512,718,1534,3,0
1501,719,1479,0,3
1511,719,1533,3,0
1512,719,1534,3,0
1512,720,1534,3,0
1500,721,1478,0,3
1501,721,1479,0,3
1512,721,1534,3,0
1500,722,1478,0,3
1501,722,1479,0,3
1512,722,1534,3,0
1514,722,1536,3,0
1500,723,1478,0,3
1501,723,1479,0,3
1512,723,1534,3,0
1514,723,1536,3,0
1500,724,1478,0,3
1501,724,1479,0,3
1512,724,1534,3,0
1514,724,1536,3,0
1516,724,1538,3,0
1500,725,1478,0,3
1501,725,1479,0,3
1512,725,1534,3,0
1514,725,1536,3,0
1516,725,1538,3,0
1519,726,1541,3,0
1521,726,1499,0,3
1523,726,1501,0,3
1534,726,1556,3,0
1535,726,1513,0,3
1536,726,1558,3,0
1537,726,1515,0,3
1538,726,1560,3,0
1519,727,1541,3,0
1521,727,1499,0,3
1523,727,1501,0,3
1534,727,1556,3,0
1535,727,1513,0,3
1536,727,1558,3,0
1537,727,1515,0,3
1521,728,1499,0,3
1523,728,1501,0,3
1534,728,1556,3,0
1535,728,1513,0,3
1536,728,1558,3,0
1521,729,1499,0,3
1523,729,1501,0,3
1534,729,1556,3,0
1535,729,1513,0,3
1523,730,1501,0,3
1534,730,1556,3,0
1523,731,1501,0,3
1534,731,1556,3,0
1523,732,1501,0,3
1534,732,1556,3,0
1523,733,1501,0,3
1525,733,1547,3,0
1534,733,1556,3,0
1523,734,1501,0,3
1525,734,1547,3,0
1531,734,1509,0,3
1534,734,1556,3,0
1523,735,1501,0,3
1525,735,1547,3,0
1527,735,1549,3,0
1531,735,1509,0,3
1534,735,1556,3,0
1523,736,1501,0,3
1525,736,1547,3,0
1527,736,1549,3,0
1528,736,1550,3,0
1531,736,1509,0,3
1534,736,1556,3,0
1523,737,1501,0,3
1525,737,1547,3,0
1527,737,1549,3,0
1531,737,1509,0,3
1534,737,1556,3,0
1523,738,1501,0,3
1525,738,1547,3,0
1531,738,1509,0,3
1534,738,1556,3,0
1523,739,1501,0,3
1525,739,1547,3,0
1531,739,1509,0,3
1534,739,1556,3,0
1523,740,1501,0,3
1534,740,1556,3,0
1523,741,1501,0,3
1534,741,1556,3,0
1534,742,1556,3,0
1523,743,1501,0,3
1534,743,1556,3,0
1535,743,1513,0,3
1521,744,1499,0,3
1523,744,1501,0,3
1534,744,1556,3,0
1535,744,1513,0,3
1536,744,1558,3,0
1521,745,1499,0,3
1523,745,1501,0,3
1534,745,1556,3,0
1535,745,1513,0,3
1536,745,1558,3,0
1537,745,1515,0,3
1519,746,1541,3,0
1521,746,1499,0,3
1523,746,1501,0,3
1534,746,1556,3,0
1535,746,1513,0,3
1536,746,1558,3,0
1537,746,1515,0,3
1538,746,1560,3,0
1519,747,1541,3,0
1521,747,1499,0,3
1523,747,1501,0,3
1534,747,1556,3,0
1535,747,1513,0,3
1536,747,1558,3,0
1537,747,1515,0,3
1538,747,1560,3,0
1545,748,1523,0,3
1556,748,1578,3,0
1558,748,1580,3,0
1559,748,1537,0,3
1560,748,1582,3,0
1545,749,1523,0,3
1556,749,1578,3,0
1558,749,1580,3,0
1559,749,1537,0,3
1545,750,1523,0,3
1556,750,1578,3,0
1558,750,1580,3,0
1545,751,1523,0,3
1556,751,1578,3,0
1545,752,1523,0,3
1556,752,1578,3,0
1545,753,1523,0,3
1545,754,1523,0,3
1546,754,1568,3,0
1556,754,1578,3,0
1545,755,1523,0,3
1546,755,1568,3,0
1556,755,1578,3,0
1545,756,1523,0,3
1546,756,1568,3,0
1553,756,1531,0,3
1556,756,1578,3,0
1545,757,1523,0,3
1546,757,1568,3,0
1549,757,1527,0,3
1553,757,1531,0,3
1556,757,1578,3,0
1545,758,1523,0,3
1546,758,1568,3,0
1549,758,1527,0,3
1550,758,1572,3,0
1553,758,1531,0,3
1556,758,1578,3,0
1545,759,1523,0,3
1546,759,1568,3,0
1549,759,1527,0,3
1553,759,1531,0,3
1556,759,1578,3,0
1545,760,1523,0,3
1546,760,1568,3,0
1553,760,1531,0,3
1556,760,1578,3,0
1545,761,1523,0,3
1546,761,1568,3,0
1553,761,1531,0,3
1556,761,1578,3,0
1545,762,1523,0,3
1546,762,1568,3,0
1556,762,1578,3,0
1545,763,1523,0,3
1556,763,1578,3,0
1556,764,1578,3,0
1545,765,1523,0,3
1556,765,1578,3,0
1545,766,1523,0,3
1556,766,1578,3,0
1558,766,1580,3,0
1545,767,1523,0,3
1556,767,1578,3,0
1558,767,1580,3,0
1559,767,1537,0,3
1545,768,1523,0,3
1556,768,1578,3,0
1558,768,1580,3,0
1559,768,1537,0,3
1560,768,1582,3,0
1545,769,1523,0,3
1556,769,1578,3,0
1558,769,1580,3,0
1559,769,1537,0,3
1560,769,1582,3,0
1563,770,1,3,3
1566,770,1544,0,3
1567,770,1545,0,3
1578,770,16,3,3
1582,770,20,3,3
1563,771,1,3,3
1566,771,1544,0,3
1567,771,1545,0,3
1578,771,16,3,3
1566,772,1544,0,3
1567,772,1545,0,3
1578,772,16,3,3
1566,773,1544,0,3
1567,773,1545,0,3
1578,773,16,3,3
1566,774,1544,0,3
1567,774,1545,0,3
1578,774,16,3,3
1567,775,1545,0,3
1578,775,16,3,3
1567,776,1545,0,3
1577,776,15,3,3
1578,776,16,3,3
1567,777,1545,0,3
1576,777,14,3,3
1577,777,15,3,3
1578,777,16,3,3
1567,778,1545,0,3
1576,778,14,3,3
1577,778,15,3,3
1578,778,16,3,3
1567,779,1545,0,3
1576,779,14,3,3
1577,779,15,3,3
1578,779,16,3,3
1567,780,1545,0,3
1572,780,10,3,3
1576,780,14,3,3
1577,780,15,3,3
1578,780,16,3,3
1567,781,1545,0,3
1576,781,14,3,3
1577,781,15,3,3
1578,781,16,3,3
1567,782,1545,0,3
1576,782,14,3,3
1577,782,15,3,3
1578,782,16,3,3
1567,783,1545,0,3
1576,783,14,3,3
1577,783,15,3,3
1578,783,16,3,3
1567,784,1545,0,3
1576,784,14,3,3
1577,784,15,3,3
1578,784,16,3,3
1567,785,1545,0,3
1577,785,15,3,3
1578,785,16,3,3
1578,786,16,3,3
1566,787,1544,0,3
1567,787,1545,0,3
1578,787,16,3,3
1566,788,1544,0,3
1567,788,1545,0,3
1578,788,16,3,3
1566,789,1544,0,3
1567,789,1545,0,3
1578,789,16,3,3
1563,790,1,3,3
1566,790,1544,0,3
1567,790,1545,0,3
1578,790,16,3,3
1582,790,20,3,3
1563,791,1,3,3
1566,791,1544,0,3
1567,791,1545,0,3
1578,791,16,3,3
1582,791,20,3,3
4,792,1566,3,3
16,792,38,2,0
20,792,42,2,0
4,793,1566,3,3
16,793,38,2,0
4,794,1566,3,3
16,794,38,2,0
4,795,1566,3,3
16,795,38,2,0
4,796,1566,3,3
16,796,38,2,0
6,798,28,2,0
15,798,37,2,0
16,798,38,2,0
6,799,28,2,0
14,799,36,2,0
15,799,37,2,0
16,799,38,2,0
6,800,28,2,0
14,800,36,2,0
15,800,37,2,0
16,800,38,2,0
6,801,28,2,0
14,801,36,2,0
15,801,37,2,0
16,801,38,2,0
6,802,28,2,0
14,802,36,2,0
15,802,37,2,0
16,802,38,2,0
6,803,28,2,0
14,803,36,2,0
15,803,37,2,0
16,803,38,2,0
6,804,28,2,0
14,804,36,2,0
15,804,37,2,0
16,804,38,2,0
6,805,28,2,0
14,805,36,2,0
15,805,37,2,0
16,805,38,2,0
6,806,28,2,0
14,806,36,2,0
15,806,37,2,0
16,806,38,2,0
15,807,37,2,0
16,807,38,2,0
16,808,38,2,0
4,809,1566,3,3
16,809,38,2,0
4,810,1566,3,3
16,810,38,2,0
4,811,1566,3,3
16,811,38,2,0
4,812,1566,3,3
16,812,38,2,0
20,812,42,2,0
4,813,1566,3,3
16,813,38,2,0
20,813,42,2,0
21,813,43,2,0
26,814,4,0,2
38,814,60,3,0
42,814,64,3,0
26,815,4,0,2
38,815,60,3,0
26,816,4,0,2
38,816,60,3,0
26,817,4,0,2
38,817,60,3,0
26,818,4,0,2
38,818,60,3,0
38,819,60,3,0
28,820,50,3,0
37,820,59,3,0
38,820,60,3,0
28,821,50,3,0
36,821,58,3,0
37,821,59,3,0
38,821,60,3,0
28,822,50,3,0
36,822,58,3,0
37,822,59,3,0
38,822,60,3,0
28,823,50,3,0
36,823,58,3,0
37,823,59,3,0
38,823,60,3,0
28,824,50,3,0
32,824,10,0,2
36,824,58,3,0
37,824,59,3,0
38,824,60,3,0
28,825,50,3,0
36,825,58,3,0
37,825,59,3,0
38,825,60,3,0
28,826,50,3,0
36,826,58,3,0
37,826,59,3,0
38,826,60,3,0
28,827,50,3,0
36,827,58,3,0
37,827,59,3,0
38,827,60,3,0
28,828,50,3,0
36,828,58,3,0
37,828,59,3,0
38,828,60,3,0
37,829,59,3,0
38,829,60,3,0
38,830,60,3,0
26,831,4,0,2
38,831,60,3,0
26,832,4,0,2
38,832,60,3,0
26,833,4,0,2
38,833,60,3,0
26,834,4,0,2
38,834,60,3,0
42,834,64,3,0
26,835,4,0,2
38,835,60,3,0
42,835,64,3,0
43,835,65,3,0
46,836,24,0,3
48,836,26,0,3
60,836,82,3,0
64,836,86,3,0
46,837,24,0,3
48,837,26,0,3
60,837,82,3,0
46,838,24,0,3
48,838,26,0,3
60,838,82,3,0
48,839,26,0,3
60,839,82,3,0
48,840,26,0,3
60,840,82,3,0
50,842,72,3,0
59,842,81,3,0
60,842,82,3,0
50,843,72,3,0
58,843,80,3,0
59,843,81,3,0
60,843,82,3,0
50,844,72,3,0
52,844,74,3,0
58,844,80,3,0
59,844,81,3,0
60,844,82,3,0
50,845,72,3,0
52,845,74,3,0
58,845,80,3,0
59,845,81,3,0
60,845,82,3,0
50,846,72,3,0
52,846,74,3,0
54,846,32,0,3
55,846,33,0,3
58,846,80,3,0
59,846,81,3,0
60,846,82,3,0
50,847,72,3,0
52,847,74,3,0
55,847,33,0,3
58,847,80,3,0
59,847,81,3,0
60,847,82,3,0
50,848,72,3,0
52,848,74,3,0
58,848,80,3,0
59,848,81,3,0
60,848,82,3,0
50,849,72,3,0
58,849,80,3,0
59,849,81,3,0
60,849,82,3,0
50,850,72,3,0
58,850,80,3,0
59,850,81,3,0
60,850,82,3,0
59,851,81,3,0
60,851,82,3,0
60,852,82,3,0
48,853,26,0,3
60,853,82,3,0
48,854,26,0,3
60,854,82,3,0
46,855,24,0,3
48,855,26,0,3
60,855,82,3,0
46,856,24,0,3
48,856,26,0,3
60,856,82,3,0
64,856,86,3,0
46,857,24,0,3
48,857,26,0,3
60,857,82,3,0
64,857,86,3,0
65,857,87,3,0
68,858,46,0,3
70,858,48,0,3
82,858,104,3,0
86,858,108,3,0
68,859,46,0,3
70,859,48,0,3
82,859,104,3,0
68,860,46,0,3
70,860,48,0,3
82,860,104,3,0
70,861,48,0,3
82,861,104,3,0
70,862,48,0,3
82,862,104,3,0
82,863,104,3,0
72,864,94,3,0
81,864,103,3,0
82,864,104,3,0
72,865,94,3,0
80,865,102,3,0
81,865,103,3,0
82,865,104,3,0
72,866,94,3,0
79,866,57,0,3
80,866,102,3,0
81,866,103,3,0
82,866,104,3,0
72,867,94,3,0
79,867,57,0,3
80,867,102,3,0
81,867,103,3,0
82,867,104,3,0
72,868,94,3,0
76,868,54,0,3
79,868,57,0,3
80,868,102,3,0
81,868,103,3,0
82,868,104,3,0
72,869,94,3,0
79,869,57,0,3
80,869,102,3,0
81,869,103,3,0
82,869,104,3,0
72,870,94,3,0
79,870,57,0,3
80,870,102,3,0
81,870,103,3,0
82,870,104,3,0
72,871,94,3,0
79,871,57,0,3
80,871,102,3,0
81,871,103,3,0
82,871,104,3,0
72,872,94,3,0
80,872,102,3,0
81,872,103,3,0
82,872,104,3,0
81,873,103,3,0
82,873,104,3,0
82,874,104,3,0
70,875,48,0,3
82,875,104,3,0
70,876,48,0,3
82,876,104,3,0
68,877,46,0,3
70,877,48,0,3
82,877,104,3,0
68,878,46,0,3
70,878,48,0,3
82,878,104,3,0
86,878,108,3,0
68,879,46,0,3
70,879,48,0,3
82,879,104,3,0
86,879,108,3,0
87,879,109,3,0
90,880,68,0,3
92,880,70,0,3
93,880,115,3,0
104,880,126,3,0
106,880,128,3,0
108,880,130,3,0
90,881,68,0,3
92,881,70,0,3
93,881,115,3,0
104,881,126,3,0
106,881,128,3,0
90,882,68,0,3
92,882,70,0,3
93,882,115,3,0
104,882,126,3,0
106,882,128,3,0
92,883,70,0,3
93,883,115,3,0
104,883,126,3,0
92,884,70,0,3
93,884,115,3,0
104,884,126,3,0
93,885,115,3,0
93,886,115,3,0
94,886,116,3,0
103,886,125,3,0
104,886,126,3,0
93,887,115,3,0
94,887,116,3,0
95,887,117,3,0
102,887,124,3,0
103,887,125,3,0
104,887,126,3,0
93,888,115,3,0
94,888,116,3,0
95,888,117,3,0
96,888,118,3,0
102,888,124,3,0
103,888,125,3,0
104,888,126,3,0
93,889,115,3,0
94,889,116,3,0
95,889,117,3,0
96,889,118,3,0
102,889,124,3,0
103,889,125,3,0
104,889,126,3,0
93,890,115,3,0
94,890,116,3,0
95,890,117,3,0
96,890,118,3,0
98,890,76,0,3
102,890,124,3,0
103,890,125,3,0
104,890,126,3,0
93,891,115,3,0
94,891,116,3,0
95,891,117,3,0
96,891,118,3,0
102,891,124,3,0
103,891,125,3,0
104,891,126,3,0
93,892,115,3,0
94,892,116,3,0
95,892,117,3,0
96,892,118,3,0
102,892,124,3,0
103,892,125,3,0
104,892,126,3,0
93,893,115,3,0
94,893,116,3,0
95,893,117,3,0
102,893,124,3,0
103,893,125,3,0
104,893,126,3,0
93,894,115,3,0
94,894,116,3,0
102,894,124,3,0
103,894,125,3,0
104,894,126,3,0
93,895,115,3,0
103,895,125,3,0
104,895,126,3,0
104,896,126,3,0
92,897,70,0,3
93,897,115,3,0
104,897,126,3,0
92,898,70,0,3
93,898,115,3,0
104,898,126,3,0
106,898,128,3,0
90,899,68,0,3
92,899,70,0,3
93,899,115,3,0
104,899,126,3,0
106,899,128,3,0
90,900,68,0,3
92,900,70,0,3
93,900,115,3,0
104,900,126,3,0
106,900,128,3,0
108,900,130,3,0
90,901,68,0,3
92,901,70,0,3
93,901,115,3,0
104,901,126,3,0
106,901,128,3,0
108,901,130,3,0
109,901,131,3,0
111,902,89,0,3
112,902,90,0,3
114,902,92,0,3
126,902,148,3,0
127,902,105,0,3
128,902,150,3,0
130,902,152,3,0
111,903,89,0,3
112,903,90,0,3
114,903,92,0,3
126,903,148,3,0
127,903,105,0,3
128,903,150,3,0
112,904,90,0,3
114,904,92,0,3
126,904,148,3,0
127,904,105,0,3
128,904,150,3,0
114,905,92,0,3
126,905,148,3,0
127,905,105,0,3
114,906,92,0,3
126,906,148,3,0
126,907,148,3,0
116,908,138,3,0
125,908,147,3,0
126,908,148,3,0
116,909,138,3,0
117,909,139,3,0
124,909,146,3,0
125,909,147,3,0
126,909,148,3,0
116,910,138,3,0
117,910,139,3,0
124,910,146,3,0
125,910,147,3,0
126,910,148,3,0
116,911,138,3,0
117,911,139,3,0
124,911,146,3,0
125,911,147,3,0
126,911,148,3,0
116,912,138,3,0
117,912,139,3,0
120,912,98,0,3
124,912,146,3,0
125,912,147,3,0
126,912,148,3,0
116,913,138,3,0
117,913,139,3,0
124,913,146,3,0
125,913,147,3,0
126,913,148,3,0
116,914,138,3,0
117,914,139,3,0
124,914,146,3,0
125,914,147,3,0
126,914,148,3,0
116,915,138,3,0
117,915,139,3,0
124,915,146,3,0
125,915,147,3,0
126,915,148,3,0
116,916,138,3,0
124,916,146,3,0
125,916,147,3,0
126,916,148,3,0
125,917,147,3,0
126,917,148,3,0
126,918,148,3,0
114,919,92,0,3
126,919,148,3,0
127,919,105,0,3
114,920,92,0,3
126,920,148,3,0
127,920,105,0,3
128,920,150,3,0
112,921,90,0,3
114,921,92,0,3
126,921,148,3,0
127,921,105,0,3
128,921,150,3,0
111,922,89,0,3
112,922,90,0,3
114,922,92,0,3
126,922,148,3,0
127,922,105,0,3
128,922,150,3,0
130,922,152,3,0
111,923,89,0,3
112,923,90,0,3
114,923,92,0,3
126,923,148,3,0
127,923,105,0,3
128,923,150,3,0
130,923,152,3,0
131,923,153,3,0
133,924,111,0,3
135,924,113,0,3
136,924,114,0,3
148,924,170,3,0
149,924,127,0,3
133,925,111,0,3
135,925,113,0,3
136,925,114,0,3
148,925,170,3,0
149,925,127,0,3
135,926,113,0,3
136,926,114,0,3
148,926,170,3,0
149,926,127,0,3
135,927,113,0,3
136,927,114,0,3
148,927,170,3,0
149,927,127,0,3
136,928,114,0,3
148,928,170,3,0
138,930,160,3,0
147,930,169,3,0
148,930,170,3,0
138,931,160,3,0
139,931,161,3,0
146,931,168,3,0
147,931,169,3,0
148,931,170,3,0
138,932,160,3,0
139,932,161,3,0
140,932,162,3,0
146,932,168,3,0
147,932,169,3,0
148,932,170,3,0
138,933,160,3,0
139,933,161,3,0
140,933,162,3,0
141,933,163,3,0
146,933,168,3,0
147,933,169,3,0
148,933,170,3,0
138,934,160,3,0
139,934,161,3,0
140,934,162,3,0
141,934,163,3,0
142,934,120,0,3
146,934,168,3,0
147,934,169,3,0
148,934,170,3,0
138,935,160,3,0
139,935,161,3,0
140,935,162,3,0
141,935,163,3,0
146,935,168,3,0
147,935,169,3,0
148,935,170,3,0
138,936,160,3,0
139,936,161,3,0
140,936,162,3,0
146,936,168,3,0
147,936,169,3,0
148,936,170,3,0
138,937,160,3,0
139,937,161,3,0
146,937,168,3,0
147,937,169,3,0
148,937,170,3,0
138,938,160,3,0
146,938,168,3,0
147,938,169,3,0
148,938,170,3,0
147,939,169,3,0
148,939,170,3,0
148,940,170,3,0
136,941,114,0,3
148,941,170,3,0
149,941,127,0,3
135,942,113,0,3
136,942,114,0,3
148,942,170,3,0
149,942,127,0,3
135,943,113,0,3
136,943,114,0,3
148,943,170,3,0
149,943,127,0,3
133,944,111,0,3
135,944,113,0,3
136,944,114,0,3
148,944,170,3,0
149,944,127,0,3
133,945,111,0,3
135,945,113,0,3
136,945,114,0,3
148,945,170,3,0
149,945,127,0,3
153,945,175,3,0
155,946,133,0,3
170,946,192,3,0
171,946,149,0,3
155,947,133,0,3
170,947,192,3,0
171,947,149,0,3
170,948,192,3,0
171,948,149,0,3
170,949,192,3,0
171,949,149,0,3
170,950,192,3,0
170,951,192,3,0
160,952,182,3,0
170,952,192,3,0
160,953,182,3,0
161,953,183,3,0
168,953,190,3,0
170,953,192,3,0
160,954,182,3,0
161,954,183,3,0
162,954,184,3,0
168,954,190,3,0
170,954,192,3,0
160,955,182,3,0
161,955,183,3,0
162,955,184,3,0
166,955,144,0,3
168,955,190,3,0
170,955,192,3,0
160,956,182,3,0
161,956,183,3,0
162,956,184,3,0
164,956,142,0,3
166,956,144,0,3
168,956,190,3,0
170,956,192,3,0
160,957,182,3,0
161,957,183,3,0
162,957,184,3,0
166,957,144,0,3
168,957,190,3,0
170,957,192,3,0
160,958,182,3,0
161,958,183,3,0
162,958,184,3,0
166,958,144,0,3
168,958,190,3,0
170,958,192,3,0
160,959,182,3,0
161,959,183,3,0
168,959,190,3,0
170,959,192,3,0
160,960,182,3,0
168,960,190,3,0
170,960,192,3,0
170,961,192,3,0
170,962,192,3,0
170,963,192,3,0
171,963,149,0,3
170,964,192,3,0
171,964,149,0,3
170,965,192,3,0
171,965,149,0,3
155,966,133,0,3
170,966,192,3,0
171,966,149,0,3
155,967,133,0,3
170,967,192,3,0
171,967,149,0,3
175,967,197,3,0
177,968,155,0,3
181,968,159,0,3
192,968,170,0,3
193,968,171,0,3
196,968,174,0,3
177,969,155,0,3
181,969,159,0,3
192,969,170,0,3
193,969,171,0,3
181,970,159,0,3
192,970,170,0,3
193,970,171,0,3
181,971,159,0,3
192,971,170,0,3
193,971,171,0,3
181,972,159,0,3
192,972,170,0,3
181,973,159,0,3
181,974,159,0,3
182,974,204,3,0
192,974,170,0,3
181,975,159,0,3
182,975,204,3,0
183,975,205,3,0
192,975,170,0,3
181,976,159,0,3
182,976,204,3,0
183,976,205,3,0
184,976,206,3,0
192,976,170,0,3
181,977,159,0,3
182,977,204,3,0
183,977,205,3,0
184,977,206,3,0
192,977,170,0,3
181,978,159,0,3
182,978,204,3,0
183,978,205,3,0
184,978,206,3,0
192,978,170,0,3
181,979,159,0,3
182,979,204,3,0
183,979,205,3,0
184,979,206,3,0
192,979,170,0,3
181,980,159,0,3
182,980,204,3,0
183,980,205,3,0
184,980,206,3,0
192,980,170,0,3
181,981,159,0,3
182,981,204,3,0
183,981,205,3,0
192,981,170,0,3
181,982,159,0,3
182,982,204,3,0
192,982,170,0,3
181,983,159,0,3
192,983,170,0,3
192,984,170,0,3
181,985,159,0,3
192,985,170,0,3
193,985,171,0,3
181,986,159,0,3
192,986,170,0,3
193,986,171,0,3
181,987,159,0,3
192,987,170,0,3
193,987,171,0,3
177,988,155,0,3
181,988,159,0,3
192,988,170,0,3
193,988,171,0,3
196,988,174,0,3
177,989,155,0,3
181,989,159,0,3
192,989,170,0,3
193,989,171,0,3
196,989,174,0,3
197,989,219,3,0
199,990,177,0,3
201,990,179,0,3
203,990,181,0,3
214,990,192,0,3
215,990,193,0,3
216,990,194,0,3
218,990,196,0,3
199,991,177,0,3
201,991,179,0,3
203,991,181,0,3
214,991,192,0,3
215,991,193,0,3
216,991,194,0,3
201,992,179,0,3
203,992,181,0,3
214,992,192,0,3
215,992,193,0,3
216,992,194,0,3
201,993,179,0,3
203,993,181,0,3
214,993,192,0,3
215,993,193,0,3
203,994,181,0,3
214,994,192,0,3
203,995,181,0,3
214,995,192,0,3
203,996,181,0,3
204,996,226,3,0
214,996,192,0,3
203,997,181,0,3
204,997,226,3,0
205,997,227,3,0
214,997,192,0,3
203,998,181,0,3
204,998,226,3,0
205,998,227,3,0
214,998,192,0,3
203,999,181,0,3
204,999,226,3,0
205,999,227,3,0
214,999,192,0,3
203,1000,181,0,3
204,1000,226,3,0
205,1000,227,3,0
214,1000,192,0,3
203,1001,181,0,3
204,1001,226,3,0
205,1001,227,3,0
214,1001,192,0,3
203,1002,181,0,3
204,1002,226,3,0
205,1002,227,3,0
214,1002,192,0,3
203,1003,181,0,3
204,1003,226,3,0
205,1003,227,3,0
214,1003,192,0,3
203,1004,181,0,3
204,1004,226,3,0
214,1004,192,0,3
203,1005,181,0,3
214,1005,192,0,3
214,1006,192,0,3
203,1007,181,0,3
214,1007,192,0,3
215,1007,193,0,3
201,1008,179,0,3
203,1008,181,0,3
214,1008,192,0,3
215,1008,193,0,3
216,1008,194,0,3
201,1009,179,0,3
203,1009,181,0,3
214,1009,192,0,3
215,1009,193,0,3
216,1009,194,0,3
199,1010,177,0,3
201,1010,179,0,3
203,1010,181,0,3
214,1010,192,0,3
215,1010,193,0,3
216,1010,194,0,3
218,1010,196,0,3
199,1011,177,0,3
201,1011,179,0,3
203,1011,181,0,3
214,1011,192,0,3
215,1011,193,0,3
216,1011,194,0,3
218,1011,196,0,3
219,1011,241,3,0
225,1012,203,0,3
238,1012,216,0,3
240,1012,218,0,3
225,1013,203,0,3
238,1013,216,0,3
225,1014,203,0,3
238,1014,216,0,3
225,1015,203,0,3
225,1016,203,0,3
225,1017,203,0,3
225,1018,203,0,3
226,1018,248,3,0
225,1019,203,0,3
226,1019,248,3,0
227,1019,249,3,0
225,1020,203,0,3
226,1020,248,3,0
227,1020,249,3,0
225,1021,203,0,3
226,1021,248,3,0
227,1021,249,3,0
225,1022,203,0,3
226,1022,248,3,0
227,1022,249,3,0
225,1023,203,0,3
226,1023,248,3,0
227,1023,249,3,0
225,1024,203,0,3
226,1024,248,3,0
227,1024,249,3,0
225,1025,203,0,3
226,1025,248,3,0
227,1025,249,3,0
225,1026,203,0,3
226,1026,248,3,0
225,1027,203,0,3
225,1029,203,0,3
225,1030,203,0,3
238,1030,216,0,3
225,1031,203,0,3
238,1031,216,0,3
225,1032,203,0,3
238,1032,216,0,3
240,1032,218,0,3
225,1033,203,0,3
238,1033,216,0,3
240,1033,218,0,3
241,1033,263,3,0
246,1034,268,3,0
247,1034,225,0,3
260,1034,238,0,3
261,1034,283,3,0
262,1034,240,0,3
246,1035,268,3,0
247,1035,225,0,3
260,1035,238,0,3
261,1035,283,3,0
246,1036,268,3,0
247,1036,225,0,3
260,1036,238,0,3
246,1037,268,3,0
247,1037,225,0,3
246,1038,268,3,0
247,1038,225,0,3
247,1039,225,0,3
247,1040,225,0,3
248,1040,270,3,0
247,1041,225,0,3
248,1041,270,3,0
247,1042,225,0,3
248,1042,270,3,0
247,1043,225,0,3
248,1043,270,3,0
251,1043,273,3,0
247,1044,225,0,3
248,1044,270,3,0
251,1044,273,3,0
247,1045,225,0,3
248,1045,270,3,0
251,1045,273,3,0
247,1046,225,0,3
248,1046,270,3,0
247,1047,225,0,3
248,1047,270,3,0
247,1048,225,0,3
248,1048,270,3,0
247,1049,225,0,3
246,1051,268,3,0
247,1051,225,0,3
246,1052,268,3,0
247,1052,225,0,3
260,1052,238,0,3
246,1053,268,3,0
247,1053,225,0,3
260,1053,238,0,3
261,1053,283,3,0
246,1054,268,3,0
247,1054,225,0,3
260,1054,238,0,3
261,1054,283,3,0
262,1054,240,0,3
246,1055,268,3,0
247,1055,225,0,3
260,1055,238,0,3
261,1055,283,3,0
262,1055,240,0,3
263,1055,285,3,0
282,1056,260,0,3
284,1056,262,0,3
282,1057,260,0,3
282,1058,260,0,3
270,1062,292,3,0
270,1063,292,3,0
271,1063,293,3,0
270,1064,292,3,0
271,1064,293,3,0
270,1065,292,3,0
271,1065,293,3,0
270,1066,292,3,0
271,1066,293,3,0
270,1067,292,3,0
271,1067,293,3,0
270,1068,292,3,0
271,1068,293,3,0
270,1069,292,3,0
271,1069,293,3,0
270,1070,292,3,0
282,1074,260,0,3
282,1075,260,0,3
282,1076,260,0,3
284,1076,262,0,3
282,1077,260,0,3
284,1077,262,0,3
285,1077,307,3,0
303,1078,281,0,3
304,1078,282,0,3
305,1078,283,0,3
306,1078,284,0,3
303,1079,281,0,3
304,1079,282,0,3
305,1079,283,0,3
303,1080,281,0,3
304,1080,282,0,3
303,1081,281,0,3
292,1084,314,3,0
292,1085,314,3,0
293,1085,315,3,0
292,1086,314,3,0
293,1086,315,3,0
292,1087,314,3,0
293,1087,315,3,0
292,1088,314,3,0
293,1088,315,3,0
292,1089,314,3,0
293,1089,315,3,0
292,1090,314,3,0
293,1090,315,3,0
292,1091,314,3,0
293,1091,315,3,0
292,1092,314,3,0
303,1095,281,0,3
303,1096,281,0,3
304,1096,282,0,3
303,1097,281,0,3
304,1097,282,0,3
305,1097,283,0,3
303,1098,281,0,3
304,1098,282,0,3
305,1098,283,0,3
306,1098,284,0,3
303,1099,281,0,3
304,1099,282,0,3
305,1099,283,0,3
306,1099,284,0,3
307,1099,329,3,0
325,1100,303,0,3
326,1100,304,0,3
327,1100,305,0,3
328,1100,306,0,3
325,1101,303,0,3
326,1101,304,0,3
327,1101,305,0,3
325,1102,303,0,3
326,1102,304,0,3
325,1103,303,0,3
325,1117,303,0,3
325,1118,303,0,3
326,1118,304,0,3
325,1119,303,0,3
326,1119,304,0,3
327,1119,305,0,3
325,1120,303,0,3
326,1120,304,0,3
327,1120,305,0,3
328,1120,306,0,3
325,1121,303,0,3
326,1121,304,0,3
327,1121,305,0,3
328,1121,306,0,3
329,1121,351,3,0
334,1122,356,3,0
347,1122,325,0,3
348,1122,326,0,3
349,1122,327,0,3
350,1122,328,0,3
334,1123,356,3,0
347,1123,325,0,3
348,1123,326,0,3
349,1123,327,0,3
334,1124,356,3,0
347,1124,325,0,3
348,1124,326,0,3
334,1125,356,3,0
347,1125,325,0,3
334,1126,356,3,0
336,1128,358,3,0
336,1129,358,3,0
336,1130,358,3,0
336,1131,358,3,0
336,1132,358,3,0
336,1133,358,3,0
336,1134,358,3,0
336,1135,358,3,0
336,1136,358,3,0
334,1139,356,3,0
347,1139,325,0,3
334,1140,356,3,0
347,1140,325,0,3
348,1140,326,0,3
334,1141,356,3,0
347,1141,325,0,3
348,1141,326,0,3
349,1141,327,0,3
334,1142,356,3,0
347,1142,325,0,3
348,1142,326,0,3
349,1142,327,0,3
350,1142,328,0,3
334,1143,356,3,0
347,1143,325,0,3
348,1143,326,0,3
349,1143,327,0,3
350,1143,328,0,3
351,1143,373,3,0
356,1144,378,3,0
370,1144,348,0,3
371,1144,349,0,3
372,1144,350,0,3
356,1145,378,3,0
370,1145,348,0,3
371,1145,349,0,3
356,1146,378,3,0
370,1146,348,0,3
356,1147,378,3,0
356,1148,378,3,0
358,1150,380,3,0
358,1151,380,3,0
358,1152,380,3,0
358,1153,380,3,0
358,1154,380,3,0
358,1155,380,3,0
358,1156,380,3,0
358,1157,380,3,0
358,1158,380,3,0
356,1161,378,3,0
356,1162,378,3,0
370,1162,348,0,3
356,1163,378,3,0
370,1163,348,0,3
371,1163,349,0,3
356,1164,378,3,0
370,1164,348,0,3
371,1164,349,0,3
372,1164,350,0,3
356,1165,378,3,0
370,1165,348,0,3
371,1165,349,0,3
372,1165,350,0,3
373,1165,395,3,0
378,1166,400,3,0
392,1166,370,0,3
393,1166,371,0,3
394,1166,372,0,3
378,1167,400,3,0
392,1167,370,0,3
393,1167,371,0,3
378,1168,400,3,0
392,1168,370,0,3
378,1169,400,3,0
378,1170,400,3,0
380,1172,402,3,0
380,1173,402,3,0
380,1174,402,3,0
380,1175,402,3,0
380,1176,402,3,0
380,1177,402,3,0
380,1178,402,3,0
380,1179,402,3,0
380,1180,402,3,0
378,1183,400,3,0
378,1184,400,3,0
392,1184,370,0,3
378,1185,400,3,0
392,1185,370,0,3
393,1185,371,0,3
378,1186,400,3,0
392,1186,370,0,3
393,1186,371,0,3
394,1186,372,0,3
378,1187,400,3,0
392,1187,370,0,3
393,1187,371,0,3
394,1187,372,0,3
395,1187,417,3,0
400,1188,422,3,0
401,1188,423,3,0
412,1188,390,0,3
414,1188,392,0,3
415,1188,393,0,3
416,1188,394,0,3
400,1189,422,3,0
401,1189,423,3,0
412,1189,390,0,3
414,1189,392,0,3
415,1189,393,0,3
400,1190,422,3,0
401,1190,423,3,0
412,1190,390,0,3
414,1190,392,0,3
400,1191,422,3,0
401,1191,423,3,0
412,1191,390,0,3
400,1192,422,3,0
401,1192,423,3,0
412,1192,390,0,3
401,1193,423,3,0
401,1194,423,3,0
402,1194,424,3,0
412,1194,390,0,3
401,1195,423,3,0
402,1195,424,3,0
412,1195,390,0,3
401,1196,423,3,0
402,1196,424,3,0
412,1196,390,0,3
401,1197,423,3,0
402,1197,424,3,0
412,1197,390,0,3
401,1198,423,3,0
402,1198,424,3,0
412,1198,390,0,3
401,1199,423,3,0
402,1199,424,3,0
412,1199,390,0,3
401,1200,423,3,0
402,1200,424,3,0
412,1200,390,0,3
401,1201,423,3,0
402,1201,424,3,0
412,1201,390,0,3
401,1202,423,3,0
402,1202,424,3,0
412,1202,390,0,3
401,1203,423,3,0
412,1203,390,0,3
412,1204,390,0,3
400,1205,422,3,0
401,1205,423,3,0
412,1205,390,0,3
400,1206,422,3,0
401,1206,423,3,0
412,1206,390,0,3
414,1206,392,0,3
400,1207,422,3,0
401,1207,423,3,0
412,1207,390,0,3
414,1207,392,0,3
415,1207,393,0,3
400,1208,422,3,0
401,1208,423,3,0
412,1208,390,0,3
414,1208,392,0,3
415,1208,393,0,3
416,1208,394,0,3
400,1209,422,3,0
401,1209,423,3,0
412,1209,390,0,3
414,1209,392,0,3
415,1209,393,0,3
416,1209,394,0,3
417,1209,439,3,0
422,1210,444,3,0
423,1210,445,3,0
434,1210,412,0,3
436,1210,414,0,3
437,1210,415,0,3
438,1210,416,0,3
422,1211,444,3,0
423,1211,445,3,0
434,1211,412,0,3
436,1211,414,0,3
437,1211,415,0,3
422,1212,444,3,0
423,1212,445,3,0
434,1212,412,0,3
436,1212,414,0,3
422,1213,444,3,0
423,1213,445,3,0
434,1213,412,0,3
422,1214,444,3,0
423,1214,445,3,0
434,1214,412,0,3
423,1215,445,3,0
434,1215,412,0,3
423,1216,445,3,0
424,1216,446,3,0
434,1216,412,0,3
423,1217,445,3,0
424,1217,446,3,0
434,1217,412,0,3
423,1218,445,3,0
424,1218,446,3,0
434,1218,412,0,3
423,1219,445,3,0
424,1219,446,3,0
434,1219,412,0,3
423,1220,445,3,0
424,1220,446,3,0
434,1220,412,0,3
423,1221,445,3,0
424,1221,446,3,0
434,1221,412,0,3
423,1222,445,3,0
424,1222,446,3,0
434,1222,412,0,3
423,1223,445,3,0
424,1223,446,3,0
434,1223,412,0,3
423,1224,445,3,0
424,1224,446,3,0
434,1224,412,0,3
423,1225,445,3,0
434,1225,412,0,3
434,1226,412,0,3
422,1227,444,3,0
423,1227,445,3,0
434,1227,412,0,3
422,1228,444,3,0
423,1228,445,3,0
434,1228,412,0,3
436,1228,414,0,3
422,1229,444,3,0
423,1229,445,3,0
434,1229,412,0,3
436,1229,414,0,3
437,1229,415,0,3
422,1230,444,3,0
423,1230,445,3,0
434,1230,412,0,3
436,1230,414,0,3
437,1230,415,0,3
438,1230,416,0,3
422,1231,444,3,0
423,1231,445,3,0
434,1231,412,0,3
436,1231,414,0,3
437,1231,415,0,3
438,1231,416,0,3
439,1231,461,3,0
444,1232,466,3,0
445,1232,467,3,0
456,1232,434,0,3
458,1232,436,0,3
459,1232,437,0,3
460,1232,438,0,3
444,1233,466,3,0
445,1233,467,3,0
456,1233,434,0,3
458,1233,436,0,3
459,1233,437,0,3
444,1234,466,3,0
445,1234,467,3,0
456,1234,434,0,3
458,1234,436,0,3
444,1235,466,3,0
445,1235,467,3,0
456,1235,434,0,3
444,1236,466,3,0
445,1236,467,3,0
456,1236,434,0,3
445,1237,467,3,0
445,1238,467,3,0
446,1238,468,3,0
456,1238,434,0,3
445,1239,467,3,0
446,1239,468,3,0
456,1239,434,0,3
445,1240,467,3,0
446,1240,468,3,0
448,1240,426,0,3
456,1240,434,0,3
445,1241,467,3,0
446,1241,468,3,0
448,1241,426,0,3
456,1241,434,0,3
445,1242,467,3,0
446,1242,468,3,0
448,1242,426,0,3
456,1242,434,0,3
445,1243,467,3,0
446,1243,468,3,0
448,1243,426,0,3
456,1243,434,0,3
445,1244,467,3,0
446,1244,468,3,0
448,1244,426,0,3
456,1244,434,0,3
445,1245,467,3,0
446,1245,468,3,0
456,1245,434,0,3
445,1246,467,3,0
446,1246,468,3,0
456,1246,434,0,3
445,1247,467,3,0
456,1247,434,0,3
456,1248,434,0,3
444,1249,466,3,0
445,1249,467,3,0
456,1249,434,0,3
444,1250,466,3,0
445,1250,467,3,0
456,1250,434,0,3
458,1250,436,0,3
444,1251,466,3,0
445,1251,467,3,0
456,1251,434,0,3
458,1251,436,0,3
459,1251,437,0,3
444,1252,466,3,0
445,1252,467,3,0
456,1252,434,0,3
458,1252,436,0,3
459,1252,437,0,3
460,1252,438,0,3
444,1253,466,3,0
445,1253,467,3,0
456,1253,434,0,3
458,1253,436,0,3
459,1253,437,0,3
460,1253,438,0,3
461,1253,483,3,0
466,1254,488,3,0
467,1254,489,3,0
478,1254,456,0,3
480,1254,458,0,3
481,1254,459,0,3
482,1254,460,0,3
466,1255,488,3,0
467,1255,489,3,0
478,1255,456,0,3
480,1255,458,0,3
481,1255,459,0,3
466,1256,488,3,0
467,1256,489,3,0
478,1256,456,0,3
480,1256,458,0,3
466,1257,488,3,0
467,1257,489,3,0
478,1257,456,0,3
466,1258,488,3,0
467,1258,489,3,0
478,1258,456,0,3
467,1259,489,3,0
478,1259,456,0,3
467,1260,489,3,0
468,1260,490,3,0
478,1260,456,0,3
467,1261,489,3,0
468,1261,490,3,0
478,1261,456,0,3
467,1262,489,3,0
468,1262,490,3,0
470,1262,448,0,3
478,1262,456,0,3
467,1263,489,3,0
468,1263,490,3,0
470,1263,448,0,3
478,1263,456,0,3
467,1264,489,3,0
468,1264,490,3,0
470,1264,448,0,3
478,1264,456,0,3
467,1265,489,3,0
468,1265,490,3,0
470,1265,448,0,3
478,1265,456,0,3
467,1266,489,3,0
468,1266,490,3,0
470,1266,448,0,3
478,1266,456,0,3
467,1267,489,3,0
468,1267,490,3,0
478,1267,456,0,3
467,1268,489,3,0
468,1268,490,3,0
478,1268,456,0,3
467,1269,489,3,0
478,1269,456,0,3
478,1270,456,0,3
466,1271,488,3,0
467,1271,489,3,0
478,1271,456,0,3
466,1272,488,3,0
467,1272,489,3,0
478,1272,456,0,3
480,1272,458,0,3
466,1273,488,3,0
467,1273,489,3,0
478,1273,456,0,3
480,1273,458,0,3
481,1273,459,0,3
466,1274,488,3,0
467,1274,489,3,0
478,1274,456,0,3
480,1274,458,0,3
481,1274,459,0,3
482,1274,460,0,3
466,1275,488,3,0
467,1275,489,3,0
478,1275,456,0,3
480,1275,458,0,3
481,1275,459,0,3
482,1275,460,0,3
483,1275,505,3,0
488,1276,510,3,0
489,1276,511,3,0
500,1276,478,0,3
502,1276,480,0,3
503,1276,481,0,3
504,1276,482,0,3
488,1277,510,3,0
489,1277,511,3,0
500,1277,478,0,3
502,1277,480,0,3
503,1277,481,0,3
488,1278,510,3,0
489,1278,511,3,0
500,1278,478,0,3
502,1278,480,0,3
488,1279,510,3,0
489,1279,511,3,0
500,1279,478,0,3
488,1280,510,3,0
489,1280,511,3,0
500,1280,478,0,3
489,1281,511,3,0
489,1282,511,3,0
490,1282,512,3,0
500,1282,478,0,3
489,1283,511,3,0
490,1283,512,3,0
500,1283,478,0,3
489,1284,511,3,0
490,1284,512,3,0
492,1284,470,0,3
500,1284,478,0,3
489,1285,511,3,0
490,1285,512,3,0
492,1285,470,0,3
500,1285,478,0,3
489,1286,511,3,0
490,1286,512,3,0
492,1286,470,0,3
500,1286,478,0,3
489,1287,511,3,0
490,1287,512,3,0
492,1287,470,0,3
500,1287,478,0,3
489,1288,511,3,0
490,1288,512,3,0
492,1288,470,0,3
500,1288,478,0,3
489,1289,511,3,0
490,1289,512,3,0
500,1289,478,0,3
489,1290,511,3,0
490,1290,512,3,0
500,1290,478,0,3
489,1291,511,3,0
500,1291,478,0,3
500,1292,478,0,3
488,1293,510,3,0
489,1293,511,3,0
500,1293,478,0,3
488,1294,510,3,0
489,1294,511,3,0
500,1294,478,0,3
502,1294,480,0,3
488,1295,510,3,0
489,1295,511,3,0
500,1295,478,0,3
502,1295,480,0,3
503,1295,481,0,3
488,1296,510,3,0
489,1296,511,3,0
500,1296,478,0,3
502,1296,480,0,3
503,1296,481,0,3
504,1296,482,0,3
488,1297,510,3,0
489,1297,511,3,0
500,1297,478,0,3
502,1297,480,0,3
503,1297,481,0,3
504,1297,482,0,3
505,1297,527,3,0
510,1298,532,3,0
511,1298,533,3,0
522,1298,500,0,3
524,1298,502,0,3
526,1298,504,0,3
510,1299,532,3,0
511,1299,533,3,0
522,1299,500,0,3
524,1299,502,0,3
510,1300,532,3,0
511,1300,533,3,0
522,1300,500,0,3
524,1300,502,0,3
510,1301,532,3,0
511,1301,533,3,0
522,1301,500,0,3
510,1302,532,3,0
511,1302,533,3,0
522,1302,500,0,3
511,1303,533,3,0
522,1303,500,0,3
511,1304,533,3,0
522,1304,500,0,3
511,1305,533,3,0
522,1305,500,0,3
511,1306,533,3,0
514,1306,492,0,3
522,1306,500,0,3
511,1307,533,3,0
514,1307,492,0,3
522,1307,500,0,3
511,1308,533,3,0
514,1308,492,0,3
522,1308,500,0,3
511,1309,533,3,0
514,1309,492,0,3
522,1309,500,0,3
511,1310,533,3,0
514,1310,492,0,3
522,1310,500,0,3
511,1311,533,3,0
522,1311,500,0,3
511,1312,533,3,0
522,1312,500,0,3
511,1313,533,3,0
522,1313,500,0,3
522,1314,500,0,3
510,1315,532,3,0
511,1315,533,3,0
522,1315,500,0,3
510,1316,532,3,0
511,1316,533,3,0
522,1316,500,0,3
524,1316,502,0,3
510,1317,532,3,0
511,1317,533,3,0
522,1317,500,0,3
524,1317,502,0,3
510,1318,532,3,0
511,1318,533,3,0
522,1318,500,0,3
524,1318,502,0,3
526,1318,504,0,3
510,1319,532,3,0
511,1319,533,3,0
522,1319,500,0,3
524,1319,502,0,3
526,1319,504,0,3
527,1319,549,3,0
532,1320,554,3,0
533,1320,555,3,0
544,1320,522,0,3
546,1320,524,0,3
548,1320,526,0,3
532,1321,554,3,0
533,1321,555,3,0
544,1321,522,0,3
546,1321,524,0,3
532,1322,554,3,0
533,1322,555,3,0
544,1322,522,0,3
546,1322,524,0,3
532,1323,554,3,0
533,1323,555,3,0
544,1323,522,0,3
532,1324,554,3,0
533,1324,555,3,0
544,1324,522,0,3
533,1325,555,3,0
533,1326,555,3,0
544,1326,522,0,3
533,1327,555,3,0
544,1327,522,0,3
533,1328,555,3,0
536,1328,514,0,3
544,1328,522,0,3
533,1329,555,3,0
536,1329,514,0,3
544,1329,522,0,3
533,1330,555,3,0
536,1330,514,0,3
544,1330,522,0,3
533,1331,555,3,0
536,1331,514,0,3
544,1331,522,0,3
533,1332,555,3,0
536,1332,514,0,3
544,1332,522,0,3
533,1333,555,3,0
544,1333,522,0,3
533,1334,555,3,0
544,1334,522,0,3
533,1335,555,3,0
544,1335,522,0,3
544,1336,522,0,3
532,1337,554,3,0
533,1337,555,3,0
544,1337,522,0,3
532,1338,554,3,0
533,1338,555,3,0
544,1338,522,0,3
546,1338,524,0,3
532,1339,554,3,0
533,1339,555,3,0
544,1339,522,0,3
546,1339,524,0,3
532,1340,554,3,0
533,1340,555,3,0
544,1340,522,0,3
546,1340,524,0,3
548,1340,526,0,3
532,1341,554,3,0
533,1341,555,3,0
544,1341,522,0,3
546,1341,524,0,3
548,1341,526,0,3
549,1341,571,3,0
554,1342,576,3,0
555,1342,577,3,0
566,1342,544,0,3
568,1342,546,0,3
570,1342,548,0,3
554,1343,576,3,0
555,1343,577,3,0
566,1343,544,0,3
568,1343,546,0,3
554,1344,576,3,0
555,1344,577,3,0
566,1344,544,0,3
568,1344,546,0,3
554,1345,576,3,0
555,1345,577,3,0
566,1345,544,0,3
554,1346,576,3,0
555,1346,577,3,0
566,1346,544,0,3
555,1347,577,3,0
566,1347,544,0,3
555,1348,577,3,0
566,1348,544,0,3
555,1349,577,3,0
566,1349,544,0,3
555,1350,577,3,0
558,1350,536,0,3
566,1350,544,0,3
555,1351,577,3,0
558,1351,536,0,3
566,1351,544,0,3
555,1352,577,3,0
558,1352,536,0,3
566,1352,544,0,3
555,1353,577,3,0
558,1353,536,0,3
566,1353,544,0,3
555,1354,577,3,0
558,1354,536,0,3
566,1354,544,0,3
555,1355,577,3,0
566,1355,544,0,3
555,1356,577,3,0
566,1356,544,0,3
555,1357,577,3,0
566,1357,544,0,3
566,1358,544,0,3
554,1359,576,3,0
555,1359,577,3,0
566,1359,544,0,3
554,1360,576,3,0
555,1360,577,3,0
566,1360,544,0,3
568,1360,546,0,3
554,1361,576,3,0
555,1361,577,3,0
566,1361,544,0,3
568,1361,546,0,3
554,1362,576,3,0
555,1362,577,3,0
566,1362,544,0,3
568,1362,546,0,3
570,1362,548,0,3
554,1363,576,3,0
555,1363,577,3,0
566,1363,544,0,3
568,1363,546,0,3
570,1363,548,0,3
571,1363,593,3,0
572,1364,550,0,2
576,1364,598,3,0
588,1364,566,0,3
590,1364,568,0,3
592,1364,570,0,3
576,1365,598,3,0
588,1365,566,0,3
590,1365,568,0,3
576,1366,598,3,0
588,1366,566,0,3
590,1366,568,0,3
576,1367,598,3,0
588,1367,566,0,3
576,1368,598,3,0
588,1368,566,0,3
588,1370,566,0,3
588,1371,566,0,3
580,1372,558,0,3
588,1372,566,0,3
580,1373,558,0,3
588,1373,566,0,3
580,1374,558,0,3
588,1374,566,0,3
580,1375,558,0,3
588,1375,566,0,3
580,1376,558,0,3
588,1376,566,0,3
588,1377,566,0,3
588,1378,566,0,3
588,1379,566,0,3
588,1380,566,0,3
576,1381,598,3,0
588,1381,566,0,3
576,1382,598,3,0
588,1382,566,0,3
590,1382,568,0,3
576,1383,598,3,0
588,1383,566,0,3
590,1383,568,0,3
576,1384,598,3,0
588,1384,566,0,3
590,1384,568,0,3
592,1384,570,0,3
572,1385,550,0,2
576,1385,598,3,0
588,1385,566,0,3
590,1385,568,0,3
592,1385,570,0,3
593,1385,615,3,0
594,1386,572,0,2
598,1386,620,3,0
610,1386,588,0,3
612,1386,590,0,3
614,1386,592,0,3
598,1387,620,3,0
610,1387,588,0,3
612,1387,590,0,3
598,1388,620,3,0
610,1388,588,0,3
612,1388,590,0,3
598,1389,620,3,0
610,1389,588,0,3
598,1390,620,3,0
610,1390,588,0,3
610,1391,588,0,3
610,1392,588,0,3
610,1393,588,0,3
602,1394,580,0,3
610,1394,588,0,3
602,1395,580,0,3
610,1395,588,0,3
602,1396,580,0,3
610,1396,588,0,3
602,1397,580,0,3
610,1397,588,0,3
602,1398,580,0,3
610,1398,588,0,3
610,1399,588,0,3
610,1400,588,0,3
610,1401,588,0,3
610,1402,588,0,3
598,1403,620,3,0
610,1403,588,0,3
598,1404,620,3,0
610,1404,588,0,3
612,1404,590,0,3
598,1405,620,3,0
610,1405,588,0,3
612,1405,590,0,3
598,1406,620,3,0
610,1406,588,0,3
612,1406,590,0,3
614,1406,592,0,3
594,1407,572,0,2
598,1407,620,3,0
610,1407,588,0,3
612,1407,590,0,3
614,1407,592,0,3
615,1407,637,3,0
616,1408,594,0,2
620,1408,642,3,0
621,1408,643,3,0
632,1408,610,0,3
634,1408,612,0,3
636,1408,614,0,3
620,1409,642,3,0
621,1409,643,3,0
632,1409,610,0,3
634,1409,612,0,3
620,1410,642,3,0
621,1410,643,3,0
632,1410,610,0,3
634,1410,612,0,3
620,1411,642,3,0
621,1411,643,3,0
632,1411,610,0,3
620,1412,642,3,0
621,1412,643,3,0
632,1412,610,0,3
621,1413,643,3,0
621,1414,643,3,0
632,1414,610,0,3
621,1415,643,3,0
632,1415,610,0,3
621,1416,643,3,0
624,1416,602,0,3
632,1416,610,0,3
621,1417,643,3,0
624,1417,602,0,3
632,1417,610,0,3
621,1418,643,3,0
624,1418,602,0,3
632,1418,610,0,3
621,1419,643,3,0
624,1419,602,0,3
632,1419,610,0,3
621,1420,643,3,0
624,1420,602,0,3
632,1420,610,0,3
621,1421,643,3,0
632,1421,610,0,3
621,1422,643,3,0
632,1422,610,0,3
621,1423,643,3,0
632,1423,610,0,3
632,1424,610,0,3
620,1425,642,3,0
621,1425,643,3,0
632,1425,610,0,3
620,1426,642,3,0
621,1426,643,3,0
632,1426,610,0,3
634,1426,612,0,3
620,1427,642,3,0
621,1427,643,3,0
632,1427,610,0,3
634,1427,612,0,3
620,1428,642,3,0
621,1428,643,3,0
632,1428,610,0,3
634,1428,612,0,3
636,1428,614,0,3
616,1429,594,0,2
620,1429,642,3,0
621,1429,643,3,0
632,1429,610,0,3
634,1429,612,0,3
636,1429,614,0,3
637,1429,659,3,0
638,1430,616,0,2
643,1430,665,3,0
654,1430,632,0,3
656,1430,634,0,3
658,1430,636,0,3
643,1431,665,3,0
654,1431,632,0,3
656,1431,634,0,3
643,1432,665,3,0
654,1432,632,0,3
656,1432,634,0,3
643,1433,665,3,0
654,1433,632,0,3
643,1434,665,3,0
654,1434,632,0,3
643,1435,665,3,0
654,1435,632,0,3
643,1436,665,3,0
654,1436,632,0,3
643,1437,665,3,0
654,1437,632,0,3
643,1438,665,3,0
646,1438,624,0,3
654,1438,632,0,3
643,1439,665,3,0
646,1439,624,0,3
654,1439,632,0,3
643,1440,665,3,0
646,1440,624,0,3
654,1440,632,0,3
643,1441,665,3,0
646,1441,624,0,3
654,1441,632,0,3
643,1442,665,3,0
646,1442,624,0,3
654,1442,632,0,3
643,1443,665,3,0
654,1443,632,0,3
643,1444,665,3,0
654,1444,632,0,3
643,1445,665,3,0
654,1445,632,0,3
654,1446,632,0,3
643,1447,665,3,0
654,1447,632,0,3
643,1448,665,3,0
654,1448,632,0,3
656,1448,634,0,3
643,1449,665,3,0
654,1449,632,0,3
656,1449,634,0,3
643,1450,665,3,0
654,1450,632,0,3
656,1450,634,0,3
658,1450,636,0,3
638,1451,616,0,2
643,1451,665,3,0
654,1451,632,0,3
656,1451,634,0,3
658,1451,636,0,3
659,1451,681,3,0
660,1452,638,0,2
665,1452,687,3,0
676,1452,654,0,3
678,1452,656,0,3
680,1452,658,0,3
665,1453,687,3,0
676,1453,654,0,3
678,1453,656,0,3
665,1454,687,3,0
676,1454,654,0,3
678,1454,656,0,3
665,1455,687,3,0
676,1455,654,0,3
665,1456,687,3,0
676,1456,654,0,3
665,1457,687,3,0
665,1458,687,3,0
675,1458,653,0,3
676,1458,654,0,3
665,1459,687,3,0
675,1459,653,0,3
676,1459,654,0,3
665,1460,687,3,0
668,1460,646,0,3
675,1460,653,0,3
676,1460,654,0,3
665,1461,687,3,0
668,1461,646,0,3
675,1461,653,0,3
676,1461,654,0,3
665,1462,687,3,0
668,1462,646,0,3
675,1462,653,0,3
676,1462,654,0,3
665,1463,687,3,0
668,1463,646,0,3
675,1463,653,0,3
676,1463,654,0,3
665,1464,687,3,0
668,1464,646,0,3
675,1464,653,0,3
676,1464,654,0,3
665,1465,687,3,0
675,1465,653,0,3
676,1465,654,0,3
665,1466,687,3,0
675,1466,653,0,3
676,1466,654,0,3
665,1467,687,3,0
675,1467,653,0,3
676,1467,654,0,3
676,1468,654,0,3
665,1469,687,3,0
676,1469,654,0,3
665,1470,687,3,0
676,1470,654,0,3
678,1470,656,0,3
665,1471,687,3,0
676,1471,654,0,3
678,1471,656,0,3
665,1472,687,3,0
676,1472,654,0,3
678,1472,656,0,3
680,1472,658,0,3
660,1473,638,0,2
665,1473,687,3,0
676,1473,654,0,3
678,1473,656,0,3
680,1473,658,0,3
681,1473,703,3,0
682,1474,660,0,2
686,1474,708,3,0
687,1474,709,3,0
698,1474,676,0,3
700,1474,678,0,3
702,1474,680,0,3
686,1475,708,3,0
687,1475,709,3,0
698,1475,676,0,3
700,1475,678,0,3
686,1476,708,3,0
687,1476,709,3,0
698,1476,676,0,3
700,1476,678,0,3
686,1477,708,3,0
687,1477,709,3,0
698,1477,676,0,3
686,1478,708,3,0
687,1478,709,3,0
698,1478,676,0,3
687,1479,709,3,0
698,1479,676,0,3
687,1480,709,3,0
697,1480,675,0,3
698,1480,676,0,3
687,1481,709,3,0
697,1481,675,0,3
698,1481,676,0,3
687,1482,709,3,0
690,1482,668,0,3
697,1482,675,0,3
698,1482,676,0,3
687,1483,709,3,0
690,1483,668,0,3
697,1483,675,0,3
698,1483,676,0,3
687,1484,709,3,0
690,1484,668,0,3
697,1484,675,0,3
698,1484,676,0,3
687,1485,709,3,0
690,1485,668,0,3
697,1485,675,0,3
698,1485,676,0,3
687,1486,709,3,0
690,1486,668,0,3
697,1486,675,0,3
698,1486,676,0,3
687,1487,709,3,0
697,1487,675,0,3
698,1487,676,0,3
687,1488,709,3,0
697,1488,675,0,3
698,1488,676,0,3
687,1489,709,3,0
697,1489,675,0,3
698,1489,676,0,3
698,1490,676,0,3
686,1491,708,3,0
687,1491,709,3,0
698,1491,676,0,3
686,1492,708,3,0
687,1492,709,3,0
698,1492,676,0,3
700,1492,678,0,3
686,1493,708,3,0
687,1493,709,3,0
698,1493,676,0,3
700,1493,678,0,3
686,1494,708,3,0
687,1494,709,3,0
698,1494,676,0,3
700,1494,678,0,3
702,1494,680,0,3
682,1495,660,0,2
686,1495,708,3,0
687,1495,709,3,0
698,1495,676,0,3
700,1495,678,0,3
702,1495,680,0,3
703,1495,725,3,0
708,1496,730,3,0
709,1496,731,3,0
720,1496,698,0,3
722,1496,700,0,3
724,1496,702,0,3
708,1497,730,3,0
709,1497,731,3,0
720,1497,698,0,3
722,1497,700,0,3
708,1498,730,3,0
709,1498,731,3,0
720,1498,698,0,3
722,1498,700,0,3
708,1499,730,3,0
709,1499,731,3,0
720,1499,698,0,3
708,1500,730,3,0
709,1500,731,3,0
720,1500,698,0,3
709,1501,731,3,0
709,1502,731,3,0
719,1502,697,0,3
720,1502,698,0,3
709,1503,731,3,0
719,1503,697,0,3
720,1503,698,0,3
709,1504,731,3,0
712,1504,690,0,3
719,1504,697,0,3
720,1504,698,0,3
709,1505,731,3,0
712,1505,690,0,3
719,1505,697,0,3
720,1505,698,0,3
709,1506,731,3,0
712,1506,690,0,3
719,1506,697,0,3
720,1506,698,0,3
709,1507,731,3,0
712,1507,690,0,3
719,1507,697,0,3
720,1507,698,0,3
709,1508,731,3,0
712,1508,690,0,3
719,1508,697,0,3
720,1508,698,0,3
709,1509,731,3,0
719,1509,697,0,3
720,1509,698,0,3
709,1510,731,3,0
719,1510,697,0,3
720,1510,698,0,3
709,1511,731,3,0
719,1511,697,0,3
720,1511,698,0,3
720,1512,698,0,3
708,1513,730,3,0
709,1513,731,3,0
720,1513,698,0,3
708,1514,730,3,0
709,1514,731,3,0
720,1514,698,0,3
722,1514,700,0,3
708,1515,730,3,0
709,1515,731,3,0
720,1515,698,0,3
722,1515,700,0,3
708,1516,730,3,0
709,1516,731,3,0
720,1516,698,0,3
722,1516,700,0,3
724,1516,702,0,3
708,1517,730,3,0
709,1517,731,3,0
720,1517,698,0,3
722,1517,700,0,3
724,1517,702,0,3
727,1518,705,0,3
729,1518,751,3,0
731,1518,753,3,0
742,1518,720,0,3
743,1518,765,3,0
744,1518,722,0,3
745,1518,767,3,0
746,1518,724,0,3
727,1519,705,0,3
729,1519,751,3,0
731,1519,753,3,0
742,1519,720,0,3
743,1519,765,3,0
744,1519,722,0,3
745,1519,767,3,0
729,1520,751,3,0
731,1520,753,3,0
742,1520,720,0,3
743,1520,765,3,0
744,1520,722,0,3
729,1521,751,3,0
731,1521,753,3,0
742,1521,720,0,3
743,1521,765,3,0
731,1522,753,3,0
742,1522,720,0,3
731,1523,753,3,0
742,1523,720,0,3
731,1524,753,3,0
742,1524,720,0,3
731,1525,753,3,0
733,1525,711,0,3
742,1525,720,0,3
731,1526,753,3,0
733,1526,711,0,3
739,1526,761,3,0
742,1526,720,0,3
731,1527,753,3,0
733,1527,711,0,3
735,1527,713,0,3
739,1527,761,3,0
742,1527,720,0,3
731,1528,753,3,0
733,1528,711,0,3
735,1528,713,0,3
736,1528,714,0,3
739,1528,761,3,0
742,1528,720,0,3
731,1529,753,3,0
733,1529,711,0,3
735,1529,713,0,3
739,1529,761,3,0
742,1529,720,0,3
731,1530,753,3,0
733,1530,711,0,3
739,1530,761,3,0
742,1530,720,0,3
731,1531,753,3,0
733,1531,711,0,3
739,1531,761,3,0
742,1531,720,0,3
731,1532,753,3,0
742,1532,720,0,3
731,1533,753,3,0
742,1533,720,0,3
742,1534,720,0,3
731,1535,753,3,0
742,1535,720,0,3
743,1535,765,3,0
729,1536,751,3,0
731,1536,753,3,0
742,1536,720,0,3
743,1536,765,3,0
744,1536,722,0,3
729,1537,751,3,0
731,1537,753,3,0
742,1537,720,0,3
743,1537,765,3,0
744,1537,722,0,3
745,1537,767,3,0
727,1538,705,0,3
729,1538,751,3,0
731,1538,753,3,0
742,1538,720,0,3
743,1538,765,3,0
744,1538,722,0,3
745,1538,767,3,0
746,1538,724,0,3
727,1539,705,0,3
729,1539,751,3,0
731,1539,753,3,0
742,1539,720,0,3
743,1539,765,3,0
744,1539,722,0,3
745,1539,767,3,0
746,1539,724,0,3
753,1540,775,3,0
764,1540,742,0,3
766,1540,744,0,3
767,1540,789,3,0
768,1540,746,0,3
753,1541,775,3,0
764,1541,742,0,3
766,1541,744,0,3
767,1541,789,3,0
753,1542,775,3,0
764,1542,742,0,3
766,1542,744,0,3
753,1543,775,3,0
764,1543,742,0,3
753,1544,775,3,0
764,1544,742,0,3
753,1545,775,3,0
753,1546,775,3,0
754,1546,732,0,3
764,1546,742,0,3
753,1547,775,3,0
754,1547,732,0,3
764,1547,742,0,3
753,1548,775,3,0
754,1548,732,0,3
761,1548,783,3,0
764,1548,742,0,3
753,1549,775,3,0
754,1549,732,0,3
757,1549,779,3,0
761,1549,783,3,0
764,1549,742,0,3
753,1550,775,3,0
754,1550,732,0,3
757,1550,779,3,0
758,1550,736,0,3
761,1550,783,3,0
764,1550,742,0,3
753,1551,775,3,0
754,1551,732,0,3
757,1551,779,3,0
761,1551,783,3,0
764,1551,742,0,3
753,1552,775,3,0
754,1552,732,0,3
761,1552,783,3,0
764,1552,742,0,3
753,1553,775,3,0
754,1553,732,0,3
761,1553,783,3,0
764,1553,742,0,3
753,1554,775,3,0
754,1554,732,0,3
764,1554,742,0,3
753,1555,775,3,0
764,1555,742,0,3
764,1556,742,0,3
753,1557,775,3,0
764,1557,742,0,3
753,1558,775,3,0
764,1558,742,0,3
766,1558,744,0,3
753,1559,775,3,0
764,1559,742,0,3
766,1559,744,0,3
767,1559,789,3,0
753,1560,775,3,0
764,1560,742,0,3
766,1560,744,0,3
767,1560,789,3,0
768,1560,746,0,3
753,1561,775,3,0
764,1561,742,0,3
766,1561,744,0,3
767,1561,789,3,0
768,1561,746,0,3
771,1562,749,0,3
774,1562,796,3,0
775,1562,797,3,0
786,1562,764,0,3
790,1562,768,0,3
771,1563,749,0,3
774,1563,796,3,0
775,1563,797,3,0
786,1563,764,0,3
774,1564,796,3,0
775,1564,797,3,0
786,1564,764,0,3
774,1565,796,3,0
775,1565,797,3,0
786,1565,764,0,3
774,1566,796,3,0
775,1566,797,3,0
786,1566,764,0,3
775,1567,797,3,0
786,1567,764,0,3
775,1568,797,3,0
785,1568,763,0,3
786,1568,764,0,3
775,1569,797,3,0
784,1569,762,0,3
785,1569,763,0,3
786,1569,764,0,3
775,1570,797,3,0
784,1570,762,0,3
785,1570,763,0,3
786,1570,764,0,3
775,1571,797,3,0
784,1571,762,0,3
785,1571,763,0,3
786,1571,764,0,3
775,1572,797,3,0
780,1572,758,0,3
784,1572,762,0,3
785,1572,763,0,3
786,1572,764,0,3
775,1573,797,3,0
784,1573,762,0,3
785,1573,763,0,3
786,1573,764,0,3
775,1574,797,3,0
784,1574,762,0,3
785,1574,763,0,3
786,1574,764,0,3
775,1575,797,3,0
784,1575,762,0,3
785,1575,763,0,3
786,1575,764,0,3
775,1576,797,3,0
784,1576,762,0,3
785,1576,763,0,3
786,1576,764,0,3
775,1577,797,3,0
785,1577,763,0,3
786,1577,764,0,3
786,1578,764,0,3
774,1579,796,3,0
775,1579,797,3,0
786,1579,764,0,3
774,1580,796,3,0
775,1580,797,3,0
786,1580,764,0,3
774,1581,796,3,0
775,1581,797,3,0
786,1581,764,0,3
771,1582,749,0,3
774,1582,796,3,0
775,1582,797,3,0
786,1582,764,0,3
790,1582,768,0,3
771,1583,749,0,3
774,1583,796,3,0
775,1583,797,3,0
786,1583,764,0,3
790,1583,768,0,3
1126,1584,1104,0,3
1139,1584,1161,3,0
1140,1584,1162,3,0
1141,1584,1163,3,0
918,1585,896,0,3
818,1586,840,3,0
830,1586,808,0,3
834,1586,812,0,3
1302,1587,1280,0,3
1303,1587,1281,0,3
1314,1587,1336,3,0
1316,1587,1338,3,0
1318,1587,1340,3,0
1319,1587,1297,0,3
686,1588,708,3,0
687,1588,709,3,0
698,1588,676,0,3
1270,1589,1292,3,0
466,1590,488,3,0
467,1590,489,3,0
478,1590,456,0,3
1117,1591,1139,3,0
1118,1591,1140,3,0
1192,1592,1170,0,3
1193,1592,1171,0,3
1204,1592,1226,3,0
1206,1592,1228,3,0
1207,1592,1229,3,0
1208,1592,1230,3,0
93,1594,115,3,0
94,1594,116,3,0
95,1594,117,3,0
96,1594,118,3,0
102,1594,124,3,0
103,1594,125,3,0
104,1594,126,3,0
796,1595,818,3,0
808,1595,786,0,3
812,1595,790,0,3
