793,0,815,3,0
795,0,817,3,0
797,0,819,3,0
808,0,830,3,0
810,0,788,0,3
793,1,815,3,0
795,1,817,3,0
797,1,819,3,0
808,1,830,3,0
810,1,788,0,3
795,2,817,3,0
797,2,819,3,0
808,2,830,3,0
810,2,788,0,3
795,3,817,3,0
797,3,819,3,0
808,3,830,3,0
797,4,819,3,0
808,4,830,3,0
797,5,819,3,0
797,6,819,3,0
808,6,830,3,0
797,7,819,3,0
799,7,777,0,3
806,7,784,0,3
808,7,830,3,0
797,8,819,3,0
799,8,777,0,3
806,8,784,0,3
808,8,830,3,0
797,9,819,3,0
799,9,777,0,3
801,9,823,3,0
806,9,784,0,3
808,9,830,3,0
797,10,819,3,0
799,10,777,0,3
801,10,823,3,0
806,10,784,0,3
808,10,830,3,0
797,11,819,3,0
799,11,777,0,3
801,11,823,3,0
806,11,784,0,3
808,11,830,3,0
797,12,819,3,0
799,12,777,0,3
806,12,784,0,3
808,12,830,3,0
797,13,819,3,0
799,13,777,0,3
806,13,784,0,3
808,13,830,3,0
797,14,819,3,0
806,14,784,0,3
808,14,830,3,0
808,15,830,3,0
808,16,830,3,0
797,17,819,3,0
808,17,830,3,0
795,18,817,3,0
797,18,819,3,0
808,18,830,3,0
810,18,788,0,3
795,19,817,3,0
797,19,819,3,0
808,19,830,3,0
810,19,788,0,3
793,20,815,3,0
795,20,817,3,0
797,20,819,3,0
808,20,830,3,0
810,20,788,0,3
793,21,815,3,0
795,21,817,3,0
797,21,819,3,0
808,21,830,3,0
810,21,788,0,3
814,22,792,0,2
819,22,841,3,0
830,22,852,3,0
819,23,841,3,0
830,23,852,3,0
819,24,841,3,0
830,24,852,3,0
819,25,841,3,0
830,25,852,3,0
819,26,841,3,0
830,26,852,3,0
819,27,841,3,0
830,27,852,3,0
819,28,841,3,0
820,28,798,0,3
830,28,852,3,0
819,29,841,3,0
820,29,798,0,3
821,29,799,0,3
830,29,852,3,0
819,30,841,3,0
820,30,798,0,3
821,30,799,0,3
830,30,852,3,0
819,31,841,3,0
820,31,798,0,3
821,31,799,0,3
823,31,845,3,0
830,31,852,3,0
819,32,841,3,0
820,32,798,0,3
821,32,799,0,3
823,32,845,3,0
830,32,852,3,0
819,33,841,3,0
820,33,798,0,3
821,33,799,0,3
823,33,845,3,0
830,33,852,3,0
819,34,841,3,0
820,34,798,0,3
821,34,799,0,3
830,34,852,3,0
819,35,841,3,0
820,35,798,0,3
821,35,799,0,3
830,35,852,3,0
819,36,841,3,0
820,36,798,0,3
830,36,852,3,0
830,37,852,3,0
830,38,852,3,0
819,39,841,3,0
830,39,852,3,0
819,40,841,3,0
830,40,852,3,0
819,41,841,3,0
830,41,852,3,0
819,42,841,3,0
830,42,852,3,0
814,43,792,0,2
819,43,841,3,0
830,43,852,3,0
836,44,814,0,2
841,44,863,3,0
852,44,874,3,0
855,44,833,0,3
856,44,878,3,0
841,45,863,3,0
852,45,874,3,0
855,45,833,0,3
841,46,863,3,0
852,46,874,3,0
841,47,863,3,0
852,47,874,3,0
841,48,863,3,0
852,48,874,3,0
841,49,863,3,0
841,50,863,3,0
842,50,820,0,3
852,50,874,3,0
841,51,863,3,0
842,51,820,0,3
843,51,821,0,3
852,51,874,3,0
841,52,863,3,0
842,52,820,0,3
843,52,821,0,3
852,52,874,3,0
841,53,863,3,0
842,53,820,0,3
843,53,821,0,3
845,53,867,3,0
852,53,874,3,0
841,54,863,3,0
842,54,820,0,3
843,54,821,0,3
845,54,867,3,0
847,54,869,3,0
852,54,874,3,0
841,55,863,3,0
842,55,820,0,3
843,55,821,0,3
845,55,867,3,0
847,55,869,3,0
852,55,874,3,0
841,56,863,3,0
842,56,820,0,3
843,56,821,0,3
852,56,874,3,0
841,57,863,3,0
842,57,820,0,3
843,57,821,0,3
852,57,874,3,0
841,58,863,3,0
852,58,874,3,0
852,59,874,3,0
852,60,874,3,0
841,61,863,3,0
852,61,874,3,0
841,62,863,3,0
852,62,874,3,0
841,63,863,3,0
852,63,874,3,0
855,63,833,0,3
841,64,863,3,0
852,64,874,3,0
855,64,833,0,3
856,64,878,3,0
836,65,814,0,2
841,65,863,3,0
852,65,874,3,0
855,65,833,0,3
856,65,878,3,0
858,66,836,0,2
859,66,881,3,0
862,66,884,3,0
863,66,885,3,0
874,66,896,3,0
877,66,855,0,3
878,66,900,3,0
859,67,881,3,0
862,67,884,3,0
863,67,885,3,0
874,67,896,3,0
877,67,855,0,3
862,68,884,3,0
863,68,885,3,0
874,68,896,3,0
862,69,884,3,0
863,69,885,3,0
874,69,896,3,0
862,70,884,3,0
863,70,885,3,0
874,70,896,3,0
863,71,885,3,0
874,71,896,3,0
863,72,885,3,0
864,72,842,0,3
874,72,896,3,0
863,73,885,3,0
864,73,842,0,3
865,73,843,0,3
872,73,894,3,0
874,73,896,3,0
863,74,885,3,0
864,74,842,0,3
865,74,843,0,3
872,74,894,3,0
874,74,896,3,0
863,75,885,3,0
864,75,842,0,3
865,75,843,0,3
867,75,889,3,0
872,75,894,3,0
874,75,896,3,0
863,76,885,3,0
864,76,842,0,3
865,76,843,0,3
867,76,889,3,0
869,76,891,3,0
872,76,894,3,0
874,76,896,3,0
863,77,885,3,0
864,77,842,0,3
865,77,843,0,3
867,77,889,3,0
869,77,891,3,0
872,77,894,3,0
874,77,896,3,0
863,78,885,3,0
864,78,842,0,3
865,78,843,0,3
872,78,894,3,0
874,78,896,3,0
863,79,885,3,0
864,79,842,0,3
865,79,843,0,3
872,79,894,3,0
874,79,896,3,0
863,80,885,3,0
864,80,842,0,3
872,80,894,3,0
874,80,896,3,0
874,81,896,3,0
874,82,896,3,0
862,83,884,3,0
863,83,885,3,0
874,83,896,3,0
862,84,884,3,0
863,84,885,3,0
874,84,896,3,0
862,85,884,3,0
863,85,885,3,0
874,85,896,3,0
877,85,855,0,3
859,86,881,3,0
862,86,884,3,0
863,86,885,3,0
874,86,896,3,0
877,86,855,0,3
878,86,900,3,0
858,87,836,0,2
859,87,881,3,0
862,87,884,3,0
863,87,885,3,0
874,87,896,3,0
877,87,855,0,3
878,87,900,3,0
880,88,858,0,2
881,88,903,3,0
882,88,860,0,3
884,88,906,3,0
885,88,907,3,0
896,88,918,3,0
899,88,877,0,3
900,88,922,3,0
881,89,903,3,0
882,89,860,0,3
884,89,906,3,0
885,89,907,3,0
896,89,918,3,0
899,89,877,0,3
882,90,860,0,3
884,90,906,3,0
885,90,907,3,0
896,90,918,3,0
884,91,906,3,0
885,91,907,3,0
896,91,918,3,0
884,92,906,3,0
885,92,907,3,0
896,92,918,3,0
885,93,907,3,0
885,94,907,3,0
886,94,864,0,3
895,94,917,3,0
896,94,918,3,0
885,95,907,3,0
886,95,864,0,3
894,95,916,3,0
895,95,917,3,0
896,95,918,3,0
885,96,907,3,0
886,96,864,0,3
894,96,916,3,0
895,96,917,3,0
896,96,918,3,0
885,97,907,3,0
886,97,864,0,3
894,97,916,3,0
895,97,917,3,0
896,97,918,3,0
885,98,907,3,0
886,98,864,0,3
890,98,868,0,3
891,98,913,3,0
894,98,916,3,0
895,98,917,3,0
896,98,918,3,0
885,99,907,3,0
886,99,864,0,3
891,99,913,3,0
894,99,916,3,0
895,99,917,3,0
896,99,918,3,0
885,100,907,3,0
886,100,864,0,3
894,100,916,3,0
895,100,917,3,0
896,100,918,3,0
885,101,907,3,0
886,101,864,0,3
894,101,916,3,0
895,101,917,3,0
896,101,918,3,0
885,102,907,3,0
894,102,916,3,0
895,102,917,3,0
896,102,918,3,0
895,103,917,3,0
896,103,918,3,0
896,104,918,3,0
884,105,906,3,0
885,105,907,3,0
896,105,918,3,0
884,106,906,3,0
885,106,907,3,0
896,106,918,3,0
882,107,860,0,3
884,107,906,3,0
885,107,907,3,0
896,107,918,3,0
899,107,877,0,3
881,108,903,3,0
882,108,860,0,3
884,108,906,3,0
885,108,907,3,0
896,108,918,3,0
899,108,877,0,3
900,108,922,3,0
880,109,858,0,2
881,109,903,3,0
882,109,860,0,3
884,109,906,3,0
885,109,907,3,0
896,109,918,3,0
899,109,877,0,3
900,109,922,3,0
902,110,880,0,2
903,110,925,3,0
904,110,882,0,3
906,110,928,3,0
907,110,929,3,0
918,110,940,3,0
920,110,898,0,3
921,110,899,0,3
922,110,944,3,0
903,111,925,3,0
904,111,882,0,3
906,111,928,3,0
907,111,929,3,0
918,111,940,3,0
920,111,898,0,3
921,111,899,0,3
904,112,882,0,3
906,112,928,3,0
907,112,929,3,0
918,112,940,3,0
920,112,898,0,3
906,113,928,3,0
907,113,929,3,0
918,113,940,3,0
906,114,928,3,0
907,114,929,3,0
918,114,940,3,0
907,115,929,3,0
917,115,939,3,0
918,115,940,3,0
907,116,929,3,0
908,116,886,0,3
917,116,939,3,0
918,116,940,3,0
907,117,929,3,0
908,117,886,0,3
909,117,887,0,3
917,117,939,3,0
918,117,940,3,0
907,118,929,3,0
908,118,886,0,3
909,118,887,0,3
910,118,932,3,0
917,118,939,3,0
918,118,940,3,0
907,119,929,3,0
908,119,886,0,3
909,119,887,0,3
910,119,932,3,0
917,119,939,3,0
918,119,940,3,0
907,120,929,3,0
908,120,886,0,3
909,120,887,0,3
910,120,932,3,0
913,120,935,3,0
917,120,939,3,0
918,120,940,3,0
907,121,929,3,0
908,121,886,0,3
909,121,887,0,3
910,121,932,3,0
913,121,935,3,0
917,121,939,3,0
918,121,940,3,0
907,122,929,3,0
908,122,886,0,3
909,122,887,0,3
910,122,932,3,0
917,122,939,3,0
918,122,940,3,0
907,123,929,3,0
908,123,886,0,3
909,123,887,0,3
917,123,939,3,0
918,123,940,3,0
907,124,929,3,0
908,124,886,0,3
917,124,939,3,0
918,124,940,3,0
917,125,939,3,0
918,125,940,3,0
918,126,940,3,0
906,127,928,3,0
907,127,929,3,0
918,127,940,3,0
906,128,928,3,0
907,128,929,3,0
918,128,940,3,0
920,128,898,0,3
904,129,882,0,3
906,129,928,3,0
907,129,929,3,0
918,129,940,3,0
920,129,898,0,3
921,129,899,0,3
903,130,925,3,0
904,130,882,0,3
906,130,928,3,0
907,130,929,3,0
918,130,940,3,0
920,130,898,0,3
921,130,899,0,3
922,130,944,3,0
902,131,880,0,2
903,131,925,3,0
904,131,882,0,3
906,131,928,3,0
907,131,929,3,0
918,131,940,3,0
920,131,898,0,3
921,131,899,0,3
922,131,944,3,0
924,132,902,0,2
925,132,947,3,0
926,132,904,0,3
928,132,950,3,0
929,132,951,3,0
940,132,962,3,0
942,132,920,0,3
943,132,921,0,3
944,132,966,3,0
925,133,947,3,0
926,133,904,0,3
928,133,950,3,0
929,133,951,3,0
940,133,962,3,0
942,133,920,0,3
943,133,921,0,3
926,134,904,0,3
928,134,950,3,0
929,134,951,3,0
940,134,962,3,0
942,134,920,0,3
928,135,950,3,0
929,135,951,3,0
940,135,962,3,0
928,136,950,3,0
929,136,951,3,0
940,136,962,3,0
929,137,951,3,0
929,138,951,3,0
930,138,908,0,3
939,138,961,3,0
940,138,962,3,0
929,139,951,3,0
930,139,908,0,3
931,139,909,0,3
939,139,961,3,0
940,139,962,3,0
929,140,951,3,0
930,140,908,0,3
931,140,909,0,3
932,140,954,3,0
939,140,961,3,0
940,140,962,3,0
929,141,951,3,0
930,141,908,0,3
931,141,909,0,3
932,141,954,3,0
936,141,958,3,0
939,141,961,3,0
940,141,962,3,0
929,142,951,3,0
930,142,908,0,3
931,142,909,0,3
932,142,954,3,0
935,142,957,3,0
936,142,958,3,0
939,142,961,3,0
940,142,962,3,0
929,143,951,3,0
930,143,908,0,3
931,143,909,0,3
932,143,954,3,0
935,143,957,3,0
936,143,958,3,0
939,143,961,3,0
940,143,962,3,0
929,144,951,3,0
930,144,908,0,3
931,144,909,0,3
932,144,954,3,0
936,144,958,3,0
939,144,961,3,0
940,144,962,3,0
929,145,951,3,0
930,145,908,0,3
931,145,909,0,3
939,145,961,3,0
940,145,962,3,0
929,146,951,3,0
939,146,961,3,0
940,146,962,3,0
939,147,961,3,0
940,147,962,3,0
940,148,962,3,0
928,149,950,3,0
929,149,951,3,0
940,149,962,3,0
928,150,950,3,0
929,150,951,3,0
940,150,962,3,0
942,150,920,0,3
926,151,904,0,3
928,151,950,3,0
929,151,951,3,0
940,151,962,3,0
942,151,920,0,3
943,151,921,0,3
925,152,947,3,0
926,152,904,0,3
928,152,950,3,0
929,152,951,3,0
940,152,962,3,0
942,152,920,0,3
943,152,921,0,3
944,152,966,3,0
924,153,902,0,2
925,153,947,3,0
926,153,904,0,3
928,153,950,3,0
929,153,951,3,0
940,153,962,3,0
942,153,920,0,3
943,153,921,0,3
944,153,966,3,0
946,154,924,0,2
948,154,926,0,3
950,154,972,3,0
951,154,973,3,0
962,154,984,3,0
965,154,943,0,3
966,154,988,3,0
948,155,926,0,3
950,155,972,3,0
951,155,973,3,0
962,155,984,3,0
965,155,943,0,3
948,156,926,0,3
950,156,972,3,0
951,156,973,3,0
962,156,984,3,0
950,157,972,3,0
951,157,973,3,0
962,157,984,3,0
950,158,972,3,0
951,158,973,3,0
962,158,984,3,0
951,159,973,3,0
961,159,983,3,0
962,159,984,3,0
951,160,973,3,0
952,160,930,0,3
961,160,983,3,0
962,160,984,3,0
951,161,973,3,0
952,161,930,0,3
953,161,931,0,3
960,161,938,0,3
961,161,983,3,0
962,161,984,3,0
951,162,973,3,0
952,162,930,0,3
953,162,931,0,3
954,162,976,3,0
960,162,938,0,3
961,162,983,3,0
962,162,984,3,0
951,163,973,3,0
952,163,930,0,3
953,163,931,0,3
954,163,976,3,0
960,163,938,0,3
961,163,983,3,0
962,163,984,3,0
951,164,973,3,0
952,164,930,0,3
953,164,931,0,3
954,164,976,3,0
957,164,979,3,0
960,164,938,0,3
961,164,983,3,0
962,164,984,3,0
951,165,973,3,0
952,165,930,0,3
953,165,931,0,3
954,165,976,3,0
957,165,979,3,0
960,165,938,0,3
961,165,983,3,0
962,165,984,3,0
951,166,973,3,0
952,166,930,0,3
953,166,931,0,3
954,166,976,3,0
960,166,938,0,3
961,166,983,3,0
962,166,984,3,0
951,167,973,3,0
952,167,930,0,3
953,167,931,0,3
960,167,938,0,3
961,167,983,3,0
962,167,984,3,0
951,168,973,3,0
952,168,930,0,3
960,168,938,0,3
961,168,983,3,0
962,168,984,3,0
961,169,983,3,0
962,169,984,3,0
962,170,984,3,0
950,171,972,3,0
951,171,973,3,0
962,171,984,3,0
950,172,972,3,0
951,172,973,3,0
962,172,984,3,0
948,173,926,0,3
950,173,972,3,0
951,173,973,3,0
962,173,984,3,0
965,173,943,0,3
948,174,926,0,3
950,174,972,3,0
951,174,973,3,0
962,174,984,3,0
965,174,943,0,3
966,174,988,3,0
946,175,924,0,2
948,175,926,0,3
950,175,972,3,0
951,175,973,3,0
962,175,984,3,0
965,175,943,0,3
966,175,988,3,0
970,176,948,0,3
972,176,994,3,0
973,176,995,3,0
985,176,1007,3,0
988,176,1010,3,0
970,177,948,0,3
972,177,994,3,0
973,177,995,3,0
985,177,1007,3,0
970,178,948,0,3
972,178,994,3,0
973,178,995,3,0
985,178,1007,3,0
972,179,994,3,0
973,179,995,3,0
985,179,1007,3,0
972,180,994,3,0
973,180,995,3,0
973,181,995,3,0
973,182,995,3,0
974,182,952,0,3
983,182,1005,3,0
973,183,995,3,0
974,183,952,0,3
982,183,960,0,3
983,183,1005,3,0
973,184,995,3,0
974,184,952,0,3
976,184,998,3,0
982,184,960,0,3
983,184,1005,3,0
973,185,995,3,0
974,185,952,0,3
976,185,998,3,0
982,185,960,0,3
983,185,1005,3,0
973,186,995,3,0
974,186,952,0,3
976,186,998,3,0
979,186,1001,3,0
982,186,960,0,3
983,186,1005,3,0
973,187,995,3,0
974,187,952,0,3
976,187,998,3,0
979,187,1001,3,0
982,187,960,0,3
983,187,1005,3,0
973,188,995,3,0
974,188,952,0,3
976,188,998,3,0
982,188,960,0,3
983,188,1005,3,0
973,189,995,3,0
974,189,952,0,3
982,189,960,0,3
983,189,1005,3,0
973,190,995,3,0
982,190,960,0,3
983,190,1005,3,0
983,191,1005,3,0
972,193,994,3,0
973,193,995,3,0
985,193,1007,3,0
972,194,994,3,0
973,194,995,3,0
985,194,1007,3,0
970,195,948,0,3
972,195,994,3,0
973,195,995,3,0
985,195,1007,3,0
970,196,948,0,3
972,196,994,3,0
973,196,995,3,0
985,196,1007,3,0
988,196,1010,3,0
970,197,948,0,3
972,197,994,3,0
973,197,995,3,0
985,197,1007,3,0
988,197,1010,3,0
993,198,971,0,3
994,198,1016,3,0
1007,198,1029,3,0
1008,198,986,0,3
1010,198,1032,3,0
993,199,971,0,3
994,199,1016,3,0
1007,199,1029,3,0
1008,199,986,0,3
993,200,971,0,3
994,200,1016,3,0
1007,200,1029,3,0
1008,200,986,0,3
993,201,971,0,3
994,201,1016,3,0
1007,201,1029,3,0
994,202,1016,3,0
1005,203,1027,3,0
996,204,974,0,3
1005,204,1027,3,0
996,205,974,0,3
997,205,975,0,3
1004,205,982,0,3
1005,205,1027,3,0
996,206,974,0,3
997,206,975,0,3
998,206,1020,3,0
1004,206,982,0,3
1005,206,1027,3,0
996,207,974,0,3
997,207,975,0,3
998,207,1020,3,0
1004,207,982,0,3
1005,207,1027,3,0
996,208,974,0,3
997,208,975,0,3
998,208,1020,3,0
1001,208,1023,3,0
1004,208,982,0,3
1005,208,1027,3,0
996,209,974,0,3
997,209,975,0,3
998,209,1020,3,0
1001,209,1023,3,0
1004,209,982,0,3
1005,209,1027,3,0
996,210,974,0,3
997,210,975,0,3
998,210,1020,3,0
1004,210,982,0,3
1005,210,1027,3,0
996,211,974,0,3
997,211,975,0,3
1004,211,982,0,3
1005,211,1027,3,0
996,212,974,0,3
1004,212,982,0,3
1005,212,1027,3,0
1005,213,1027,3,0
994,215,1016,3,0
1007,215,1029,3,0
993,216,971,0,3
994,216,1016,3,0
1007,216,1029,3,0
1008,216,986,0,3
993,217,971,0,3
994,217,1016,3,0
1007,217,1029,3,0
1008,217,986,0,3
993,218,971,0,3
994,218,1016,3,0
1007,218,1029,3,0
1008,218,986,0,3
1010,218,1032,3,0
993,219,971,0,3
994,219,1016,3,0
1007,219,1029,3,0
1008,219,986,0,3
1010,219,1032,3,0
1016,220,1038,3,0
1029,220,1051,3,0
1030,220,1008,0,3
1032,220,1054,3,0
1016,221,1038,3,0
1029,221,1051,3,0
1030,221,1008,0,3
1016,222,1038,3,0
1029,222,1051,3,0
1030,222,1008,0,3
1016,223,1038,3,0
1029,223,1051,3,0
1016,224,1038,3,0
1018,226,996,0,3
1018,227,996,0,3
1019,227,997,0,3
1026,227,1004,0,3
1018,228,996,0,3
1019,228,997,0,3
1020,228,1042,3,0
1026,228,1004,0,3
1018,229,996,0,3
1019,229,997,0,3
1020,229,1042,3,0
1026,229,1004,0,3
1018,230,996,0,3
1019,230,997,0,3
1020,230,1042,3,0
1022,230,1044,3,0
1023,230,1045,3,0
1026,230,1004,0,3
1018,231,996,0,3
1019,231,997,0,3
1020,231,1042,3,0
1023,231,1045,3,0
1026,231,1004,0,3
1018,232,996,0,3
1019,232,997,0,3
1020,232,1042,3,0
1026,232,1004,0,3
1018,233,996,0,3
1019,233,997,0,3
1026,233,1004,0,3
1026,234,1004,0,3
1016,237,1038,3,0
1029,237,1051,3,0
1016,238,1038,3,0
1029,238,1051,3,0
1030,238,1008,0,3
1016,239,1038,3,0
1029,239,1051,3,0
1030,239,1008,0,3
1016,240,1038,3,0
1029,240,1051,3,0
1030,240,1008,0,3
1032,240,1054,3,0
1016,241,1038,3,0
1029,241,1051,3,0
1030,241,1008,0,3
1032,241,1054,3,0
1038,242,1060,3,0
1051,242,1073,3,0
1052,242,1030,0,3
1054,242,1076,3,0
1038,243,1060,3,0
1051,243,1073,3,0
1052,243,1030,0,3
1038,244,1060,3,0
1051,244,1073,3,0
1052,244,1030,0,3
1038,245,1060,3,0
1051,245,1073,3,0
1038,246,1060,3,0
1040,248,1018,0,3
1040,249,1018,0,3
1041,249,1019,0,3
1048,249,1026,0,3
1040,250,1018,0,3
1041,250,1019,0,3
1042,250,1064,3,0
1048,250,1026,0,3
1040,251,1018,0,3
1041,251,1019,0,3
1042,251,1064,3,0
1048,251,1026,0,3
1040,252,1018,0,3
1041,252,1019,0,3
1042,252,1064,3,0
1044,252,1066,3,0
1045,252,1067,3,0
1048,252,1026,0,3
1040,253,1018,0,3
1041,253,1019,0,3
1042,253,1064,3,0
1045,253,1067,3,0
1048,253,1026,0,3
1040,254,1018,0,3
1041,254,1019,0,3
1042,254,1064,3,0
1048,254,1026,0,3
1040,255,1018,0,3
1041,255,1019,0,3
1048,255,1026,0,3
1040,256,1018,0,3
1048,256,1026,0,3
1038,259,1060,3,0
1051,259,1073,3,0
1038,260,1060,3,0
1051,260,1073,3,0
1052,260,1030,0,3
1038,261,1060,3,0
1051,261,1073,3,0
1052,261,1030,0,3
1038,262,1060,3,0
1051,262,1073,3,0
1052,262,1030,0,3
1054,262,1076,3,0
1038,263,1060,3,0
1051,263,1073,3,0
1052,263,1030,0,3
1054,263,1076,3,0
1060,264,1082,3,0
1073,264,1095,3,0
1074,264,1052,0,3
1076,264,1098,3,0
1060,265,1082,3,0
1073,265,1095,3,0
1074,265,1052,0,3
1060,266,1082,3,0
1073,266,1095,3,0
1074,266,1052,0,3
1060,267,1082,3,0
1073,267,1095,3,0
1060,268,1082,3,0
1062,270,1040,0,3
1062,271,1040,0,3
1063,271,1041,0,3
1062,272,1040,0,3
1063,272,1041,0,3
1064,272,1086,3,0
1069,272,1091,3,0
1062,273,1040,0,3
1063,273,1041,0,3
1064,273,1086,3,0
1069,273,1091,3,0
1062,274,1040,0,3
1063,274,1041,0,3
1064,274,1086,3,0
1066,274,1088,3,0
1067,274,1089,3,0
1069,274,1091,3,0
1062,275,1040,0,3
1063,275,1041,0,3
1064,275,1086,3,0
1067,275,1089,3,0
1069,275,1091,3,0
1062,276,1040,0,3
1063,276,1041,0,3
1064,276,1086,3,0
1069,276,1091,3,0
1062,277,1040,0,3
1063,277,1041,0,3
1069,277,1091,3,0
1060,281,1082,3,0
1073,281,1095,3,0
1060,282,1082,3,0
1073,282,1095,3,0
1074,282,1052,0,3
1060,283,1082,3,0
1073,283,1095,3,0
1074,283,1052,0,3
1060,284,1082,3,0
1073,284,1095,3,0
1074,284,1052,0,3
1076,284,1098,3,0
1060,285,1082,3,0
1073,285,1095,3,0
1074,285,1052,0,3
1076,285,1098,3,0
1082,286,1104,3,0
1095,286,1117,3,0
1096,286,1074,0,3
1098,286,1120,3,0
1082,287,1104,3,0
1095,287,1117,3,0
1096,287,1074,0,3
1082,288,1104,3,0
1095,288,1117,3,0
1096,288,1074,0,3
1082,289,1104,3,0
1095,289,1117,3,0
1082,290,1104,3,0
1084,292,1062,0,3
1084,293,1062,0,3
1085,293,1063,0,3
1084,294,1062,0,3
1085,294,1063,0,3
1086,294,1108,3,0
1091,294,1113,3,0
1084,295,1062,0,3
1085,295,1063,0,3
1086,295,1108,3,0
1091,295,1113,3,0
1084,296,1062,0,3
1085,296,1063,0,3
1086,296,1108,3,0
1089,296,1111,3,0
1091,296,1113,3,0
1084,297,1062,0,3
1085,297,1063,0,3
1086,297,1108,3,0
1089,297,1111,3,0
1091,297,1113,3,0
1084,298,1062,0,3
1085,298,1063,0,3
1086,298,1108,3,0
1091,298,1113,3,0
1084,299,1062,0,3
1085,299,1063,0,3
1091,299,1113,3,0
1084,300,1062,0,3
1082,303,1104,3,0
1095,303,1117,3,0
1082,304,1104,3,0
1095,304,1117,3,0
1096,304,1074,0,3
1082,305,1104,3,0
1095,305,1117,3,0
1096,305,1074,0,3
1082,306,1104,3,0
1095,306,1117,3,0
1096,306,1074,0,3
1098,306,1120,3,0
1082,307,1104,3,0
1095,307,1117,3,0
1096,307,1074,0,3
1098,307,1120,3,0
1104,308,1126,3,0
1117,308,1139,3,0
1104,309,1126,3,0
1117,309,1139,3,0
1104,310,1126,3,0
1117,310,1139,3,0
1104,311,1126,3,0
1117,311,1139,3,0
1104,312,1126,3,0
1106,314,1084,0,3
1106,315,1084,0,3
1107,315,1085,0,3
1106,316,1084,0,3
1107,316,1085,0,3
1108,316,1130,3,0
1106,317,1084,0,3
1107,317,1085,0,3
1108,317,1130,3,0
1109,317,1087,0,3
1106,318,1084,0,3
1107,318,1085,0,3
1108,318,1130,3,0
1109,318,1087,0,3
1111,318,1133,3,0
1106,319,1084,0,3
1107,319,1085,0,3
1108,319,1130,3,0
1109,319,1087,0,3
1111,319,1133,3,0
1106,320,1084,0,3
1107,320,1085,0,3
1108,320,1130,3,0
1106,321,1084,0,3
1107,321,1085,0,3
1104,325,1126,3,0
1117,325,1139,3,0
1104,326,1126,3,0
1117,326,1139,3,0
1104,327,1126,3,0
1117,327,1139,3,0
1104,328,1126,3,0
1117,328,1139,3,0
1104,329,1126,3,0
1117,329,1139,3,0
1125,330,1103,0,3
1126,330,1148,3,0
1139,330,1161,3,0
1125,331,1103,0,3
1126,331,1148,3,0
1139,331,1161,3,0
1125,332,1103,0,3
1126,332,1148,3,0
1139,332,1161,3,0
1125,333,1103,0,3
1126,333,1148,3,0
1139,333,1161,3,0
1126,334,1148,3,0
1128,336,1106,0,3
1128,337,1106,0,3
1128,338,1106,0,3
1130,338,1152,3,0
1135,338,1157,3,0
1128,339,1106,0,3
1130,339,1152,3,0
1131,339,1109,0,3
1135,339,1157,3,0
1128,340,1106,0,3
1130,340,1152,3,0
1131,340,1109,0,3
1133,340,1155,3,0
1135,340,1157,3,0
1128,341,1106,0,3
1130,341,1152,3,0
1131,341,1109,0,3
1133,341,1155,3,0
1135,341,1157,3,0
1128,342,1106,0,3
1130,342,1152,3,0
1135,342,1157,3,0
1128,343,1106,0,3
1135,343,1157,3,0
1128,344,1106,0,3
1126,347,1148,3,0
1139,347,1161,3,0
1125,348,1103,0,3
1126,348,1148,3,0
1139,348,1161,3,0
1125,349,1103,0,3
1126,349,1148,3,0
1139,349,1161,3,0
1125,350,1103,0,3
1126,350,1148,3,0
1139,350,1161,3,0
1125,351,1103,0,3
1126,351,1148,3,0
1139,351,1161,3,0
1147,352,1125,0,3
1148,352,1170,3,0
1149,352,1171,3,0
1161,352,1183,3,0
1162,352,1184,3,0
1147,353,1125,0,3
1148,353,1170,3,0
1149,353,1171,3,0
1161,353,1183,3,0
1162,353,1184,3,0
1147,354,1125,0,3
1148,354,1170,3,0
1149,354,1171,3,0
1161,354,1183,3,0
1162,354,1184,3,0
1147,355,1125,0,3
1148,355,1170,3,0
1149,355,1171,3,0
1161,355,1183,3,0
1148,356,1170,3,0
1149,356,1171,3,0
1149,357,1171,3,0
1149,358,1171,3,0
1150,358,1128,0,3
1149,359,1171,3,0
1150,359,1128,0,3
1149,360,1171,3,0
1150,360,1128,0,3
1152,360,1174,3,0
1157,360,1179,3,0
1149,361,1171,3,0
1150,361,1128,0,3
1152,361,1174,3,0
1153,361,1131,0,3
1157,361,1179,3,0
1149,362,1171,3,0
1150,362,1128,0,3
1152,362,1174,3,0
1153,362,1131,0,3
1155,362,1177,3,0
1157,362,1179,3,0
1149,363,1171,3,0
1150,363,1128,0,3
1152,363,1174,3,0
1153,363,1131,0,3
1155,363,1177,3,0
1157,363,1179,3,0
1149,364,1171,3,0
1150,364,1128,0,3
1152,364,1174,3,0
1157,364,1179,3,0
1149,365,1171,3,0
1150,365,1128,0,3
1157,365,1179,3,0
1149,366,1171,3,0
1148,369,1170,3,0
1149,369,1171,3,0
1161,369,1183,3,0
1147,370,1125,0,3
1148,370,1170,3,0
1149,370,1171,3,0
1161,370,1183,3,0
1162,370,1184,3,0
1147,371,1125,0,3
1148,371,1170,3,0
1149,371,1171,3,0
1161,371,1183,3,0
1162,371,1184,3,0
1147,372,1125,0,3
1148,372,1170,3,0
1149,372,1171,3,0
1161,372,1183,3,0
1162,372,1184,3,0
1147,373,1125,0,3
1148,373,1170,3,0
1149,373,1171,3,0
1161,373,1183,3,0
1162,373,1184,3,0
1169,374,1147,0,3
1170,374,1192,3,0
1171,374,1193,3,0
1183,374,1205,3,0
1169,375,1147,0,3
1170,375,1192,3,0
1171,375,1193,3,0
1183,375,1205,3,0
1169,376,1147,0,3
1170,376,1192,3,0
1171,376,1193,3,0
1183,376,1205,3,0
1169,377,1147,0,3
1170,377,1192,3,0
1171,377,1193,3,0
1183,377,1205,3,0
1170,378,1192,3,0
1171,378,1193,3,0
1171,379,1193,3,0
1171,380,1193,3,0
1172,380,1150,0,3
1171,381,1193,3,0
1172,381,1150,0,3
1171,382,1193,3,0
1172,382,1150,0,3
1174,382,1196,3,0
1171,383,1193,3,0
1172,383,1150,0,3
1174,383,1196,3,0
1175,383,1153,0,3
1171,384,1193,3,0
1172,384,1150,0,3
1174,384,1196,3,0
1175,384,1153,0,3
1177,384,1199,3,0
1171,385,1193,3,0
1172,385,1150,0,3
1174,385,1196,3,0
1175,385,1153,0,3
1177,385,1199,3,0
1171,386,1193,3,0
1172,386,1150,0,3
1174,386,1196,3,0
1171,387,1193,3,0
1172,387,1150,0,3
1171,388,1193,3,0
1172,388,1150,0,3
1170,391,1192,3,0
1171,391,1193,3,0
1183,391,1205,3,0
1169,392,1147,0,3
1170,392,1192,3,0
1171,392,1193,3,0
1183,392,1205,3,0
1169,393,1147,0,3
1170,393,1192,3,0
1171,393,1193,3,0
1183,393,1205,3,0
1169,394,1147,0,3
1170,394,1192,3,0
1171,394,1193,3,0
1183,394,1205,3,0
1169,395,1147,0,3
1170,395,1192,3,0
1171,395,1193,3,0
1183,395,1205,3,0
1191,396,1169,0,3
1192,396,1214,3,0
1193,396,1215,3,0
1205,396,1227,3,0
1206,396,1228,3,0
1191,397,1169,0,3
1192,397,1214,3,0
1193,397,1215,3,0
1205,397,1227,3,0
1206,397,1228,3,0
1191,398,1169,0,3
1192,398,1214,3,0
1193,398,1215,3,0
1205,398,1227,3,0
1206,398,1228,3,0
1191,399,1169,0,3
1192,399,1214,3,0
1193,399,1215,3,0
1205,399,1227,3,0
1192,400,1214,3,0
1193,400,1215,3,0
1193,401,1215,3,0
1193,402,1215,3,0
1194,402,1172,0,3
1193,403,1215,3,0
1194,403,1172,0,3
1193,404,1215,3,0
1194,404,1172,0,3
1196,404,1218,3,0
1201,404,1223,3,0
1193,405,1215,3,0
1194,405,1172,0,3
1196,405,1218,3,0
1197,405,1175,0,3
1201,405,1223,3,0
1193,406,1215,3,0
1194,406,1172,0,3
1196,406,1218,3,0
1197,406,1175,0,3
1199,406,1221,3,0
1201,406,1223,3,0
1193,407,1215,3,0
1194,407,1172,0,3
1196,407,1218,3,0
1197,407,1175,0,3
1199,407,1221,3,0
1201,407,1223,3,0
1193,408,1215,3,0
1194,408,1172,0,3
1196,408,1218,3,0
1201,408,1223,3,0
1193,409,1215,3,0
1194,409,1172,0,3
1201,409,1223,3,0
1193,410,1215,3,0
1192,413,1214,3,0
1193,413,1215,3,0
1205,413,1227,3,0
1191,414,1169,0,3
1192,414,1214,3,0
1193,414,1215,3,0
1205,414,1227,3,0
1206,414,1228,3,0
1191,415,1169,0,3
1192,415,1214,3,0
1193,415,1215,3,0
1205,415,1227,3,0
1206,415,1228,3,0
1191,416,1169,0,3
1192,416,1214,3,0
1193,416,1215,3,0
1205,416,1227,3,0
1206,416,1228,3,0
1191,417,1169,0,3
1192,417,1214,3,0
1193,417,1215,3,0
1205,417,1227,3,0
1206,417,1228,3,0
1213,418,1191,0,3
1214,418,1236,3,0
1215,418,1237,3,0
1227,418,1249,3,0
1228,418,1250,3,0
1213,419,1191,0,3
1214,419,1236,3,0
1215,419,1237,3,0
1227,419,1249,3,0
1228,419,1250,3,0
1213,420,1191,0,3
1214,420,1236,3,0
1215,420,1237,3,0
1227,420,1249,3,0
1228,420,1250,3,0
1213,421,1191,0,3
1214,421,1236,3,0
1215,421,1237,3,0
1227,421,1249,3,0
1214,422,1236,3,0
1215,422,1237,3,0
1215,423,1237,3,0
1215,424,1237,3,0
1216,424,1194,0,3
1215,425,1237,3,0
1216,425,1194,0,3
1215,426,1237,3,0
1216,426,1194,0,3
1218,426,1240,3,0
1223,426,1245,3,0
1215,427,1237,3,0
1216,427,1194,0,3
1218,427,1240,3,0
1219,427,1197,0,3
1223,427,1245,3,0
1215,428,1237,3,0
1216,428,1194,0,3
1218,428,1240,3,0
1219,428,1197,0,3
1221,428,1243,3,0
1223,428,1245,3,0
1215,429,1237,3,0
1216,429,1194,0,3
1218,429,1240,3,0
1219,429,1197,0,3
1221,429,1243,3,0
1223,429,1245,3,0
1215,430,1237,3,0
1216,430,1194,0,3
1218,430,1240,3,0
1223,430,1245,3,0
1215,431,1237,3,0
1216,431,1194,0,3
1223,431,1245,3,0
1215,432,1237,3,0
1216,432,1194,0,3
1214,435,1236,3,0
1215,435,1237,3,0
1227,435,1249,3,0
1213,436,1191,0,3
1214,436,1236,3,0
1215,436,1237,3,0
1227,436,1249,3,0
1228,436,1250,3,0
1213,437,1191,0,3
1214,437,1236,3,0
1215,437,1237,3,0
1227,437,1249,3,0
1228,437,1250,3,0
1213,438,1191,0,3
1214,438,1236,3,0
1215,438,1237,3,0
1227,438,1249,3,0
1228,438,1250,3,0
1213,439,1191,0,3
1214,439,1236,3,0
1215,439,1237,3,0
1227,439,1249,3,0
1228,439,1250,3,0
1235,440,1213,0,3
1236,440,1258,3,0
1237,440,1259,3,0
1249,440,1271,3,0
1250,440,1272,3,0
1235,441,1213,0,3
1236,441,1258,3,0
1237,441,1259,3,0
1249,441,1271,3,0
1250,441,1272,3,0
1235,442,1213,0,3
1236,442,1258,3,0
1237,442,1259,3,0
1249,442,1271,3,0
1250,442,1272,3,0
1235,443,1213,0,3
1236,443,1258,3,0
1237,443,1259,3,0
1249,443,1271,3,0
1236,444,1258,3,0
1237,444,1259,3,0
1237,445,1259,3,0
1237,446,1259,3,0
1238,446,1216,0,3
1237,447,1259,3,0
1238,447,1216,0,3
1237,448,1259,3,0
1238,448,1216,0,3
1240,448,1262,3,0
1237,449,1259,3,0
1238,449,1216,0,3
1240,449,1262,3,0
1241,449,1219,0,3
1237,450,1259,3,0
1238,450,1216,0,3
1240,450,1262,3,0
1241,450,1219,0,3
1243,450,1265,3,0
1237,451,1259,3,0
1238,451,1216,0,3
1240,451,1262,3,0
1241,451,1219,0,3
1243,451,1265,3,0
1237,452,1259,3,0
1238,452,1216,0,3
1240,452,1262,3,0
1237,453,1259,3,0
1238,453,1216,0,3
1237,454,1259,3,0
1236,457,1258,3,0
1237,457,1259,3,0
1249,457,1271,3,0
1235,458,1213,0,3
1236,458,1258,3,0
1237,458,1259,3,0
1249,458,1271,3,0
1250,458,1272,3,0
1235,459,1213,0,3
1236,459,1258,3,0
1237,459,1259,3,0
1249,459,1271,3,0
1250,459,1272,3,0
1235,460,1213,0,3
1236,460,1258,3,0
1237,460,1259,3,0
1249,460,1271,3,0
1250,460,1272,3,0
1235,461,1213,0,3
1236,461,1258,3,0
1237,461,1259,3,0
1249,461,1271,3,0
1250,461,1272,3,0
1257,462,1235,0,3
1258,462,1280,3,0
1259,462,1281,3,0
1271,462,1293,3,0
1272,462,1294,3,0
1257,463,1235,0,3
1258,463,1280,3,0
1259,463,1281,3,0
1271,463,1293,3,0
1272,463,1294,3,0
1257,464,1235,0,3
1258,464,1280,3,0
1259,464,1281,3,0
1271,464,1293,3,0
1272,464,1294,3,0
1257,465,1235,0,3
1258,465,1280,3,0
1259,465,1281,3,0
1271,465,1293,3,0
1258,466,1280,3,0
1259,466,1281,3,0
1259,467,1281,3,0
1259,468,1281,3,0
1260,468,1238,0,3
1259,469,1281,3,0
1260,469,1238,0,3
1259,470,1281,3,0
1260,470,1238,0,3
1262,470,1284,3,0
1259,471,1281,3,0
1260,471,1238,0,3
1262,471,1284,3,0
1263,471,1241,0,3
1259,472,1281,3,0
1260,472,1238,0,3
1262,472,1284,3,0
1263,472,1241,0,3
1265,472,1287,3,0
1259,473,1281,3,0
1260,473,1238,0,3
1262,473,1284,3,0
1263,473,1241,0,3
1265,473,1287,3,0
1259,474,1281,3,0
1260,474,1238,0,3
1262,474,1284,3,0
1259,475,1281,3,0
1260,475,1238,0,3
1259,476,1281,3,0
1260,476,1238,0,3
1258,479,1280,3,0
1259,479,1281,3,0
1271,479,1293,3,0
1257,480,1235,0,3
1258,480,1280,3,0
1259,480,1281,3,0
1271,480,1293,3,0
1272,480,1294,3,0
1257,481,1235,0,3
1258,481,1280,3,0
1259,481,1281,3,0
1271,481,1293,3,0
1272,481,1294,3,0
1257,482,1235,0,3
1258,482,1280,3,0
1259,482,1281,3,0
1271,482,1293,3,0
1272,482,1294,3,0
1257,483,1235,0,3
1258,483,1280,3,0
1259,483,1281,3,0
1271,483,1293,3,0
1272,483,1294,3,0
1279,484,1257,0,3
1280,484,1302,3,0
1281,484,1303,3,0
1293,484,1315,3,0
1294,484,1316,3,0
1279,485,1257,0,3
1280,485,1302,3,0
1281,485,1303,3,0
1293,485,1315,3,0
1294,485,1316,3,0
1279,486,1257,0,3
1280,486,1302,3,0
1281,486,1303,3,0
1293,486,1315,3,0
1294,486,1316,3,0
1279,487,1257,0,3
1280,487,1302,3,0
1281,487,1303,3,0
1293,487,1315,3,0
1280,488,1302,3,0
1281,488,1303,3,0
1281,489,1303,3,0
1281,490,1303,3,0
1282,490,1260,0,3
1281,491,1303,3,0
1282,491,1260,0,3
1281,492,1303,3,0
1282,492,1260,0,3
1284,492,1306,3,0
1281,493,1303,3,0
1282,493,1260,0,3
1284,493,1306,3,0
1285,493,1263,0,3
1281,494,1303,3,0
1282,494,1260,0,3
1284,494,1306,3,0
1285,494,1263,0,3
1287,494,1309,3,0
1281,495,1303,3,0
1282,495,1260,0,3
1284,495,1306,3,0
1285,495,1263,0,3
1287,495,1309,3,0
1281,496,1303,3,0
1282,496,1260,0,3
1284,496,1306,3,0
1281,497,1303,3,0
1282,497,1260,0,3
1281,498,1303,3,0
1280,501,1302,3,0
1281,501,1303,3,0
1293,501,1315,3,0
1279,502,1257,0,3
1280,502,1302,3,0
1281,502,1303,3,0
1293,502,1315,3,0
1294,502,1316,3,0
1279,503,1257,0,3
1280,503,1302,3,0
1281,503,1303,3,0
1293,503,1315,3,0
1294,503,1316,3,0
1279,504,1257,0,3
1280,504,1302,3,0
1281,504,1303,3,0
1293,504,1315,3,0
1294,504,1316,3,0
1279,505,1257,0,3
1280,505,1302,3,0
1281,505,1303,3,0
1293,505,1315,3,0
1294,505,1316,3,0
1301,506,1279,0,3
1302,506,1324,3,0
1303,506,1325,3,0
1315,506,1337,3,0
1316,506,1338,3,0
1301,507,1279,0,3
1302,507,1324,3,0
1303,507,1325,3,0
1315,507,1337,3,0
1316,507,1338,3,0
1301,508,1279,0,3
1302,508,1324,3,0
1303,508,1325,3,0
1315,508,1337,3,0
1316,508,1338,3,0
1301,509,1279,0,3
1302,509,1324,3,0
1303,509,1325,3,0
1315,509,1337,3,0
1302,510,1324,3,0
1303,510,1325,3,0
1303,511,1325,3,0
1303,512,1325,3,0
1304,512,1282,0,3
1303,513,1325,3,0
1304,513,1282,0,3
1303,514,1325,3,0
1304,514,1282,0,3
1306,514,1328,3,0
1303,515,1325,3,0
1304,515,1282,0,3
1306,515,1328,3,0
1307,515,1285,0,3
1303,516,1325,3,0
1304,516,1282,0,3
1306,516,1328,3,0
1307,516,1285,0,3
1309,516,1331,3,0
1303,517,1325,3,0
1304,517,1282,0,3
1306,517,1328,3,0
1307,517,1285,0,3
1309,517,1331,3,0
1303,518,1325,3,0
1304,518,1282,0,3
1306,518,1328,3,0
1303,519,1325,3,0
1304,519,1282,0,3
1303,520,1325,3,0
1304,520,1282,0,3
1302,523,1324,3,0
1303,523,1325,3,0
1315,523,1337,3,0
1301,524,1279,0,3
1302,524,1324,3,0
1303,524,1325,3,0
1315,524,1337,3,0
1316,524,1338,3,0
1301,525,1279,0,3
1302,525,1324,3,0
1303,525,1325,3,0
1315,525,1337,3,0
1316,525,1338,3,0
1301,526,1279,0,3
1302,526,1324,3,0
1303,526,1325,3,0
1315,526,1337,3,0
1316,526,1338,3,0
1301,527,1279,0,3
1302,527,1324,3,0
1303,527,1325,3,0
1315,527,1337,3,0
1316,527,1338,3,0
1323,528,1301,0,3
1324,528,1346,3,0
1337,528,1359,3,0
1338,528,1360,3,0
1323,529,1301,0,3
1324,529,1346,3,0
1337,529,1359,3,0
1338,529,1360,3,0
1323,530,1301,0,3
1324,530,1346,3,0
1337,530,1359,3,0
1338,530,1360,3,0
1323,531,1301,0,3
1324,531,1346,3,0
1337,531,1359,3,0
1324,532,1346,3,0
1326,534,1304,0,3
1326,535,1304,0,3
1326,536,1304,0,3
1328,536,1350,3,0
1326,537,1304,0,3
1328,537,1350,3,0
1329,537,1307,0,3
1326,538,1304,0,3
1328,538,1350,3,0
1329,538,1307,0,3
1331,538,1353,3,0
1326,539,1304,0,3
1328,539,1350,3,0
1329,539,1307,0,3
1331,539,1353,3,0
1326,540,1304,0,3
1328,540,1350,3,0
1326,541,1304,0,3
1324,545,1346,3,0
1337,545,1359,3,0
1323,546,1301,0,3
1324,546,1346,3,0
1337,546,1359,3,0
1338,546,1360,3,0
1323,547,1301,0,3
1324,547,1346,3,0
1337,547,1359,3,0
1338,547,1360,3,0
1323,548,1301,0,3
1324,548,1346,3,0
1337,548,1359,3,0
1338,548,1360,3,0
1323,549,1301,0,3
1324,549,1346,3,0
1337,549,1359,3,0
1338,549,1360,3,0
1344,550,1322,0,3
1345,550,1323,0,3
1346,550,1368,3,0
1359,550,1381,3,0
1360,550,1382,3,0
1344,551,1322,0,3
1345,551,1323,0,3
1346,551,1368,3,0
1359,551,1381,3,0
1360,551,1382,3,0
1344,552,1322,0,3
1345,552,1323,0,3
1346,552,1368,3,0
1359,552,1381,3,0
1360,552,1382,3,0
1345,553,1323,0,3
1346,553,1368,3,0
1359,553,1381,3,0
1346,554,1368,3,0
1348,556,1326,0,3
1348,557,1326,0,3
1348,558,1326,0,3
1350,558,1372,3,0
1348,559,1326,0,3
1350,559,1372,3,0
1351,559,1329,0,3
1348,560,1326,0,3
1350,560,1372,3,0
1351,560,1329,0,3
1353,560,1375,3,0
1348,561,1326,0,3
1350,561,1372,3,0
1351,561,1329,0,3
1353,561,1375,3,0
1348,562,1326,0,3
1350,562,1372,3,0
1348,563,1326,0,3
1348,564,1326,0,3
1346,567,1368,3,0
1359,567,1381,3,0
1345,568,1323,0,3
1346,568,1368,3,0
1359,568,1381,3,0
1360,568,1382,3,0
1344,569,1322,0,3
1345,569,1323,0,3
1346,569,1368,3,0
1359,569,1381,3,0
1360,569,1382,3,0
1344,570,1322,0,3
1345,570,1323,0,3
1346,570,1368,3,0
1359,570,1381,3,0
1360,570,1382,3,0
1344,571,1322,0,3
1345,571,1323,0,3
1346,571,1368,3,0
1359,571,1381,3,0
1360,571,1382,3,0
1366,572,1344,0,3
1367,572,1345,0,3
1368,572,1390,3,0
1369,572,1391,3,0
1381,572,1403,3,0
1382,572,1404,3,0
1366,573,1344,0,3
1367,573,1345,0,3
1368,573,1390,3,0
1369,573,1391,3,0
1381,573,1403,3,0
1382,573,1404,3,0
1366,574,1344,0,3
1367,574,1345,0,3
1368,574,1390,3,0
1369,574,1391,3,0
1381,574,1403,3,0
1382,574,1404,3,0
1367,575,1345,0,3
1368,575,1390,3,0
1369,575,1391,3,0
1381,575,1403,3,0
1368,576,1390,3,0
1369,576,1391,3,0
1369,577,1391,3,0
1369,578,1391,3,0
1370,578,1348,0,3
1369,579,1391,3,0
1370,579,1348,0,3
1369,580,1391,3,0
1370,580,1348,0,3
1372,580,1394,3,0
1377,580,1399,3,0
1369,581,1391,3,0
1370,581,1348,0,3
1372,581,1394,3,0
1373,581,1351,0,3
1377,581,1399,3,0
1369,582,1391,3,0
1370,582,1348,0,3
1372,582,1394,3,0
1373,582,1351,0,3
1375,582,1397,3,0
1377,582,1399,3,0
1369,583,1391,3,0
1370,583,1348,0,3
1372,583,1394,3,0
1373,583,1351,0,3
1375,583,1397,3,0
1377,583,1399,3,0
1369,584,1391,3,0
1370,584,1348,0,3
1372,584,1394,3,0
1377,584,1399,3,0
1369,585,1391,3,0
1370,585,1348,0,3
1377,585,1399,3,0
1369,586,1391,3,0
1368,589,1390,3,0
1369,589,1391,3,0
1381,589,1403,3,0
1367,590,1345,0,3
1368,590,1390,3,0
1369,590,1391,3,0
1381,590,1403,3,0
1382,590,1404,3,0
1366,591,1344,0,3
1367,591,1345,0,3
1368,591,1390,3,0
1369,591,1391,3,0
1381,591,1403,3,0
1382,591,1404,3,0
1366,592,1344,0,3
1367,592,1345,0,3
1368,592,1390,3,0
1369,592,1391,3,0
1381,592,1403,3,0
1382,592,1404,3,0
1366,593,1344,0,3
1367,593,1345,0,3
1368,593,1390,3,0
1369,593,1391,3,0
1381,593,1403,3,0
1382,593,1404,3,0
1387,594,1365,0,3
1388,594,1366,0,3
1389,594,1367,0,3
1390,594,1412,3,0
1391,594,1413,3,0
1403,594,1425,3,0
1404,594,1426,3,0
1387,595,1365,0,3
1388,595,1366,0,3
1389,595,1367,0,3
1390,595,1412,3,0
1391,595,1413,3,0
1403,595,1425,3,0
1404,595,1426,3,0
1388,596,1366,0,3
1389,596,1367,0,3
1390,596,1412,3,0
1391,596,1413,3,0
1403,596,1425,3,0
1404,596,1426,3,0
1389,597,1367,0,3
1390,597,1412,3,0
1391,597,1413,3,0
1403,597,1425,3,0
1390,598,1412,3,0
1391,598,1413,3,0
1391,599,1413,3,0
1391,600,1413,3,0
1392,600,1370,0,3
1391,601,1413,3,0
1392,601,1370,0,3
1391,602,1413,3,0
1392,602,1370,0,3
1394,602,1416,3,0
1399,602,1421,3,0
1391,603,1413,3,0
1392,603,1370,0,3
1394,603,1416,3,0
1395,603,1373,0,3
1399,603,1421,3,0
1391,604,1413,3,0
1392,604,1370,0,3
1394,604,1416,3,0
1395,604,1373,0,3
1397,604,1419,3,0
1399,604,1421,3,0
1391,605,1413,3,0
1392,605,1370,0,3
1394,605,1416,3,0
1395,605,1373,0,3
1397,605,1419,3,0
1399,605,1421,3,0
1391,606,1413,3,0
1392,606,1370,0,3
1394,606,1416,3,0
1399,606,1421,3,0
1391,607,1413,3,0
1392,607,1370,0,3
1399,607,1421,3,0
1391,608,1413,3,0
1392,608,1370,0,3
1390,611,1412,3,0
1391,611,1413,3,0
1403,611,1425,3,0
1389,612,1367,0,3
1390,612,1412,3,0
1391,612,1413,3,0
1403,612,1425,3,0
1404,612,1426,3,0
1388,613,1366,0,3
1389,613,1367,0,3
1390,613,1412,3,0
1391,613,1413,3,0
1403,613,1425,3,0
1404,613,1426,3,0
1387,614,1365,0,3
1388,614,1366,0,3
1389,614,1367,0,3
1390,614,1412,3,0
1391,614,1413,3,0
1403,614,1425,3,0
1404,614,1426,3,0
1387,615,1365,0,3
1388,615,1366,0,3
1389,615,1367,0,3
1390,615,1412,3,0
1391,615,1413,3,0
1403,615,1425,3,0
1404,615,1426,3,0
1409,616,1387,0,3
1410,616,1388,0,3
1411,616,1389,0,3
1412,616,1434,3,0
1413,616,1435,3,0
1425,616,1447,3,0
1426,616,1448,3,0
1409,617,1387,0,3
1410,617,1388,0,3
1411,617,1389,0,3
1412,617,1434,3,0
1413,617,1435,3,0
1425,617,1447,3,0
1426,617,1448,3,0
1410,618,1388,0,3
1411,618,1389,0,3
1412,618,1434,3,0
1413,618,1435,3,0
1425,618,1447,3,0
1426,618,1448,3,0
1411,619,1389,0,3
1412,619,1434,3,0
1413,619,1435,3,0
1425,619,1447,3,0
1412,620,1434,3,0
1413,620,1435,3,0
1413,621,1435,3,0
1413,622,1435,3,0
1414,622,1392,0,3
1413,623,1435,3,0
1414,623,1392,0,3
1413,624,1435,3,0
1414,624,1392,0,3
1416,624,1438,3,0
1421,624,1443,3,0
1413,625,1435,3,0
1414,625,1392,0,3
1416,625,1438,3,0
1417,625,1395,0,3
1421,625,1443,3,0
1413,626,1435,3,0
1414,626,1392,0,3
1416,626,1438,3,0
1417,626,1395,0,3
1421,626,1443,3,0
1413,627,1435,3,0
1414,627,1392,0,3
1416,627,1438,3,0
1417,627,1395,0,3
1421,627,1443,3,0
1413,628,1435,3,0
1414,628,1392,0,3
1416,628,1438,3,0
1421,628,1443,3,0
1413,629,1435,3,0
1414,629,1392,0,3
1421,629,1443,3,0
1413,630,1435,3,0
1412,633,1434,3,0
1413,633,1435,3,0
1425,633,1447,3,0
1411,634,1389,0,3
1412,634,1434,3,0
1413,634,1435,3,0
1425,634,1447,3,0
1426,634,1448,3,0
1410,635,1388,0,3
1411,635,1389,0,3
1412,635,1434,3,0
1413,635,1435,3,0
1425,635,1447,3,0
1426,635,1448,3,0
1409,636,1387,0,3
1410,636,1388,0,3
1411,636,1389,0,3
1412,636,1434,3,0
1413,636,1435,3,0
1425,636,1447,3,0
1426,636,1448,3,0
1409,637,1387,0,3
1410,637,1388,0,3
1411,637,1389,0,3
1412,637,1434,3,0
1413,637,1435,3,0
1425,637,1447,3,0
1426,637,1448,3,0
1431,638,1409,0,3
1432,638,1410,0,3
1433,638,1411,0,3
1434,638,1456,3,0
1435,638,1457,3,0
1447,638,1469,3,0
1448,638,1470,3,0
1431,639,1409,0,3
1432,639,1410,0,3
1433,639,1411,0,3
1434,639,1456,3,0
1435,639,1457,3,0
1447,639,1469,3,0
1448,639,1470,3,0
1432,640,1410,0,3
1433,640,1411,0,3
1434,640,1456,3,0
1435,640,1457,3,0
1447,640,1469,3,0
1448,640,1470,3,0
1433,641,1411,0,3
1434,641,1456,3,0
1435,641,1457,3,0
1447,641,1469,3,0
1434,642,1456,3,0
1435,642,1457,3,0
1435,643,1457,3,0
1435,644,1457,3,0
1436,644,1414,0,3
1435,645,1457,3,0
1436,645,1414,0,3
1435,646,1457,3,0
1436,646,1414,0,3
1438,646,1460,3,0
1443,646,1465,3,0
1435,647,1457,3,0
1436,647,1414,0,3
1438,647,1460,3,0
1439,647,1417,0,3
1443,647,1465,3,0
1435,648,1457,3,0
1436,648,1414,0,3
1438,648,1460,3,0
1439,648,1417,0,3
1441,648,1463,3,0
1443,648,1465,3,0
1435,649,1457,3,0
1436,649,1414,0,3
1438,649,1460,3,0
1439,649,1417,0,3
1441,649,1463,3,0
1443,649,1465,3,0
1435,650,1457,3,0
1436,650,1414,0,3
1438,650,1460,3,0
1443,650,1465,3,0
1435,651,1457,3,0
1436,651,1414,0,3
1443,651,1465,3,0
1435,652,1457,3,0
1436,652,1414,0,3
1434,655,1456,3,0
1435,655,1457,3,0
1447,655,1469,3,0
1433,656,1411,0,3
1434,656,1456,3,0
1435,656,1457,3,0
1447,656,1469,3,0
1448,656,1470,3,0
1432,657,1410,0,3
1433,657,1411,0,3
1434,657,1456,3,0
1435,657,1457,3,0
1447,657,1469,3,0
1448,657,1470,3,0
1431,658,1409,0,3
1432,658,1410,0,3
1433,658,1411,0,3
1434,658,1456,3,0
1435,658,1457,3,0
1447,658,1469,3,0
1448,658,1470,3,0
1431,659,1409,0,3
1432,659,1410,0,3
1433,659,1411,0,3
1434,659,1456,3,0
1435,659,1457,3,0
1447,659,1469,3,0
1448,659,1470,3,0
1453,660,1431,0,3
1454,660,1432,0,3
1455,660,1433,0,3
1456,660,1478,3,0
1457,660,1479,3,0
1469,660,1491,3,0
1470,660,1492,3,0
1472,660,1494,3,0
1453,661,1431,0,3
1454,661,1432,0,3
1455,661,1433,0,3
1456,661,1478,3,0
1457,661,1479,3,0
1469,661,1491,3,0
1470,661,1492,3,0
1454,662,1432,0,3
1455,662,1433,0,3
1456,662,1478,3,0
1457,662,1479,3,0
1469,662,1491,3,0
1470,662,1492,3,0
1455,663,1433,0,3
1456,663,1478,3,0
1457,663,1479,3,0
1469,663,1491,3,0
1456,664,1478,3,0
1457,664,1479,3,0
1457,665,1479,3,0
1457,666,1479,3,0
1458,666,1436,0,3
1457,667,1479,3,0
1458,667,1436,0,3
1466,667,1488,3,0
1457,668,1479,3,0
1458,668,1436,0,3
1465,668,1487,3,0
1466,668,1488,3,0
1457,669,1479,3,0
1458,669,1436,0,3
1461,669,1439,0,3
1465,669,1487,3,0
1466,669,1488,3,0
1457,670,1479,3,0
1458,670,1436,0,3
1461,670,1439,0,3
1465,670,1487,3,0
1466,670,1488,3,0
1457,671,1479,3,0
1458,671,1436,0,3
1461,671,1439,0,3
1465,671,1487,3,0
1466,671,1488,3,0
1457,672,1479,3,0
1458,672,1436,0,3
1465,672,1487,3,0
1466,672,1488,3,0
1457,673,1479,3,0
1458,673,1436,0,3
1465,673,1487,3,0
1466,673,1488,3,0
1457,674,1479,3,0
1466,674,1488,3,0
1456,677,1478,3,0
1457,677,1479,3,0
1469,677,1491,3,0
1455,678,1433,0,3
1456,678,1478,3,0
1457,678,1479,3,0
1469,678,1491,3,0
1470,678,1492,3,0
1454,679,1432,0,3
1455,679,1433,0,3
1456,679,1478,3,0
1457,679,1479,3,0
1469,679,1491,3,0
1470,679,1492,3,0
1453,680,1431,0,3
1454,680,1432,0,3
1455,680,1433,0,3
1456,680,1478,3,0
1457,680,1479,3,0
1469,680,1491,3,0
1470,680,1492,3,0
1472,680,1494,3,0
1453,681,1431,0,3
1454,681,1432,0,3
1455,681,1433,0,3
1456,681,1478,3,0
1457,681,1479,3,0
1469,681,1491,3,0
1470,681,1492,3,0
1472,681,1494,3,0
1475,682,1453,0,3
1476,682,1454,0,3
1477,682,1455,0,3
1478,682,1500,3,0
1491,682,1513,3,0
1492,682,1514,3,0
1494,682,1516,3,0
1475,683,1453,0,3
1476,683,1454,0,3
1477,683,1455,0,3
1478,683,1500,3,0
1491,683,1513,3,0
1492,683,1514,3,0
1476,684,1454,0,3
1477,684,1455,0,3
1478,684,1500,3,0
1491,684,1513,3,0
1492,684,1514,3,0
1477,685,1455,0,3
1478,685,1500,3,0
1491,685,1513,3,0
1478,686,1500,3,0
1480,688,1458,0,3
1480,689,1458,0,3
1488,689,1510,3,0
1480,690,1458,0,3
1487,690,1509,3,0
1488,690,1510,3,0
1480,691,1458,0,3
1483,691,1461,0,3
1487,691,1509,3,0
1488,691,1510,3,0
1480,692,1458,0,3
1483,692,1461,0,3
1487,692,1509,3,0
1488,692,1510,3,0
1480,693,1458,0,3
1483,693,1461,0,3
1487,693,1509,3,0
1488,693,1510,3,0
1480,694,1458,0,3
1487,694,1509,3,0
1488,694,1510,3,0
1480,695,1458,0,3
1487,695,1509,3,0
1488,695,1510,3,0
1480,696,1458,0,3
1488,696,1510,3,0
1478,699,1500,3,0
1491,699,1513,3,0
1477,700,1455,0,3
1478,700,1500,3,0
1491,700,1513,3,0
1492,700,1514,3,0
1476,701,1454,0,3
1477,701,1455,0,3
1478,701,1500,3,0
1491,701,1513,3,0
1492,701,1514,3,0
1475,702,1453,0,3
1476,702,1454,0,3
1477,702,1455,0,3
1478,702,1500,3,0
1491,702,1513,3,0
1492,702,1514,3,0
1494,702,1516,3,0
1475,703,1453,0,3
1476,703,1454,0,3
1477,703,1455,0,3
1478,703,1500,3,0
1491,703,1513,3,0
1492,703,1514,3,0
1494,703,1516,3,0
1497,704,1475,0,3
1498,704,1476,0,3
1499,704,1477,0,3
1500,704,1522,3,0
1513,704,1535,3,0
1514,704,1536,3,0
1516,704,1538,3,0
1497,705,1475,0,3
1498,705,1476,0,3
1499,705,1477,0,3
1500,705,1522,3,0
1513,705,1535,3,0
1514,705,1536,3,0
1498,706,1476,0,3
1499,706,1477,0,3
1500,706,1522,3,0
1513,706,1535,3,0
1514,706,1536,3,0
1499,707,1477,0,3
1500,707,1522,3,0
1513,707,1535,3,0
1500,708,1522,3,0
1502,710,1480,0,3
1502,711,1480,0,3
1510,711,1532,3,0
1502,712,1480,0,3
1510,712,1532,3,0
1502,713,1480,0,3
1505,713,1483,0,3
1510,713,1532,3,0
1502,714,1480,0,3
1505,714,1483,0,3
1507,714,1529,3,0
1510,714,1532,3,0
1502,715,1480,0,3
1505,715,1483,0,3
1507,715,1529,3,0
1510,715,1532,3,0
1502,716,1480,0,3
1510,716,1532,3,0
1502,717,1480,0,3
1510,717,1532,3,0
1510,718,1532,3,0
1500,721,1522,3,0
1513,721,1535,3,0
1499,722,1477,0,3
1500,722,1522,3,0
1513,722,1535,3,0
1514,722,1536,3,0
1498,723,1476,0,3
1499,723,1477,0,3
1500,723,1522,3,0
1513,723,1535,3,0
1514,723,1536,3,0
1497,724,1475,0,3
1498,724,1476,0,3
1499,724,1477,0,3
1500,724,1522,3,0
1513,724,1535,3,0
1514,724,1536,3,0
1516,724,1538,3,0
1497,725,1475,0,3
1498,725,1476,0,3
1499,725,1477,0,3
1500,725,1522,3,0
1513,725,1535,3,0
1514,725,1536,3,0
1516,725,1538,3,0
1517,725,1539,3,0
1519,726,1497,0,3
1520,726,1498,0,3
1521,726,1499,0,3
1519,727,1497,0,3
1520,727,1498,0,3
1521,727,1499,0,3
1520,728,1498,0,3
1521,728,1499,0,3
1521,729,1499,0,3
1529,736,1551,3,0
1529,737,1551,3,0
1521,744,1499,0,3
1520,745,1498,0,3
1521,745,1499,0,3
1519,746,1497,0,3
1520,746,1498,0,3
1521,746,1499,0,3
1519,747,1497,0,3
1520,747,1498,0,3
1521,747,1499,0,3
1540,748,1518,0,2
1541,748,1519,0,3
1543,748,1521,0,3
1559,748,1581,3,0
1541,749,1519,0,3
1543,749,1521,0,3
1559,749,1581,3,0
1543,750,1521,0,3
1543,751,1521,0,3
1547,755,1569,3,0
1547,756,1569,3,0
1548,756,1526,0,3
1547,757,1569,3,0
1548,757,1526,0,3
1547,758,1569,3,0
1548,758,1526,0,3
1550,758,1572,3,0
1547,759,1569,3,0
1548,759,1526,0,3
1547,760,1569,3,0
1548,760,1526,0,3
1547,761,1569,3,0
1543,766,1521,0,3
1543,767,1521,0,3
1559,767,1581,3,0
1541,768,1519,0,3
1543,768,1521,0,3
1559,768,1581,3,0
1540,769,1518,0,2
1541,769,1519,0,3
1543,769,1521,0,3
1559,769,1581,3,0
1563,770,1541,0,3
1565,770,1543,0,3
1566,770,4,3,3
1578,770,1556,0,3
1580,770,18,3,3
1563,771,1541,0,3
1565,771,1543,0,3
1566,771,4,3,3
1578,771,1556,0,3
1580,771,18,3,3
1565,772,1543,0,3
1566,772,4,3,3
1578,772,1556,0,3
1580,772,18,3,3
1565,773,1543,0,3
1566,773,4,3,3
1578,773,1556,0,3
1566,774,4,3,3
1578,774,1556,0,3
1578,775,1556,0,3
1578,776,1556,0,3
1569,777,7,3,3
1576,777,14,3,3
1578,777,1556,0,3
1569,778,7,3,3
1576,778,14,3,3
1578,778,1556,0,3
1569,779,7,3,3
1571,779,1549,0,3
1576,779,14,3,3
1578,779,1556,0,3
1569,780,7,3,3
1571,780,1549,0,3
1576,780,14,3,3
1578,780,1556,0,3
1569,781,7,3,3
1571,781,1549,0,3
1576,781,14,3,3
1578,781,1556,0,3
1569,782,7,3,3
1576,782,14,3,3
1578,782,1556,0,3
1569,783,7,3,3
1576,783,14,3,3
1578,783,1556,0,3
1576,784,14,3,3
1578,784,1556,0,3
1578,785,1556,0,3
1578,786,1556,0,3
1566,787,4,3,3
1578,787,1556,0,3
1565,788,1543,0,3
1566,788,4,3,3
1578,788,1556,0,3
1580,788,18,3,3
1565,789,1543,0,3
1566,789,4,3,3
1578,789,1556,0,3
1580,789,18,3,3
1563,790,1541,0,3
1565,790,1543,0,3
1566,790,4,3,3
1578,790,1556,0,3
1580,790,18,3,3
1563,791,1541,0,3
1565,791,1543,0,3
1566,791,4,3,3
1578,791,1556,0,3
1580,791,18,3,3
1,792,1563,3,3
3,792,1565,3,3
5,792,1567,3,3
16,792,1578,3,3
18,792,40,2,0
1,793,1563,3,3
3,793,1565,3,3
5,793,1567,3,3
16,793,1578,3,3
18,793,40,2,0
3,794,1565,3,3
5,794,1567,3,3
16,794,1578,3,3
18,794,40,2,0
3,795,1565,3,3
5,795,1567,3,3
16,795,1578,3,3
5,796,1567,3,3
16,796,1578,3,3
5,797,1567,3,3
5,798,1567,3,3
16,798,1578,3,3
5,799,1567,3,3
7,799,29,2,0
14,799,36,2,0
16,799,1578,3,3
5,800,1567,3,3
7,800,29,2,0
14,800,36,2,0
16,800,1578,3,3
5,801,1567,3,3
7,801,29,2,0
9,801,1571,3,3
14,801,36,2,0
16,801,1578,3,3
5,802,1567,3,3
7,802,29,2,0
9,802,1571,3,3
14,802,36,2,0
16,802,1578,3,3
5,803,1567,3,3
7,803,29,2,0
9,803,1571,3,3
14,803,36,2,0
16,803,1578,3,3
5,804,1567,3,3
7,804,29,2,0
14,804,36,2,0
16,804,1578,3,3
5,805,1567,3,3
7,805,29,2,0
14,805,36,2,0
16,805,1578,3,3
5,806,1567,3,3
14,806,36,2,0
16,806,1578,3,3
16,807,1578,3,3
16,808,1578,3,3
5,809,1567,3,3
16,809,1578,3,3
3,810,1565,3,3
5,810,1567,3,3
16,810,1578,3,3
18,810,40,2,0
3,811,1565,3,3
5,811,1567,3,3
16,811,1578,3,3
18,811,40,2,0
1,812,1563,3,3
3,812,1565,3,3
5,812,1567,3,3
16,812,1578,3,3
18,812,40,2,0
1,813,1563,3,3
3,813,1565,3,3
5,813,1567,3,3
16,813,1578,3,3
18,813,40,2,0
22,814,44,2,0
27,814,5,0,2
38,814,16,0,2
27,815,5,0,2
38,815,16,0,2
27,816,5,0,2
38,816,16,0,2
27,817,5,0,2
38,817,16,0,2
27,818,5,0,2
38,818,16,0,2
27,819,5,0,2
38,819,16,0,2
27,820,5,0,2
28,820,50,3,0
38,820,16,0,2
27,821,5,0,2
28,821,50,3,0
29,821,51,3,0
38,821,16,0,2
27,822,5,0,2
28,822,50,3,0
29,822,51,3,0
38,822,16,0,2
27,823,5,0,2
28,823,50,3,0
29,823,51,3,0
31,823,9,0,2
38,823,16,0,2
27,824,5,0,2
28,824,50,3,0
29,824,51,3,0
31,824,9,0,2
38,824,16,0,2
27,825,5,0,2
28,825,50,3,0
29,825,51,3,0
31,825,9,0,2
38,825,16,0,2
27,826,5,0,2
28,826,50,3,0
29,826,51,3,0
38,826,16,0,2
27,827,5,0,2
28,827,50,3,0
29,827,51,3,0
38,827,16,0,2
27,828,5,0,2
28,828,50,3,0
38,828,16,0,2
38,829,16,0,2
38,830,16,0,2
27,831,5,0,2
38,831,16,0,2
27,832,5,0,2
38,832,16,0,2
27,833,5,0,2
38,833,16,0,2
27,834,5,0,2
38,834,16,0,2
22,835,44,2,0
27,835,5,0,2
38,835,16,0,2
44,836,66,2,0
49,836,27,0,3
60,836,38,0,3
63,836,85,3,0
64,836,42,0,3
49,837,27,0,3
60,837,38,0,3
63,837,85,3,0
49,838,27,0,3
60,838,38,0,3
49,839,27,0,3
60,839,38,0,3
49,840,27,0,3
60,840,38,0,3
49,841,27,0,3
49,842,27,0,3
50,842,72,3,0
60,842,38,0,3
49,843,27,0,3
50,843,72,3,0
51,843,73,3,0
60,843,38,0,3
49,844,27,0,3
50,844,72,3,0
51,844,73,3,0
60,844,38,0,3
49,845,27,0,3
50,845,72,3,0
51,845,73,3,0
53,845,31,0,3
60,845,38,0,3
49,846,27,0,3
50,846,72,3,0
51,846,73,3,0
53,846,31,0,3
55,846,33,0,3
60,846,38,0,3
49,847,27,0,3
50,847,72,3,0
51,847,73,3,0
53,847,31,0,3
55,847,33,0,3
60,847,38,0,3
49,848,27,0,3
50,848,72,3,0
51,848,73,3,0
60,848,38,0,3
49,849,27,0,3
50,849,72,3,0
51,849,73,3,0
60,849,38,0,3
49,850,27,0,3
60,850,38,0,3
60,851,38,0,3
60,852,38,0,3
49,853,27,0,3
60,853,38,0,3
49,854,27,0,3
60,854,38,0,3
49,855,27,0,3
60,855,38,0,3
63,855,85,3,0
49,856,27,0,3
60,856,38,0,3
63,856,85,3,0
64,856,42,0,3
44,857,66,2,0
49,857,27,0,3
60,857,38,0,3
63,857,85,3,0
64,857,42,0,3
66,858,88,2,0
67,858,45,0,3
70,858,48,0,3
71,858,49,0,3
82,858,60,0,3
85,858,107,3,0
86,858,64,0,3
67,859,45,0,3
70,859,48,0,3
71,859,49,0,3
82,859,60,0,3
85,859,107,3,0
70,860,48,0,3
71,860,49,0,3
82,860,60,0,3
70,861,48,0,3
71,861,49,0,3
82,861,60,0,3
70,862,48,0,3
71,862,49,0,3
82,862,60,0,3
71,863,49,0,3
82,863,60,0,3
71,864,49,0,3
72,864,94,3,0
82,864,60,0,3
71,865,49,0,3
72,865,94,3,0
73,865,95,3,0
80,865,58,0,3
82,865,60,0,3
71,866,49,0,3
72,866,94,3,0
73,866,95,3,0
80,866,58,0,3
82,866,60,0,3
71,867,49,0,3
72,867,94,3,0
73,867,95,3,0
75,867,53,0,3
80,867,58,0,3
82,867,60,0,3
71,868,49,0,3
72,868,94,3,0
73,868,95,3,0
75,868,53,0,3
77,868,55,0,3
80,868,58,0,3
82,868,60,0,3
71,869,49,0,3
72,869,94,3,0
73,869,95,3,0
75,869,53,0,3
77,869,55,0,3
80,869,58,0,3
82,869,60,0,3
71,870,49,0,3
72,870,94,3,0
73,870,95,3,0
80,870,58,0,3
82,870,60,0,3
71,871,49,0,3
72,871,94,3,0
73,871,95,3,0
80,871,58,0,3
82,871,60,0,3
71,872,49,0,3
72,872,94,3,0
80,872,58,0,3
82,872,60,0,3
82,873,60,0,3
82,874,60,0,3
70,875,48,0,3
71,875,49,0,3
82,875,60,0,3
70,876,48,0,3
71,876,49,0,3
82,876,60,0,3
70,877,48,0,3
71,877,49,0,3
82,877,60,0,3
85,877,107,3,0
67,878,45,0,3
70,878,48,0,3
71,878,49,0,3
82,878,60,0,3
85,878,107,3,0
86,878,64,0,3
66,879,88,2,0
67,879,45,0,3
70,879,48,0,3
71,879,49,0,3
82,879,60,0,3
85,879,107,3,0
86,879,64,0,3
88,880,110,2,0
89,880,67,0,3
90,880,112,3,0
92,880,70,0,3
93,880,71,0,3
104,880,82,0,3
107,880,129,3,0
108,880,86,0,3
89,881,67,0,3
90,881,112,3,0
92,881,70,0,3
93,881,71,0,3
104,881,82,0,3
107,881,129,3,0
90,882,112,3,0
92,882,70,0,3
93,882,71,0,3
104,882,82,0,3
92,883,70,0,3
93,883,71,0,3
104,883,82,0,3
92,884,70,0,3
93,884,71,0,3
104,884,82,0,3
93,885,71,0,3
93,886,71,0,3
94,886,116,3,0
103,886,81,0,3
104,886,82,0,3
93,887,71,0,3
94,887,116,3,0
102,887,80,0,3
103,887,81,0,3
104,887,82,0,3
93,888,71,0,3
94,888,116,3,0
102,888,80,0,3
103,888,81,0,3
104,888,82,0,3
93,889,71,0,3
94,889,116,3,0
102,889,80,0,3
103,889,81,0,3
104,889,82,0,3
93,890,71,0,3
94,890,116,3,0
98,890,120,3,0
99,890,77,0,3
102,890,80,0,3
103,890,81,0,3
104,890,82,0,3
93,891,71,0,3
94,891,116,3,0
99,891,77,0,3
102,891,80,0,3
103,891,81,0,3
104,891,82,0,3
93,892,71,0,3
94,892,116,3,0
102,892,80,0,3
103,892,81,0,3
104,892,82,0,3
93,893,71,0,3
94,893,116,3,0
102,893,80,0,3
103,893,81,0,3
104,893,82,0,3
93,894,71,0,3
102,894,80,0,3
103,894,81,0,3
104,894,82,0,3
103,895,81,0,3
104,895,82,0,3
104,896,82,0,3
92,897,70,0,3
93,897,71,0,3
104,897,82,0,3
92,898,70,0,3
93,898,71,0,3
104,898,82,0,3
90,899,112,3,0
92,899,70,0,3
93,899,71,0,3
104,899,82,0,3
107,899,129,3,0
89,900,67,0,3
90,900,112,3,0
92,900,70,0,3
93,900,71,0,3
104,900,82,0,3
107,900,129,3,0
108,900,86,0,3
88,901,110,2,0
89,901,67,0,3
90,901,112,3,0
92,901,70,0,3
93,901,71,0,3
104,901,82,0,3
107,901,129,3,0
108,901,86,0,3
110,902,132,2,0
111,902,89,0,3
112,902,134,3,0
114,902,92,0,3
115,902,93,0,3
126,902,104,0,3
128,902,150,3,0
129,902,151,3,0
130,902,108,0,3
111,903,89,0,3
112,903,134,3,0
114,903,92,0,3
115,903,93,0,3
126,903,104,0,3
128,903,150,3,0
129,903,151,3,0
112,904,134,3,0
114,904,92,0,3
115,904,93,0,3
126,904,104,0,3
128,904,150,3,0
114,905,92,0,3
115,905,93,0,3
126,905,104,0,3
114,906,92,0,3
115,906,93,0,3
126,906,104,0,3
115,907,93,0,3
125,907,103,0,3
126,907,104,0,3
115,908,93,0,3
116,908,138,3,0
125,908,103,0,3
126,908,104,0,3
115,909,93,0,3
116,909,138,3,0
117,909,139,3,0
125,909,103,0,3
126,909,104,0,3
115,910,93,0,3
116,910,138,3,0
117,910,139,3,0
118,910,96,0,3
125,910,103,0,3
126,910,104,0,3
115,911,93,0,3
116,911,138,3,0
117,911,139,3,0
118,911,96,0,3
125,911,103,0,3
126,911,104,0,3
115,912,93,0,3
116,912,138,3,0
117,912,139,3,0
118,912,96,0,3
121,912,99,0,3
125,912,103,0,3
126,912,104,0,3
115,913,93,0,3
116,913,138,3,0
117,913,139,3,0
118,913,96,0,3
121,913,99,0,3
125,913,103,0,3
126,913,104,0,3
115,914,93,0,3
116,914,138,3,0
117,914,139,3,0
118,914,96,0,3
125,914,103,0,3
126,914,104,0,3
115,915,93,0,3
116,915,138,3,0
117,915,139,3,0
125,915,103,0,3
126,915,104,0,3
115,916,93,0,3
116,916,138,3,0
125,916,103,0,3
126,916,104,0,3
125,917,103,0,3
126,917,104,0,3
126,918,104,0,3
114,919,92,0,3
115,919,93,0,3
126,919,104,0,3
114,920,92,0,3
115,920,93,0,3
126,920,104,0,3
128,920,150,3,0
112,921,134,3,0
114,921,92,0,3
115,921,93,0,3
126,921,104,0,3
128,921,150,3,0
129,921,151,3,0
111,922,89,0,3
112,922,134,3,0
114,922,92,0,3
115,922,93,0,3
126,922,104,0,3
128,922,150,3,0
129,922,151,3,0
130,922,108,0,3
110,923,132,2,0
111,923,89,0,3
112,923,134,3,0
114,923,92,0,3
115,923,93,0,3
126,923,104,0,3
128,923,150,3,0
129,923,151,3,0
130,923,108,0,3
132,924,154,2,0
133,924,111,0,3
134,924,156,3,0
136,924,114,0,3
137,924,115,0,3
148,924,126,0,3
150,924,172,3,0
151,924,173,3,0
152,924,130,0,3
133,925,111,0,3
134,925,156,3,0
136,925,114,0,3
137,925,115,0,3
148,925,126,0,3
150,925,172,3,0
151,925,173,3,0
134,926,156,3,0
136,926,114,0,3
137,926,115,0,3
148,926,126,0,3
150,926,172,3,0
136,927,114,0,3
137,927,115,0,3
148,927,126,0,3
136,928,114,0,3
137,928,115,0,3
148,928,126,0,3
137,929,115,0,3
137,930,115,0,3
138,930,160,3,0
147,930,125,0,3
148,930,126,0,3
137,931,115,0,3
138,931,160,3,0
139,931,161,3,0
147,931,125,0,3
148,931,126,0,3
137,932,115,0,3
138,932,160,3,0
139,932,161,3,0
140,932,118,0,3
147,932,125,0,3
148,932,126,0,3
137,933,115,0,3
138,933,160,3,0
139,933,161,3,0
140,933,118,0,3
144,933,122,0,3
147,933,125,0,3
148,933,126,0,3
137,934,115,0,3
138,934,160,3,0
139,934,161,3,0
140,934,118,0,3
143,934,121,0,3
144,934,122,0,3
147,934,125,0,3
148,934,126,0,3
137,935,115,0,3
138,935,160,3,0
139,935,161,3,0
140,935,118,0,3
143,935,121,0,3
144,935,122,0,3
147,935,125,0,3
148,935,126,0,3
137,936,115,0,3
138,936,160,3,0
139,936,161,3,0
140,936,118,0,3
144,936,122,0,3
147,936,125,0,3
148,936,126,0,3
137,937,115,0,3
138,937,160,3,0
139,937,161,3,0
147,937,125,0,3
148,937,126,0,3
137,938,115,0,3
147,938,125,0,3
148,938,126,0,3
147,939,125,0,3
148,939,126,0,3
148,940,126,0,3
136,941,114,0,3
137,941,115,0,3
148,941,126,0,3
136,942,114,0,3
137,942,115,0,3
148,942,126,0,3
150,942,172,3,0
134,943,156,3,0
136,943,114,0,3
137,943,115,0,3
148,943,126,0,3
150,943,172,3,0
151,943,173,3,0
133,944,111,0,3
134,944,156,3,0
136,944,114,0,3
137,944,115,0,3
148,944,126,0,3
150,944,172,3,0
151,944,173,3,0
152,944,130,0,3
132,945,154,2,0
133,945,111,0,3
134,945,156,3,0
136,945,114,0,3
137,945,115,0,3
148,945,126,0,3
150,945,172,3,0
151,945,173,3,0
152,945,130,0,3
154,946,176,2,0
156,946,178,3,0
158,946,136,0,3
159,946,137,0,3
170,946,148,0,3
173,946,195,3,0
174,946,152,0,3
156,947,178,3,0
158,947,136,0,3
159,947,137,0,3
170,947,148,0,3
173,947,195,3,0
156,948,178,3,0
158,948,136,0,3
159,948,137,0,3
170,948,148,0,3
158,949,136,0,3
159,949,137,0,3
170,949,148,0,3
158,950,136,0,3
159,950,137,0,3
170,950,148,0,3
159,951,137,0,3
169,951,147,0,3
170,951,148,0,3
159,952,137,0,3
160,952,182,3,0
169,952,147,0,3
170,952,148,0,3
159,953,137,0,3
160,953,182,3,0
161,953,183,3,0
168,953,190,3,0
169,953,147,0,3
170,953,148,0,3
159,954,137,0,3
160,954,182,3,0
161,954,183,3,0
162,954,140,0,3
168,954,190,3,0
169,954,147,0,3
170,954,148,0,3
159,955,137,0,3
160,955,182,3,0
161,955,183,3,0
162,955,140,0,3
168,955,190,3,0
169,955,147,0,3
170,955,148,0,3
159,956,137,0,3
160,956,182,3,0
161,956,183,3,0
162,956,140,0,3
165,956,143,0,3
168,956,190,3,0
169,956,147,0,3
170,956,148,0,3
159,957,137,0,3
160,957,182,3,0
161,957,183,3,0
162,957,140,0,3
165,957,143,0,3
168,957,190,3,0
169,957,147,0,3
170,957,148,0,3
159,958,137,0,3
160,958,182,3,0
161,958,183,3,0
162,958,140,0,3
168,958,190,3,0
169,958,147,0,3
170,958,148,0,3
159,959,137,0,3
160,959,182,3,0
161,959,183,3,0
168,959,190,3,0
169,959,147,0,3
170,959,148,0,3
159,960,137,0,3
160,960,182,3,0
168,960,190,3,0
169,960,147,0,3
170,960,148,0,3
169,961,147,0,3
170,961,148,0,3
170,962,148,0,3
158,963,136,0,3
159,963,137,0,3
170,963,148,0,3
158,964,136,0,3
159,964,137,0,3
170,964,148,0,3
156,965,178,3,0
158,965,136,0,3
159,965,137,0,3
170,965,148,0,3
173,965,195,3,0
156,966,178,3,0
158,966,136,0,3
159,966,137,0,3
170,966,148,0,3
173,966,195,3,0
174,966,152,0,3
154,967,176,2,0
156,967,178,3,0
158,967,136,0,3
159,967,137,0,3
170,967,148,0,3
173,967,195,3,0
174,967,152,0,3
178,968,200,3,0
180,968,158,0,3
181,968,159,0,3
193,968,171,0,3
196,968,174,0,3
178,969,200,3,0
180,969,158,0,3
181,969,159,0,3
193,969,171,0,3
178,970,200,3,0
180,970,158,0,3
181,970,159,0,3
193,970,171,0,3
180,971,158,0,3
181,971,159,0,3
193,971,171,0,3
180,972,158,0,3
181,972,159,0,3
181,973,159,0,3
181,974,159,0,3
182,974,204,3,0
191,974,169,0,3
181,975,159,0,3
182,975,204,3,0
190,975,212,3,0
191,975,169,0,3
181,976,159,0,3
182,976,204,3,0
184,976,162,0,3
190,976,212,3,0
191,976,169,0,3
181,977,159,0,3
182,977,204,3,0
184,977,162,0,3
190,977,212,3,0
191,977,169,0,3
181,978,159,0,3
182,978,204,3,0
184,978,162,0,3
187,978,165,0,3
190,978,212,3,0
191,978,169,0,3
181,979,159,0,3
182,979,204,3,0
184,979,162,0,3
187,979,165,0,3
190,979,212,3,0
191,979,169,0,3
181,980,159,0,3
182,980,204,3,0
184,980,162,0,3
190,980,212,3,0
191,980,169,0,3
181,981,159,0,3
182,981,204,3,0
190,981,212,3,0
191,981,169,0,3
181,982,159,0,3
190,982,212,3,0
191,982,169,0,3
191,983,169,0,3
180,985,158,0,3
181,985,159,0,3
193,985,171,0,3
180,986,158,0,3
181,986,159,0,3
193,986,171,0,3
178,987,200,3,0
180,987,158,0,3
181,987,159,0,3
193,987,171,0,3
178,988,200,3,0
180,988,158,0,3
181,988,159,0,3
193,988,171,0,3
196,988,174,0,3
178,989,200,3,0
180,989,158,0,3
181,989,159,0,3
193,989,171,0,3
196,989,174,0,3
201,990,223,3,0
202,990,180,0,3
215,990,193,0,3
216,990,238,3,0
218,990,196,0,3
201,991,223,3,0
202,991,180,0,3
215,991,193,0,3
216,991,238,3,0
201,992,223,3,0
202,992,180,0,3
215,992,193,0,3
216,992,238,3,0
201,993,223,3,0
202,993,180,0,3
215,993,193,0,3
202,994,180,0,3
213,995,191,0,3
204,996,226,3,0
213,996,191,0,3
204,997,226,3,0
205,997,227,3,0
212,997,234,3,0
213,997,191,0,3
204,998,226,3,0
205,998,227,3,0
206,998,184,0,3
212,998,234,3,0
213,998,191,0,3
204,999,226,3,0
205,999,227,3,0
206,999,184,0,3
212,999,234,3,0
213,999,191,0,3
204,1000,226,3,0
205,1000,227,3,0
206,1000,184,0,3
209,1000,187,0,3
212,1000,234,3,0
213,1000,191,0,3
204,1001,226,3,0
205,1001,227,3,0
206,1001,184,0,3
209,1001,187,0,3
212,1001,234,3,0
213,1001,191,0,3
204,1002,226,3,0
205,1002,227,3,0
206,1002,184,0,3
212,1002,234,3,0
213,1002,191,0,3
204,1003,226,3,0
205,1003,227,3,0
212,1003,234,3,0
213,1003,191,0,3
204,1004,226,3,0
212,1004,234,3,0
213,1004,191,0,3
213,1005,191,0,3
202,1007,180,0,3
215,1007,193,0,3
201,1008,223,3,0
202,1008,180,0,3
215,1008,193,0,3
216,1008,238,3,0
201,1009,223,3,0
202,1009,180,0,3
215,1009,193,0,3
216,1009,238,3,0
201,1010,223,3,0
202,1010,180,0,3
215,1010,193,0,3
216,1010,238,3,0
218,1010,196,0,3
201,1011,223,3,0
202,1011,180,0,3
215,1011,193,0,3
216,1011,238,3,0
218,1011,196,0,3
224,1012,202,0,3
237,1012,215,0,3
238,1012,260,3,0
240,1012,218,0,3
224,1013,202,0,3
237,1013,215,0,3
238,1013,260,3,0
224,1014,202,0,3
237,1014,215,0,3
238,1014,260,3,0
224,1015,202,0,3
237,1015,215,0,3
224,1016,202,0,3
226,1018,248,3,0
226,1019,248,3,0
227,1019,249,3,0
234,1019,256,3,0
226,1020,248,3,0
227,1020,249,3,0
228,1020,206,0,3
234,1020,256,3,0
226,1021,248,3,0
227,1021,249,3,0
228,1021,206,0,3
234,1021,256,3,0
226,1022,248,3,0
227,1022,249,3,0
228,1022,206,0,3
230,1022,208,0,3
231,1022,209,0,3
234,1022,256,3,0
226,1023,248,3,0
227,1023,249,3,0
228,1023,206,0,3
231,1023,209,0,3
234,1023,256,3,0
226,1024,248,3,0
227,1024,249,3,0
228,1024,206,0,3
234,1024,256,3,0
226,1025,248,3,0
227,1025,249,3,0
234,1025,256,3,0
234,1026,256,3,0
224,1029,202,0,3
237,1029,215,0,3
224,1030,202,0,3
237,1030,215,0,3
238,1030,260,3,0
224,1031,202,0,3
237,1031,215,0,3
238,1031,260,3,0
224,1032,202,0,3
237,1032,215,0,3
238,1032,260,3,0
240,1032,218,0,3
224,1033,202,0,3
237,1033,215,0,3
238,1033,260,3,0
240,1033,218,0,3
246,1034,224,0,3
259,1034,237,0,3
260,1034,282,3,0
262,1034,240,0,3
246,1035,224,0,3
259,1035,237,0,3
260,1035,282,3,0
246,1036,224,0,3
259,1036,237,0,3
260,1036,282,3,0
246,1037,224,0,3
259,1037,237,0,3
246,1038,224,0,3
248,1040,270,3,0
248,1041,270,3,0
249,1041,271,3,0
256,1041,278,3,0
248,1042,270,3,0
249,1042,271,3,0
250,1042,228,0,3
256,1042,278,3,0
248,1043,270,3,0
249,1043,271,3,0
250,1043,228,0,3
256,1043,278,3,0
248,1044,270,3,0
249,1044,271,3,0
250,1044,228,0,3
252,1044,230,0,3
253,1044,231,0,3
256,1044,278,3,0
248,1045,270,3,0
249,1045,271,3,0
250,1045,228,0,3
253,1045,231,0,3
256,1045,278,3,0
248,1046,270,3,0
249,1046,271,3,0
250,1046,228,0,3
256,1046,278,3,0
248,1047,270,3,0
249,1047,271,3,0
256,1047,278,3,0
248,1048,270,3,0
256,1048,278,3,0
246,1051,224,0,3
259,1051,237,0,3
246,1052,224,0,3
259,1052,237,0,3
260,1052,282,3,0
246,1053,224,0,3
259,1053,237,0,3
260,1053,282,3,0
246,1054,224,0,3
259,1054,237,0,3
260,1054,282,3,0
262,1054,240,0,3
246,1055,224,0,3
259,1055,237,0,3
260,1055,282,3,0
262,1055,240,0,3
268,1056,246,0,3
281,1056,259,0,3
282,1056,304,3,0
284,1056,262,0,3
268,1057,246,0,3
281,1057,259,0,3
282,1057,304,3,0
268,1058,246,0,3
281,1058,259,0,3
282,1058,304,3,0
268,1059,246,0,3
281,1059,259,0,3
268,1060,246,0,3
270,1062,292,3,0
270,1063,292,3,0
271,1063,293,3,0
270,1064,292,3,0
271,1064,293,3,0
272,1064,250,0,3
277,1064,255,0,3
270,1065,292,3,0
271,1065,293,3,0
272,1065,250,0,3
277,1065,255,0,3
270,1066,292,3,0
271,1066,293,3,0
272,1066,250,0,3
274,1066,252,0,3
275,1066,253,0,3
277,1066,255,0,3
270,1067,292,3,0
271,1067,293,3,0
272,1067,250,0,3
275,1067,253,0,3
277,1067,255,0,3
270,1068,292,3,0
271,1068,293,3,0
272,1068,250,0,3
277,1068,255,0,3
270,1069,292,3,0
271,1069,293,3,0
277,1069,255,0,3
268,1073,246,0,3
281,1073,259,0,3
268,1074,246,0,3
281,1074,259,0,3
282,1074,304,3,0
268,1075,246,0,3
281,1075,259,0,3
282,1075,304,3,0
268,1076,246,0,3
281,1076,259,0,3
282,1076,304,3,0
284,1076,262,0,3
268,1077,246,0,3
281,1077,259,0,3
282,1077,304,3,0
284,1077,262,0,3
290,1078,268,0,3
303,1078,281,0,3
304,1078,326,3,0
306,1078,284,0,3
290,1079,268,0,3
303,1079,281,0,3
304,1079,326,3,0
290,1080,268,0,3
303,1080,281,0,3
304,1080,326,3,0
290,1081,268,0,3
303,1081,281,0,3
290,1082,268,0,3
292,1084,314,3,0
292,1085,314,3,0
293,1085,315,3,0
292,1086,314,3,0
293,1086,315,3,0
294,1086,272,0,3
299,1086,277,0,3
292,1087,314,3,0
293,1087,315,3,0
294,1087,272,0,3
299,1087,277,0,3
292,1088,314,3,0
293,1088,315,3,0
294,1088,272,0,3
297,1088,275,0,3
299,1088,277,0,3
292,1089,314,3,0
293,1089,315,3,0
294,1089,272,0,3
297,1089,275,0,3
299,1089,277,0,3
292,1090,314,3,0
293,1090,315,3,0
294,1090,272,0,3
299,1090,277,0,3
292,1091,314,3,0
293,1091,315,3,0
299,1091,277,0,3
292,1092,314,3,0
290,1095,268,0,3
303,1095,281,0,3
290,1096,268,0,3
303,1096,281,0,3
304,1096,326,3,0
290,1097,268,0,3
303,1097,281,0,3
304,1097,326,3,0
290,1098,268,0,3
303,1098,281,0,3
304,1098,326,3,0
306,1098,284,0,3
290,1099,268,0,3
303,1099,281,0,3
304,1099,326,3,0
306,1099,284,0,3
312,1100,290,0,3
325,1100,303,0,3
312,1101,290,0,3
325,1101,303,0,3
312,1102,290,0,3
325,1102,303,0,3
312,1103,290,0,3
325,1103,303,0,3
312,1104,290,0,3
314,1106,336,3,0
314,1107,336,3,0
315,1107,337,3,0
314,1108,336,3,0
315,1108,337,3,0
316,1108,294,0,3
314,1109,336,3,0
315,1109,337,3,0
316,1109,294,0,3
317,1109,339,3,0
314,1110,336,3,0
315,1110,337,3,0
316,1110,294,0,3
317,1110,339,3,0
319,1110,297,0,3
314,1111,336,3,0
315,1111,337,3,0
316,1111,294,0,3
317,1111,339,3,0
319,1111,297,0,3
314,1112,336,3,0
315,1112,337,3,0
316,1112,294,0,3
314,1113,336,3,0
315,1113,337,3,0
312,1117,290,0,3
325,1117,303,0,3
312,1118,290,0,3
325,1118,303,0,3
312,1119,290,0,3
325,1119,303,0,3
312,1120,290,0,3
325,1120,303,0,3
312,1121,290,0,3
325,1121,303,0,3
333,1122,355,3,0
334,1122,312,0,3
347,1122,325,0,3
333,1123,355,3,0
334,1123,312,0,3
347,1123,325,0,3
333,1124,355,3,0
334,1124,312,0,3
347,1124,325,0,3
333,1125,355,3,0
334,1125,312,0,3
347,1125,325,0,3
334,1126,312,0,3
336,1128,358,3,0
336,1129,358,3,0
336,1130,358,3,0
338,1130,316,0,3
343,1130,321,0,3
336,1131,358,3,0
338,1131,316,0,3
339,1131,361,3,0
343,1131,321,0,3
336,1132,358,3,0
338,1132,316,0,3
339,1132,361,3,0
341,1132,319,0,3
343,1132,321,0,3
336,1133,358,3,0
338,1133,316,0,3
339,1133,361,3,0
341,1133,319,0,3
343,1133,321,0,3
336,1134,358,3,0
338,1134,316,0,3
343,1134,321,0,3
336,1135,358,3,0
343,1135,321,0,3
336,1136,358,3,0
334,1139,312,0,3
347,1139,325,0,3
333,1140,355,3,0
334,1140,312,0,3
347,1140,325,0,3
333,1141,355,3,0
334,1141,312,0,3
347,1141,325,0,3
333,1142,355,3,0
334,1142,312,0,3
347,1142,325,0,3
333,1143,355,3,0
334,1143,312,0,3
347,1143,325,0,3
355,1144,377,3,0
356,1144,334,0,3
357,1144,335,0,3
369,1144,347,0,3
370,1144,348,0,3
355,1145,377,3,0
356,1145,334,0,3
357,1145,335,0,3
369,1145,347,0,3
370,1145,348,0,3
355,1146,377,3,0
356,1146,334,0,3
357,1146,335,0,3
369,1146,347,0,3
370,1146,348,0,3
355,1147,377,3,0
356,1147,334,0,3
357,1147,335,0,3
369,1147,347,0,3
356,1148,334,0,3
357,1148,335,0,3
357,1149,335,0,3
357,1150,335,0,3
358,1150,380,3,0
357,1151,335,0,3
358,1151,380,3,0
357,1152,335,0,3
358,1152,380,3,0
360,1152,338,0,3
365,1152,343,0,3
357,1153,335,0,3
358,1153,380,3,0
360,1153,338,0,3
361,1153,383,3,0
365,1153,343,0,3
357,1154,335,0,3
358,1154,380,3,0
360,1154,338,0,3
361,1154,383,3,0
363,1154,341,0,3
365,1154,343,0,3
357,1155,335,0,3
358,1155,380,3,0
360,1155,338,0,3
361,1155,383,3,0
363,1155,341,0,3
365,1155,343,0,3
357,1156,335,0,3
358,1156,380,3,0
360,1156,338,0,3
365,1156,343,0,3
357,1157,335,0,3
358,1157,380,3,0
365,1157,343,0,3
357,1158,335,0,3
356,1161,334,0,3
357,1161,335,0,3
369,1161,347,0,3
355,1162,377,3,0
356,1162,334,0,3
357,1162,335,0,3
369,1162,347,0,3
370,1162,348,0,3
355,1163,377,3,0
356,1163,334,0,3
357,1163,335,0,3
369,1163,347,0,3
370,1163,348,0,3
355,1164,377,3,0
356,1164,334,0,3
357,1164,335,0,3
369,1164,347,0,3
370,1164,348,0,3
355,1165,377,3,0
356,1165,334,0,3
357,1165,335,0,3
369,1165,347,0,3
370,1165,348,0,3
377,1166,399,3,0
378,1166,356,0,3
379,1166,357,0,3
391,1166,369,0,3
377,1167,399,3,0
378,1167,356,0,3
379,1167,357,0,3
391,1167,369,0,3
377,1168,399,3,0
378,1168,356,0,3
379,1168,357,0,3
391,1168,369,0,3
377,1169,399,3,0
378,1169,356,0,3
379,1169,357,0,3
391,1169,369,0,3
378,1170,356,0,3
379,1170,357,0,3
379,1171,357,0,3
379,1172,357,0,3
380,1172,402,3,0
379,1173,357,0,3
380,1173,402,3,0
379,1174,357,0,3
380,1174,402,3,0
382,1174,360,0,3
379,1175,357,0,3
380,1175,402,3,0
382,1175,360,0,3
383,1175,405,3,0
379,1176,357,0,3
380,1176,402,3,0
382,1176,360,0,3
383,1176,405,3,0
385,1176,363,0,3
379,1177,357,0,3
380,1177,402,3,0
382,1177,360,0,3
383,1177,405,3,0
385,1177,363,0,3
379,1178,357,0,3
380,1178,402,3,0
382,1178,360,0,3
379,1179,357,0,3
380,1179,402,3,0
379,1180,357,0,3
380,1180,402,3,0
378,1183,356,0,3
379,1183,357,0,3
391,1183,369,0,3
377,1184,399,3,0
378,1184,356,0,3
379,1184,357,0,3
391,1184,369,0,3
377,1185,399,3,0
378,1185,356,0,3
379,1185,357,0,3
391,1185,369,0,3
377,1186,399,3,0
378,1186,356,0,3
379,1186,357,0,3
391,1186,369,0,3
377,1187,399,3,0
378,1187,356,0,3
379,1187,357,0,3
391,1187,369,0,3
399,1188,421,3,0
400,1188,378,0,3
401,1188,379,0,3
413,1188,391,0,3
414,1188,392,0,3
399,1189,421,3,0
400,1189,378,0,3
401,1189,379,0,3
413,1189,391,0,3
414,1189,392,0,3
399,1190,421,3,0
400,1190,378,0,3
401,1190,379,0,3
413,1190,391,0,3
414,1190,392,0,3
399,1191,421,3,0
400,1191,378,0,3
401,1191,379,0,3
413,1191,391,0,3
400,1192,378,0,3
401,1192,379,0,3
401,1193,379,0,3
401,1194,379,0,3
402,1194,424,3,0
401,1195,379,0,3
402,1195,424,3,0
401,1196,379,0,3
402,1196,424,3,0
404,1196,382,0,3
409,1196,387,0,3
401,1197,379,0,3
402,1197,424,3,0
404,1197,382,0,3
405,1197,427,3,0
409,1197,387,0,3
401,1198,379,0,3
402,1198,424,3,0
404,1198,382,0,3
405,1198,427,3,0
407,1198,385,0,3
409,1198,387,0,3
401,1199,379,0,3
402,1199,424,3,0
404,1199,382,0,3
405,1199,427,3,0
407,1199,385,0,3
409,1199,387,0,3
401,1200,379,0,3
402,1200,424,3,0
404,1200,382,0,3
409,1200,387,0,3
401,1201,379,0,3
402,1201,424,3,0
409,1201,387,0,3
401,1202,379,0,3
400,1205,378,0,3
401,1205,379,0,3
413,1205,391,0,3
399,1206,421,3,0
400,1206,378,0,3
401,1206,379,0,3
413,1206,391,0,3
414,1206,392,0,3
399,1207,421,3,0
400,1207,378,0,3
401,1207,379,0,3
413,1207,391,0,3
414,1207,392,0,3
399,1208,421,3,0
400,1208,378,0,3
401,1208,379,0,3
413,1208,391,0,3
414,1208,392,0,3
399,1209,421,3,0
400,1209,378,0,3
401,1209,379,0,3
413,1209,391,0,3
414,1209,392,0,3
421,1210,443,3,0
422,1210,400,0,3
423,1210,401,0,3
435,1210,413,0,3
436,1210,414,0,3
421,1211,443,3,0
422,1211,400,0,3
423,1211,401,0,3
435,1211,413,0,3
436,1211,414,0,3
421,1212,443,3,0
422,1212,400,0,3
423,1212,401,0,3
435,1212,413,0,3
436,1212,414,0,3
421,1213,443,3,0
422,1213,400,0,3
423,1213,401,0,3
435,1213,413,0,3
422,1214,400,0,3
423,1214,401,0,3
423,1215,401,0,3
423,1216,401,0,3
424,1216,446,3,0
423,1217,401,0,3
424,1217,446,3,0
423,1218,401,0,3
424,1218,446,3,0
426,1218,404,0,3
431,1218,409,0,3
423,1219,401,0,3
424,1219,446,3,0
426,1219,404,0,3
427,1219,449,3,0
431,1219,409,0,3
423,1220,401,0,3
424,1220,446,3,0
426,1220,404,0,3
427,1220,449,3,0
429,1220,407,0,3
431,1220,409,0,3
423,1221,401,0,3
424,1221,446,3,0
426,1221,404,0,3
427,1221,449,3,0
429,1221,407,0,3
431,1221,409,0,3
423,1222,401,0,3
424,1222,446,3,0
426,1222,404,0,3
431,1222,409,0,3
423,1223,401,0,3
424,1223,446,3,0
431,1223,409,0,3
423,1224,401,0,3
424,1224,446,3,0
422,1227,400,0,3
423,1227,401,0,3
435,1227,413,0,3
421,1228,443,3,0
422,1228,400,0,3
423,1228,401,0,3
435,1228,413,0,3
436,1228,414,0,3
421,1229,443,3,0
422,1229,400,0,3
423,1229,401,0,3
435,1229,413,0,3
436,1229,414,0,3
421,1230,443,3,0
422,1230,400,0,3
423,1230,401,0,3
435,1230,413,0,3
436,1230,414,0,3
421,1231,443,3,0
422,1231,400,0,3
423,1231,401,0,3
435,1231,413,0,3
436,1231,414,0,3
443,1232,465,3,0
444,1232,422,0,3
445,1232,423,0,3
457,1232,435,0,3
458,1232,436,0,3
443,1233,465,3,0
444,1233,422,0,3
445,1233,423,0,3
457,1233,435,0,3
458,1233,436,0,3
443,1234,465,3,0
444,1234,422,0,3
445,1234,423,0,3
457,1234,435,0,3
458,1234,436,0,3
443,1235,465,3,0
444,1235,422,0,3
445,1235,423,0,3
457,1235,435,0,3
444,1236,422,0,3
445,1236,423,0,3
445,1237,423,0,3
445,1238,423,0,3
446,1238,468,3,0
445,1239,423,0,3
446,1239,468,3,0
445,1240,423,0,3
446,1240,468,3,0
448,1240,426,0,3
445,1241,423,0,3
446,1241,468,3,0
448,1241,426,0,3
449,1241,471,3,0
445,1242,423,0,3
446,1242,468,3,0
448,1242,426,0,3
449,1242,471,3,0
451,1242,429,0,3
445,1243,423,0,3
446,1243,468,3,0
448,1243,426,0,3
449,1243,471,3,0
451,1243,429,0,3
445,1244,423,0,3
446,1244,468,3,0
448,1244,426,0,3
445,1245,423,0,3
446,1245,468,3,0
445,1246,423,0,3
444,1249,422,0,3
445,1249,423,0,3
457,1249,435,0,3
443,1250,465,3,0
444,1250,422,0,3
445,1250,423,0,3
457,1250,435,0,3
458,1250,436,0,3
443,1251,465,3,0
444,1251,422,0,3
445,1251,423,0,3
457,1251,435,0,3
458,1251,436,0,3
443,1252,465,3,0
444,1252,422,0,3
445,1252,423,0,3
457,1252,435,0,3
458,1252,436,0,3
443,1253,465,3,0
444,1253,422,0,3
445,1253,423,0,3
457,1253,435,0,3
458,1253,436,0,3
465,1254,487,3,0
466,1254,444,0,3
467,1254,445,0,3
479,1254,457,0,3
480,1254,458,0,3
465,1255,487,3,0
466,1255,444,0,3
467,1255,445,0,3
479,1255,457,0,3
480,1255,458,0,3
465,1256,487,3,0
466,1256,444,0,3
467,1256,445,0,3
479,1256,457,0,3
480,1256,458,0,3
465,1257,487,3,0
466,1257,444,0,3
467,1257,445,0,3
479,1257,457,0,3
466,1258,444,0,3
467,1258,445,0,3
467,1259,445,0,3
467,1260,445,0,3
468,1260,490,3,0
467,1261,445,0,3
468,1261,490,3,0
467,1262,445,0,3
468,1262,490,3,0
470,1262,448,0,3
467,1263,445,0,3
468,1263,490,3,0
470,1263,448,0,3
471,1263,493,3,0
467,1264,445,0,3
468,1264,490,3,0
470,1264,448,0,3
471,1264,493,3,0
473,1264,451,0,3
467,1265,445,0,3
468,1265,490,3,0
470,1265,448,0,3
471,1265,493,3,0
473,1265,451,0,3
467,1266,445,0,3
468,1266,490,3,0
470,1266,448,0,3
467,1267,445,0,3
468,1267,490,3,0
467,1268,445,0,3
468,1268,490,3,0
466,1271,444,0,3
467,1271,445,0,3
479,1271,457,0,3
465,1272,487,3,0
466,1272,444,0,3
467,1272,445,0,3
479,1272,457,0,3
480,1272,458,0,3
465,1273,487,3,0
466,1273,444,0,3
467,1273,445,0,3
479,1273,457,0,3
480,1273,458,0,3
465,1274,487,3,0
466,1274,444,0,3
467,1274,445,0,3
479,1274,457,0,3
480,1274,458,0,3
465,1275,487,3,0
466,1275,444,0,3
467,1275,445,0,3
479,1275,457,0,3
480,1275,458,0,3
487,1276,509,3,0
488,1276,466,0,3
489,1276,467,0,3
501,1276,479,0,3
502,1276,480,0,3
487,1277,509,3,0
488,1277,466,0,3
489,1277,467,0,3
501,1277,479,0,3
502,1277,480,0,3
487,1278,509,3,0
488,1278,466,0,3
489,1278,467,0,3
501,1278,479,0,3
502,1278,480,0,3
487,1279,509,3,0
488,1279,466,0,3
489,1279,467,0,3
501,1279,479,0,3
488,1280,466,0,3
489,1280,467,0,3
489,1281,467,0,3
489,1282,467,0,3
490,1282,512,3,0
489,1283,467,0,3
490,1283,512,3,0
489,1284,467,0,3
490,1284,512,3,0
492,1284,470,0,3
489,1285,467,0,3
490,1285,512,3,0
492,1285,470,0,3
493,1285,515,3,0
489,1286,467,0,3
490,1286,512,3,0
492,1286,470,0,3
493,1286,515,3,0
495,1286,473,0,3
489,1287,467,0,3
490,1287,512,3,0
492,1287,470,0,3
493,1287,515,3,0
495,1287,473,0,3
489,1288,467,0,3
490,1288,512,3,0
492,1288,470,0,3
489,1289,467,0,3
490,1289,512,3,0
489,1290,467,0,3
488,1293,466,0,3
489,1293,467,0,3
501,1293,479,0,3
487,1294,509,3,0
488,1294,466,0,3
489,1294,467,0,3
501,1294,479,0,3
502,1294,480,0,3
487,1295,509,3,0
488,1295,466,0,3
489,1295,467,0,3
501,1295,479,0,3
502,1295,480,0,3
487,1296,509,3,0
488,1296,466,0,3
489,1296,467,0,3
501,1296,479,0,3
502,1296,480,0,3
487,1297,509,3,0
488,1297,466,0,3
489,1297,467,0,3
501,1297,479,0,3
502,1297,480,0,3
509,1298,531,3,0
510,1298,488,0,3
511,1298,489,0,3
523,1298,501,0,3
524,1298,502,0,3
509,1299,531,3,0
510,1299,488,0,3
511,1299,489,0,3
523,1299,501,0,3
524,1299,502,0,3
509,1300,531,3,0
510,1300,488,0,3
511,1300,489,0,3
523,1300,501,0,3
524,1300,502,0,3
509,1301,531,3,0
510,1301,488,0,3
511,1301,489,0,3
523,1301,501,0,3
510,1302,488,0,3
511,1302,489,0,3
511,1303,489,0,3
511,1304,489,0,3
512,1304,534,3,0
511,1305,489,0,3
512,1305,534,3,0
511,1306,489,0,3
512,1306,534,3,0
514,1306,492,0,3
511,1307,489,0,3
512,1307,534,3,0
514,1307,492,0,3
515,1307,537,3,0
511,1308,489,0,3
512,1308,534,3,0
514,1308,492,0,3
515,1308,537,3,0
517,1308,495,0,3
511,1309,489,0,3
512,1309,534,3,0
514,1309,492,0,3
515,1309,537,3,0
517,1309,495,0,3
511,1310,489,0,3
512,1310,534,3,0
514,1310,492,0,3
511,1311,489,0,3
512,1311,534,3,0
511,1312,489,0,3
512,1312,534,3,0
510,1315,488,0,3
511,1315,489,0,3
523,1315,501,0,3
509,1316,531,3,0
510,1316,488,0,3
511,1316,489,0,3
523,1316,501,0,3
524,1316,502,0,3
509,1317,531,3,0
510,1317,488,0,3
511,1317,489,0,3
523,1317,501,0,3
524,1317,502,0,3
509,1318,531,3,0
510,1318,488,0,3
511,1318,489,0,3
523,1318,501,0,3
524,1318,502,0,3
509,1319,531,3,0
510,1319,488,0,3
511,1319,489,0,3
523,1319,501,0,3
524,1319,502,0,3
531,1320,553,3,0
532,1320,510,0,3
545,1320,523,0,3
546,1320,524,0,3
531,1321,553,3,0
532,1321,510,0,3
545,1321,523,0,3
546,1321,524,0,3
531,1322,553,3,0
532,1322,510,0,3
545,1322,523,0,3
546,1322,524,0,3
531,1323,553,3,0
532,1323,510,0,3
545,1323,523,0,3
532,1324,510,0,3
534,1326,556,3,0
534,1327,556,3,0
534,1328,556,3,0
536,1328,514,0,3
534,1329,556,3,0
536,1329,514,0,3
537,1329,559,3,0
534,1330,556,3,0
536,1330,514,0,3
537,1330,559,3,0
539,1330,517,0,3
534,1331,556,3,0
536,1331,514,0,3
537,1331,559,3,0
539,1331,517,0,3
534,1332,556,3,0
536,1332,514,0,3
534,1333,556,3,0
532,1337,510,0,3
545,1337,523,0,3
531,1338,553,3,0
532,1338,510,0,3
545,1338,523,0,3
546,1338,524,0,3
531,1339,553,3,0
532,1339,510,0,3
545,1339,523,0,3
546,1339,524,0,3
531,1340,553,3,0
532,1340,510,0,3
545,1340,523,0,3
546,1340,524,0,3
531,1341,553,3,0
532,1341,510,0,3
545,1341,523,0,3
546,1341,524,0,3
552,1342,574,3,0
553,1342,575,3,0
554,1342,532,0,3
567,1342,545,0,3
568,1342,546,0,3
552,1343,574,3,0
553,1343,575,3,0
554,1343,532,0,3
567,1343,545,0,3
568,1343,546,0,3
552,1344,574,3,0
553,1344,575,3,0
554,1344,532,0,3
567,1344,545,0,3
568,1344,546,0,3
553,1345,575,3,0
554,1345,532,0,3
567,1345,545,0,3
554,1346,532,0,3
556,1348,578,3,0
556,1349,578,3,0
556,1350,578,3,0
558,1350,536,0,3
556,1351,578,3,0
558,1351,536,0,3
559,1351,581,3,0
556,1352,578,3,0
558,1352,536,0,3
559,1352,581,3,0
561,1352,539,0,3
556,1353,578,3,0
558,1353,536,0,3
559,1353,581,3,0
561,1353,539,0,3
556,1354,578,3,0
558,1354,536,0,3
556,1355,578,3,0
556,1356,578,3,0
554,1359,532,0,3
567,1359,545,0,3
553,1360,575,3,0
554,1360,532,0,3
567,1360,545,0,3
568,1360,546,0,3
552,1361,574,3,0
553,1361,575,3,0
554,1361,532,0,3
567,1361,545,0,3
568,1361,546,0,3
552,1362,574,3,0
553,1362,575,3,0
554,1362,532,0,3
567,1362,545,0,3
568,1362,546,0,3
552,1363,574,3,0
553,1363,575,3,0
554,1363,532,0,3
567,1363,545,0,3
568,1363,546,0,3
574,1364,596,3,0
575,1364,597,3,0
576,1364,554,0,3
577,1364,555,0,3
589,1364,567,0,3
590,1364,568,0,3
574,1365,596,3,0
575,1365,597,3,0
576,1365,554,0,3
577,1365,555,0,3
589,1365,567,0,3
590,1365,568,0,3
574,1366,596,3,0
575,1366,597,3,0
576,1366,554,0,3
577,1366,555,0,3
589,1366,567,0,3
590,1366,568,0,3
575,1367,597,3,0
576,1367,554,0,3
577,1367,555,0,3
589,1367,567,0,3
576,1368,554,0,3
577,1368,555,0,3
577,1369,555,0,3
577,1370,555,0,3
578,1370,600,3,0
577,1371,555,0,3
578,1371,600,3,0
577,1372,555,0,3
578,1372,600,3,0
580,1372,558,0,3
585,1372,563,0,3
577,1373,555,0,3
578,1373,600,3,0
580,1373,558,0,3
581,1373,603,3,0
585,1373,563,0,3
577,1374,555,0,3
578,1374,600,3,0
580,1374,558,0,3
581,1374,603,3,0
583,1374,561,0,3
585,1374,563,0,3
577,1375,555,0,3
578,1375,600,3,0
580,1375,558,0,3
581,1375,603,3,0
583,1375,561,0,3
585,1375,563,0,3
577,1376,555,0,3
578,1376,600,3,0
580,1376,558,0,3
585,1376,563,0,3
577,1377,555,0,3
578,1377,600,3,0
585,1377,563,0,3
577,1378,555,0,3
576,1381,554,0,3
577,1381,555,0,3
589,1381,567,0,3
575,1382,597,3,0
576,1382,554,0,3
577,1382,555,0,3
589,1382,567,0,3
590,1382,568,0,3
574,1383,596,3,0
575,1383,597,3,0
576,1383,554,0,3
577,1383,555,0,3
589,1383,567,0,3
590,1383,568,0,3
574,1384,596,3,0
575,1384,597,3,0
576,1384,554,0,3
577,1384,555,0,3
589,1384,567,0,3
590,1384,568,0,3
574,1385,596,3,0
575,1385,597,3,0
576,1385,554,0,3
577,1385,555,0,3
589,1385,567,0,3
590,1385,568,0,3
595,1386,617,3,0
596,1386,618,3,0
597,1386,619,3,0
598,1386,576,0,3
599,1386,577,0,3
611,1386,589,0,3
612,1386,590,0,3
595,1387,617,3,0
596,1387,618,3,0
597,1387,619,3,0
598,1387,576,0,3
599,1387,577,0,3
611,1387,589,0,3
612,1387,590,0,3
596,1388,618,3,0
597,1388,619,3,0
598,1388,576,0,3
599,1388,577,0,3
611,1388,589,0,3
612,1388,590,0,3
597,1389,619,3,0
598,1389,576,0,3
599,1389,577,0,3
611,1389,589,0,3
598,1390,576,0,3
599,1390,577,0,3
599,1391,577,0,3
599,1392,577,0,3
600,1392,622,3,0
599,1393,577,0,3
600,1393,622,3,0
599,1394,577,0,3
600,1394,622,3,0
602,1394,580,0,3
607,1394,585,0,3
599,1395,577,0,3
600,1395,622,3,0
602,1395,580,0,3
603,1395,625,3,0
607,1395,585,0,3
599,1396,577,0,3
600,1396,622,3,0
602,1396,580,0,3
603,1396,625,3,0
605,1396,583,0,3
607,1396,585,0,3
599,1397,577,0,3
600,1397,622,3,0
602,1397,580,0,3
603,1397,625,3,0
605,1397,583,0,3
607,1397,585,0,3
599,1398,577,0,3
600,1398,622,3,0
602,1398,580,0,3
607,1398,585,0,3
599,1399,577,0,3
600,1399,622,3,0
607,1399,585,0,3
599,1400,577,0,3
600,1400,622,3,0
598,1403,576,0,3
599,1403,577,0,3
611,1403,589,0,3
597,1404,619,3,0
598,1404,576,0,3
599,1404,577,0,3
611,1404,589,0,3
612,1404,590,0,3
596,1405,618,3,0
597,1405,619,3,0
598,1405,576,0,3
599,1405,577,0,3
611,1405,589,0,3
612,1405,590,0,3
595,1406,617,3,0
596,1406,618,3,0
597,1406,619,3,0
598,1406,576,0,3
599,1406,577,0,3
611,1406,589,0,3
612,1406,590,0,3
595,1407,617,3,0
596,1407,618,3,0
597,1407,619,3,0
598,1407,576,0,3
599,1407,577,0,3
611,1407,589,0,3
612,1407,590,0,3
617,1408,639,3,0
618,1408,640,3,0
619,1408,641,3,0
620,1408,598,0,3
621,1408,599,0,3
633,1408,611,0,3
634,1408,612,0,3
617,1409,639,3,0
618,1409,640,3,0
619,1409,641,3,0
620,1409,598,0,3
621,1409,599,0,3
633,1409,611,0,3
634,1409,612,0,3
618,1410,640,3,0
619,1410,641,3,0
620,1410,598,0,3
621,1410,599,0,3
633,1410,611,0,3
634,1410,612,0,3
619,1411,641,3,0
620,1411,598,0,3
621,1411,599,0,3
633,1411,611,0,3
620,1412,598,0,3
621,1412,599,0,3
621,1413,599,0,3
621,1414,599,0,3
622,1414,644,3,0
621,1415,599,0,3
622,1415,644,3,0
621,1416,599,0,3
622,1416,644,3,0
624,1416,602,0,3
629,1416,607,0,3
621,1417,599,0,3
622,1417,644,3,0
624,1417,602,0,3
625,1417,647,3,0
629,1417,607,0,3
621,1418,599,0,3
622,1418,644,3,0
624,1418,602,0,3
625,1418,647,3,0
629,1418,607,0,3
621,1419,599,0,3
622,1419,644,3,0
624,1419,602,0,3
625,1419,647,3,0
629,1419,607,0,3
621,1420,599,0,3
622,1420,644,3,0
624,1420,602,0,3
629,1420,607,0,3
621,1421,599,0,3
622,1421,644,3,0
629,1421,607,0,3
621,1422,599,0,3
620,1425,598,0,3
621,1425,599,0,3
633,1425,611,0,3
619,1426,641,3,0
620,1426,598,0,3
621,1426,599,0,3
633,1426,611,0,3
634,1426,612,0,3
618,1427,640,3,0
619,1427,641,3,0
620,1427,598,0,3
621,1427,599,0,3
633,1427,611,0,3
634,1427,612,0,3
617,1428,639,3,0
618,1428,640,3,0
619,1428,641,3,0
620,1428,598,0,3
621,1428,599,0,3
633,1428,611,0,3
634,1428,612,0,3
617,1429,639,3,0
618,1429,640,3,0
619,1429,641,3,0
620,1429,598,0,3
621,1429,599,0,3
633,1429,611,0,3
634,1429,612,0,3
639,1430,661,3,0
640,1430,662,3,0
641,1430,663,3,0
642,1430,620,0,3
643,1430,621,0,3
655,1430,633,0,3
656,1430,634,0,3
639,1431,661,3,0
640,1431,662,3,0
641,1431,663,3,0
642,1431,620,0,3
643,1431,621,0,3
655,1431,633,0,3
656,1431,634,0,3
640,1432,662,3,0
641,1432,663,3,0
642,1432,620,0,3
643,1432,621,0,3
655,1432,633,0,3
656,1432,634,0,3
641,1433,663,3,0
642,1433,620,0,3
643,1433,621,0,3
655,1433,633,0,3
642,1434,620,0,3
643,1434,621,0,3
643,1435,621,0,3
643,1436,621,0,3
644,1436,666,3,0
643,1437,621,0,3
644,1437,666,3,0
643,1438,621,0,3
644,1438,666,3,0
646,1438,624,0,3
651,1438,629,0,3
643,1439,621,0,3
644,1439,666,3,0
646,1439,624,0,3
647,1439,669,3,0
651,1439,629,0,3
643,1440,621,0,3
644,1440,666,3,0
646,1440,624,0,3
647,1440,669,3,0
649,1440,627,0,3
651,1440,629,0,3
643,1441,621,0,3
644,1441,666,3,0
646,1441,624,0,3
647,1441,669,3,0
649,1441,627,0,3
651,1441,629,0,3
643,1442,621,0,3
644,1442,666,3,0
646,1442,624,0,3
651,1442,629,0,3
643,1443,621,0,3
644,1443,666,3,0
651,1443,629,0,3
643,1444,621,0,3
644,1444,666,3,0
642,1447,620,0,3
643,1447,621,0,3
655,1447,633,0,3
641,1448,663,3,0
642,1448,620,0,3
643,1448,621,0,3
655,1448,633,0,3
656,1448,634,0,3
640,1449,662,3,0
641,1449,663,3,0
642,1449,620,0,3
643,1449,621,0,3
655,1449,633,0,3
656,1449,634,0,3
639,1450,661,3,0
640,1450,662,3,0
641,1450,663,3,0
642,1450,620,0,3
643,1450,621,0,3
655,1450,633,0,3
656,1450,634,0,3
639,1451,661,3,0
640,1451,662,3,0
641,1451,663,3,0
642,1451,620,0,3
643,1451,621,0,3
655,1451,633,0,3
656,1451,634,0,3
661,1452,683,3,0
662,1452,684,3,0
663,1452,685,3,0
664,1452,642,0,3
665,1452,643,0,3
677,1452,655,0,3
678,1452,656,0,3
680,1452,658,0,3
661,1453,683,3,0
662,1453,684,3,0
663,1453,685,3,0
664,1453,642,0,3
665,1453,643,0,3
677,1453,655,0,3
678,1453,656,0,3
662,1454,684,3,0
663,1454,685,3,0
664,1454,642,0,3
665,1454,643,0,3
677,1454,655,0,3
678,1454,656,0,3
663,1455,685,3,0
664,1455,642,0,3
665,1455,643,0,3
677,1455,655,0,3
664,1456,642,0,3
665,1456,643,0,3
665,1457,643,0,3
665,1458,643,0,3
666,1458,688,3,0
665,1459,643,0,3
666,1459,688,3,0
674,1459,652,0,3
665,1460,643,0,3
666,1460,688,3,0
673,1460,651,0,3
674,1460,652,0,3
665,1461,643,0,3
666,1461,688,3,0
669,1461,691,3,0
673,1461,651,0,3
674,1461,652,0,3
665,1462,643,0,3
666,1462,688,3,0
669,1462,691,3,0
673,1462,651,0,3
674,1462,652,0,3
665,1463,643,0,3
666,1463,688,3,0
669,1463,691,3,0
673,1463,651,0,3
674,1463,652,0,3
665,1464,643,0,3
666,1464,688,3,0
673,1464,651,0,3
674,1464,652,0,3
665,1465,643,0,3
666,1465,688,3,0
673,1465,651,0,3
674,1465,652,0,3
665,1466,643,0,3
674,1466,652,0,3
664,1469,642,0,3
665,1469,643,0,3
677,1469,655,0,3
663,1470,685,3,0
664,1470,642,0,3
665,1470,643,0,3
677,1470,655,0,3
678,1470,656,0,3
662,1471,684,3,0
663,1471,685,3,0
664,1471,642,0,3
665,1471,643,0,3
677,1471,655,0,3
678,1471,656,0,3
661,1472,683,3,0
662,1472,684,3,0
663,1472,685,3,0
664,1472,642,0,3
665,1472,643,0,3
677,1472,655,0,3
678,1472,656,0,3
680,1472,658,0,3
661,1473,683,3,0
662,1473,684,3,0
663,1473,685,3,0
664,1473,642,0,3
665,1473,643,0,3
677,1473,655,0,3
678,1473,656,0,3
680,1473,658,0,3
683,1474,705,3,0
684,1474,706,3,0
685,1474,707,3,0
686,1474,664,0,3
699,1474,677,0,3
700,1474,678,0,3
702,1474,680,0,3
683,1475,705,3,0
684,1475,706,3,0
685,1475,707,3,0
686,1475,664,0,3
699,1475,677,0,3
700,1475,678,0,3
684,1476,706,3,0
685,1476,707,3,0
686,1476,664,0,3
699,1476,677,0,3
700,1476,678,0,3
685,1477,707,3,0
686,1477,664,0,3
699,1477,677,0,3
686,1478,664,0,3
688,1480,710,3,0
688,1481,710,3,0
696,1481,674,0,3
688,1482,710,3,0
695,1482,673,0,3
696,1482,674,0,3
688,1483,710,3,0
691,1483,713,3,0
695,1483,673,0,3
696,1483,674,0,3
688,1484,710,3,0
691,1484,713,3,0
695,1484,673,0,3
696,1484,674,0,3
688,1485,710,3,0
691,1485,713,3,0
695,1485,673,0,3
696,1485,674,0,3
688,1486,710,3,0
695,1486,673,0,3
696,1486,674,0,3
688,1487,710,3,0
695,1487,673,0,3
696,1487,674,0,3
688,1488,710,3,0
696,1488,674,0,3
686,1491,664,0,3
699,1491,677,0,3
685,1492,707,3,0
686,1492,664,0,3
699,1492,677,0,3
700,1492,678,0,3
684,1493,706,3,0
685,1493,707,3,0
686,1493,664,0,3
699,1493,677,0,3
700,1493,678,0,3
683,1494,705,3,0
684,1494,706,3,0
685,1494,707,3,0
686,1494,664,0,3
699,1494,677,0,3
700,1494,678,0,3
702,1494,680,0,3
683,1495,705,3,0
684,1495,706,3,0
685,1495,707,3,0
686,1495,664,0,3
699,1495,677,0,3
700,1495,678,0,3
702,1495,680,0,3
705,1496,727,3,0
706,1496,728,3,0
707,1496,729,3,0
708,1496,686,0,3
721,1496,699,0,3
722,1496,700,0,3
724,1496,702,0,3
705,1497,727,3,0
706,1497,728,3,0
707,1497,729,3,0
708,1497,686,0,3
721,1497,699,0,3
722,1497,700,0,3
706,1498,728,3,0
707,1498,729,3,0
708,1498,686,0,3
721,1498,699,0,3
722,1498,700,0,3
707,1499,729,3,0
708,1499,686,0,3
721,1499,699,0,3
708,1500,686,0,3
710,1502,732,3,0
710,1503,732,3,0
718,1503,696,0,3
710,1504,732,3,0
718,1504,696,0,3
710,1505,732,3,0
713,1505,735,3,0
718,1505,696,0,3
710,1506,732,3,0
713,1506,735,3,0
715,1506,693,0,3
718,1506,696,0,3
710,1507,732,3,0
713,1507,735,3,0
715,1507,693,0,3
718,1507,696,0,3
710,1508,732,3,0
718,1508,696,0,3
710,1509,732,3,0
718,1509,696,0,3
718,1510,696,0,3
708,1513,686,0,3
721,1513,699,0,3
707,1514,729,3,0
708,1514,686,0,3
721,1514,699,0,3
722,1514,700,0,3
706,1515,728,3,0
707,1515,729,3,0
708,1515,686,0,3
721,1515,699,0,3
722,1515,700,0,3
705,1516,727,3,0
706,1516,728,3,0
707,1516,729,3,0
708,1516,686,0,3
721,1516,699,0,3
722,1516,700,0,3
724,1516,702,0,3
705,1517,727,3,0
706,1517,728,3,0
707,1517,729,3,0
708,1517,686,0,3
721,1517,699,0,3
722,1517,700,0,3
724,1517,702,0,3
725,1517,703,0,3
727,1518,749,3,0
728,1518,750,3,0
729,1518,751,3,0
727,1519,749,3,0
728,1519,750,3,0
729,1519,751,3,0
728,1520,750,3,0
729,1520,751,3,0
729,1521,751,3,0
737,1528,715,0,3
737,1529,715,0,3
729,1536,751,3,0
728,1537,750,3,0
729,1537,751,3,0
727,1538,749,3,0
728,1538,750,3,0
729,1538,751,3,0
727,1539,749,3,0
728,1539,750,3,0
729,1539,751,3,0
748,1540,770,2,0
749,1540,771,3,0
751,1540,773,3,0
767,1540,745,0,3
749,1541,771,3,0
751,1541,773,3,0
767,1541,745,0,3
751,1542,773,3,0
751,1543,773,3,0
755,1547,733,0,3
755,1548,733,0,3
756,1548,778,3,0
755,1549,733,0,3
756,1549,778,3,0
755,1550,733,0,3
756,1550,778,3,0
758,1550,736,0,3
755,1551,733,0,3
756,1551,778,3,0
755,1552,733,0,3
756,1552,778,3,0
755,1553,733,0,3
751,1558,773,3,0
751,1559,773,3,0
767,1559,745,0,3
749,1560,771,3,0
751,1560,773,3,0
767,1560,745,0,3
748,1561,770,2,0
749,1561,771,3,0
751,1561,773,3,0
767,1561,745,0,3
771,1562,793,3,0
773,1562,795,3,0
774,1562,752,0,3
786,1562,808,3,0
788,1562,766,0,3
771,1563,793,3,0
773,1563,795,3,0
774,1563,752,0,3
786,1563,808,3,0
788,1563,766,0,3
773,1564,795,3,0
774,1564,752,0,3
786,1564,808,3,0
788,1564,766,0,3
773,1565,795,3,0
774,1565,752,0,3
786,1565,808,3,0
774,1566,752,0,3
786,1566,808,3,0
786,1567,808,3,0
786,1568,808,3,0
777,1569,755,0,3
784,1569,762,0,3
786,1569,808,3,0
777,1570,755,0,3
784,1570,762,0,3
786,1570,808,3,0
777,1571,755,0,3
779,1571,801,3,0
784,1571,762,0,3
786,1571,808,3,0
777,1572,755,0,3
779,1572,801,3,0
784,1572,762,0,3
786,1572,808,3,0
777,1573,755,0,3
779,1573,801,3,0
784,1573,762,0,3
786,1573,808,3,0
777,1574,755,0,3
784,1574,762,0,3
786,1574,808,3,0
777,1575,755,0,3
784,1575,762,0,3
786,1575,808,3,0
784,1576,762,0,3
786,1576,808,3,0
786,1577,808,3,0
786,1578,808,3,0
774,1579,752,0,3
786,1579,808,3,0
773,1580,795,3,0
774,1580,752,0,3
786,1580,808,3,0
788,1580,766,0,3
773,1581,795,3,0
774,1581,752,0,3
786,1581,808,3,0
788,1581,766,0,3
771,1582,793,3,0
773,1582,795,3,0
774,1582,752,0,3
786,1582,808,3,0
788,1582,766,0,3
771,1583,793,3,0
773,1583,795,3,0
774,1583,752,0,3
786,1583,808,3,0
788,1583,766,0,3
1125,1584,1103,0,3
1126,1584,1148,3,0
1139,1584,1161,3,0
1060,1585,1082,3,0
115,1586,93,0,3
116,1586,138,3,0
117,1586,139,3,0
118,1586,96,0,3
125,1586,103,0,3
126,1586,104,0,3
511,1587,489,0,3
512,1587,534,3,0
514,1587,492,0,3
515,1587,537,3,0
517,1587,495,0,3
336,1588,358,3,0
181,1590,159,0,3
182,1590,204,3,0
191,1590,169,0,3
1104,1591,1126,3,0
1117,1591,1139,3,0
1191,1592,1169,0,3
1192,1592,1214,3,0
1193,1592,1215,3,0
1205,1592,1227,3,0
1206,1592,1228,3,0
314,1593,336,3,0
315,1593,337,3,0
316,1593,294,0,3
317,1593,339,3,0
319,1593,297,0,3
924,1594,902,0,2
925,1594,947,3,0
926,1594,904,0,3
928,1594,950,3,0
929,1594,951,3,0
940,1594,962,3,0
942,1594,920,0,3
943,1594,921,0,3
944,1594,966,3,0
49,1595,27,0,3
50,1595,72,3,0
51,1595,73,3,0
53,1595,31,0,3
55,1595,33,0,3
60,1595,38,0,3
