792,0,770,0,2
793,0,815,3,0
794,0,772,0,3
795,0,773,0,3
808,0,830,3,0
809,0,787,0,3
810,0,788,0,3
812,0,790,0,3
813,0,791,0,3
793,1,815,3,0
794,1,772,0,3
795,1,773,0,3
808,1,830,3,0
809,1,787,0,3
810,1,788,0,3
812,1,790,0,3
794,2,772,0,3
795,2,773,0,3
808,2,830,3,0
809,2,787,0,3
810,2,788,0,3
795,3,773,0,3
808,3,830,3,0
809,3,787,0,3
810,3,788,0,3
808,4,830,3,0
809,4,787,0,3
808,5,830,3,0
808,6,830,3,0
799,7,821,3,0
808,7,830,3,0
799,8,821,3,0
808,8,830,3,0
799,9,821,3,0
808,9,830,3,0
799,10,821,3,0
808,10,830,3,0
799,11,821,3,0
803,11,825,3,0
808,11,830,3,0
799,12,821,3,0
808,12,830,3,0
799,13,821,3,0
808,13,830,3,0
799,14,821,3,0
808,14,830,3,0
808,15,830,3,0
808,16,830,3,0
808,17,830,3,0
809,17,787,0,3
808,18,830,3,0
809,18,787,0,3
810,18,788,0,3
795,19,773,0,3
808,19,830,3,0
809,19,787,0,3
810,19,788,0,3
794,20,772,0,3
795,20,773,0,3
808,20,830,3,0
809,20,787,0,3
810,20,788,0,3
812,20,790,0,3
793,21,815,3,0
794,21,772,0,3
795,21,773,0,3
808,21,830,3,0
809,21,787,0,3
810,21,788,0,3
812,21,790,0,3
813,21,791,0,3
814,22,792,0,2
815,22,837,3,0
816,22,794,0,3
817,22,795,0,3
830,22,852,3,0
831,22,809,0,3
832,22,810,0,3
834,22,812,0,3
835,22,813,0,3
815,23,837,3,0
816,23,794,0,3
817,23,795,0,3
830,23,852,3,0
831,23,809,0,3
832,23,810,0,3
834,23,812,0,3
816,24,794,0,3
817,24,795,0,3
830,24,852,3,0
831,24,809,0,3
832,24,810,0,3
817,25,795,0,3
830,25,852,3,0
831,25,809,0,3
832,25,810,0,3
830,26,852,3,0
831,26,809,0,3
830,27,852,3,0
820,28,842,3,0
830,28,852,3,0
820,29,842,3,0
821,29,843,3,0
830,29,852,3,0
820,30,842,3,0
821,30,843,3,0
830,30,852,3,0
820,31,842,3,0
821,31,843,3,0
830,31,852,3,0
820,32,842,3,0
821,32,843,3,0
824,32,802,0,3
830,32,852,3,0
820,33,842,3,0
821,33,843,3,0
824,33,802,0,3
825,33,847,3,0
830,33,852,3,0
820,34,842,3,0
821,34,843,3,0
830,34,852,3,0
820,35,842,3,0
821,35,843,3,0
830,35,852,3,0
820,36,842,3,0
821,36,843,3,0
830,36,852,3,0
820,37,842,3,0
830,37,852,3,0
830,38,852,3,0
830,39,852,3,0
831,39,809,0,3
830,40,852,3,0
831,40,809,0,3
832,40,810,0,3
817,41,795,0,3
830,41,852,3,0
831,41,809,0,3
832,41,810,0,3
816,42,794,0,3
817,42,795,0,3
830,42,852,3,0
831,42,809,0,3
832,42,810,0,3
834,42,812,0,3
815,43,837,3,0
816,43,794,0,3
817,43,795,0,3
830,43,852,3,0
831,43,809,0,3
832,43,810,0,3
834,43,812,0,3
835,43,813,0,3
836,44,814,0,2
837,44,859,3,0
838,44,816,0,3
839,44,817,0,3
852,44,874,3,0
853,44,831,0,3
856,44,834,0,3
857,44,835,0,3
837,45,859,3,0
838,45,816,0,3
839,45,817,0,3
852,45,874,3,0
853,45,831,0,3
856,45,834,0,3
838,46,816,0,3
839,46,817,0,3
852,46,874,3,0
853,46,831,0,3
839,47,817,0,3
852,47,874,3,0
853,47,831,0,3
852,48,874,3,0
853,48,831,0,3
852,49,874,3,0
842,50,864,3,0
852,50,874,3,0
842,51,864,3,0
843,51,865,3,0
852,51,874,3,0
842,52,864,3,0
843,52,865,3,0
852,52,874,3,0
842,53,864,3,0
843,53,865,3,0
852,53,874,3,0
842,54,864,3,0
843,54,865,3,0
852,54,874,3,0
842,55,864,3,0
843,55,865,3,0
847,55,869,3,0
852,55,874,3,0
842,56,864,3,0
843,56,865,3,0
852,56,874,3,0
842,57,864,3,0
843,57,865,3,0
852,57,874,3,0
842,58,864,3,0
843,58,865,3,0
852,58,874,3,0
842,59,864,3,0
852,59,874,3,0
852,60,874,3,0
852,61,874,3,0
853,61,831,0,3
852,62,874,3,0
853,62,831,0,3
839,63,817,0,3
852,63,874,3,0
853,63,831,0,3
838,64,816,0,3
839,64,817,0,3
852,64,874,3,0
853,64,831,0,3
856,64,834,0,3
837,65,859,3,0
838,65,816,0,3
839,65,817,0,3
852,65,874,3,0
853,65,831,0,3
856,65,834,0,3
857,65,835,0,3
858,66,836,0,2
859,66,881,3,0
862,66,884,3,0
874,66,896,3,0
875,66,853,0,3
878,66,856,0,3
859,67,881,3,0
862,67,884,3,0
874,67,896,3,0
875,67,853,0,3
878,67,856,0,3
862,68,884,3,0
874,68,896,3,0
875,68,853,0,3
862,69,884,3,0
874,69,896,3,0
875,69,853,0,3
862,70,884,3,0
874,70,896,3,0
875,70,853,0,3
874,71,896,3,0
864,72,886,3,0
874,72,896,3,0
864,73,886,3,0
865,73,887,3,0
874,73,896,3,0
864,74,886,3,0
865,74,887,3,0
874,74,896,3,0
864,75,886,3,0
865,75,887,3,0
874,75,896,3,0
864,76,886,3,0
865,76,887,3,0
874,76,896,3,0
864,77,886,3,0
865,77,887,3,0
869,77,891,3,0
874,77,896,3,0
864,78,886,3,0
865,78,887,3,0
874,78,896,3,0
864,79,886,3,0
865,79,887,3,0
874,79,896,3,0
864,80,886,3,0
865,80,887,3,0
874,80,896,3,0
864,81,886,3,0
874,81,896,3,0
874,82,896,3,0
874,83,896,3,0
875,83,853,0,3
862,84,884,3,0
874,84,896,3,0
875,84,853,0,3
862,85,884,3,0
874,85,896,3,0
875,85,853,0,3
862,86,884,3,0
874,86,896,3,0
875,86,853,0,3
878,86,856,0,3
859,87,881,3,0
862,87,884,3,0
874,87,896,3,0
875,87,853,0,3
878,87,856,0,3
880,88,858,0,2
881,88,903,3,0
884,88,906,3,0
896,88,918,3,0
897,88,875,0,3
900,88,878,0,3
881,89,903,3,0
884,89,906,3,0
896,89,918,3,0
897,89,875,0,3
900,89,878,0,3
884,90,906,3,0
896,90,918,3,0
897,90,875,0,3
884,91,906,3,0
896,91,918,3,0
897,91,875,0,3
884,92,906,3,0
896,92,918,3,0
897,92,875,0,3
896,93,918,3,0
886,94,908,3,0
896,94,918,3,0
886,95,908,3,0
887,95,909,3,0
896,95,918,3,0
886,96,908,3,0
887,96,909,3,0
896,96,918,3,0
886,97,908,3,0
887,97,909,3,0
896,97,918,3,0
886,98,908,3,0
887,98,909,3,0
896,98,918,3,0
886,99,908,3,0
887,99,909,3,0
896,99,918,3,0
886,100,908,3,0
887,100,909,3,0
896,100,918,3,0
886,101,908,3,0
887,101,909,3,0
896,101,918,3,0
886,102,908,3,0
887,102,909,3,0
896,102,918,3,0
886,103,908,3,0
896,103,918,3,0
896,104,918,3,0
896,105,918,3,0
897,105,875,0,3
884,106,906,3,0
896,106,918,3,0
897,106,875,0,3
884,107,906,3,0
896,107,918,3,0
897,107,875,0,3
884,108,906,3,0
896,108,918,3,0
897,108,875,0,3
900,108,878,0,3
881,109,903,3,0
884,109,906,3,0
896,109,918,3,0
897,109,875,0,3
900,109,878,0,3
902,110,880,0,2
903,110,925,3,0
906,110,928,3,0
918,110,940,3,0
922,110,900,0,3
903,111,925,3,0
906,111,928,3,0
918,111,940,3,0
922,111,900,0,3
906,112,928,3,0
918,112,940,3,0
906,113,928,3,0
918,113,940,3,0
906,114,928,3,0
918,114,940,3,0
918,115,940,3,0
908,116,886,0,3
918,116,940,3,0
908,117,886,0,3
909,117,931,3,0
917,117,939,3,0
918,117,940,3,0
908,118,886,0,3
909,118,931,3,0
917,118,939,3,0
918,118,940,3,0
908,119,886,0,3
909,119,931,3,0
917,119,939,3,0
918,119,940,3,0
908,120,886,0,3
909,120,931,3,0
917,120,939,3,0
918,120,940,3,0
908,121,886,0,3
909,121,931,3,0
917,121,939,3,0
918,121,940,3,0
908,122,886,0,3
909,122,931,3,0
917,122,939,3,0
918,122,940,3,0
908,123,886,0,3
909,123,931,3,0
917,123,939,3,0
918,123,940,3,0
908,124,886,0,3
909,124,931,3,0
917,124,939,3,0
918,124,940,3,0
908,125,886,0,3
917,125,939,3,0
918,125,940,3,0
918,126,940,3,0
918,127,940,3,0
906,128,928,3,0
918,128,940,3,0
906,129,928,3,0
918,129,940,3,0
906,130,928,3,0
918,130,940,3,0
922,130,900,0,3
903,131,925,3,0
906,131,928,3,0
918,131,940,3,0
922,131,900,0,3
924,132,902,0,2
925,132,947,3,0
927,132,949,3,0
928,132,950,3,0
940,132,962,3,0
943,132,965,3,0
944,132,922,0,3
925,133,947,3,0
927,133,949,3,0
928,133,950,3,0
940,133,962,3,0
943,133,965,3,0
944,133,922,0,3
927,134,949,3,0
928,134,950,3,0
940,134,962,3,0
943,134,965,3,0
927,135,949,3,0
928,135,950,3,0
940,135,962,3,0
928,136,950,3,0
940,136,962,3,0
940,137,962,3,0
930,138,908,0,3
940,138,962,3,0
930,139,908,0,3
931,139,953,3,0
939,139,961,3,0
940,139,962,3,0
930,140,908,0,3
931,140,953,3,0
939,140,961,3,0
940,140,962,3,0
930,141,908,0,3
931,141,953,3,0
939,141,961,3,0
940,141,962,3,0
930,142,908,0,3
931,142,953,3,0
939,142,961,3,0
940,142,962,3,0
930,143,908,0,3
931,143,953,3,0
939,143,961,3,0
940,143,962,3,0
930,144,908,0,3
931,144,953,3,0
939,144,961,3,0
940,144,962,3,0
930,145,908,0,3
931,145,953,3,0
939,145,961,3,0
940,145,962,3,0
930,146,908,0,3
931,146,953,3,0
939,146,961,3,0
940,146,962,3,0
930,147,908,0,3
939,147,961,3,0
940,147,962,3,0
940,148,962,3,0
940,149,962,3,0
928,150,950,3,0
940,150,962,3,0
927,151,949,3,0
928,151,950,3,0
940,151,962,3,0
943,151,965,3,0
927,152,949,3,0
928,152,950,3,0
940,152,962,3,0
943,152,965,3,0
944,152,922,0,3
925,153,947,3,0
927,153,949,3,0
928,153,950,3,0
940,153,962,3,0
943,153,965,3,0
944,153,922,0,3
947,154,969,3,0
949,154,971,3,0
962,154,984,3,0
964,154,942,0,3
966,154,944,0,3
967,154,945,0,3
947,155,969,3,0
949,155,971,3,0
962,155,984,3,0
964,155,942,0,3
966,155,944,0,3
949,156,971,3,0
962,156,984,3,0
964,156,942,0,3
949,157,971,3,0
962,157,984,3,0
964,157,942,0,3
962,158,984,3,0
962,159,984,3,0
952,160,930,0,3
962,160,984,3,0
952,161,930,0,3
961,161,939,0,3
962,161,984,3,0
952,162,930,0,3
961,162,939,0,3
962,162,984,3,0
952,163,930,0,3
959,163,981,3,0
961,163,939,0,3
962,163,984,3,0
952,164,930,0,3
959,164,981,3,0
961,164,939,0,3
962,164,984,3,0
952,165,930,0,3
959,165,981,3,0
961,165,939,0,3
962,165,984,3,0
952,166,930,0,3
959,166,981,3,0
961,166,939,0,3
962,166,984,3,0
952,167,930,0,3
959,167,981,3,0
961,167,939,0,3
962,167,984,3,0
952,168,930,0,3
961,168,939,0,3
962,168,984,3,0
952,169,930,0,3
961,169,939,0,3
962,169,984,3,0
962,170,984,3,0
962,171,984,3,0
962,172,984,3,0
964,172,942,0,3
949,173,971,3,0
962,173,984,3,0
964,173,942,0,3
949,174,971,3,0
962,174,984,3,0
964,174,942,0,3
966,174,944,0,3
947,175,969,3,0
949,175,971,3,0
962,175,984,3,0
964,175,942,0,3
966,175,944,0,3
967,175,945,0,3
969,176,991,3,0
984,176,1006,3,0
986,176,964,0,3
969,177,991,3,0
984,177,1006,3,0
986,177,964,0,3
984,178,1006,3,0
986,178,964,0,3
984,179,1006,3,0
986,179,964,0,3
984,180,1006,3,0
984,181,1006,3,0
974,182,952,0,3
984,182,1006,3,0
974,183,952,0,3
983,183,961,0,3
984,183,1006,3,0
974,184,952,0,3
982,184,1004,3,0
983,184,961,0,3
984,184,1006,3,0
974,185,952,0,3
977,185,999,3,0
981,185,1003,3,0
982,185,1004,3,0
983,185,961,0,3
984,185,1006,3,0
974,186,952,0,3
977,186,999,3,0
981,186,1003,3,0
982,186,1004,3,0
983,186,961,0,3
984,186,1006,3,0
974,187,952,0,3
977,187,999,3,0
981,187,1003,3,0
982,187,1004,3,0
983,187,961,0,3
984,187,1006,3,0
974,188,952,0,3
977,188,999,3,0
981,188,1003,3,0
982,188,1004,3,0
983,188,961,0,3
984,188,1006,3,0
974,189,952,0,3
981,189,1003,3,0
982,189,1004,3,0
983,189,961,0,3
984,189,1006,3,0
974,190,952,0,3
982,190,1004,3,0
983,190,961,0,3
984,190,1006,3,0
974,191,952,0,3
983,191,961,0,3
984,191,1006,3,0
984,192,1006,3,0
984,193,1006,3,0
984,194,1006,3,0
986,194,964,0,3
984,195,1006,3,0
986,195,964,0,3
984,196,1006,3,0
986,196,964,0,3
969,197,991,3,0
984,197,1006,3,0
986,197,964,0,3
991,198,1013,3,0
993,198,971,0,3
1006,198,1028,3,0
1011,198,1033,3,0
991,199,1013,3,0
993,199,971,0,3
1006,199,1028,3,0
993,200,971,0,3
1006,200,1028,3,0
993,201,971,0,3
1006,201,1028,3,0
1006,202,1028,3,0
1006,203,1028,3,0
996,204,974,0,3
1006,204,1028,3,0
996,205,974,0,3
1005,205,983,0,3
1006,205,1028,3,0
996,206,974,0,3
1004,206,1026,3,0
1005,206,983,0,3
1006,206,1028,3,0
996,207,974,0,3
999,207,1021,3,0
1003,207,1025,3,0
1004,207,1026,3,0
1005,207,983,0,3
1006,207,1028,3,0
996,208,974,0,3
999,208,1021,3,0
1000,208,978,0,3
1003,208,1025,3,0
1004,208,1026,3,0
1005,208,983,0,3
1006,208,1028,3,0
996,209,974,0,3
999,209,1021,3,0
1000,209,978,0,3
1003,209,1025,3,0
1004,209,1026,3,0
1005,209,983,0,3
1006,209,1028,3,0
996,210,974,0,3
999,210,1021,3,0
1003,210,1025,3,0
1004,210,1026,3,0
1005,210,983,0,3
1006,210,1028,3,0
996,211,974,0,3
1003,211,1025,3,0
1004,211,1026,3,0
1005,211,983,0,3
1006,211,1028,3,0
996,212,974,0,3
1004,212,1026,3,0
1005,212,983,0,3
1006,212,1028,3,0
996,213,974,0,3
1005,213,983,0,3
1006,213,1028,3,0
1006,214,1028,3,0
1006,215,1028,3,0
1006,216,1028,3,0
993,217,971,0,3
1006,217,1028,3,0
993,218,971,0,3
1006,218,1028,3,0
991,219,1013,3,0
993,219,971,0,3
1006,219,1028,3,0
1011,219,1033,3,0
1013,220,1035,3,0
1015,220,993,0,3
1028,220,1050,3,0
1031,220,1009,0,3
1013,221,1035,3,0
1015,221,993,0,3
1028,221,1050,3,0
1031,221,1009,0,3
1015,222,993,0,3
1028,222,1050,3,0
1031,222,1009,0,3
1015,223,993,0,3
1028,223,1050,3,0
1028,224,1050,3,0
1028,225,1050,3,0
1028,226,1050,3,0
1027,227,1005,0,3
1028,227,1050,3,0
1026,228,1048,3,0
1027,228,1005,0,3
1028,228,1050,3,0
1021,229,1043,3,0
1026,229,1048,3,0
1027,229,1005,0,3
1028,229,1050,3,0
1021,230,1043,3,0
1026,230,1048,3,0
1027,230,1005,0,3
1028,230,1050,3,0
1021,231,1043,3,0
1026,231,1048,3,0
1027,231,1005,0,3
1028,231,1050,3,0
1021,232,1043,3,0
1026,232,1048,3,0
1027,232,1005,0,3
1028,232,1050,3,0
1026,233,1048,3,0
1027,233,1005,0,3
1028,233,1050,3,0
1026,234,1048,3,0
1027,234,1005,0,3
1028,234,1050,3,0
1027,235,1005,0,3
1028,235,1050,3,0
1028,236,1050,3,0
1028,237,1050,3,0
1028,238,1050,3,0
1015,239,993,0,3
1028,239,1050,3,0
1031,239,1009,0,3
1015,240,993,0,3
1028,240,1050,3,0
1031,240,1009,0,3
1013,241,1035,3,0
1015,241,993,0,3
1028,241,1050,3,0
1031,241,1009,0,3
1035,242,1057,3,0
1037,242,1015,0,3
1050,242,1072,3,0
1053,242,1031,0,3
1035,243,1057,3,0
1037,243,1015,0,3
1050,243,1072,3,0
1053,243,1031,0,3
1037,244,1015,0,3
1050,244,1072,3,0
1053,244,1031,0,3
1037,245,1015,0,3
1050,245,1072,3,0
1050,246,1072,3,0
1050,247,1072,3,0
1040,248,1018,0,3
1050,248,1072,3,0
1040,249,1018,0,3
1049,249,1027,0,3
1050,249,1072,3,0
1040,250,1018,0,3
1049,250,1027,0,3
1050,250,1072,3,0
1040,251,1018,0,3
1043,251,1065,3,0
1049,251,1027,0,3
1050,251,1072,3,0
1040,252,1018,0,3
1043,252,1065,3,0
1046,252,1068,3,0
1049,252,1027,0,3
1050,252,1072,3,0
1040,253,1018,0,3
1043,253,1065,3,0
1046,253,1068,3,0
1049,253,1027,0,3
1050,253,1072,3,0
1040,254,1018,0,3
1043,254,1065,3,0
1046,254,1068,3,0
1049,254,1027,0,3
1050,254,1072,3,0
1040,255,1018,0,3
1049,255,1027,0,3
1050,255,1072,3,0
1040,256,1018,0,3
1049,256,1027,0,3
1050,256,1072,3,0
1040,257,1018,0,3
1049,257,1027,0,3
1050,257,1072,3,0
1050,258,1072,3,0
1050,259,1072,3,0
1050,260,1072,3,0
1037,261,1015,0,3
1050,261,1072,3,0
1053,261,1031,0,3
1037,262,1015,0,3
1050,262,1072,3,0
1053,262,1031,0,3
1035,263,1057,3,0
1037,263,1015,0,3
1050,263,1072,3,0
1053,263,1031,0,3
1057,264,1079,3,0
1059,264,1037,0,3
1072,264,1094,3,0
1077,264,1099,3,0
1057,265,1079,3,0
1059,265,1037,0,3
1072,265,1094,3,0
1059,266,1037,0,3
1072,266,1094,3,0
1059,267,1037,0,3
1072,267,1094,3,0
1072,268,1094,3,0
1072,269,1094,3,0
1062,270,1040,0,3
1072,270,1094,3,0
1062,271,1040,0,3
1071,271,1049,0,3
1072,271,1094,3,0
1062,272,1040,0,3
1071,272,1049,0,3
1072,272,1094,3,0
1062,273,1040,0,3
1065,273,1087,3,0
1071,273,1049,0,3
1072,273,1094,3,0
1062,274,1040,0,3
1065,274,1087,3,0
1066,274,1044,0,3
1068,274,1090,3,0
1071,274,1049,0,3
1072,274,1094,3,0
1062,275,1040,0,3
1065,275,1087,3,0
1066,275,1044,0,3
1068,275,1090,3,0
1071,275,1049,0,3
1072,275,1094,3,0
1062,276,1040,0,3
1065,276,1087,3,0
1068,276,1090,3,0
1071,276,1049,0,3
1072,276,1094,3,0
1062,277,1040,0,3
1071,277,1049,0,3
1072,277,1094,3,0
1062,278,1040,0,3
1071,278,1049,0,3
1072,278,1094,3,0
1062,279,1040,0,3
1071,279,1049,0,3
1072,279,1094,3,0
1072,280,1094,3,0
1072,281,1094,3,0
1072,282,1094,3,0
1059,283,1037,0,3
1072,283,1094,3,0
1059,284,1037,0,3
1072,284,1094,3,0
1057,285,1079,3,0
1059,285,1037,0,3
1072,285,1094,3,0
1077,285,1099,3,0
1079,286,1101,3,0
1094,286,1116,3,0
1099,286,1121,3,0
1079,287,1101,3,0
1094,287,1116,3,0
1094,288,1116,3,0
1094,289,1116,3,0
1094,290,1116,3,0
1094,291,1116,3,0
1084,292,1062,0,3
1094,292,1116,3,0
1084,293,1062,0,3
1093,293,1071,0,3
1094,293,1116,3,0
1084,294,1062,0,3
1093,294,1071,0,3
1094,294,1116,3,0
1084,295,1062,0,3
1093,295,1071,0,3
1094,295,1116,3,0
1084,296,1062,0,3
1088,296,1066,0,3
1090,296,1112,3,0
1093,296,1071,0,3
1094,296,1116,3,0
1084,297,1062,0,3
1088,297,1066,0,3
1090,297,1112,3,0
1093,297,1071,0,3
1094,297,1116,3,0
1084,298,1062,0,3
1090,298,1112,3,0
1093,298,1071,0,3
1094,298,1116,3,0
1084,299,1062,0,3
1093,299,1071,0,3
1094,299,1116,3,0
1084,300,1062,0,3
1093,300,1071,0,3
1094,300,1116,3,0
1084,301,1062,0,3
1093,301,1071,0,3
1094,301,1116,3,0
1094,302,1116,3,0
1094,303,1116,3,0
1094,304,1116,3,0
1094,305,1116,3,0
1094,306,1116,3,0
1079,307,1101,3,0
1094,307,1116,3,0
1099,307,1121,3,0
1101,308,1123,3,0
1116,308,1138,3,0
1119,308,1097,0,3
1121,308,1143,3,0
1101,309,1123,3,0
1116,309,1138,3,0
1119,309,1097,0,3
1116,310,1138,3,0
1119,310,1097,0,3
1116,311,1138,3,0
1116,312,1138,3,0
1116,313,1138,3,0
1106,314,1084,0,3
1116,314,1138,3,0
1106,315,1084,0,3
1115,315,1093,0,3
1116,315,1138,3,0
1106,316,1084,0,3
1115,316,1093,0,3
1116,316,1138,3,0
1106,317,1084,0,3
1115,317,1093,0,3
1116,317,1138,3,0
1106,318,1084,0,3
1110,318,1088,0,3
1112,318,1134,3,0
1115,318,1093,0,3
1116,318,1138,3,0
1106,319,1084,0,3
1110,319,1088,0,3
1112,319,1134,3,0
1115,319,1093,0,3
1116,319,1138,3,0
1106,320,1084,0,3
1112,320,1134,3,0
1115,320,1093,0,3
1116,320,1138,3,0
1106,321,1084,0,3
1115,321,1093,0,3
1116,321,1138,3,0
1106,322,1084,0,3
1115,322,1093,0,3
1116,322,1138,3,0
1106,323,1084,0,3
1115,323,1093,0,3
1116,323,1138,3,0
1116,324,1138,3,0
1116,325,1138,3,0
1116,326,1138,3,0
1116,327,1138,3,0
1119,327,1097,0,3
1116,328,1138,3,0
1119,328,1097,0,3
1101,329,1123,3,0
1116,329,1138,3,0
1119,329,1097,0,3
1121,329,1143,3,0
1123,330,1145,3,0
1138,330,1160,3,0
1141,330,1119,0,3
1143,330,1165,3,0
1123,331,1145,3,0
1138,331,1160,3,0
1141,331,1119,0,3
1138,332,1160,3,0
1141,332,1119,0,3
1138,333,1160,3,0
1138,334,1160,3,0
1138,335,1160,3,0
1128,336,1106,0,3
1138,336,1160,3,0
1128,337,1106,0,3
1137,337,1115,0,3
1138,337,1160,3,0
1128,338,1106,0,3
1136,338,1158,3,0
1137,338,1115,0,3
1138,338,1160,3,0
1128,339,1106,0,3
1136,339,1158,3,0
1137,339,1115,0,3
1138,339,1160,3,0
1128,340,1106,0,3
1132,340,1110,0,3
1134,340,1156,3,0
1136,340,1158,3,0
1137,340,1115,0,3
1138,340,1160,3,0
1128,341,1106,0,3
1132,341,1110,0,3
1134,341,1156,3,0
1136,341,1158,3,0
1137,341,1115,0,3
1138,341,1160,3,0
1128,342,1106,0,3
1134,342,1156,3,0
1136,342,1158,3,0
1137,342,1115,0,3
1138,342,1160,3,0
1128,343,1106,0,3
1136,343,1158,3,0
1137,343,1115,0,3
1138,343,1160,3,0
1128,344,1106,0,3
1136,344,1158,3,0
1137,344,1115,0,3
1138,344,1160,3,0
1128,345,1106,0,3
1137,345,1115,0,3
1138,345,1160,3,0
1138,346,1160,3,0
1138,347,1160,3,0
1138,348,1160,3,0
1138,349,1160,3,0
1141,349,1119,0,3
1138,350,1160,3,0
1141,350,1119,0,3
1123,351,1145,3,0
1138,351,1160,3,0
1141,351,1119,0,3
1143,351,1165,3,0
1145,352,1167,3,0
1160,352,1182,3,0
1145,353,1167,3,0
1160,353,1182,3,0
1160,354,1182,3,0
1160,355,1182,3,0
1160,356,1182,3,0
1160,357,1182,3,0
1150,358,1128,0,3
1160,358,1182,3,0
1150,359,1128,0,3
1151,359,1129,0,3
1159,359,1137,0,3
1160,359,1182,3,0
1150,360,1128,0,3
1151,360,1129,0,3
1158,360,1180,3,0
1159,360,1137,0,3
1160,360,1182,3,0
1150,361,1128,0,3
1151,361,1129,0,3
1158,361,1180,3,0
1159,361,1137,0,3
1160,361,1182,3,0
1150,362,1128,0,3
1151,362,1129,0,3
1154,362,1132,0,3
1156,362,1178,3,0
1158,362,1180,3,0
1159,362,1137,0,3
1160,362,1182,3,0
1150,363,1128,0,3
1151,363,1129,0,3
1154,363,1132,0,3
1156,363,1178,3,0
1158,363,1180,3,0
1159,363,1137,0,3
1160,363,1182,3,0
1150,364,1128,0,3
1151,364,1129,0,3
1156,364,1178,3,0
1158,364,1180,3,0
1159,364,1137,0,3
1160,364,1182,3,0
1150,365,1128,0,3
1151,365,1129,0,3
1158,365,1180,3,0
1159,365,1137,0,3
1160,365,1182,3,0
1150,366,1128,0,3
1151,366,1129,0,3
1158,366,1180,3,0
1159,366,1137,0,3
1160,366,1182,3,0
1150,367,1128,0,3
1159,367,1137,0,3
1160,367,1182,3,0
1160,368,1182,3,0
1160,369,1182,3,0
1160,370,1182,3,0
1160,371,1182,3,0
1160,372,1182,3,0
1145,373,1167,3,0
1160,373,1182,3,0
1167,374,1189,3,0
1182,374,1204,3,0
1167,375,1189,3,0
1182,375,1204,3,0
1182,376,1204,3,0
1182,377,1204,3,0
1182,378,1204,3,0
1182,379,1204,3,0
1172,380,1150,0,3
1182,380,1204,3,0
1172,381,1150,0,3
1173,381,1151,0,3
1181,381,1159,0,3
1182,381,1204,3,0
1172,382,1150,0,3
1173,382,1151,0,3
1180,382,1202,3,0
1181,382,1159,0,3
1182,382,1204,3,0
1172,383,1150,0,3
1173,383,1151,0,3
1180,383,1202,3,0
1181,383,1159,0,3
1182,383,1204,3,0
1172,384,1150,0,3
1173,384,1151,0,3
1176,384,1154,0,3
1178,384,1200,3,0
1180,384,1202,3,0
1181,384,1159,0,3
1182,384,1204,3,0
1172,385,1150,0,3
1173,385,1151,0,3
1176,385,1154,0,3
1178,385,1200,3,0
1180,385,1202,3,0
1181,385,1159,0,3
1182,385,1204,3,0
1172,386,1150,0,3
1173,386,1151,0,3
1178,386,1200,3,0
1180,386,1202,3,0
1181,386,1159,0,3
1182,386,1204,3,0
1172,387,1150,0,3
1173,387,1151,0,3
1180,387,1202,3,0
1181,387,1159,0,3
1182,387,1204,3,0
1172,388,1150,0,3
1173,388,1151,0,3
1180,388,1202,3,0
1181,388,1159,0,3
1182,388,1204,3,0
1172,389,1150,0,3
1181,389,1159,0,3
1182,389,1204,3,0
1182,390,1204,3,0
1182,391,1204,3,0
1182,392,1204,3,0
1182,393,1204,3,0
1182,394,1204,3,0
1167,395,1189,3,0
1182,395,1204,3,0
1189,396,1211,3,0
1193,396,1171,0,3
1204,396,1226,3,0
1189,397,1211,3,0
1193,397,1171,0,3
1204,397,1226,3,0
1193,398,1171,0,3
1204,398,1226,3,0
1193,399,1171,0,3
1204,399,1226,3,0
1193,400,1171,0,3
1204,400,1226,3,0
1193,401,1171,0,3
1204,401,1226,3,0
1193,402,1171,0,3
1194,402,1172,0,3
1204,402,1226,3,0
1193,403,1171,0,3
1194,403,1172,0,3
1195,403,1173,0,3
1203,403,1181,0,3
1204,403,1226,3,0
1193,404,1171,0,3
1194,404,1172,0,3
1195,404,1173,0,3
1202,404,1224,3,0
1203,404,1181,0,3
1204,404,1226,3,0
1193,405,1171,0,3
1194,405,1172,0,3
1195,405,1173,0,3
1202,405,1224,3,0
1203,405,1181,0,3
1204,405,1226,3,0
1193,406,1171,0,3
1194,406,1172,0,3
1195,406,1173,0,3
1200,406,1222,3,0
1202,406,1224,3,0
1203,406,1181,0,3
1204,406,1226,3,0
1193,407,1171,0,3
1194,407,1172,0,3
1195,407,1173,0,3
1200,407,1222,3,0
1202,407,1224,3,0
1203,407,1181,0,3
1204,407,1226,3,0
1193,408,1171,0,3
1194,408,1172,0,3
1195,408,1173,0,3
1200,408,1222,3,0
1202,408,1224,3,0
1203,408,1181,0,3
1204,408,1226,3,0
1193,409,1171,0,3
1194,409,1172,0,3
1195,409,1173,0,3
1202,409,1224,3,0
1203,409,1181,0,3
1204,409,1226,3,0
1193,410,1171,0,3
1194,410,1172,0,3
1195,410,1173,0,3
1202,410,1224,3,0
1203,410,1181,0,3
1204,410,1226,3,0
1193,411,1171,0,3
1194,411,1172,0,3
1203,411,1181,0,3
1204,411,1226,3,0
1204,412,1226,3,0
1193,413,1171,0,3
1204,413,1226,3,0
1193,414,1171,0,3
1204,414,1226,3,0
1193,415,1171,0,3
1204,415,1226,3,0
1193,416,1171,0,3
1204,416,1226,3,0
1189,417,1211,3,0
1193,417,1171,0,3
1204,417,1226,3,0
1211,418,1233,3,0
1215,418,1193,0,3
1226,418,1248,3,0
1211,419,1233,3,0
1215,419,1193,0,3
1226,419,1248,3,0
1215,420,1193,0,3
1226,420,1248,3,0
1215,421,1193,0,3
1226,421,1248,3,0
1215,422,1193,0,3
1226,422,1248,3,0
1215,423,1193,0,3
1226,423,1248,3,0
1215,424,1193,0,3
1216,424,1194,0,3
1226,424,1248,3,0
1215,425,1193,0,3
1216,425,1194,0,3
1217,425,1195,0,3
1225,425,1203,0,3
1226,425,1248,3,0
1215,426,1193,0,3
1216,426,1194,0,3
1217,426,1195,0,3
1224,426,1246,3,0
1225,426,1203,0,3
1226,426,1248,3,0
1215,427,1193,0,3
1216,427,1194,0,3
1217,427,1195,0,3
1224,427,1246,3,0
1225,427,1203,0,3
1226,427,1248,3,0
1215,428,1193,0,3
1216,428,1194,0,3
1217,428,1195,0,3
1222,428,1244,3,0
1224,428,1246,3,0
1225,428,1203,0,3
1226,428,1248,3,0
1215,429,1193,0,3
1216,429,1194,0,3
1217,429,1195,0,3
1222,429,1244,3,0
1224,429,1246,3,0
1225,429,1203,0,3
1226,429,1248,3,0
1215,430,1193,0,3
1216,430,1194,0,3
1217,430,1195,0,3
1222,430,1244,3,0
1224,430,1246,3,0
1225,430,1203,0,3
1226,430,1248,3,0
1215,431,1193,0,3
1216,431,1194,0,3
1217,431,1195,0,3
1224,431,1246,3,0
1225,431,1203,0,3
1226,431,1248,3,0
1215,432,1193,0,3
1216,432,1194,0,3
1217,432,1195,0,3
1224,432,1246,3,0
1225,432,1203,0,3
1226,432,1248,3,0
1215,433,1193,0,3
1216,433,1194,0,3
1225,433,1203,0,3
1226,433,1248,3,0
1226,434,1248,3,0
1215,435,1193,0,3
1226,435,1248,3,0
1215,436,1193,0,3
1226,436,1248,3,0
1215,437,1193,0,3
1226,437,1248,3,0
1215,438,1193,0,3
1226,438,1248,3,0
1211,439,1233,3,0
1215,439,1193,0,3
1226,439,1248,3,0
1233,440,1255,3,0
1237,440,1215,0,3
1248,440,1270,3,0
1233,441,1255,3,0
1237,441,1215,0,3
1248,441,1270,3,0
1237,442,1215,0,3
1248,442,1270,3,0
1237,443,1215,0,3
1248,443,1270,3,0
1237,444,1215,0,3
1248,444,1270,3,0
1237,445,1215,0,3
1248,445,1270,3,0
1237,446,1215,0,3
1238,446,1216,0,3
1248,446,1270,3,0
1237,447,1215,0,3
1238,447,1216,0,3
1239,447,1217,0,3
1247,447,1225,0,3
1248,447,1270,3,0
1237,448,1215,0,3
1238,448,1216,0,3
1239,448,1217,0,3
1246,448,1268,3,0
1247,448,1225,0,3
1248,448,1270,3,0
1237,449,1215,0,3
1238,449,1216,0,3
1239,449,1217,0,3
1246,449,1268,3,0
1247,449,1225,0,3
1248,449,1270,3,0
1237,450,1215,0,3
1238,450,1216,0,3
1239,450,1217,0,3
1244,450,1266,3,0
1246,450,1268,3,0
1247,450,1225,0,3
1248,450,1270,3,0
1237,451,1215,0,3
1238,451,1216,0,3
1239,451,1217,0,3
1244,451,1266,3,0
1246,451,1268,3,0
1247,451,1225,0,3
1248,451,1270,3,0
1237,452,1215,0,3
1238,452,1216,0,3
1239,452,1217,0,3
1244,452,1266,3,0
1246,452,1268,3,0
1247,452,1225,0,3
1248,452,1270,3,0
1237,453,1215,0,3
1238,453,1216,0,3
1239,453,1217,0,3
1246,453,1268,3,0
1247,453,1225,0,3
1248,453,1270,3,0
1237,454,1215,0,3
1238,454,1216,0,3
1239,454,1217,0,3
1246,454,1268,3,0
1247,454,1225,0,3
1248,454,1270,3,0
1237,455,1215,0,3
1238,455,1216,0,3
1247,455,1225,0,3
1248,455,1270,3,0
1248,456,1270,3,0
1237,457,1215,0,3
1248,457,1270,3,0
1237,458,1215,0,3
1248,458,1270,3,0
1237,459,1215,0,3
1248,459,1270,3,0
1237,460,1215,0,3
1248,460,1270,3,0
1233,461,1255,3,0
1237,461,1215,0,3
1248,461,1270,3,0
1255,462,1277,3,0
1259,462,1237,0,3
1270,462,1292,3,0
1255,463,1277,3,0
1259,463,1237,0,3
1270,463,1292,3,0
1259,464,1237,0,3
1270,464,1292,3,0
1259,465,1237,0,3
1270,465,1292,3,0
1259,466,1237,0,3
1270,466,1292,3,0
1259,467,1237,0,3
1270,467,1292,3,0
1259,468,1237,0,3
1260,468,1238,0,3
1270,468,1292,3,0
1259,469,1237,0,3
1260,469,1238,0,3
1261,469,1239,0,3
1269,469,1247,0,3
1270,469,1292,3,0
1259,470,1237,0,3
1260,470,1238,0,3
1261,470,1239,0,3
1262,470,1284,3,0
1268,470,1290,3,0
1269,470,1247,0,3
1270,470,1292,3,0
1259,471,1237,0,3
1260,471,1238,0,3
1261,471,1239,0,3
1262,471,1284,3,0
1268,471,1290,3,0
1269,471,1247,0,3
1270,471,1292,3,0
1259,472,1237,0,3
1260,472,1238,0,3
1261,472,1239,0,3
1262,472,1284,3,0
1266,472,1288,3,0
1268,472,1290,3,0
1269,472,1247,0,3
1270,472,1292,3,0
1259,473,1237,0,3
1260,473,1238,0,3
1261,473,1239,0,3
1262,473,1284,3,0
1266,473,1288,3,0
1268,473,1290,3,0
1269,473,1247,0,3
1270,473,1292,3,0
1259,474,1237,0,3
1260,474,1238,0,3
1261,474,1239,0,3
1262,474,1284,3,0
1266,474,1288,3,0
1268,474,1290,3,0
1269,474,1247,0,3
1270,474,1292,3,0
1259,475,1237,0,3
1260,475,1238,0,3
1261,475,1239,0,3
1262,475,1284,3,0
1268,475,1290,3,0
1269,475,1247,0,3
1270,475,1292,3,0
1259,476,1237,0,3
1260,476,1238,0,3
1261,476,1239,0,3
1268,476,1290,3,0
1269,476,1247,0,3
1270,476,1292,3,0
1259,477,1237,0,3
1260,477,1238,0,3
1269,477,1247,0,3
1270,477,1292,3,0
1270,478,1292,3,0
1259,479,1237,0,3
1270,479,1292,3,0
1259,480,1237,0,3
1270,480,1292,3,0
1259,481,1237,0,3
1270,481,1292,3,0
1259,482,1237,0,3
1270,482,1292,3,0
1255,483,1277,3,0
1259,483,1237,0,3
1270,483,1292,3,0
1277,484,1299,3,0
1281,484,1259,0,3
1292,484,1314,3,0
1277,485,1299,3,0
1281,485,1259,0,3
1292,485,1314,3,0
1281,486,1259,0,3
1292,486,1314,3,0
1281,487,1259,0,3
1292,487,1314,3,0
1281,488,1259,0,3
1292,488,1314,3,0
1281,489,1259,0,3
1292,489,1314,3,0
1281,490,1259,0,3
1282,490,1260,0,3
1292,490,1314,3,0
1281,491,1259,0,3
1282,491,1260,0,3
1283,491,1261,0,3
1291,491,1269,0,3
1292,491,1314,3,0
1281,492,1259,0,3
1282,492,1260,0,3
1283,492,1261,0,3
1290,492,1312,3,0
1291,492,1269,0,3
1292,492,1314,3,0
1281,493,1259,0,3
1282,493,1260,0,3
1283,493,1261,0,3
1290,493,1312,3,0
1291,493,1269,0,3
1292,493,1314,3,0
1281,494,1259,0,3
1282,494,1260,0,3
1283,494,1261,0,3
1288,494,1310,3,0
1290,494,1312,3,0
1291,494,1269,0,3
1292,494,1314,3,0
1281,495,1259,0,3
1282,495,1260,0,3
1283,495,1261,0,3
1288,495,1310,3,0
1290,495,1312,3,0
1291,495,1269,0,3
1292,495,1314,3,0
1281,496,1259,0,3
1282,496,1260,0,3
1283,496,1261,0,3
1288,496,1310,3,0
1290,496,1312,3,0
1291,496,1269,0,3
1292,496,1314,3,0
1281,497,1259,0,3
1282,497,1260,0,3
1283,497,1261,0,3
1290,497,1312,3,0
1291,497,1269,0,3
1292,497,1314,3,0
1281,498,1259,0,3
1282,498,1260,0,3
1283,498,1261,0,3
1290,498,1312,3,0
1291,498,1269,0,3
1292,498,1314,3,0
1281,499,1259,0,3
1282,499,1260,0,3
1291,499,1269,0,3
1292,499,1314,3,0
1292,500,1314,3,0
1281,501,1259,0,3
1292,501,1314,3,0
1281,502,1259,0,3
1292,502,1314,3,0
1281,503,1259,0,3
1292,503,1314,3,0
1281,504,1259,0,3
1292,504,1314,3,0
1277,505,1299,3,0
1281,505,1259,0,3
1292,505,1314,3,0
1299,506,1321,3,0
1303,506,1281,0,3
1314,506,1336,3,0
1317,506,1295,0,3
1299,507,1321,3,0
1303,507,1281,0,3
1314,507,1336,3,0
1317,507,1295,0,3
1303,508,1281,0,3
1314,508,1336,3,0
1317,508,1295,0,3
1303,509,1281,0,3
1314,509,1336,3,0
1303,510,1281,0,3
1314,510,1336,3,0
1303,511,1281,0,3
1314,511,1336,3,0
1303,512,1281,0,3
1304,512,1282,0,3
1314,512,1336,3,0
1303,513,1281,0,3
1304,513,1282,0,3
1305,513,1283,0,3
1313,513,1291,0,3
1314,513,1336,3,0
1303,514,1281,0,3
1304,514,1282,0,3
1305,514,1283,0,3
1306,514,1328,3,0
1313,514,1291,0,3
1314,514,1336,3,0
1303,515,1281,0,3
1304,515,1282,0,3
1305,515,1283,0,3
1306,515,1328,3,0
1313,515,1291,0,3
1314,515,1336,3,0
1303,516,1281,0,3
1304,516,1282,0,3
1305,516,1283,0,3
1306,516,1328,3,0
1310,516,1332,3,0
1313,516,1291,0,3
1314,516,1336,3,0
1303,517,1281,0,3
1304,517,1282,0,3
1305,517,1283,0,3
1306,517,1328,3,0
1310,517,1332,3,0
1313,517,1291,0,3
1314,517,1336,3,0
1303,518,1281,0,3
1304,518,1282,0,3
1305,518,1283,0,3
1306,518,1328,3,0
1310,518,1332,3,0
1313,518,1291,0,3
1314,518,1336,3,0
1303,519,1281,0,3
1304,519,1282,0,3
1305,519,1283,0,3
1306,519,1328,3,0
1313,519,1291,0,3
1314,519,1336,3,0
1303,520,1281,0,3
1304,520,1282,0,3
1305,520,1283,0,3
1313,520,1291,0,3
1314,520,1336,3,0
1303,521,1281,0,3
1304,521,1282,0,3
1313,521,1291,0,3
1314,521,1336,3,0
1314,522,1336,3,0
1303,523,1281,0,3
1314,523,1336,3,0
1303,524,1281,0,3
1314,524,1336,3,0
1303,525,1281,0,3
1314,525,1336,3,0
1317,525,1295,0,3
1303,526,1281,0,3
1314,526,1336,3,0
1317,526,1295,0,3
1299,527,1321,3,0
1303,527,1281,0,3
1314,527,1336,3,0
1317,527,1295,0,3
1321,528,1343,3,0
1325,528,1303,0,3
1336,528,1358,3,0
1321,529,1343,3,0
1325,529,1303,0,3
1336,529,1358,3,0
1325,530,1303,0,3
1336,530,1358,3,0
1325,531,1303,0,3
1336,531,1358,3,0
1325,532,1303,0,3
1336,532,1358,3,0
1325,533,1303,0,3
1336,533,1358,3,0
1325,534,1303,0,3
1326,534,1304,0,3
1336,534,1358,3,0
1325,535,1303,0,3
1326,535,1304,0,3
1327,535,1305,0,3
1335,535,1313,0,3
1336,535,1358,3,0
1325,536,1303,0,3
1326,536,1304,0,3
1327,536,1305,0,3
1328,536,1350,3,0
1335,536,1313,0,3
1336,536,1358,3,0
1325,537,1303,0,3
1326,537,1304,0,3
1327,537,1305,0,3
1328,537,1350,3,0
1335,537,1313,0,3
1336,537,1358,3,0
1325,538,1303,0,3
1326,538,1304,0,3
1327,538,1305,0,3
1328,538,1350,3,0
1332,538,1354,3,0
1335,538,1313,0,3
1336,538,1358,3,0
1325,539,1303,0,3
1326,539,1304,0,3
1327,539,1305,0,3
1328,539,1350,3,0
1332,539,1354,3,0
1335,539,1313,0,3
1336,539,1358,3,0
1325,540,1303,0,3
1326,540,1304,0,3
1327,540,1305,0,3
1328,540,1350,3,0
1332,540,1354,3,0
1335,540,1313,0,3
1336,540,1358,3,0
1325,541,1303,0,3
1326,541,1304,0,3
1327,541,1305,0,3
1328,541,1350,3,0
1335,541,1313,0,3
1336,541,1358,3,0
1325,542,1303,0,3
1326,542,1304,0,3
1327,542,1305,0,3
1335,542,1313,0,3
1336,542,1358,3,0
1325,543,1303,0,3
1326,543,1304,0,3
1335,543,1313,0,3
1336,543,1358,3,0
1336,544,1358,3,0
1325,545,1303,0,3
1336,545,1358,3,0
1325,546,1303,0,3
1336,546,1358,3,0
1325,547,1303,0,3
1336,547,1358,3,0
1325,548,1303,0,3
1336,548,1358,3,0
1321,549,1343,3,0
1325,549,1303,0,3
1336,549,1358,3,0
1343,550,1365,3,0
1347,550,1325,0,3
1358,550,1380,3,0
1343,551,1365,3,0
1347,551,1325,0,3
1358,551,1380,3,0
1347,552,1325,0,3
1358,552,1380,3,0
1347,553,1325,0,3
1358,553,1380,3,0
1347,554,1325,0,3
1358,554,1380,3,0
1347,555,1325,0,3
1358,555,1380,3,0
1347,556,1325,0,3
1348,556,1326,0,3
1358,556,1380,3,0
1347,557,1325,0,3
1348,557,1326,0,3
1349,557,1327,0,3
1357,557,1335,0,3
1358,557,1380,3,0
1347,558,1325,0,3
1348,558,1326,0,3
1349,558,1327,0,3
1350,558,1372,3,0
1357,558,1335,0,3
1358,558,1380,3,0
1347,559,1325,0,3
1348,559,1326,0,3
1349,559,1327,0,3
1350,559,1372,3,0
1357,559,1335,0,3
1358,559,1380,3,0
1347,560,1325,0,3
1348,560,1326,0,3
1349,560,1327,0,3
1350,560,1372,3,0
1354,560,1376,3,0
1357,560,1335,0,3
1358,560,1380,3,0
1347,561,1325,0,3
1348,561,1326,0,3
1349,561,1327,0,3
1350,561,1372,3,0
1354,561,1376,3,0
1357,561,1335,0,3
1358,561,1380,3,0
1347,562,1325,0,3
1348,562,1326,0,3
1349,562,1327,0,3
1350,562,1372,3,0
1354,562,1376,3,0
1357,562,1335,0,3
1358,562,1380,3,0
1347,563,1325,0,3
1348,563,1326,0,3
1349,563,1327,0,3
1350,563,1372,3,0
1357,563,1335,0,3
1358,563,1380,3,0
1347,564,1325,0,3
1348,564,1326,0,3
1349,564,1327,0,3
1357,564,1335,0,3
1358,564,1380,3,0
1347,565,1325,0,3
1348,565,1326,0,3
1357,565,1335,0,3
1358,565,1380,3,0
1358,566,1380,3,0
1347,567,1325,0,3
1358,567,1380,3,0
1347,568,1325,0,3
1358,568,1380,3,0
1347,569,1325,0,3
1358,569,1380,3,0
1347,570,1325,0,3
1358,570,1380,3,0
1343,571,1365,3,0
1347,571,1325,0,3
1358,571,1380,3,0
1368,572,1346,0,3
1369,572,1347,0,3
1380,572,1402,3,0
1368,573,1346,0,3
1369,573,1347,0,3
1380,573,1402,3,0
1368,574,1346,0,3
1369,574,1347,0,3
1380,574,1402,3,0
1368,575,1346,0,3
1369,575,1347,0,3
1380,575,1402,3,0
1368,576,1346,0,3
1369,576,1347,0,3
1380,576,1402,3,0
1369,577,1347,0,3
1380,577,1402,3,0
1369,578,1347,0,3
1370,578,1348,0,3
1380,578,1402,3,0
1369,579,1347,0,3
1370,579,1348,0,3
1371,579,1349,0,3
1379,579,1357,0,3
1380,579,1402,3,0
1369,580,1347,0,3
1370,580,1348,0,3
1371,580,1349,0,3
1372,580,1394,3,0
1378,580,1400,3,0
1379,580,1357,0,3
1380,580,1402,3,0
1369,581,1347,0,3
1370,581,1348,0,3
1371,581,1349,0,3
1372,581,1394,3,0
1378,581,1400,3,0
1379,581,1357,0,3
1380,581,1402,3,0
1369,582,1347,0,3
1370,582,1348,0,3
1371,582,1349,0,3
1372,582,1394,3,0
1376,582,1398,3,0
1378,582,1400,3,0
1379,582,1357,0,3
1380,582,1402,3,0
1369,583,1347,0,3
1370,583,1348,0,3
1371,583,1349,0,3
1372,583,1394,3,0
1376,583,1398,3,0
1378,583,1400,3,0
1379,583,1357,0,3
1380,583,1402,3,0
1369,584,1347,0,3
1370,584,1348,0,3
1371,584,1349,0,3
1372,584,1394,3,0
1376,584,1398,3,0
1378,584,1400,3,0
1379,584,1357,0,3
1380,584,1402,3,0
1369,585,1347,0,3
1370,585,1348,0,3
1371,585,1349,0,3
1372,585,1394,3,0
1378,585,1400,3,0
1379,585,1357,0,3
1380,585,1402,3,0
1369,586,1347,0,3
1370,586,1348,0,3
1371,586,1349,0,3
1378,586,1400,3,0
1379,586,1357,0,3
1380,586,1402,3,0
1369,587,1347,0,3
1370,587,1348,0,3
1379,587,1357,0,3
1380,587,1402,3,0
1380,588,1402,3,0
1369,589,1347,0,3
1380,589,1402,3,0
1368,590,1346,0,3
1369,590,1347,0,3
1380,590,1402,3,0
1368,591,1346,0,3
1369,591,1347,0,3
1380,591,1402,3,0
1368,592,1346,0,3
1369,592,1347,0,3
1380,592,1402,3,0
1368,593,1346,0,3
1369,593,1347,0,3
1380,593,1402,3,0
1390,594,1368,0,3
1391,594,1369,0,3
1402,594,1424,3,0
1404,594,1426,3,0
1390,595,1368,0,3
1391,595,1369,0,3
1402,595,1424,3,0
1404,595,1426,3,0
1390,596,1368,0,3
1391,596,1369,0,3
1402,596,1424,3,0
1404,596,1426,3,0
1390,597,1368,0,3
1391,597,1369,0,3
1402,597,1424,3,0
1404,597,1426,3,0
1390,598,1368,0,3
1391,598,1369,0,3
1402,598,1424,3,0
1391,599,1369,0,3
1402,599,1424,3,0
1391,600,1369,0,3
1392,600,1370,0,3
1402,600,1424,3,0
1391,601,1369,0,3
1392,601,1370,0,3
1393,601,1371,0,3
1401,601,1379,0,3
1402,601,1424,3,0
1391,602,1369,0,3
1392,602,1370,0,3
1393,602,1371,0,3
1394,602,1416,3,0
1400,602,1422,3,0
1401,602,1379,0,3
1402,602,1424,3,0
1391,603,1369,0,3
1392,603,1370,0,3
1393,603,1371,0,3
1394,603,1416,3,0
1400,603,1422,3,0
1401,603,1379,0,3
1402,603,1424,3,0
1391,604,1369,0,3
1392,604,1370,0,3
1393,604,1371,0,3
1394,604,1416,3,0
1396,604,1418,3,0
1398,604,1420,3,0
1400,604,1422,3,0
1401,604,1379,0,3
1402,604,1424,3,0
1391,605,1369,0,3
1392,605,1370,0,3
1393,605,1371,0,3
1394,605,1416,3,0
1396,605,1418,3,0
1398,605,1420,3,0
1400,605,1422,3,0
1401,605,1379,0,3
1402,605,1424,3,0
1391,606,1369,0,3
1392,606,1370,0,3
1393,606,1371,0,3
1394,606,1416,3,0
1398,606,1420,3,0
1400,606,1422,3,0
1401,606,1379,0,3
1402,606,1424,3,0
1391,607,1369,0,3
1392,607,1370,0,3
1393,607,1371,0,3
1394,607,1416,3,0
1400,607,1422,3,0
1401,607,1379,0,3
1402,607,1424,3,0
1391,608,1369,0,3
1392,608,1370,0,3
1393,608,1371,0,3
1400,608,1422,3,0
1401,608,1379,0,3
1402,608,1424,3,0
1391,609,1369,0,3
1392,609,1370,0,3
1401,609,1379,0,3
1402,609,1424,3,0
1402,610,1424,3,0
1391,611,1369,0,3
1402,611,1424,3,0
1390,612,1368,0,3
1391,612,1369,0,3
1402,612,1424,3,0
1404,612,1426,3,0
1390,613,1368,0,3
1391,613,1369,0,3
1402,613,1424,3,0
1404,613,1426,3,0
1390,614,1368,0,3
1391,614,1369,0,3
1402,614,1424,3,0
1404,614,1426,3,0
1390,615,1368,0,3
1391,615,1369,0,3
1402,615,1424,3,0
1404,615,1426,3,0
1413,616,1391,0,3
1424,616,1446,3,0
1426,616,1448,3,0
1413,617,1391,0,3
1424,617,1446,3,0
1426,617,1448,3,0
1413,618,1391,0,3
1424,618,1446,3,0
1426,618,1448,3,0
1413,619,1391,0,3
1424,619,1446,3,0
1426,619,1448,3,0
1413,620,1391,0,3
1424,620,1446,3,0
1413,621,1391,0,3
1424,621,1446,3,0
1413,622,1391,0,3
1414,622,1392,0,3
1424,622,1446,3,0
1413,623,1391,0,3
1414,623,1392,0,3
1415,623,1393,0,3
1424,623,1446,3,0
1413,624,1391,0,3
1414,624,1392,0,3
1415,624,1393,0,3
1416,624,1438,3,0
1422,624,1444,3,0
1424,624,1446,3,0
1413,625,1391,0,3
1414,625,1392,0,3
1415,625,1393,0,3
1416,625,1438,3,0
1422,625,1444,3,0
1424,625,1446,3,0
1413,626,1391,0,3
1414,626,1392,0,3
1415,626,1393,0,3
1416,626,1438,3,0
1420,626,1442,3,0
1422,626,1444,3,0
1424,626,1446,3,0
1413,627,1391,0,3
1414,627,1392,0,3
1415,627,1393,0,3
1416,627,1438,3,0
1420,627,1442,3,0
1422,627,1444,3,0
1424,627,1446,3,0
1413,628,1391,0,3
1414,628,1392,0,3
1415,628,1393,0,3
1416,628,1438,3,0
1420,628,1442,3,0
1422,628,1444,3,0
1424,628,1446,3,0
1413,629,1391,0,3
1414,629,1392,0,3
1415,629,1393,0,3
1416,629,1438,3,0
1422,629,1444,3,0
1424,629,1446,3,0
1413,630,1391,0,3
1414,630,1392,0,3
1415,630,1393,0,3
1422,630,1444,3,0
1424,630,1446,3,0
1413,631,1391,0,3
1414,631,1392,0,3
1424,631,1446,3,0
1424,632,1446,3,0
1413,633,1391,0,3
1424,633,1446,3,0
1413,634,1391,0,3
1424,634,1446,3,0
1426,634,1448,3,0
1413,635,1391,0,3
1424,635,1446,3,0
1426,635,1448,3,0
1413,636,1391,0,3
1424,636,1446,3,0
1426,636,1448,3,0
1413,637,1391,0,3
1424,637,1446,3,0
1426,637,1448,3,0
1430,638,1452,2,0
1435,638,1413,0,3
1446,638,1468,3,0
1448,638,1470,3,0
1435,639,1413,0,3
1446,639,1468,3,0
1448,639,1470,3,0
1435,640,1413,0,3
1446,640,1468,3,0
1448,640,1470,3,0
1435,641,1413,0,3
1446,641,1468,3,0
1448,641,1470,3,0
1435,642,1413,0,3
1446,642,1468,3,0
1435,643,1413,0,3
1446,643,1468,3,0
1435,644,1413,0,3
1446,644,1468,3,0
1435,645,1413,0,3
1437,645,1415,0,3
1446,645,1468,3,0
1435,646,1413,0,3
1437,646,1415,0,3
1438,646,1460,3,0
1444,646,1466,3,0
1446,646,1468,3,0
1435,647,1413,0,3
1437,647,1415,0,3
1438,647,1460,3,0
1439,647,1417,0,3
1444,647,1466,3,0
1446,647,1468,3,0
1435,648,1413,0,3
1437,648,1415,0,3
1438,648,1460,3,0
1439,648,1417,0,3
1442,648,1464,3,0
1444,648,1466,3,0
1446,648,1468,3,0
1435,649,1413,0,3
1437,649,1415,0,3
1438,649,1460,3,0
1439,649,1417,0,3
1442,649,1464,3,0
1444,649,1466,3,0
1446,649,1468,3,0
1435,650,1413,0,3
1437,650,1415,0,3
1438,650,1460,3,0
1439,650,1417,0,3
1442,650,1464,3,0
1444,650,1466,3,0
1446,650,1468,3,0
1435,651,1413,0,3
1437,651,1415,0,3
1438,651,1460,3,0
1444,651,1466,3,0
1446,651,1468,3,0
1435,652,1413,0,3
1437,652,1415,0,3
1444,652,1466,3,0
1446,652,1468,3,0
1435,653,1413,0,3
1446,653,1468,3,0
1446,654,1468,3,0
1435,655,1413,0,3
1446,655,1468,3,0
1435,656,1413,0,3
1446,656,1468,3,0
1448,656,1470,3,0
1435,657,1413,0,3
1446,657,1468,3,0
1448,657,1470,3,0
1435,658,1413,0,3
1446,658,1468,3,0
1448,658,1470,3,0
1435,659,1413,0,3
1446,659,1468,3,0
1448,659,1470,3,0
1452,660,1474,2,0
1456,660,1434,0,3
1457,660,1435,0,3
1468,660,1490,3,0
1470,660,1492,3,0
1456,661,1434,0,3
1457,661,1435,0,3
1468,661,1490,3,0
1470,661,1492,3,0
1456,662,1434,0,3
1457,662,1435,0,3
1468,662,1490,3,0
1470,662,1492,3,0
1456,663,1434,0,3
1457,663,1435,0,3
1468,663,1490,3,0
1470,663,1492,3,0
1456,664,1434,0,3
1457,664,1435,0,3
1468,664,1490,3,0
1457,665,1435,0,3
1468,665,1490,3,0
1457,666,1435,0,3
1468,666,1490,3,0
1457,667,1435,0,3
1459,667,1437,0,3
1468,667,1490,3,0
1457,668,1435,0,3
1459,668,1437,0,3
1468,668,1490,3,0
1457,669,1435,0,3
1459,669,1437,0,3
1468,669,1490,3,0
1457,670,1435,0,3
1459,670,1437,0,3
1464,670,1486,3,0
1468,670,1490,3,0
1457,671,1435,0,3
1459,671,1437,0,3
1464,671,1486,3,0
1468,671,1490,3,0
1457,672,1435,0,3
1459,672,1437,0,3
1464,672,1486,3,0
1468,672,1490,3,0
1457,673,1435,0,3
1459,673,1437,0,3
1468,673,1490,3,0
1457,674,1435,0,3
1459,674,1437,0,3
1468,674,1490,3,0
1457,675,1435,0,3
1468,675,1490,3,0
1468,676,1490,3,0
1457,677,1435,0,3
1468,677,1490,3,0
1456,678,1434,0,3
1457,678,1435,0,3
1468,678,1490,3,0
1470,678,1492,3,0
1456,679,1434,0,3
1457,679,1435,0,3
1468,679,1490,3,0
1470,679,1492,3,0
1456,680,1434,0,3
1457,680,1435,0,3
1468,680,1490,3,0
1470,680,1492,3,0
1456,681,1434,0,3
1457,681,1435,0,3
1468,681,1490,3,0
1470,681,1492,3,0
1474,682,1496,2,0
1477,682,1499,3,0
1478,682,1456,0,3
1490,682,1512,3,0
1492,682,1514,3,0
1477,683,1499,3,0
1478,683,1456,0,3
1490,683,1512,3,0
1492,683,1514,3,0
1477,684,1499,3,0
1478,684,1456,0,3
1490,684,1512,3,0
1492,684,1514,3,0
1477,685,1499,3,0
1478,685,1456,0,3
1490,685,1512,3,0
1492,685,1514,3,0
1478,686,1456,0,3
1490,686,1512,3,0
1490,687,1512,3,0
1480,688,1458,0,3
1490,688,1512,3,0
1480,689,1458,0,3
1481,689,1459,0,3
1490,689,1512,3,0
1480,690,1458,0,3
1481,690,1459,0,3
1490,690,1512,3,0
1480,691,1458,0,3
1481,691,1459,0,3
1490,691,1512,3,0
1480,692,1458,0,3
1481,692,1459,0,3
1484,692,1506,3,0
1486,692,1508,3,0
1490,692,1512,3,0
1480,693,1458,0,3
1481,693,1459,0,3
1484,693,1506,3,0
1486,693,1508,3,0
1490,693,1512,3,0
1480,694,1458,0,3
1481,694,1459,0,3
1486,694,1508,3,0
1490,694,1512,3,0
1480,695,1458,0,3
1481,695,1459,0,3
1490,695,1512,3,0
1480,696,1458,0,3
1481,696,1459,0,3
1490,696,1512,3,0
1480,697,1458,0,3
1490,697,1512,3,0
1490,698,1512,3,0
1490,699,1512,3,0
1478,700,1456,0,3
1490,700,1512,3,0
1492,700,1514,3,0
1477,701,1499,3,0
1478,701,1456,0,3
1490,701,1512,3,0
1492,701,1514,3,0
1477,702,1499,3,0
1478,702,1456,0,3
1490,702,1512,3,0
1492,702,1514,3,0
1477,703,1499,3,0
1478,703,1456,0,3
1490,703,1512,3,0
1492,703,1514,3,0
1496,704,1518,2,0
1499,704,1521,3,0
1514,704,1536,3,0
1515,704,1537,3,0
1517,704,1539,3,0
1499,705,1521,3,0
1514,705,1536,3,0
1515,705,1537,3,0
1499,706,1521,3,0
1514,706,1536,3,0
1515,706,1537,3,0
1499,707,1521,3,0
1514,707,1536,3,0
1502,710,1480,0,3
1502,711,1480,0,3
1503,711,1481,0,3
1511,711,1533,3,0
1502,712,1480,0,3
1503,712,1481,0,3
1511,712,1533,3,0
1502,713,1480,0,3
1503,713,1481,0,3
1511,713,1533,3,0
1502,714,1480,0,3
1503,714,1481,0,3
1508,714,1530,3,0
1511,714,1533,3,0
1502,715,1480,0,3
1503,715,1481,0,3
1507,715,1485,0,3
1508,715,1530,3,0
1511,715,1533,3,0
1502,716,1480,0,3
1503,716,1481,0,3
1508,716,1530,3,0
1511,716,1533,3,0
1502,717,1480,0,3
1503,717,1481,0,3
1511,717,1533,3,0
1502,718,1480,0,3
1503,718,1481,0,3
1511,718,1533,3,0
1502,719,1480,0,3
1511,719,1533,3,0
1514,722,1536,3,0
1499,723,1521,3,0
1514,723,1536,3,0
1515,723,1537,3,0
1499,724,1521,3,0
1514,724,1536,3,0
1515,724,1537,3,0
1499,725,1521,3,0
1514,725,1536,3,0
1515,725,1537,3,0
1517,725,1539,3,0
1518,726,1540,2,0
1519,726,1497,0,3
1520,726,1542,3,0
1521,726,1543,3,0
1535,726,1557,3,0
1536,726,1558,3,0
1539,726,1561,3,0
1519,727,1497,0,3
1520,727,1542,3,0
1521,727,1543,3,0
1535,727,1557,3,0
1536,727,1558,3,0
1520,728,1542,3,0
1521,728,1543,3,0
1535,728,1557,3,0
1536,728,1558,3,0
1521,729,1543,3,0
1535,729,1557,3,0
1536,729,1558,3,0
1535,730,1557,3,0
1524,732,1502,0,3
1524,733,1502,0,3
1525,733,1503,0,3
1524,734,1502,0,3
1525,734,1503,0,3
1524,735,1502,0,3
1525,735,1503,0,3
1524,736,1502,0,3
1525,736,1503,0,3
1528,736,1550,3,0
1524,737,1502,0,3
1525,737,1503,0,3
1528,737,1550,3,0
1524,738,1502,0,3
1525,738,1503,0,3
1524,739,1502,0,3
1525,739,1503,0,3
1524,740,1502,0,3
1525,740,1503,0,3
1524,741,1502,0,3
1535,743,1557,3,0
1535,744,1557,3,0
1536,744,1558,3,0
1521,745,1543,3,0
1535,745,1557,3,0
1536,745,1558,3,0
1520,746,1542,3,0
1521,746,1543,3,0
1535,746,1557,3,0
1536,746,1558,3,0
1519,747,1497,0,3
1520,747,1542,3,0
1521,747,1543,3,0
1535,747,1557,3,0
1536,747,1558,3,0
1539,747,1561,3,0
1540,748,1562,2,0
1541,748,1519,0,3
1542,748,1564,3,0
1543,748,1565,3,0
1557,748,1579,3,0
1558,748,1580,3,0
1561,748,1583,3,0
1541,749,1519,0,3
1542,749,1564,3,0
1543,749,1565,3,0
1557,749,1579,3,0
1558,749,1580,3,0
1542,750,1564,3,0
1543,750,1565,3,0
1557,750,1579,3,0
1558,750,1580,3,0
1543,751,1565,3,0
1557,751,1579,3,0
1558,751,1580,3,0
1557,752,1579,3,0
1546,754,1524,0,3
1546,755,1524,0,3
1547,755,1525,0,3
1546,756,1524,0,3
1547,756,1525,0,3
1546,757,1524,0,3
1547,757,1525,0,3
1546,758,1524,0,3
1547,758,1525,0,3
1550,758,1572,3,0
1546,759,1524,0,3
1547,759,1525,0,3
1550,759,1572,3,0
1546,760,1524,0,3
1547,760,1525,0,3
1546,761,1524,0,3
1547,761,1525,0,3
1546,762,1524,0,3
1547,762,1525,0,3
1546,763,1524,0,3
1557,765,1579,3,0
1557,766,1579,3,0
1558,766,1580,3,0
1543,767,1565,3,0
1557,767,1579,3,0
1558,767,1580,3,0
1542,768,1564,3,0
1543,768,1565,3,0
1557,768,1579,3,0
1558,768,1580,3,0
1541,769,1519,0,3
1542,769,1564,3,0
1543,769,1565,3,0
1557,769,1579,3,0
1558,769,1580,3,0
1561,769,1583,3,0
1562,770,0,2,3
1563,770,1541,0,3
1564,770,2,3,3
1578,770,1556,0,3
1579,770,17,3,3
1580,770,18,3,3
1582,770,20,3,3
1583,770,21,3,3
1563,771,1541,0,3
1564,771,2,3,3
1578,771,1556,0,3
1579,771,17,3,3
1580,771,18,3,3
1582,771,20,3,3
1564,772,2,3,3
1578,772,1556,0,3
1579,772,17,3,3
1580,772,18,3,3
1578,773,1556,0,3
1579,773,17,3,3
1580,773,18,3,3
1578,774,1556,0,3
1579,774,17,3,3
1578,775,1556,0,3
1578,776,1556,0,3
1569,777,1547,0,3
1578,777,1556,0,3
1569,778,1547,0,3
1578,778,1556,0,3
1569,779,1547,0,3
1571,779,1549,0,3
1578,779,1556,0,3
1569,780,1547,0,3
1571,780,1549,0,3
1572,780,10,3,3
1574,780,12,3,3
1578,780,1556,0,3
1569,781,1547,0,3
1571,781,1549,0,3
1572,781,10,3,3
1573,781,1551,0,3
1574,781,12,3,3
1578,781,1556,0,3
1569,782,1547,0,3
1571,782,1549,0,3
1574,782,12,3,3
1578,782,1556,0,3
1569,783,1547,0,3
1578,783,1556,0,3
1569,784,1547,0,3
1578,784,1556,0,3
1578,785,1556,0,3
1578,786,1556,0,3
1578,787,1556,0,3
1579,787,17,3,3
1578,788,1556,0,3
1579,788,17,3,3
1580,788,18,3,3
1578,789,1556,0,3
1579,789,17,3,3
1580,789,18,3,3
1564,790,2,3,3
1578,790,1556,0,3
1579,790,17,3,3
1580,790,18,3,3
1582,790,20,3,3
1563,791,1541,0,3
1564,791,2,3,3
1578,791,1556,0,3
1579,791,17,3,3
1580,791,18,3,3
1582,791,20,3,3
1583,791,21,3,3
0,792,22,1,0
1,792,1563,3,3
2,792,24,2,0
3,792,25,2,0
16,792,1578,3,3
17,792,39,2,0
18,792,40,2,0
20,792,42,2,0
21,792,43,2,0
1,793,1563,3,3
2,793,24,2,0
3,793,25,2,0
16,793,1578,3,3
17,793,39,2,0
18,793,40,2,0
20,793,42,2,0
2,794,24,2,0
3,794,25,2,0
16,794,1578,3,3
17,794,39,2,0
18,794,40,2,0
3,795,25,2,0
16,795,1578,3,3
17,795,39,2,0
18,795,40,2,0
16,796,1578,3,3
17,796,39,2,0
16,797,1578,3,3
16,798,1578,3,3
7,799,1569,3,3
16,799,1578,3,3
7,800,1569,3,3
16,800,1578,3,3
7,801,1569,3,3
16,801,1578,3,3
7,802,1569,3,3
16,802,1578,3,3
7,803,1569,3,3
11,803,1573,3,3
16,803,1578,3,3
7,804,1569,3,3
16,804,1578,3,3
7,805,1569,3,3
16,805,1578,3,3
7,806,1569,3,3
16,806,1578,3,3
16,807,1578,3,3
16,808,1578,3,3
16,809,1578,3,3
17,809,39,2,0
16,810,1578,3,3
17,810,39,2,0
18,810,40,2,0
3,811,25,2,0
16,811,1578,3,3
17,811,39,2,0
18,811,40,2,0
2,812,24,2,0
3,812,25,2,0
16,812,1578,3,3
17,812,39,2,0
18,812,40,2,0
20,812,42,2,0
1,813,1563,3,3
2,813,24,2,0
3,813,25,2,0
16,813,1578,3,3
17,813,39,2,0
18,813,40,2,0
20,813,42,2,0
21,813,43,2,0
22,814,44,2,0
23,814,1,0,2
24,814,46,3,0
25,814,47,3,0
38,814,16,0,2
39,814,61,3,0
40,814,62,3,0
42,814,64,3,0
43,814,65,3,0
23,815,1,0,2
24,815,46,3,0
25,815,47,3,0
38,815,16,0,2
39,815,61,3,0
40,815,62,3,0
42,815,64,3,0
24,816,46,3,0
25,816,47,3,0
38,816,16,0,2
39,816,61,3,0
40,816,62,3,0
25,817,47,3,0
38,817,16,0,2
39,817,61,3,0
40,817,62,3,0
38,818,16,0,2
39,818,61,3,0
38,819,16,0,2
28,820,6,0,2
38,820,16,0,2
28,821,6,0,2
29,821,7,0,2
38,821,16,0,2
28,822,6,0,2
29,822,7,0,2
38,822,16,0,2
28,823,6,0,2
29,823,7,0,2
38,823,16,0,2
28,824,6,0,2
29,824,7,0,2
32,824,54,3,0
38,824,16,0,2
28,825,6,0,2
29,825,7,0,2
32,825,54,3,0
33,825,11,0,2
38,825,16,0,2
28,826,6,0,2
29,826,7,0,2
38,826,16,0,2
28,827,6,0,2
29,827,7,0,2
38,827,16,0,2
28,828,6,0,2
29,828,7,0,2
38,828,16,0,2
28,829,6,0,2
38,829,16,0,2
38,830,16,0,2
38,831,16,0,2
39,831,61,3,0
38,832,16,0,2
39,832,61,3,0
40,832,62,3,0
25,833,47,3,0
38,833,16,0,2
39,833,61,3,0
40,833,62,3,0
24,834,46,3,0
25,834,47,3,0
38,834,16,0,2
39,834,61,3,0
40,834,62,3,0
42,834,64,3,0
23,835,1,0,2
24,835,46,3,0
25,835,47,3,0
38,835,16,0,2
39,835,61,3,0
40,835,62,3,0
42,835,64,3,0
43,835,65,3,0
44,836,66,2,0
45,836,23,0,3
46,836,68,3,0
47,836,69,3,0
60,836,38,0,3
61,836,83,3,0
64,836,86,3,0
65,836,87,3,0
45,837,23,0,3
46,837,68,3,0
47,837,69,3,0
60,837,38,0,3
61,837,83,3,0
64,837,86,3,0
46,838,68,3,0
47,838,69,3,0
60,838,38,0,3
61,838,83,3,0
47,839,69,3,0
60,839,38,0,3
61,839,83,3,0
60,840,38,0,3
61,840,83,3,0
60,841,38,0,3
50,842,28,0,3
60,842,38,0,3
50,843,28,0,3
51,843,29,0,3
60,843,38,0,3
50,844,28,0,3
51,844,29,0,3
60,844,38,0,3
50,845,28,0,3
51,845,29,0,3
60,845,38,0,3
50,846,28,0,3
51,846,29,0,3
60,846,38,0,3
50,847,28,0,3
51,847,29,0,3
55,847,33,0,3
60,847,38,0,3
50,848,28,0,3
51,848,29,0,3
60,848,38,0,3
50,849,28,0,3
51,849,29,0,3
60,849,38,0,3
50,850,28,0,3
51,850,29,0,3
60,850,38,0,3
50,851,28,0,3
60,851,38,0,3
60,852,38,0,3
60,853,38,0,3
61,853,83,3,0
60,854,38,0,3
61,854,83,3,0
47,855,69,3,0
60,855,38,0,3
61,855,83,3,0
46,856,68,3,0
47,856,69,3,0
60,856,38,0,3
61,856,83,3,0
64,856,86,3,0
45,857,23,0,3
46,857,68,3,0
47,857,69,3,0
60,857,38,0,3
61,857,83,3,0
64,857,86,3,0
65,857,87,3,0
66,858,88,2,0
67,858,45,0,3
70,858,48,0,3
82,858,60,0,3
83,858,105,3,0
86,858,108,3,0
67,859,45,0,3
70,859,48,0,3
82,859,60,0,3
83,859,105,3,0
86,859,108,3,0
70,860,48,0,3
82,860,60,0,3
83,860,105,3,0
70,861,48,0,3
82,861,60,0,3
83,861,105,3,0
70,862,48,0,3
82,862,60,0,3
83,862,105,3,0
82,863,60,0,3
72,864,50,0,3
82,864,60,0,3
72,865,50,0,3
73,865,51,0,3
82,865,60,0,3
72,866,50,0,3
73,866,51,0,3
82,866,60,0,3
72,867,50,0,3
73,867,51,0,3
82,867,60,0,3
72,868,50,0,3
73,868,51,0,3
82,868,60,0,3
72,869,50,0,3
73,869,51,0,3
77,869,55,0,3
82,869,60,0,3
72,870,50,0,3
73,870,51,0,3
82,870,60,0,3
72,871,50,0,3
73,871,51,0,3
82,871,60,0,3
72,872,50,0,3
73,872,51,0,3
82,872,60,0,3
72,873,50,0,3
82,873,60,0,3
82,874,60,0,3
82,875,60,0,3
83,875,105,3,0
70,876,48,0,3
82,876,60,0,3
83,876,105,3,0
70,877,48,0,3
82,877,60,0,3
83,877,105,3,0
70,878,48,0,3
82,878,60,0,3
83,878,105,3,0
86,878,108,3,0
67,879,45,0,3
70,879,48,0,3
82,879,60,0,3
83,879,105,3,0
86,879,108,3,0
88,880,110,2,0
89,880,67,0,3
92,880,70,0,3
104,880,82,0,3
105,880,127,3,0
108,880,130,3,0
89,881,67,0,3
92,881,70,0,3
104,881,82,0,3
105,881,127,3,0
108,881,130,3,0
92,882,70,0,3
104,882,82,0,3
105,882,127,3,0
92,883,70,0,3
104,883,82,0,3
105,883,127,3,0
92,884,70,0,3
104,884,82,0,3
105,884,127,3,0
104,885,82,0,3
94,886,72,0,3
104,886,82,0,3
94,887,72,0,3
95,887,73,0,3
104,887,82,0,3
94,888,72,0,3
95,888,73,0,3
104,888,82,0,3
94,889,72,0,3
95,889,73,0,3
104,889,82,0,3
94,890,72,0,3
95,890,73,0,3
104,890,82,0,3
94,891,72,0,3
95,891,73,0,3
104,891,82,0,3
94,892,72,0,3
95,892,73,0,3
104,892,82,0,3
94,893,72,0,3
95,893,73,0,3
104,893,82,0,3
94,894,72,0,3
95,894,73,0,3
104,894,82,0,3
94,895,72,0,3
104,895,82,0,3
104,896,82,0,3
104,897,82,0,3
105,897,127,3,0
92,898,70,0,3
104,898,82,0,3
105,898,127,3,0
92,899,70,0,3
104,899,82,0,3
105,899,127,3,0
92,900,70,0,3
104,900,82,0,3
105,900,127,3,0
108,900,130,3,0
89,901,67,0,3
92,901,70,0,3
104,901,82,0,3
105,901,127,3,0
108,901,130,3,0
110,902,132,2,0
111,902,89,0,3
114,902,92,0,3
126,902,104,0,3
130,902,152,3,0
111,903,89,0,3
114,903,92,0,3
126,903,104,0,3
130,903,152,3,0
114,904,92,0,3
126,904,104,0,3
114,905,92,0,3
126,905,104,0,3
114,906,92,0,3
126,906,104,0,3
126,907,104,0,3
116,908,138,3,0
126,908,104,0,3
116,909,138,3,0
117,909,95,0,3
125,909,103,0,3
126,909,104,0,3
116,910,138,3,0
117,910,95,0,3
125,910,103,0,3
126,910,104,0,3
116,911,138,3,0
117,911,95,0,3
125,911,103,0,3
126,911,104,0,3
116,912,138,3,0
117,912,95,0,3
125,912,103,0,3
126,912,104,0,3
116,913,138,3,0
117,913,95,0,3
125,913,103,0,3
126,913,104,0,3
116,914,138,3,0
117,914,95,0,3
125,914,103,0,3
126,914,104,0,3
116,915,138,3,0
117,915,95,0,3
125,915,103,0,3
126,915,104,0,3
116,916,138,3,0
117,916,95,0,3
125,916,103,0,3
126,916,104,0,3
116,917,138,3,0
125,917,103,0,3
126,917,104,0,3
126,918,104,0,3
126,919,104,0,3
114,920,92,0,3
126,920,104,0,3
114,921,92,0,3
126,921,104,0,3
114,922,92,0,3
126,922,104,0,3
130,922,152,3,0
111,923,89,0,3
114,923,92,0,3
126,923,104,0,3
130,923,152,3,0
132,924,154,2,0
133,924,111,0,3
135,924,113,0,3
136,924,114,0,3
148,924,126,0,3
151,924,129,0,3
152,924,174,3,0
133,925,111,0,3
135,925,113,0,3
136,925,114,0,3
148,925,126,0,3
151,925,129,0,3
152,925,174,3,0
135,926,113,0,3
136,926,114,0,3
148,926,126,0,3
151,926,129,0,3
135,927,113,0,3
136,927,114,0,3
148,927,126,0,3
136,928,114,0,3
148,928,126,0,3
148,929,126,0,3
138,930,160,3,0
148,930,126,0,3
138,931,160,3,0
139,931,117,0,3
147,931,125,0,3
148,931,126,0,3
138,932,160,3,0
139,932,117,0,3
147,932,125,0,3
148,932,126,0,3
138,933,160,3,0
139,933,117,0,3
147,933,125,0,3
148,933,126,0,3
138,934,160,3,0
139,934,117,0,3
147,934,125,0,3
148,934,126,0,3
138,935,160,3,0
139,935,117,0,3
147,935,125,0,3
148,935,126,0,3
138,936,160,3,0
139,936,117,0,3
147,936,125,0,3
148,936,126,0,3
138,937,160,3,0
139,937,117,0,3
147,937,125,0,3
148,937,126,0,3
138,938,160,3,0
139,938,117,0,3
147,938,125,0,3
148,938,126,0,3
138,939,160,3,0
147,939,125,0,3
148,939,126,0,3
148,940,126,0,3
148,941,126,0,3
136,942,114,0,3
148,942,126,0,3
135,943,113,0,3
136,943,114,0,3
148,943,126,0,3
151,943,129,0,3
135,944,113,0,3
136,944,114,0,3
148,944,126,0,3
151,944,129,0,3
152,944,174,3,0
133,945,111,0,3
135,945,113,0,3
136,945,114,0,3
148,945,126,0,3
151,945,129,0,3
152,945,174,3,0
155,946,133,0,3
157,946,135,0,3
170,946,148,0,3
172,946,194,3,0
174,946,196,3,0
175,946,197,3,0
155,947,133,0,3
157,947,135,0,3
170,947,148,0,3
172,947,194,3,0
174,947,196,3,0
157,948,135,0,3
170,948,148,0,3
172,948,194,3,0
157,949,135,0,3
170,949,148,0,3
172,949,194,3,0
170,950,148,0,3
170,951,148,0,3
160,952,182,3,0
170,952,148,0,3
160,953,182,3,0
169,953,191,3,0
170,953,148,0,3
160,954,182,3,0
169,954,191,3,0
170,954,148,0,3
160,955,182,3,0
167,955,145,0,3
169,955,191,3,0
170,955,148,0,3
160,956,182,3,0
167,956,145,0,3
169,956,191,3,0
170,956,148,0,3
160,957,182,3,0
167,957,145,0,3
169,957,191,3,0
170,957,148,0,3
160,958,182,3,0
167,958,145,0,3
169,958,191,3,0
170,958,148,0,3
160,959,182,3,0
167,959,145,0,3
169,959,191,3,0
170,959,148,0,3
160,960,182,3,0
169,960,191,3,0
170,960,148,0,3
160,961,182,3,0
169,961,191,3,0
170,961,148,0,3
170,962,148,0,3
170,963,148,0,3
170,964,148,0,3
172,964,194,3,0
157,965,135,0,3
170,965,148,0,3
172,965,194,3,0
157,966,135,0,3
170,966,148,0,3
172,966,194,3,0
174,966,196,3,0
155,967,133,0,3
157,967,135,0,3
170,967,148,0,3
172,967,194,3,0
174,967,196,3,0
175,967,197,3,0
177,968,155,0,3
192,968,170,0,3
194,968,216,3,0
177,969,155,0,3
192,969,170,0,3
194,969,216,3,0
192,970,170,0,3
194,970,216,3,0
192,971,170,0,3
194,971,216,3,0
192,972,170,0,3
192,973,170,0,3
182,974,204,3,0
192,974,170,0,3
182,975,204,3,0
191,975,213,3,0
192,975,170,0,3
182,976,204,3,0
190,976,168,0,3
191,976,213,3,0
192,976,170,0,3
182,977,204,3,0
185,977,163,0,3
189,977,167,0,3
190,977,168,0,3
191,977,213,3,0
192,977,170,0,3
182,978,204,3,0
185,978,163,0,3
189,978,167,0,3
190,978,168,0,3
191,978,213,3,0
192,978,170,0,3
182,979,204,3,0
185,979,163,0,3
189,979,167,0,3
190,979,168,0,3
191,979,213,3,0
192,979,170,0,3
182,980,204,3,0
185,980,163,0,3
189,980,167,0,3
190,980,168,0,3
191,980,213,3,0
192,980,170,0,3
182,981,204,3,0
189,981,167,0,3
190,981,168,0,3
191,981,213,3,0
192,981,170,0,3
182,982,204,3,0
190,982,168,0,3
191,982,213,3,0
192,982,170,0,3
182,983,204,3,0
191,983,213,3,0
192,983,170,0,3
192,984,170,0,3
192,985,170,0,3
192,986,170,0,3
194,986,216,3,0
192,987,170,0,3
194,987,216,3,0
192,988,170,0,3
194,988,216,3,0
177,989,155,0,3
192,989,170,0,3
194,989,216,3,0
199,990,177,0,3
201,990,223,3,0
214,990,192,0,3
219,990,197,0,3
199,991,177,0,3
201,991,223,3,0
214,991,192,0,3
201,992,223,3,0
214,992,192,0,3
201,993,223,3,0
214,993,192,0,3
214,994,192,0,3
214,995,192,0,3
204,996,226,3,0
214,996,192,0,3
204,997,226,3,0
213,997,235,3,0
214,997,192,0,3
204,998,226,3,0
212,998,190,0,3
213,998,235,3,0
214,998,192,0,3
204,999,226,3,0
207,999,185,0,3
211,999,189,0,3
212,999,190,0,3
213,999,235,3,0
214,999,192,0,3
204,1000,226,3,0
207,1000,185,0,3
208,1000,230,3,0
211,1000,189,0,3
212,1000,190,0,3
213,1000,235,3,0
214,1000,192,0,3
204,1001,226,3,0
207,1001,185,0,3
208,1001,230,3,0
211,1001,189,0,3
212,1001,190,0,3
213,1001,235,3,0
214,1001,192,0,3
204,1002,226,3,0
207,1002,185,0,3
211,1002,189,0,3
212,1002,190,0,3
213,1002,235,3,0
214,1002,192,0,3
204,1003,226,3,0
211,1003,189,0,3
212,1003,190,0,3
213,1003,235,3,0
214,1003,192,0,3
204,1004,226,3,0
212,1004,190,0,3
213,1004,235,3,0
214,1004,192,0,3
204,1005,226,3,0
213,1005,235,3,0
214,1005,192,0,3
214,1006,192,0,3
214,1007,192,0,3
214,1008,192,0,3
201,1009,223,3,0
214,1009,192,0,3
201,1010,223,3,0
214,1010,192,0,3
199,1011,177,0,3
201,1011,223,3,0
214,1011,192,0,3
219,1011,197,0,3
221,1012,199,0,3
223,1012,245,3,0
236,1012,214,0,3
239,1012,261,3,0
221,1013,199,0,3
223,1013,245,3,0
236,1013,214,0,3
239,1013,261,3,0
223,1014,245,3,0
236,1014,214,0,3
239,1014,261,3,0
223,1015,245,3,0
236,1015,214,0,3
236,1016,214,0,3
236,1017,214,0,3
236,1018,214,0,3
235,1019,257,3,0
236,1019,214,0,3
234,1020,212,0,3
235,1020,257,3,0
236,1020,214,0,3
229,1021,207,0,3
234,1021,212,0,3
235,1021,257,3,0
236,1021,214,0,3
229,1022,207,0,3
234,1022,212,0,3
235,1022,257,3,0
236,1022,214,0,3
229,1023,207,0,3
234,1023,212,0,3
235,1023,257,3,0
236,1023,214,0,3
229,1024,207,0,3
234,1024,212,0,3
235,1024,257,3,0
236,1024,214,0,3
234,1025,212,0,3
235,1025,257,3,0
236,1025,214,0,3
234,1026,212,0,3
235,1026,257,3,0
236,1026,214,0,3
235,1027,257,3,0
236,1027,214,0,3
236,1028,214,0,3
236,1029,214,0,3
236,1030,214,0,3
223,1031,245,3,0
236,1031,214,0,3
239,1031,261,3,0
223,1032,245,3,0
236,1032,214,0,3
239,1032,261,3,0
221,1033,199,0,3
223,1033,245,3,0
236,1033,214,0,3
239,1033,261,3,0
243,1034,221,0,3
245,1034,267,3,0
258,1034,236,0,3
261,1034,283,3,0
243,1035,221,0,3
245,1035,267,3,0
258,1035,236,0,3
261,1035,283,3,0
245,1036,267,3,0
258,1036,236,0,3
261,1036,283,3,0
245,1037,267,3,0
258,1037,236,0,3
258,1038,236,0,3
258,1039,236,0,3
248,1040,270,3,0
258,1040,236,0,3
248,1041,270,3,0
257,1041,279,3,0
258,1041,236,0,3
248,1042,270,3,0
257,1042,279,3,0
258,1042,236,0,3
248,1043,270,3,0
251,1043,229,0,3
257,1043,279,3,0
258,1043,236,0,3
248,1044,270,3,0
251,1044,229,0,3
254,1044,232,0,3
257,1044,279,3,0
258,1044,236,0,3
248,1045,270,3,0
251,1045,229,0,3
254,1045,232,0,3
257,1045,279,3,0
258,1045,236,0,3
248,1046,270,3,0
251,1046,229,0,3
254,1046,232,0,3
257,1046,279,3,0
258,1046,236,0,3
248,1047,270,3,0
257,1047,279,3,0
258,1047,236,0,3
248,1048,270,3,0
257,1048,279,3,0
258,1048,236,0,3
248,1049,270,3,0
257,1049,279,3,0
258,1049,236,0,3
258,1050,236,0,3
258,1051,236,0,3
258,1052,236,0,3
245,1053,267,3,0
258,1053,236,0,3
261,1053,283,3,0
245,1054,267,3,0
258,1054,236,0,3
261,1054,283,3,0
243,1055,221,0,3
245,1055,267,3,0
258,1055,236,0,3
261,1055,283,3,0
265,1056,243,0,3
267,1056,289,3,0
280,1056,258,0,3
285,1056,263,0,3
265,1057,243,0,3
267,1057,289,3,0
280,1057,258,0,3
267,1058,289,3,0
280,1058,258,0,3
267,1059,289,3,0
280,1059,258,0,3
280,1060,258,0,3
280,1061,258,0,3
270,1062,292,3,0
280,1062,258,0,3
270,1063,292,3,0
279,1063,301,3,0
280,1063,258,0,3
270,1064,292,3,0
279,1064,301,3,0
280,1064,258,0,3
270,1065,292,3,0
273,1065,251,0,3
279,1065,301,3,0
280,1065,258,0,3
270,1066,292,3,0
273,1066,251,0,3
274,1066,296,3,0
276,1066,254,0,3
279,1066,301,3,0
280,1066,258,0,3
270,1067,292,3,0
273,1067,251,0,3
274,1067,296,3,0
276,1067,254,0,3
279,1067,301,3,0
280,1067,258,0,3
270,1068,292,3,0
273,1068,251,0,3
276,1068,254,0,3
279,1068,301,3,0
280,1068,258,0,3
270,1069,292,3,0
279,1069,301,3,0
280,1069,258,0,3
270,1070,292,3,0
279,1070,301,3,0
280,1070,258,0,3
270,1071,292,3,0
279,1071,301,3,0
280,1071,258,0,3
280,1072,258,0,3
280,1073,258,0,3
280,1074,258,0,3
267,1075,289,3,0
280,1075,258,0,3
267,1076,289,3,0
280,1076,258,0,3
265,1077,243,0,3
267,1077,289,3,0
280,1077,258,0,3
285,1077,263,0,3
287,1078,265,0,3
302,1078,280,0,3
307,1078,285,0,3
287,1079,265,0,3
302,1079,280,0,3
302,1080,280,0,3
302,1081,280,0,3
302,1082,280,0,3
302,1083,280,0,3
292,1084,314,3,0
302,1084,280,0,3
292,1085,314,3,0
301,1085,323,3,0
302,1085,280,0,3
292,1086,314,3,0
301,1086,323,3,0
302,1086,280,0,3
292,1087,314,3,0
301,1087,323,3,0
302,1087,280,0,3
292,1088,314,3,0
296,1088,318,3,0
298,1088,276,0,3
301,1088,323,3,0
302,1088,280,0,3
292,1089,314,3,0
296,1089,318,3,0
298,1089,276,0,3
301,1089,323,3,0
302,1089,280,0,3
292,1090,314,3,0
298,1090,276,0,3
301,1090,323,3,0
302,1090,280,0,3
292,1091,314,3,0
301,1091,323,3,0
302,1091,280,0,3
292,1092,314,3,0
301,1092,323,3,0
302,1092,280,0,3
292,1093,314,3,0
301,1093,323,3,0
302,1093,280,0,3
302,1094,280,0,3
302,1095,280,0,3
302,1096,280,0,3
302,1097,280,0,3
302,1098,280,0,3
287,1099,265,0,3
302,1099,280,0,3
307,1099,285,0,3
309,1100,287,0,3
324,1100,302,0,3
327,1100,349,3,0
329,1100,307,0,3
309,1101,287,0,3
324,1101,302,0,3
327,1101,349,3,0
324,1102,302,0,3
327,1102,349,3,0
324,1103,302,0,3
324,1104,302,0,3
324,1105,302,0,3
314,1106,336,3,0
324,1106,302,0,3
314,1107,336,3,0
323,1107,345,3,0
324,1107,302,0,3
314,1108,336,3,0
323,1108,345,3,0
324,1108,302,0,3
314,1109,336,3,0
323,1109,345,3,0
324,1109,302,0,3
314,1110,336,3,0
318,1110,340,3,0
320,1110,298,0,3
323,1110,345,3,0
324,1110,302,0,3
314,1111,336,3,0
318,1111,340,3,0
320,1111,298,0,3
323,1111,345,3,0
324,1111,302,0,3
314,1112,336,3,0
320,1112,298,0,3
323,1112,345,3,0
324,1112,302,0,3
314,1113,336,3,0
323,1113,345,3,0
324,1113,302,0,3
314,1114,336,3,0
323,1114,345,3,0
324,1114,302,0,3
314,1115,336,3,0
323,1115,345,3,0
324,1115,302,0,3
324,1116,302,0,3
324,1117,302,0,3
324,1118,302,0,3
324,1119,302,0,3
327,1119,349,3,0
324,1120,302,0,3
327,1120,349,3,0
309,1121,287,0,3
324,1121,302,0,3
327,1121,349,3,0
329,1121,307,0,3
331,1122,309,0,3
346,1122,324,0,3
349,1122,371,3,0
351,1122,329,0,3
331,1123,309,0,3
346,1123,324,0,3
349,1123,371,3,0
346,1124,324,0,3
349,1124,371,3,0
346,1125,324,0,3
346,1126,324,0,3
346,1127,324,0,3
336,1128,358,3,0
346,1128,324,0,3
336,1129,358,3,0
345,1129,367,3,0
346,1129,324,0,3
336,1130,358,3,0
344,1130,322,0,3
345,1130,367,3,0
346,1130,324,0,3
336,1131,358,3,0
344,1131,322,0,3
345,1131,367,3,0
346,1131,324,0,3
336,1132,358,3,0
340,1132,362,3,0
342,1132,320,0,3
344,1132,322,0,3
345,1132,367,3,0
346,1132,324,0,3
336,1133,358,3,0
340,1133,362,3,0
342,1133,320,0,3
344,1133,322,0,3
345,1133,367,3,0
346,1133,324,0,3
336,1134,358,3,0
342,1134,320,0,3
344,1134,322,0,3
345,1134,367,3,0
346,1134,324,0,3
336,1135,358,3,0
344,1135,322,0,3
345,1135,367,3,0
346,1135,324,0,3
336,1136,358,3,0
344,1136,322,0,3
345,1136,367,3,0
346,1136,324,0,3
336,1137,358,3,0
345,1137,367,3,0
346,1137,324,0,3
346,1138,324,0,3
346,1139,324,0,3
346,1140,324,0,3
346,1141,324,0,3
349,1141,371,3,0
346,1142,324,0,3
349,1142,371,3,0
331,1143,309,0,3
346,1143,324,0,3
349,1143,371,3,0
351,1143,329,0,3
353,1144,331,0,3
368,1144,346,0,3
353,1145,331,0,3
368,1145,346,0,3
368,1146,346,0,3
368,1147,346,0,3
368,1148,346,0,3
368,1149,346,0,3
358,1150,380,3,0
368,1150,346,0,3
358,1151,380,3,0
359,1151,381,3,0
367,1151,389,3,0
368,1151,346,0,3
358,1152,380,3,0
359,1152,381,3,0
366,1152,344,0,3
367,1152,389,3,0
368,1152,346,0,3
358,1153,380,3,0
359,1153,381,3,0
366,1153,344,0,3
367,1153,389,3,0
368,1153,346,0,3
358,1154,380,3,0
359,1154,381,3,0
362,1154,384,3,0
364,1154,342,0,3
366,1154,344,0,3
367,1154,389,3,0
368,1154,346,0,3
358,1155,380,3,0
359,1155,381,3,0
362,1155,384,3,0
364,1155,342,0,3
366,1155,344,0,3
367,1155,389,3,0
368,1155,346,0,3
358,1156,380,3,0
359,1156,381,3,0
364,1156,342,0,3
366,1156,344,0,3
367,1156,389,3,0
368,1156,346,0,3
358,1157,380,3,0
359,1157,381,3,0
366,1157,344,0,3
367,1157,389,3,0
368,1157,346,0,3
358,1158,380,3,0
359,1158,381,3,0
366,1158,344,0,3
367,1158,389,3,0
368,1158,346,0,3
358,1159,380,3,0
367,1159,389,3,0
368,1159,346,0,3
368,1160,346,0,3
368,1161,346,0,3
368,1162,346,0,3
368,1163,346,0,3
368,1164,346,0,3
353,1165,331,0,3
368,1165,346,0,3
375,1166,353,0,3
390,1166,368,0,3
375,1167,353,0,3
390,1167,368,0,3
390,1168,368,0,3
390,1169,368,0,3
390,1170,368,0,3
390,1171,368,0,3
380,1172,402,3,0
390,1172,368,0,3
380,1173,402,3,0
381,1173,403,3,0
389,1173,411,3,0
390,1173,368,0,3
380,1174,402,3,0
381,1174,403,3,0
388,1174,366,0,3
389,1174,411,3,0
390,1174,368,0,3
380,1175,402,3,0
381,1175,403,3,0
388,1175,366,0,3
389,1175,411,3,0
390,1175,368,0,3
380,1176,402,3,0
381,1176,403,3,0
384,1176,406,3,0
386,1176,364,0,3
388,1176,366,0,3
389,1176,411,3,0
390,1176,368,0,3
380,1177,402,3,0
381,1177,403,3,0
384,1177,406,3,0
386,1177,364,0,3
388,1177,366,0,3
389,1177,411,3,0
390,1177,368,0,3
380,1178,402,3,0
381,1178,403,3,0
386,1178,364,0,3
388,1178,366,0,3
389,1178,411,3,0
390,1178,368,0,3
380,1179,402,3,0
381,1179,403,3,0
388,1179,366,0,3
389,1179,411,3,0
390,1179,368,0,3
380,1180,402,3,0
381,1180,403,3,0
388,1180,366,0,3
389,1180,411,3,0
390,1180,368,0,3
380,1181,402,3,0
389,1181,411,3,0
390,1181,368,0,3
390,1182,368,0,3
390,1183,368,0,3
390,1184,368,0,3
390,1185,368,0,3
390,1186,368,0,3
375,1187,353,0,3
390,1187,368,0,3
397,1188,375,0,3
401,1188,423,3,0
412,1188,390,0,3
397,1189,375,0,3
401,1189,423,3,0
412,1189,390,0,3
401,1190,423,3,0
412,1190,390,0,3
401,1191,423,3,0
412,1191,390,0,3
401,1192,423,3,0
412,1192,390,0,3
401,1193,423,3,0
412,1193,390,0,3
401,1194,423,3,0
402,1194,424,3,0
412,1194,390,0,3
401,1195,423,3,0
402,1195,424,3,0
403,1195,425,3,0
411,1195,433,3,0
412,1195,390,0,3
401,1196,423,3,0
402,1196,424,3,0
403,1196,425,3,0
410,1196,388,0,3
411,1196,433,3,0
412,1196,390,0,3
401,1197,423,3,0
402,1197,424,3,0
403,1197,425,3,0
410,1197,388,0,3
411,1197,433,3,0
412,1197,390,0,3
401,1198,423,3,0
402,1198,424,3,0
403,1198,425,3,0
408,1198,386,0,3
410,1198,388,0,3
411,1198,433,3,0
412,1198,390,0,3
401,1199,423,3,0
402,1199,424,3,0
403,1199,425,3,0
408,1199,386,0,3
410,1199,388,0,3
411,1199,433,3,0
412,1199,390,0,3
401,1200,423,3,0
402,1200,424,3,0
403,1200,425,3,0
408,1200,386,0,3
410,1200,388,0,3
411,1200,433,3,0
412,1200,390,0,3
401,1201,423,3,0
402,1201,424,3,0
403,1201,425,3,0
410,1201,388,0,3
411,1201,433,3,0
412,1201,390,0,3
401,1202,423,3,0
402,1202,424,3,0
403,1202,425,3,0
410,1202,388,0,3
411,1202,433,3,0
412,1202,390,0,3
401,1203,423,3,0
402,1203,424,3,0
411,1203,433,3,0
412,1203,390,0,3
412,1204,390,0,3
401,1205,423,3,0
412,1205,390,0,3
401,1206,423,3,0
412,1206,390,0,3
401,1207,423,3,0
412,1207,390,0,3
401,1208,423,3,0
412,1208,390,0,3
397,1209,375,0,3
401,1209,423,3,0
412,1209,390,0,3
419,1210,397,0,3
423,1210,445,3,0
434,1210,412,0,3
419,1211,397,0,3
423,1211,445,3,0
434,1211,412,0,3
423,1212,445,3,0
434,1212,412,0,3
423,1213,445,3,0
434,1213,412,0,3
423,1214,445,3,0
434,1214,412,0,3
423,1215,445,3,0
434,1215,412,0,3
423,1216,445,3,0
424,1216,446,3,0
434,1216,412,0,3
423,1217,445,3,0
424,1217,446,3,0
425,1217,447,3,0
433,1217,455,3,0
434,1217,412,0,3
423,1218,445,3,0
424,1218,446,3,0
425,1218,447,3,0
432,1218,410,0,3
433,1218,455,3,0
434,1218,412,0,3
423,1219,445,3,0
424,1219,446,3,0
425,1219,447,3,0
432,1219,410,0,3
433,1219,455,3,0
434,1219,412,0,3
423,1220,445,3,0
424,1220,446,3,0
425,1220,447,3,0
430,1220,408,0,3
432,1220,410,0,3
433,1220,455,3,0
434,1220,412,0,3
423,1221,445,3,0
424,1221,446,3,0
425,1221,447,3,0
430,1221,408,0,3
432,1221,410,0,3
433,1221,455,3,0
434,1221,412,0,3
423,1222,445,3,0
424,1222,446,3,0
425,1222,447,3,0
430,1222,408,0,3
432,1222,410,0,3
433,1222,455,3,0
434,1222,412,0,3
423,1223,445,3,0
424,1223,446,3,0
425,1223,447,3,0
432,1223,410,0,3
433,1223,455,3,0
434,1223,412,0,3
423,1224,445,3,0
424,1224,446,3,0
425,1224,447,3,0
432,1224,410,0,3
433,1224,455,3,0
434,1224,412,0,3
423,1225,445,3,0
424,1225,446,3,0
433,1225,455,3,0
434,1225,412,0,3
434,1226,412,0,3
423,1227,445,3,0
434,1227,412,0,3
423,1228,445,3,0
434,1228,412,0,3
423,1229,445,3,0
434,1229,412,0,3
423,1230,445,3,0
434,1230,412,0,3
419,1231,397,0,3
423,1231,445,3,0
434,1231,412,0,3
441,1232,419,0,3
445,1232,467,3,0
456,1232,434,0,3
441,1233,419,0,3
445,1233,467,3,0
456,1233,434,0,3
445,1234,467,3,0
456,1234,434,0,3
445,1235,467,3,0
456,1235,434,0,3
445,1236,467,3,0
456,1236,434,0,3
445,1237,467,3,0
456,1237,434,0,3
445,1238,467,3,0
446,1238,468,3,0
456,1238,434,0,3
445,1239,467,3,0
446,1239,468,3,0
447,1239,469,3,0
455,1239,477,3,0
456,1239,434,0,3
445,1240,467,3,0
446,1240,468,3,0
447,1240,469,3,0
454,1240,432,0,3
455,1240,477,3,0
456,1240,434,0,3
445,1241,467,3,0
446,1241,468,3,0
447,1241,469,3,0
454,1241,432,0,3
455,1241,477,3,0
456,1241,434,0,3
445,1242,467,3,0
446,1242,468,3,0
447,1242,469,3,0
452,1242,430,0,3
454,1242,432,0,3
455,1242,477,3,0
456,1242,434,0,3
445,1243,467,3,0
446,1243,468,3,0
447,1243,469,3,0
452,1243,430,0,3
454,1243,432,0,3
455,1243,477,3,0
456,1243,434,0,3
445,1244,467,3,0
446,1244,468,3,0
447,1244,469,3,0
452,1244,430,0,3
454,1244,432,0,3
455,1244,477,3,0
456,1244,434,0,3
445,1245,467,3,0
446,1245,468,3,0
447,1245,469,3,0
454,1245,432,0,3
455,1245,477,3,0
456,1245,434,0,3
445,1246,467,3,0
446,1246,468,3,0
447,1246,469,3,0
454,1246,432,0,3
455,1246,477,3,0
456,1246,434,0,3
445,1247,467,3,0
446,1247,468,3,0
455,1247,477,3,0
456,1247,434,0,3
456,1248,434,0,3
445,1249,467,3,0
456,1249,434,0,3
445,1250,467,3,0
456,1250,434,0,3
445,1251,467,3,0
456,1251,434,0,3
445,1252,467,3,0
456,1252,434,0,3
441,1253,419,0,3
445,1253,467,3,0
456,1253,434,0,3
463,1254,441,0,3
467,1254,489,3,0
478,1254,456,0,3
463,1255,441,0,3
467,1255,489,3,0
478,1255,456,0,3
467,1256,489,3,0
478,1256,456,0,3
467,1257,489,3,0
478,1257,456,0,3
467,1258,489,3,0
478,1258,456,0,3
467,1259,489,3,0
478,1259,456,0,3
467,1260,489,3,0
468,1260,490,3,0
478,1260,456,0,3
467,1261,489,3,0
468,1261,490,3,0
469,1261,491,3,0
477,1261,499,3,0
478,1261,456,0,3
467,1262,489,3,0
468,1262,490,3,0
469,1262,491,3,0
470,1262,448,0,3
476,1262,454,0,3
477,1262,499,3,0
478,1262,456,0,3
467,1263,489,3,0
468,1263,490,3,0
469,1263,491,3,0
470,1263,448,0,3
476,1263,454,0,3
477,1263,499,3,0
478,1263,456,0,3
467,1264,489,3,0
468,1264,490,3,0
469,1264,491,3,0
470,1264,448,0,3
474,1264,452,0,3
476,1264,454,0,3
477,1264,499,3,0
478,1264,456,0,3
467,1265,489,3,0
468,1265,490,3,0
469,1265,491,3,0
470,1265,448,0,3
474,1265,452,0,3
476,1265,454,0,3
477,1265,499,3,0
478,1265,456,0,3
467,1266,489,3,0
468,1266,490,3,0
469,1266,491,3,0
470,1266,448,0,3
474,1266,452,0,3
476,1266,454,0,3
477,1266,499,3,0
478,1266,456,0,3
467,1267,489,3,0
468,1267,490,3,0
469,1267,491,3,0
470,1267,448,0,3
476,1267,454,0,3
477,1267,499,3,0
478,1267,456,0,3
467,1268,489,3,0
468,1268,490,3,0
469,1268,491,3,0
476,1268,454,0,3
477,1268,499,3,0
478,1268,456,0,3
467,1269,489,3,0
468,1269,490,3,0
477,1269,499,3,0
478,1269,456,0,3
478,1270,456,0,3
467,1271,489,3,0
478,1271,456,0,3
467,1272,489,3,0
478,1272,456,0,3
467,1273,489,3,0
478,1273,456,0,3
467,1274,489,3,0
478,1274,456,0,3
463,1275,441,0,3
467,1275,489,3,0
478,1275,456,0,3
485,1276,463,0,3
489,1276,511,3,0
500,1276,478,0,3
485,1277,463,0,3
489,1277,511,3,0
500,1277,478,0,3
489,1278,511,3,0
500,1278,478,0,3
489,1279,511,3,0
500,1279,478,0,3
489,1280,511,3,0
500,1280,478,0,3
489,1281,511,3,0
500,1281,478,0,3
489,1282,511,3,0
490,1282,512,3,0
500,1282,478,0,3
489,1283,511,3,0
490,1283,512,3,0
491,1283,513,3,0
499,1283,521,3,0
500,1283,478,0,3
489,1284,511,3,0
490,1284,512,3,0
491,1284,513,3,0
498,1284,476,0,3
499,1284,521,3,0
500,1284,478,0,3
489,1285,511,3,0
490,1285,512,3,0
491,1285,513,3,0
498,1285,476,0,3
499,1285,521,3,0
500,1285,478,0,3
489,1286,511,3,0
490,1286,512,3,0
491,1286,513,3,0
496,1286,474,0,3
498,1286,476,0,3
499,1286,521,3,0
500,1286,478,0,3
489,1287,511,3,0
490,1287,512,3,0
491,1287,513,3,0
496,1287,474,0,3
498,1287,476,0,3
499,1287,521,3,0
500,1287,478,0,3
489,1288,511,3,0
490,1288,512,3,0
491,1288,513,3,0
496,1288,474,0,3
498,1288,476,0,3
499,1288,521,3,0
500,1288,478,0,3
489,1289,511,3,0
490,1289,512,3,0
491,1289,513,3,0
498,1289,476,0,3
499,1289,521,3,0
500,1289,478,0,3
489,1290,511,3,0
490,1290,512,3,0
491,1290,513,3,0
498,1290,476,0,3
499,1290,521,3,0
500,1290,478,0,3
489,1291,511,3,0
490,1291,512,3,0
499,1291,521,3,0
500,1291,478,0,3
500,1292,478,0,3
489,1293,511,3,0
500,1293,478,0,3
489,1294,511,3,0
500,1294,478,0,3
489,1295,511,3,0
500,1295,478,0,3
489,1296,511,3,0
500,1296,478,0,3
485,1297,463,0,3
489,1297,511,3,0
500,1297,478,0,3
507,1298,485,0,3
511,1298,533,3,0
522,1298,500,0,3
525,1298,547,3,0
507,1299,485,0,3
511,1299,533,3,0
522,1299,500,0,3
525,1299,547,3,0
511,1300,533,3,0
522,1300,500,0,3
525,1300,547,3,0
511,1301,533,3,0
522,1301,500,0,3
511,1302,533,3,0
522,1302,500,0,3
511,1303,533,3,0
522,1303,500,0,3
511,1304,533,3,0
512,1304,534,3,0
522,1304,500,0,3
511,1305,533,3,0
512,1305,534,3,0
513,1305,535,3,0
521,1305,543,3,0
522,1305,500,0,3
511,1306,533,3,0
512,1306,534,3,0
513,1306,535,3,0
514,1306,492,0,3
521,1306,543,3,0
522,1306,500,0,3
511,1307,533,3,0
512,1307,534,3,0
513,1307,535,3,0
514,1307,492,0,3
521,1307,543,3,0
522,1307,500,0,3
511,1308,533,3,0
512,1308,534,3,0
513,1308,535,3,0
514,1308,492,0,3
518,1308,496,0,3
521,1308,543,3,0
522,1308,500,0,3
511,1309,533,3,0
512,1309,534,3,0
513,1309,535,3,0
514,1309,492,0,3
518,1309,496,0,3
521,1309,543,3,0
522,1309,500,0,3
511,1310,533,3,0
512,1310,534,3,0
513,1310,535,3,0
514,1310,492,0,3
518,1310,496,0,3
521,1310,543,3,0
522,1310,500,0,3
511,1311,533,3,0
512,1311,534,3,0
513,1311,535,3,0
514,1311,492,0,3
521,1311,543,3,0
522,1311,500,0,3
511,1312,533,3,0
512,1312,534,3,0
513,1312,535,3,0
521,1312,543,3,0
522,1312,500,0,3
511,1313,533,3,0
512,1313,534,3,0
521,1313,543,3,0
522,1313,500,0,3
522,1314,500,0,3
511,1315,533,3,0
522,1315,500,0,3
511,1316,533,3,0
522,1316,500,0,3
511,1317,533,3,0
522,1317,500,0,3
525,1317,547,3,0
511,1318,533,3,0
522,1318,500,0,3
525,1318,547,3,0
507,1319,485,0,3
511,1319,533,3,0
522,1319,500,0,3
525,1319,547,3,0
529,1320,507,0,3
533,1320,555,3,0
544,1320,522,0,3
529,1321,507,0,3
533,1321,555,3,0
544,1321,522,0,3
533,1322,555,3,0
544,1322,522,0,3
533,1323,555,3,0
544,1323,522,0,3
533,1324,555,3,0
544,1324,522,0,3
533,1325,555,3,0
544,1325,522,0,3
533,1326,555,3,0
534,1326,556,3,0
544,1326,522,0,3
533,1327,555,3,0
534,1327,556,3,0
535,1327,557,3,0
543,1327,565,3,0
544,1327,522,0,3
533,1328,555,3,0
534,1328,556,3,0
535,1328,557,3,0
536,1328,514,0,3
543,1328,565,3,0
544,1328,522,0,3
533,1329,555,3,0
534,1329,556,3,0
535,1329,557,3,0
536,1329,514,0,3
543,1329,565,3,0
544,1329,522,0,3
533,1330,555,3,0
534,1330,556,3,0
535,1330,557,3,0
536,1330,514,0,3
540,1330,518,0,3
543,1330,565,3,0
544,1330,522,0,3
533,1331,555,3,0
534,1331,556,3,0
535,1331,557,3,0
536,1331,514,0,3
540,1331,518,0,3
543,1331,565,3,0
544,1331,522,0,3
533,1332,555,3,0
534,1332,556,3,0
535,1332,557,3,0
536,1332,514,0,3
540,1332,518,0,3
543,1332,565,3,0
544,1332,522,0,3
533,1333,555,3,0
534,1333,556,3,0
535,1333,557,3,0
536,1333,514,0,3
543,1333,565,3,0
544,1333,522,0,3
533,1334,555,3,0
534,1334,556,3,0
535,1334,557,3,0
543,1334,565,3,0
544,1334,522,0,3
533,1335,555,3,0
534,1335,556,3,0
543,1335,565,3,0
544,1335,522,0,3
544,1336,522,0,3
533,1337,555,3,0
544,1337,522,0,3
533,1338,555,3,0
544,1338,522,0,3
533,1339,555,3,0
544,1339,522,0,3
533,1340,555,3,0
544,1340,522,0,3
529,1341,507,0,3
533,1341,555,3,0
544,1341,522,0,3
551,1342,529,0,3
555,1342,577,3,0
566,1342,544,0,3
551,1343,529,0,3
555,1343,577,3,0
566,1343,544,0,3
555,1344,577,3,0
566,1344,544,0,3
555,1345,577,3,0
566,1345,544,0,3
555,1346,577,3,0
566,1346,544,0,3
555,1347,577,3,0
566,1347,544,0,3
555,1348,577,3,0
556,1348,578,3,0
566,1348,544,0,3
555,1349,577,3,0
556,1349,578,3,0
557,1349,579,3,0
565,1349,587,3,0
566,1349,544,0,3
555,1350,577,3,0
556,1350,578,3,0
557,1350,579,3,0
558,1350,536,0,3
565,1350,587,3,0
566,1350,544,0,3
555,1351,577,3,0
556,1351,578,3,0
557,1351,579,3,0
558,1351,536,0,3
565,1351,587,3,0
566,1351,544,0,3
555,1352,577,3,0
556,1352,578,3,0
557,1352,579,3,0
558,1352,536,0,3
562,1352,540,0,3
565,1352,587,3,0
566,1352,544,0,3
555,1353,577,3,0
556,1353,578,3,0
557,1353,579,3,0
558,1353,536,0,3
562,1353,540,0,3
565,1353,587,3,0
566,1353,544,0,3
555,1354,577,3,0
556,1354,578,3,0
557,1354,579,3,0
558,1354,536,0,3
562,1354,540,0,3
565,1354,587,3,0
566,1354,544,0,3
555,1355,577,3,0
556,1355,578,3,0
557,1355,579,3,0
558,1355,536,0,3
565,1355,587,3,0
566,1355,544,0,3
555,1356,577,3,0
556,1356,578,3,0
557,1356,579,3,0
565,1356,587,3,0
566,1356,544,0,3
555,1357,577,3,0
556,1357,578,3,0
565,1357,587,3,0
566,1357,544,0,3
566,1358,544,0,3
555,1359,577,3,0
566,1359,544,0,3
555,1360,577,3,0
566,1360,544,0,3
555,1361,577,3,0
566,1361,544,0,3
555,1362,577,3,0
566,1362,544,0,3
551,1363,529,0,3
555,1363,577,3,0
566,1363,544,0,3
576,1364,598,3,0
577,1364,599,3,0
588,1364,566,0,3
576,1365,598,3,0
577,1365,599,3,0
588,1365,566,0,3
576,1366,598,3,0
577,1366,599,3,0
588,1366,566,0,3
576,1367,598,3,0
577,1367,599,3,0
588,1367,566,0,3
576,1368,598,3,0
577,1368,599,3,0
588,1368,566,0,3
577,1369,599,3,0
588,1369,566,0,3
577,1370,599,3,0
578,1370,600,3,0
588,1370,566,0,3
577,1371,599,3,0
578,1371,600,3,0
579,1371,601,3,0
587,1371,609,3,0
588,1371,566,0,3
577,1372,599,3,0
578,1372,600,3,0
579,1372,601,3,0
580,1372,558,0,3
586,1372,564,0,3
587,1372,609,3,0
588,1372,566,0,3
577,1373,599,3,0
578,1373,600,3,0
579,1373,601,3,0
580,1373,558,0,3
586,1373,564,0,3
587,1373,609,3,0
588,1373,566,0,3
577,1374,599,3,0
578,1374,600,3,0
579,1374,601,3,0
580,1374,558,0,3
584,1374,562,0,3
586,1374,564,0,3
587,1374,609,3,0
588,1374,566,0,3
577,1375,599,3,0
578,1375,600,3,0
579,1375,601,3,0
580,1375,558,0,3
584,1375,562,0,3
586,1375,564,0,3
587,1375,609,3,0
588,1375,566,0,3
577,1376,599,3,0
578,1376,600,3,0
579,1376,601,3,0
580,1376,558,0,3
584,1376,562,0,3
586,1376,564,0,3
587,1376,609,3,0
588,1376,566,0,3
577,1377,599,3,0
578,1377,600,3,0
579,1377,601,3,0
580,1377,558,0,3
586,1377,564,0,3
587,1377,609,3,0
588,1377,566,0,3
577,1378,599,3,0
578,1378,600,3,0
579,1378,601,3,0
586,1378,564,0,3
587,1378,609,3,0
588,1378,566,0,3
577,1379,599,3,0
578,1379,600,3,0
587,1379,609,3,0
588,1379,566,0,3
588,1380,566,0,3
577,1381,599,3,0
588,1381,566,0,3
576,1382,598,3,0
577,1382,599,3,0
588,1382,566,0,3
576,1383,598,3,0
577,1383,599,3,0
588,1383,566,0,3
576,1384,598,3,0
577,1384,599,3,0
588,1384,566,0,3
576,1385,598,3,0
577,1385,599,3,0
588,1385,566,0,3
598,1386,620,3,0
599,1386,621,3,0
610,1386,588,0,3
612,1386,590,0,3
598,1387,620,3,0
599,1387,621,3,0
610,1387,588,0,3
612,1387,590,0,3
598,1388,620,3,0
599,1388,621,3,0
610,1388,588,0,3
612,1388,590,0,3
598,1389,620,3,0
599,1389,621,3,0
610,1389,588,0,3
612,1389,590,0,3
598,1390,620,3,0
599,1390,621,3,0
610,1390,588,0,3
599,1391,621,3,0
610,1391,588,0,3
599,1392,621,3,0
600,1392,622,3,0
610,1392,588,0,3
599,1393,621,3,0
600,1393,622,3,0
601,1393,623,3,0
609,1393,631,3,0
610,1393,588,0,3
599,1394,621,3,0
600,1394,622,3,0
601,1394,623,3,0
602,1394,580,0,3
608,1394,586,0,3
609,1394,631,3,0
610,1394,588,0,3
599,1395,621,3,0
600,1395,622,3,0
601,1395,623,3,0
602,1395,580,0,3
608,1395,586,0,3
609,1395,631,3,0
610,1395,588,0,3
599,1396,621,3,0
600,1396,622,3,0
601,1396,623,3,0
602,1396,580,0,3
604,1396,582,0,3
606,1396,584,0,3
608,1396,586,0,3
609,1396,631,3,0
610,1396,588,0,3
599,1397,621,3,0
600,1397,622,3,0
601,1397,623,3,0
602,1397,580,0,3
604,1397,582,0,3
606,1397,584,0,3
608,1397,586,0,3
609,1397,631,3,0
610,1397,588,0,3
599,1398,621,3,0
600,1398,622,3,0
601,1398,623,3,0
602,1398,580,0,3
606,1398,584,0,3
608,1398,586,0,3
609,1398,631,3,0
610,1398,588,0,3
599,1399,621,3,0
600,1399,622,3,0
601,1399,623,3,0
602,1399,580,0,3
608,1399,586,0,3
609,1399,631,3,0
610,1399,588,0,3
599,1400,621,3,0
600,1400,622,3,0
601,1400,623,3,0
608,1400,586,0,3
609,1400,631,3,0
610,1400,588,0,3
599,1401,621,3,0
600,1401,622,3,0
609,1401,631,3,0
610,1401,588,0,3
610,1402,588,0,3
599,1403,621,3,0
610,1403,588,0,3
598,1404,620,3,0
599,1404,621,3,0
610,1404,588,0,3
612,1404,590,0,3
598,1405,620,3,0
599,1405,621,3,0
610,1405,588,0,3
612,1405,590,0,3
598,1406,620,3,0
599,1406,621,3,0
610,1406,588,0,3
612,1406,590,0,3
598,1407,620,3,0
599,1407,621,3,0
610,1407,588,0,3
612,1407,590,0,3
621,1408,643,3,0
632,1408,610,0,3
634,1408,612,0,3
621,1409,643,3,0
632,1409,610,0,3
634,1409,612,0,3
621,1410,643,3,0
632,1410,610,0,3
634,1410,612,0,3
621,1411,643,3,0
632,1411,610,0,3
634,1411,612,0,3
621,1412,643,3,0
632,1412,610,0,3
621,1413,643,3,0
632,1413,610,0,3
621,1414,643,3,0
622,1414,644,3,0
632,1414,610,0,3
621,1415,643,3,0
622,1415,644,3,0
623,1415,645,3,0
632,1415,610,0,3
621,1416,643,3,0
622,1416,644,3,0
623,1416,645,3,0
624,1416,602,0,3
630,1416,608,0,3
632,1416,610,0,3
621,1417,643,3,0
622,1417,644,3,0
623,1417,645,3,0
624,1417,602,0,3
630,1417,608,0,3
632,1417,610,0,3
621,1418,643,3,0
622,1418,644,3,0
623,1418,645,3,0
624,1418,602,0,3
628,1418,606,0,3
630,1418,608,0,3
632,1418,610,0,3
621,1419,643,3,0
622,1419,644,3,0
623,1419,645,3,0
624,1419,602,0,3
628,1419,606,0,3
630,1419,608,0,3
632,1419,610,0,3
621,1420,643,3,0
622,1420,644,3,0
623,1420,645,3,0
624,1420,602,0,3
628,1420,606,0,3
630,1420,608,0,3
632,1420,610,0,3
621,1421,643,3,0
622,1421,644,3,0
623,1421,645,3,0
624,1421,602,0,3
630,1421,608,0,3
632,1421,610,0,3
621,1422,643,3,0
622,1422,644,3,0
623,1422,645,3,0
630,1422,608,0,3
632,1422,610,0,3
621,1423,643,3,0
622,1423,644,3,0
632,1423,610,0,3
632,1424,610,0,3
621,1425,643,3,0
632,1425,610,0,3
621,1426,643,3,0
632,1426,610,0,3
634,1426,612,0,3
621,1427,643,3,0
632,1427,610,0,3
634,1427,612,0,3
621,1428,643,3,0
632,1428,610,0,3
634,1428,612,0,3
621,1429,643,3,0
632,1429,610,0,3
634,1429,612,0,3
638,1430,616,0,2
643,1430,665,3,0
654,1430,632,0,3
656,1430,634,0,3
643,1431,665,3,0
654,1431,632,0,3
656,1431,634,0,3
643,1432,665,3,0
654,1432,632,0,3
656,1432,634,0,3
643,1433,665,3,0
654,1433,632,0,3
656,1433,634,0,3
643,1434,665,3,0
654,1434,632,0,3
643,1435,665,3,0
654,1435,632,0,3
643,1436,665,3,0
654,1436,632,0,3
643,1437,665,3,0
645,1437,667,3,0
654,1437,632,0,3
643,1438,665,3,0
645,1438,667,3,0
646,1438,624,0,3
652,1438,630,0,3
654,1438,632,0,3
643,1439,665,3,0
645,1439,667,3,0
646,1439,624,0,3
647,1439,669,3,0
652,1439,630,0,3
654,1439,632,0,3
643,1440,665,3,0
645,1440,667,3,0
646,1440,624,0,3
647,1440,669,3,0
650,1440,628,0,3
652,1440,630,0,3
654,1440,632,0,3
643,1441,665,3,0
645,1441,667,3,0
646,1441,624,0,3
647,1441,669,3,0
650,1441,628,0,3
652,1441,630,0,3
654,1441,632,0,3
643,1442,665,3,0
645,1442,667,3,0
646,1442,624,0,3
647,1442,669,3,0
650,1442,628,0,3
652,1442,630,0,3
654,1442,632,0,3
643,1443,665,3,0
645,1443,667,3,0
646,1443,624,0,3
652,1443,630,0,3
654,1443,632,0,3
643,1444,665,3,0
645,1444,667,3,0
652,1444,630,0,3
654,1444,632,0,3
643,1445,665,3,0
654,1445,632,0,3
654,1446,632,0,3
643,1447,665,3,0
654,1447,632,0,3
643,1448,665,3,0
654,1448,632,0,3
656,1448,634,0,3
643,1449,665,3,0
654,1449,632,0,3
656,1449,634,0,3
643,1450,665,3,0
654,1450,632,0,3
656,1450,634,0,3
643,1451,665,3,0
654,1451,632,0,3
656,1451,634,0,3
660,1452,638,0,2
664,1452,686,3,0
665,1452,687,3,0
676,1452,654,0,3
678,1452,656,0,3
664,1453,686,3,0
665,1453,687,3,0
676,1453,654,0,3
678,1453,656,0,3
664,1454,686,3,0
665,1454,687,3,0
676,1454,654,0,3
678,1454,656,0,3
664,1455,686,3,0
665,1455,687,3,0
676,1455,654,0,3
678,1455,656,0,3
664,1456,686,3,0
665,1456,687,3,0
676,1456,654,0,3
665,1457,687,3,0
676,1457,654,0,3
665,1458,687,3,0
676,1458,654,0,3
665,1459,687,3,0
667,1459,689,3,0
676,1459,654,0,3
665,1460,687,3,0
667,1460,689,3,0
676,1460,654,0,3
665,1461,687,3,0
667,1461,689,3,0
676,1461,654,0,3
665,1462,687,3,0
667,1462,689,3,0
672,1462,650,0,3
676,1462,654,0,3
665,1463,687,3,0
667,1463,689,3,0
672,1463,650,0,3
676,1463,654,0,3
665,1464,687,3,0
667,1464,689,3,0
672,1464,650,0,3
676,1464,654,0,3
665,1465,687,3,0
667,1465,689,3,0
676,1465,654,0,3
665,1466,687,3,0
667,1466,689,3,0
676,1466,654,0,3
665,1467,687,3,0
676,1467,654,0,3
676,1468,654,0,3
665,1469,687,3,0
676,1469,654,0,3
664,1470,686,3,0
665,1470,687,3,0
676,1470,654,0,3
678,1470,656,0,3
664,1471,686,3,0
665,1471,687,3,0
676,1471,654,0,3
678,1471,656,0,3
664,1472,686,3,0
665,1472,687,3,0
676,1472,654,0,3
678,1472,656,0,3
664,1473,686,3,0
665,1473,687,3,0
676,1473,654,0,3
678,1473,656,0,3
682,1474,660,0,2
685,1474,663,0,3
686,1474,708,3,0
698,1474,676,0,3
700,1474,678,0,3
685,1475,663,0,3
686,1475,708,3,0
698,1475,676,0,3
700,1475,678,0,3
685,1476,663,0,3
686,1476,708,3,0
698,1476,676,0,3
700,1476,678,0,3
685,1477,663,0,3
686,1477,708,3,0
698,1477,676,0,3
700,1477,678,0,3
686,1478,708,3,0
698,1478,676,0,3
698,1479,676,0,3
688,1480,710,3,0
698,1480,676,0,3
688,1481,710,3,0
689,1481,711,3,0
698,1481,676,0,3
688,1482,710,3,0
689,1482,711,3,0
698,1482,676,0,3
688,1483,710,3,0
689,1483,711,3,0
698,1483,676,0,3
688,1484,710,3,0
689,1484,711,3,0
692,1484,670,0,3
694,1484,672,0,3
698,1484,676,0,3
688,1485,710,3,0
689,1485,711,3,0
692,1485,670,0,3
694,1485,672,0,3
698,1485,676,0,3
688,1486,710,3,0
689,1486,711,3,0
694,1486,672,0,3
698,1486,676,0,3
688,1487,710,3,0
689,1487,711,3,0
698,1487,676,0,3
688,1488,710,3,0
689,1488,711,3,0
698,1488,676,0,3
688,1489,710,3,0
698,1489,676,0,3
698,1490,676,0,3
698,1491,676,0,3
686,1492,708,3,0
698,1492,676,0,3
700,1492,678,0,3
685,1493,663,0,3
686,1493,708,3,0
698,1493,676,0,3
700,1493,678,0,3
685,1494,663,0,3
686,1494,708,3,0
698,1494,676,0,3
700,1494,678,0,3
685,1495,663,0,3
686,1495,708,3,0
698,1495,676,0,3
700,1495,678,0,3
704,1496,682,0,2
707,1496,685,0,3
722,1496,700,0,3
723,1496,701,0,3
725,1496,703,0,3
707,1497,685,0,3
722,1497,700,0,3
723,1497,701,0,3
707,1498,685,0,3
722,1498,700,0,3
723,1498,701,0,3
707,1499,685,0,3
722,1499,700,0,3
710,1502,732,3,0
710,1503,732,3,0
711,1503,733,3,0
719,1503,697,0,3
710,1504,732,3,0
711,1504,733,3,0
719,1504,697,0,3
710,1505,732,3,0
711,1505,733,3,0
719,1505,697,0,3
710,1506,732,3,0
711,1506,733,3,0
716,1506,694,0,3
719,1506,697,0,3
710,1507,732,3,0
711,1507,733,3,0
715,1507,737,3,0
716,1507,694,0,3
719,1507,697,0,3
710,1508,732,3,0
711,1508,733,3,0
716,1508,694,0,3
719,1508,697,0,3
710,1509,732,3,0
711,1509,733,3,0
719,1509,697,0,3
710,1510,732,3,0
711,1510,733,3,0
719,1510,697,0,3
710,1511,732,3,0
719,1511,697,0,3
722,1514,700,0,3
707,1515,685,0,3
722,1515,700,0,3
723,1515,701,0,3
707,1516,685,0,3
722,1516,700,0,3
723,1516,701,0,3
707,1517,685,0,3
722,1517,700,0,3
723,1517,701,0,3
725,1517,703,0,3
726,1518,704,0,2
727,1518,749,3,0
728,1518,706,0,3
729,1518,707,0,3
743,1518,721,0,3
744,1518,722,0,3
747,1518,725,0,3
727,1519,749,3,0
728,1519,706,0,3
729,1519,707,0,3
743,1519,721,0,3
744,1519,722,0,3
728,1520,706,0,3
729,1520,707,0,3
743,1520,721,0,3
744,1520,722,0,3
729,1521,707,0,3
743,1521,721,0,3
744,1521,722,0,3
743,1522,721,0,3
732,1524,754,3,0
732,1525,754,3,0
733,1525,755,3,0
732,1526,754,3,0
733,1526,755,3,0
732,1527,754,3,0
733,1527,755,3,0
732,1528,754,3,0
733,1528,755,3,0
736,1528,714,0,3
732,1529,754,3,0
733,1529,755,3,0
736,1529,714,0,3
732,1530,754,3,0
733,1530,755,3,0
732,1531,754,3,0
733,1531,755,3,0
732,1532,754,3,0
733,1532,755,3,0
732,1533,754,3,0
743,1535,721,0,3
743,1536,721,0,3
744,1536,722,0,3
729,1537,707,0,3
743,1537,721,0,3
744,1537,722,0,3
728,1538,706,0,3
729,1538,707,0,3
743,1538,721,0,3
744,1538,722,0,3
727,1539,749,3,0
728,1539,706,0,3
729,1539,707,0,3
743,1539,721,0,3
744,1539,722,0,3
747,1539,725,0,3
748,1540,726,0,2
749,1540,771,3,0
750,1540,728,0,3
751,1540,729,0,3
765,1540,743,0,3
766,1540,744,0,3
769,1540,747,0,3
749,1541,771,3,0
750,1541,728,0,3
751,1541,729,0,3
765,1541,743,0,3
766,1541,744,0,3
750,1542,728,0,3
751,1542,729,0,3
765,1542,743,0,3
766,1542,744,0,3
751,1543,729,0,3
765,1543,743,0,3
766,1543,744,0,3
765,1544,743,0,3
754,1546,776,3,0
754,1547,776,3,0
755,1547,777,3,0
754,1548,776,3,0
755,1548,777,3,0
754,1549,776,3,0
755,1549,777,3,0
754,1550,776,3,0
755,1550,777,3,0
758,1550,736,0,3
754,1551,776,3,0
755,1551,777,3,0
758,1551,736,0,3
754,1552,776,3,0
755,1552,777,3,0
754,1553,776,3,0
755,1553,777,3,0
754,1554,776,3,0
755,1554,777,3,0
754,1555,776,3,0
765,1557,743,0,3
765,1558,743,0,3
766,1558,744,0,3
751,1559,729,0,3
765,1559,743,0,3
766,1559,744,0,3
750,1560,728,0,3
751,1560,729,0,3
765,1560,743,0,3
766,1560,744,0,3
749,1561,771,3,0
750,1561,728,0,3
751,1561,729,0,3
765,1561,743,0,3
766,1561,744,0,3
769,1561,747,0,3
770,1562,748,0,2
771,1562,793,3,0
772,1562,750,0,3
786,1562,808,3,0
787,1562,765,0,3
788,1562,766,0,3
790,1562,768,0,3
791,1562,769,0,3
771,1563,793,3,0
772,1563,750,0,3
786,1563,808,3,0
787,1563,765,0,3
788,1563,766,0,3
790,1563,768,0,3
772,1564,750,0,3
786,1564,808,3,0
787,1564,765,0,3
788,1564,766,0,3
786,1565,808,3,0
787,1565,765,0,3
788,1565,766,0,3
786,1566,808,3,0
787,1566,765,0,3
786,1567,808,3,0
786,1568,808,3,0
777,1569,799,3,0
786,1569,808,3,0
777,1570,799,3,0
786,1570,808,3,0
777,1571,799,3,0
779,1571,801,3,0
786,1571,808,3,0
777,1572,799,3,0
779,1572,801,3,0
780,1572,758,0,3
782,1572,760,0,3
786,1572,808,3,0
777,1573,799,3,0
779,1573,801,3,0
780,1573,758,0,3
781,1573,803,3,0
782,1573,760,0,3
786,1573,808,3,0
777,1574,799,3,0
779,1574,801,3,0
782,1574,760,0,3
786,1574,808,3,0
777,1575,799,3,0
786,1575,808,3,0
777,1576,799,3,0
786,1576,808,3,0
786,1577,808,3,0
786,1578,808,3,0
786,1579,808,3,0
787,1579,765,0,3
786,1580,808,3,0
787,1580,765,0,3
788,1580,766,0,3
786,1581,808,3,0
787,1581,765,0,3
788,1581,766,0,3
772,1582,750,0,3
786,1582,808,3,0
787,1582,765,0,3
788,1582,766,0,3
790,1582,768,0,3
771,1583,793,3,0
772,1583,750,0,3
786,1583,808,3,0
787,1583,765,0,3
788,1583,766,0,3
790,1583,768,0,3
791,1583,769,0,3
160,1584,182,3,0
167,1584,145,0,3
169,1584,191,3,0
170,1584,148,0,3
886,1585,908,3,0
896,1585,918,3,0
94,1586,72,0,3
95,1586,73,0,3
104,1586,82,0,3
489,1587,511,3,0
490,1587,512,3,0
491,1587,513,3,0
496,1587,474,0,3
498,1587,476,0,3
499,1587,521,3,0
500,1587,478,0,3
664,1588,686,3,0
665,1588,687,3,0
676,1588,654,0,3
1314,1589,1336,3,0
445,1590,467,3,0
456,1590,434,0,3
1546,1591,1524,0,3
1547,1591,1525,0,3
1167,1592,1189,3,0
1182,1592,1204,3,0
292,1593,314,3,0
296,1593,318,3,0
298,1593,276,0,3
301,1593,323,3,0
302,1593,280,0,3
947,1594,969,3,0
949,1594,971,3,0
962,1594,984,3,0
964,1594,942,0,3
966,1594,944,0,3
967,1594,945,0,3
28,1595,6,0,2
29,1595,7,0,2
32,1595,54,3,0
38,1595,16,0,2
