792,0,770,0,2
794,0,816,3,0
796,0,818,3,0
797,0,775,0,3
809,0,787,0,3
811,0,789,0,3
812,0,834,3,0
794,1,816,3,0
796,1,818,3,0
797,1,775,0,3
809,1,787,0,3
811,1,789,0,3
794,2,816,3,0
796,2,818,3,0
797,2,775,0,3
809,2,787,0,3
796,3,818,3,0
797,3,775,0,3
809,3,787,0,3
796,4,818,3,0
797,4,775,0,3
797,5,775,0,3
797,6,775,0,3
797,7,775,0,3
799,7,777,0,3
806,7,828,3,0
797,8,775,0,3
799,8,777,0,3
806,8,828,3,0
797,9,775,0,3
799,9,777,0,3
801,9,779,0,3
804,9,826,3,0
806,9,828,3,0
797,10,775,0,3
799,10,777,0,3
801,10,779,0,3
802,10,780,0,3
803,10,781,0,3
804,10,826,3,0
806,10,828,3,0
797,11,775,0,3
799,11,777,0,3
801,11,779,0,3
803,11,781,0,3
804,11,826,3,0
806,11,828,3,0
797,12,775,0,3
799,12,777,0,3
804,12,826,3,0
806,12,828,3,0
797,13,775,0,3
799,13,777,0,3
806,13,828,3,0
797,14,775,0,3
806,14,828,3,0
797,15,775,0,3
796,17,818,3,0
797,17,775,0,3
809,17,787,0,3
796,18,818,3,0
797,18,775,0,3
809,18,787,0,3
794,19,816,3,0
796,19,818,3,0
797,19,775,0,3
809,19,787,0,3
811,19,789,0,3
794,20,816,3,0
796,20,818,3,0
797,20,775,0,3
809,20,787,0,3
811,20,789,0,3
812,20,834,3,0
792,21,770,0,2
794,21,816,3,0
796,21,818,3,0
797,21,775,0,3
809,21,787,0,3
811,21,789,0,3
812,21,834,3,0
813,21,835,3,0
814,22,792,0,2
816,22,838,3,0
818,22,840,3,0
819,22,797,0,3
831,22,809,0,3
833,22,811,0,3
834,22,856,3,0
816,23,838,3,0
818,23,840,3,0
819,23,797,0,3
831,23,809,0,3
833,23,811,0,3
816,24,838,3,0
818,24,840,3,0
819,24,797,0,3
831,24,809,0,3
818,25,840,3,0
819,25,797,0,3
831,25,809,0,3
818,26,840,3,0
819,26,797,0,3
819,27,797,0,3
819,28,797,0,3
819,29,797,0,3
821,29,799,0,3
828,29,850,3,0
819,30,797,0,3
821,30,799,0,3
828,30,850,3,0
819,31,797,0,3
821,31,799,0,3
823,31,801,0,3
826,31,848,3,0
828,31,850,3,0
819,32,797,0,3
821,32,799,0,3
823,32,801,0,3
825,32,803,0,3
826,32,848,3,0
828,32,850,3,0
819,33,797,0,3
821,33,799,0,3
823,33,801,0,3
825,33,803,0,3
826,33,848,3,0
828,33,850,3,0
819,34,797,0,3
821,34,799,0,3
826,34,848,3,0
828,34,850,3,0
819,35,797,0,3
821,35,799,0,3
828,35,850,3,0
819,36,797,0,3
828,36,850,3,0
819,37,797,0,3
818,39,840,3,0
819,39,797,0,3
831,39,809,0,3
818,40,840,3,0
819,40,797,0,3
831,40,809,0,3
816,41,838,3,0
818,41,840,3,0
819,41,797,0,3
831,41,809,0,3
833,41,811,0,3
816,42,838,3,0
818,42,840,3,0
819,42,797,0,3
831,42,809,0,3
833,42,811,0,3
834,42,856,3,0
814,43,792,0,2
816,43,838,3,0
818,43,840,3,0
819,43,797,0,3
831,43,809,0,3
833,43,811,0,3
834,43,856,3,0
835,43,857,3,0
836,44,814,0,2
838,44,860,3,0
840,44,862,3,0
841,44,819,0,3
853,44,831,0,3
855,44,833,0,3
856,44,878,3,0
838,45,860,3,0
840,45,862,3,0
841,45,819,0,3
853,45,831,0,3
855,45,833,0,3
838,46,860,3,0
840,46,862,3,0
841,46,819,0,3
853,46,831,0,3
840,47,862,3,0
841,47,819,0,3
853,47,831,0,3
840,48,862,3,0
841,48,819,0,3
841,49,819,0,3
841,50,819,0,3
841,51,819,0,3
843,51,821,0,3
850,51,872,3,0
841,52,819,0,3
843,52,821,0,3
849,52,871,3,0
850,52,872,3,0
841,53,819,0,3
843,53,821,0,3
848,53,870,3,0
849,53,871,3,0
850,53,872,3,0
841,54,819,0,3
843,54,821,0,3
847,54,825,0,3
848,54,870,3,0
849,54,871,3,0
850,54,872,3,0
841,55,819,0,3
843,55,821,0,3
847,55,825,0,3
848,55,870,3,0
849,55,871,3,0
850,55,872,3,0
841,56,819,0,3
843,56,821,0,3
848,56,870,3,0
849,56,871,3,0
850,56,872,3,0
841,57,819,0,3
843,57,821,0,3
849,57,871,3,0
850,57,872,3,0
841,58,819,0,3
850,58,872,3,0
841,59,819,0,3
840,61,862,3,0
841,61,819,0,3
853,61,831,0,3
840,62,862,3,0
841,62,819,0,3
853,62,831,0,3
838,63,860,3,0
840,63,862,3,0
841,63,819,0,3
853,63,831,0,3
855,63,833,0,3
838,64,860,3,0
840,64,862,3,0
841,64,819,0,3
853,64,831,0,3
855,64,833,0,3
856,64,878,3,0
836,65,814,0,2
838,65,860,3,0
840,65,862,3,0
841,65,819,0,3
853,65,831,0,3
855,65,833,0,3
856,65,878,3,0
863,66,841,0,3
875,66,853,0,3
877,66,855,0,3
878,66,900,3,0
863,67,841,0,3
875,67,853,0,3
877,67,855,0,3
863,68,841,0,3
875,68,853,0,3
863,69,841,0,3
875,69,853,0,3
863,70,841,0,3
863,71,841,0,3
863,72,841,0,3
863,73,841,0,3
863,74,841,0,3
871,74,893,3,0
863,75,841,0,3
870,75,892,3,0
871,75,893,3,0
863,76,841,0,3
868,76,890,3,0
869,76,847,0,3
870,76,892,3,0
871,76,893,3,0
863,77,841,0,3
869,77,847,0,3
870,77,892,3,0
871,77,893,3,0
863,78,841,0,3
870,78,892,3,0
871,78,893,3,0
863,79,841,0,3
871,79,893,3,0
863,80,841,0,3
863,81,841,0,3
863,83,841,0,3
875,83,853,0,3
863,84,841,0,3
875,84,853,0,3
863,85,841,0,3
875,85,853,0,3
877,85,855,0,3
863,86,841,0,3
875,86,853,0,3
877,86,855,0,3
878,86,900,3,0
863,87,841,0,3
875,87,853,0,3
877,87,855,0,3
878,87,900,3,0
885,88,863,0,3
897,88,875,0,3
900,88,922,3,0
885,89,863,0,3
897,89,875,0,3
885,90,863,0,3
897,90,875,0,3
885,91,863,0,3
897,91,875,0,3
885,92,863,0,3
885,93,863,0,3
885,94,863,0,3
886,94,864,0,3
885,95,863,0,3
886,95,864,0,3
885,96,863,0,3
886,96,864,0,3
885,97,863,0,3
886,97,864,0,3
892,97,914,3,0
885,98,863,0,3
886,98,864,0,3
890,98,868,0,3
892,98,914,3,0
885,99,863,0,3
886,99,864,0,3
892,99,914,3,0
885,100,863,0,3
886,100,864,0,3
892,100,914,3,0
885,101,863,0,3
886,101,864,0,3
885,102,863,0,3
886,102,864,0,3
885,103,863,0,3
885,105,863,0,3
897,105,875,0,3
885,106,863,0,3
897,106,875,0,3
885,107,863,0,3
897,107,875,0,3
885,108,863,0,3
897,108,875,0,3
900,108,922,3,0
885,109,863,0,3
897,109,875,0,3
900,109,922,3,0
907,110,885,0,3
919,110,897,0,3
921,110,899,0,3
922,110,944,3,0
907,111,885,0,3
919,111,897,0,3
921,111,899,0,3
907,112,885,0,3
919,112,897,0,3
907,113,885,0,3
919,113,897,0,3
907,114,885,0,3
907,115,885,0,3
907,116,885,0,3
908,116,886,0,3
907,117,885,0,3
908,117,886,0,3
907,118,885,0,3
908,118,886,0,3
907,119,885,0,3
908,119,886,0,3
914,119,936,3,0
907,120,885,0,3
908,120,886,0,3
914,120,936,3,0
907,121,885,0,3
908,121,886,0,3
914,121,936,3,0
907,122,885,0,3
908,122,886,0,3
914,122,936,3,0
907,123,885,0,3
908,123,886,0,3
907,124,885,0,3
908,124,886,0,3
907,125,885,0,3
907,127,885,0,3
919,127,897,0,3
907,128,885,0,3
919,128,897,0,3
907,129,885,0,3
919,129,897,0,3
921,129,899,0,3
907,130,885,0,3
919,130,897,0,3
921,130,899,0,3
922,130,944,3,0
907,131,885,0,3
919,131,897,0,3
921,131,899,0,3
922,131,944,3,0
924,132,902,0,2
925,132,903,0,3
926,132,904,0,3
928,132,950,3,0
940,132,962,3,0
943,132,921,0,3
944,132,966,3,0
925,133,903,0,3
926,133,904,0,3
928,133,950,3,0
940,133,962,3,0
943,133,921,0,3
926,134,904,0,3
928,134,950,3,0
940,134,962,3,0
928,135,950,3,0
940,135,962,3,0
928,136,950,3,0
940,136,962,3,0
930,138,908,0,3
940,138,962,3,0
930,139,908,0,3
940,139,962,3,0
930,140,908,0,3
932,140,910,0,3
937,140,915,0,3
940,140,962,3,0
930,141,908,0,3
932,141,910,0,3
937,141,915,0,3
940,141,962,3,0
930,142,908,0,3
932,142,910,0,3
937,142,915,0,3
940,142,962,3,0
930,143,908,0,3
932,143,910,0,3
937,143,915,0,3
940,143,962,3,0
930,144,908,0,3
932,144,910,0,3
937,144,915,0,3
940,144,962,3,0
930,145,908,0,3
937,145,915,0,3
940,145,962,3,0
930,146,908,0,3
940,146,962,3,0
940,147,962,3,0
940,148,962,3,0
928,149,950,3,0
940,149,962,3,0
928,150,950,3,0
940,150,962,3,0
926,151,904,0,3
928,151,950,3,0
940,151,962,3,0
943,151,921,0,3
925,152,903,0,3
926,152,904,0,3
928,152,950,3,0
940,152,962,3,0
943,152,921,0,3
944,152,966,3,0
924,153,902,0,2
925,153,903,0,3
926,153,904,0,3
928,153,950,3,0
940,153,962,3,0
943,153,921,0,3
944,153,966,3,0
946,154,924,0,2
947,154,925,0,3
950,154,972,3,0
962,154,984,3,0
966,154,988,3,0
947,155,925,0,3
950,155,972,3,0
962,155,984,3,0
950,156,972,3,0
962,156,984,3,0
950,157,972,3,0
962,157,984,3,0
950,158,972,3,0
962,158,984,3,0
962,159,984,3,0
962,160,984,3,0
962,161,984,3,0
954,162,932,0,3
959,162,937,0,3
962,162,984,3,0
954,163,932,0,3
958,163,980,3,0
959,163,937,0,3
962,163,984,3,0
954,164,932,0,3
957,164,979,3,0
958,164,980,3,0
959,164,937,0,3
962,164,984,3,0
954,165,932,0,3
957,165,979,3,0
958,165,980,3,0
959,165,937,0,3
962,165,984,3,0
954,166,932,0,3
958,166,980,3,0
959,166,937,0,3
962,166,984,3,0
959,167,937,0,3
962,167,984,3,0
962,168,984,3,0
962,169,984,3,0
962,170,984,3,0
950,171,972,3,0
962,171,984,3,0
950,172,972,3,0
962,172,984,3,0
950,173,972,3,0
962,173,984,3,0
947,174,925,0,3
950,174,972,3,0
962,174,984,3,0
966,174,988,3,0
946,175,924,0,2
947,175,925,0,3
950,175,972,3,0
962,175,984,3,0
966,175,988,3,0
968,176,946,0,2
969,176,947,0,3
972,176,994,3,0
984,176,1006,3,0
988,176,1010,3,0
969,177,947,0,3
972,177,994,3,0
984,177,1006,3,0
972,178,994,3,0
984,178,1006,3,0
972,179,994,3,0
984,179,1006,3,0
972,180,994,3,0
984,180,1006,3,0
983,182,1005,3,0
984,182,1006,3,0
975,183,997,3,0
983,183,1005,3,0
984,183,1006,3,0
975,184,997,3,0
981,184,959,0,3
983,184,1005,3,0
984,184,1006,3,0
975,185,997,3,0
977,185,999,3,0
980,185,1002,3,0
981,185,959,0,3
983,185,1005,3,0
984,185,1006,3,0
975,186,997,3,0
977,186,999,3,0
980,186,1002,3,0
981,186,959,0,3
983,186,1005,3,0
984,186,1006,3,0
975,187,997,3,0
977,187,999,3,0
980,187,1002,3,0
981,187,959,0,3
983,187,1005,3,0
984,187,1006,3,0
975,188,997,3,0
980,188,1002,3,0
981,188,959,0,3
983,188,1005,3,0
984,188,1006,3,0
975,189,997,3,0
981,189,959,0,3
983,189,1005,3,0
984,189,1006,3,0
983,190,1005,3,0
984,190,1006,3,0
983,191,1005,3,0
984,191,1006,3,0
984,192,1006,3,0
972,193,994,3,0
984,193,1006,3,0
972,194,994,3,0
984,194,1006,3,0
972,195,994,3,0
984,195,1006,3,0
969,196,947,0,3
972,196,994,3,0
984,196,1006,3,0
988,196,1010,3,0
968,197,946,0,2
969,197,947,0,3
972,197,994,3,0
984,197,1006,3,0
988,197,1010,3,0
990,198,968,0,2
991,198,969,0,3
994,198,1016,3,0
1006,198,1028,3,0
1007,198,985,0,3
1010,198,1032,3,0
991,199,969,0,3
994,199,1016,3,0
1006,199,1028,3,0
1007,199,985,0,3
994,200,1016,3,0
1006,200,1028,3,0
1007,200,985,0,3
994,201,1016,3,0
1006,201,1028,3,0
1007,201,985,0,3
994,202,1016,3,0
1006,202,1028,3,0
1006,203,1028,3,0
1006,204,1028,3,0
997,205,1019,3,0
1006,205,1028,3,0
997,206,1019,3,0
1003,206,981,0,3
1006,206,1028,3,0
997,207,1019,3,0
999,207,1021,3,0
1002,207,1024,3,0
1003,207,981,0,3
1006,207,1028,3,0
997,208,1019,3,0
999,208,1021,3,0
1002,208,1024,3,0
1003,208,981,0,3
1006,208,1028,3,0
997,209,1019,3,0
999,209,1021,3,0
1002,209,1024,3,0
1003,209,981,0,3
1006,209,1028,3,0
997,210,1019,3,0
1002,210,1024,3,0
1003,210,981,0,3
1006,210,1028,3,0
997,211,1019,3,0
1003,211,981,0,3
1006,211,1028,3,0
1006,212,1028,3,0
1006,213,1028,3,0
1006,214,1028,3,0
994,215,1016,3,0
1006,215,1028,3,0
1007,215,985,0,3
994,216,1016,3,0
1006,216,1028,3,0
1007,216,985,0,3
994,217,1016,3,0
1006,217,1028,3,0
1007,217,985,0,3
991,218,969,0,3
994,218,1016,3,0
1006,218,1028,3,0
1007,218,985,0,3
1010,218,1032,3,0
990,219,968,0,2
991,219,969,0,3
994,219,1016,3,0
1006,219,1028,3,0
1007,219,985,0,3
1010,219,1032,3,0
1012,220,990,0,2
1013,220,991,0,3
1016,220,1038,3,0
1017,220,995,0,3
1028,220,1050,3,0
1032,220,1054,3,0
1013,221,991,0,3
1016,221,1038,3,0
1017,221,995,0,3
1028,221,1050,3,0
1016,222,1038,3,0
1017,222,995,0,3
1028,222,1050,3,0
1016,223,1038,3,0
1017,223,995,0,3
1028,223,1050,3,0
1016,224,1038,3,0
1017,224,995,0,3
1028,224,1050,3,0
1017,225,995,0,3
1017,226,995,0,3
1028,226,1050,3,0
1017,227,995,0,3
1019,227,1041,3,0
1028,227,1050,3,0
1017,228,995,0,3
1019,228,1041,3,0
1025,228,1003,0,3
1028,228,1050,3,0
1017,229,995,0,3
1019,229,1041,3,0
1021,229,1043,3,0
1025,229,1003,0,3
1028,229,1050,3,0
1017,230,995,0,3
1019,230,1041,3,0
1021,230,1043,3,0
1025,230,1003,0,3
1028,230,1050,3,0
1017,231,995,0,3
1019,231,1041,3,0
1021,231,1043,3,0
1025,231,1003,0,3
1028,231,1050,3,0
1017,232,995,0,3
1019,232,1041,3,0
1025,232,1003,0,3
1028,232,1050,3,0
1017,233,995,0,3
1019,233,1041,3,0
1025,233,1003,0,3
1028,233,1050,3,0
1017,234,995,0,3
1028,234,1050,3,0
1017,235,995,0,3
1028,235,1050,3,0
1028,236,1050,3,0
1016,237,1038,3,0
1017,237,995,0,3
1028,237,1050,3,0
1016,238,1038,3,0
1017,238,995,0,3
1028,238,1050,3,0
1016,239,1038,3,0
1017,239,995,0,3
1028,239,1050,3,0
1013,240,991,0,3
1016,240,1038,3,0
1017,240,995,0,3
1028,240,1050,3,0
1032,240,1054,3,0
1012,241,990,0,2
1013,241,991,0,3
1016,241,1038,3,0
1017,241,995,0,3
1028,241,1050,3,0
1032,241,1054,3,0
1034,242,1012,0,2
1035,242,1013,0,3
1039,242,1017,0,3
1050,242,1072,3,0
1054,242,1076,3,0
1035,243,1013,0,3
1039,243,1017,0,3
1050,243,1072,3,0
1039,244,1017,0,3
1050,244,1072,3,0
1039,245,1017,0,3
1050,245,1072,3,0
1039,246,1017,0,3
1050,246,1072,3,0
1039,247,1017,0,3
1050,247,1072,3,0
1039,248,1017,0,3
1050,248,1072,3,0
1039,249,1017,0,3
1041,249,1063,3,0
1050,249,1072,3,0
1039,250,1017,0,3
1041,250,1063,3,0
1047,250,1025,0,3
1050,250,1072,3,0
1039,251,1017,0,3
1041,251,1063,3,0
1043,251,1065,3,0
1047,251,1025,0,3
1050,251,1072,3,0
1039,252,1017,0,3
1041,252,1063,3,0
1043,252,1065,3,0
1047,252,1025,0,3
1050,252,1072,3,0
1039,253,1017,0,3
1041,253,1063,3,0
1043,253,1065,3,0
1047,253,1025,0,3
1050,253,1072,3,0
1039,254,1017,0,3
1041,254,1063,3,0
1047,254,1025,0,3
1050,254,1072,3,0
1039,255,1017,0,3
1041,255,1063,3,0
1047,255,1025,0,3
1050,255,1072,3,0
1039,256,1017,0,3
1050,256,1072,3,0
1039,257,1017,0,3
1050,257,1072,3,0
1050,258,1072,3,0
1039,259,1017,0,3
1050,259,1072,3,0
1039,260,1017,0,3
1050,260,1072,3,0
1039,261,1017,0,3
1050,261,1072,3,0
1035,262,1013,0,3
1039,262,1017,0,3
1050,262,1072,3,0
1054,262,1076,3,0
1034,263,1012,0,2
1035,263,1013,0,3
1039,263,1017,0,3
1050,263,1072,3,0
1054,263,1076,3,0
1055,263,1033,0,3
1057,264,1035,0,3
1072,264,1094,3,0
1073,264,1051,0,3
1074,264,1052,0,3
1076,264,1098,3,0
1057,265,1035,0,3
1072,265,1094,3,0
1073,265,1051,0,3
1074,265,1052,0,3
1072,266,1094,3,0
1073,266,1051,0,3
1074,266,1052,0,3
1072,267,1094,3,0
1073,267,1051,0,3
1072,268,1094,3,0
1072,270,1094,3,0
1072,271,1094,3,0
1069,272,1047,0,3
1072,272,1094,3,0
1065,273,1087,3,0
1069,273,1047,0,3
1072,273,1094,3,0
1065,274,1087,3,0
1069,274,1047,0,3
1072,274,1094,3,0
1065,275,1087,3,0
1069,275,1047,0,3
1072,275,1094,3,0
1069,276,1047,0,3
1072,276,1094,3,0
1069,277,1047,0,3
1072,277,1094,3,0
1072,278,1094,3,0
1072,279,1094,3,0
1072,280,1094,3,0
1072,281,1094,3,0
1073,281,1051,0,3
1072,282,1094,3,0
1073,282,1051,0,3
1074,282,1052,0,3
1072,283,1094,3,0
1073,283,1051,0,3
1074,283,1052,0,3
1057,284,1035,0,3
1072,284,1094,3,0
1073,284,1051,0,3
1074,284,1052,0,3
1076,284,1098,3,0
1057,285,1035,0,3
1072,285,1094,3,0
1073,285,1051,0,3
1074,285,1052,0,3
1076,285,1098,3,0
1077,285,1055,0,3
1078,286,1100,2,0
1079,286,1057,0,3
1083,286,1061,0,3
1094,286,1116,3,0
1096,286,1074,0,3
1098,286,1120,3,0
1079,287,1057,0,3
1083,287,1061,0,3
1094,287,1116,3,0
1096,287,1074,0,3
1083,288,1061,0,3
1094,288,1116,3,0
1096,288,1074,0,3
1083,289,1061,0,3
1094,289,1116,3,0
1083,290,1061,0,3
1094,290,1116,3,0
1083,291,1061,0,3
1094,291,1116,3,0
1083,292,1061,0,3
1094,292,1116,3,0
1083,293,1061,0,3
1094,293,1116,3,0
1083,294,1061,0,3
1091,294,1069,0,3
1094,294,1116,3,0
1083,295,1061,0,3
1087,295,1109,3,0
1091,295,1069,0,3
1094,295,1116,3,0
1083,296,1061,0,3
1087,296,1109,3,0
1091,296,1069,0,3
1094,296,1116,3,0
1083,297,1061,0,3
1087,297,1109,3,0
1091,297,1069,0,3
1094,297,1116,3,0
1083,298,1061,0,3
1091,298,1069,0,3
1094,298,1116,3,0
1083,299,1061,0,3
1091,299,1069,0,3
1094,299,1116,3,0
1083,300,1061,0,3
1094,300,1116,3,0
1083,301,1061,0,3
1094,301,1116,3,0
1094,302,1116,3,0
1083,303,1061,0,3
1094,303,1116,3,0
1083,304,1061,0,3
1094,304,1116,3,0
1096,304,1074,0,3
1083,305,1061,0,3
1094,305,1116,3,0
1096,305,1074,0,3
1079,306,1057,0,3
1083,306,1061,0,3
1094,306,1116,3,0
1096,306,1074,0,3
1098,306,1120,3,0
1078,307,1100,2,0
1079,307,1057,0,3
1083,307,1061,0,3
1094,307,1116,3,0
1096,307,1074,0,3
1098,307,1120,3,0
1099,307,1077,0,3
1100,308,1122,2,0
1101,308,1079,0,3
1104,308,1126,3,0
1105,308,1083,0,3
1116,308,1138,3,0
1118,308,1096,0,3
1120,308,1142,3,0
1101,309,1079,0,3
1104,309,1126,3,0
1105,309,1083,0,3
1116,309,1138,3,0
1118,309,1096,0,3
1104,310,1126,3,0
1105,310,1083,0,3
1116,310,1138,3,0
1118,310,1096,0,3
1104,311,1126,3,0
1105,311,1083,0,3
1116,311,1138,3,0
1104,312,1126,3,0
1105,312,1083,0,3
1116,312,1138,3,0
1105,313,1083,0,3
1105,314,1083,0,3
1116,314,1138,3,0
1105,315,1083,0,3
1116,315,1138,3,0
1105,316,1083,0,3
1113,316,1091,0,3
1116,316,1138,3,0
1105,317,1083,0,3
1109,317,1131,3,0
1113,317,1091,0,3
1116,317,1138,3,0
1105,318,1083,0,3
1109,318,1131,3,0
1113,318,1091,0,3
1116,318,1138,3,0
1105,319,1083,0,3
1109,319,1131,3,0
1113,319,1091,0,3
1116,319,1138,3,0
1105,320,1083,0,3
1113,320,1091,0,3
1116,320,1138,3,0
1105,321,1083,0,3
1113,321,1091,0,3
1116,321,1138,3,0
1105,322,1083,0,3
1116,322,1138,3,0
1105,323,1083,0,3
1116,323,1138,3,0
1116,324,1138,3,0
1104,325,1126,3,0
1105,325,1083,0,3
1116,325,1138,3,0
1104,326,1126,3,0
1105,326,1083,0,3
1116,326,1138,3,0
1118,326,1096,0,3
1104,327,1126,3,0
1105,327,1083,0,3
1116,327,1138,3,0
1118,327,1096,0,3
1101,328,1079,0,3
1104,328,1126,3,0
1105,328,1083,0,3
1116,328,1138,3,0
1118,328,1096,0,3
1120,328,1142,3,0
1100,329,1122,2,0
1101,329,1079,0,3
1104,329,1126,3,0
1105,329,1083,0,3
1116,329,1138,3,0
1118,329,1096,0,3
1120,329,1142,3,0
1121,329,1099,0,3
1122,330,1144,2,0
1123,330,1101,0,3
1127,330,1105,0,3
1138,330,1160,3,0
1140,330,1118,0,3
1141,330,1119,0,3
1142,330,1164,3,0
1123,331,1101,0,3
1127,331,1105,0,3
1138,331,1160,3,0
1140,331,1118,0,3
1141,331,1119,0,3
1127,332,1105,0,3
1138,332,1160,3,0
1140,332,1118,0,3
1127,333,1105,0,3
1138,333,1160,3,0
1127,334,1105,0,3
1138,334,1160,3,0
1127,335,1105,0,3
1138,335,1160,3,0
1127,336,1105,0,3
1138,336,1160,3,0
1127,337,1105,0,3
1138,337,1160,3,0
1127,338,1105,0,3
1135,338,1113,0,3
1138,338,1160,3,0
1127,339,1105,0,3
1134,339,1156,3,0
1135,339,1113,0,3
1138,339,1160,3,0
1127,340,1105,0,3
1134,340,1156,3,0
1135,340,1113,0,3
1138,340,1160,3,0
1127,341,1105,0,3
1134,341,1156,3,0
1135,341,1113,0,3
1138,341,1160,3,0
1127,342,1105,0,3
1134,342,1156,3,0
1135,342,1113,0,3
1138,342,1160,3,0
1127,343,1105,0,3
1135,343,1113,0,3
1138,343,1160,3,0
1127,344,1105,0,3
1138,344,1160,3,0
1127,345,1105,0,3
1138,345,1160,3,0
1138,346,1160,3,0
1127,347,1105,0,3
1138,347,1160,3,0
1127,348,1105,0,3
1138,348,1160,3,0
1140,348,1118,0,3
1127,349,1105,0,3
1138,349,1160,3,0
1140,349,1118,0,3
1141,349,1119,0,3
1123,350,1101,0,3
1127,350,1105,0,3
1138,350,1160,3,0
1140,350,1118,0,3
1141,350,1119,0,3
1142,350,1164,3,0
1122,351,1144,2,0
1123,351,1101,0,3
1127,351,1105,0,3
1138,351,1160,3,0
1140,351,1118,0,3
1141,351,1119,0,3
1142,351,1164,3,0
1143,351,1121,0,3
1144,352,1166,2,0
1145,352,1123,0,3
1149,352,1127,0,3
1160,352,1182,3,0
1162,352,1140,0,3
1164,352,1186,3,0
1145,353,1123,0,3
1149,353,1127,0,3
1160,353,1182,3,0
1162,353,1140,0,3
1149,354,1127,0,3
1160,354,1182,3,0
1162,354,1140,0,3
1149,355,1127,0,3
1160,355,1182,3,0
1149,356,1127,0,3
1160,356,1182,3,0
1149,357,1127,0,3
1149,358,1127,0,3
1160,358,1182,3,0
1149,359,1127,0,3
1160,359,1182,3,0
1149,360,1127,0,3
1157,360,1135,0,3
1160,360,1182,3,0
1149,361,1127,0,3
1157,361,1135,0,3
1160,361,1182,3,0
1149,362,1127,0,3
1157,362,1135,0,3
1160,362,1182,3,0
1149,363,1127,0,3
1157,363,1135,0,3
1160,363,1182,3,0
1149,364,1127,0,3
1157,364,1135,0,3
1160,364,1182,3,0
1149,365,1127,0,3
1157,365,1135,0,3
1160,365,1182,3,0
1149,366,1127,0,3
1160,366,1182,3,0
1149,367,1127,0,3
1160,367,1182,3,0
1160,368,1182,3,0
1149,369,1127,0,3
1160,369,1182,3,0
1149,370,1127,0,3
1160,370,1182,3,0
1162,370,1140,0,3
1149,371,1127,0,3
1160,371,1182,3,0
1162,371,1140,0,3
1145,372,1123,0,3
1149,372,1127,0,3
1160,372,1182,3,0
1162,372,1140,0,3
1164,372,1186,3,0
1144,373,1166,2,0
1145,373,1123,0,3
1149,373,1127,0,3
1160,373,1182,3,0
1162,373,1140,0,3
1164,373,1186,3,0
1165,373,1143,0,3
1166,374,1188,2,0
1167,374,1145,0,3
1168,374,1190,3,0
1171,374,1149,0,3
1184,374,1162,0,3
1186,374,1208,3,0
1167,375,1145,0,3
1168,375,1190,3,0
1171,375,1149,0,3
1184,375,1162,0,3
1168,376,1190,3,0
1171,376,1149,0,3
1184,376,1162,0,3
1171,377,1149,0,3
1171,378,1149,0,3
1171,379,1149,0,3
1171,380,1149,0,3
1171,381,1149,0,3
1171,382,1149,0,3
1179,382,1157,0,3
1171,383,1149,0,3
1179,383,1157,0,3
1171,384,1149,0,3
1179,384,1157,0,3
1171,385,1149,0,3
1179,385,1157,0,3
1171,386,1149,0,3
1179,386,1157,0,3
1171,387,1149,0,3
1179,387,1157,0,3
1171,388,1149,0,3
1171,389,1149,0,3
1171,391,1149,0,3
1171,392,1149,0,3
1184,392,1162,0,3
1168,393,1190,3,0
1171,393,1149,0,3
1184,393,1162,0,3
1167,394,1145,0,3
1168,394,1190,3,0
1171,394,1149,0,3
1184,394,1162,0,3
1186,394,1208,3,0
1166,395,1188,2,0
1167,395,1145,0,3
1168,395,1190,3,0
1171,395,1149,0,3
1184,395,1162,0,3
1186,395,1208,3,0
1187,395,1165,0,3
1188,396,1210,2,0
1189,396,1167,0,3
1190,396,1212,3,0
1193,396,1171,0,3
1206,396,1184,0,3
1189,397,1167,0,3
1190,397,1212,3,0
1193,397,1171,0,3
1206,397,1184,0,3
1190,398,1212,3,0
1193,398,1171,0,3
1206,398,1184,0,3
1193,399,1171,0,3
1193,400,1171,0,3
1193,401,1171,0,3
1193,402,1171,0,3
1193,403,1171,0,3
1193,404,1171,0,3
1201,404,1179,0,3
1193,405,1171,0,3
1201,405,1179,0,3
1193,406,1171,0,3
1201,406,1179,0,3
1193,407,1171,0,3
1201,407,1179,0,3
1193,408,1171,0,3
1201,408,1179,0,3
1193,409,1171,0,3
1201,409,1179,0,3
1193,410,1171,0,3
1193,411,1171,0,3
1193,413,1171,0,3
1193,414,1171,0,3
1206,414,1184,0,3
1190,415,1212,3,0
1193,415,1171,0,3
1206,415,1184,0,3
1189,416,1167,0,3
1190,416,1212,3,0
1193,416,1171,0,3
1206,416,1184,0,3
1188,417,1210,2,0
1189,417,1167,0,3
1190,417,1212,3,0
1193,417,1171,0,3
1206,417,1184,0,3
1209,417,1187,0,3
1210,418,1232,2,0
1211,418,1189,0,3
1212,418,1234,3,0
1215,418,1193,0,3
1228,418,1206,0,3
1211,419,1189,0,3
1212,419,1234,3,0
1215,419,1193,0,3
1228,419,1206,0,3
1212,420,1234,3,0
1215,420,1193,0,3
1228,420,1206,0,3
1215,421,1193,0,3
1215,422,1193,0,3
1215,423,1193,0,3
1215,424,1193,0,3
1215,425,1193,0,3
1215,426,1193,0,3
1223,426,1201,0,3
1215,427,1193,0,3
1223,427,1201,0,3
1215,428,1193,0,3
1223,428,1201,0,3
1215,429,1193,0,3
1223,429,1201,0,3
1215,430,1193,0,3
1223,430,1201,0,3
1215,431,1193,0,3
1223,431,1201,0,3
1215,432,1193,0,3
1215,433,1193,0,3
1215,435,1193,0,3
1215,436,1193,0,3
1228,436,1206,0,3
1212,437,1234,3,0
1215,437,1193,0,3
1228,437,1206,0,3
1211,438,1189,0,3
1212,438,1234,3,0
1215,438,1193,0,3
1228,438,1206,0,3
1210,439,1232,2,0
1211,439,1189,0,3
1212,439,1234,3,0
1215,439,1193,0,3
1228,439,1206,0,3
1231,439,1209,0,3
1232,440,1254,2,0
1233,440,1211,0,3
1234,440,1256,3,0
1237,440,1215,0,3
1250,440,1228,0,3
1233,441,1211,0,3
1234,441,1256,3,0
1237,441,1215,0,3
1250,441,1228,0,3
1234,442,1256,3,0
1237,442,1215,0,3
1250,442,1228,0,3
1237,443,1215,0,3
1237,444,1215,0,3
1237,445,1215,0,3
1237,446,1215,0,3
1237,447,1215,0,3
1237,448,1215,0,3
1245,448,1223,0,3
1237,449,1215,0,3
1245,449,1223,0,3
1237,450,1215,0,3
1245,450,1223,0,3
1237,451,1215,0,3
1245,451,1223,0,3
1237,452,1215,0,3
1245,452,1223,0,3
1237,453,1215,0,3
1245,453,1223,0,3
1237,454,1215,0,3
1237,455,1215,0,3
1237,457,1215,0,3
1237,458,1215,0,3
1250,458,1228,0,3
1234,459,1256,3,0
1237,459,1215,0,3
1250,459,1228,0,3
1233,460,1211,0,3
1234,460,1256,3,0
1237,460,1215,0,3
1250,460,1228,0,3
1232,461,1254,2,0
1233,461,1211,0,3
1234,461,1256,3,0
1237,461,1215,0,3
1250,461,1228,0,3
1253,461,1231,0,3
1254,462,1276,2,0
1255,462,1233,0,3
1256,462,1278,3,0
1259,462,1237,0,3
1272,462,1250,0,3
1255,463,1233,0,3
1256,463,1278,3,0
1259,463,1237,0,3
1272,463,1250,0,3
1256,464,1278,3,0
1259,464,1237,0,3
1272,464,1250,0,3
1259,465,1237,0,3
1259,466,1237,0,3
1259,467,1237,0,3
1259,468,1237,0,3
1259,469,1237,0,3
1259,470,1237,0,3
1267,470,1245,0,3
1259,471,1237,0,3
1267,471,1245,0,3
1259,472,1237,0,3
1267,472,1245,0,3
1259,473,1237,0,3
1267,473,1245,0,3
1259,474,1237,0,3
1267,474,1245,0,3
1259,475,1237,0,3
1267,475,1245,0,3
1259,476,1237,0,3
1259,477,1237,0,3
1259,479,1237,0,3
1259,480,1237,0,3
1272,480,1250,0,3
1256,481,1278,3,0
1259,481,1237,0,3
1272,481,1250,0,3
1255,482,1233,0,3
1256,482,1278,3,0
1259,482,1237,0,3
1272,482,1250,0,3
1254,483,1276,2,0
1255,483,1233,0,3
1256,483,1278,3,0
1259,483,1237,0,3
1272,483,1250,0,3
1275,483,1253,0,3
1276,484,1298,2,0
1277,484,1255,0,3
1278,484,1300,3,0
1281,484,1259,0,3
1294,484,1272,0,3
1277,485,1255,0,3
1278,485,1300,3,0
1281,485,1259,0,3
1294,485,1272,0,3
1278,486,1300,3,0
1281,486,1259,0,3
1294,486,1272,0,3
1281,487,1259,0,3
1281,488,1259,0,3
1281,489,1259,0,3
1281,490,1259,0,3
1281,491,1259,0,3
1281,492,1259,0,3
1289,492,1267,0,3
1281,493,1259,0,3
1289,493,1267,0,3
1281,494,1259,0,3
1289,494,1267,0,3
1281,495,1259,0,3
1289,495,1267,0,3
1281,496,1259,0,3
1289,496,1267,0,3
1281,497,1259,0,3
1289,497,1267,0,3
1281,498,1259,0,3
1281,499,1259,0,3
1281,501,1259,0,3
1281,502,1259,0,3
1294,502,1272,0,3
1278,503,1300,3,0
1281,503,1259,0,3
1294,503,1272,0,3
1277,504,1255,0,3
1278,504,1300,3,0
1281,504,1259,0,3
1294,504,1272,0,3
1276,505,1298,2,0
1277,505,1255,0,3
1278,505,1300,3,0
1281,505,1259,0,3
1294,505,1272,0,3
1297,505,1275,0,3
1298,506,1320,2,0
1299,506,1277,0,3
1302,506,1280,0,3
1303,506,1281,0,3
1316,506,1294,0,3
1318,506,1340,3,0
1299,507,1277,0,3
1302,507,1280,0,3
1303,507,1281,0,3
1316,507,1294,0,3
1302,508,1280,0,3
1303,508,1281,0,3
1316,508,1294,0,3
1302,509,1280,0,3
1303,509,1281,0,3
1302,510,1280,0,3
1303,510,1281,0,3
1303,511,1281,0,3
1303,512,1281,0,3
1303,513,1281,0,3
1303,514,1281,0,3
1303,515,1281,0,3
1303,516,1281,0,3
1308,516,1330,3,0
1303,517,1281,0,3
1303,518,1281,0,3
1303,519,1281,0,3
1303,520,1281,0,3
1303,521,1281,0,3
1302,523,1280,0,3
1303,523,1281,0,3
1302,524,1280,0,3
1303,524,1281,0,3
1316,524,1294,0,3
1302,525,1280,0,3
1303,525,1281,0,3
1316,525,1294,0,3
1299,526,1277,0,3
1302,526,1280,0,3
1303,526,1281,0,3
1316,526,1294,0,3
1318,526,1340,3,0
1298,527,1320,2,0
1299,527,1277,0,3
1302,527,1280,0,3
1303,527,1281,0,3
1316,527,1294,0,3
1318,527,1340,3,0
1319,527,1297,0,3
1320,528,1342,2,0
1321,528,1299,0,3
1324,528,1346,3,0
1325,528,1303,0,3
1338,528,1316,0,3
1340,528,1362,3,0
1321,529,1299,0,3
1324,529,1346,3,0
1325,529,1303,0,3
1338,529,1316,0,3
1324,530,1346,3,0
1325,530,1303,0,3
1338,530,1316,0,3
1324,531,1346,3,0
1325,531,1303,0,3
1324,532,1346,3,0
1325,532,1303,0,3
1325,533,1303,0,3
1325,534,1303,0,3
1325,535,1303,0,3
1325,536,1303,0,3
1333,536,1311,0,3
1325,537,1303,0,3
1333,537,1311,0,3
1325,538,1303,0,3
1330,538,1352,3,0
1333,538,1311,0,3
1325,539,1303,0,3
1333,539,1311,0,3
1325,540,1303,0,3
1333,540,1311,0,3
1325,541,1303,0,3
1333,541,1311,0,3
1325,542,1303,0,3
1325,543,1303,0,3
1324,545,1346,3,0
1325,545,1303,0,3
1324,546,1346,3,0
1325,546,1303,0,3
1338,546,1316,0,3
1324,547,1346,3,0
1325,547,1303,0,3
1338,547,1316,0,3
1321,548,1299,0,3
1324,548,1346,3,0
1325,548,1303,0,3
1338,548,1316,0,3
1340,548,1362,3,0
1320,549,1342,2,0
1321,549,1299,0,3
1324,549,1346,3,0
1325,549,1303,0,3
1338,549,1316,0,3
1340,549,1362,3,0
1341,549,1319,0,3
1342,550,1364,2,0
1343,550,1321,0,3
1346,550,1368,3,0
1347,550,1325,0,3
1360,550,1338,0,3
1361,550,1383,3,0
1343,551,1321,0,3
1346,551,1368,3,0
1347,551,1325,0,3
1360,551,1338,0,3
1361,551,1383,3,0
1346,552,1368,3,0
1347,552,1325,0,3
1360,552,1338,0,3
1346,553,1368,3,0
1347,553,1325,0,3
1346,554,1368,3,0
1347,554,1325,0,3
1347,555,1325,0,3
1347,556,1325,0,3
1347,557,1325,0,3
1347,558,1325,0,3
1355,558,1333,0,3
1347,559,1325,0,3
1355,559,1333,0,3
1347,560,1325,0,3
1352,560,1374,3,0
1355,560,1333,0,3
1347,561,1325,0,3
1355,561,1333,0,3
1347,562,1325,0,3
1355,562,1333,0,3
1347,563,1325,0,3
1355,563,1333,0,3
1347,564,1325,0,3
1347,565,1325,0,3
1346,567,1368,3,0
1347,567,1325,0,3
1346,568,1368,3,0
1347,568,1325,0,3
1360,568,1338,0,3
1346,569,1368,3,0
1347,569,1325,0,3
1360,569,1338,0,3
1361,569,1383,3,0
1343,570,1321,0,3
1346,570,1368,3,0
1347,570,1325,0,3
1360,570,1338,0,3
1361,570,1383,3,0
1342,571,1364,2,0
1343,571,1321,0,3
1346,571,1368,3,0
1347,571,1325,0,3
1360,571,1338,0,3
1361,571,1383,3,0
1363,571,1341,0,3
1364,572,1386,2,0
1365,572,1343,0,3
1369,572,1391,3,0
1382,572,1360,0,3
1365,573,1343,0,3
1369,573,1391,3,0
1382,573,1360,0,3
1369,574,1391,3,0
1382,574,1360,0,3
1369,575,1391,3,0
1369,576,1391,3,0
1369,577,1391,3,0
1369,578,1391,3,0
1369,579,1391,3,0
1369,580,1391,3,0
1377,580,1355,0,3
1369,581,1391,3,0
1377,581,1355,0,3
1369,582,1391,3,0
1374,582,1396,3,0
1377,582,1355,0,3
1369,583,1391,3,0
1377,583,1355,0,3
1369,584,1391,3,0
1377,584,1355,0,3
1369,585,1391,3,0
1377,585,1355,0,3
1369,586,1391,3,0
1369,587,1391,3,0
1369,589,1391,3,0
1369,590,1391,3,0
1382,590,1360,0,3
1369,591,1391,3,0
1382,591,1360,0,3
1365,592,1343,0,3
1369,592,1391,3,0
1382,592,1360,0,3
1364,593,1386,2,0
1365,593,1343,0,3
1369,593,1391,3,0
1382,593,1360,0,3
1385,593,1363,0,3
1386,594,1408,2,0
1387,594,1365,0,3
1404,594,1382,0,3
1406,594,1428,3,0
1387,595,1365,0,3
1404,595,1382,0,3
1404,596,1382,0,3
1399,602,1377,0,3
1399,603,1377,0,3
1396,604,1418,3,0
1399,604,1377,0,3
1399,605,1377,0,3
1399,606,1377,0,3
1399,607,1377,0,3
1404,612,1382,0,3
1404,613,1382,0,3
1387,614,1365,0,3
1404,614,1382,0,3
1406,614,1428,3,0
1386,615,1408,2,0
1387,615,1365,0,3
1404,615,1382,0,3
1406,615,1428,3,0
1407,615,1385,0,3
1409,616,1387,0,3
1426,616,1404,0,3
1428,616,1450,3,0
1409,617,1387,0,3
1426,617,1404,0,3
1426,618,1404,0,3
1423,622,1445,3,0
1415,623,1437,3,0
1423,623,1445,3,0
1415,624,1437,3,0
1421,624,1399,0,3
1423,624,1445,3,0
1415,625,1437,3,0
1417,625,1439,3,0
1420,625,1442,3,0
1421,625,1399,0,3
1423,625,1445,3,0
1415,626,1437,3,0
1417,626,1439,3,0
1418,626,1440,3,0
1420,626,1442,3,0
1421,626,1399,0,3
1423,626,1445,3,0
1415,627,1437,3,0
1417,627,1439,3,0
1420,627,1442,3,0
1421,627,1399,0,3
1423,627,1445,3,0
1415,628,1437,3,0
1420,628,1442,3,0
1421,628,1399,0,3
1423,628,1445,3,0
1415,629,1437,3,0
1421,629,1399,0,3
1423,629,1445,3,0
1423,630,1445,3,0
1423,631,1445,3,0
1426,634,1404,0,3
1426,635,1404,0,3
1409,636,1387,0,3
1426,636,1404,0,3
1428,636,1450,3,0
1409,637,1387,0,3
1426,637,1404,0,3
1428,637,1450,3,0
1429,637,1407,0,3
1431,638,1409,0,3
1448,638,1426,0,3
1431,639,1409,0,3
1448,639,1426,0,3
1448,640,1426,0,3
1437,645,1459,3,0
1437,646,1459,3,0
1443,646,1421,0,3
1437,647,1459,3,0
1439,647,1461,3,0
1442,647,1464,3,0
1443,647,1421,0,3
1437,648,1459,3,0
1439,648,1461,3,0
1440,648,1462,3,0
1442,648,1464,3,0
1443,648,1421,0,3
1437,649,1459,3,0
1439,649,1461,3,0
1442,649,1464,3,0
1443,649,1421,0,3
1437,650,1459,3,0
1442,650,1464,3,0
1443,650,1421,0,3
1437,651,1459,3,0
1443,651,1421,0,3
1448,656,1426,0,3
1448,657,1426,0,3
1431,658,1409,0,3
1448,658,1426,0,3
1431,659,1409,0,3
1448,659,1426,0,3
1451,659,1429,0,3
1453,660,1431,0,3
1470,660,1448,0,3
1453,661,1431,0,3
1470,661,1448,0,3
1470,662,1448,0,3
1459,667,1481,3,0
1459,668,1481,3,0
1465,668,1443,0,3
1459,669,1481,3,0
1464,669,1486,3,0
1465,669,1443,0,3
1459,670,1481,3,0
1462,670,1484,3,0
1464,670,1486,3,0
1465,670,1443,0,3
1459,671,1481,3,0
1464,671,1486,3,0
1465,671,1443,0,3
1459,672,1481,3,0
1464,672,1486,3,0
1465,672,1443,0,3
1459,673,1481,3,0
1465,673,1443,0,3
1470,678,1448,0,3
1470,679,1448,0,3
1453,680,1431,0,3
1470,680,1448,0,3
1453,681,1431,0,3
1470,681,1448,0,3
1473,681,1451,0,3
1477,682,1499,3,0
1478,682,1456,0,3
1492,682,1470,0,3
1477,683,1499,3,0
1478,683,1456,0,3
1492,683,1470,0,3
1477,684,1499,3,0
1478,684,1456,0,3
1492,684,1470,0,3
1477,685,1499,3,0
1478,685,1456,0,3
1478,686,1456,0,3
1487,690,1465,0,3
1486,691,1508,3,0
1487,691,1465,0,3
1484,692,1506,3,0
1486,692,1508,3,0
1487,692,1465,0,3
1486,693,1508,3,0
1487,693,1465,0,3
1486,694,1508,3,0
1487,694,1465,0,3
1487,695,1465,0,3
1478,699,1456,0,3
1477,700,1499,3,0
1478,700,1456,0,3
1492,700,1470,0,3
1477,701,1499,3,0
1478,701,1456,0,3
1492,701,1470,0,3
1477,702,1499,3,0
1478,702,1456,0,3
1492,702,1470,0,3
1477,703,1499,3,0
1478,703,1456,0,3
1492,703,1470,0,3
1495,703,1473,0,3
1496,704,1518,2,0
1499,704,1521,3,0
1500,704,1478,0,3
1499,705,1521,3,0
1500,705,1478,0,3
1499,706,1521,3,0
1500,706,1478,0,3
1499,707,1521,3,0
1500,707,1478,0,3
1500,708,1478,0,3
1509,712,1487,0,3
1508,713,1530,3,0
1509,713,1487,0,3
1506,714,1528,3,0
1507,714,1529,3,0
1508,714,1530,3,0
1509,714,1487,0,3
1507,715,1529,3,0
1508,715,1530,3,0
1509,715,1487,0,3
1508,716,1530,3,0
1509,716,1487,0,3
1509,717,1487,0,3
1500,721,1478,0,3
1499,722,1521,3,0
1500,722,1478,0,3
1499,723,1521,3,0
1500,723,1478,0,3
1499,724,1521,3,0
1500,724,1478,0,3
1496,725,1518,2,0
1499,725,1521,3,0
1500,725,1478,0,3
1517,725,1495,0,3
1520,726,1498,0,3
1535,726,1557,3,0
1537,726,1559,3,0
1520,727,1498,0,3
1535,727,1557,3,0
1537,727,1559,3,0
1520,728,1498,0,3
1535,728,1557,3,0
1535,729,1557,3,0
1533,732,1555,3,0
1532,733,1510,0,3
1533,733,1555,3,0
1532,734,1510,0,3
1533,734,1555,3,0
1532,735,1510,0,3
1533,735,1555,3,0
1528,736,1550,3,0
1532,736,1510,0,3
1533,736,1555,3,0
1532,737,1510,0,3
1533,737,1555,3,0
1532,738,1510,0,3
1533,738,1555,3,0
1532,739,1510,0,3
1533,739,1555,3,0
1532,740,1510,0,3
1533,740,1555,3,0
1533,741,1555,3,0
1535,743,1557,3,0
1535,744,1557,3,0
1520,745,1498,0,3
1535,745,1557,3,0
1537,745,1559,3,0
1520,746,1498,0,3
1535,746,1557,3,0
1537,746,1559,3,0
1520,747,1498,0,3
1535,747,1557,3,0
1537,747,1559,3,0
1539,747,1517,0,3
1540,748,1562,2,0
1542,748,1520,0,3
1544,748,1522,0,3
1557,748,1579,3,0
1559,748,1581,3,0
1542,749,1520,0,3
1544,749,1522,0,3
1557,749,1579,3,0
1559,749,1581,3,0
1542,750,1520,0,3
1544,750,1522,0,3
1557,750,1579,3,0
1544,751,1522,0,3
1557,751,1579,3,0
1544,752,1522,0,3
1555,754,1577,3,0
1554,755,1532,0,3
1555,755,1577,3,0
1554,756,1532,0,3
1555,756,1577,3,0
1554,757,1532,0,3
1555,757,1577,3,0
1550,758,1572,3,0
1551,758,1573,3,0
1554,758,1532,0,3
1555,758,1577,3,0
1551,759,1573,3,0
1554,759,1532,0,3
1555,759,1577,3,0
1554,760,1532,0,3
1555,760,1577,3,0
1554,761,1532,0,3
1555,761,1577,3,0
1554,762,1532,0,3
1555,762,1577,3,0
1555,763,1577,3,0
1544,765,1522,0,3
1557,765,1579,3,0
1544,766,1522,0,3
1557,766,1579,3,0
1542,767,1520,0,3
1544,767,1522,0,3
1557,767,1579,3,0
1559,767,1581,3,0
1542,768,1520,0,3
1544,768,1522,0,3
1557,768,1579,3,0
1559,768,1581,3,0
1540,769,1562,2,0
1542,769,1520,0,3
1544,769,1522,0,3
1557,769,1579,3,0
1559,769,1581,3,0
1561,769,1539,0,3
1562,770,0,2,3
1566,770,1544,0,3
1567,770,5,3,3
1579,770,17,3,3
1581,770,19,3,3
1566,771,1544,0,3
1567,771,5,3,3
1579,771,17,3,3
1581,771,19,3,3
1566,772,1544,0,3
1567,772,5,3,3
1579,772,17,3,3
1566,773,1544,0,3
1567,773,5,3,3
1579,773,17,3,3
1566,774,1544,0,3
1567,774,5,3,3
1567,775,5,3,3
1567,776,5,3,3
1577,776,15,3,3
1567,777,5,3,3
1569,777,1547,0,3
1577,777,15,3,3
1567,778,5,3,3
1569,778,1547,0,3
1577,778,15,3,3
1567,779,5,3,3
1569,779,1547,0,3
1571,779,9,3,3
1574,779,1552,0,3
1577,779,15,3,3
1567,780,5,3,3
1569,780,1547,0,3
1571,780,9,3,3
1572,780,10,3,3
1573,780,11,3,3
1574,780,1552,0,3
1577,780,15,3,3
1567,781,5,3,3
1569,781,1547,0,3
1571,781,9,3,3
1573,781,11,3,3
1574,781,1552,0,3
1577,781,15,3,3
1567,782,5,3,3
1569,782,1547,0,3
1574,782,1552,0,3
1577,782,15,3,3
1567,783,5,3,3
1569,783,1547,0,3
1577,783,15,3,3
1567,784,5,3,3
1577,784,15,3,3
1567,785,5,3,3
1577,785,15,3,3
1566,787,1544,0,3
1567,787,5,3,3
1579,787,17,3,3
1566,788,1544,0,3
1567,788,5,3,3
1579,788,17,3,3
1566,789,1544,0,3
1567,789,5,3,3
1579,789,17,3,3
1581,789,19,3,3
1566,790,1544,0,3
1567,790,5,3,3
1579,790,17,3,3
1581,790,19,3,3
1562,791,0,2,3
1566,791,1544,0,3
1567,791,5,3,3
1579,791,17,3,3
1581,791,19,3,3
1583,791,1561,0,3
0,792,22,1,0
2,792,1564,3,3
4,792,1566,3,3
5,792,27,2,0
17,792,39,2,0
19,792,41,2,0
20,792,1582,3,3
2,793,1564,3,3
4,793,1566,3,3
5,793,27,2,0
17,793,39,2,0
19,793,41,2,0
2,794,1564,3,3
4,794,1566,3,3
5,794,27,2,0
17,794,39,2,0
4,795,1566,3,3
5,795,27,2,0
17,795,39,2,0
4,796,1566,3,3
5,796,27,2,0
5,797,27,2,0
5,798,27,2,0
5,799,27,2,0
7,799,29,2,0
14,799,1576,3,3
5,800,27,2,0
7,800,29,2,0
14,800,1576,3,3
5,801,27,2,0
7,801,29,2,0
9,801,31,2,0
12,801,1574,3,3
14,801,1576,3,3
5,802,27,2,0
7,802,29,2,0
9,802,31,2,0
10,802,32,2,0
11,802,33,2,0
12,802,1574,3,3
14,802,1576,3,3
5,803,27,2,0
7,803,29,2,0
9,803,31,2,0
11,803,33,2,0
12,803,1574,3,3
14,803,1576,3,3
5,804,27,2,0
7,804,29,2,0
12,804,1574,3,3
14,804,1576,3,3
5,805,27,2,0
7,805,29,2,0
14,805,1576,3,3
5,806,27,2,0
14,806,1576,3,3
5,807,27,2,0
4,809,1566,3,3
5,809,27,2,0
17,809,39,2,0
4,810,1566,3,3
5,810,27,2,0
17,810,39,2,0
2,811,1564,3,3
4,811,1566,3,3
5,811,27,2,0
17,811,39,2,0
19,811,41,2,0
2,812,1564,3,3
4,812,1566,3,3
5,812,27,2,0
17,812,39,2,0
19,812,41,2,0
20,812,1582,3,3
0,813,22,1,0
2,813,1564,3,3
4,813,1566,3,3
5,813,27,2,0
17,813,39,2,0
19,813,41,2,0
20,813,1582,3,3
21,813,1583,3,3
22,814,44,2,0
24,814,2,0,2
26,814,4,0,2
27,814,49,3,0
39,814,61,3,0
41,814,63,3,0
42,814,20,0,2
24,815,2,0,2
26,815,4,0,2
27,815,49,3,0
39,815,61,3,0
41,815,63,3,0
24,816,2,0,2
26,816,4,0,2
27,816,49,3,0
39,816,61,3,0
26,817,4,0,2
27,817,49,3,0
39,817,61,3,0
26,818,4,0,2
27,818,49,3,0
27,819,49,3,0
27,820,49,3,0
27,821,49,3,0
29,821,51,3,0
36,821,14,0,2
27,822,49,3,0
29,822,51,3,0
36,822,14,0,2
27,823,49,3,0
29,823,51,3,0
31,823,53,3,0
34,823,12,0,2
36,823,14,0,2
27,824,49,3,0
29,824,51,3,0
31,824,53,3,0
33,824,55,3,0
34,824,12,0,2
36,824,14,0,2
27,825,49,3,0
29,825,51,3,0
31,825,53,3,0
33,825,55,3,0
34,825,12,0,2
36,825,14,0,2
27,826,49,3,0
29,826,51,3,0
34,826,12,0,2
36,826,14,0,2
27,827,49,3,0
29,827,51,3,0
36,827,14,0,2
27,828,49,3,0
36,828,14,0,2
27,829,49,3,0
26,831,4,0,2
27,831,49,3,0
39,831,61,3,0
26,832,4,0,2
27,832,49,3,0
39,832,61,3,0
24,833,2,0,2
26,833,4,0,2
27,833,49,3,0
39,833,61,3,0
41,833,63,3,0
24,834,2,0,2
26,834,4,0,2
27,834,49,3,0
39,834,61,3,0
41,834,63,3,0
42,834,20,0,2
22,835,44,2,0
24,835,2,0,2
26,835,4,0,2
27,835,49,3,0
39,835,61,3,0
41,835,63,3,0
42,835,20,0,2
43,835,21,0,2
44,836,66,2,0
46,836,24,0,3
48,836,26,0,3
49,836,71,3,0
61,836,83,3,0
63,836,85,3,0
64,836,42,0,3
46,837,24,0,3
48,837,26,0,3
49,837,71,3,0
61,837,83,3,0
63,837,85,3,0
46,838,24,0,3
48,838,26,0,3
49,838,71,3,0
61,838,83,3,0
48,839,26,0,3
49,839,71,3,0
61,839,83,3,0
48,840,26,0,3
49,840,71,3,0
49,841,71,3,0
49,842,71,3,0
49,843,71,3,0
51,843,73,3,0
58,843,36,0,3
49,844,71,3,0
51,844,73,3,0
57,844,35,0,3
58,844,36,0,3
49,845,71,3,0
51,845,73,3,0
56,845,34,0,3
57,845,35,0,3
58,845,36,0,3
49,846,71,3,0
51,846,73,3,0
55,846,77,3,0
56,846,34,0,3
57,846,35,0,3
58,846,36,0,3
49,847,71,3,0
51,847,73,3,0
55,847,77,3,0
56,847,34,0,3
57,847,35,0,3
58,847,36,0,3
49,848,71,3,0
51,848,73,3,0
56,848,34,0,3
57,848,35,0,3
58,848,36,0,3
49,849,71,3,0
51,849,73,3,0
57,849,35,0,3
58,849,36,0,3
49,850,71,3,0
58,850,36,0,3
49,851,71,3,0
48,853,26,0,3
49,853,71,3,0
61,853,83,3,0
48,854,26,0,3
49,854,71,3,0
61,854,83,3,0
46,855,24,0,3
48,855,26,0,3
49,855,71,3,0
61,855,83,3,0
63,855,85,3,0
46,856,24,0,3
48,856,26,0,3
49,856,71,3,0
61,856,83,3,0
63,856,85,3,0
64,856,42,0,3
44,857,66,2,0
46,857,24,0,3
48,857,26,0,3
49,857,71,3,0
61,857,83,3,0
63,857,85,3,0
64,857,42,0,3
71,858,93,3,0
83,858,105,3,0
85,858,107,3,0
86,858,64,0,3
71,859,93,3,0
83,859,105,3,0
85,859,107,3,0
71,860,93,3,0
83,860,105,3,0
71,861,93,3,0
83,861,105,3,0
71,862,93,3,0
71,863,93,3,0
71,864,93,3,0
71,865,93,3,0
71,866,93,3,0
79,866,57,0,3
71,867,93,3,0
78,867,56,0,3
79,867,57,0,3
71,868,93,3,0
76,868,54,0,3
77,868,99,3,0
78,868,56,0,3
79,868,57,0,3
71,869,93,3,0
77,869,99,3,0
78,869,56,0,3
79,869,57,0,3
71,870,93,3,0
78,870,56,0,3
79,870,57,0,3
71,871,93,3,0
79,871,57,0,3
71,872,93,3,0
71,873,93,3,0
71,875,93,3,0
83,875,105,3,0
71,876,93,3,0
83,876,105,3,0
71,877,93,3,0
83,877,105,3,0
85,877,107,3,0
71,878,93,3,0
83,878,105,3,0
85,878,107,3,0
86,878,64,0,3
71,879,93,3,0
83,879,105,3,0
85,879,107,3,0
86,879,64,0,3
93,880,115,3,0
105,880,127,3,0
108,880,86,0,3
93,881,115,3,0
105,881,127,3,0
93,882,115,3,0
105,882,127,3,0
93,883,115,3,0
105,883,127,3,0
93,884,115,3,0
93,885,115,3,0
93,886,115,3,0
94,886,116,3,0
93,887,115,3,0
94,887,116,3,0
93,888,115,3,0
94,888,116,3,0
93,889,115,3,0
94,889,116,3,0
100,889,78,0,3
93,890,115,3,0
94,890,116,3,0
98,890,120,3,0
100,890,78,0,3
93,891,115,3,0
94,891,116,3,0
100,891,78,0,3
93,892,115,3,0
94,892,116,3,0
100,892,78,0,3
93,893,115,3,0
94,893,116,3,0
93,894,115,3,0
94,894,116,3,0
93,895,115,3,0
93,897,115,3,0
105,897,127,3,0
93,898,115,3,0
105,898,127,3,0
93,899,115,3,0
105,899,127,3,0
93,900,115,3,0
105,900,127,3,0
108,900,86,0,3
93,901,115,3,0
105,901,127,3,0
108,901,86,0,3
115,902,137,3,0
127,902,149,3,0
129,902,151,3,0
130,902,108,0,3
115,903,137,3,0
127,903,149,3,0
129,903,151,3,0
115,904,137,3,0
127,904,149,3,0
115,905,137,3,0
127,905,149,3,0
115,906,137,3,0
115,907,137,3,0
115,908,137,3,0
116,908,138,3,0
115,909,137,3,0
116,909,138,3,0
115,910,137,3,0
116,910,138,3,0
115,911,137,3,0
116,911,138,3,0
122,911,100,0,3
115,912,137,3,0
116,912,138,3,0
122,912,100,0,3
115,913,137,3,0
116,913,138,3,0
122,913,100,0,3
115,914,137,3,0
116,914,138,3,0
122,914,100,0,3
115,915,137,3,0
116,915,138,3,0
115,916,137,3,0
116,916,138,3,0
115,917,137,3,0
115,919,137,3,0
127,919,149,3,0
115,920,137,3,0
127,920,149,3,0
115,921,137,3,0
127,921,149,3,0
129,921,151,3,0
115,922,137,3,0
127,922,149,3,0
129,922,151,3,0
130,922,108,0,3
115,923,137,3,0
127,923,149,3,0
129,923,151,3,0
130,923,108,0,3
132,924,154,2,0
133,924,155,3,0
134,924,156,3,0
136,924,114,0,3
148,924,126,0,3
151,924,173,3,0
152,924,130,0,3
133,925,155,3,0
134,925,156,3,0
136,925,114,0,3
148,925,126,0,3
151,925,173,3,0
134,926,156,3,0
136,926,114,0,3
148,926,126,0,3
136,927,114,0,3
148,927,126,0,3
136,928,114,0,3
148,928,126,0,3
138,930,160,3,0
148,930,126,0,3
138,931,160,3,0
148,931,126,0,3
138,932,160,3,0
140,932,162,3,0
145,932,167,3,0
148,932,126,0,3
138,933,160,3,0
140,933,162,3,0
145,933,167,3,0
148,933,126,0,3
138,934,160,3,0
140,934,162,3,0
145,934,167,3,0
148,934,126,0,3
138,935,160,3,0
140,935,162,3,0
145,935,167,3,0
148,935,126,0,3
138,936,160,3,0
140,936,162,3,0
145,936,167,3,0
148,936,126,0,3
138,937,160,3,0
145,937,167,3,0
148,937,126,0,3
138,938,160,3,0
148,938,126,0,3
148,939,126,0,3
148,940,126,0,3
136,941,114,0,3
148,941,126,0,3
136,942,114,0,3
148,942,126,0,3
134,943,156,3,0
136,943,114,0,3
148,943,126,0,3
151,943,173,3,0
133,944,155,3,0
134,944,156,3,0
136,944,114,0,3
148,944,126,0,3
151,944,173,3,0
152,944,130,0,3
132,945,154,2,0
133,945,155,3,0
134,945,156,3,0
136,945,114,0,3
148,945,126,0,3
151,945,173,3,0
152,945,130,0,3
154,946,176,2,0
155,946,177,3,0
158,946,136,0,3
170,946,148,0,3
174,946,152,0,3
155,947,177,3,0
158,947,136,0,3
170,947,148,0,3
158,948,136,0,3
170,948,148,0,3
158,949,136,0,3
170,949,148,0,3
158,950,136,0,3
170,950,148,0,3
170,951,148,0,3
170,952,148,0,3
170,953,148,0,3
162,954,184,3,0
167,954,189,3,0
170,954,148,0,3
162,955,184,3,0
166,955,144,0,3
167,955,189,3,0
170,955,148,0,3
162,956,184,3,0
165,956,143,0,3
166,956,144,0,3
167,956,189,3,0
170,956,148,0,3
162,957,184,3,0
165,957,143,0,3
166,957,144,0,3
167,957,189,3,0
170,957,148,0,3
162,958,184,3,0
166,958,144,0,3
167,958,189,3,0
170,958,148,0,3
167,959,189,3,0
170,959,148,0,3
170,960,148,0,3
170,961,148,0,3
170,962,148,0,3
158,963,136,0,3
170,963,148,0,3
158,964,136,0,3
170,964,148,0,3
158,965,136,0,3
170,965,148,0,3
155,966,177,3,0
158,966,136,0,3
170,966,148,0,3
174,966,152,0,3
154,967,176,2,0
155,967,177,3,0
158,967,136,0,3
170,967,148,0,3
174,967,152,0,3
176,968,198,2,0
177,968,199,3,0
180,968,158,0,3
192,968,170,0,3
196,968,174,0,3
177,969,199,3,0
180,969,158,0,3
192,969,170,0,3
180,970,158,0,3
192,970,170,0,3
180,971,158,0,3
192,971,170,0,3
180,972,158,0,3
192,972,170,0,3
191,974,169,0,3
192,974,170,0,3
183,975,161,0,3
191,975,169,0,3
192,975,170,0,3
183,976,161,0,3
189,976,211,3,0
191,976,169,0,3
192,976,170,0,3
183,977,161,0,3
185,977,163,0,3
188,977,166,0,3
189,977,211,3,0
191,977,169,0,3
192,977,170,0,3
183,978,161,0,3
185,978,163,0,3
188,978,166,0,3
189,978,211,3,0
191,978,169,0,3
192,978,170,0,3
183,979,161,0,3
185,979,163,0,3
188,979,166,0,3
189,979,211,3,0
191,979,169,0,3
192,979,170,0,3
183,980,161,0,3
188,980,166,0,3
189,980,211,3,0
191,980,169,0,3
192,980,170,0,3
183,981,161,0,3
189,981,211,3,0
191,981,169,0,3
192,981,170,0,3
191,982,169,0,3
192,982,170,0,3
191,983,169,0,3
192,983,170,0,3
192,984,170,0,3
180,985,158,0,3
192,985,170,0,3
180,986,158,0,3
192,986,170,0,3
180,987,158,0,3
192,987,170,0,3
177,988,199,3,0
180,988,158,0,3
192,988,170,0,3
196,988,174,0,3
176,989,198,2,0
177,989,199,3,0
180,989,158,0,3
192,989,170,0,3
196,989,174,0,3
198,990,220,2,0
199,990,221,3,0
202,990,180,0,3
214,990,192,0,3
215,990,237,3,0
218,990,196,0,3
199,991,221,3,0
202,991,180,0,3
214,991,192,0,3
215,991,237,3,0
202,992,180,0,3
214,992,192,0,3
215,992,237,3,0
202,993,180,0,3
214,993,192,0,3
215,993,237,3,0
202,994,180,0,3
214,994,192,0,3
214,995,192,0,3
214,996,192,0,3
205,997,183,0,3
214,997,192,0,3
205,998,183,0,3
211,998,233,3,0
214,998,192,0,3
205,999,183,0,3
207,999,185,0,3
210,999,188,0,3
211,999,233,3,0
214,999,192,0,3
205,1000,183,0,3
207,1000,185,0,3
210,1000,188,0,3
211,1000,233,3,0
214,1000,192,0,3
205,1001,183,0,3
207,1001,185,0,3
210,1001,188,0,3
211,1001,233,3,0
214,1001,192,0,3
205,1002,183,0,3
210,1002,188,0,3
211,1002,233,3,0
214,1002,192,0,3
205,1003,183,0,3
211,1003,233,3,0
214,1003,192,0,3
214,1004,192,0,3
214,1005,192,0,3
214,1006,192,0,3
202,1007,180,0,3
214,1007,192,0,3
215,1007,237,3,0
202,1008,180,0,3
214,1008,192,0,3
215,1008,237,3,0
202,1009,180,0,3
214,1009,192,0,3
215,1009,237,3,0
199,1010,221,3,0
202,1010,180,0,3
214,1010,192,0,3
215,1010,237,3,0
218,1010,196,0,3
198,1011,220,2,0
199,1011,221,3,0
202,1011,180,0,3
214,1011,192,0,3
215,1011,237,3,0
218,1011,196,0,3
220,1012,242,2,0
221,1012,243,3,0
224,1012,202,0,3
225,1012,247,3,0
236,1012,214,0,3
240,1012,218,0,3
221,1013,243,3,0
224,1013,202,0,3
225,1013,247,3,0
236,1013,214,0,3
224,1014,202,0,3
225,1014,247,3,0
236,1014,214,0,3
224,1015,202,0,3
225,1015,247,3,0
236,1015,214,0,3
224,1016,202,0,3
225,1016,247,3,0
236,1016,214,0,3
225,1017,247,3,0
225,1018,247,3,0
236,1018,214,0,3
225,1019,247,3,0
227,1019,205,0,3
236,1019,214,0,3
225,1020,247,3,0
227,1020,205,0,3
233,1020,255,3,0
236,1020,214,0,3
225,1021,247,3,0
227,1021,205,0,3
229,1021,207,0,3
233,1021,255,3,0
236,1021,214,0,3
225,1022,247,3,0
227,1022,205,0,3
229,1022,207,0,3
233,1022,255,3,0
236,1022,214,0,3
225,1023,247,3,0
227,1023,205,0,3
229,1023,207,0,3
233,1023,255,3,0
236,1023,214,0,3
225,1024,247,3,0
227,1024,205,0,3
233,1024,255,3,0
236,1024,214,0,3
225,1025,247,3,0
227,1025,205,0,3
233,1025,255,3,0
236,1025,214,0,3
225,1026,247,3,0
236,1026,214,0,3
225,1027,247,3,0
236,1027,214,0,3
236,1028,214,0,3
224,1029,202,0,3
225,1029,247,3,0
236,1029,214,0,3
224,1030,202,0,3
225,1030,247,3,0
236,1030,214,0,3
224,1031,202,0,3
225,1031,247,3,0
236,1031,214,0,3
221,1032,243,3,0
224,1032,202,0,3
225,1032,247,3,0
236,1032,214,0,3
240,1032,218,0,3
220,1033,242,2,0
221,1033,243,3,0
224,1033,202,0,3
225,1033,247,3,0
236,1033,214,0,3
240,1033,218,0,3
242,1034,264,2,0
243,1034,265,3,0
247,1034,269,3,0
258,1034,236,0,3
262,1034,240,0,3
243,1035,265,3,0
247,1035,269,3,0
258,1035,236,0,3
247,1036,269,3,0
258,1036,236,0,3
247,1037,269,3,0
258,1037,236,0,3
247,1038,269,3,0
258,1038,236,0,3
247,1039,269,3,0
258,1039,236,0,3
247,1040,269,3,0
258,1040,236,0,3
247,1041,269,3,0
249,1041,227,0,3
258,1041,236,0,3
247,1042,269,3,0
249,1042,227,0,3
255,1042,277,3,0
258,1042,236,0,3
247,1043,269,3,0
249,1043,227,0,3
251,1043,229,0,3
255,1043,277,3,0
258,1043,236,0,3
247,1044,269,3,0
249,1044,227,0,3
251,1044,229,0,3
255,1044,277,3,0
258,1044,236,0,3
247,1045,269,3,0
249,1045,227,0,3
251,1045,229,0,3
255,1045,277,3,0
258,1045,236,0,3
247,1046,269,3,0
249,1046,227,0,3
255,1046,277,3,0
258,1046,236,0,3
247,1047,269,3,0
249,1047,227,0,3
255,1047,277,3,0
258,1047,236,0,3
247,1048,269,3,0
258,1048,236,0,3
247,1049,269,3,0
258,1049,236,0,3
258,1050,236,0,3
247,1051,269,3,0
258,1051,236,0,3
247,1052,269,3,0
258,1052,236,0,3
247,1053,269,3,0
258,1053,236,0,3
243,1054,265,3,0
247,1054,269,3,0
258,1054,236,0,3
262,1054,240,0,3
242,1055,264,2,0
243,1055,265,3,0
247,1055,269,3,0
258,1055,236,0,3
262,1055,240,0,3
263,1055,285,3,0
265,1056,287,3,0
280,1056,258,0,3
281,1056,303,3,0
282,1056,304,3,0
284,1056,262,0,3
265,1057,287,3,0
280,1057,258,0,3
281,1057,303,3,0
282,1057,304,3,0
280,1058,258,0,3
281,1058,303,3,0
282,1058,304,3,0
280,1059,258,0,3
281,1059,303,3,0
280,1060,258,0,3
280,1062,258,0,3
280,1063,258,0,3
277,1064,299,3,0
280,1064,258,0,3
273,1065,251,0,3
277,1065,299,3,0
280,1065,258,0,3
273,1066,251,0,3
277,1066,299,3,0
280,1066,258,0,3
273,1067,251,0,3
277,1067,299,3,0
280,1067,258,0,3
277,1068,299,3,0
280,1068,258,0,3
277,1069,299,3,0
280,1069,258,0,3
280,1070,258,0,3
280,1071,258,0,3
280,1072,258,0,3
280,1073,258,0,3
281,1073,303,3,0
280,1074,258,0,3
281,1074,303,3,0
282,1074,304,3,0
280,1075,258,0,3
281,1075,303,3,0
282,1075,304,3,0
265,1076,287,3,0
280,1076,258,0,3
281,1076,303,3,0
282,1076,304,3,0
284,1076,262,0,3
265,1077,287,3,0
280,1077,258,0,3
281,1077,303,3,0
282,1077,304,3,0
284,1077,262,0,3
285,1077,307,3,0
286,1078,264,0,2
287,1078,309,3,0
291,1078,313,3,0
302,1078,280,0,3
304,1078,326,3,0
306,1078,284,0,3
287,1079,309,3,0
291,1079,313,3,0
302,1079,280,0,3
304,1079,326,3,0
291,1080,313,3,0
302,1080,280,0,3
304,1080,326,3,0
291,1081,313,3,0
302,1081,280,0,3
291,1082,313,3,0
302,1082,280,0,3
291,1083,313,3,0
302,1083,280,0,3
291,1084,313,3,0
302,1084,280,0,3
291,1085,313,3,0
302,1085,280,0,3
291,1086,313,3,0
299,1086,321,3,0
302,1086,280,0,3
291,1087,313,3,0
295,1087,273,0,3
299,1087,321,3,0
302,1087,280,0,3
291,1088,313,3,0
295,1088,273,0,3
299,1088,321,3,0
302,1088,280,0,3
291,1089,313,3,0
295,1089,273,0,3
299,1089,321,3,0
302,1089,280,0,3
291,1090,313,3,0
299,1090,321,3,0
302,1090,280,0,3
291,1091,313,3,0
299,1091,321,3,0
302,1091,280,0,3
291,1092,313,3,0
302,1092,280,0,3
291,1093,313,3,0
302,1093,280,0,3
302,1094,280,0,3
291,1095,313,3,0
302,1095,280,0,3
291,1096,313,3,0
302,1096,280,0,3
304,1096,326,3,0
291,1097,313,3,0
302,1097,280,0,3
304,1097,326,3,0
287,1098,309,3,0
291,1098,313,3,0
302,1098,280,0,3
304,1098,326,3,0
306,1098,284,0,3
286,1099,264,0,2
287,1099,309,3,0
291,1099,313,3,0
302,1099,280,0,3
304,1099,326,3,0
306,1099,284,0,3
307,1099,329,3,0
308,1100,286,0,2
309,1100,331,3,0
312,1100,290,0,3
313,1100,335,3,0
324,1100,302,0,3
326,1100,348,3,0
328,1100,306,0,3
309,1101,331,3,0
312,1101,290,0,3
313,1101,335,3,0
324,1101,302,0,3
326,1101,348,3,0
312,1102,290,0,3
313,1102,335,3,0
324,1102,302,0,3
326,1102,348,3,0
312,1103,290,0,3
313,1103,335,3,0
324,1103,302,0,3
312,1104,290,0,3
313,1104,335,3,0
324,1104,302,0,3
313,1105,335,3,0
313,1106,335,3,0
324,1106,302,0,3
313,1107,335,3,0
324,1107,302,0,3
313,1108,335,3,0
321,1108,343,3,0
324,1108,302,0,3
313,1109,335,3,0
317,1109,295,0,3
321,1109,343,3,0
324,1109,302,0,3
313,1110,335,3,0
317,1110,295,0,3
321,1110,343,3,0
324,1110,302,0,3
313,1111,335,3,0
317,1111,295,0,3
321,1111,343,3,0
324,1111,302,0,3
313,1112,335,3,0
321,1112,343,3,0
324,1112,302,0,3
313,1113,335,3,0
321,1113,343,3,0
324,1113,302,0,3
313,1114,335,3,0
324,1114,302,0,3
313,1115,335,3,0
324,1115,302,0,3
324,1116,302,0,3
312,1117,290,0,3
313,1117,335,3,0
324,1117,302,0,3
312,1118,290,0,3
313,1118,335,3,0
324,1118,302,0,3
326,1118,348,3,0
312,1119,290,0,3
313,1119,335,3,0
324,1119,302,0,3
326,1119,348,3,0
309,1120,331,3,0
312,1120,290,0,3
313,1120,335,3,0
324,1120,302,0,3
326,1120,348,3,0
328,1120,306,0,3
308,1121,286,0,2
309,1121,331,3,0
312,1121,290,0,3
313,1121,335,3,0
324,1121,302,0,3
326,1121,348,3,0
328,1121,306,0,3
329,1121,351,3,0
330,1122,308,0,2
331,1122,353,3,0
335,1122,357,3,0
346,1122,324,0,3
348,1122,370,3,0
349,1122,371,3,0
350,1122,328,0,3
331,1123,353,3,0
335,1123,357,3,0
346,1123,324,0,3
348,1123,370,3,0
349,1123,371,3,0
335,1124,357,3,0
346,1124,324,0,3
348,1124,370,3,0
335,1125,357,3,0
346,1125,324,0,3
335,1126,357,3,0
346,1126,324,0,3
335,1127,357,3,0
346,1127,324,0,3
335,1128,357,3,0
346,1128,324,0,3
335,1129,357,3,0
346,1129,324,0,3
335,1130,357,3,0
343,1130,365,3,0
346,1130,324,0,3
335,1131,357,3,0
342,1131,320,0,3
343,1131,365,3,0
346,1131,324,0,3
335,1132,357,3,0
342,1132,320,0,3
343,1132,365,3,0
346,1132,324,0,3
335,1133,357,3,0
342,1133,320,0,3
343,1133,365,3,0
346,1133,324,0,3
335,1134,357,3,0
342,1134,320,0,3
343,1134,365,3,0
346,1134,324,0,3
335,1135,357,3,0
343,1135,365,3,0
346,1135,324,0,3
335,1136,357,3,0
346,1136,324,0,3
335,1137,357,3,0
346,1137,324,0,3
346,1138,324,0,3
335,1139,357,3,0
346,1139,324,0,3
335,1140,357,3,0
346,1140,324,0,3
348,1140,370,3,0
335,1141,357,3,0
346,1141,324,0,3
348,1141,370,3,0
349,1141,371,3,0
331,1142,353,3,0
335,1142,357,3,0
346,1142,324,0,3
348,1142,370,3,0
349,1142,371,3,0
350,1142,328,0,3
330,1143,308,0,2
331,1143,353,3,0
335,1143,357,3,0
346,1143,324,0,3
348,1143,370,3,0
349,1143,371,3,0
350,1143,328,0,3
351,1143,373,3,0
352,1144,330,0,2
353,1144,375,3,0
357,1144,379,3,0
368,1144,346,0,3
370,1144,392,3,0
372,1144,350,0,3
353,1145,375,3,0
357,1145,379,3,0
368,1145,346,0,3
370,1145,392,3,0
357,1146,379,3,0
368,1146,346,0,3
370,1146,392,3,0
357,1147,379,3,0
368,1147,346,0,3
357,1148,379,3,0
368,1148,346,0,3
357,1149,379,3,0
357,1150,379,3,0
368,1150,346,0,3
357,1151,379,3,0
368,1151,346,0,3
357,1152,379,3,0
365,1152,387,3,0
368,1152,346,0,3
357,1153,379,3,0
365,1153,387,3,0
368,1153,346,0,3
357,1154,379,3,0
365,1154,387,3,0
368,1154,346,0,3
357,1155,379,3,0
365,1155,387,3,0
368,1155,346,0,3
357,1156,379,3,0
365,1156,387,3,0
368,1156,346,0,3
357,1157,379,3,0
365,1157,387,3,0
368,1157,346,0,3
357,1158,379,3,0
368,1158,346,0,3
357,1159,379,3,0
368,1159,346,0,3
368,1160,346,0,3
357,1161,379,3,0
368,1161,346,0,3
357,1162,379,3,0
368,1162,346,0,3
370,1162,392,3,0
357,1163,379,3,0
368,1163,346,0,3
370,1163,392,3,0
353,1164,375,3,0
357,1164,379,3,0
368,1164,346,0,3
370,1164,392,3,0
372,1164,350,0,3
352,1165,330,0,2
353,1165,375,3,0
357,1165,379,3,0
368,1165,346,0,3
370,1165,392,3,0
372,1165,350,0,3
373,1165,395,3,0
374,1166,352,0,2
375,1166,397,3,0
376,1166,354,0,3
379,1166,401,3,0
392,1166,414,3,0
394,1166,372,0,3
375,1167,397,3,0
376,1167,354,0,3
379,1167,401,3,0
392,1167,414,3,0
376,1168,354,0,3
379,1168,401,3,0
392,1168,414,3,0
379,1169,401,3,0
379,1170,401,3,0
379,1171,401,3,0
379,1172,401,3,0
379,1173,401,3,0
379,1174,401,3,0
387,1174,409,3,0
379,1175,401,3,0
387,1175,409,3,0
379,1176,401,3,0
387,1176,409,3,0
379,1177,401,3,0
387,1177,409,3,0
379,1178,401,3,0
387,1178,409,3,0
379,1179,401,3,0
387,1179,409,3,0
379,1180,401,3,0
379,1181,401,3,0
379,1183,401,3,0
379,1184,401,3,0
392,1184,414,3,0
376,1185,354,0,3
379,1185,401,3,0
392,1185,414,3,0
375,1186,397,3,0
376,1186,354,0,3
379,1186,401,3,0
392,1186,414,3,0
394,1186,372,0,3
374,1187,352,0,2
375,1187,397,3,0
376,1187,354,0,3
379,1187,401,3,0
392,1187,414,3,0
394,1187,372,0,3
395,1187,417,3,0
396,1188,374,0,2
397,1188,419,3,0
398,1188,376,0,3
401,1188,423,3,0
414,1188,436,3,0
397,1189,419,3,0
398,1189,376,0,3
401,1189,423,3,0
414,1189,436,3,0
398,1190,376,0,3
401,1190,423,3,0
414,1190,436,3,0
401,1191,423,3,0
401,1192,423,3,0
401,1193,423,3,0
401,1194,423,3,0
401,1195,423,3,0
401,1196,423,3,0
409,1196,431,3,0
401,1197,423,3,0
409,1197,431,3,0
401,1198,423,3,0
409,1198,431,3,0
401,1199,423,3,0
409,1199,431,3,0
401,1200,423,3,0
409,1200,431,3,0
401,1201,423,3,0
409,1201,431,3,0
401,1202,423,3,0
401,1203,423,3,0
401,1205,423,3,0
401,1206,423,3,0
414,1206,436,3,0
398,1207,376,0,3
401,1207,423,3,0
414,1207,436,3,0
397,1208,419,3,0
398,1208,376,0,3
401,1208,423,3,0
414,1208,436,3,0
396,1209,374,0,2
397,1209,419,3,0
398,1209,376,0,3
401,1209,423,3,0
414,1209,436,3,0
417,1209,439,3,0
418,1210,396,0,2
419,1210,441,3,0
420,1210,398,0,3
423,1210,445,3,0
436,1210,458,3,0
419,1211,441,3,0
420,1211,398,0,3
423,1211,445,3,0
436,1211,458,3,0
420,1212,398,0,3
423,1212,445,3,0
436,1212,458,3,0
423,1213,445,3,0
423,1214,445,3,0
423,1215,445,3,0
423,1216,445,3,0
423,1217,445,3,0
423,1218,445,3,0
431,1218,453,3,0
423,1219,445,3,0
431,1219,453,3,0
423,1220,445,3,0
431,1220,453,3,0
423,1221,445,3,0
431,1221,453,3,0
423,1222,445,3,0
431,1222,453,3,0
423,1223,445,3,0
431,1223,453,3,0
423,1224,445,3,0
423,1225,445,3,0
423,1227,445,3,0
423,1228,445,3,0
436,1228,458,3,0
420,1229,398,0,3
423,1229,445,3,0
436,1229,458,3,0
419,1230,441,3,0
420,1230,398,0,3
423,1230,445,3,0
436,1230,458,3,0
418,1231,396,0,2
419,1231,441,3,0
420,1231,398,0,3
423,1231,445,3,0
436,1231,458,3,0
439,1231,461,3,0
440,1232,418,0,2
441,1232,463,3,0
442,1232,420,0,3
445,1232,467,3,0
458,1232,480,3,0
441,1233,463,3,0
442,1233,420,0,3
445,1233,467,3,0
458,1233,480,3,0
442,1234,420,0,3
445,1234,467,3,0
458,1234,480,3,0
445,1235,467,3,0
445,1236,467,3,0
445,1237,467,3,0
445,1238,467,3,0
445,1239,467,3,0
445,1240,467,3,0
453,1240,475,3,0
445,1241,467,3,0
453,1241,475,3,0
445,1242,467,3,0
453,1242,475,3,0
445,1243,467,3,0
453,1243,475,3,0
445,1244,467,3,0
453,1244,475,3,0
445,1245,467,3,0
453,1245,475,3,0
445,1246,467,3,0
445,1247,467,3,0
445,1249,467,3,0
445,1250,467,3,0
458,1250,480,3,0
442,1251,420,0,3
445,1251,467,3,0
458,1251,480,3,0
441,1252,463,3,0
442,1252,420,0,3
445,1252,467,3,0
458,1252,480,3,0
440,1253,418,0,2
441,1253,463,3,0
442,1253,420,0,3
445,1253,467,3,0
458,1253,480,3,0
461,1253,483,3,0
462,1254,440,0,2
463,1254,485,3,0
464,1254,442,0,3
467,1254,489,3,0
480,1254,502,3,0
463,1255,485,3,0
464,1255,442,0,3
467,1255,489,3,0
480,1255,502,3,0
464,1256,442,0,3
467,1256,489,3,0
480,1256,502,3,0
467,1257,489,3,0
467,1258,489,3,0
467,1259,489,3,0
467,1260,489,3,0
467,1261,489,3,0
467,1262,489,3,0
475,1262,497,3,0
467,1263,489,3,0
475,1263,497,3,0
467,1264,489,3,0
475,1264,497,3,0
467,1265,489,3,0
475,1265,497,3,0
467,1266,489,3,0
475,1266,497,3,0
467,1267,489,3,0
475,1267,497,3,0
467,1268,489,3,0
467,1269,489,3,0
467,1271,489,3,0
467,1272,489,3,0
480,1272,502,3,0
464,1273,442,0,3
467,1273,489,3,0
480,1273,502,3,0
463,1274,485,3,0
464,1274,442,0,3
467,1274,489,3,0
480,1274,502,3,0
462,1275,440,0,2
463,1275,485,3,0
464,1275,442,0,3
467,1275,489,3,0
480,1275,502,3,0
483,1275,505,3,0
484,1276,462,0,2
485,1276,507,3,0
486,1276,464,0,3
489,1276,511,3,0
502,1276,524,3,0
485,1277,507,3,0
486,1277,464,0,3
489,1277,511,3,0
502,1277,524,3,0
486,1278,464,0,3
489,1278,511,3,0
502,1278,524,3,0
489,1279,511,3,0
489,1280,511,3,0
489,1281,511,3,0
489,1282,511,3,0
489,1283,511,3,0
489,1284,511,3,0
497,1284,519,3,0
489,1285,511,3,0
497,1285,519,3,0
489,1286,511,3,0
497,1286,519,3,0
489,1287,511,3,0
497,1287,519,3,0
489,1288,511,3,0
497,1288,519,3,0
489,1289,511,3,0
497,1289,519,3,0
489,1290,511,3,0
489,1291,511,3,0
489,1293,511,3,0
489,1294,511,3,0
502,1294,524,3,0
486,1295,464,0,3
489,1295,511,3,0
502,1295,524,3,0
485,1296,507,3,0
486,1296,464,0,3
489,1296,511,3,0
502,1296,524,3,0
484,1297,462,0,2
485,1297,507,3,0
486,1297,464,0,3
489,1297,511,3,0
502,1297,524,3,0
505,1297,527,3,0
506,1298,484,0,2
507,1298,529,3,0
510,1298,532,3,0
511,1298,533,3,0
524,1298,546,3,0
526,1298,504,0,3
507,1299,529,3,0
510,1299,532,3,0
511,1299,533,3,0
524,1299,546,3,0
510,1300,532,3,0
511,1300,533,3,0
524,1300,546,3,0
510,1301,532,3,0
511,1301,533,3,0
510,1302,532,3,0
511,1302,533,3,0
511,1303,533,3,0
511,1304,533,3,0
511,1305,533,3,0
511,1306,533,3,0
511,1307,533,3,0
511,1308,533,3,0
516,1308,494,0,3
511,1309,533,3,0
511,1310,533,3,0
511,1311,533,3,0
511,1312,533,3,0
511,1313,533,3,0
510,1315,532,3,0
511,1315,533,3,0
510,1316,532,3,0
511,1316,533,3,0
524,1316,546,3,0
510,1317,532,3,0
511,1317,533,3,0
524,1317,546,3,0
507,1318,529,3,0
510,1318,532,3,0
511,1318,533,3,0
524,1318,546,3,0
526,1318,504,0,3
506,1319,484,0,2
507,1319,529,3,0
510,1319,532,3,0
511,1319,533,3,0
524,1319,546,3,0
526,1319,504,0,3
527,1319,549,3,0
528,1320,506,0,2
529,1320,551,3,0
532,1320,510,0,3
533,1320,555,3,0
546,1320,568,3,0
548,1320,526,0,3
529,1321,551,3,0
532,1321,510,0,3
533,1321,555,3,0
546,1321,568,3,0
532,1322,510,0,3
533,1322,555,3,0
546,1322,568,3,0
532,1323,510,0,3
533,1323,555,3,0
532,1324,510,0,3
533,1324,555,3,0
533,1325,555,3,0
533,1326,555,3,0
533,1327,555,3,0
533,1328,555,3,0
541,1328,563,3,0
533,1329,555,3,0
541,1329,563,3,0
533,1330,555,3,0
538,1330,516,0,3
541,1330,563,3,0
533,1331,555,3,0
541,1331,563,3,0
533,1332,555,3,0
541,1332,563,3,0
533,1333,555,3,0
541,1333,563,3,0
533,1334,555,3,0
533,1335,555,3,0
532,1337,510,0,3
533,1337,555,3,0
532,1338,510,0,3
533,1338,555,3,0
546,1338,568,3,0
532,1339,510,0,3
533,1339,555,3,0
546,1339,568,3,0
529,1340,551,3,0
532,1340,510,0,3
533,1340,555,3,0
546,1340,568,3,0
548,1340,526,0,3
528,1341,506,0,2
529,1341,551,3,0
532,1341,510,0,3
533,1341,555,3,0
546,1341,568,3,0
548,1341,526,0,3
549,1341,571,3,0
550,1342,528,0,2
551,1342,573,3,0
554,1342,532,0,3
555,1342,577,3,0
568,1342,590,3,0
569,1342,547,0,3
551,1343,573,3,0
554,1343,532,0,3
555,1343,577,3,0
568,1343,590,3,0
569,1343,547,0,3
554,1344,532,0,3
555,1344,577,3,0
568,1344,590,3,0
554,1345,532,0,3
555,1345,577,3,0
554,1346,532,0,3
555,1346,577,3,0
555,1347,577,3,0
555,1348,577,3,0
555,1349,577,3,0
555,1350,577,3,0
563,1350,585,3,0
555,1351,577,3,0
563,1351,585,3,0
555,1352,577,3,0
560,1352,538,0,3
563,1352,585,3,0
555,1353,577,3,0
563,1353,585,3,0
555,1354,577,3,0
563,1354,585,3,0
555,1355,577,3,0
563,1355,585,3,0
555,1356,577,3,0
555,1357,577,3,0
554,1359,532,0,3
555,1359,577,3,0
554,1360,532,0,3
555,1360,577,3,0
568,1360,590,3,0
554,1361,532,0,3
555,1361,577,3,0
568,1361,590,3,0
569,1361,547,0,3
551,1362,573,3,0
554,1362,532,0,3
555,1362,577,3,0
568,1362,590,3,0
569,1362,547,0,3
550,1363,528,0,2
551,1363,573,3,0
554,1363,532,0,3
555,1363,577,3,0
568,1363,590,3,0
569,1363,547,0,3
571,1363,593,3,0
572,1364,550,0,2
573,1364,595,3,0
577,1364,555,0,3
590,1364,612,3,0
573,1365,595,3,0
577,1365,555,0,3
590,1365,612,3,0
577,1366,555,0,3
590,1366,612,3,0
577,1367,555,0,3
577,1368,555,0,3
577,1369,555,0,3
577,1370,555,0,3
577,1371,555,0,3
577,1372,555,0,3
585,1372,607,3,0
577,1373,555,0,3
585,1373,607,3,0
577,1374,555,0,3
582,1374,560,0,3
585,1374,607,3,0
577,1375,555,0,3
585,1375,607,3,0
577,1376,555,0,3
585,1376,607,3,0
577,1377,555,0,3
585,1377,607,3,0
577,1378,555,0,3
577,1379,555,0,3
577,1381,555,0,3
577,1382,555,0,3
590,1382,612,3,0
577,1383,555,0,3
590,1383,612,3,0
573,1384,595,3,0
577,1384,555,0,3
590,1384,612,3,0
572,1385,550,0,2
573,1385,595,3,0
577,1385,555,0,3
590,1385,612,3,0
593,1385,615,3,0
594,1386,572,0,2
595,1386,617,3,0
612,1386,634,3,0
614,1386,592,0,3
595,1387,617,3,0
612,1387,634,3,0
612,1388,634,3,0
607,1394,629,3,0
607,1395,629,3,0
604,1396,582,0,3
607,1396,629,3,0
607,1397,629,3,0
607,1398,629,3,0
607,1399,629,3,0
612,1404,634,3,0
612,1405,634,3,0
595,1406,617,3,0
612,1406,634,3,0
614,1406,592,0,3
594,1407,572,0,2
595,1407,617,3,0
612,1407,634,3,0
614,1407,592,0,3
615,1407,637,3,0
617,1408,639,3,0
634,1408,656,3,0
636,1408,614,0,3
617,1409,639,3,0
634,1409,656,3,0
634,1410,656,3,0
631,1414,609,0,3
623,1415,601,0,3
631,1415,609,0,3
623,1416,601,0,3
629,1416,651,3,0
631,1416,609,0,3
623,1417,601,0,3
625,1417,603,0,3
628,1417,606,0,3
629,1417,651,3,0
631,1417,609,0,3
623,1418,601,0,3
625,1418,603,0,3
626,1418,604,0,3
628,1418,606,0,3
629,1418,651,3,0
631,1418,609,0,3
623,1419,601,0,3
625,1419,603,0,3
628,1419,606,0,3
629,1419,651,3,0
631,1419,609,0,3
623,1420,601,0,3
628,1420,606,0,3
629,1420,651,3,0
631,1420,609,0,3
623,1421,601,0,3
629,1421,651,3,0
631,1421,609,0,3
631,1422,609,0,3
631,1423,609,0,3
634,1426,656,3,0
634,1427,656,3,0
617,1428,639,3,0
634,1428,656,3,0
636,1428,614,0,3
617,1429,639,3,0
634,1429,656,3,0
636,1429,614,0,3
637,1429,659,3,0
639,1430,661,3,0
656,1430,678,3,0
639,1431,661,3,0
656,1431,678,3,0
656,1432,678,3,0
645,1437,623,0,3
645,1438,623,0,3
651,1438,673,3,0
645,1439,623,0,3
647,1439,625,0,3
650,1439,628,0,3
651,1439,673,3,0
645,1440,623,0,3
647,1440,625,0,3
648,1440,626,0,3
650,1440,628,0,3
651,1440,673,3,0
645,1441,623,0,3
647,1441,625,0,3
650,1441,628,0,3
651,1441,673,3,0
645,1442,623,0,3
650,1442,628,0,3
651,1442,673,3,0
645,1443,623,0,3
651,1443,673,3,0
656,1448,678,3,0
656,1449,678,3,0
639,1450,661,3,0
656,1450,678,3,0
639,1451,661,3,0
656,1451,678,3,0
659,1451,681,3,0
661,1452,683,3,0
678,1452,700,3,0
661,1453,683,3,0
678,1453,700,3,0
678,1454,700,3,0
667,1459,645,0,3
667,1460,645,0,3
673,1460,695,3,0
667,1461,645,0,3
672,1461,650,0,3
673,1461,695,3,0
667,1462,645,0,3
670,1462,648,0,3
672,1462,650,0,3
673,1462,695,3,0
667,1463,645,0,3
672,1463,650,0,3
673,1463,695,3,0
667,1464,645,0,3
672,1464,650,0,3
673,1464,695,3,0
667,1465,645,0,3
673,1465,695,3,0
678,1470,700,3,0
678,1471,700,3,0
661,1472,683,3,0
678,1472,700,3,0
661,1473,683,3,0
678,1473,700,3,0
681,1473,703,3,0
685,1474,663,0,3
686,1474,708,3,0
700,1474,722,3,0
685,1475,663,0,3
686,1475,708,3,0
700,1475,722,3,0
685,1476,663,0,3
686,1476,708,3,0
700,1476,722,3,0
685,1477,663,0,3
686,1477,708,3,0
686,1478,708,3,0
695,1482,717,3,0
694,1483,672,0,3
695,1483,717,3,0
692,1484,670,0,3
694,1484,672,0,3
695,1484,717,3,0
694,1485,672,0,3
695,1485,717,3,0
694,1486,672,0,3
695,1486,717,3,0
695,1487,717,3,0
686,1491,708,3,0
685,1492,663,0,3
686,1492,708,3,0
700,1492,722,3,0
685,1493,663,0,3
686,1493,708,3,0
700,1493,722,3,0
685,1494,663,0,3
686,1494,708,3,0
700,1494,722,3,0
685,1495,663,0,3
686,1495,708,3,0
700,1495,722,3,0
703,1495,725,3,0
704,1496,682,0,2
707,1496,685,0,3
708,1496,730,3,0
707,1497,685,0,3
708,1497,730,3,0
707,1498,685,0,3
708,1498,730,3,0
707,1499,685,0,3
708,1499,730,3,0
708,1500,730,3,0
717,1504,739,3,0
716,1505,694,0,3
717,1505,739,3,0
714,1506,692,0,3
715,1506,693,0,3
716,1506,694,0,3
717,1506,739,3,0
715,1507,693,0,3
716,1507,694,0,3
717,1507,739,3,0
716,1508,694,0,3
717,1508,739,3,0
717,1509,739,3,0
708,1513,730,3,0
707,1514,685,0,3
708,1514,730,3,0
707,1515,685,0,3
708,1515,730,3,0
707,1516,685,0,3
708,1516,730,3,0
704,1517,682,0,2
707,1517,685,0,3
708,1517,730,3,0
725,1517,747,3,0
728,1518,750,3,0
743,1518,721,0,3
745,1518,723,0,3
728,1519,750,3,0
743,1519,721,0,3
745,1519,723,0,3
728,1520,750,3,0
743,1520,721,0,3
743,1521,721,0,3
741,1524,719,0,3
740,1525,762,3,0
741,1525,719,0,3
740,1526,762,3,0
741,1526,719,0,3
740,1527,762,3,0
741,1527,719,0,3
736,1528,714,0,3
740,1528,762,3,0
741,1528,719,0,3
740,1529,762,3,0
741,1529,719,0,3
740,1530,762,3,0
741,1530,719,0,3
740,1531,762,3,0
741,1531,719,0,3
740,1532,762,3,0
741,1532,719,0,3
741,1533,719,0,3
743,1535,721,0,3
743,1536,721,0,3
728,1537,750,3,0
743,1537,721,0,3
745,1537,723,0,3
728,1538,750,3,0
743,1538,721,0,3
745,1538,723,0,3
728,1539,750,3,0
743,1539,721,0,3
745,1539,723,0,3
747,1539,769,3,0
748,1540,726,0,2
750,1540,772,3,0
752,1540,774,3,0
765,1540,743,0,3
767,1540,745,0,3
750,1541,772,3,0
752,1541,774,3,0
765,1541,743,0,3
767,1541,745,0,3
750,1542,772,3,0
752,1542,774,3,0
765,1542,743,0,3
752,1543,774,3,0
765,1543,743,0,3
752,1544,774,3,0
763,1546,741,0,3
762,1547,784,3,0
763,1547,741,0,3
762,1548,784,3,0
763,1548,741,0,3
762,1549,784,3,0
763,1549,741,0,3
758,1550,736,0,3
759,1550,737,0,3
762,1550,784,3,0
763,1550,741,0,3
759,1551,737,0,3
762,1551,784,3,0
763,1551,741,0,3
762,1552,784,3,0
763,1552,741,0,3
762,1553,784,3,0
763,1553,741,0,3
762,1554,784,3,0
763,1554,741,0,3
763,1555,741,0,3
752,1557,774,3,0
765,1557,743,0,3
752,1558,774,3,0
765,1558,743,0,3
750,1559,772,3,0
752,1559,774,3,0
765,1559,743,0,3
767,1559,745,0,3
750,1560,772,3,0
752,1560,774,3,0
765,1560,743,0,3
767,1560,745,0,3
748,1561,726,0,2
750,1561,772,3,0
752,1561,774,3,0
765,1561,743,0,3
767,1561,745,0,3
769,1561,791,3,0
770,1562,748,0,2
774,1562,796,3,0
775,1562,753,0,3
787,1562,765,0,3
789,1562,767,0,3
774,1563,796,3,0
775,1563,753,0,3
787,1563,765,0,3
789,1563,767,0,3
774,1564,796,3,0
775,1564,753,0,3
787,1564,765,0,3
774,1565,796,3,0
775,1565,753,0,3
787,1565,765,0,3
774,1566,796,3,0
775,1566,753,0,3
775,1567,753,0,3
775,1568,753,0,3
785,1568,763,0,3
775,1569,753,0,3
777,1569,799,3,0
785,1569,763,0,3
775,1570,753,0,3
777,1570,799,3,0
785,1570,763,0,3
775,1571,753,0,3
777,1571,799,3,0
779,1571,757,0,3
782,1571,804,3,0
785,1571,763,0,3
775,1572,753,0,3
777,1572,799,3,0
779,1572,757,0,3
780,1572,758,0,3
781,1572,759,0,3
782,1572,804,3,0
785,1572,763,0,3
775,1573,753,0,3
777,1573,799,3,0
779,1573,757,0,3
781,1573,759,0,3
782,1573,804,3,0
785,1573,763,0,3
775,1574,753,0,3
777,1574,799,3,0
782,1574,804,3,0
785,1574,763,0,3
775,1575,753,0,3
777,1575,799,3,0
785,1575,763,0,3
775,1576,753,0,3
785,1576,763,0,3
775,1577,753,0,3
785,1577,763,0,3
774,1579,796,3,0
775,1579,753,0,3
787,1579,765,0,3
774,1580,796,3,0
775,1580,753,0,3
787,1580,765,0,3
774,1581,796,3,0
775,1581,753,0,3
787,1581,765,0,3
789,1581,767,0,3
774,1582,796,3,0
775,1582,753,0,3
787,1582,765,0,3
789,1582,767,0,3
770,1583,748,0,2
774,1583,796,3,0
775,1583,753,0,3
787,1583,765,0,3
789,1583,767,0,3
791,1583,813,3,0
162,1584,184,3,0
166,1584,144,0,3
167,1584,189,3,0
170,1584,148,0,3
1039,1585,1017,0,3
1050,1585,1072,3,0
814,1586,792,0,2
816,1586,838,3,0
818,1586,840,3,0
819,1586,797,0,3
831,1586,809,0,3
833,1586,811,0,3
834,1586,856,3,0
1298,1587,1320,2,0
1299,1587,1277,0,3
1302,1587,1280,0,3
1303,1587,1281,0,3
1316,1587,1294,0,3
1318,1587,1340,3,0
1319,1587,1297,0,3
685,1588,663,0,3
686,1588,708,3,0
170,1590,148,0,3
1083,1591,1061,0,3
1094,1591,1116,3,0
1096,1591,1074,0,3
445,1592,467,3,0
453,1592,475,3,0
313,1593,335,3,0
317,1593,295,0,3
321,1593,343,3,0
324,1593,302,0,3
93,1594,115,3,0
94,1594,116,3,0
100,1594,78,0,3
792,1595,770,0,2
794,1595,816,3,0
796,1595,818,3,0
797,1595,775,0,3
809,1595,787,0,3
811,1595,789,0,3
812,1595,834,3,0
