792,0,814,2,0
794,0,816,3,0
797,0,775,0,3
809,0,787,0,3
811,0,789,0,3
812,0,834,3,0
794,1,816,3,0
797,1,775,0,3
809,1,787,0,3
811,1,789,0,3
794,2,816,3,0
797,2,775,0,3
809,2,787,0,3
797,3,775,0,3
809,3,787,0,3
797,4,775,0,3
797,5,775,0,3
797,6,775,0,3
798,6,820,3,0
797,7,775,0,3
798,7,820,3,0
806,7,828,3,0
797,8,775,0,3
798,8,820,3,0
800,8,778,0,3
806,8,828,3,0
797,9,775,0,3
798,9,820,3,0
800,9,778,0,3
804,9,826,3,0
806,9,828,3,0
797,10,775,0,3
798,10,820,3,0
800,10,778,0,3
804,10,826,3,0
806,10,828,3,0
797,11,775,0,3
798,11,820,3,0
800,11,778,0,3
804,11,826,3,0
806,11,828,3,0
797,12,775,0,3
798,12,820,3,0
800,12,778,0,3
804,12,826,3,0
806,12,828,3,0
797,13,775,0,3
798,13,820,3,0
806,13,828,3,0
797,14,775,0,3
798,14,820,3,0
806,14,828,3,0
797,17,775,0,3
809,17,787,0,3
797,18,775,0,3
809,18,787,0,3
794,19,816,3,0
797,19,775,0,3
809,19,787,0,3
811,19,789,0,3
794,20,816,3,0
797,20,775,0,3
809,20,787,0,3
811,20,789,0,3
812,20,834,3,0
792,21,814,2,0
794,21,816,3,0
797,21,775,0,3
809,21,787,0,3
811,21,789,0,3
812,21,834,3,0
813,21,835,3,0
814,22,836,2,0
817,22,795,0,3
819,22,797,0,3
831,22,809,0,3
833,22,811,0,3
834,22,812,0,3
817,23,795,0,3
819,23,797,0,3
831,23,809,0,3
833,23,811,0,3
817,24,795,0,3
819,24,797,0,3
831,24,809,0,3
817,25,795,0,3
819,25,797,0,3
831,25,809,0,3
819,26,797,0,3
819,27,797,0,3
819,28,797,0,3
820,28,842,3,0
819,29,797,0,3
820,29,842,3,0
821,29,843,3,0
828,29,850,3,0
819,30,797,0,3
820,30,842,3,0
821,30,843,3,0
822,30,800,0,3
828,30,850,3,0
819,31,797,0,3
820,31,842,3,0
821,31,843,3,0
822,31,800,0,3
826,31,848,3,0
828,31,850,3,0
819,32,797,0,3
820,32,842,3,0
821,32,843,3,0
822,32,800,0,3
826,32,848,3,0
828,32,850,3,0
819,33,797,0,3
820,33,842,3,0
821,33,843,3,0
822,33,800,0,3
826,33,848,3,0
828,33,850,3,0
819,34,797,0,3
820,34,842,3,0
821,34,843,3,0
822,34,800,0,3
826,34,848,3,0
828,34,850,3,0
819,35,797,0,3
820,35,842,3,0
821,35,843,3,0
828,35,850,3,0
819,36,797,0,3
820,36,842,3,0
828,36,850,3,0
819,39,797,0,3
831,39,809,0,3
817,40,795,0,3
819,40,797,0,3
831,40,809,0,3
817,41,795,0,3
819,41,797,0,3
831,41,809,0,3
833,41,811,0,3
817,42,795,0,3
819,42,797,0,3
831,42,809,0,3
833,42,811,0,3
834,42,812,0,3
814,43,836,2,0
817,43,795,0,3
819,43,797,0,3
831,43,809,0,3
833,43,811,0,3
834,43,812,0,3
835,43,857,3,0
836,44,858,2,0
839,44,817,0,3
841,44,863,3,0
853,44,831,0,3
856,44,834,0,3
839,45,817,0,3
841,45,863,3,0
853,45,831,0,3
839,46,817,0,3
841,46,863,3,0
853,46,831,0,3
839,47,817,0,3
841,47,863,3,0
853,47,831,0,3
841,48,863,3,0
841,49,863,3,0
841,50,863,3,0
842,50,864,3,0
841,51,863,3,0
842,51,864,3,0
843,51,865,3,0
850,51,872,3,0
841,52,863,3,0
842,52,864,3,0
843,52,865,3,0
844,52,822,0,3
850,52,872,3,0
841,53,863,3,0
842,53,864,3,0
843,53,865,3,0
844,53,822,0,3
845,53,867,3,0
848,53,870,3,0
850,53,872,3,0
841,54,863,3,0
842,54,864,3,0
843,54,865,3,0
844,54,822,0,3
845,54,867,3,0
847,54,825,0,3
848,54,870,3,0
850,54,872,3,0
841,55,863,3,0
842,55,864,3,0
843,55,865,3,0
844,55,822,0,3
845,55,867,3,0
847,55,825,0,3
848,55,870,3,0
850,55,872,3,0
841,56,863,3,0
842,56,864,3,0
843,56,865,3,0
844,56,822,0,3
848,56,870,3,0
850,56,872,3,0
841,57,863,3,0
842,57,864,3,0
843,57,865,3,0
850,57,872,3,0
841,58,863,3,0
842,58,864,3,0
850,58,872,3,0
841,61,863,3,0
853,61,831,0,3
839,62,817,0,3
841,62,863,3,0
853,62,831,0,3
839,63,817,0,3
841,63,863,3,0
853,63,831,0,3
839,64,817,0,3
841,64,863,3,0
853,64,831,0,3
856,64,834,0,3
836,65,858,2,0
839,65,817,0,3
841,65,863,3,0
853,65,831,0,3
856,65,834,0,3
858,66,880,2,0
861,66,839,0,3
863,66,885,3,0
875,66,853,0,3
878,66,856,0,3
861,67,839,0,3
863,67,885,3,0
875,67,853,0,3
861,68,839,0,3
863,68,885,3,0
875,68,853,0,3
861,69,839,0,3
863,69,885,3,0
875,69,853,0,3
863,70,885,3,0
863,71,885,3,0
863,72,885,3,0
864,72,886,3,0
863,73,885,3,0
864,73,886,3,0
865,73,887,3,0
872,73,894,3,0
863,74,885,3,0
864,74,886,3,0
865,74,887,3,0
866,74,844,0,3
872,74,894,3,0
863,75,885,3,0
864,75,886,3,0
865,75,887,3,0
866,75,844,0,3
870,75,892,3,0
872,75,894,3,0
863,76,885,3,0
864,76,886,3,0
865,76,887,3,0
866,76,844,0,3
869,76,847,0,3
870,76,892,3,0
872,76,894,3,0
863,77,885,3,0
864,77,886,3,0
865,77,887,3,0
866,77,844,0,3
869,77,847,0,3
870,77,892,3,0
872,77,894,3,0
863,78,885,3,0
864,78,886,3,0
865,78,887,3,0
866,78,844,0,3
870,78,892,3,0
872,78,894,3,0
863,79,885,3,0
864,79,886,3,0
865,79,887,3,0
872,79,894,3,0
863,80,885,3,0
864,80,886,3,0
872,80,894,3,0
863,83,885,3,0
875,83,853,0,3
861,84,839,0,3
863,84,885,3,0
875,84,853,0,3
861,85,839,0,3
863,85,885,3,0
875,85,853,0,3
861,86,839,0,3
863,86,885,3,0
875,86,853,0,3
878,86,856,0,3
858,87,880,2,0
861,87,839,0,3
863,87,885,3,0
875,87,853,0,3
878,87,856,0,3
880,88,902,2,0
897,88,875,0,3
898,88,876,0,3
900,88,878,0,3
897,89,875,0,3
898,89,876,0,3
897,90,875,0,3
898,90,876,0,3
897,91,875,0,3
886,94,908,3,0
886,95,908,3,0
887,95,909,3,0
894,95,916,3,0
886,96,908,3,0
887,96,909,3,0
893,96,871,0,3
894,96,916,3,0
886,97,908,3,0
887,97,909,3,0
889,97,867,0,3
893,97,871,0,3
894,97,916,3,0
886,98,908,3,0
887,98,909,3,0
889,98,867,0,3
890,98,868,0,3
891,98,869,0,3
893,98,871,0,3
894,98,916,3,0
886,99,908,3,0
887,99,909,3,0
889,99,867,0,3
891,99,869,0,3
893,99,871,0,3
894,99,916,3,0
886,100,908,3,0
887,100,909,3,0
893,100,871,0,3
894,100,916,3,0
886,101,908,3,0
887,101,909,3,0
893,101,871,0,3
894,101,916,3,0
886,102,908,3,0
894,102,916,3,0
897,105,875,0,3
897,106,875,0,3
898,106,876,0,3
897,107,875,0,3
898,107,876,0,3
897,108,875,0,3
898,108,876,0,3
900,108,878,0,3
880,109,902,2,0
897,109,875,0,3
898,109,876,0,3
900,109,878,0,3
902,110,924,2,0
919,110,897,0,3
920,110,898,0,3
919,111,897,0,3
920,111,898,0,3
919,112,897,0,3
920,112,898,0,3
919,113,897,0,3
917,115,895,0,3
908,116,930,3,0
917,116,895,0,3
908,117,930,3,0
909,117,931,3,0
917,117,895,0,3
908,118,930,3,0
909,118,931,3,0
915,118,893,0,3
917,118,895,0,3
908,119,930,3,0
909,119,931,3,0
911,119,889,0,3
914,119,936,3,0
915,119,893,0,3
917,119,895,0,3
908,120,930,3,0
909,120,931,3,0
911,120,889,0,3
912,120,890,0,3
913,120,891,0,3
914,120,936,3,0
915,120,893,0,3
917,120,895,0,3
908,121,930,3,0
909,121,931,3,0
911,121,889,0,3
913,121,891,0,3
914,121,936,3,0
915,121,893,0,3
917,121,895,0,3
908,122,930,3,0
909,122,931,3,0
914,122,936,3,0
915,122,893,0,3
917,122,895,0,3
908,123,930,3,0
909,123,931,3,0
915,123,893,0,3
917,123,895,0,3
908,124,930,3,0
917,124,895,0,3
917,125,895,0,3
919,127,897,0,3
919,128,897,0,3
920,128,898,0,3
919,129,897,0,3
920,129,898,0,3
919,130,897,0,3
920,130,898,0,3
902,131,924,2,0
919,131,897,0,3
920,131,898,0,3
923,131,945,3,0
924,132,946,2,0
926,132,904,0,3
928,132,950,3,0
940,132,918,0,3
941,132,919,0,3
942,132,920,0,3
926,133,904,0,3
928,133,950,3,0
940,133,918,0,3
941,133,919,0,3
942,133,920,0,3
926,134,904,0,3
928,134,950,3,0
940,134,918,0,3
941,134,919,0,3
942,134,920,0,3
928,135,950,3,0
940,135,918,0,3
941,135,919,0,3
928,136,950,3,0
940,136,918,0,3
939,138,917,0,3
940,138,918,0,3
931,139,953,3,0
939,139,917,0,3
940,139,918,0,3
931,140,953,3,0
937,140,915,0,3
939,140,917,0,3
940,140,918,0,3
931,141,953,3,0
937,141,915,0,3
939,141,917,0,3
940,141,918,0,3
931,142,953,3,0
935,142,913,0,3
937,142,915,0,3
939,142,917,0,3
940,142,918,0,3
931,143,953,3,0
935,143,913,0,3
937,143,915,0,3
939,143,917,0,3
940,143,918,0,3
931,144,953,3,0
937,144,915,0,3
939,144,917,0,3
940,144,918,0,3
931,145,953,3,0
937,145,915,0,3
939,145,917,0,3
940,145,918,0,3
939,146,917,0,3
940,146,918,0,3
939,147,917,0,3
940,147,918,0,3
940,148,918,0,3
928,149,950,3,0
940,149,918,0,3
941,149,919,0,3
928,150,950,3,0
940,150,918,0,3
941,150,919,0,3
942,150,920,0,3
926,151,904,0,3
928,151,950,3,0
940,151,918,0,3
941,151,919,0,3
942,151,920,0,3
926,152,904,0,3
928,152,950,3,0
940,152,918,0,3
941,152,919,0,3
942,152,920,0,3
924,153,946,2,0
926,153,904,0,3
928,153,950,3,0
940,153,918,0,3
941,153,919,0,3
942,153,920,0,3
946,154,968,2,0
947,154,969,3,0
948,154,926,0,3
950,154,972,3,0
962,154,940,0,3
963,154,941,0,3
964,154,942,0,3
947,155,969,3,0
948,155,926,0,3
950,155,972,3,0
962,155,940,0,3
963,155,941,0,3
964,155,942,0,3
948,156,926,0,3
950,156,972,3,0
962,156,940,0,3
963,156,941,0,3
964,156,942,0,3
950,157,972,3,0
962,157,940,0,3
963,157,941,0,3
950,158,972,3,0
962,158,940,0,3
961,159,939,0,3
962,159,940,0,3
961,160,939,0,3
962,160,940,0,3
953,161,975,3,0
961,161,939,0,3
962,161,940,0,3
953,162,975,3,0
959,162,937,0,3
961,162,939,0,3
962,162,940,0,3
953,163,975,3,0
955,163,933,0,3
959,163,937,0,3
961,163,939,0,3
962,163,940,0,3
953,164,975,3,0
955,164,933,0,3
959,164,937,0,3
961,164,939,0,3
962,164,940,0,3
953,165,975,3,0
955,165,933,0,3
959,165,937,0,3
961,165,939,0,3
962,165,940,0,3
953,166,975,3,0
959,166,937,0,3
961,166,939,0,3
962,166,940,0,3
953,167,975,3,0
959,167,937,0,3
961,167,939,0,3
962,167,940,0,3
961,168,939,0,3
962,168,940,0,3
961,169,939,0,3
962,169,940,0,3
962,170,940,0,3
950,171,972,3,0
962,171,940,0,3
963,171,941,0,3
950,172,972,3,0
962,172,940,0,3
963,172,941,0,3
964,172,942,0,3
948,173,926,0,3
950,173,972,3,0
962,173,940,0,3
963,173,941,0,3
964,173,942,0,3
947,174,969,3,0
948,174,926,0,3
950,174,972,3,0
962,174,940,0,3
963,174,941,0,3
964,174,942,0,3
946,175,968,2,0
947,175,969,3,0
948,175,926,0,3
950,175,972,3,0
962,175,940,0,3
963,175,941,0,3
964,175,942,0,3
968,176,990,2,0
969,176,991,3,0
970,176,948,0,3
971,176,949,0,3
972,176,994,3,0
984,176,962,0,3
985,176,963,0,3
986,176,964,0,3
969,177,991,3,0
970,177,948,0,3
971,177,949,0,3
972,177,994,3,0
984,177,962,0,3
985,177,963,0,3
986,177,964,0,3
970,178,948,0,3
971,178,949,0,3
972,178,994,3,0
984,178,962,0,3
985,178,963,0,3
986,178,964,0,3
971,179,949,0,3
972,179,994,3,0
984,179,962,0,3
985,179,963,0,3
972,180,994,3,0
984,180,962,0,3
974,182,952,0,3
983,182,961,0,3
984,182,962,0,3
974,183,952,0,3
983,183,961,0,3
984,183,962,0,3
974,184,952,0,3
981,184,959,0,3
983,184,961,0,3
984,184,962,0,3
974,185,952,0,3
977,185,955,0,3
981,185,959,0,3
983,185,961,0,3
984,185,962,0,3
974,186,952,0,3
977,186,955,0,3
979,186,1001,3,0
981,186,959,0,3
983,186,961,0,3
984,186,962,0,3
974,187,952,0,3
977,187,955,0,3
979,187,1001,3,0
981,187,959,0,3
983,187,961,0,3
984,187,962,0,3
974,188,952,0,3
981,188,959,0,3
983,188,961,0,3
984,188,962,0,3
974,189,952,0,3
981,189,959,0,3
983,189,961,0,3
984,189,962,0,3
974,190,952,0,3
983,190,961,0,3
984,190,962,0,3
983,191,961,0,3
984,191,962,0,3
984,192,962,0,3
972,193,994,3,0
984,193,962,0,3
985,193,963,0,3
971,194,949,0,3
972,194,994,3,0
984,194,962,0,3
985,194,963,0,3
986,194,964,0,3
970,195,948,0,3
971,195,949,0,3
972,195,994,3,0
984,195,962,0,3
985,195,963,0,3
986,195,964,0,3
969,196,991,3,0
970,196,948,0,3
971,196,949,0,3
972,196,994,3,0
984,196,962,0,3
985,196,963,0,3
986,196,964,0,3
968,197,990,2,0
969,197,991,3,0
970,197,948,0,3
971,197,949,0,3
972,197,994,3,0
984,197,962,0,3
985,197,963,0,3
986,197,964,0,3
989,197,1011,3,0
990,198,1012,2,0
991,198,1013,3,0
992,198,970,0,3
994,198,1016,3,0
1006,198,984,0,3
1007,198,985,0,3
991,199,1013,3,0
992,199,970,0,3
994,199,1016,3,0
1006,199,984,0,3
1007,199,985,0,3
992,200,970,0,3
994,200,1016,3,0
1006,200,984,0,3
1007,200,985,0,3
994,201,1016,3,0
1006,201,984,0,3
1007,201,985,0,3
994,202,1016,3,0
1006,202,984,0,3
1006,203,984,0,3
996,204,974,0,3
1006,204,984,0,3
996,205,974,0,3
1006,205,984,0,3
996,206,974,0,3
1003,206,981,0,3
1006,206,984,0,3
996,207,974,0,3
1003,207,981,0,3
1006,207,984,0,3
996,208,974,0,3
1003,208,981,0,3
1006,208,984,0,3
996,209,974,0,3
1003,209,981,0,3
1006,209,984,0,3
996,210,974,0,3
1003,210,981,0,3
1006,210,984,0,3
996,211,974,0,3
1003,211,981,0,3
1006,211,984,0,3
996,212,974,0,3
1006,212,984,0,3
1006,213,984,0,3
1006,214,984,0,3
994,215,1016,3,0
1006,215,984,0,3
1007,215,985,0,3
994,216,1016,3,0
1006,216,984,0,3
1007,216,985,0,3
992,217,970,0,3
994,217,1016,3,0
1006,217,984,0,3
1007,217,985,0,3
991,218,1013,3,0
992,218,970,0,3
994,218,1016,3,0
1006,218,984,0,3
1007,218,985,0,3
990,219,1012,2,0
991,219,1013,3,0
992,219,970,0,3
994,219,1016,3,0
1006,219,984,0,3
1007,219,985,0,3
1011,219,1033,3,0
1012,220,1034,2,0
1013,220,1035,3,0
1014,220,992,0,3
1015,220,993,0,3
1016,220,1038,3,0
1017,220,1039,3,0
1028,220,1006,0,3
1029,220,1007,0,3
1030,220,1008,0,3
1013,221,1035,3,0
1014,221,992,0,3
1015,221,993,0,3
1016,221,1038,3,0
1017,221,1039,3,0
1028,221,1006,0,3
1029,221,1007,0,3
1030,221,1008,0,3
1014,222,992,0,3
1015,222,993,0,3
1016,222,1038,3,0
1017,222,1039,3,0
1028,222,1006,0,3
1029,222,1007,0,3
1030,222,1008,0,3
1015,223,993,0,3
1016,223,1038,3,0
1017,223,1039,3,0
1028,223,1006,0,3
1029,223,1007,0,3
1016,224,1038,3,0
1017,224,1039,3,0
1028,224,1006,0,3
1017,225,1039,3,0
1017,226,1039,3,0
1018,226,996,0,3
1028,226,1006,0,3
1017,227,1039,3,0
1018,227,996,0,3
1028,227,1006,0,3
1017,228,1039,3,0
1018,228,996,0,3
1025,228,1003,0,3
1028,228,1006,0,3
1017,229,1039,3,0
1018,229,996,0,3
1021,229,999,0,3
1025,229,1003,0,3
1028,229,1006,0,3
1017,230,1039,3,0
1018,230,996,0,3
1021,230,999,0,3
1025,230,1003,0,3
1028,230,1006,0,3
1017,231,1039,3,0
1018,231,996,0,3
1021,231,999,0,3
1025,231,1003,0,3
1028,231,1006,0,3
1017,232,1039,3,0
1018,232,996,0,3
1025,232,1003,0,3
1028,232,1006,0,3
1017,233,1039,3,0
1018,233,996,0,3
1025,233,1003,0,3
1028,233,1006,0,3
1017,234,1039,3,0
1018,234,996,0,3
1028,234,1006,0,3
1028,235,1006,0,3
1028,236,1006,0,3
1016,237,1038,3,0
1017,237,1039,3,0
1028,237,1006,0,3
1029,237,1007,0,3
1015,238,993,0,3
1016,238,1038,3,0
1017,238,1039,3,0
1028,238,1006,0,3
1029,238,1007,0,3
1030,238,1008,0,3
1014,239,992,0,3
1015,239,993,0,3
1016,239,1038,3,0
1017,239,1039,3,0
1028,239,1006,0,3
1029,239,1007,0,3
1030,239,1008,0,3
1013,240,1035,3,0
1014,240,992,0,3
1015,240,993,0,3
1016,240,1038,3,0
1017,240,1039,3,0
1028,240,1006,0,3
1029,240,1007,0,3
1030,240,1008,0,3
1012,241,1034,2,0
1013,241,1035,3,0
1014,241,992,0,3
1015,241,993,0,3
1016,241,1038,3,0
1017,241,1039,3,0
1028,241,1006,0,3
1029,241,1007,0,3
1030,241,1008,0,3
1034,242,1056,2,0
1036,242,1014,0,3
1037,242,1015,0,3
1039,242,1061,3,0
1050,242,1028,0,3
1051,242,1029,0,3
1052,242,1030,0,3
1036,243,1014,0,3
1037,243,1015,0,3
1039,243,1061,3,0
1050,243,1028,0,3
1051,243,1029,0,3
1052,243,1030,0,3
1036,244,1014,0,3
1037,244,1015,0,3
1039,244,1061,3,0
1050,244,1028,0,3
1051,244,1029,0,3
1052,244,1030,0,3
1037,245,1015,0,3
1039,245,1061,3,0
1050,245,1028,0,3
1051,245,1029,0,3
1039,246,1061,3,0
1050,246,1028,0,3
1039,247,1061,3,0
1050,247,1028,0,3
1039,248,1061,3,0
1040,248,1018,0,3
1050,248,1028,0,3
1039,249,1061,3,0
1040,249,1018,0,3
1050,249,1028,0,3
1039,250,1061,3,0
1040,250,1018,0,3
1050,250,1028,0,3
1039,251,1061,3,0
1040,251,1018,0,3
1043,251,1021,0,3
1050,251,1028,0,3
1039,252,1061,3,0
1040,252,1018,0,3
1043,252,1021,0,3
1050,252,1028,0,3
1039,253,1061,3,0
1040,253,1018,0,3
1043,253,1021,0,3
1050,253,1028,0,3
1039,254,1061,3,0
1040,254,1018,0,3
1050,254,1028,0,3
1039,255,1061,3,0
1040,255,1018,0,3
1050,255,1028,0,3
1039,256,1061,3,0
1040,256,1018,0,3
1050,256,1028,0,3
1050,257,1028,0,3
1050,258,1028,0,3
1039,259,1061,3,0
1050,259,1028,0,3
1051,259,1029,0,3
1037,260,1015,0,3
1039,260,1061,3,0
1050,260,1028,0,3
1051,260,1029,0,3
1052,260,1030,0,3
1036,261,1014,0,3
1037,261,1015,0,3
1039,261,1061,3,0
1050,261,1028,0,3
1051,261,1029,0,3
1052,261,1030,0,3
1036,262,1014,0,3
1037,262,1015,0,3
1039,262,1061,3,0
1050,262,1028,0,3
1051,262,1029,0,3
1052,262,1030,0,3
1034,263,1056,2,0
1036,263,1014,0,3
1037,263,1015,0,3
1039,263,1061,3,0
1050,263,1028,0,3
1051,263,1029,0,3
1052,263,1030,0,3
1056,264,1078,2,0
1058,264,1036,0,3
1059,264,1037,0,3
1072,264,1050,0,3
1073,264,1051,0,3
1074,264,1052,0,3
1058,265,1036,0,3
1059,265,1037,0,3
1072,265,1050,0,3
1073,265,1051,0,3
1074,265,1052,0,3
1058,266,1036,0,3
1059,266,1037,0,3
1072,266,1050,0,3
1073,266,1051,0,3
1074,266,1052,0,3
1059,267,1037,0,3
1072,267,1050,0,3
1073,267,1051,0,3
1072,268,1050,0,3
1062,270,1040,0,3
1072,270,1050,0,3
1062,271,1040,0,3
1072,271,1050,0,3
1062,272,1040,0,3
1072,272,1050,0,3
1062,273,1040,0,3
1065,273,1043,0,3
1072,273,1050,0,3
1062,274,1040,0,3
1065,274,1043,0,3
1072,274,1050,0,3
1062,275,1040,0,3
1065,275,1043,0,3
1072,275,1050,0,3
1062,276,1040,0,3
1072,276,1050,0,3
1062,277,1040,0,3
1072,277,1050,0,3
1062,278,1040,0,3
1072,278,1050,0,3
1072,279,1050,0,3
1072,280,1050,0,3
1072,281,1050,0,3
1073,281,1051,0,3
1059,282,1037,0,3
1072,282,1050,0,3
1073,282,1051,0,3
1074,282,1052,0,3
1058,283,1036,0,3
1059,283,1037,0,3
1072,283,1050,0,3
1073,283,1051,0,3
1074,283,1052,0,3
1058,284,1036,0,3
1059,284,1037,0,3
1072,284,1050,0,3
1073,284,1051,0,3
1074,284,1052,0,3
1056,285,1078,2,0
1058,285,1036,0,3
1059,285,1037,0,3
1072,285,1050,0,3
1073,285,1051,0,3
1074,285,1052,0,3
1080,286,1058,0,3
1081,286,1059,0,3
1094,286,1072,0,3
1096,286,1074,0,3
1080,287,1058,0,3
1081,287,1059,0,3
1094,287,1072,0,3
1096,287,1074,0,3
1080,288,1058,0,3
1081,288,1059,0,3
1094,288,1072,0,3
1096,288,1074,0,3
1081,289,1059,0,3
1094,289,1072,0,3
1094,290,1072,0,3
1094,291,1072,0,3
1084,292,1062,0,3
1094,292,1072,0,3
1084,293,1062,0,3
1094,293,1072,0,3
1084,294,1062,0,3
1094,294,1072,0,3
1084,295,1062,0,3
1087,295,1065,0,3
1094,295,1072,0,3
1084,296,1062,0,3
1087,296,1065,0,3
1094,296,1072,0,3
1084,297,1062,0,3
1087,297,1065,0,3
1094,297,1072,0,3
1084,298,1062,0,3
1094,298,1072,0,3
1084,299,1062,0,3
1094,299,1072,0,3
1084,300,1062,0,3
1094,300,1072,0,3
1094,301,1072,0,3
1094,302,1072,0,3
1094,303,1072,0,3
1081,304,1059,0,3
1094,304,1072,0,3
1096,304,1074,0,3
1080,305,1058,0,3
1081,305,1059,0,3
1094,305,1072,0,3
1096,305,1074,0,3
1080,306,1058,0,3
1081,306,1059,0,3
1094,306,1072,0,3
1096,306,1074,0,3
1080,307,1058,0,3
1081,307,1059,0,3
1094,307,1072,0,3
1096,307,1074,0,3
1100,308,1122,2,0
1102,308,1080,0,3
1103,308,1081,0,3
1116,308,1094,0,3
1102,309,1080,0,3
1103,309,1081,0,3
1116,309,1094,0,3
1102,310,1080,0,3
1103,310,1081,0,3
1116,310,1094,0,3
1103,311,1081,0,3
1116,311,1094,0,3
1116,312,1094,0,3
1106,314,1084,0,3
1116,314,1094,0,3
1106,315,1084,0,3
1116,315,1094,0,3
1106,316,1084,0,3
1116,316,1094,0,3
1106,317,1084,0,3
1116,317,1094,0,3
1106,318,1084,0,3
1116,318,1094,0,3
1106,319,1084,0,3
1116,319,1094,0,3
1106,320,1084,0,3
1116,320,1094,0,3
1106,321,1084,0,3
1116,321,1094,0,3
1106,322,1084,0,3
1116,322,1094,0,3
1116,323,1094,0,3
1116,324,1094,0,3
1116,325,1094,0,3
1103,326,1081,0,3
1116,326,1094,0,3
1102,327,1080,0,3
1103,327,1081,0,3
1116,327,1094,0,3
1102,328,1080,0,3
1103,328,1081,0,3
1116,328,1094,0,3
1100,329,1122,2,0
1102,329,1080,0,3
1103,329,1081,0,3
1116,329,1094,0,3
1122,330,1144,2,0
1123,330,1145,3,0
1124,330,1102,0,3
1125,330,1103,0,3
1138,330,1116,0,3
1123,331,1145,3,0
1124,331,1102,0,3
1125,331,1103,0,3
1138,331,1116,0,3
1124,332,1102,0,3
1125,332,1103,0,3
1138,332,1116,0,3
1125,333,1103,0,3
1138,333,1116,0,3
1138,334,1116,0,3
1138,335,1116,0,3
1128,336,1106,0,3
1138,336,1116,0,3
1128,337,1106,0,3
1138,337,1116,0,3
1128,338,1106,0,3
1138,338,1116,0,3
1128,339,1106,0,3
1138,339,1116,0,3
1128,340,1106,0,3
1138,340,1116,0,3
1128,341,1106,0,3
1138,341,1116,0,3
1128,342,1106,0,3
1138,342,1116,0,3
1128,343,1106,0,3
1138,343,1116,0,3
1128,344,1106,0,3
1138,344,1116,0,3
1138,345,1116,0,3
1138,346,1116,0,3
1138,347,1116,0,3
1125,348,1103,0,3
1138,348,1116,0,3
1124,349,1102,0,3
1125,349,1103,0,3
1138,349,1116,0,3
1123,350,1145,3,0
1124,350,1102,0,3
1125,350,1103,0,3
1138,350,1116,0,3
1122,351,1144,2,0
1123,351,1145,3,0
1124,351,1102,0,3
1125,351,1103,0,3
1138,351,1116,0,3
1144,352,1166,2,0
1145,352,1167,3,0
1146,352,1124,0,3
1147,352,1125,0,3
1160,352,1138,0,3
1163,352,1141,0,3
1145,353,1167,3,0
1146,353,1124,0,3
1147,353,1125,0,3
1160,353,1138,0,3
1163,353,1141,0,3
1146,354,1124,0,3
1147,354,1125,0,3
1160,354,1138,0,3
1147,355,1125,0,3
1160,355,1138,0,3
1160,356,1138,0,3
1150,358,1128,0,3
1160,358,1138,0,3
1150,359,1128,0,3
1160,359,1138,0,3
1150,360,1128,0,3
1160,360,1138,0,3
1150,361,1128,0,3
1160,361,1138,0,3
1150,362,1128,0,3
1160,362,1138,0,3
1150,363,1128,0,3
1160,363,1138,0,3
1150,364,1128,0,3
1160,364,1138,0,3
1150,365,1128,0,3
1160,365,1138,0,3
1150,366,1128,0,3
1160,366,1138,0,3
1160,367,1138,0,3
1160,368,1138,0,3
1160,369,1138,0,3
1147,370,1125,0,3
1160,370,1138,0,3
1146,371,1124,0,3
1147,371,1125,0,3
1160,371,1138,0,3
1163,371,1141,0,3
1145,372,1167,3,0
1146,372,1124,0,3
1147,372,1125,0,3
1160,372,1138,0,3
1163,372,1141,0,3
1144,373,1166,2,0
1145,373,1167,3,0
1146,373,1124,0,3
1147,373,1125,0,3
1160,373,1138,0,3
1163,373,1141,0,3
1166,374,1188,2,0
1167,374,1189,3,0
1168,374,1146,0,3
1169,374,1147,0,3
1182,374,1160,0,3
1185,374,1163,0,3
1167,375,1189,3,0
1168,375,1146,0,3
1169,375,1147,0,3
1182,375,1160,0,3
1185,375,1163,0,3
1168,376,1146,0,3
1169,376,1147,0,3
1182,376,1160,0,3
1169,377,1147,0,3
1182,377,1160,0,3
1182,378,1160,0,3
1182,379,1160,0,3
1172,380,1150,0,3
1182,380,1160,0,3
1172,381,1150,0,3
1182,381,1160,0,3
1172,382,1150,0,3
1182,382,1160,0,3
1172,383,1150,0,3
1182,383,1160,0,3
1172,384,1150,0,3
1182,384,1160,0,3
1172,385,1150,0,3
1182,385,1160,0,3
1172,386,1150,0,3
1182,386,1160,0,3
1172,387,1150,0,3
1182,387,1160,0,3
1172,388,1150,0,3
1182,388,1160,0,3
1182,389,1160,0,3
1182,390,1160,0,3
1182,391,1160,0,3
1169,392,1147,0,3
1182,392,1160,0,3
1168,393,1146,0,3
1169,393,1147,0,3
1182,393,1160,0,3
1185,393,1163,0,3
1167,394,1189,3,0
1168,394,1146,0,3
1169,394,1147,0,3
1182,394,1160,0,3
1185,394,1163,0,3
1166,395,1188,2,0
1167,395,1189,3,0
1168,395,1146,0,3
1169,395,1147,0,3
1182,395,1160,0,3
1185,395,1163,0,3
1188,396,1210,2,0
1189,396,1211,3,0
1190,396,1168,0,3
1191,396,1169,0,3
1193,396,1215,3,0
1204,396,1182,0,3
1207,396,1185,0,3
1189,397,1211,3,0
1190,397,1168,0,3
1191,397,1169,0,3
1193,397,1215,3,0
1204,397,1182,0,3
1207,397,1185,0,3
1190,398,1168,0,3
1191,398,1169,0,3
1193,398,1215,3,0
1204,398,1182,0,3
1191,399,1169,0,3
1193,399,1215,3,0
1204,399,1182,0,3
1193,400,1215,3,0
1204,400,1182,0,3
1193,401,1215,3,0
1193,402,1215,3,0
1194,402,1172,0,3
1204,402,1182,0,3
1193,403,1215,3,0
1194,403,1172,0,3
1204,403,1182,0,3
1193,404,1215,3,0
1194,404,1172,0,3
1204,404,1182,0,3
1193,405,1215,3,0
1194,405,1172,0,3
1204,405,1182,0,3
1193,406,1215,3,0
1194,406,1172,0,3
1204,406,1182,0,3
1193,407,1215,3,0
1194,407,1172,0,3
1204,407,1182,0,3
1193,408,1215,3,0
1194,408,1172,0,3
1204,408,1182,0,3
1193,409,1215,3,0
1194,409,1172,0,3
1204,409,1182,0,3
1193,410,1215,3,0
1194,410,1172,0,3
1204,410,1182,0,3
1204,411,1182,0,3
1204,412,1182,0,3
1193,413,1215,3,0
1204,413,1182,0,3
1191,414,1169,0,3
1193,414,1215,3,0
1204,414,1182,0,3
1190,415,1168,0,3
1191,415,1169,0,3
1193,415,1215,3,0
1204,415,1182,0,3
1207,415,1185,0,3
1189,416,1211,3,0
1190,416,1168,0,3
1191,416,1169,0,3
1193,416,1215,3,0
1204,416,1182,0,3
1207,416,1185,0,3
1188,417,1210,2,0
1189,417,1211,3,0
1190,417,1168,0,3
1191,417,1169,0,3
1193,417,1215,3,0
1204,417,1182,0,3
1207,417,1185,0,3
1210,418,1232,2,0
1211,418,1233,3,0
1212,418,1190,0,3
1213,418,1191,0,3
1215,418,1237,3,0
1229,418,1207,0,3
1211,419,1233,3,0
1212,419,1190,0,3
1213,419,1191,0,3
1215,419,1237,3,0
1229,419,1207,0,3
1212,420,1190,0,3
1213,420,1191,0,3
1215,420,1237,3,0
1213,421,1191,0,3
1215,421,1237,3,0
1215,422,1237,3,0
1215,423,1237,3,0
1215,424,1237,3,0
1216,424,1194,0,3
1215,425,1237,3,0
1216,425,1194,0,3
1215,426,1237,3,0
1216,426,1194,0,3
1215,427,1237,3,0
1216,427,1194,0,3
1215,428,1237,3,0
1216,428,1194,0,3
1215,429,1237,3,0
1216,429,1194,0,3
1215,430,1237,3,0
1216,430,1194,0,3
1215,431,1237,3,0
1216,431,1194,0,3
1215,432,1237,3,0
1216,432,1194,0,3
1215,435,1237,3,0
1213,436,1191,0,3
1215,436,1237,3,0
1212,437,1190,0,3
1213,437,1191,0,3
1215,437,1237,3,0
1229,437,1207,0,3
1211,438,1233,3,0
1212,438,1190,0,3
1213,438,1191,0,3
1215,438,1237,3,0
1229,438,1207,0,3
1210,439,1232,2,0
1211,439,1233,3,0
1212,439,1190,0,3
1213,439,1191,0,3
1215,439,1237,3,0
1229,439,1207,0,3
1232,440,1254,2,0
1233,440,1255,3,0
1234,440,1212,0,3
1235,440,1213,0,3
1237,440,1259,3,0
1248,440,1226,0,3
1251,440,1229,0,3
1233,441,1255,3,0
1234,441,1212,0,3
1235,441,1213,0,3
1237,441,1259,3,0
1248,441,1226,0,3
1251,441,1229,0,3
1234,442,1212,0,3
1235,442,1213,0,3
1237,442,1259,3,0
1248,442,1226,0,3
1235,443,1213,0,3
1237,443,1259,3,0
1248,443,1226,0,3
1237,444,1259,3,0
1248,444,1226,0,3
1237,445,1259,3,0
1237,446,1259,3,0
1238,446,1216,0,3
1248,446,1226,0,3
1237,447,1259,3,0
1238,447,1216,0,3
1248,447,1226,0,3
1237,448,1259,3,0
1238,448,1216,0,3
1248,448,1226,0,3
1237,449,1259,3,0
1238,449,1216,0,3
1248,449,1226,0,3
1237,450,1259,3,0
1238,450,1216,0,3
1248,450,1226,0,3
1237,451,1259,3,0
1238,451,1216,0,3
1248,451,1226,0,3
1237,452,1259,3,0
1238,452,1216,0,3
1248,452,1226,0,3
1237,453,1259,3,0
1238,453,1216,0,3
1248,453,1226,0,3
1237,454,1259,3,0
1238,454,1216,0,3
1248,454,1226,0,3
1248,455,1226,0,3
1248,456,1226,0,3
1237,457,1259,3,0
1248,457,1226,0,3
1235,458,1213,0,3
1237,458,1259,3,0
1248,458,1226,0,3
1234,459,1212,0,3
1235,459,1213,0,3
1237,459,1259,3,0
1248,459,1226,0,3
1251,459,1229,0,3
1233,460,1255,3,0
1234,460,1212,0,3
1235,460,1213,0,3
1237,460,1259,3,0
1248,460,1226,0,3
1251,460,1229,0,3
1232,461,1254,2,0
1233,461,1255,3,0
1234,461,1212,0,3
1235,461,1213,0,3
1237,461,1259,3,0
1248,461,1226,0,3
1251,461,1229,0,3
1254,462,1276,2,0
1255,462,1277,3,0
1256,462,1234,0,3
1257,462,1235,0,3
1259,462,1281,3,0
1270,462,1248,0,3
1273,462,1251,0,3
1255,463,1277,3,0
1256,463,1234,0,3
1257,463,1235,0,3
1259,463,1281,3,0
1270,463,1248,0,3
1273,463,1251,0,3
1256,464,1234,0,3
1257,464,1235,0,3
1259,464,1281,3,0
1270,464,1248,0,3
1257,465,1235,0,3
1259,465,1281,3,0
1270,465,1248,0,3
1259,466,1281,3,0
1270,466,1248,0,3
1259,467,1281,3,0
1270,467,1248,0,3
1259,468,1281,3,0
1260,468,1238,0,3
1270,468,1248,0,3
1259,469,1281,3,0
1260,469,1238,0,3
1270,469,1248,0,3
1259,470,1281,3,0
1260,470,1238,0,3
1270,470,1248,0,3
1259,471,1281,3,0
1260,471,1238,0,3
1270,471,1248,0,3
1259,472,1281,3,0
1260,472,1238,0,3
1270,472,1248,0,3
1259,473,1281,3,0
1260,473,1238,0,3
1270,473,1248,0,3
1259,474,1281,3,0
1260,474,1238,0,3
1270,474,1248,0,3
1259,475,1281,3,0
1260,475,1238,0,3
1270,475,1248,0,3
1259,476,1281,3,0
1260,476,1238,0,3
1270,476,1248,0,3
1270,477,1248,0,3
1270,478,1248,0,3
1259,479,1281,3,0
1270,479,1248,0,3
1257,480,1235,0,3
1259,480,1281,3,0
1270,480,1248,0,3
1256,481,1234,0,3
1257,481,1235,0,3
1259,481,1281,3,0
1270,481,1248,0,3
1273,481,1251,0,3
1255,482,1277,3,0
1256,482,1234,0,3
1257,482,1235,0,3
1259,482,1281,3,0
1270,482,1248,0,3
1273,482,1251,0,3
1254,483,1276,2,0
1255,483,1277,3,0
1256,483,1234,0,3
1257,483,1235,0,3
1259,483,1281,3,0
1270,483,1248,0,3
1273,483,1251,0,3
1276,484,1298,2,0
1277,484,1299,3,0
1278,484,1256,0,3
1279,484,1257,0,3
1281,484,1303,3,0
1292,484,1270,0,3
1277,485,1299,3,0
1278,485,1256,0,3
1279,485,1257,0,3
1281,485,1303,3,0
1292,485,1270,0,3
1278,486,1256,0,3
1279,486,1257,0,3
1281,486,1303,3,0
1292,486,1270,0,3
1279,487,1257,0,3
1281,487,1303,3,0
1292,487,1270,0,3
1281,488,1303,3,0
1292,488,1270,0,3
1281,489,1303,3,0
1281,490,1303,3,0
1282,490,1260,0,3
1292,490,1270,0,3
1281,491,1303,3,0
1282,491,1260,0,3
1292,491,1270,0,3
1281,492,1303,3,0
1282,492,1260,0,3
1292,492,1270,0,3
1281,493,1303,3,0
1282,493,1260,0,3
1292,493,1270,0,3
1281,494,1303,3,0
1282,494,1260,0,3
1292,494,1270,0,3
1281,495,1303,3,0
1282,495,1260,0,3
1292,495,1270,0,3
1281,496,1303,3,0
1282,496,1260,0,3
1292,496,1270,0,3
1281,497,1303,3,0
1282,497,1260,0,3
1292,497,1270,0,3
1281,498,1303,3,0
1282,498,1260,0,3
1292,498,1270,0,3
1292,499,1270,0,3
1292,500,1270,0,3
1281,501,1303,3,0
1292,501,1270,0,3
1279,502,1257,0,3
1281,502,1303,3,0
1292,502,1270,0,3
1278,503,1256,0,3
1279,503,1257,0,3
1281,503,1303,3,0
1292,503,1270,0,3
1277,504,1299,3,0
1278,504,1256,0,3
1279,504,1257,0,3
1281,504,1303,3,0
1292,504,1270,0,3
1276,505,1298,2,0
1277,505,1299,3,0
1278,505,1256,0,3
1279,505,1257,0,3
1281,505,1303,3,0
1292,505,1270,0,3
1298,506,1320,2,0
1300,506,1278,0,3
1301,506,1279,0,3
1303,506,1325,3,0
1314,506,1292,0,3
1317,506,1295,0,3
1318,506,1340,3,0
1300,507,1278,0,3
1301,507,1279,0,3
1303,507,1325,3,0
1314,507,1292,0,3
1317,507,1295,0,3
1300,508,1278,0,3
1301,508,1279,0,3
1303,508,1325,3,0
1314,508,1292,0,3
1301,509,1279,0,3
1303,509,1325,3,0
1314,509,1292,0,3
1303,510,1325,3,0
1314,510,1292,0,3
1303,511,1325,3,0
1314,511,1292,0,3
1303,512,1325,3,0
1304,512,1282,0,3
1314,512,1292,0,3
1303,513,1325,3,0
1304,513,1282,0,3
1314,513,1292,0,3
1303,514,1325,3,0
1304,514,1282,0,3
1314,514,1292,0,3
1303,515,1325,3,0
1304,515,1282,0,3
1314,515,1292,0,3
1303,516,1325,3,0
1304,516,1282,0,3
1314,516,1292,0,3
1303,517,1325,3,0
1304,517,1282,0,3
1314,517,1292,0,3
1303,518,1325,3,0
1304,518,1282,0,3
1314,518,1292,0,3
1303,519,1325,3,0
1304,519,1282,0,3
1314,519,1292,0,3
1303,520,1325,3,0
1304,520,1282,0,3
1314,520,1292,0,3
1314,521,1292,0,3
1314,522,1292,0,3
1303,523,1325,3,0
1314,523,1292,0,3
1301,524,1279,0,3
1303,524,1325,3,0
1314,524,1292,0,3
1300,525,1278,0,3
1301,525,1279,0,3
1303,525,1325,3,0
1314,525,1292,0,3
1317,525,1295,0,3
1300,526,1278,0,3
1301,526,1279,0,3
1303,526,1325,3,0
1314,526,1292,0,3
1317,526,1295,0,3
1318,526,1340,3,0
1298,527,1320,2,0
1300,527,1278,0,3
1301,527,1279,0,3
1303,527,1325,3,0
1314,527,1292,0,3
1317,527,1295,0,3
1318,527,1340,3,0
1320,528,1342,2,0
1321,528,1343,3,0
1322,528,1300,0,3
1323,528,1301,0,3
1336,528,1314,0,3
1339,528,1317,0,3
1340,528,1362,3,0
1321,529,1343,3,0
1322,529,1300,0,3
1323,529,1301,0,3
1336,529,1314,0,3
1339,529,1317,0,3
1322,530,1300,0,3
1323,530,1301,0,3
1336,530,1314,0,3
1323,531,1301,0,3
1336,531,1314,0,3
1336,532,1314,0,3
1326,534,1304,0,3
1336,534,1314,0,3
1326,535,1304,0,3
1336,535,1314,0,3
1326,536,1304,0,3
1336,536,1314,0,3
1326,537,1304,0,3
1336,537,1314,0,3
1326,538,1304,0,3
1336,538,1314,0,3
1326,539,1304,0,3
1336,539,1314,0,3
1326,540,1304,0,3
1336,540,1314,0,3
1326,541,1304,0,3
1336,541,1314,0,3
1326,542,1304,0,3
1336,542,1314,0,3
1336,543,1314,0,3
1336,544,1314,0,3
1336,545,1314,0,3
1323,546,1301,0,3
1336,546,1314,0,3
1322,547,1300,0,3
1323,547,1301,0,3
1336,547,1314,0,3
1339,547,1317,0,3
1321,548,1343,3,0
1322,548,1300,0,3
1323,548,1301,0,3
1336,548,1314,0,3
1339,548,1317,0,3
1340,548,1362,3,0
1320,549,1342,2,0
1321,549,1343,3,0
1322,549,1300,0,3
1323,549,1301,0,3
1336,549,1314,0,3
1339,549,1317,0,3
1340,549,1362,3,0
1342,550,1364,2,0
1343,550,1365,3,0
1344,550,1322,0,3
1345,550,1323,0,3
1358,550,1336,0,3
1361,550,1339,0,3
1362,550,1384,3,0
1343,551,1365,3,0
1344,551,1322,0,3
1345,551,1323,0,3
1358,551,1336,0,3
1361,551,1339,0,3
1344,552,1322,0,3
1345,552,1323,0,3
1358,552,1336,0,3
1345,553,1323,0,3
1358,553,1336,0,3
1358,554,1336,0,3
1358,555,1336,0,3
1358,556,1336,0,3
1358,557,1336,0,3
1358,558,1336,0,3
1358,559,1336,0,3
1358,560,1336,0,3
1358,561,1336,0,3
1358,562,1336,0,3
1358,563,1336,0,3
1358,564,1336,0,3
1358,565,1336,0,3
1358,566,1336,0,3
1358,567,1336,0,3
1345,568,1323,0,3
1358,568,1336,0,3
1344,569,1322,0,3
1345,569,1323,0,3
1358,569,1336,0,3
1361,569,1339,0,3
1343,570,1365,3,0
1344,570,1322,0,3
1345,570,1323,0,3
1358,570,1336,0,3
1361,570,1339,0,3
1362,570,1384,3,0
1342,571,1364,2,0
1343,571,1365,3,0
1344,571,1322,0,3
1345,571,1323,0,3
1358,571,1336,0,3
1361,571,1339,0,3
1362,571,1384,3,0
1364,572,1386,2,0
1366,572,1344,0,3
1367,572,1345,0,3
1380,572,1358,0,3
1383,572,1361,0,3
1384,572,1406,3,0
1366,573,1344,0,3
1367,573,1345,0,3
1380,573,1358,0,3
1383,573,1361,0,3
1366,574,1344,0,3
1367,574,1345,0,3
1380,574,1358,0,3
1367,575,1345,0,3
1380,575,1358,0,3
1380,576,1358,0,3
1380,578,1358,0,3
1380,579,1358,0,3
1380,580,1358,0,3
1380,581,1358,0,3
1374,582,1396,3,0
1380,582,1358,0,3
1380,583,1358,0,3
1380,584,1358,0,3
1380,585,1358,0,3
1380,586,1358,0,3
1380,587,1358,0,3
1380,588,1358,0,3
1380,589,1358,0,3
1367,590,1345,0,3
1380,590,1358,0,3
1366,591,1344,0,3
1367,591,1345,0,3
1380,591,1358,0,3
1383,591,1361,0,3
1366,592,1344,0,3
1367,592,1345,0,3
1380,592,1358,0,3
1383,592,1361,0,3
1384,592,1406,3,0
1364,593,1386,2,0
1366,593,1344,0,3
1367,593,1345,0,3
1380,593,1358,0,3
1383,593,1361,0,3
1384,593,1406,3,0
1385,593,1407,3,0
1386,594,1408,2,0
1388,594,1366,0,3
1389,594,1367,0,3
1402,594,1380,0,3
1405,594,1383,0,3
1406,594,1428,3,0
1388,595,1366,0,3
1389,595,1367,0,3
1402,595,1380,0,3
1405,595,1383,0,3
1388,596,1366,0,3
1389,596,1367,0,3
1402,596,1380,0,3
1389,597,1367,0,3
1402,597,1380,0,3
1402,598,1380,0,3
1402,599,1380,0,3
1402,600,1380,0,3
1402,601,1380,0,3
1402,602,1380,0,3
1402,603,1380,0,3
1396,604,1418,3,0
1402,604,1380,0,3
1402,605,1380,0,3
1402,606,1380,0,3
1402,607,1380,0,3
1402,608,1380,0,3
1402,609,1380,0,3
1402,610,1380,0,3
1402,611,1380,0,3
1389,612,1367,0,3
1402,612,1380,0,3
1388,613,1366,0,3
1389,613,1367,0,3
1402,613,1380,0,3
1405,613,1383,0,3
1388,614,1366,0,3
1389,614,1367,0,3
1402,614,1380,0,3
1405,614,1383,0,3
1406,614,1428,3,0
1386,615,1408,2,0
1388,615,1366,0,3
1389,615,1367,0,3
1402,615,1380,0,3
1405,615,1383,0,3
1406,615,1428,3,0
1407,615,1429,3,0
1408,616,1430,2,0
1410,616,1388,0,3
1411,616,1389,0,3
1424,616,1402,0,3
1427,616,1405,0,3
1428,616,1450,3,0
1410,617,1388,0,3
1411,617,1389,0,3
1424,617,1402,0,3
1427,617,1405,0,3
1410,618,1388,0,3
1411,618,1389,0,3
1424,618,1402,0,3
1411,619,1389,0,3
1424,619,1402,0,3
1424,620,1402,0,3
1424,622,1402,0,3
1424,623,1402,0,3
1424,624,1402,0,3
1424,625,1402,0,3
1424,626,1402,0,3
1424,627,1402,0,3
1424,628,1402,0,3
1424,629,1402,0,3
1424,630,1402,0,3
1424,631,1402,0,3
1424,632,1402,0,3
1424,633,1402,0,3
1411,634,1389,0,3
1424,634,1402,0,3
1410,635,1388,0,3
1411,635,1389,0,3
1424,635,1402,0,3
1427,635,1405,0,3
1410,636,1388,0,3
1411,636,1389,0,3
1424,636,1402,0,3
1427,636,1405,0,3
1428,636,1450,3,0
1408,637,1430,2,0
1410,637,1388,0,3
1411,637,1389,0,3
1424,637,1402,0,3
1427,637,1405,0,3
1428,637,1450,3,0
1433,638,1411,0,3
1446,638,1424,0,3
1449,638,1427,0,3
1450,638,1472,3,0
1433,639,1411,0,3
1446,639,1424,0,3
1449,639,1427,0,3
1433,640,1411,0,3
1446,640,1424,0,3
1433,641,1411,0,3
1446,641,1424,0,3
1446,642,1424,0,3
1446,643,1424,0,3
1446,644,1424,0,3
1446,645,1424,0,3
1446,646,1424,0,3
1446,647,1424,0,3
1446,648,1424,0,3
1446,649,1424,0,3
1446,650,1424,0,3
1446,651,1424,0,3
1446,652,1424,0,3
1446,653,1424,0,3
1446,654,1424,0,3
1446,655,1424,0,3
1433,656,1411,0,3
1446,656,1424,0,3
1433,657,1411,0,3
1446,657,1424,0,3
1449,657,1427,0,3
1433,658,1411,0,3
1446,658,1424,0,3
1449,658,1427,0,3
1450,658,1472,3,0
1433,659,1411,0,3
1446,659,1424,0,3
1449,659,1427,0,3
1450,659,1472,3,0
1452,660,1430,0,2
1455,660,1433,0,3
1468,660,1446,0,3
1470,660,1448,0,3
1471,660,1449,0,3
1472,660,1494,3,0
1455,661,1433,0,3
1468,661,1446,0,3
1470,661,1448,0,3
1471,661,1449,0,3
1455,662,1433,0,3
1468,662,1446,0,3
1470,662,1448,0,3
1455,663,1433,0,3
1468,663,1446,0,3
1468,664,1446,0,3
1468,666,1446,0,3
1468,667,1446,0,3
1468,668,1446,0,3
1468,669,1446,0,3
1462,670,1440,0,3
1468,670,1446,0,3
1468,671,1446,0,3
1468,672,1446,0,3
1468,673,1446,0,3
1468,674,1446,0,3
1468,675,1446,0,3
1468,676,1446,0,3
1468,677,1446,0,3
1455,678,1433,0,3
1468,678,1446,0,3
1470,678,1448,0,3
1455,679,1433,0,3
1468,679,1446,0,3
1470,679,1448,0,3
1471,679,1449,0,3
1455,680,1433,0,3
1468,680,1446,0,3
1470,680,1448,0,3
1471,680,1449,0,3
1472,680,1494,3,0
1452,681,1430,0,2
1455,681,1433,0,3
1468,681,1446,0,3
1470,681,1448,0,3
1471,681,1449,0,3
1472,681,1494,3,0
1474,682,1452,0,2
1477,682,1455,0,3
1490,682,1468,0,3
1492,682,1470,0,3
1493,682,1471,0,3
1477,683,1455,0,3
1490,683,1468,0,3
1492,683,1470,0,3
1493,683,1471,0,3
1477,684,1455,0,3
1490,684,1468,0,3
1492,684,1470,0,3
1477,685,1455,0,3
1490,685,1468,0,3
1490,686,1468,0,3
1490,687,1468,0,3
1490,688,1468,0,3
1490,689,1468,0,3
1490,690,1468,0,3
1490,691,1468,0,3
1490,692,1468,0,3
1490,693,1468,0,3
1490,694,1468,0,3
1490,695,1468,0,3
1490,696,1468,0,3
1490,697,1468,0,3
1490,698,1468,0,3
1490,699,1468,0,3
1477,700,1455,0,3
1490,700,1468,0,3
1492,700,1470,0,3
1477,701,1455,0,3
1490,701,1468,0,3
1492,701,1470,0,3
1493,701,1471,0,3
1477,702,1455,0,3
1490,702,1468,0,3
1492,702,1470,0,3
1493,702,1471,0,3
1474,703,1452,0,2
1477,703,1455,0,3
1490,703,1468,0,3
1492,703,1470,0,3
1493,703,1471,0,3
1496,704,1474,0,2
1499,704,1477,0,3
1512,704,1490,0,3
1514,704,1492,0,3
1515,704,1493,0,3
1499,705,1477,0,3
1512,705,1490,0,3
1514,705,1492,0,3
1515,705,1493,0,3
1499,706,1477,0,3
1512,706,1490,0,3
1514,706,1492,0,3
1499,707,1477,0,3
1512,707,1490,0,3
1512,708,1490,0,3
1512,710,1490,0,3
1512,711,1490,0,3
1512,712,1490,0,3
1512,713,1490,0,3
1506,714,1484,0,3
1512,714,1490,0,3
1512,715,1490,0,3
1512,716,1490,0,3
1512,717,1490,0,3
1512,718,1490,0,3
1512,719,1490,0,3
1512,720,1490,0,3
1512,721,1490,0,3
1499,722,1477,0,3
1512,722,1490,0,3
1514,722,1492,0,3
1499,723,1477,0,3
1512,723,1490,0,3
1514,723,1492,0,3
1515,723,1493,0,3
1499,724,1477,0,3
1512,724,1490,0,3
1514,724,1492,0,3
1515,724,1493,0,3
1496,725,1474,0,2
1499,725,1477,0,3
1512,725,1490,0,3
1514,725,1492,0,3
1515,725,1493,0,3
1517,725,1495,0,3
1518,726,1496,0,2
1520,726,1542,3,0
1521,726,1499,0,3
1522,726,1544,3,0
1523,726,1545,3,0
1538,726,1560,3,0
1520,727,1542,3,0
1521,727,1499,0,3
1522,727,1544,3,0
1523,727,1545,3,0
1520,728,1542,3,0
1521,728,1499,0,3
1522,728,1544,3,0
1523,728,1545,3,0
1521,729,1499,0,3
1522,729,1544,3,0
1523,729,1545,3,0
1522,730,1544,3,0
1523,730,1545,3,0
1523,731,1545,3,0
1533,731,1511,0,3
1523,732,1545,3,0
1533,732,1511,0,3
1523,733,1545,3,0
1533,733,1511,0,3
1523,734,1545,3,0
1526,734,1548,3,0
1533,734,1511,0,3
1523,735,1545,3,0
1526,735,1548,3,0
1530,735,1508,0,3
1533,735,1511,0,3
1523,736,1545,3,0
1526,736,1548,3,0
1530,736,1508,0,3
1533,736,1511,0,3
1523,737,1545,3,0
1526,737,1548,3,0
1530,737,1508,0,3
1533,737,1511,0,3
1523,738,1545,3,0
1526,738,1548,3,0
1530,738,1508,0,3
1533,738,1511,0,3
1523,739,1545,3,0
1533,739,1511,0,3
1523,740,1545,3,0
1533,740,1511,0,3
1533,741,1511,0,3
1522,743,1544,3,0
1523,743,1545,3,0
1521,744,1499,0,3
1522,744,1544,3,0
1523,744,1545,3,0
1520,745,1542,3,0
1521,745,1499,0,3
1522,745,1544,3,0
1523,745,1545,3,0
1520,746,1542,3,0
1521,746,1499,0,3
1522,746,1544,3,0
1523,746,1545,3,0
1538,746,1560,3,0
1518,747,1496,0,2
1520,747,1542,3,0
1521,747,1499,0,3
1522,747,1544,3,0
1523,747,1545,3,0
1538,747,1560,3,0
1540,748,1518,0,2
1543,748,1521,0,3
1544,748,1566,3,0
1545,748,1567,3,0
1543,749,1521,0,3
1544,749,1566,3,0
1545,749,1567,3,0
1543,750,1521,0,3
1544,750,1566,3,0
1545,750,1567,3,0
1543,751,1521,0,3
1544,751,1566,3,0
1545,751,1567,3,0
1544,752,1566,3,0
1545,752,1567,3,0
1545,753,1567,3,0
1545,754,1567,3,0
1546,754,1524,0,3
1555,754,1533,0,3
1545,755,1567,3,0
1546,755,1524,0,3
1555,755,1533,0,3
1545,756,1567,3,0
1546,756,1524,0,3
1555,756,1533,0,3
1545,757,1567,3,0
1546,757,1524,0,3
1552,757,1530,0,3
1555,757,1533,0,3
1545,758,1567,3,0
1546,758,1524,0,3
1552,758,1530,0,3
1555,758,1533,0,3
1545,759,1567,3,0
1546,759,1524,0,3
1552,759,1530,0,3
1555,759,1533,0,3
1545,760,1567,3,0
1546,760,1524,0,3
1552,760,1530,0,3
1555,760,1533,0,3
1545,761,1567,3,0
1546,761,1524,0,3
1555,761,1533,0,3
1545,762,1567,3,0
1546,762,1524,0,3
1555,762,1533,0,3
1555,763,1533,0,3
1544,765,1566,3,0
1545,765,1567,3,0
1543,766,1521,0,3
1544,766,1566,3,0
1545,766,1567,3,0
1543,767,1521,0,3
1544,767,1566,3,0
1545,767,1567,3,0
1543,768,1521,0,3
1544,768,1566,3,0
1545,768,1567,3,0
1540,769,1518,0,2
1543,769,1521,0,3
1544,769,1566,3,0
1545,769,1567,3,0
1562,770,1540,0,2
1564,770,1542,0,3
1566,770,4,3,3
1567,770,5,3,3
1581,770,1559,0,3
1582,770,1560,0,3
1564,771,1542,0,3
1566,771,4,3,3
1567,771,5,3,3
1581,771,1559,0,3
1564,772,1542,0,3
1566,772,4,3,3
1567,772,5,3,3
1566,773,4,3,3
1567,773,5,3,3
1566,774,4,3,3
1567,774,5,3,3
1567,775,5,3,3
1567,776,5,3,3
1568,776,1546,0,3
1567,777,5,3,3
1568,777,1546,0,3
1576,777,1554,0,3
1567,778,5,3,3
1568,778,1546,0,3
1570,778,8,3,3
1576,778,1554,0,3
1567,779,5,3,3
1568,779,1546,0,3
1570,779,8,3,3
1571,779,9,3,3
1574,779,1552,0,3
1576,779,1554,0,3
1567,780,5,3,3
1568,780,1546,0,3
1570,780,8,3,3
1571,780,9,3,3
1574,780,1552,0,3
1576,780,1554,0,3
1567,781,5,3,3
1568,781,1546,0,3
1570,781,8,3,3
1571,781,9,3,3
1574,781,1552,0,3
1576,781,1554,0,3
1567,782,5,3,3
1568,782,1546,0,3
1570,782,8,3,3
1574,782,1552,0,3
1576,782,1554,0,3
1567,783,5,3,3
1568,783,1546,0,3
1576,783,1554,0,3
1567,784,5,3,3
1568,784,1546,0,3
1576,784,1554,0,3
1566,787,4,3,3
1567,787,5,3,3
1566,788,4,3,3
1567,788,5,3,3
1564,789,1542,0,3
1566,789,4,3,3
1567,789,5,3,3
1581,789,1559,0,3
1564,790,1542,0,3
1566,790,4,3,3
1567,790,5,3,3
1581,790,1559,0,3
1582,790,1560,0,3
1562,791,1540,0,2
1564,791,1542,0,3
1566,791,4,3,3
1567,791,5,3,3
1581,791,1559,0,3
1582,791,1560,0,3
1583,791,1561,0,3
0,792,1562,3,2
2,792,1564,3,3
5,792,27,2,0
17,792,39,2,0
19,792,41,2,0
20,792,1582,3,3
2,793,1564,3,3
5,793,27,2,0
17,793,39,2,0
19,793,41,2,0
2,794,1564,3,3
5,794,27,2,0
17,794,39,2,0
5,795,27,2,0
17,795,39,2,0
5,796,27,2,0
5,797,27,2,0
5,798,27,2,0
6,798,1568,3,3
5,799,27,2,0
6,799,1568,3,3
14,799,1576,3,3
5,800,27,2,0
6,800,1568,3,3
8,800,30,2,0
14,800,1576,3,3
5,801,27,2,0
6,801,1568,3,3
8,801,30,2,0
12,801,1574,3,3
14,801,1576,3,3
5,802,27,2,0
6,802,1568,3,3
8,802,30,2,0
12,802,1574,3,3
14,802,1576,3,3
5,803,27,2,0
6,803,1568,3,3
8,803,30,2,0
12,803,1574,3,3
14,803,1576,3,3
5,804,27,2,0
6,804,1568,3,3
8,804,30,2,0
12,804,1574,3,3
14,804,1576,3,3
5,805,27,2,0
6,805,1568,3,3
14,805,1576,3,3
5,806,27,2,0
6,806,1568,3,3
14,806,1576,3,3
5,809,27,2,0
17,809,39,2,0
5,810,27,2,0
17,810,39,2,0
2,811,1564,3,3
5,811,27,2,0
17,811,39,2,0
19,811,41,2,0
2,812,1564,3,3
5,812,27,2,0
17,812,39,2,0
19,812,41,2,0
20,812,1582,3,3
0,813,1562,3,2
2,813,1564,3,3
5,813,27,2,0
17,813,39,2,0
19,813,41,2,0
20,813,1582,3,3
21,813,1583,3,3
22,814,0,0,1
25,814,47,3,0
27,814,49,3,0
39,814,61,3,0
41,814,63,3,0
42,814,64,3,0
25,815,47,3,0
27,815,49,3,0
39,815,61,3,0
41,815,63,3,0
25,816,47,3,0
27,816,49,3,0
39,816,61,3,0
25,817,47,3,0
27,817,49,3,0
39,817,61,3,0
27,818,49,3,0
27,819,49,3,0
27,820,49,3,0
28,820,6,0,2
27,821,49,3,0
28,821,6,0,2
29,821,7,0,2
36,821,14,0,2
27,822,49,3,0
28,822,6,0,2
29,822,7,0,2
30,822,52,3,0
36,822,14,0,2
27,823,49,3,0
28,823,6,0,2
29,823,7,0,2
30,823,52,3,0
34,823,12,0,2
36,823,14,0,2
27,824,49,3,0
28,824,6,0,2
29,824,7,0,2
30,824,52,3,0
34,824,12,0,2
36,824,14,0,2
27,825,49,3,0
28,825,6,0,2
29,825,7,0,2
30,825,52,3,0
34,825,12,0,2
36,825,14,0,2
27,826,49,3,0
28,826,6,0,2
29,826,7,0,2
30,826,52,3,0
34,826,12,0,2
36,826,14,0,2
27,827,49,3,0
28,827,6,0,2
29,827,7,0,2
36,827,14,0,2
27,828,49,3,0
28,828,6,0,2
36,828,14,0,2
27,831,49,3,0
39,831,61,3,0
25,832,47,3,0
27,832,49,3,0
39,832,61,3,0
25,833,47,3,0
27,833,49,3,0
39,833,61,3,0
41,833,63,3,0
25,834,47,3,0
27,834,49,3,0
39,834,61,3,0
41,834,63,3,0
42,834,64,3,0
22,835,0,0,1
25,835,47,3,0
27,835,49,3,0
39,835,61,3,0
41,835,63,3,0
42,835,64,3,0
43,835,21,0,2
44,836,22,0,2
47,836,69,3,0
49,836,27,0,3
61,836,83,3,0
64,836,86,3,0
47,837,69,3,0
49,837,27,0,3
61,837,83,3,0
47,838,69,3,0
49,838,27,0,3
61,838,83,3,0
47,839,69,3,0
49,839,27,0,3
61,839,83,3,0
49,840,27,0,3
49,841,27,0,3
49,842,27,0,3
50,842,28,0,3
49,843,27,0,3
50,843,28,0,3
51,843,29,0,3
58,843,36,0,3
49,844,27,0,3
50,844,28,0,3
51,844,29,0,3
52,844,74,3,0
58,844,36,0,3
49,845,27,0,3
50,845,28,0,3
51,845,29,0,3
52,845,74,3,0
53,845,31,0,3
56,845,34,0,3
58,845,36,0,3
49,846,27,0,3
50,846,28,0,3
51,846,29,0,3
52,846,74,3,0
53,846,31,0,3
55,846,77,3,0
56,846,34,0,3
58,846,36,0,3
49,847,27,0,3
50,847,28,0,3
51,847,29,0,3
52,847,74,3,0
53,847,31,0,3
55,847,77,3,0
56,847,34,0,3
58,847,36,0,3
49,848,27,0,3
50,848,28,0,3
51,848,29,0,3
52,848,74,3,0
56,848,34,0,3
58,848,36,0,3
49,849,27,0,3
50,849,28,0,3
51,849,29,0,3
58,849,36,0,3
49,850,27,0,3
50,850,28,0,3
58,850,36,0,3
49,853,27,0,3
61,853,83,3,0
47,854,69,3,0
49,854,27,0,3
61,854,83,3,0
47,855,69,3,0
49,855,27,0,3
61,855,83,3,0
47,856,69,3,0
49,856,27,0,3
61,856,83,3,0
64,856,86,3,0
44,857,22,0,2
47,857,69,3,0
49,857,27,0,3
61,857,83,3,0
64,857,86,3,0
66,858,44,0,2
69,858,91,3,0
71,858,49,0,3
83,858,105,3,0
86,858,108,3,0
69,859,91,3,0
71,859,49,0,3
83,859,105,3,0
69,860,91,3,0
71,860,49,0,3
83,860,105,3,0
69,861,91,3,0
71,861,49,0,3
83,861,105,3,0
71,862,49,0,3
71,863,49,0,3
71,864,49,0,3
72,864,50,0,3
71,865,49,0,3
72,865,50,0,3
73,865,51,0,3
80,865,58,0,3
71,866,49,0,3
72,866,50,0,3
73,866,51,0,3
74,866,96,3,0
80,866,58,0,3
71,867,49,0,3
72,867,50,0,3
73,867,51,0,3
74,867,96,3,0
78,867,56,0,3
80,867,58,0,3
71,868,49,0,3
72,868,50,0,3
73,868,51,0,3
74,868,96,3,0
77,868,99,3,0
78,868,56,0,3
80,868,58,0,3
71,869,49,0,3
72,869,50,0,3
73,869,51,0,3
74,869,96,3,0
77,869,99,3,0
78,869,56,0,3
80,869,58,0,3
71,870,49,0,3
72,870,50,0,3
73,870,51,0,3
74,870,96,3,0
78,870,56,0,3
80,870,58,0,3
71,871,49,0,3
72,871,50,0,3
73,871,51,0,3
80,871,58,0,3
71,872,49,0,3
72,872,50,0,3
80,872,58,0,3
71,875,49,0,3
83,875,105,3,0
69,876,91,3,0
71,876,49,0,3
83,876,105,3,0
69,877,91,3,0
71,877,49,0,3
83,877,105,3,0
69,878,91,3,0
71,878,49,0,3
83,878,105,3,0
86,878,108,3,0
66,879,44,0,2
69,879,91,3,0
71,879,49,0,3
83,879,105,3,0
86,879,108,3,0
88,880,66,0,2
105,880,127,3,0
106,880,128,3,0
108,880,130,3,0
105,881,127,3,0
106,881,128,3,0
105,882,127,3,0
106,882,128,3,0
105,883,127,3,0
94,886,72,0,3
94,887,72,0,3
95,887,73,0,3
102,887,80,0,3
94,888,72,0,3
95,888,73,0,3
101,888,123,3,0
102,888,80,0,3
94,889,72,0,3
95,889,73,0,3
97,889,119,3,0
101,889,123,3,0
102,889,80,0,3
94,890,72,0,3
95,890,73,0,3
97,890,119,3,0
98,890,120,3,0
99,890,121,3,0
101,890,123,3,0
102,890,80,0,3
94,891,72,0,3
95,891,73,0,3
97,891,119,3,0
99,891,121,3,0
101,891,123,3,0
102,891,80,0,3
94,892,72,0,3
95,892,73,0,3
101,892,123,3,0
102,892,80,0,3
94,893,72,0,3
95,893,73,0,3
101,893,123,3,0
102,893,80,0,3
94,894,72,0,3
102,894,80,0,3
105,897,127,3,0
105,898,127,3,0
106,898,128,3,0
105,899,127,3,0
106,899,128,3,0
105,900,127,3,0
106,900,128,3,0
108,900,130,3,0
88,901,66,0,2
105,901,127,3,0
106,901,128,3,0
108,901,130,3,0
110,902,88,0,2
127,902,149,3,0
128,902,150,3,0
127,903,149,3,0
128,903,150,3,0
127,904,149,3,0
128,904,150,3,0
127,905,149,3,0
125,907,147,3,0
116,908,94,0,3
125,908,147,3,0
116,909,94,0,3
117,909,95,0,3
125,909,147,3,0
116,910,94,0,3
117,910,95,0,3
123,910,145,3,0
125,910,147,3,0
116,911,94,0,3
117,911,95,0,3
119,911,141,3,0
122,911,100,0,3
123,911,145,3,0
125,911,147,3,0
116,912,94,0,3
117,912,95,0,3
119,912,141,3,0
120,912,142,3,0
121,912,143,3,0
122,912,100,0,3
123,912,145,3,0
125,912,147,3,0
116,913,94,0,3
117,913,95,0,3
119,913,141,3,0
121,913,143,3,0
122,913,100,0,3
123,913,145,3,0
125,913,147,3,0
116,914,94,0,3
117,914,95,0,3
122,914,100,0,3
123,914,145,3,0
125,914,147,3,0
116,915,94,0,3
117,915,95,0,3
123,915,145,3,0
125,915,147,3,0
116,916,94,0,3
125,916,147,3,0
125,917,147,3,0
127,919,149,3,0
127,920,149,3,0
128,920,150,3,0
127,921,149,3,0
128,921,150,3,0
127,922,149,3,0
128,922,150,3,0
110,923,88,0,2
127,923,149,3,0
128,923,150,3,0
131,923,109,0,3
132,924,110,0,2
134,924,156,3,0
136,924,114,0,3
148,924,170,3,0
149,924,171,3,0
150,924,172,3,0
134,925,156,3,0
136,925,114,0,3
148,925,170,3,0
149,925,171,3,0
150,925,172,3,0
134,926,156,3,0
136,926,114,0,3
148,926,170,3,0
149,926,171,3,0
150,926,172,3,0
136,927,114,0,3
148,927,170,3,0
149,927,171,3,0
136,928,114,0,3
148,928,170,3,0
147,930,169,3,0
148,930,170,3,0
139,931,117,0,3
147,931,169,3,0
148,931,170,3,0
139,932,117,0,3
145,932,167,3,0
147,932,169,3,0
148,932,170,3,0
139,933,117,0,3
145,933,167,3,0
147,933,169,3,0
148,933,170,3,0
139,934,117,0,3
143,934,165,3,0
145,934,167,3,0
147,934,169,3,0
148,934,170,3,0
139,935,117,0,3
143,935,165,3,0
145,935,167,3,0
147,935,169,3,0
148,935,170,3,0
139,936,117,0,3
145,936,167,3,0
147,936,169,3,0
148,936,170,3,0
139,937,117,0,3
145,937,167,3,0
147,937,169,3,0
148,937,170,3,0
147,938,169,3,0
148,938,170,3,0
147,939,169,3,0
148,939,170,3,0
148,940,170,3,0
136,941,114,0,3
148,941,170,3,0
149,941,171,3,0
136,942,114,0,3
148,942,170,3,0
149,942,171,3,0
150,942,172,3,0
134,943,156,3,0
136,943,114,0,3
148,943,170,3,0
149,943,171,3,0
150,943,172,3,0
134,944,156,3,0
136,944,114,0,3
148,944,170,3,0
149,944,171,3,0
150,944,172,3,0
132,945,110,0,2
134,945,156,3,0
136,945,114,0,3
148,945,170,3,0
149,945,171,3,0
150,945,172,3,0
154,946,132,0,2
155,946,133,0,3
156,946,178,3,0
158,946,136,0,3
170,946,192,3,0
171,946,193,3,0
172,946,194,3,0
155,947,133,0,3
156,947,178,3,0
158,947,136,0,3
170,947,192,3,0
171,947,193,3,0
172,947,194,3,0
156,948,178,3,0
158,948,136,0,3
170,948,192,3,0
171,948,193,3,0
172,948,194,3,0
158,949,136,0,3
170,949,192,3,0
171,949,193,3,0
158,950,136,0,3
170,950,192,3,0
169,951,191,3,0
170,951,192,3,0
169,952,191,3,0
170,952,192,3,0
161,953,139,0,3
169,953,191,3,0
170,953,192,3,0
161,954,139,0,3
167,954,189,3,0
169,954,191,3,0
170,954,192,3,0
161,955,139,0,3
163,955,185,3,0
167,955,189,3,0
169,955,191,3,0
170,955,192,3,0
161,956,139,0,3
163,956,185,3,0
167,956,189,3,0
169,956,191,3,0
170,956,192,3,0
161,957,139,0,3
163,957,185,3,0
167,957,189,3,0
169,957,191,3,0
170,957,192,3,0
161,958,139,0,3
167,958,189,3,0
169,958,191,3,0
170,958,192,3,0
161,959,139,0,3
167,959,189,3,0
169,959,191,3,0
170,959,192,3,0
169,960,191,3,0
170,960,192,3,0
169,961,191,3,0
170,961,192,3,0
170,962,192,3,0
158,963,136,0,3
170,963,192,3,0
171,963,193,3,0
158,964,136,0,3
170,964,192,3,0
171,964,193,3,0
172,964,194,3,0
156,965,178,3,0
158,965,136,0,3
170,965,192,3,0
171,965,193,3,0
172,965,194,3,0
155,966,133,0,3
156,966,178,3,0
158,966,136,0,3
170,966,192,3,0
171,966,193,3,0
172,966,194,3,0
154,967,132,0,2
155,967,133,0,3
156,967,178,3,0
158,967,136,0,3
170,967,192,3,0
171,967,193,3,0
172,967,194,3,0
176,968,154,0,2
177,968,155,0,3
178,968,200,3,0
179,968,201,3,0
180,968,158,0,3
192,968,214,3,0
193,968,215,3,0
194,968,216,3,0
177,969,155,0,3
178,969,200,3,0
179,969,201,3,0
180,969,158,0,3
192,969,214,3,0
193,969,215,3,0
194,969,216,3,0
178,970,200,3,0
179,970,201,3,0
180,970,158,0,3
192,970,214,3,0
193,970,215,3,0
194,970,216,3,0
179,971,201,3,0
180,971,158,0,3
192,971,214,3,0
193,971,215,3,0
180,972,158,0,3
192,972,214,3,0
182,974,204,3,0
191,974,213,3,0
192,974,214,3,0
182,975,204,3,0
191,975,213,3,0
192,975,214,3,0
182,976,204,3,0
189,976,211,3,0
191,976,213,3,0
192,976,214,3,0
182,977,204,3,0
185,977,207,3,0
189,977,211,3,0
191,977,213,3,0
192,977,214,3,0
182,978,204,3,0
185,978,207,3,0
187,978,165,0,3
189,978,211,3,0
191,978,213,3,0
192,978,214,3,0
182,979,204,3,0
185,979,207,3,0
187,979,165,0,3
189,979,211,3,0
191,979,213,3,0
192,979,214,3,0
182,980,204,3,0
189,980,211,3,0
191,980,213,3,0
192,980,214,3,0
182,981,204,3,0
189,981,211,3,0
191,981,213,3,0
192,981,214,3,0
182,982,204,3,0
191,982,213,3,0
192,982,214,3,0
191,983,213,3,0
192,983,214,3,0
192,984,214,3,0
180,985,158,0,3
192,985,214,3,0
193,985,215,3,0
179,986,201,3,0
180,986,158,0,3
192,986,214,3,0
193,986,215,3,0
194,986,216,3,0
178,987,200,3,0
179,987,201,3,0
180,987,158,0,3
192,987,214,3,0
193,987,215,3,0
194,987,216,3,0
177,988,155,0,3
178,988,200,3,0
179,988,201,3,0
180,988,158,0,3
192,988,214,3,0
193,988,215,3,0
194,988,216,3,0
176,989,154,0,2
177,989,155,0,3
178,989,200,3,0
179,989,201,3,0
180,989,158,0,3
192,989,214,3,0
193,989,215,3,0
194,989,216,3,0
197,989,175,0,3
198,990,176,0,2
199,990,177,0,3
200,990,222,3,0
202,990,180,0,3
214,990,236,3,0
215,990,237,3,0
199,991,177,0,3
200,991,222,3,0
202,991,180,0,3
214,991,236,3,0
215,991,237,3,0
200,992,222,3,0
202,992,180,0,3
214,992,236,3,0
215,992,237,3,0
202,993,180,0,3
214,993,236,3,0
215,993,237,3,0
202,994,180,0,3
214,994,236,3,0
214,995,236,3,0
204,996,226,3,0
214,996,236,3,0
204,997,226,3,0
214,997,236,3,0
204,998,226,3,0
211,998,233,3,0
214,998,236,3,0
204,999,226,3,0
211,999,233,3,0
214,999,236,3,0
204,1000,226,3,0
211,1000,233,3,0
214,1000,236,3,0
204,1001,226,3,0
211,1001,233,3,0
214,1001,236,3,0
204,1002,226,3,0
211,1002,233,3,0
214,1002,236,3,0
204,1003,226,3,0
211,1003,233,3,0
214,1003,236,3,0
204,1004,226,3,0
214,1004,236,3,0
214,1005,236,3,0
214,1006,236,3,0
202,1007,180,0,3
214,1007,236,3,0
215,1007,237,3,0
202,1008,180,0,3
214,1008,236,3,0
215,1008,237,3,0
200,1009,222,3,0
202,1009,180,0,3
214,1009,236,3,0
215,1009,237,3,0
199,1010,177,0,3
200,1010,222,3,0
202,1010,180,0,3
214,1010,236,3,0
215,1010,237,3,0
198,1011,176,0,2
199,1011,177,0,3
200,1011,222,3,0
202,1011,180,0,3
214,1011,236,3,0
215,1011,237,3,0
219,1011,197,0,3
220,1012,198,0,2
221,1012,199,0,3
222,1012,244,3,0
223,1012,245,3,0
224,1012,202,0,3
225,1012,203,0,3
236,1012,258,3,0
237,1012,259,3,0
238,1012,260,3,0
221,1013,199,0,3
222,1013,244,3,0
223,1013,245,3,0
224,1013,202,0,3
225,1013,203,0,3
236,1013,258,3,0
237,1013,259,3,0
238,1013,260,3,0
222,1014,244,3,0
223,1014,245,3,0
224,1014,202,0,3
225,1014,203,0,3
236,1014,258,3,0
237,1014,259,3,0
238,1014,260,3,0
223,1015,245,3,0
224,1015,202,0,3
225,1015,203,0,3
236,1015,258,3,0
237,1015,259,3,0
224,1016,202,0,3
225,1016,203,0,3
236,1016,258,3,0
225,1017,203,0,3
225,1018,203,0,3
226,1018,248,3,0
236,1018,258,3,0
225,1019,203,0,3
226,1019,248,3,0
236,1019,258,3,0
225,1020,203,0,3
226,1020,248,3,0
233,1020,255,3,0
236,1020,258,3,0
225,1021,203,0,3
226,1021,248,3,0
229,1021,251,3,0
233,1021,255,3,0
236,1021,258,3,0
225,1022,203,0,3
226,1022,248,3,0
229,1022,251,3,0
233,1022,255,3,0
236,1022,258,3,0
225,1023,203,0,3
226,1023,248,3,0
229,1023,251,3,0
233,1023,255,3,0
236,1023,258,3,0
225,1024,203,0,3
226,1024,248,3,0
233,1024,255,3,0
236,1024,258,3,0
225,1025,203,0,3
226,1025,248,3,0
233,1025,255,3,0
236,1025,258,3,0
225,1026,203,0,3
226,1026,248,3,0
236,1026,258,3,0
236,1027,258,3,0
236,1028,258,3,0
224,1029,202,0,3
225,1029,203,0,3
236,1029,258,3,0
237,1029,259,3,0
223,1030,245,3,0
224,1030,202,0,3
225,1030,203,0,3
236,1030,258,3,0
237,1030,259,3,0
238,1030,260,3,0
222,1031,244,3,0
223,1031,245,3,0
224,1031,202,0,3
225,1031,203,0,3
236,1031,258,3,0
237,1031,259,3,0
238,1031,260,3,0
221,1032,199,0,3
222,1032,244,3,0
223,1032,245,3,0
224,1032,202,0,3
225,1032,203,0,3
236,1032,258,3,0
237,1032,259,3,0
238,1032,260,3,0
220,1033,198,0,2
221,1033,199,0,3
222,1033,244,3,0
223,1033,245,3,0
224,1033,202,0,3
225,1033,203,0,3
236,1033,258,3,0
237,1033,259,3,0
238,1033,260,3,0
242,1034,220,0,2
244,1034,266,3,0
245,1034,267,3,0
247,1034,225,0,3
258,1034,280,3,0
259,1034,281,3,0
260,1034,282,3,0
244,1035,266,3,0
245,1035,267,3,0
247,1035,225,0,3
258,1035,280,3,0
259,1035,281,3,0
260,1035,282,3,0
244,1036,266,3,0
245,1036,267,3,0
247,1036,225,0,3
258,1036,280,3,0
259,1036,281,3,0
260,1036,282,3,0
245,1037,267,3,0
247,1037,225,0,3
258,1037,280,3,0
259,1037,281,3,0
247,1038,225,0,3
258,1038,280,3,0
247,1039,225,0,3
258,1039,280,3,0
247,1040,225,0,3
248,1040,270,3,0
258,1040,280,3,0
247,1041,225,0,3
248,1041,270,3,0
258,1041,280,3,0
247,1042,225,0,3
248,1042,270,3,0
258,1042,280,3,0
247,1043,225,0,3
248,1043,270,3,0
251,1043,273,3,0
258,1043,280,3,0
247,1044,225,0,3
248,1044,270,3,0
251,1044,273,3,0
258,1044,280,3,0
247,1045,225,0,3
248,1045,270,3,0
251,1045,273,3,0
258,1045,280,3,0
247,1046,225,0,3
248,1046,270,3,0
258,1046,280,3,0
247,1047,225,0,3
248,1047,270,3,0
258,1047,280,3,0
247,1048,225,0,3
248,1048,270,3,0
258,1048,280,3,0
258,1049,280,3,0
258,1050,280,3,0
247,1051,225,0,3
258,1051,280,3,0
259,1051,281,3,0
245,1052,267,3,0
247,1052,225,0,3
258,1052,280,3,0
259,1052,281,3,0
260,1052,282,3,0
244,1053,266,3,0
245,1053,267,3,0
247,1053,225,0,3
258,1053,280,3,0
259,1053,281,3,0
260,1053,282,3,0
244,1054,266,3,0
245,1054,267,3,0
247,1054,225,0,3
258,1054,280,3,0
259,1054,281,3,0
260,1054,282,3,0
242,1055,220,0,2
244,1055,266,3,0
245,1055,267,3,0
247,1055,225,0,3
258,1055,280,3,0
259,1055,281,3,0
260,1055,282,3,0
264,1056,242,0,2
266,1056,288,3,0
267,1056,289,3,0
280,1056,302,3,0
281,1056,303,3,0
282,1056,304,3,0
266,1057,288,3,0
267,1057,289,3,0
280,1057,302,3,0
281,1057,303,3,0
282,1057,304,3,0
266,1058,288,3,0
267,1058,289,3,0
280,1058,302,3,0
281,1058,303,3,0
282,1058,304,3,0
267,1059,289,3,0
280,1059,302,3,0
281,1059,303,3,0
280,1060,302,3,0
270,1062,292,3,0
280,1062,302,3,0
270,1063,292,3,0
280,1063,302,3,0
270,1064,292,3,0
280,1064,302,3,0
270,1065,292,3,0
273,1065,295,3,0
280,1065,302,3,0
270,1066,292,3,0
273,1066,295,3,0
280,1066,302,3,0
270,1067,292,3,0
273,1067,295,3,0
280,1067,302,3,0
270,1068,292,3,0
280,1068,302,3,0
270,1069,292,3,0
280,1069,302,3,0
270,1070,292,3,0
280,1070,302,3,0
280,1071,302,3,0
280,1072,302,3,0
280,1073,302,3,0
281,1073,303,3,0
267,1074,289,3,0
280,1074,302,3,0
281,1074,303,3,0
282,1074,304,3,0
266,1075,288,3,0
267,1075,289,3,0
280,1075,302,3,0
281,1075,303,3,0
282,1075,304,3,0
266,1076,288,3,0
267,1076,289,3,0
280,1076,302,3,0
281,1076,303,3,0
282,1076,304,3,0
264,1077,242,0,2
266,1077,288,3,0
267,1077,289,3,0
280,1077,302,3,0
281,1077,303,3,0
282,1077,304,3,0
288,1078,310,3,0
289,1078,311,3,0
302,1078,324,3,0
304,1078,326,3,0
288,1079,310,3,0
289,1079,311,3,0
302,1079,324,3,0
304,1079,326,3,0
288,1080,310,3,0
289,1080,311,3,0
302,1080,324,3,0
304,1080,326,3,0
289,1081,311,3,0
302,1081,324,3,0
302,1082,324,3,0
302,1083,324,3,0
292,1084,314,3,0
302,1084,324,3,0
292,1085,314,3,0
302,1085,324,3,0
292,1086,314,3,0
302,1086,324,3,0
292,1087,314,3,0
295,1087,317,3,0
302,1087,324,3,0
292,1088,314,3,0
295,1088,317,3,0
302,1088,324,3,0
292,1089,314,3,0
295,1089,317,3,0
302,1089,324,3,0
292,1090,314,3,0
302,1090,324,3,0
292,1091,314,3,0
302,1091,324,3,0
292,1092,314,3,0
302,1092,324,3,0
302,1093,324,3,0
302,1094,324,3,0
302,1095,324,3,0
289,1096,311,3,0
302,1096,324,3,0
304,1096,326,3,0
288,1097,310,3,0
289,1097,311,3,0
302,1097,324,3,0
304,1097,326,3,0
288,1098,310,3,0
289,1098,311,3,0
302,1098,324,3,0
304,1098,326,3,0
288,1099,310,3,0
289,1099,311,3,0
302,1099,324,3,0
304,1099,326,3,0
308,1100,286,0,2
310,1100,332,3,0
311,1100,333,3,0
324,1100,346,3,0
310,1101,332,3,0
311,1101,333,3,0
324,1101,346,3,0
310,1102,332,3,0
311,1102,333,3,0
324,1102,346,3,0
311,1103,333,3,0
324,1103,346,3,0
324,1104,346,3,0
314,1106,336,3,0
324,1106,346,3,0
314,1107,336,3,0
324,1107,346,3,0
314,1108,336,3,0
324,1108,346,3,0
314,1109,336,3,0
324,1109,346,3,0
314,1110,336,3,0
324,1110,346,3,0
314,1111,336,3,0
324,1111,346,3,0
314,1112,336,3,0
324,1112,346,3,0
314,1113,336,3,0
324,1113,346,3,0
314,1114,336,3,0
324,1114,346,3,0
324,1115,346,3,0
324,1116,346,3,0
324,1117,346,3,0
311,1118,333,3,0
324,1118,346,3,0
310,1119,332,3,0
311,1119,333,3,0
324,1119,346,3,0
310,1120,332,3,0
311,1120,333,3,0
324,1120,346,3,0
308,1121,286,0,2
310,1121,332,3,0
311,1121,333,3,0
324,1121,346,3,0
330,1122,308,0,2
331,1122,309,0,3
332,1122,354,3,0
333,1122,355,3,0
346,1122,368,3,0
331,1123,309,0,3
332,1123,354,3,0
333,1123,355,3,0
346,1123,368,3,0
332,1124,354,3,0
333,1124,355,3,0
346,1124,368,3,0
333,1125,355,3,0
346,1125,368,3,0
346,1126,368,3,0
346,1127,368,3,0
336,1128,358,3,0
346,1128,368,3,0
336,1129,358,3,0
346,1129,368,3,0
336,1130,358,3,0
346,1130,368,3,0
336,1131,358,3,0
346,1131,368,3,0
336,1132,358,3,0
346,1132,368,3,0
336,1133,358,3,0
346,1133,368,3,0
336,1134,358,3,0
346,1134,368,3,0
336,1135,358,3,0
346,1135,368,3,0
336,1136,358,3,0
346,1136,368,3,0
346,1137,368,3,0
346,1138,368,3,0
346,1139,368,3,0
333,1140,355,3,0
346,1140,368,3,0
332,1141,354,3,0
333,1141,355,3,0
346,1141,368,3,0
331,1142,309,0,3
332,1142,354,3,0
333,1142,355,3,0
346,1142,368,3,0
330,1143,308,0,2
331,1143,309,0,3
332,1143,354,3,0
333,1143,355,3,0
346,1143,368,3,0
352,1144,330,0,2
353,1144,331,0,3
354,1144,376,3,0
355,1144,377,3,0
368,1144,390,3,0
371,1144,393,3,0
353,1145,331,0,3
354,1145,376,3,0
355,1145,377,3,0
368,1145,390,3,0
371,1145,393,3,0
354,1146,376,3,0
355,1146,377,3,0
368,1146,390,3,0
355,1147,377,3,0
368,1147,390,3,0
368,1148,390,3,0
358,1150,380,3,0
368,1150,390,3,0
358,1151,380,3,0
368,1151,390,3,0
358,1152,380,3,0
368,1152,390,3,0
358,1153,380,3,0
368,1153,390,3,0
358,1154,380,3,0
368,1154,390,3,0
358,1155,380,3,0
368,1155,390,3,0
358,1156,380,3,0
368,1156,390,3,0
358,1157,380,3,0
368,1157,390,3,0
358,1158,380,3,0
368,1158,390,3,0
368,1159,390,3,0
368,1160,390,3,0
368,1161,390,3,0
355,1162,377,3,0
368,1162,390,3,0
354,1163,376,3,0
355,1163,377,3,0
368,1163,390,3,0
371,1163,393,3,0
353,1164,331,0,3
354,1164,376,3,0
355,1164,377,3,0
368,1164,390,3,0
371,1164,393,3,0
352,1165,330,0,2
353,1165,331,0,3
354,1165,376,3,0
355,1165,377,3,0
368,1165,390,3,0
371,1165,393,3,0
374,1166,352,0,2
375,1166,353,0,3
376,1166,398,3,0
377,1166,399,3,0
390,1166,412,3,0
393,1166,415,3,0
375,1167,353,0,3
376,1167,398,3,0
377,1167,399,3,0
390,1167,412,3,0
393,1167,415,3,0
376,1168,398,3,0
377,1168,399,3,0
390,1168,412,3,0
377,1169,399,3,0
390,1169,412,3,0
390,1170,412,3,0
390,1171,412,3,0
380,1172,402,3,0
390,1172,412,3,0
380,1173,402,3,0
390,1173,412,3,0
380,1174,402,3,0
390,1174,412,3,0
380,1175,402,3,0
390,1175,412,3,0
380,1176,402,3,0
390,1176,412,3,0
380,1177,402,3,0
390,1177,412,3,0
380,1178,402,3,0
390,1178,412,3,0
380,1179,402,3,0
390,1179,412,3,0
380,1180,402,3,0
390,1180,412,3,0
390,1181,412,3,0
390,1182,412,3,0
390,1183,412,3,0
377,1184,399,3,0
390,1184,412,3,0
376,1185,398,3,0
377,1185,399,3,0
390,1185,412,3,0
393,1185,415,3,0
375,1186,353,0,3
376,1186,398,3,0
377,1186,399,3,0
390,1186,412,3,0
393,1186,415,3,0
374,1187,352,0,2
375,1187,353,0,3
376,1187,398,3,0
377,1187,399,3,0
390,1187,412,3,0
393,1187,415,3,0
396,1188,374,0,2
397,1188,375,0,3
398,1188,420,3,0
399,1188,421,3,0
401,1188,379,0,3
412,1188,434,3,0
415,1188,437,3,0
397,1189,375,0,3
398,1189,420,3,0
399,1189,421,3,0
401,1189,379,0,3
412,1189,434,3,0
415,1189,437,3,0
398,1190,420,3,0
399,1190,421,3,0
401,1190,379,0,3
412,1190,434,3,0
399,1191,421,3,0
401,1191,379,0,3
412,1191,434,3,0
401,1192,379,0,3
412,1192,434,3,0
401,1193,379,0,3
401,1194,379,0,3
402,1194,424,3,0
412,1194,434,3,0
401,1195,379,0,3
402,1195,424,3,0
412,1195,434,3,0
401,1196,379,0,3
402,1196,424,3,0
412,1196,434,3,0
401,1197,379,0,3
402,1197,424,3,0
412,1197,434,3,0
401,1198,379,0,3
402,1198,424,3,0
412,1198,434,3,0
401,1199,379,0,3
402,1199,424,3,0
412,1199,434,3,0
401,1200,379,0,3
402,1200,424,3,0
412,1200,434,3,0
401,1201,379,0,3
402,1201,424,3,0
412,1201,434,3,0
401,1202,379,0,3
402,1202,424,3,0
412,1202,434,3,0
412,1203,434,3,0
412,1204,434,3,0
401,1205,379,0,3
412,1205,434,3,0
399,1206,421,3,0
401,1206,379,0,3
412,1206,434,3,0
398,1207,420,3,0
399,1207,421,3,0
401,1207,379,0,3
412,1207,434,3,0
415,1207,437,3,0
397,1208,375,0,3
398,1208,420,3,0
399,1208,421,3,0
401,1208,379,0,3
412,1208,434,3,0
415,1208,437,3,0
396,1209,374,0,2
397,1209,375,0,3
398,1209,420,3,0
399,1209,421,3,0
401,1209,379,0,3
412,1209,434,3,0
415,1209,437,3,0
418,1210,396,0,2
419,1210,397,0,3
420,1210,442,3,0
421,1210,443,3,0
423,1210,401,0,3
437,1210,459,3,0
419,1211,397,0,3
420,1211,442,3,0
421,1211,443,3,0
423,1211,401,0,3
437,1211,459,3,0
420,1212,442,3,0
421,1212,443,3,0
423,1212,401,0,3
421,1213,443,3,0
423,1213,401,0,3
423,1214,401,0,3
423,1215,401,0,3
423,1216,401,0,3
424,1216,446,3,0
423,1217,401,0,3
424,1217,446,3,0
423,1218,401,0,3
424,1218,446,3,0
423,1219,401,0,3
424,1219,446,3,0
423,1220,401,0,3
424,1220,446,3,0
423,1221,401,0,3
424,1221,446,3,0
423,1222,401,0,3
424,1222,446,3,0
423,1223,401,0,3
424,1223,446,3,0
423,1224,401,0,3
424,1224,446,3,0
423,1227,401,0,3
421,1228,443,3,0
423,1228,401,0,3
420,1229,442,3,0
421,1229,443,3,0
423,1229,401,0,3
437,1229,459,3,0
419,1230,397,0,3
420,1230,442,3,0
421,1230,443,3,0
423,1230,401,0,3
437,1230,459,3,0
418,1231,396,0,2
419,1231,397,0,3
420,1231,442,3,0
421,1231,443,3,0
423,1231,401,0,3
437,1231,459,3,0
440,1232,418,0,2
441,1232,419,0,3
442,1232,464,3,0
443,1232,465,3,0
445,1232,423,0,3
456,1232,478,3,0
459,1232,481,3,0
441,1233,419,0,3
442,1233,464,3,0
443,1233,465,3,0
445,1233,423,0,3
456,1233,478,3,0
459,1233,481,3,0
442,1234,464,3,0
443,1234,465,3,0
445,1234,423,0,3
456,1234,478,3,0
443,1235,465,3,0
445,1235,423,0,3
456,1235,478,3,0
445,1236,423,0,3
456,1236,478,3,0
445,1237,423,0,3
445,1238,423,0,3
446,1238,468,3,0
456,1238,478,3,0
445,1239,423,0,3
446,1239,468,3,0
456,1239,478,3,0
445,1240,423,0,3
446,1240,468,3,0
456,1240,478,3,0
445,1241,423,0,3
446,1241,468,3,0
456,1241,478,3,0
445,1242,423,0,3
446,1242,468,3,0
456,1242,478,3,0
445,1243,423,0,3
446,1243,468,3,0
456,1243,478,3,0
445,1244,423,0,3
446,1244,468,3,0
456,1244,478,3,0
445,1245,423,0,3
446,1245,468,3,0
456,1245,478,3,0
445,1246,423,0,3
446,1246,468,3,0
456,1246,478,3,0
456,1247,478,3,0
456,1248,478,3,0
445,1249,423,0,3
456,1249,478,3,0
443,1250,465,3,0
445,1250,423,0,3
456,1250,478,3,0
442,1251,464,3,0
443,1251,465,3,0
445,1251,423,0,3
456,1251,478,3,0
459,1251,481,3,0
441,1252,419,0,3
442,1252,464,3,0
443,1252,465,3,0
445,1252,423,0,3
456,1252,478,3,0
459,1252,481,3,0
440,1253,418,0,2
441,1253,419,0,3
442,1253,464,3,0
443,1253,465,3,0
445,1253,423,0,3
456,1253,478,3,0
459,1253,481,3,0
462,1254,440,0,2
463,1254,441,0,3
464,1254,486,3,0
465,1254,487,3,0
467,1254,445,0,3
478,1254,500,3,0
481,1254,503,3,0
463,1255,441,0,3
464,1255,486,3,0
465,1255,487,3,0
467,1255,445,0,3
478,1255,500,3,0
481,1255,503,3,0
464,1256,486,3,0
465,1256,487,3,0
467,1256,445,0,3
478,1256,500,3,0
465,1257,487,3,0
467,1257,445,0,3
478,1257,500,3,0
467,1258,445,0,3
478,1258,500,3,0
467,1259,445,0,3
478,1259,500,3,0
467,1260,445,0,3
468,1260,490,3,0
478,1260,500,3,0
467,1261,445,0,3
468,1261,490,3,0
478,1261,500,3,0
467,1262,445,0,3
468,1262,490,3,0
478,1262,500,3,0
467,1263,445,0,3
468,1263,490,3,0
478,1263,500,3,0
467,1264,445,0,3
468,1264,490,3,0
478,1264,500,3,0
467,1265,445,0,3
468,1265,490,3,0
478,1265,500,3,0
467,1266,445,0,3
468,1266,490,3,0
478,1266,500,3,0
467,1267,445,0,3
468,1267,490,3,0
478,1267,500,3,0
467,1268,445,0,3
468,1268,490,3,0
478,1268,500,3,0
478,1269,500,3,0
478,1270,500,3,0
467,1271,445,0,3
478,1271,500,3,0
465,1272,487,3,0
467,1272,445,0,3
478,1272,500,3,0
464,1273,486,3,0
465,1273,487,3,0
467,1273,445,0,3
478,1273,500,3,0
481,1273,503,3,0
463,1274,441,0,3
464,1274,486,3,0
465,1274,487,3,0
467,1274,445,0,3
478,1274,500,3,0
481,1274,503,3,0
462,1275,440,0,2
463,1275,441,0,3
464,1275,486,3,0
465,1275,487,3,0
467,1275,445,0,3
478,1275,500,3,0
481,1275,503,3,0
484,1276,462,0,2
485,1276,463,0,3
486,1276,508,3,0
487,1276,509,3,0
489,1276,467,0,3
500,1276,522,3,0
485,1277,463,0,3
486,1277,508,3,0
487,1277,509,3,0
489,1277,467,0,3
500,1277,522,3,0
486,1278,508,3,0
487,1278,509,3,0
489,1278,467,0,3
500,1278,522,3,0
487,1279,509,3,0
489,1279,467,0,3
500,1279,522,3,0
489,1280,467,0,3
500,1280,522,3,0
489,1281,467,0,3
489,1282,467,0,3
490,1282,512,3,0
500,1282,522,3,0
489,1283,467,0,3
490,1283,512,3,0
500,1283,522,3,0
489,1284,467,0,3
490,1284,512,3,0
500,1284,522,3,0
489,1285,467,0,3
490,1285,512,3,0
500,1285,522,3,0
489,1286,467,0,3
490,1286,512,3,0
500,1286,522,3,0
489,1287,467,0,3
490,1287,512,3,0
500,1287,522,3,0
489,1288,467,0,3
490,1288,512,3,0
500,1288,522,3,0
489,1289,467,0,3
490,1289,512,3,0
500,1289,522,3,0
489,1290,467,0,3
490,1290,512,3,0
500,1290,522,3,0
500,1291,522,3,0
500,1292,522,3,0
489,1293,467,0,3
500,1293,522,3,0
487,1294,509,3,0
489,1294,467,0,3
500,1294,522,3,0
486,1295,508,3,0
487,1295,509,3,0
489,1295,467,0,3
500,1295,522,3,0
485,1296,463,0,3
486,1296,508,3,0
487,1296,509,3,0
489,1296,467,0,3
500,1296,522,3,0
484,1297,462,0,2
485,1297,463,0,3
486,1297,508,3,0
487,1297,509,3,0
489,1297,467,0,3
500,1297,522,3,0
506,1298,484,0,2
508,1298,530,3,0
509,1298,531,3,0
511,1298,489,0,3
522,1298,544,3,0
525,1298,547,3,0
526,1298,504,0,3
508,1299,530,3,0
509,1299,531,3,0
511,1299,489,0,3
522,1299,544,3,0
525,1299,547,3,0
508,1300,530,3,0
509,1300,531,3,0
511,1300,489,0,3
522,1300,544,3,0
509,1301,531,3,0
511,1301,489,0,3
522,1301,544,3,0
511,1302,489,0,3
522,1302,544,3,0
511,1303,489,0,3
522,1303,544,3,0
511,1304,489,0,3
512,1304,534,3,0
522,1304,544,3,0
511,1305,489,0,3
512,1305,534,3,0
522,1305,544,3,0
511,1306,489,0,3
512,1306,534,3,0
522,1306,544,3,0
511,1307,489,0,3
512,1307,534,3,0
522,1307,544,3,0
511,1308,489,0,3
512,1308,534,3,0
522,1308,544,3,0
511,1309,489,0,3
512,1309,534,3,0
522,1309,544,3,0
511,1310,489,0,3
512,1310,534,3,0
522,1310,544,3,0
511,1311,489,0,3
512,1311,534,3,0
522,1311,544,3,0
511,1312,489,0,3
512,1312,534,3,0
522,1312,544,3,0
522,1313,544,3,0
522,1314,544,3,0
511,1315,489,0,3
522,1315,544,3,0
509,1316,531,3,0
511,1316,489,0,3
522,1316,544,3,0
508,1317,530,3,0
509,1317,531,3,0
511,1317,489,0,3
522,1317,544,3,0
525,1317,547,3,0
508,1318,530,3,0
509,1318,531,3,0
511,1318,489,0,3
522,1318,544,3,0
525,1318,547,3,0
526,1318,504,0,3
506,1319,484,0,2
508,1319,530,3,0
509,1319,531,3,0
511,1319,489,0,3
522,1319,544,3,0
525,1319,547,3,0
526,1319,504,0,3
528,1320,506,0,2
529,1320,507,0,3
530,1320,552,3,0
531,1320,553,3,0
544,1320,566,3,0
547,1320,569,3,0
548,1320,526,0,3
529,1321,507,0,3
530,1321,552,3,0
531,1321,553,3,0
544,1321,566,3,0
547,1321,569,3,0
530,1322,552,3,0
531,1322,553,3,0
544,1322,566,3,0
531,1323,553,3,0
544,1323,566,3,0
544,1324,566,3,0
534,1326,556,3,0
544,1326,566,3,0
534,1327,556,3,0
544,1327,566,3,0
534,1328,556,3,0
544,1328,566,3,0
534,1329,556,3,0
544,1329,566,3,0
534,1330,556,3,0
544,1330,566,3,0
534,1331,556,3,0
544,1331,566,3,0
534,1332,556,3,0
544,1332,566,3,0
534,1333,556,3,0
544,1333,566,3,0
534,1334,556,3,0
544,1334,566,3,0
544,1335,566,3,0
544,1336,566,3,0
544,1337,566,3,0
531,1338,553,3,0
544,1338,566,3,0
530,1339,552,3,0
531,1339,553,3,0
544,1339,566,3,0
547,1339,569,3,0
529,1340,507,0,3
530,1340,552,3,0
531,1340,553,3,0
544,1340,566,3,0
547,1340,569,3,0
548,1340,526,0,3
528,1341,506,0,2
529,1341,507,0,3
530,1341,552,3,0
531,1341,553,3,0
544,1341,566,3,0
547,1341,569,3,0
548,1341,526,0,3
550,1342,528,0,2
551,1342,529,0,3
552,1342,574,3,0
553,1342,575,3,0
566,1342,588,3,0
569,1342,591,3,0
570,1342,548,0,3
551,1343,529,0,3
552,1343,574,3,0
553,1343,575,3,0
566,1343,588,3,0
569,1343,591,3,0
552,1344,574,3,0
553,1344,575,3,0
566,1344,588,3,0
553,1345,575,3,0
566,1345,588,3,0
566,1346,588,3,0
566,1347,588,3,0
566,1348,588,3,0
566,1349,588,3,0
566,1350,588,3,0
566,1351,588,3,0
566,1352,588,3,0
566,1353,588,3,0
566,1354,588,3,0
566,1355,588,3,0
566,1356,588,3,0
566,1357,588,3,0
566,1358,588,3,0
566,1359,588,3,0
553,1360,575,3,0
566,1360,588,3,0
552,1361,574,3,0
553,1361,575,3,0
566,1361,588,3,0
569,1361,591,3,0
551,1362,529,0,3
552,1362,574,3,0
553,1362,575,3,0
566,1362,588,3,0
569,1362,591,3,0
570,1362,548,0,3
550,1363,528,0,2
551,1363,529,0,3
552,1363,574,3,0
553,1363,575,3,0
566,1363,588,3,0
569,1363,591,3,0
570,1363,548,0,3
572,1364,550,0,2
574,1364,596,3,0
575,1364,597,3,0
588,1364,610,3,0
591,1364,613,3,0
592,1364,570,0,3
574,1365,596,3,0
575,1365,597,3,0
588,1365,610,3,0
591,1365,613,3,0
574,1366,596,3,0
575,1366,597,3,0
588,1366,610,3,0
575,1367,597,3,0
588,1367,610,3,0
588,1368,610,3,0
588,1370,610,3,0
588,1371,610,3,0
588,1372,610,3,0
588,1373,610,3,0
582,1374,560,0,3
588,1374,610,3,0
588,1375,610,3,0
588,1376,610,3,0
588,1377,610,3,0
588,1378,610,3,0
588,1379,610,3,0
588,1380,610,3,0
588,1381,610,3,0
575,1382,597,3,0
588,1382,610,3,0
574,1383,596,3,0
575,1383,597,3,0
588,1383,610,3,0
591,1383,613,3,0
574,1384,596,3,0
575,1384,597,3,0
588,1384,610,3,0
591,1384,613,3,0
592,1384,570,0,3
572,1385,550,0,2
574,1385,596,3,0
575,1385,597,3,0
588,1385,610,3,0
591,1385,613,3,0
592,1385,570,0,3
593,1385,571,0,3
594,1386,572,0,2
596,1386,618,3,0
597,1386,619,3,0
610,1386,632,3,0
613,1386,635,3,0
614,1386,592,0,3
596,1387,618,3,0
597,1387,619,3,0
610,1387,632,3,0
613,1387,635,3,0
596,1388,618,3,0
597,1388,619,3,0
610,1388,632,3,0
597,1389,619,3,0
610,1389,632,3,0
610,1390,632,3,0
610,1391,632,3,0
610,1392,632,3,0
610,1393,632,3,0
610,1394,632,3,0
610,1395,632,3,0
604,1396,582,0,3
610,1396,632,3,0
610,1397,632,3,0
610,1398,632,3,0
610,1399,632,3,0
610,1400,632,3,0
610,1401,632,3,0
610,1402,632,3,0
610,1403,632,3,0
597,1404,619,3,0
610,1404,632,3,0
596,1405,618,3,0
597,1405,619,3,0
610,1405,632,3,0
613,1405,635,3,0
596,1406,618,3,0
597,1406,619,3,0
610,1406,632,3,0
613,1406,635,3,0
614,1406,592,0,3
594,1407,572,0,2
596,1407,618,3,0
597,1407,619,3,0
610,1407,632,3,0
613,1407,635,3,0
614,1407,592,0,3
615,1407,593,0,3
616,1408,594,0,2
618,1408,640,3,0
619,1408,641,3,0
632,1408,654,3,0
635,1408,657,3,0
636,1408,614,0,3
618,1409,640,3,0
619,1409,641,3,0
632,1409,654,3,0
635,1409,657,3,0
618,1410,640,3,0
619,1410,641,3,0
632,1410,654,3,0
619,1411,641,3,0
632,1411,654,3,0
632,1412,654,3,0
632,1414,654,3,0
632,1415,654,3,0
632,1416,654,3,0
632,1417,654,3,0
632,1418,654,3,0
632,1419,654,3,0
632,1420,654,3,0
632,1421,654,3,0
632,1422,654,3,0
632,1423,654,3,0
632,1424,654,3,0
632,1425,654,3,0
619,1426,641,3,0
632,1426,654,3,0
618,1427,640,3,0
619,1427,641,3,0
632,1427,654,3,0
635,1427,657,3,0
618,1428,640,3,0
619,1428,641,3,0
632,1428,654,3,0
635,1428,657,3,0
636,1428,614,0,3
616,1429,594,0,2
618,1429,640,3,0
619,1429,641,3,0
632,1429,654,3,0
635,1429,657,3,0
636,1429,614,0,3
641,1430,663,3,0
654,1430,676,3,0
657,1430,679,3,0
658,1430,636,0,3
641,1431,663,3,0
654,1431,676,3,0
657,1431,679,3,0
641,1432,663,3,0
654,1432,676,3,0
641,1433,663,3,0
654,1433,676,3,0
654,1434,676,3,0
654,1435,676,3,0
654,1436,676,3,0
654,1437,676,3,0
654,1438,676,3,0
654,1439,676,3,0
654,1440,676,3,0
654,1441,676,3,0
654,1442,676,3,0
654,1443,676,3,0
654,1444,676,3,0
654,1445,676,3,0
654,1446,676,3,0
654,1447,676,3,0
641,1448,663,3,0
654,1448,676,3,0
641,1449,663,3,0
654,1449,676,3,0
657,1449,679,3,0
641,1450,663,3,0
654,1450,676,3,0
657,1450,679,3,0
658,1450,636,0,3
641,1451,663,3,0
654,1451,676,3,0
657,1451,679,3,0
658,1451,636,0,3
660,1452,682,2,0
663,1452,685,3,0
676,1452,698,3,0
678,1452,700,3,0
679,1452,701,3,0
680,1452,658,0,3
663,1453,685,3,0
676,1453,698,3,0
678,1453,700,3,0
679,1453,701,3,0
663,1454,685,3,0
676,1454,698,3,0
678,1454,700,3,0
663,1455,685,3,0
676,1455,698,3,0
676,1456,698,3,0
676,1458,698,3,0
676,1459,698,3,0
676,1460,698,3,0
676,1461,698,3,0
670,1462,692,3,0
676,1462,698,3,0
676,1463,698,3,0
676,1464,698,3,0
676,1465,698,3,0
676,1466,698,3,0
676,1467,698,3,0
676,1468,698,3,0
676,1469,698,3,0
663,1470,685,3,0
676,1470,698,3,0
678,1470,700,3,0
663,1471,685,3,0
676,1471,698,3,0
678,1471,700,3,0
679,1471,701,3,0
663,1472,685,3,0
676,1472,698,3,0
678,1472,700,3,0
679,1472,701,3,0
680,1472,658,0,3
660,1473,682,2,0
663,1473,685,3,0
676,1473,698,3,0
678,1473,700,3,0
679,1473,701,3,0
680,1473,658,0,3
682,1474,704,2,0
685,1474,707,3,0
698,1474,720,3,0
700,1474,722,3,0
701,1474,723,3,0
685,1475,707,3,0
698,1475,720,3,0
700,1475,722,3,0
701,1475,723,3,0
685,1476,707,3,0
698,1476,720,3,0
700,1476,722,3,0
685,1477,707,3,0
698,1477,720,3,0
698,1478,720,3,0
698,1479,720,3,0
698,1480,720,3,0
698,1481,720,3,0
698,1482,720,3,0
698,1483,720,3,0
698,1484,720,3,0
698,1485,720,3,0
698,1486,720,3,0
698,1487,720,3,0
698,1488,720,3,0
698,1489,720,3,0
698,1490,720,3,0
698,1491,720,3,0
685,1492,707,3,0
698,1492,720,3,0
700,1492,722,3,0
685,1493,707,3,0
698,1493,720,3,0
700,1493,722,3,0
701,1493,723,3,0
685,1494,707,3,0
698,1494,720,3,0
700,1494,722,3,0
701,1494,723,3,0
682,1495,704,2,0
685,1495,707,3,0
698,1495,720,3,0
700,1495,722,3,0
701,1495,723,3,0
704,1496,726,2,0
707,1496,729,3,0
720,1496,742,3,0
722,1496,744,3,0
723,1496,745,3,0
707,1497,729,3,0
720,1497,742,3,0
722,1497,744,3,0
723,1497,745,3,0
707,1498,729,3,0
720,1498,742,3,0
722,1498,744,3,0
707,1499,729,3,0
720,1499,742,3,0
720,1500,742,3,0
720,1502,742,3,0
720,1503,742,3,0
720,1504,742,3,0
720,1505,742,3,0
714,1506,736,3,0
720,1506,742,3,0
720,1507,742,3,0
720,1508,742,3,0
720,1509,742,3,0
720,1510,742,3,0
720,1511,742,3,0
720,1512,742,3,0
720,1513,742,3,0
707,1514,729,3,0
720,1514,742,3,0
722,1514,744,3,0
707,1515,729,3,0
720,1515,742,3,0
722,1515,744,3,0
723,1515,745,3,0
707,1516,729,3,0
720,1516,742,3,0
722,1516,744,3,0
723,1516,745,3,0
704,1517,726,2,0
707,1517,729,3,0
720,1517,742,3,0
722,1517,744,3,0
723,1517,745,3,0
725,1517,747,3,0
726,1518,748,2,0
728,1518,706,0,3
729,1518,751,3,0
730,1518,708,0,3
731,1518,709,0,3
746,1518,724,0,3
728,1519,706,0,3
729,1519,751,3,0
730,1519,708,0,3
731,1519,709,0,3
728,1520,706,0,3
729,1520,751,3,0
730,1520,708,0,3
731,1520,709,0,3
729,1521,751,3,0
730,1521,708,0,3
731,1521,709,0,3
730,1522,708,0,3
731,1522,709,0,3
731,1523,709,0,3
741,1523,763,3,0
731,1524,709,0,3
741,1524,763,3,0
731,1525,709,0,3
741,1525,763,3,0
731,1526,709,0,3
734,1526,712,0,3
741,1526,763,3,0
731,1527,709,0,3
734,1527,712,0,3
738,1527,760,3,0
741,1527,763,3,0
731,1528,709,0,3
734,1528,712,0,3
738,1528,760,3,0
741,1528,763,3,0
731,1529,709,0,3
734,1529,712,0,3
738,1529,760,3,0
741,1529,763,3,0
731,1530,709,0,3
734,1530,712,0,3
738,1530,760,3,0
741,1530,763,3,0
731,1531,709,0,3
741,1531,763,3,0
731,1532,709,0,3
741,1532,763,3,0
741,1533,763,3,0
730,1535,708,0,3
731,1535,709,0,3
729,1536,751,3,0
730,1536,708,0,3
731,1536,709,0,3
728,1537,706,0,3
729,1537,751,3,0
730,1537,708,0,3
731,1537,709,0,3
728,1538,706,0,3
729,1538,751,3,0
730,1538,708,0,3
731,1538,709,0,3
746,1538,724,0,3
726,1539,748,2,0
728,1539,706,0,3
729,1539,751,3,0
730,1539,708,0,3
731,1539,709,0,3
746,1539,724,0,3
748,1540,770,2,0
751,1540,773,3,0
752,1540,730,0,3
753,1540,731,0,3
751,1541,773,3,0
752,1541,730,0,3
753,1541,731,0,3
751,1542,773,3,0
752,1542,730,0,3
753,1542,731,0,3
751,1543,773,3,0
752,1543,730,0,3
753,1543,731,0,3
752,1544,730,0,3
753,1544,731,0,3
753,1545,731,0,3
753,1546,731,0,3
754,1546,776,3,0
763,1546,785,3,0
753,1547,731,0,3
754,1547,776,3,0
763,1547,785,3,0
753,1548,731,0,3
754,1548,776,3,0
763,1548,785,3,0
753,1549,731,0,3
754,1549,776,3,0
760,1549,782,3,0
763,1549,785,3,0
753,1550,731,0,3
754,1550,776,3,0
760,1550,782,3,0
763,1550,785,3,0
753,1551,731,0,3
754,1551,776,3,0
760,1551,782,3,0
763,1551,785,3,0
753,1552,731,0,3
754,1552,776,3,0
760,1552,782,3,0
763,1552,785,3,0
753,1553,731,0,3
754,1553,776,3,0
763,1553,785,3,0
753,1554,731,0,3
754,1554,776,3,0
763,1554,785,3,0
763,1555,785,3,0
752,1557,730,0,3
753,1557,731,0,3
751,1558,773,3,0
752,1558,730,0,3
753,1558,731,0,3
751,1559,773,3,0
752,1559,730,0,3
753,1559,731,0,3
751,1560,773,3,0
752,1560,730,0,3
753,1560,731,0,3
748,1561,770,2,0
751,1561,773,3,0
752,1561,730,0,3
753,1561,731,0,3
770,1562,792,2,0
772,1562,794,3,0
774,1562,752,0,3
775,1562,753,0,3
789,1562,811,3,0
790,1562,812,3,0
772,1563,794,3,0
774,1563,752,0,3
775,1563,753,0,3
789,1563,811,3,0
772,1564,794,3,0
774,1564,752,0,3
775,1564,753,0,3
774,1565,752,0,3
775,1565,753,0,3
774,1566,752,0,3
775,1566,753,0,3
775,1567,753,0,3
775,1568,753,0,3
776,1568,798,3,0
775,1569,753,0,3
776,1569,798,3,0
784,1569,806,3,0
775,1570,753,0,3
776,1570,798,3,0
778,1570,756,0,3
784,1570,806,3,0
775,1571,753,0,3
776,1571,798,3,0
778,1571,756,0,3
779,1571,757,0,3
782,1571,804,3,0
784,1571,806,3,0
775,1572,753,0,3
776,1572,798,3,0
778,1572,756,0,3
779,1572,757,0,3
782,1572,804,3,0
784,1572,806,3,0
775,1573,753,0,3
776,1573,798,3,0
778,1573,756,0,3
779,1573,757,0,3
782,1573,804,3,0
784,1573,806,3,0
775,1574,753,0,3
776,1574,798,3,0
778,1574,756,0,3
782,1574,804,3,0
784,1574,806,3,0
775,1575,753,0,3
776,1575,798,3,0
784,1575,806,3,0
775,1576,753,0,3
776,1576,798,3,0
784,1576,806,3,0
774,1579,752,0,3
775,1579,753,0,3
774,1580,752,0,3
775,1580,753,0,3
772,1581,794,3,0
774,1581,752,0,3
775,1581,753,0,3
789,1581,811,3,0
772,1582,794,3,0
774,1582,752,0,3
775,1582,753,0,3
789,1582,811,3,0
790,1582,812,3,0
770,1583,792,2,0
772,1583,794,3,0
774,1583,752,0,3
775,1583,753,0,3
789,1583,811,3,0
790,1583,812,3,0
791,1583,813,3,0
1124,1584,1102,0,3
1125,1584,1103,0,3
1138,1584,1116,0,3
1072,1585,1050,0,3
116,1586,94,0,3
117,1586,95,0,3
119,1586,141,3,0
122,1586,100,0,3
123,1586,145,3,0
125,1586,147,3,0
511,1587,489,0,3
512,1587,534,3,0
522,1587,544,3,0
336,1588,358,3,0
346,1588,368,3,0
1358,1589,1336,0,3
182,1590,204,3,0
191,1590,213,3,0
192,1590,214,3,0
1103,1591,1081,0,3
1116,1591,1094,0,3
1188,1592,1210,2,0
1189,1592,1211,3,0
1190,1592,1168,0,3
1191,1592,1169,0,3
1193,1592,1215,3,0
1204,1592,1182,0,3
1207,1592,1185,0,3
314,1593,336,3,0
324,1593,346,3,0
924,1594,946,2,0
926,1594,904,0,3
928,1594,950,3,0
940,1594,918,0,3
941,1594,919,0,3
942,1594,920,0,3
49,1595,27,0,3
50,1595,28,0,3
51,1595,29,0,3
52,1595,74,3,0
53,1595,31,0,3
55,1595,77,3,0
56,1595,34,0,3
58,1595,36,0,3
