792,0,814,2,0
794,0,772,0,3
808,0,786,0,3
812,0,834,3,0
794,1,772,0,3
808,1,786,0,3
794,2,772,0,3
808,2,786,0,3
808,3,786,0,3
808,4,786,0,3
798,6,776,0,3
808,6,786,0,3
798,7,776,0,3
808,7,786,0,3
798,8,776,0,3
800,8,822,3,0
805,8,827,3,0
808,8,786,0,3
798,9,776,0,3
800,9,822,3,0
804,9,826,3,0
805,9,827,3,0
808,9,786,0,3
798,10,776,0,3
800,10,822,3,0
802,10,824,3,0
803,10,825,3,0
804,10,826,3,0
805,10,827,3,0
808,10,786,0,3
798,11,776,0,3
800,11,822,3,0
803,11,825,3,0
804,11,826,3,0
805,11,827,3,0
808,11,786,0,3
798,12,776,0,3
800,12,822,3,0
804,12,826,3,0
805,12,827,3,0
808,12,786,0,3
798,13,776,0,3
805,13,827,3,0
808,13,786,0,3
798,14,776,0,3
808,14,786,0,3
808,15,786,0,3
808,16,786,0,3
808,17,786,0,3
808,18,786,0,3
794,19,772,0,3
808,19,786,0,3
794,20,772,0,3
808,20,786,0,3
812,20,834,3,0
792,21,814,2,0
794,21,772,0,3
808,21,786,0,3
812,21,834,3,0
813,21,791,0,3
814,22,836,2,0
819,22,797,0,3
830,22,808,0,3
834,22,856,3,0
819,23,797,0,3
830,23,808,0,3
819,24,797,0,3
830,24,808,0,3
819,25,797,0,3
830,25,808,0,3
819,26,797,0,3
830,26,808,0,3
819,27,797,0,3
830,27,808,0,3
819,28,797,0,3
830,28,808,0,3
819,29,797,0,3
830,29,808,0,3
819,30,797,0,3
822,30,844,3,0
827,30,849,3,0
830,30,808,0,3
819,31,797,0,3
822,31,844,3,0
826,31,848,3,0
827,31,849,3,0
830,31,808,0,3
819,32,797,0,3
822,32,844,3,0
824,32,846,3,0
825,32,847,3,0
826,32,848,3,0
827,32,849,3,0
830,32,808,0,3
819,33,797,0,3
822,33,844,3,0
825,33,847,3,0
826,33,848,3,0
827,33,849,3,0
830,33,808,0,3
819,34,797,0,3
822,34,844,3,0
826,34,848,3,0
827,34,849,3,0
830,34,808,0,3
819,35,797,0,3
827,35,849,3,0
830,35,808,0,3
819,36,797,0,3
830,36,808,0,3
819,37,797,0,3
830,37,808,0,3
830,38,808,0,3
819,39,797,0,3
830,39,808,0,3
819,40,797,0,3
830,40,808,0,3
819,41,797,0,3
830,41,808,0,3
819,42,797,0,3
830,42,808,0,3
834,42,856,3,0
814,43,836,2,0
819,43,797,0,3
830,43,808,0,3
834,43,856,3,0
836,44,858,2,0
839,44,817,0,3
841,44,819,0,3
852,44,830,0,3
856,44,878,3,0
839,45,817,0,3
841,45,819,0,3
852,45,830,0,3
839,46,817,0,3
841,46,819,0,3
852,46,830,0,3
839,47,817,0,3
841,47,819,0,3
852,47,830,0,3
841,48,819,0,3
852,48,830,0,3
841,49,819,0,3
841,50,819,0,3
852,50,830,0,3
841,51,819,0,3
852,51,830,0,3
841,52,819,0,3
844,52,866,3,0
849,52,871,3,0
852,52,830,0,3
841,53,819,0,3
844,53,866,3,0
849,53,871,3,0
852,53,830,0,3
841,54,819,0,3
844,54,866,3,0
846,54,868,3,0
849,54,871,3,0
852,54,830,0,3
841,55,819,0,3
844,55,866,3,0
849,55,871,3,0
852,55,830,0,3
841,56,819,0,3
844,56,866,3,0
849,56,871,3,0
852,56,830,0,3
841,57,819,0,3
849,57,871,3,0
852,57,830,0,3
841,58,819,0,3
852,58,830,0,3
852,59,830,0,3
852,60,830,0,3
841,61,819,0,3
852,61,830,0,3
839,62,817,0,3
841,62,819,0,3
852,62,830,0,3
839,63,817,0,3
841,63,819,0,3
852,63,830,0,3
839,64,817,0,3
841,64,819,0,3
852,64,830,0,3
856,64,878,3,0
836,65,858,2,0
839,65,817,0,3
841,65,819,0,3
852,65,830,0,3
856,65,878,3,0
858,66,880,2,0
861,66,839,0,3
863,66,841,0,3
874,66,852,0,3
877,66,855,0,3
878,66,900,3,0
861,67,839,0,3
863,67,841,0,3
874,67,852,0,3
877,67,855,0,3
861,68,839,0,3
863,68,841,0,3
874,68,852,0,3
861,69,839,0,3
863,69,841,0,3
874,69,852,0,3
863,70,841,0,3
874,70,852,0,3
863,71,841,0,3
874,71,852,0,3
863,72,841,0,3
874,72,852,0,3
863,73,841,0,3
874,73,852,0,3
863,74,841,0,3
871,74,893,3,0
874,74,852,0,3
863,75,841,0,3
871,75,893,3,0
874,75,852,0,3
863,76,841,0,3
868,76,890,3,0
871,76,893,3,0
874,76,852,0,3
863,77,841,0,3
871,77,893,3,0
874,77,852,0,3
863,78,841,0,3
871,78,893,3,0
874,78,852,0,3
863,79,841,0,3
871,79,893,3,0
874,79,852,0,3
863,80,841,0,3
874,80,852,0,3
863,81,841,0,3
874,81,852,0,3
874,82,852,0,3
863,83,841,0,3
874,83,852,0,3
861,84,839,0,3
863,84,841,0,3
874,84,852,0,3
861,85,839,0,3
863,85,841,0,3
874,85,852,0,3
877,85,855,0,3
861,86,839,0,3
863,86,841,0,3
874,86,852,0,3
877,86,855,0,3
878,86,900,3,0
858,87,880,2,0
861,87,839,0,3
863,87,841,0,3
874,87,852,0,3
877,87,855,0,3
878,87,900,3,0
880,88,902,2,0
882,88,904,3,0
883,88,861,0,3
885,88,863,0,3
896,88,874,0,3
899,88,877,0,3
882,89,904,3,0
883,89,861,0,3
885,89,863,0,3
896,89,874,0,3
899,89,877,0,3
882,90,904,3,0
883,90,861,0,3
885,90,863,0,3
896,90,874,0,3
883,91,861,0,3
885,91,863,0,3
896,91,874,0,3
885,92,863,0,3
896,92,874,0,3
885,93,863,0,3
885,94,863,0,3
896,94,874,0,3
885,95,863,0,3
896,95,874,0,3
885,96,863,0,3
896,96,874,0,3
885,97,863,0,3
896,97,874,0,3
885,98,863,0,3
896,98,874,0,3
885,99,863,0,3
896,99,874,0,3
885,100,863,0,3
896,100,874,0,3
885,101,863,0,3
896,101,874,0,3
885,102,863,0,3
896,102,874,0,3
896,103,874,0,3
896,104,874,0,3
885,105,863,0,3
896,105,874,0,3
883,106,861,0,3
885,106,863,0,3
896,106,874,0,3
882,107,904,3,0
883,107,861,0,3
885,107,863,0,3
896,107,874,0,3
899,107,877,0,3
882,108,904,3,0
883,108,861,0,3
885,108,863,0,3
896,108,874,0,3
899,108,877,0,3
880,109,902,2,0
882,109,904,3,0
883,109,861,0,3
885,109,863,0,3
896,109,874,0,3
899,109,877,0,3
902,110,924,2,0
905,110,883,0,3
907,110,885,0,3
918,110,896,0,3
905,111,883,0,3
907,111,885,0,3
918,111,896,0,3
905,112,883,0,3
907,112,885,0,3
918,112,896,0,3
905,113,883,0,3
907,113,885,0,3
918,113,896,0,3
907,114,885,0,3
918,114,896,0,3
907,115,885,0,3
918,115,896,0,3
907,116,885,0,3
918,116,896,0,3
907,117,885,0,3
918,117,896,0,3
907,118,885,0,3
910,118,932,3,0
918,118,896,0,3
907,119,885,0,3
910,119,932,3,0
914,119,892,0,3
918,119,896,0,3
907,120,885,0,3
910,120,932,3,0
914,120,892,0,3
918,120,896,0,3
907,121,885,0,3
910,121,932,3,0
914,121,892,0,3
918,121,896,0,3
907,122,885,0,3
910,122,932,3,0
914,122,892,0,3
918,122,896,0,3
907,123,885,0,3
918,123,896,0,3
907,124,885,0,3
918,124,896,0,3
907,125,885,0,3
918,125,896,0,3
918,126,896,0,3
907,127,885,0,3
918,127,896,0,3
905,128,883,0,3
907,128,885,0,3
918,128,896,0,3
905,129,883,0,3
907,129,885,0,3
918,129,896,0,3
905,130,883,0,3
907,130,885,0,3
918,130,896,0,3
902,131,924,2,0
905,131,883,0,3
907,131,885,0,3
918,131,896,0,3
924,132,946,2,0
927,132,905,0,3
929,132,907,0,3
940,132,918,0,3
927,133,905,0,3
929,133,907,0,3
940,133,918,0,3
927,134,905,0,3
929,134,907,0,3
940,134,918,0,3
927,135,905,0,3
929,135,907,0,3
940,135,918,0,3
929,136,907,0,3
940,136,918,0,3
929,137,907,0,3
929,138,907,0,3
940,138,918,0,3
929,139,907,0,3
940,139,918,0,3
929,140,907,0,3
932,140,954,3,0
940,140,918,0,3
929,141,907,0,3
932,141,954,3,0
936,141,914,0,3
940,141,918,0,3
929,142,907,0,3
932,142,954,3,0
936,142,914,0,3
940,142,918,0,3
929,143,907,0,3
932,143,954,3,0
936,143,914,0,3
940,143,918,0,3
929,144,907,0,3
932,144,954,3,0
936,144,914,0,3
940,144,918,0,3
929,145,907,0,3
940,145,918,0,3
929,146,907,0,3
940,146,918,0,3
940,147,918,0,3
940,148,918,0,3
929,149,907,0,3
940,149,918,0,3
927,150,905,0,3
929,150,907,0,3
940,150,918,0,3
927,151,905,0,3
929,151,907,0,3
940,151,918,0,3
927,152,905,0,3
929,152,907,0,3
940,152,918,0,3
924,153,946,2,0
927,153,905,0,3
929,153,907,0,3
940,153,918,0,3
945,153,967,3,0
946,154,968,2,0
949,154,927,0,3
951,154,929,0,3
962,154,940,0,3
965,154,943,0,3
949,155,927,0,3
951,155,929,0,3
962,155,940,0,3
965,155,943,0,3
949,156,927,0,3
951,156,929,0,3
962,156,940,0,3
949,157,927,0,3
951,157,929,0,3
962,157,940,0,3
951,158,929,0,3
962,158,940,0,3
951,159,929,0,3
962,159,940,0,3
951,160,929,0,3
962,160,940,0,3
951,161,929,0,3
962,161,940,0,3
951,162,929,0,3
954,162,976,3,0
962,162,940,0,3
951,163,929,0,3
954,163,976,3,0
958,163,936,0,3
962,163,940,0,3
951,164,929,0,3
954,164,976,3,0
958,164,936,0,3
962,164,940,0,3
951,165,929,0,3
954,165,976,3,0
958,165,936,0,3
962,165,940,0,3
951,166,929,0,3
954,166,976,3,0
958,166,936,0,3
962,166,940,0,3
951,167,929,0,3
962,167,940,0,3
951,168,929,0,3
962,168,940,0,3
951,169,929,0,3
962,169,940,0,3
962,170,940,0,3
951,171,929,0,3
962,171,940,0,3
949,172,927,0,3
951,172,929,0,3
962,172,940,0,3
949,173,927,0,3
951,173,929,0,3
962,173,940,0,3
965,173,943,0,3
949,174,927,0,3
951,174,929,0,3
962,174,940,0,3
965,174,943,0,3
946,175,968,2,0
949,175,927,0,3
951,175,929,0,3
962,175,940,0,3
965,175,943,0,3
967,175,989,3,0
968,176,990,2,0
971,176,949,0,3
973,176,951,0,3
986,176,1008,3,0
987,176,965,0,3
971,177,949,0,3
973,177,951,0,3
986,177,1008,3,0
987,177,965,0,3
971,178,949,0,3
973,178,951,0,3
986,178,1008,3,0
971,179,949,0,3
973,179,951,0,3
973,180,951,0,3
973,181,951,0,3
973,182,951,0,3
983,182,1005,3,0
973,183,951,0,3
983,183,1005,3,0
973,184,951,0,3
976,184,998,3,0
983,184,1005,3,0
973,185,951,0,3
976,185,998,3,0
980,185,958,0,3
983,185,1005,3,0
973,186,951,0,3
976,186,998,3,0
978,186,1000,3,0
979,186,1001,3,0
980,186,958,0,3
983,186,1005,3,0
973,187,951,0,3
976,187,998,3,0
979,187,1001,3,0
980,187,958,0,3
983,187,1005,3,0
973,188,951,0,3
976,188,998,3,0
980,188,958,0,3
983,188,1005,3,0
973,189,951,0,3
983,189,1005,3,0
973,190,951,0,3
983,190,1005,3,0
983,191,1005,3,0
973,193,951,0,3
971,194,949,0,3
973,194,951,0,3
986,194,1008,3,0
971,195,949,0,3
973,195,951,0,3
986,195,1008,3,0
987,195,965,0,3
971,196,949,0,3
973,196,951,0,3
986,196,1008,3,0
987,196,965,0,3
968,197,990,2,0
971,197,949,0,3
973,197,951,0,3
986,197,1008,3,0
987,197,965,0,3
989,197,1011,3,0
990,198,1012,2,0
992,198,970,0,3
993,198,971,0,3
995,198,973,0,3
1008,198,1030,3,0
1009,198,987,0,3
992,199,970,0,3
993,199,971,0,3
995,199,973,0,3
1008,199,1030,3,0
1009,199,987,0,3
992,200,970,0,3
993,200,971,0,3
995,200,973,0,3
1008,200,1030,3,0
993,201,971,0,3
995,201,973,0,3
995,202,973,0,3
995,203,973,0,3
995,204,973,0,3
1005,204,1027,3,0
995,205,973,0,3
1004,205,982,0,3
1005,205,1027,3,0
995,206,973,0,3
998,206,1020,3,0
1004,206,982,0,3
1005,206,1027,3,0
995,207,973,0,3
998,207,1020,3,0
1002,207,980,0,3
1004,207,982,0,3
1005,207,1027,3,0
995,208,973,0,3
998,208,1020,3,0
1000,208,1022,3,0
1001,208,1023,3,0
1002,208,980,0,3
1004,208,982,0,3
1005,208,1027,3,0
995,209,973,0,3
998,209,1020,3,0
1001,209,1023,3,0
1002,209,980,0,3
1004,209,982,0,3
1005,209,1027,3,0
995,210,973,0,3
998,210,1020,3,0
1002,210,980,0,3
1004,210,982,0,3
1005,210,1027,3,0
995,211,973,0,3
1004,211,982,0,3
1005,211,1027,3,0
995,212,973,0,3
1004,212,982,0,3
1005,212,1027,3,0
995,213,973,0,3
1005,213,1027,3,0
995,215,973,0,3
993,216,971,0,3
995,216,973,0,3
1008,216,1030,3,0
992,217,970,0,3
993,217,971,0,3
995,217,973,0,3
1008,217,1030,3,0
1009,217,987,0,3
992,218,970,0,3
993,218,971,0,3
995,218,973,0,3
1008,218,1030,3,0
1009,218,987,0,3
990,219,1012,2,0
992,219,970,0,3
993,219,971,0,3
995,219,973,0,3
1008,219,1030,3,0
1009,219,987,0,3
1014,220,992,0,3
1015,220,993,0,3
1017,220,995,0,3
1029,220,1007,0,3
1030,220,1052,3,0
1031,220,1009,0,3
1014,221,992,0,3
1015,221,993,0,3
1017,221,995,0,3
1029,221,1007,0,3
1030,221,1052,3,0
1031,221,1009,0,3
1014,222,992,0,3
1015,222,993,0,3
1017,222,995,0,3
1029,222,1007,0,3
1030,222,1052,3,0
1015,223,993,0,3
1017,223,995,0,3
1029,223,1007,0,3
1017,224,995,0,3
1017,225,995,0,3
1017,226,995,0,3
1027,226,1049,3,0
1017,227,995,0,3
1026,227,1004,0,3
1027,227,1049,3,0
1017,228,995,0,3
1020,228,1042,3,0
1026,228,1004,0,3
1027,228,1049,3,0
1017,229,995,0,3
1020,229,1042,3,0
1024,229,1002,0,3
1026,229,1004,0,3
1027,229,1049,3,0
1017,230,995,0,3
1020,230,1042,3,0
1023,230,1045,3,0
1024,230,1002,0,3
1026,230,1004,0,3
1027,230,1049,3,0
1017,231,995,0,3
1020,231,1042,3,0
1023,231,1045,3,0
1024,231,1002,0,3
1026,231,1004,0,3
1027,231,1049,3,0
1017,232,995,0,3
1020,232,1042,3,0
1024,232,1002,0,3
1026,232,1004,0,3
1027,232,1049,3,0
1017,233,995,0,3
1026,233,1004,0,3
1027,233,1049,3,0
1017,234,995,0,3
1026,234,1004,0,3
1027,234,1049,3,0
1027,235,1049,3,0
1017,237,995,0,3
1029,237,1007,0,3
1015,238,993,0,3
1017,238,995,0,3
1029,238,1007,0,3
1030,238,1052,3,0
1014,239,992,0,3
1015,239,993,0,3
1017,239,995,0,3
1029,239,1007,0,3
1030,239,1052,3,0
1031,239,1009,0,3
1014,240,992,0,3
1015,240,993,0,3
1017,240,995,0,3
1029,240,1007,0,3
1030,240,1052,3,0
1031,240,1009,0,3
1014,241,992,0,3
1015,241,993,0,3
1017,241,995,0,3
1029,241,1007,0,3
1030,241,1052,3,0
1031,241,1009,0,3
1037,242,1015,0,3
1039,242,1017,0,3
1051,242,1029,0,3
1052,242,1074,3,0
1053,242,1031,0,3
1054,242,1076,3,0
1037,243,1015,0,3
1039,243,1017,0,3
1051,243,1029,0,3
1052,243,1074,3,0
1053,243,1031,0,3
1037,244,1015,0,3
1039,244,1017,0,3
1051,244,1029,0,3
1052,244,1074,3,0
1037,245,1015,0,3
1039,245,1017,0,3
1051,245,1029,0,3
1039,246,1017,0,3
1039,247,1017,0,3
1039,248,1017,0,3
1039,249,1017,0,3
1048,249,1026,0,3
1039,250,1017,0,3
1042,250,1064,3,0
1048,250,1026,0,3
1039,251,1017,0,3
1042,251,1064,3,0
1046,251,1024,0,3
1048,251,1026,0,3
1039,252,1017,0,3
1042,252,1064,3,0
1044,252,1022,0,3
1045,252,1067,3,0
1046,252,1024,0,3
1048,252,1026,0,3
1039,253,1017,0,3
1042,253,1064,3,0
1045,253,1067,3,0
1046,253,1024,0,3
1048,253,1026,0,3
1039,254,1017,0,3
1042,254,1064,3,0
1046,254,1024,0,3
1048,254,1026,0,3
1039,255,1017,0,3
1048,255,1026,0,3
1039,256,1017,0,3
1048,256,1026,0,3
1039,257,1017,0,3
1039,259,1017,0,3
1051,259,1029,0,3
1037,260,1015,0,3
1039,260,1017,0,3
1051,260,1029,0,3
1052,260,1074,3,0
1037,261,1015,0,3
1039,261,1017,0,3
1051,261,1029,0,3
1052,261,1074,3,0
1053,261,1031,0,3
1037,262,1015,0,3
1039,262,1017,0,3
1051,262,1029,0,3
1052,262,1074,3,0
1053,262,1031,0,3
1054,262,1076,3,0
1037,263,1015,0,3
1039,263,1017,0,3
1051,263,1029,0,3
1052,263,1074,3,0
1053,263,1031,0,3
1054,263,1076,3,0
1058,264,1080,3,0
1059,264,1037,0,3
1061,264,1039,0,3
1073,264,1051,0,3
1074,264,1096,3,0
1075,264,1053,0,3
1076,264,1098,3,0
1058,265,1080,3,0
1059,265,1037,0,3
1061,265,1039,0,3
1073,265,1051,0,3
1074,265,1096,3,0
1075,265,1053,0,3
1058,266,1080,3,0
1059,266,1037,0,3
1061,266,1039,0,3
1073,266,1051,0,3
1074,266,1096,3,0
1059,267,1037,0,3
1061,267,1039,0,3
1073,267,1051,0,3
1061,268,1039,0,3
1061,269,1039,0,3
1061,270,1039,0,3
1071,270,1093,3,0
1061,271,1039,0,3
1070,271,1048,0,3
1071,271,1093,3,0
1061,272,1039,0,3
1070,272,1048,0,3
1071,272,1093,3,0
1061,273,1039,0,3
1068,273,1046,0,3
1070,273,1048,0,3
1071,273,1093,3,0
1061,274,1039,0,3
1066,274,1044,0,3
1068,274,1046,0,3
1070,274,1048,0,3
1071,274,1093,3,0
1061,275,1039,0,3
1068,275,1046,0,3
1070,275,1048,0,3
1071,275,1093,3,0
1061,276,1039,0,3
1068,276,1046,0,3
1070,276,1048,0,3
1071,276,1093,3,0
1061,277,1039,0,3
1070,277,1048,0,3
1071,277,1093,3,0
1061,278,1039,0,3
1070,278,1048,0,3
1071,278,1093,3,0
1071,279,1093,3,0
1061,281,1039,0,3
1073,281,1051,0,3
1059,282,1037,0,3
1061,282,1039,0,3
1073,282,1051,0,3
1074,282,1096,3,0
1058,283,1080,3,0
1059,283,1037,0,3
1061,283,1039,0,3
1073,283,1051,0,3
1074,283,1096,3,0
1075,283,1053,0,3
1058,284,1080,3,0
1059,284,1037,0,3
1061,284,1039,0,3
1073,284,1051,0,3
1074,284,1096,3,0
1075,284,1053,0,3
1076,284,1098,3,0
1058,285,1080,3,0
1059,285,1037,0,3
1061,285,1039,0,3
1073,285,1051,0,3
1074,285,1096,3,0
1075,285,1053,0,3
1076,285,1098,3,0
1077,285,1099,3,0
1079,286,1101,3,0
1080,286,1102,3,0
1081,286,1059,0,3
1083,286,1061,0,3
1095,286,1073,0,3
1097,286,1075,0,3
1098,286,1120,3,0
1079,287,1101,3,0
1080,287,1102,3,0
1081,287,1059,0,3
1083,287,1061,0,3
1095,287,1073,0,3
1097,287,1075,0,3
1080,288,1102,3,0
1081,288,1059,0,3
1083,288,1061,0,3
1095,288,1073,0,3
1081,289,1059,0,3
1083,289,1061,0,3
1095,289,1073,0,3
1083,290,1061,0,3
1083,291,1061,0,3
1083,292,1061,0,3
1093,292,1115,3,0
1083,293,1061,0,3
1092,293,1070,0,3
1093,293,1115,3,0
1083,294,1061,0,3
1092,294,1070,0,3
1093,294,1115,3,0
1083,295,1061,0,3
1090,295,1068,0,3
1092,295,1070,0,3
1093,295,1115,3,0
1083,296,1061,0,3
1088,296,1066,0,3
1090,296,1068,0,3
1092,296,1070,0,3
1093,296,1115,3,0
1083,297,1061,0,3
1090,297,1068,0,3
1092,297,1070,0,3
1093,297,1115,3,0
1083,298,1061,0,3
1090,298,1068,0,3
1092,298,1070,0,3
1093,298,1115,3,0
1083,299,1061,0,3
1092,299,1070,0,3
1093,299,1115,3,0
1083,300,1061,0,3
1092,300,1070,0,3
1093,300,1115,3,0
1083,301,1061,0,3
1093,301,1115,3,0
1083,303,1061,0,3
1095,303,1073,0,3
1081,304,1059,0,3
1083,304,1061,0,3
1095,304,1073,0,3
1080,305,1102,3,0
1081,305,1059,0,3
1083,305,1061,0,3
1095,305,1073,0,3
1097,305,1075,0,3
1079,306,1101,3,0
1080,306,1102,3,0
1081,306,1059,0,3
1083,306,1061,0,3
1095,306,1073,0,3
1097,306,1075,0,3
1098,306,1120,3,0
1079,307,1101,3,0
1080,307,1102,3,0
1081,307,1059,0,3
1083,307,1061,0,3
1095,307,1073,0,3
1097,307,1075,0,3
1098,307,1120,3,0
1099,307,1121,3,0
1101,308,1123,3,0
1102,308,1124,3,0
1103,308,1081,0,3
1105,308,1083,0,3
1117,308,1095,0,3
1120,308,1142,3,0
1101,309,1123,3,0
1102,309,1124,3,0
1103,309,1081,0,3
1105,309,1083,0,3
1117,309,1095,0,3
1102,310,1124,3,0
1103,310,1081,0,3
1105,310,1083,0,3
1117,310,1095,0,3
1103,311,1081,0,3
1105,311,1083,0,3
1117,311,1095,0,3
1105,312,1083,0,3
1105,313,1083,0,3
1105,314,1083,0,3
1106,314,1084,0,3
1115,314,1137,3,0
1105,315,1083,0,3
1106,315,1084,0,3
1114,315,1092,0,3
1115,315,1137,3,0
1105,316,1083,0,3
1106,316,1084,0,3
1108,316,1130,3,0
1114,316,1092,0,3
1115,316,1137,3,0
1105,317,1083,0,3
1106,317,1084,0,3
1108,317,1130,3,0
1112,317,1090,0,3
1114,317,1092,0,3
1115,317,1137,3,0
1105,318,1083,0,3
1106,318,1084,0,3
1108,318,1130,3,0
1110,318,1088,0,3
1112,318,1090,0,3
1114,318,1092,0,3
1115,318,1137,3,0
1105,319,1083,0,3
1106,319,1084,0,3
1108,319,1130,3,0
1112,319,1090,0,3
1114,319,1092,0,3
1115,319,1137,3,0
1105,320,1083,0,3
1106,320,1084,0,3
1108,320,1130,3,0
1112,320,1090,0,3
1114,320,1092,0,3
1115,320,1137,3,0
1105,321,1083,0,3
1106,321,1084,0,3
1114,321,1092,0,3
1115,321,1137,3,0
1105,322,1083,0,3
1106,322,1084,0,3
1114,322,1092,0,3
1115,322,1137,3,0
1115,323,1137,3,0
1105,325,1083,0,3
1117,325,1095,0,3
1103,326,1081,0,3
1105,326,1083,0,3
1117,326,1095,0,3
1102,327,1124,3,0
1103,327,1081,0,3
1105,327,1083,0,3
1117,327,1095,0,3
1101,328,1123,3,0
1102,328,1124,3,0
1103,328,1081,0,3
1105,328,1083,0,3
1117,328,1095,0,3
1120,328,1142,3,0
1101,329,1123,3,0
1102,329,1124,3,0
1103,329,1081,0,3
1105,329,1083,0,3
1117,329,1095,0,3
1120,329,1142,3,0
1121,329,1143,3,0
1123,330,1145,3,0
1124,330,1146,3,0
1125,330,1103,0,3
1127,330,1105,0,3
1139,330,1117,0,3
1142,330,1164,3,0
1123,331,1145,3,0
1124,331,1146,3,0
1125,331,1103,0,3
1127,331,1105,0,3
1139,331,1117,0,3
1124,332,1146,3,0
1125,332,1103,0,3
1127,332,1105,0,3
1139,332,1117,0,3
1125,333,1103,0,3
1127,333,1105,0,3
1139,333,1117,0,3
1127,334,1105,0,3
1127,335,1105,0,3
1127,336,1105,0,3
1128,336,1106,0,3
1137,336,1159,3,0
1127,337,1105,0,3
1128,337,1106,0,3
1136,337,1114,0,3
1137,337,1159,3,0
1127,338,1105,0,3
1128,338,1106,0,3
1130,338,1152,3,0
1136,338,1114,0,3
1137,338,1159,3,0
1127,339,1105,0,3
1128,339,1106,0,3
1130,339,1152,3,0
1136,339,1114,0,3
1137,339,1159,3,0
1127,340,1105,0,3
1128,340,1106,0,3
1130,340,1152,3,0
1132,340,1110,0,3
1136,340,1114,0,3
1137,340,1159,3,0
1127,341,1105,0,3
1128,341,1106,0,3
1130,341,1152,3,0
1136,341,1114,0,3
1137,341,1159,3,0
1127,342,1105,0,3
1128,342,1106,0,3
1130,342,1152,3,0
1136,342,1114,0,3
1137,342,1159,3,0
1127,343,1105,0,3
1128,343,1106,0,3
1136,343,1114,0,3
1137,343,1159,3,0
1127,344,1105,0,3
1128,344,1106,0,3
1136,344,1114,0,3
1137,344,1159,3,0
1127,345,1105,0,3
1137,345,1159,3,0
1127,347,1105,0,3
1139,347,1117,0,3
1125,348,1103,0,3
1127,348,1105,0,3
1139,348,1117,0,3
1124,349,1146,3,0
1125,349,1103,0,3
1127,349,1105,0,3
1139,349,1117,0,3
1123,350,1145,3,0
1124,350,1146,3,0
1125,350,1103,0,3
1127,350,1105,0,3
1139,350,1117,0,3
1142,350,1164,3,0
1123,351,1145,3,0
1124,351,1146,3,0
1125,351,1103,0,3
1127,351,1105,0,3
1139,351,1117,0,3
1142,351,1164,3,0
1143,351,1165,3,0
1146,352,1168,3,0
1147,352,1125,0,3
1149,352,1127,0,3
1164,352,1186,3,0
1146,353,1168,3,0
1147,353,1125,0,3
1149,353,1127,0,3
1146,354,1168,3,0
1147,354,1125,0,3
1149,354,1127,0,3
1147,355,1125,0,3
1149,355,1127,0,3
1149,356,1127,0,3
1149,357,1127,0,3
1149,358,1127,0,3
1150,358,1128,0,3
1159,358,1181,3,0
1149,359,1127,0,3
1150,359,1128,0,3
1158,359,1136,0,3
1159,359,1181,3,0
1149,360,1127,0,3
1150,360,1128,0,3
1152,360,1174,3,0
1158,360,1136,0,3
1159,360,1181,3,0
1149,361,1127,0,3
1150,361,1128,0,3
1152,361,1174,3,0
1158,361,1136,0,3
1159,361,1181,3,0
1149,362,1127,0,3
1150,362,1128,0,3
1152,362,1174,3,0
1154,362,1132,0,3
1158,362,1136,0,3
1159,362,1181,3,0
1149,363,1127,0,3
1150,363,1128,0,3
1152,363,1174,3,0
1158,363,1136,0,3
1159,363,1181,3,0
1149,364,1127,0,3
1150,364,1128,0,3
1152,364,1174,3,0
1158,364,1136,0,3
1159,364,1181,3,0
1149,365,1127,0,3
1150,365,1128,0,3
1158,365,1136,0,3
1159,365,1181,3,0
1149,366,1127,0,3
1150,366,1128,0,3
1158,366,1136,0,3
1159,366,1181,3,0
1159,367,1181,3,0
1149,369,1127,0,3
1147,370,1125,0,3
1149,370,1127,0,3
1146,371,1168,3,0
1147,371,1125,0,3
1149,371,1127,0,3
1146,372,1168,3,0
1147,372,1125,0,3
1149,372,1127,0,3
1164,372,1186,3,0
1146,373,1168,3,0
1147,373,1125,0,3
1149,373,1127,0,3
1164,373,1186,3,0
1165,373,1187,3,0
1169,374,1147,0,3
1171,374,1149,0,3
1186,374,1208,3,0
1169,375,1147,0,3
1171,375,1149,0,3
1169,376,1147,0,3
1171,376,1149,0,3
1169,377,1147,0,3
1171,377,1149,0,3
1171,378,1149,0,3
1171,379,1149,0,3
1171,380,1149,0,3
1171,381,1149,0,3
1180,381,1158,0,3
1171,382,1149,0,3
1180,382,1158,0,3
1171,383,1149,0,3
1180,383,1158,0,3
1171,384,1149,0,3
1176,384,1154,0,3
1180,384,1158,0,3
1171,385,1149,0,3
1180,385,1158,0,3
1171,386,1149,0,3
1180,386,1158,0,3
1171,387,1149,0,3
1180,387,1158,0,3
1171,388,1149,0,3
1180,388,1158,0,3
1171,389,1149,0,3
1171,391,1149,0,3
1169,392,1147,0,3
1171,392,1149,0,3
1169,393,1147,0,3
1171,393,1149,0,3
1169,394,1147,0,3
1171,394,1149,0,3
1186,394,1208,3,0
1169,395,1147,0,3
1171,395,1149,0,3
1186,395,1208,3,0
1187,395,1209,3,0
1191,396,1169,0,3
1193,396,1171,0,3
1204,396,1226,3,0
1205,396,1183,0,3
1208,396,1230,3,0
1191,397,1169,0,3
1193,397,1171,0,3
1204,397,1226,3,0
1205,397,1183,0,3
1191,398,1169,0,3
1193,398,1171,0,3
1204,398,1226,3,0
1205,398,1183,0,3
1191,399,1169,0,3
1193,399,1171,0,3
1204,399,1226,3,0
1205,399,1183,0,3
1193,400,1171,0,3
1204,400,1226,3,0
1193,401,1171,0,3
1193,402,1171,0,3
1204,402,1226,3,0
1193,403,1171,0,3
1202,403,1180,0,3
1204,403,1226,3,0
1193,404,1171,0,3
1196,404,1218,3,0
1202,404,1180,0,3
1204,404,1226,3,0
1193,405,1171,0,3
1196,405,1218,3,0
1202,405,1180,0,3
1204,405,1226,3,0
1193,406,1171,0,3
1196,406,1218,3,0
1198,406,1176,0,3
1202,406,1180,0,3
1204,406,1226,3,0
1193,407,1171,0,3
1196,407,1218,3,0
1202,407,1180,0,3
1204,407,1226,3,0
1193,408,1171,0,3
1196,408,1218,3,0
1202,408,1180,0,3
1204,408,1226,3,0
1193,409,1171,0,3
1202,409,1180,0,3
1204,409,1226,3,0
1193,410,1171,0,3
1202,410,1180,0,3
1204,410,1226,3,0
1204,411,1226,3,0
1204,412,1226,3,0
1193,413,1171,0,3
1204,413,1226,3,0
1205,413,1183,0,3
1191,414,1169,0,3
1193,414,1171,0,3
1204,414,1226,3,0
1205,414,1183,0,3
1191,415,1169,0,3
1193,415,1171,0,3
1204,415,1226,3,0
1205,415,1183,0,3
1191,416,1169,0,3
1193,416,1171,0,3
1204,416,1226,3,0
1205,416,1183,0,3
1208,416,1230,3,0
1191,417,1169,0,3
1193,417,1171,0,3
1204,417,1226,3,0
1205,417,1183,0,3
1208,417,1230,3,0
1209,417,1231,3,0
1213,418,1191,0,3
1215,418,1193,0,3
1226,418,1248,3,0
1227,418,1205,0,3
1229,418,1207,0,3
1230,418,1252,3,0
1213,419,1191,0,3
1215,419,1193,0,3
1226,419,1248,3,0
1227,419,1205,0,3
1229,419,1207,0,3
1213,420,1191,0,3
1215,420,1193,0,3
1226,420,1248,3,0
1227,420,1205,0,3
1213,421,1191,0,3
1215,421,1193,0,3
1226,421,1248,3,0
1227,421,1205,0,3
1215,422,1193,0,3
1226,422,1248,3,0
1215,423,1193,0,3
1226,423,1248,3,0
1215,424,1193,0,3
1226,424,1248,3,0
1215,425,1193,0,3
1224,425,1202,0,3
1226,425,1248,3,0
1215,426,1193,0,3
1218,426,1240,3,0
1224,426,1202,0,3
1226,426,1248,3,0
1215,427,1193,0,3
1218,427,1240,3,0
1222,427,1200,0,3
1224,427,1202,0,3
1226,427,1248,3,0
1215,428,1193,0,3
1218,428,1240,3,0
1220,428,1198,0,3
1222,428,1200,0,3
1224,428,1202,0,3
1226,428,1248,3,0
1215,429,1193,0,3
1218,429,1240,3,0
1222,429,1200,0,3
1224,429,1202,0,3
1226,429,1248,3,0
1215,430,1193,0,3
1218,430,1240,3,0
1222,430,1200,0,3
1224,430,1202,0,3
1226,430,1248,3,0
1215,431,1193,0,3
1224,431,1202,0,3
1226,431,1248,3,0
1215,432,1193,0,3
1224,432,1202,0,3
1226,432,1248,3,0
1215,433,1193,0,3
1226,433,1248,3,0
1226,434,1248,3,0
1215,435,1193,0,3
1226,435,1248,3,0
1227,435,1205,0,3
1213,436,1191,0,3
1215,436,1193,0,3
1226,436,1248,3,0
1227,436,1205,0,3
1213,437,1191,0,3
1215,437,1193,0,3
1226,437,1248,3,0
1227,437,1205,0,3
1229,437,1207,0,3
1213,438,1191,0,3
1215,438,1193,0,3
1226,438,1248,3,0
1227,438,1205,0,3
1229,438,1207,0,3
1230,438,1252,3,0
1213,439,1191,0,3
1215,439,1193,0,3
1226,439,1248,3,0
1227,439,1205,0,3
1229,439,1207,0,3
1230,439,1252,3,0
1231,439,1253,3,0
1235,440,1213,0,3
1237,440,1215,0,3
1248,440,1270,3,0
1249,440,1227,0,3
1251,440,1229,0,3
1252,440,1274,3,0
1235,441,1213,0,3
1237,441,1215,0,3
1248,441,1270,3,0
1249,441,1227,0,3
1251,441,1229,0,3
1235,442,1213,0,3
1237,442,1215,0,3
1248,442,1270,3,0
1249,442,1227,0,3
1235,443,1213,0,3
1237,443,1215,0,3
1248,443,1270,3,0
1249,443,1227,0,3
1237,444,1215,0,3
1248,444,1270,3,0
1237,445,1215,0,3
1237,446,1215,0,3
1238,446,1216,0,3
1247,446,1269,3,0
1248,446,1270,3,0
1237,447,1215,0,3
1238,447,1216,0,3
1246,447,1224,0,3
1247,447,1269,3,0
1248,447,1270,3,0
1237,448,1215,0,3
1238,448,1216,0,3
1240,448,1262,3,0
1246,448,1224,0,3
1247,448,1269,3,0
1248,448,1270,3,0
1237,449,1215,0,3
1238,449,1216,0,3
1240,449,1262,3,0
1244,449,1222,0,3
1246,449,1224,0,3
1247,449,1269,3,0
1248,449,1270,3,0
1237,450,1215,0,3
1238,450,1216,0,3
1240,450,1262,3,0
1242,450,1220,0,3
1244,450,1222,0,3
1246,450,1224,0,3
1247,450,1269,3,0
1248,450,1270,3,0
1237,451,1215,0,3
1238,451,1216,0,3
1240,451,1262,3,0
1244,451,1222,0,3
1246,451,1224,0,3
1247,451,1269,3,0
1248,451,1270,3,0
1237,452,1215,0,3
1238,452,1216,0,3
1240,452,1262,3,0
1244,452,1222,0,3
1246,452,1224,0,3
1247,452,1269,3,0
1248,452,1270,3,0
1237,453,1215,0,3
1238,453,1216,0,3
1246,453,1224,0,3
1247,453,1269,3,0
1248,453,1270,3,0
1237,454,1215,0,3
1238,454,1216,0,3
1246,454,1224,0,3
1247,454,1269,3,0
1248,454,1270,3,0
1247,455,1269,3,0
1248,455,1270,3,0
1248,456,1270,3,0
1237,457,1215,0,3
1248,457,1270,3,0
1249,457,1227,0,3
1235,458,1213,0,3
1237,458,1215,0,3
1248,458,1270,3,0
1249,458,1227,0,3
1235,459,1213,0,3
1237,459,1215,0,3
1248,459,1270,3,0
1249,459,1227,0,3
1251,459,1229,0,3
1235,460,1213,0,3
1237,460,1215,0,3
1248,460,1270,3,0
1249,460,1227,0,3
1251,460,1229,0,3
1252,460,1274,3,0
1235,461,1213,0,3
1237,461,1215,0,3
1248,461,1270,3,0
1249,461,1227,0,3
1251,461,1229,0,3
1252,461,1274,3,0
1253,461,1275,3,0
1257,462,1235,0,3
1259,462,1237,0,3
1270,462,1292,3,0
1271,462,1249,0,3
1273,462,1251,0,3
1274,462,1296,3,0
1257,463,1235,0,3
1259,463,1237,0,3
1270,463,1292,3,0
1271,463,1249,0,3
1273,463,1251,0,3
1257,464,1235,0,3
1259,464,1237,0,3
1270,464,1292,3,0
1271,464,1249,0,3
1257,465,1235,0,3
1259,465,1237,0,3
1270,465,1292,3,0
1271,465,1249,0,3
1259,466,1237,0,3
1270,466,1292,3,0
1259,467,1237,0,3
1270,467,1292,3,0
1259,468,1237,0,3
1260,468,1238,0,3
1269,468,1291,3,0
1270,468,1292,3,0
1259,469,1237,0,3
1260,469,1238,0,3
1268,469,1246,0,3
1269,469,1291,3,0
1270,469,1292,3,0
1259,470,1237,0,3
1260,470,1238,0,3
1262,470,1284,3,0
1268,470,1246,0,3
1269,470,1291,3,0
1270,470,1292,3,0
1259,471,1237,0,3
1260,471,1238,0,3
1262,471,1284,3,0
1268,471,1246,0,3
1269,471,1291,3,0
1270,471,1292,3,0
1259,472,1237,0,3
1260,472,1238,0,3
1262,472,1284,3,0
1264,472,1242,0,3
1268,472,1246,0,3
1269,472,1291,3,0
1270,472,1292,3,0
1259,473,1237,0,3
1260,473,1238,0,3
1262,473,1284,3,0
1268,473,1246,0,3
1269,473,1291,3,0
1270,473,1292,3,0
1259,474,1237,0,3
1260,474,1238,0,3
1262,474,1284,3,0
1268,474,1246,0,3
1269,474,1291,3,0
1270,474,1292,3,0
1259,475,1237,0,3
1260,475,1238,0,3
1268,475,1246,0,3
1269,475,1291,3,0
1270,475,1292,3,0
1259,476,1237,0,3
1260,476,1238,0,3
1268,476,1246,0,3
1269,476,1291,3,0
1270,476,1292,3,0
1259,477,1237,0,3
1269,477,1291,3,0
1270,477,1292,3,0
1270,478,1292,3,0
1259,479,1237,0,3
1270,479,1292,3,0
1271,479,1249,0,3
1257,480,1235,0,3
1259,480,1237,0,3
1270,480,1292,3,0
1271,480,1249,0,3
1257,481,1235,0,3
1259,481,1237,0,3
1270,481,1292,3,0
1271,481,1249,0,3
1273,481,1251,0,3
1257,482,1235,0,3
1259,482,1237,0,3
1270,482,1292,3,0
1271,482,1249,0,3
1273,482,1251,0,3
1274,482,1296,3,0
1257,483,1235,0,3
1259,483,1237,0,3
1270,483,1292,3,0
1271,483,1249,0,3
1273,483,1251,0,3
1274,483,1296,3,0
1275,483,1297,3,0
1279,484,1257,0,3
1281,484,1259,0,3
1292,484,1314,3,0
1293,484,1271,0,3
1295,484,1273,0,3
1296,484,1318,3,0
1279,485,1257,0,3
1281,485,1259,0,3
1292,485,1314,3,0
1293,485,1271,0,3
1295,485,1273,0,3
1279,486,1257,0,3
1281,486,1259,0,3
1292,486,1314,3,0
1293,486,1271,0,3
1279,487,1257,0,3
1281,487,1259,0,3
1292,487,1314,3,0
1293,487,1271,0,3
1281,488,1259,0,3
1292,488,1314,3,0
1281,489,1259,0,3
1281,490,1259,0,3
1282,490,1260,0,3
1291,490,1313,3,0
1292,490,1314,3,0
1281,491,1259,0,3
1282,491,1260,0,3
1290,491,1268,0,3
1291,491,1313,3,0
1292,491,1314,3,0
1281,492,1259,0,3
1282,492,1260,0,3
1284,492,1306,3,0
1290,492,1268,0,3
1291,492,1313,3,0
1292,492,1314,3,0
1281,493,1259,0,3
1282,493,1260,0,3
1284,493,1306,3,0
1288,493,1266,0,3
1290,493,1268,0,3
1291,493,1313,3,0
1292,493,1314,3,0
1281,494,1259,0,3
1282,494,1260,0,3
1284,494,1306,3,0
1286,494,1264,0,3
1288,494,1266,0,3
1290,494,1268,0,3
1291,494,1313,3,0
1292,494,1314,3,0
1281,495,1259,0,3
1282,495,1260,0,3
1284,495,1306,3,0
1288,495,1266,0,3
1290,495,1268,0,3
1291,495,1313,3,0
1292,495,1314,3,0
1281,496,1259,0,3
1282,496,1260,0,3
1284,496,1306,3,0
1288,496,1266,0,3
1290,496,1268,0,3
1291,496,1313,3,0
1292,496,1314,3,0
1281,497,1259,0,3
1282,497,1260,0,3
1290,497,1268,0,3
1291,497,1313,3,0
1292,497,1314,3,0
1281,498,1259,0,3
1282,498,1260,0,3
1290,498,1268,0,3
1291,498,1313,3,0
1292,498,1314,3,0
1291,499,1313,3,0
1292,499,1314,3,0
1292,500,1314,3,0
1281,501,1259,0,3
1292,501,1314,3,0
1293,501,1271,0,3
1279,502,1257,0,3
1281,502,1259,0,3
1292,502,1314,3,0
1293,502,1271,0,3
1279,503,1257,0,3
1281,503,1259,0,3
1292,503,1314,3,0
1293,503,1271,0,3
1295,503,1273,0,3
1279,504,1257,0,3
1281,504,1259,0,3
1292,504,1314,3,0
1293,504,1271,0,3
1295,504,1273,0,3
1296,504,1318,3,0
1279,505,1257,0,3
1281,505,1259,0,3
1292,505,1314,3,0
1293,505,1271,0,3
1295,505,1273,0,3
1296,505,1318,3,0
1297,505,1319,3,0
1299,506,1321,3,0
1301,506,1279,0,3
1314,506,1336,3,0
1317,506,1295,0,3
1299,507,1321,3,0
1301,507,1279,0,3
1314,507,1336,3,0
1317,507,1295,0,3
1301,508,1279,0,3
1314,508,1336,3,0
1301,509,1279,0,3
1314,509,1336,3,0
1314,510,1336,3,0
1314,511,1336,3,0
1304,512,1282,0,3
1313,512,1335,3,0
1314,512,1336,3,0
1304,513,1282,0,3
1305,513,1327,3,0
1312,513,1290,0,3
1313,513,1335,3,0
1314,513,1336,3,0
1304,514,1282,0,3
1305,514,1327,3,0
1306,514,1328,3,0
1311,514,1289,0,3
1312,514,1290,0,3
1313,514,1335,3,0
1314,514,1336,3,0
1304,515,1282,0,3
1305,515,1327,3,0
1306,515,1328,3,0
1310,515,1288,0,3
1311,515,1289,0,3
1312,515,1290,0,3
1313,515,1335,3,0
1314,515,1336,3,0
1304,516,1282,0,3
1305,516,1327,3,0
1306,516,1328,3,0
1308,516,1286,0,3
1310,516,1288,0,3
1311,516,1289,0,3
1312,516,1290,0,3
1313,516,1335,3,0
1314,516,1336,3,0
1304,517,1282,0,3
1305,517,1327,3,0
1306,517,1328,3,0
1310,517,1288,0,3
1311,517,1289,0,3
1312,517,1290,0,3
1313,517,1335,3,0
1314,517,1336,3,0
1304,518,1282,0,3
1305,518,1327,3,0
1306,518,1328,3,0
1310,518,1288,0,3
1311,518,1289,0,3
1312,518,1290,0,3
1313,518,1335,3,0
1314,518,1336,3,0
1304,519,1282,0,3
1305,519,1327,3,0
1311,519,1289,0,3
1312,519,1290,0,3
1313,519,1335,3,0
1314,519,1336,3,0
1304,520,1282,0,3
1312,520,1290,0,3
1313,520,1335,3,0
1314,520,1336,3,0
1313,521,1335,3,0
1314,521,1336,3,0
1314,522,1336,3,0
1314,523,1336,3,0
1301,524,1279,0,3
1314,524,1336,3,0
1301,525,1279,0,3
1314,525,1336,3,0
1317,525,1295,0,3
1299,526,1321,3,0
1301,526,1279,0,3
1314,526,1336,3,0
1317,526,1295,0,3
1299,527,1321,3,0
1301,527,1279,0,3
1314,527,1336,3,0
1317,527,1295,0,3
1319,527,1341,3,0
1321,528,1343,3,0
1323,528,1301,0,3
1339,528,1317,0,3
1321,529,1343,3,0
1323,529,1301,0,3
1339,529,1317,0,3
1323,530,1301,0,3
1323,531,1301,0,3
1326,534,1304,0,3
1326,535,1304,0,3
1327,535,1349,3,0
1334,535,1312,0,3
1326,536,1304,0,3
1327,536,1349,3,0
1328,536,1350,3,0
1334,536,1312,0,3
1326,537,1304,0,3
1327,537,1349,3,0
1328,537,1350,3,0
1332,537,1310,0,3
1334,537,1312,0,3
1326,538,1304,0,3
1327,538,1349,3,0
1328,538,1350,3,0
1330,538,1308,0,3
1332,538,1310,0,3
1334,538,1312,0,3
1326,539,1304,0,3
1327,539,1349,3,0
1328,539,1350,3,0
1332,539,1310,0,3
1334,539,1312,0,3
1326,540,1304,0,3
1327,540,1349,3,0
1328,540,1350,3,0
1332,540,1310,0,3
1334,540,1312,0,3
1326,541,1304,0,3
1327,541,1349,3,0
1334,541,1312,0,3
1326,542,1304,0,3
1334,542,1312,0,3
1323,546,1301,0,3
1323,547,1301,0,3
1339,547,1317,0,3
1321,548,1343,3,0
1323,548,1301,0,3
1339,548,1317,0,3
1321,549,1343,3,0
1323,549,1301,0,3
1339,549,1317,0,3
1341,549,1363,3,0
1343,550,1365,3,0
1345,550,1323,0,3
1361,550,1339,0,3
1343,551,1365,3,0
1345,551,1323,0,3
1361,551,1339,0,3
1345,552,1323,0,3
1345,553,1323,0,3
1348,556,1326,0,3
1348,557,1326,0,3
1349,557,1371,3,0
1356,557,1334,0,3
1348,558,1326,0,3
1349,558,1371,3,0
1350,558,1372,3,0
1356,558,1334,0,3
1348,559,1326,0,3
1349,559,1371,3,0
1350,559,1372,3,0
1354,559,1332,0,3
1356,559,1334,0,3
1348,560,1326,0,3
1349,560,1371,3,0
1350,560,1372,3,0
1352,560,1330,0,3
1354,560,1332,0,3
1356,560,1334,0,3
1348,561,1326,0,3
1349,561,1371,3,0
1350,561,1372,3,0
1354,561,1332,0,3
1356,561,1334,0,3
1348,562,1326,0,3
1349,562,1371,3,0
1350,562,1372,3,0
1354,562,1332,0,3
1356,562,1334,0,3
1348,563,1326,0,3
1349,563,1371,3,0
1356,563,1334,0,3
1348,564,1326,0,3
1356,564,1334,0,3
1345,568,1323,0,3
1345,569,1323,0,3
1361,569,1339,0,3
1343,570,1365,3,0
1345,570,1323,0,3
1361,570,1339,0,3
1343,571,1365,3,0
1345,571,1323,0,3
1361,571,1339,0,3
1363,571,1385,3,0
1365,572,1387,3,0
1369,572,1347,0,3
1382,572,1360,0,3
1383,572,1361,0,3
1365,573,1387,3,0
1369,573,1347,0,3
1382,573,1360,0,3
1383,573,1361,0,3
1369,574,1347,0,3
1382,574,1360,0,3
1369,575,1347,0,3
1369,576,1347,0,3
1369,577,1347,0,3
1369,578,1347,0,3
1370,578,1348,0,3
1369,579,1347,0,3
1370,579,1348,0,3
1371,579,1393,3,0
1378,579,1356,0,3
1369,580,1347,0,3
1370,580,1348,0,3
1371,580,1393,3,0
1372,580,1394,3,0
1377,580,1355,0,3
1378,580,1356,0,3
1369,581,1347,0,3
1370,581,1348,0,3
1371,581,1393,3,0
1372,581,1394,3,0
1376,581,1354,0,3
1377,581,1355,0,3
1378,581,1356,0,3
1369,582,1347,0,3
1370,582,1348,0,3
1371,582,1393,3,0
1372,582,1394,3,0
1374,582,1352,0,3
1376,582,1354,0,3
1377,582,1355,0,3
1378,582,1356,0,3
1369,583,1347,0,3
1370,583,1348,0,3
1371,583,1393,3,0
1372,583,1394,3,0
1376,583,1354,0,3
1377,583,1355,0,3
1378,583,1356,0,3
1369,584,1347,0,3
1370,584,1348,0,3
1371,584,1393,3,0
1372,584,1394,3,0
1376,584,1354,0,3
1377,584,1355,0,3
1378,584,1356,0,3
1369,585,1347,0,3
1370,585,1348,0,3
1371,585,1393,3,0
1377,585,1355,0,3
1378,585,1356,0,3
1369,586,1347,0,3
1370,586,1348,0,3
1378,586,1356,0,3
1369,589,1347,0,3
1369,590,1347,0,3
1382,590,1360,0,3
1369,591,1347,0,3
1382,591,1360,0,3
1383,591,1361,0,3
1365,592,1387,3,0
1369,592,1347,0,3
1382,592,1360,0,3
1383,592,1361,0,3
1365,593,1387,3,0
1369,593,1347,0,3
1382,593,1360,0,3
1383,593,1361,0,3
1385,593,1407,3,0
1387,594,1409,3,0
1388,594,1410,3,0
1391,594,1369,0,3
1405,594,1383,0,3
1387,595,1409,3,0
1388,595,1410,3,0
1391,595,1369,0,3
1405,595,1383,0,3
1388,596,1410,3,0
1391,596,1369,0,3
1391,597,1369,0,3
1391,598,1369,0,3
1391,599,1369,0,3
1391,600,1369,0,3
1392,600,1370,0,3
1391,601,1369,0,3
1392,601,1370,0,3
1393,601,1415,3,0
1400,601,1378,0,3
1391,602,1369,0,3
1392,602,1370,0,3
1393,602,1415,3,0
1394,602,1416,3,0
1399,602,1377,0,3
1400,602,1378,0,3
1391,603,1369,0,3
1392,603,1370,0,3
1393,603,1415,3,0
1394,603,1416,3,0
1398,603,1376,0,3
1399,603,1377,0,3
1400,603,1378,0,3
1391,604,1369,0,3
1392,604,1370,0,3
1393,604,1415,3,0
1394,604,1416,3,0
1396,604,1374,0,3
1398,604,1376,0,3
1399,604,1377,0,3
1400,604,1378,0,3
1391,605,1369,0,3
1392,605,1370,0,3
1393,605,1415,3,0
1394,605,1416,3,0
1398,605,1376,0,3
1399,605,1377,0,3
1400,605,1378,0,3
1391,606,1369,0,3
1392,606,1370,0,3
1393,606,1415,3,0
1394,606,1416,3,0
1398,606,1376,0,3
1399,606,1377,0,3
1400,606,1378,0,3
1391,607,1369,0,3
1392,607,1370,0,3
1393,607,1415,3,0
1399,607,1377,0,3
1400,607,1378,0,3
1391,608,1369,0,3
1392,608,1370,0,3
1400,608,1378,0,3
1391,609,1369,0,3
1391,611,1369,0,3
1391,612,1369,0,3
1388,613,1410,3,0
1391,613,1369,0,3
1405,613,1383,0,3
1387,614,1409,3,0
1388,614,1410,3,0
1391,614,1369,0,3
1405,614,1383,0,3
1387,615,1409,3,0
1388,615,1410,3,0
1391,615,1369,0,3
1405,615,1383,0,3
1407,615,1429,3,0
1409,616,1431,3,0
1427,616,1405,0,3
1409,617,1431,3,0
1427,617,1405,0,3
1414,622,1392,0,3
1414,623,1392,0,3
1415,623,1437,3,0
1422,623,1400,0,3
1414,624,1392,0,3
1415,624,1437,3,0
1416,624,1438,3,0
1421,624,1399,0,3
1422,624,1400,0,3
1414,625,1392,0,3
1415,625,1437,3,0
1416,625,1438,3,0
1420,625,1398,0,3
1421,625,1399,0,3
1422,625,1400,0,3
1414,626,1392,0,3
1415,626,1437,3,0
1416,626,1438,3,0
1418,626,1396,0,3
1420,626,1398,0,3
1421,626,1399,0,3
1422,626,1400,0,3
1414,627,1392,0,3
1415,627,1437,3,0
1416,627,1438,3,0
1420,627,1398,0,3
1421,627,1399,0,3
1422,627,1400,0,3
1414,628,1392,0,3
1415,628,1437,3,0
1416,628,1438,3,0
1420,628,1398,0,3
1421,628,1399,0,3
1422,628,1400,0,3
1414,629,1392,0,3
1415,629,1437,3,0
1421,629,1399,0,3
1422,629,1400,0,3
1414,630,1392,0,3
1422,630,1400,0,3
1427,635,1405,0,3
1409,636,1431,3,0
1427,636,1405,0,3
1409,637,1431,3,0
1427,637,1405,0,3
1429,637,1451,3,0
1431,638,1453,3,0
1434,638,1456,3,0
1449,638,1427,0,3
1431,639,1453,3,0
1434,639,1456,3,0
1449,639,1427,0,3
1434,640,1456,3,0
1434,641,1456,3,0
1434,642,1456,3,0
1436,644,1414,0,3
1436,645,1414,0,3
1444,645,1422,0,3
1436,646,1414,0,3
1438,646,1460,3,0
1443,646,1421,0,3
1444,646,1422,0,3
1436,647,1414,0,3
1438,647,1460,3,0
1442,647,1420,0,3
1443,647,1421,0,3
1444,647,1422,0,3
1436,648,1414,0,3
1438,648,1460,3,0
1441,648,1419,0,3
1442,648,1420,0,3
1443,648,1421,0,3
1444,648,1422,0,3
1436,649,1414,0,3
1438,649,1460,3,0
1441,649,1419,0,3
1442,649,1420,0,3
1443,649,1421,0,3
1444,649,1422,0,3
1436,650,1414,0,3
1438,650,1460,3,0
1442,650,1420,0,3
1443,650,1421,0,3
1444,650,1422,0,3
1436,651,1414,0,3
1443,651,1421,0,3
1444,651,1422,0,3
1436,652,1414,0,3
1444,652,1422,0,3
1434,655,1456,3,0
1434,656,1456,3,0
1434,657,1456,3,0
1449,657,1427,0,3
1431,658,1453,3,0
1434,658,1456,3,0
1449,658,1427,0,3
1431,659,1453,3,0
1434,659,1456,3,0
1449,659,1427,0,3
1451,659,1473,3,0
1454,660,1432,0,3
1455,660,1477,3,0
1471,660,1449,0,3
1472,660,1450,0,3
1454,661,1432,0,3
1455,661,1477,3,0
1471,661,1449,0,3
1454,662,1432,0,3
1455,662,1477,3,0
1455,663,1477,3,0
1466,667,1444,0,3
1460,668,1482,3,0
1465,668,1443,0,3
1466,668,1444,0,3
1460,669,1482,3,0
1465,669,1443,0,3
1466,669,1444,0,3
1460,670,1482,3,0
1463,670,1441,0,3
1465,670,1443,0,3
1466,670,1444,0,3
1460,671,1482,3,0
1463,671,1441,0,3
1465,671,1443,0,3
1466,671,1444,0,3
1460,672,1482,3,0
1465,672,1443,0,3
1466,672,1444,0,3
1465,673,1443,0,3
1466,673,1444,0,3
1466,674,1444,0,3
1455,678,1477,3,0
1454,679,1432,0,3
1455,679,1477,3,0
1471,679,1449,0,3
1454,680,1432,0,3
1455,680,1477,3,0
1471,680,1449,0,3
1472,680,1450,0,3
1454,681,1432,0,3
1455,681,1477,3,0
1471,681,1449,0,3
1472,681,1450,0,3
1473,681,1495,3,0
1474,682,1452,0,2
1476,682,1454,0,3
1477,682,1499,3,0
1479,682,1457,0,3
1493,682,1471,0,3
1494,682,1472,0,3
1476,683,1454,0,3
1477,683,1499,3,0
1479,683,1457,0,3
1493,683,1471,0,3
1476,684,1454,0,3
1477,684,1499,3,0
1479,684,1457,0,3
1477,685,1499,3,0
1479,685,1457,0,3
1479,686,1457,0,3
1479,687,1457,0,3
1479,688,1457,0,3
1479,689,1457,0,3
1479,690,1457,0,3
1482,690,1504,3,0
1487,690,1465,0,3
1479,691,1457,0,3
1482,691,1504,3,0
1487,691,1465,0,3
1479,692,1457,0,3
1482,692,1504,3,0
1484,692,1462,0,3
1485,692,1463,0,3
1487,692,1465,0,3
1479,693,1457,0,3
1482,693,1504,3,0
1485,693,1463,0,3
1487,693,1465,0,3
1479,694,1457,0,3
1482,694,1504,3,0
1487,694,1465,0,3
1479,695,1457,0,3
1487,695,1465,0,3
1479,696,1457,0,3
1479,697,1457,0,3
1479,699,1457,0,3
1477,700,1499,3,0
1479,700,1457,0,3
1476,701,1454,0,3
1477,701,1499,3,0
1479,701,1457,0,3
1493,701,1471,0,3
1476,702,1454,0,3
1477,702,1499,3,0
1479,702,1457,0,3
1493,702,1471,0,3
1494,702,1472,0,3
1474,703,1452,0,2
1476,703,1454,0,3
1477,703,1499,3,0
1479,703,1457,0,3
1493,703,1471,0,3
1494,703,1472,0,3
1495,703,1517,3,0
1496,704,1474,0,2
1501,704,1523,3,0
1512,704,1534,3,0
1515,704,1493,0,3
1516,704,1494,0,3
1501,705,1523,3,0
1512,705,1534,3,0
1515,705,1493,0,3
1501,706,1523,3,0
1512,706,1534,3,0
1501,707,1523,3,0
1512,707,1534,3,0
1501,708,1523,3,0
1512,708,1534,3,0
1501,709,1523,3,0
1501,710,1523,3,0
1512,710,1534,3,0
1501,711,1523,3,0
1512,711,1534,3,0
1501,712,1523,3,0
1509,712,1487,0,3
1512,712,1534,3,0
1501,713,1523,3,0
1508,713,1486,0,3
1509,713,1487,0,3
1512,713,1534,3,0
1501,714,1523,3,0
1506,714,1484,0,3
1508,714,1486,0,3
1509,714,1487,0,3
1512,714,1534,3,0
1501,715,1523,3,0
1508,715,1486,0,3
1509,715,1487,0,3
1512,715,1534,3,0
1501,716,1523,3,0
1508,716,1486,0,3
1509,716,1487,0,3
1512,716,1534,3,0
1501,717,1523,3,0
1509,717,1487,0,3
1512,717,1534,3,0
1501,718,1523,3,0
1512,718,1534,3,0
1512,719,1534,3,0
1512,720,1534,3,0
1501,721,1523,3,0
1512,721,1534,3,0
1501,722,1523,3,0
1512,722,1534,3,0
1501,723,1523,3,0
1512,723,1534,3,0
1515,723,1493,0,3
1501,724,1523,3,0
1512,724,1534,3,0
1515,724,1493,0,3
1516,724,1494,0,3
1496,725,1474,0,2
1501,725,1523,3,0
1512,725,1534,3,0
1515,725,1493,0,3
1516,725,1494,0,3
1518,726,1496,0,2
1522,726,1544,3,0
1534,726,1556,3,0
1538,726,1516,0,3
1522,727,1544,3,0
1534,727,1556,3,0
1522,728,1544,3,0
1534,728,1556,3,0
1522,729,1544,3,0
1534,729,1556,3,0
1522,730,1544,3,0
1534,730,1556,3,0
1534,731,1556,3,0
1524,732,1502,0,3
1533,732,1511,0,3
1534,732,1556,3,0
1524,733,1502,0,3
1533,733,1511,0,3
1534,733,1556,3,0
1524,734,1502,0,3
1526,734,1548,3,0
1531,734,1509,0,3
1533,734,1511,0,3
1534,734,1556,3,0
1524,735,1502,0,3
1526,735,1548,3,0
1530,735,1508,0,3
1531,735,1509,0,3
1533,735,1511,0,3
1534,735,1556,3,0
1524,736,1502,0,3
1526,736,1548,3,0
1530,736,1508,0,3
1531,736,1509,0,3
1533,736,1511,0,3
1534,736,1556,3,0
1524,737,1502,0,3
1526,737,1548,3,0
1530,737,1508,0,3
1531,737,1509,0,3
1533,737,1511,0,3
1534,737,1556,3,0
1524,738,1502,0,3
1526,738,1548,3,0
1530,738,1508,0,3
1531,738,1509,0,3
1533,738,1511,0,3
1534,738,1556,3,0
1524,739,1502,0,3
1531,739,1509,0,3
1533,739,1511,0,3
1534,739,1556,3,0
1524,740,1502,0,3
1533,740,1511,0,3
1534,740,1556,3,0
1533,741,1511,0,3
1534,741,1556,3,0
1534,742,1556,3,0
1522,743,1544,3,0
1534,743,1556,3,0
1522,744,1544,3,0
1534,744,1556,3,0
1522,745,1544,3,0
1534,745,1556,3,0
1522,746,1544,3,0
1534,746,1556,3,0
1538,746,1516,0,3
1518,747,1496,0,2
1522,747,1544,3,0
1534,747,1556,3,0
1538,747,1516,0,3
1539,747,1561,3,0
1540,748,1518,0,2
1542,748,1564,3,0
1556,748,1578,3,0
1560,748,1538,0,3
1542,749,1564,3,0
1556,749,1578,3,0
1542,750,1564,3,0
1556,750,1578,3,0
1556,751,1578,3,0
1556,752,1578,3,0
1555,754,1533,0,3
1556,754,1578,3,0
1554,755,1576,3,0
1555,755,1533,0,3
1556,755,1578,3,0
1553,756,1531,0,3
1554,756,1576,3,0
1555,756,1533,0,3
1556,756,1578,3,0
1552,757,1530,0,3
1553,757,1531,0,3
1554,757,1576,3,0
1555,757,1533,0,3
1556,757,1578,3,0
1550,758,1528,0,3
1552,758,1530,0,3
1553,758,1531,0,3
1554,758,1576,3,0
1555,758,1533,0,3
1556,758,1578,3,0
1552,759,1530,0,3
1553,759,1531,0,3
1554,759,1576,3,0
1555,759,1533,0,3
1556,759,1578,3,0
1552,760,1530,0,3
1553,760,1531,0,3
1554,760,1576,3,0
1555,760,1533,0,3
1556,760,1578,3,0
1553,761,1531,0,3
1554,761,1576,3,0
1555,761,1533,0,3
1556,761,1578,3,0
1554,762,1576,3,0
1555,762,1533,0,3
1556,762,1578,3,0
1555,763,1533,0,3
1556,763,1578,3,0
1556,764,1578,3,0
1556,765,1578,3,0
1556,766,1578,3,0
1542,767,1564,3,0
1556,767,1578,3,0
1542,768,1564,3,0
1556,768,1578,3,0
1560,768,1538,0,3
1540,769,1518,0,2
1542,769,1564,3,0
1556,769,1578,3,0
1560,769,1538,0,3
1562,770,1540,0,2
1564,770,2,3,3
1565,770,3,3,3
1578,770,16,3,3
1582,770,1560,0,3
1564,771,2,3,3
1565,771,3,3,3
1578,771,16,3,3
1564,772,2,3,3
1565,772,3,3,3
1578,772,16,3,3
1565,773,3,3,3
1578,773,16,3,3
1578,774,16,3,3
1578,775,16,3,3
1577,776,1555,0,3
1578,776,16,3,3
1577,777,1555,0,3
1578,777,16,3,3
1575,778,1553,0,3
1577,778,1555,0,3
1578,778,16,3,3
1574,779,1552,0,3
1575,779,1553,0,3
1577,779,1555,0,3
1578,779,16,3,3
1572,780,1550,0,3
1573,780,1551,0,3
1574,780,1552,0,3
1575,780,1553,0,3
1577,780,1555,0,3
1578,780,16,3,3
1573,781,1551,0,3
1574,781,1552,0,3
1575,781,1553,0,3
1577,781,1555,0,3
1578,781,16,3,3
1574,782,1552,0,3
1575,782,1553,0,3
1577,782,1555,0,3
1578,782,16,3,3
1575,783,1553,0,3
1577,783,1555,0,3
1578,783,16,3,3
1577,784,1555,0,3
1578,784,16,3,3
1577,785,1555,0,3
1578,785,16,3,3
1578,786,16,3,3
1578,787,16,3,3
1565,788,3,3,3
1578,788,16,3,3
1564,789,2,3,3
1565,789,3,3,3
1578,789,16,3,3
1564,790,2,3,3
1565,790,3,3,3
1578,790,16,3,3
1582,790,1560,0,3
1562,791,1540,0,2
1564,791,2,3,3
1565,791,3,3,3
1578,791,16,3,3
1582,791,1560,0,3
0,792,1562,3,2
2,792,24,2,0
16,792,38,2,0
20,792,1582,3,3
2,793,24,2,0
16,793,38,2,0
2,794,24,2,0
16,794,38,2,0
16,795,38,2,0
16,796,38,2,0
6,798,28,2,0
16,798,38,2,0
6,799,28,2,0
16,799,38,2,0
6,800,28,2,0
8,800,1570,3,3
13,800,1575,3,3
16,800,38,2,0
6,801,28,2,0
8,801,1570,3,3
12,801,1574,3,3
13,801,1575,3,3
16,801,38,2,0
6,802,28,2,0
8,802,1570,3,3
10,802,1572,3,3
11,802,1573,3,3
12,802,1574,3,3
13,802,1575,3,3
16,802,38,2,0
6,803,28,2,0
8,803,1570,3,3
11,803,1573,3,3
12,803,1574,3,3
13,803,1575,3,3
16,803,38,2,0
6,804,28,2,0
8,804,1570,3,3
12,804,1574,3,3
13,804,1575,3,3
16,804,38,2,0
6,805,28,2,0
13,805,1575,3,3
16,805,38,2,0
6,806,28,2,0
16,806,38,2,0
16,807,38,2,0
16,808,38,2,0
16,809,38,2,0
16,810,38,2,0
2,811,24,2,0
16,811,38,2,0
2,812,24,2,0
16,812,38,2,0
20,812,1582,3,3
0,813,1562,3,2
2,813,24,2,0
16,813,38,2,0
20,813,1582,3,3
21,813,43,2,0
22,814,0,0,1
27,814,49,3,0
38,814,60,3,0
42,814,20,0,2
27,815,49,3,0
38,815,60,3,0
27,816,49,3,0
38,816,60,3,0
27,817,49,3,0
38,817,60,3,0
27,818,49,3,0
38,818,60,3,0
27,819,49,3,0
38,819,60,3,0
27,820,49,3,0
38,820,60,3,0
27,821,49,3,0
38,821,60,3,0
27,822,49,3,0
30,822,8,0,2
35,822,13,0,2
38,822,60,3,0
27,823,49,3,0
30,823,8,0,2
34,823,12,0,2
35,823,13,0,2
38,823,60,3,0
27,824,49,3,0
30,824,8,0,2
32,824,10,0,2
33,824,11,0,2
34,824,12,0,2
35,824,13,0,2
38,824,60,3,0
27,825,49,3,0
30,825,8,0,2
33,825,11,0,2
34,825,12,0,2
35,825,13,0,2
38,825,60,3,0
27,826,49,3,0
30,826,8,0,2
34,826,12,0,2
35,826,13,0,2
38,826,60,3,0
27,827,49,3,0
35,827,13,0,2
38,827,60,3,0
27,828,49,3,0
38,828,60,3,0
27,829,49,3,0
38,829,60,3,0
38,830,60,3,0
27,831,49,3,0
38,831,60,3,0
27,832,49,3,0
38,832,60,3,0
27,833,49,3,0
38,833,60,3,0
27,834,49,3,0
38,834,60,3,0
42,834,20,0,2
22,835,0,0,1
27,835,49,3,0
38,835,60,3,0
42,835,20,0,2
44,836,22,0,2
47,836,69,3,0
49,836,71,3,0
60,836,82,3,0
64,836,42,0,3
47,837,69,3,0
49,837,71,3,0
60,837,82,3,0
47,838,69,3,0
49,838,71,3,0
60,838,82,3,0
47,839,69,3,0
49,839,71,3,0
60,839,82,3,0
49,840,71,3,0
60,840,82,3,0
49,841,71,3,0
49,842,71,3,0
60,842,82,3,0
49,843,71,3,0
60,843,82,3,0
49,844,71,3,0
52,844,30,0,3
57,844,35,0,3
60,844,82,3,0
49,845,71,3,0
52,845,30,0,3
57,845,35,0,3
60,845,82,3,0
49,846,71,3,0
52,846,30,0,3
54,846,32,0,3
57,846,35,0,3
60,846,82,3,0
49,847,71,3,0
52,847,30,0,3
57,847,35,0,3
60,847,82,3,0
49,848,71,3,0
52,848,30,0,3
57,848,35,0,3
60,848,82,3,0
49,849,71,3,0
57,849,35,0,3
60,849,82,3,0
49,850,71,3,0
60,850,82,3,0
60,851,82,3,0
60,852,82,3,0
49,853,71,3,0
60,853,82,3,0
47,854,69,3,0
49,854,71,3,0
60,854,82,3,0
47,855,69,3,0
49,855,71,3,0
60,855,82,3,0
47,856,69,3,0
49,856,71,3,0
60,856,82,3,0
64,856,42,0,3
44,857,22,0,2
47,857,69,3,0
49,857,71,3,0
60,857,82,3,0
64,857,42,0,3
66,858,44,0,2
69,858,91,3,0
71,858,93,3,0
82,858,104,3,0
85,858,107,3,0
86,858,64,0,3
69,859,91,3,0
71,859,93,3,0
82,859,104,3,0
85,859,107,3,0
69,860,91,3,0
71,860,93,3,0
82,860,104,3,0
69,861,91,3,0
71,861,93,3,0
82,861,104,3,0
71,862,93,3,0
82,862,104,3,0
71,863,93,3,0
82,863,104,3,0
71,864,93,3,0
82,864,104,3,0
71,865,93,3,0
82,865,104,3,0
71,866,93,3,0
79,866,57,0,3
82,866,104,3,0
71,867,93,3,0
79,867,57,0,3
82,867,104,3,0
71,868,93,3,0
76,868,54,0,3
79,868,57,0,3
82,868,104,3,0
71,869,93,3,0
79,869,57,0,3
82,869,104,3,0
71,870,93,3,0
79,870,57,0,3
82,870,104,3,0
71,871,93,3,0
79,871,57,0,3
82,871,104,3,0
71,872,93,3,0
82,872,104,3,0
71,873,93,3,0
82,873,104,3,0
82,874,104,3,0
71,875,93,3,0
82,875,104,3,0
69,876,91,3,0
71,876,93,3,0
82,876,104,3,0
69,877,91,3,0
71,877,93,3,0
82,877,104,3,0
85,877,107,3,0
69,878,91,3,0
71,878,93,3,0
82,878,104,3,0
85,878,107,3,0
86,878,64,0,3
66,879,44,0,2
69,879,91,3,0
71,879,93,3,0
82,879,104,3,0
85,879,107,3,0
86,879,64,0,3
88,880,66,0,2
90,880,68,0,3
91,880,113,3,0
93,880,115,3,0
104,880,126,3,0
107,880,129,3,0
90,881,68,0,3
91,881,113,3,0
93,881,115,3,0
104,881,126,3,0
107,881,129,3,0
90,882,68,0,3
91,882,113,3,0
93,882,115,3,0
104,882,126,3,0
91,883,113,3,0
93,883,115,3,0
104,883,126,3,0
93,884,115,3,0
104,884,126,3,0
93,885,115,3,0
93,886,115,3,0
104,886,126,3,0
93,887,115,3,0
104,887,126,3,0
93,888,115,3,0
104,888,126,3,0
93,889,115,3,0
104,889,126,3,0
93,890,115,3,0
104,890,126,3,0
93,891,115,3,0
104,891,126,3,0
93,892,115,3,0
104,892,126,3,0
93,893,115,3,0
104,893,126,3,0
93,894,115,3,0
104,894,126,3,0
104,895,126,3,0
104,896,126,3,0
93,897,115,3,0
104,897,126,3,0
91,898,113,3,0
93,898,115,3,0
104,898,126,3,0
90,899,68,0,3
91,899,113,3,0
93,899,115,3,0
104,899,126,3,0
107,899,129,3,0
90,900,68,0,3
91,900,113,3,0
93,900,115,3,0
104,900,126,3,0
107,900,129,3,0
88,901,66,0,2
90,901,68,0,3
91,901,113,3,0
93,901,115,3,0
104,901,126,3,0
107,901,129,3,0
110,902,88,0,2
113,902,135,3,0
115,902,137,3,0
126,902,148,3,0
113,903,135,3,0
115,903,137,3,0
126,903,148,3,0
113,904,135,3,0
115,904,137,3,0
126,904,148,3,0
113,905,135,3,0
115,905,137,3,0
126,905,148,3,0
115,906,137,3,0
126,906,148,3,0
115,907,137,3,0
126,907,148,3,0
115,908,137,3,0
126,908,148,3,0
115,909,137,3,0
126,909,148,3,0
115,910,137,3,0
118,910,96,0,3
126,910,148,3,0
115,911,137,3,0
118,911,96,0,3
122,911,144,3,0
126,911,148,3,0
115,912,137,3,0
118,912,96,0,3
122,912,144,3,0
126,912,148,3,0
115,913,137,3,0
118,913,96,0,3
122,913,144,3,0
126,913,148,3,0
115,914,137,3,0
118,914,96,0,3
122,914,144,3,0
126,914,148,3,0
115,915,137,3,0
126,915,148,3,0
115,916,137,3,0
126,916,148,3,0
115,917,137,3,0
126,917,148,3,0
126,918,148,3,0
115,919,137,3,0
126,919,148,3,0
113,920,135,3,0
115,920,137,3,0
126,920,148,3,0
113,921,135,3,0
115,921,137,3,0
126,921,148,3,0
113,922,135,3,0
115,922,137,3,0
126,922,148,3,0
110,923,88,0,2
113,923,135,3,0
115,923,137,3,0
126,923,148,3,0
132,924,110,0,2
135,924,157,3,0
137,924,159,3,0
148,924,170,3,0
135,925,157,3,0
137,925,159,3,0
148,925,170,3,0
135,926,157,3,0
137,926,159,3,0
148,926,170,3,0
135,927,157,3,0
137,927,159,3,0
148,927,170,3,0
137,928,159,3,0
148,928,170,3,0
137,929,159,3,0
137,930,159,3,0
148,930,170,3,0
137,931,159,3,0
148,931,170,3,0
137,932,159,3,0
140,932,118,0,3
148,932,170,3,0
137,933,159,3,0
140,933,118,0,3
144,933,166,3,0
148,933,170,3,0
137,934,159,3,0
140,934,118,0,3
144,934,166,3,0
148,934,170,3,0
137,935,159,3,0
140,935,118,0,3
144,935,166,3,0
148,935,170,3,0
137,936,159,3,0
140,936,118,0,3
144,936,166,3,0
148,936,170,3,0
137,937,159,3,0
148,937,170,3,0
137,938,159,3,0
148,938,170,3,0
148,939,170,3,0
148,940,170,3,0
137,941,159,3,0
148,941,170,3,0
135,942,157,3,0
137,942,159,3,0
148,942,170,3,0
135,943,157,3,0
137,943,159,3,0
148,943,170,3,0
135,944,157,3,0
137,944,159,3,0
148,944,170,3,0
132,945,110,0,2
135,945,157,3,0
137,945,159,3,0
148,945,170,3,0
153,945,131,0,3
154,946,132,0,2
157,946,179,3,0
159,946,181,3,0
170,946,192,3,0
173,946,195,3,0
157,947,179,3,0
159,947,181,3,0
170,947,192,3,0
173,947,195,3,0
157,948,179,3,0
159,948,181,3,0
170,948,192,3,0
157,949,179,3,0
159,949,181,3,0
170,949,192,3,0
159,950,181,3,0
170,950,192,3,0
159,951,181,3,0
170,951,192,3,0
159,952,181,3,0
170,952,192,3,0
159,953,181,3,0
170,953,192,3,0
159,954,181,3,0
162,954,140,0,3
170,954,192,3,0
159,955,181,3,0
162,955,140,0,3
166,955,188,3,0
170,955,192,3,0
159,956,181,3,0
162,956,140,0,3
166,956,188,3,0
170,956,192,3,0
159,957,181,3,0
162,957,140,0,3
166,957,188,3,0
170,957,192,3,0
159,958,181,3,0
162,958,140,0,3
166,958,188,3,0
170,958,192,3,0
159,959,181,3,0
170,959,192,3,0
159,960,181,3,0
170,960,192,3,0
159,961,181,3,0
170,961,192,3,0
170,962,192,3,0
159,963,181,3,0
170,963,192,3,0
157,964,179,3,0
159,964,181,3,0
170,964,192,3,0
157,965,179,3,0
159,965,181,3,0
170,965,192,3,0
173,965,195,3,0
157,966,179,3,0
159,966,181,3,0
170,966,192,3,0
173,966,195,3,0
154,967,132,0,2
157,967,179,3,0
159,967,181,3,0
170,967,192,3,0
173,967,195,3,0
175,967,153,0,3
176,968,154,0,2
179,968,201,3,0
181,968,203,3,0
194,968,172,0,3
195,968,217,3,0
179,969,201,3,0
181,969,203,3,0
194,969,172,0,3
195,969,217,3,0
179,970,201,3,0
181,970,203,3,0
194,970,172,0,3
179,971,201,3,0
181,971,203,3,0
181,972,203,3,0
181,973,203,3,0
181,974,203,3,0
191,974,169,0,3
181,975,203,3,0
191,975,169,0,3
181,976,203,3,0
184,976,162,0,3
191,976,169,0,3
181,977,203,3,0
184,977,162,0,3
188,977,210,3,0
191,977,169,0,3
181,978,203,3,0
184,978,162,0,3
186,978,164,0,3
187,978,165,0,3
188,978,210,3,0
191,978,169,0,3
181,979,203,3,0
184,979,162,0,3
187,979,165,0,3
188,979,210,3,0
191,979,169,0,3
181,980,203,3,0
184,980,162,0,3
188,980,210,3,0
191,980,169,0,3
181,981,203,3,0
191,981,169,0,3
181,982,203,3,0
191,982,169,0,3
191,983,169,0,3
181,985,203,3,0
179,986,201,3,0
181,986,203,3,0
194,986,172,0,3
179,987,201,3,0
181,987,203,3,0
194,987,172,0,3
195,987,217,3,0
179,988,201,3,0
181,988,203,3,0
194,988,172,0,3
195,988,217,3,0
176,989,154,0,2
179,989,201,3,0
181,989,203,3,0
194,989,172,0,3
195,989,217,3,0
197,989,175,0,3
198,990,176,0,2
200,990,222,3,0
201,990,223,3,0
203,990,225,3,0
216,990,194,0,3
217,990,239,3,0
200,991,222,3,0
201,991,223,3,0
203,991,225,3,0
216,991,194,0,3
217,991,239,3,0
200,992,222,3,0
201,992,223,3,0
203,992,225,3,0
216,992,194,0,3
201,993,223,3,0
203,993,225,3,0
203,994,225,3,0
203,995,225,3,0
203,996,225,3,0
213,996,191,0,3
203,997,225,3,0
212,997,234,3,0
213,997,191,0,3
203,998,225,3,0
206,998,184,0,3
212,998,234,3,0
213,998,191,0,3
203,999,225,3,0
206,999,184,0,3
210,999,232,3,0
212,999,234,3,0
213,999,191,0,3
203,1000,225,3,0
206,1000,184,0,3
208,1000,186,0,3
209,1000,187,0,3
210,1000,232,3,0
212,1000,234,3,0
213,1000,191,0,3
203,1001,225,3,0
206,1001,184,0,3
209,1001,187,0,3
210,1001,232,3,0
212,1001,234,3,0
213,1001,191,0,3
203,1002,225,3,0
206,1002,184,0,3
210,1002,232,3,0
212,1002,234,3,0
213,1002,191,0,3
203,1003,225,3,0
212,1003,234,3,0
213,1003,191,0,3
203,1004,225,3,0
212,1004,234,3,0
213,1004,191,0,3
203,1005,225,3,0
213,1005,191,0,3
203,1007,225,3,0
201,1008,223,3,0
203,1008,225,3,0
216,1008,194,0,3
200,1009,222,3,0
201,1009,223,3,0
203,1009,225,3,0
216,1009,194,0,3
217,1009,239,3,0
200,1010,222,3,0
201,1010,223,3,0
203,1010,225,3,0
216,1010,194,0,3
217,1010,239,3,0
198,1011,176,0,2
200,1011,222,3,0
201,1011,223,3,0
203,1011,225,3,0
216,1011,194,0,3
217,1011,239,3,0
222,1012,244,3,0
223,1012,245,3,0
225,1012,247,3,0
237,1012,259,3,0
238,1012,216,0,3
239,1012,261,3,0
222,1013,244,3,0
223,1013,245,3,0
225,1013,247,3,0
237,1013,259,3,0
238,1013,216,0,3
239,1013,261,3,0
222,1014,244,3,0
223,1014,245,3,0
225,1014,247,3,0
237,1014,259,3,0
238,1014,216,0,3
223,1015,245,3,0
225,1015,247,3,0
237,1015,259,3,0
225,1016,247,3,0
225,1017,247,3,0
225,1018,247,3,0
235,1018,213,0,3
225,1019,247,3,0
234,1019,256,3,0
235,1019,213,0,3
225,1020,247,3,0
228,1020,206,0,3
234,1020,256,3,0
235,1020,213,0,3
225,1021,247,3,0
228,1021,206,0,3
232,1021,254,3,0
234,1021,256,3,0
235,1021,213,0,3
225,1022,247,3,0
228,1022,206,0,3
231,1022,209,0,3
232,1022,254,3,0
234,1022,256,3,0
235,1022,213,0,3
225,1023,247,3,0
228,1023,206,0,3
231,1023,209,0,3
232,1023,254,3,0
234,1023,256,3,0
235,1023,213,0,3
225,1024,247,3,0
228,1024,206,0,3
232,1024,254,3,0
234,1024,256,3,0
235,1024,213,0,3
225,1025,247,3,0
234,1025,256,3,0
235,1025,213,0,3
225,1026,247,3,0
234,1026,256,3,0
235,1026,213,0,3
235,1027,213,0,3
225,1029,247,3,0
237,1029,259,3,0
223,1030,245,3,0
225,1030,247,3,0
237,1030,259,3,0
238,1030,216,0,3
222,1031,244,3,0
223,1031,245,3,0
225,1031,247,3,0
237,1031,259,3,0
238,1031,216,0,3
239,1031,261,3,0
222,1032,244,3,0
223,1032,245,3,0
225,1032,247,3,0
237,1032,259,3,0
238,1032,216,0,3
239,1032,261,3,0
222,1033,244,3,0
223,1033,245,3,0
225,1033,247,3,0
237,1033,259,3,0
238,1033,216,0,3
239,1033,261,3,0
245,1034,267,3,0
247,1034,269,3,0
259,1034,281,3,0
260,1034,238,0,3
261,1034,283,3,0
262,1034,240,0,3
245,1035,267,3,0
247,1035,269,3,0
259,1035,281,3,0
260,1035,238,0,3
261,1035,283,3,0
245,1036,267,3,0
247,1036,269,3,0
259,1036,281,3,0
260,1036,238,0,3
245,1037,267,3,0
247,1037,269,3,0
259,1037,281,3,0
247,1038,269,3,0
247,1039,269,3,0
247,1040,269,3,0
247,1041,269,3,0
256,1041,278,3,0
247,1042,269,3,0
250,1042,228,0,3
256,1042,278,3,0
247,1043,269,3,0
250,1043,228,0,3
254,1043,276,3,0
256,1043,278,3,0
247,1044,269,3,0
250,1044,228,0,3
252,1044,274,3,0
253,1044,231,0,3
254,1044,276,3,0
256,1044,278,3,0
247,1045,269,3,0
250,1045,228,0,3
253,1045,231,0,3
254,1045,276,3,0
256,1045,278,3,0
247,1046,269,3,0
250,1046,228,0,3
254,1046,276,3,0
256,1046,278,3,0
247,1047,269,3,0
256,1047,278,3,0
247,1048,269,3,0
256,1048,278,3,0
247,1049,269,3,0
247,1051,269,3,0
259,1051,281,3,0
245,1052,267,3,0
247,1052,269,3,0
259,1052,281,3,0
260,1052,238,0,3
245,1053,267,3,0
247,1053,269,3,0
259,1053,281,3,0
260,1053,238,0,3
261,1053,283,3,0
245,1054,267,3,0
247,1054,269,3,0
259,1054,281,3,0
260,1054,238,0,3
261,1054,283,3,0
262,1054,240,0,3
245,1055,267,3,0
247,1055,269,3,0
259,1055,281,3,0
260,1055,238,0,3
261,1055,283,3,0
262,1055,240,0,3
266,1056,244,0,3
267,1056,289,3,0
269,1056,291,3,0
281,1056,303,3,0
282,1056,260,0,3
283,1056,305,3,0
284,1056,262,0,3
266,1057,244,0,3
267,1057,289,3,0
269,1057,291,3,0
281,1057,303,3,0
282,1057,260,0,3
283,1057,305,3,0
266,1058,244,0,3
267,1058,289,3,0
269,1058,291,3,0
281,1058,303,3,0
282,1058,260,0,3
267,1059,289,3,0
269,1059,291,3,0
281,1059,303,3,0
269,1060,291,3,0
269,1061,291,3,0
269,1062,291,3,0
279,1062,257,0,3
269,1063,291,3,0
278,1063,300,3,0
279,1063,257,0,3
269,1064,291,3,0
278,1064,300,3,0
279,1064,257,0,3
269,1065,291,3,0
276,1065,298,3,0
278,1065,300,3,0
279,1065,257,0,3
269,1066,291,3,0
274,1066,296,3,0
276,1066,298,3,0
278,1066,300,3,0
279,1066,257,0,3
269,1067,291,3,0
276,1067,298,3,0
278,1067,300,3,0
279,1067,257,0,3
269,1068,291,3,0
276,1068,298,3,0
278,1068,300,3,0
279,1068,257,0,3
269,1069,291,3,0
278,1069,300,3,0
279,1069,257,0,3
269,1070,291,3,0
278,1070,300,3,0
279,1070,257,0,3
279,1071,257,0,3
269,1073,291,3,0
281,1073,303,3,0
267,1074,289,3,0
269,1074,291,3,0
281,1074,303,3,0
282,1074,260,0,3
266,1075,244,0,3
267,1075,289,3,0
269,1075,291,3,0
281,1075,303,3,0
282,1075,260,0,3
283,1075,305,3,0
266,1076,244,0,3
267,1076,289,3,0
269,1076,291,3,0
281,1076,303,3,0
282,1076,260,0,3
283,1076,305,3,0
284,1076,262,0,3
266,1077,244,0,3
267,1077,289,3,0
269,1077,291,3,0
281,1077,303,3,0
282,1077,260,0,3
283,1077,305,3,0
284,1077,262,0,3
285,1077,263,0,3
287,1078,265,0,3
288,1078,266,0,3
289,1078,311,3,0
291,1078,313,3,0
303,1078,325,3,0
305,1078,327,3,0
306,1078,284,0,3
287,1079,265,0,3
288,1079,266,0,3
289,1079,311,3,0
291,1079,313,3,0
303,1079,325,3,0
305,1079,327,3,0
288,1080,266,0,3
289,1080,311,3,0
291,1080,313,3,0
303,1080,325,3,0
289,1081,311,3,0
291,1081,313,3,0
303,1081,325,3,0
291,1082,313,3,0
291,1083,313,3,0
291,1084,313,3,0
301,1084,279,0,3
291,1085,313,3,0
300,1085,322,3,0
301,1085,279,0,3
291,1086,313,3,0
300,1086,322,3,0
301,1086,279,0,3
291,1087,313,3,0
298,1087,320,3,0
300,1087,322,3,0
301,1087,279,0,3
291,1088,313,3,0
296,1088,318,3,0
298,1088,320,3,0
300,1088,322,3,0
301,1088,279,0,3
291,1089,313,3,0
298,1089,320,3,0
300,1089,322,3,0
301,1089,279,0,3
291,1090,313,3,0
298,1090,320,3,0
300,1090,322,3,0
301,1090,279,0,3
291,1091,313,3,0
300,1091,322,3,0
301,1091,279,0,3
291,1092,313,3,0
300,1092,322,3,0
301,1092,279,0,3
291,1093,313,3,0
301,1093,279,0,3
291,1095,313,3,0
303,1095,325,3,0
289,1096,311,3,0
291,1096,313,3,0
303,1096,325,3,0
288,1097,266,0,3
289,1097,311,3,0
291,1097,313,3,0
303,1097,325,3,0
305,1097,327,3,0
287,1098,265,0,3
288,1098,266,0,3
289,1098,311,3,0
291,1098,313,3,0
303,1098,325,3,0
305,1098,327,3,0
306,1098,284,0,3
287,1099,265,0,3
288,1099,266,0,3
289,1099,311,3,0
291,1099,313,3,0
303,1099,325,3,0
305,1099,327,3,0
306,1099,284,0,3
307,1099,285,0,3
309,1100,287,0,3
310,1100,288,0,3
311,1100,333,3,0
313,1100,335,3,0
325,1100,347,3,0
328,1100,306,0,3
309,1101,287,0,3
310,1101,288,0,3
311,1101,333,3,0
313,1101,335,3,0
325,1101,347,3,0
310,1102,288,0,3
311,1102,333,3,0
313,1102,335,3,0
325,1102,347,3,0
311,1103,333,3,0
313,1103,335,3,0
325,1103,347,3,0
313,1104,335,3,0
313,1105,335,3,0
313,1106,335,3,0
314,1106,336,3,0
323,1106,301,0,3
313,1107,335,3,0
314,1107,336,3,0
322,1107,344,3,0
323,1107,301,0,3
313,1108,335,3,0
314,1108,336,3,0
316,1108,294,0,3
322,1108,344,3,0
323,1108,301,0,3
313,1109,335,3,0
314,1109,336,3,0
316,1109,294,0,3
320,1109,342,3,0
322,1109,344,3,0
323,1109,301,0,3
313,1110,335,3,0
314,1110,336,3,0
316,1110,294,0,3
318,1110,340,3,0
320,1110,342,3,0
322,1110,344,3,0
323,1110,301,0,3
313,1111,335,3,0
314,1111,336,3,0
316,1111,294,0,3
320,1111,342,3,0
322,1111,344,3,0
323,1111,301,0,3
313,1112,335,3,0
314,1112,336,3,0
316,1112,294,0,3
320,1112,342,3,0
322,1112,344,3,0
323,1112,301,0,3
313,1113,335,3,0
314,1113,336,3,0
322,1113,344,3,0
323,1113,301,0,3
313,1114,335,3,0
314,1114,336,3,0
322,1114,344,3,0
323,1114,301,0,3
323,1115,301,0,3
313,1117,335,3,0
325,1117,347,3,0
311,1118,333,3,0
313,1118,335,3,0
325,1118,347,3,0
310,1119,288,0,3
311,1119,333,3,0
313,1119,335,3,0
325,1119,347,3,0
309,1120,287,0,3
310,1120,288,0,3
311,1120,333,3,0
313,1120,335,3,0
325,1120,347,3,0
328,1120,306,0,3
309,1121,287,0,3
310,1121,288,0,3
311,1121,333,3,0
313,1121,335,3,0
325,1121,347,3,0
328,1121,306,0,3
329,1121,307,0,3
331,1122,309,0,3
332,1122,310,0,3
333,1122,355,3,0
335,1122,357,3,0
347,1122,369,3,0
350,1122,328,0,3
331,1123,309,0,3
332,1123,310,0,3
333,1123,355,3,0
335,1123,357,3,0
347,1123,369,3,0
332,1124,310,0,3
333,1124,355,3,0
335,1124,357,3,0
347,1124,369,3,0
333,1125,355,3,0
335,1125,357,3,0
347,1125,369,3,0
335,1126,357,3,0
335,1127,357,3,0
335,1128,357,3,0
336,1128,358,3,0
345,1128,323,0,3
335,1129,357,3,0
336,1129,358,3,0
344,1129,366,3,0
345,1129,323,0,3
335,1130,357,3,0
336,1130,358,3,0
338,1130,316,0,3
344,1130,366,3,0
345,1130,323,0,3
335,1131,357,3,0
336,1131,358,3,0
338,1131,316,0,3
344,1131,366,3,0
345,1131,323,0,3
335,1132,357,3,0
336,1132,358,3,0
338,1132,316,0,3
340,1132,362,3,0
344,1132,366,3,0
345,1132,323,0,3
335,1133,357,3,0
336,1133,358,3,0
338,1133,316,0,3
344,1133,366,3,0
345,1133,323,0,3
335,1134,357,3,0
336,1134,358,3,0
338,1134,316,0,3
344,1134,366,3,0
345,1134,323,0,3
335,1135,357,3,0
336,1135,358,3,0
344,1135,366,3,0
345,1135,323,0,3
335,1136,357,3,0
336,1136,358,3,0
344,1136,366,3,0
345,1136,323,0,3
335,1137,357,3,0
345,1137,323,0,3
335,1139,357,3,0
347,1139,369,3,0
333,1140,355,3,0
335,1140,357,3,0
347,1140,369,3,0
332,1141,310,0,3
333,1141,355,3,0
335,1141,357,3,0
347,1141,369,3,0
331,1142,309,0,3
332,1142,310,0,3
333,1142,355,3,0
335,1142,357,3,0
347,1142,369,3,0
350,1142,328,0,3
331,1143,309,0,3
332,1143,310,0,3
333,1143,355,3,0
335,1143,357,3,0
347,1143,369,3,0
350,1143,328,0,3
351,1143,329,0,3
354,1144,332,0,3
355,1144,377,3,0
357,1144,379,3,0
372,1144,350,0,3
354,1145,332,0,3
355,1145,377,3,0
357,1145,379,3,0
354,1146,332,0,3
355,1146,377,3,0
357,1146,379,3,0
355,1147,377,3,0
357,1147,379,3,0
357,1148,379,3,0
357,1149,379,3,0
357,1150,379,3,0
358,1150,380,3,0
367,1150,345,0,3
357,1151,379,3,0
358,1151,380,3,0
366,1151,388,3,0
367,1151,345,0,3
357,1152,379,3,0
358,1152,380,3,0
360,1152,338,0,3
366,1152,388,3,0
367,1152,345,0,3
357,1153,379,3,0
358,1153,380,3,0
360,1153,338,0,3
366,1153,388,3,0
367,1153,345,0,3
357,1154,379,3,0
358,1154,380,3,0
360,1154,338,0,3
362,1154,384,3,0
366,1154,388,3,0
367,1154,345,0,3
357,1155,379,3,0
358,1155,380,3,0
360,1155,338,0,3
366,1155,388,3,0
367,1155,345,0,3
357,1156,379,3,0
358,1156,380,3,0
360,1156,338,0,3
366,1156,388,3,0
367,1156,345,0,3
357,1157,379,3,0
358,1157,380,3,0
366,1157,388,3,0
367,1157,345,0,3
357,1158,379,3,0
358,1158,380,3,0
366,1158,388,3,0
367,1158,345,0,3
367,1159,345,0,3
357,1161,379,3,0
355,1162,377,3,0
357,1162,379,3,0
354,1163,332,0,3
355,1163,377,3,0
357,1163,379,3,0
354,1164,332,0,3
355,1164,377,3,0
357,1164,379,3,0
372,1164,350,0,3
354,1165,332,0,3
355,1165,377,3,0
357,1165,379,3,0
372,1165,350,0,3
373,1165,351,0,3
377,1166,399,3,0
379,1166,401,3,0
394,1166,372,0,3
377,1167,399,3,0
379,1167,401,3,0
377,1168,399,3,0
379,1168,401,3,0
377,1169,399,3,0
379,1169,401,3,0
379,1170,401,3,0
379,1171,401,3,0
379,1172,401,3,0
379,1173,401,3,0
388,1173,410,3,0
379,1174,401,3,0
388,1174,410,3,0
379,1175,401,3,0
388,1175,410,3,0
379,1176,401,3,0
384,1176,406,3,0
388,1176,410,3,0
379,1177,401,3,0
388,1177,410,3,0
379,1178,401,3,0
388,1178,410,3,0
379,1179,401,3,0
388,1179,410,3,0
379,1180,401,3,0
388,1180,410,3,0
379,1181,401,3,0
379,1183,401,3,0
377,1184,399,3,0
379,1184,401,3,0
377,1185,399,3,0
379,1185,401,3,0
377,1186,399,3,0
379,1186,401,3,0
394,1186,372,0,3
377,1187,399,3,0
379,1187,401,3,0
394,1187,372,0,3
395,1187,373,0,3
399,1188,421,3,0
401,1188,423,3,0
412,1188,390,0,3
413,1188,435,3,0
416,1188,394,0,3
399,1189,421,3,0
401,1189,423,3,0
412,1189,390,0,3
413,1189,435,3,0
399,1190,421,3,0
401,1190,423,3,0
412,1190,390,0,3
413,1190,435,3,0
399,1191,421,3,0
401,1191,423,3,0
412,1191,390,0,3
413,1191,435,3,0
401,1192,423,3,0
412,1192,390,0,3
401,1193,423,3,0
401,1194,423,3,0
412,1194,390,0,3
401,1195,423,3,0
410,1195,432,3,0
412,1195,390,0,3
401,1196,423,3,0
404,1196,382,0,3
410,1196,432,3,0
412,1196,390,0,3
401,1197,423,3,0
404,1197,382,0,3
410,1197,432,3,0
412,1197,390,0,3
401,1198,423,3,0
404,1198,382,0,3
406,1198,428,3,0
410,1198,432,3,0
412,1198,390,0,3
401,1199,423,3,0
404,1199,382,0,3
410,1199,432,3,0
412,1199,390,0,3
401,1200,423,3,0
404,1200,382,0,3
410,1200,432,3,0
412,1200,390,0,3
401,1201,423,3,0
410,1201,432,3,0
412,1201,390,0,3
401,1202,423,3,0
410,1202,432,3,0
412,1202,390,0,3
412,1203,390,0,3
412,1204,390,0,3
401,1205,423,3,0
412,1205,390,0,3
413,1205,435,3,0
399,1206,421,3,0
401,1206,423,3,0
412,1206,390,0,3
413,1206,435,3,0
399,1207,421,3,0
401,1207,423,3,0
412,1207,390,0,3
413,1207,435,3,0
399,1208,421,3,0
401,1208,423,3,0
412,1208,390,0,3
413,1208,435,3,0
416,1208,394,0,3
399,1209,421,3,0
401,1209,423,3,0
412,1209,390,0,3
413,1209,435,3,0
416,1209,394,0,3
417,1209,395,0,3
421,1210,443,3,0
423,1210,445,3,0
434,1210,412,0,3
435,1210,457,3,0
437,1210,459,3,0
438,1210,416,0,3
421,1211,443,3,0
423,1211,445,3,0
434,1211,412,0,3
435,1211,457,3,0
437,1211,459,3,0
421,1212,443,3,0
423,1212,445,3,0
434,1212,412,0,3
435,1212,457,3,0
421,1213,443,3,0
423,1213,445,3,0
434,1213,412,0,3
435,1213,457,3,0
423,1214,445,3,0
434,1214,412,0,3
423,1215,445,3,0
434,1215,412,0,3
423,1216,445,3,0
434,1216,412,0,3
423,1217,445,3,0
432,1217,454,3,0
434,1217,412,0,3
423,1218,445,3,0
426,1218,404,0,3
432,1218,454,3,0
434,1218,412,0,3
423,1219,445,3,0
426,1219,404,0,3
430,1219,452,3,0
432,1219,454,3,0
434,1219,412,0,3
423,1220,445,3,0
426,1220,404,0,3
428,1220,450,3,0
430,1220,452,3,0
432,1220,454,3,0
434,1220,412,0,3
423,1221,445,3,0
426,1221,404,0,3
430,1221,452,3,0
432,1221,454,3,0
434,1221,412,0,3
423,1222,445,3,0
426,1222,404,0,3
430,1222,452,3,0
432,1222,454,3,0
434,1222,412,0,3
423,1223,445,3,0
432,1223,454,3,0
434,1223,412,0,3
423,1224,445,3,0
432,1224,454,3,0
434,1224,412,0,3
423,1225,445,3,0
434,1225,412,0,3
434,1226,412,0,3
423,1227,445,3,0
434,1227,412,0,3
435,1227,457,3,0
421,1228,443,3,0
423,1228,445,3,0
434,1228,412,0,3
435,1228,457,3,0
421,1229,443,3,0
423,1229,445,3,0
434,1229,412,0,3
435,1229,457,3,0
437,1229,459,3,0
421,1230,443,3,0
423,1230,445,3,0
434,1230,412,0,3
435,1230,457,3,0
437,1230,459,3,0
438,1230,416,0,3
421,1231,443,3,0
423,1231,445,3,0
434,1231,412,0,3
435,1231,457,3,0
437,1231,459,3,0
438,1231,416,0,3
439,1231,417,0,3
443,1232,465,3,0
445,1232,467,3,0
456,1232,434,0,3
457,1232,479,3,0
459,1232,481,3,0
460,1232,438,0,3
443,1233,465,3,0
445,1233,467,3,0
456,1233,434,0,3
457,1233,479,3,0
459,1233,481,3,0
443,1234,465,3,0
445,1234,467,3,0
456,1234,434,0,3
457,1234,479,3,0
443,1235,465,3,0
445,1235,467,3,0
456,1235,434,0,3
457,1235,479,3,0
445,1236,467,3,0
456,1236,434,0,3
445,1237,467,3,0
445,1238,467,3,0
446,1238,468,3,0
455,1238,433,0,3
456,1238,434,0,3
445,1239,467,3,0
446,1239,468,3,0
454,1239,476,3,0
455,1239,433,0,3
456,1239,434,0,3
445,1240,467,3,0
446,1240,468,3,0
448,1240,426,0,3
454,1240,476,3,0
455,1240,433,0,3
456,1240,434,0,3
445,1241,467,3,0
446,1241,468,3,0
448,1241,426,0,3
452,1241,474,3,0
454,1241,476,3,0
455,1241,433,0,3
456,1241,434,0,3
445,1242,467,3,0
446,1242,468,3,0
448,1242,426,0,3
450,1242,472,3,0
452,1242,474,3,0
454,1242,476,3,0
455,1242,433,0,3
456,1242,434,0,3
445,1243,467,3,0
446,1243,468,3,0
448,1243,426,0,3
452,1243,474,3,0
454,1243,476,3,0
455,1243,433,0,3
456,1243,434,0,3
445,1244,467,3,0
446,1244,468,3,0
448,1244,426,0,3
452,1244,474,3,0
454,1244,476,3,0
455,1244,433,0,3
456,1244,434,0,3
445,1245,467,3,0
446,1245,468,3,0
454,1245,476,3,0
455,1245,433,0,3
456,1245,434,0,3
445,1246,467,3,0
446,1246,468,3,0
454,1246,476,3,0
455,1246,433,0,3
456,1246,434,0,3
455,1247,433,0,3
456,1247,434,0,3
456,1248,434,0,3
445,1249,467,3,0
456,1249,434,0,3
457,1249,479,3,0
443,1250,465,3,0
445,1250,467,3,0
456,1250,434,0,3
457,1250,479,3,0
443,1251,465,3,0
445,1251,467,3,0
456,1251,434,0,3
457,1251,479,3,0
459,1251,481,3,0
443,1252,465,3,0
445,1252,467,3,0
456,1252,434,0,3
457,1252,479,3,0
459,1252,481,3,0
460,1252,438,0,3
443,1253,465,3,0
445,1253,467,3,0
456,1253,434,0,3
457,1253,479,3,0
459,1253,481,3,0
460,1253,438,0,3
461,1253,439,0,3
465,1254,487,3,0
467,1254,489,3,0
478,1254,456,0,3
479,1254,501,3,0
481,1254,503,3,0
482,1254,460,0,3
465,1255,487,3,0
467,1255,489,3,0
478,1255,456,0,3
479,1255,501,3,0
481,1255,503,3,0
465,1256,487,3,0
467,1256,489,3,0
478,1256,456,0,3
479,1256,501,3,0
465,1257,487,3,0
467,1257,489,3,0
478,1257,456,0,3
479,1257,501,3,0
467,1258,489,3,0
478,1258,456,0,3
467,1259,489,3,0
478,1259,456,0,3
467,1260,489,3,0
468,1260,490,3,0
477,1260,455,0,3
478,1260,456,0,3
467,1261,489,3,0
468,1261,490,3,0
476,1261,498,3,0
477,1261,455,0,3
478,1261,456,0,3
467,1262,489,3,0
468,1262,490,3,0
470,1262,448,0,3
476,1262,498,3,0
477,1262,455,0,3
478,1262,456,0,3
467,1263,489,3,0
468,1263,490,3,0
470,1263,448,0,3
476,1263,498,3,0
477,1263,455,0,3
478,1263,456,0,3
467,1264,489,3,0
468,1264,490,3,0
470,1264,448,0,3
472,1264,494,3,0
476,1264,498,3,0
477,1264,455,0,3
478,1264,456,0,3
467,1265,489,3,0
468,1265,490,3,0
470,1265,448,0,3
476,1265,498,3,0
477,1265,455,0,3
478,1265,456,0,3
467,1266,489,3,0
468,1266,490,3,0
470,1266,448,0,3
476,1266,498,3,0
477,1266,455,0,3
478,1266,456,0,3
467,1267,489,3,0
468,1267,490,3,0
476,1267,498,3,0
477,1267,455,0,3
478,1267,456,0,3
467,1268,489,3,0
468,1268,490,3,0
476,1268,498,3,0
477,1268,455,0,3
478,1268,456,0,3
467,1269,489,3,0
477,1269,455,0,3
478,1269,456,0,3
478,1270,456,0,3
467,1271,489,3,0
478,1271,456,0,3
479,1271,501,3,0
465,1272,487,3,0
467,1272,489,3,0
478,1272,456,0,3
479,1272,501,3,0
465,1273,487,3,0
467,1273,489,3,0
478,1273,456,0,3
479,1273,501,3,0
481,1273,503,3,0
465,1274,487,3,0
467,1274,489,3,0
478,1274,456,0,3
479,1274,501,3,0
481,1274,503,3,0
482,1274,460,0,3
465,1275,487,3,0
467,1275,489,3,0
478,1275,456,0,3
479,1275,501,3,0
481,1275,503,3,0
482,1275,460,0,3
483,1275,461,0,3
487,1276,509,3,0
489,1276,511,3,0
500,1276,478,0,3
501,1276,523,3,0
503,1276,525,3,0
504,1276,482,0,3
487,1277,509,3,0
489,1277,511,3,0
500,1277,478,0,3
501,1277,523,3,0
503,1277,525,3,0
487,1278,509,3,0
489,1278,511,3,0
500,1278,478,0,3
501,1278,523,3,0
487,1279,509,3,0
489,1279,511,3,0
500,1279,478,0,3
501,1279,523,3,0
489,1280,511,3,0
500,1280,478,0,3
489,1281,511,3,0
489,1282,511,3,0
490,1282,512,3,0
499,1282,477,0,3
500,1282,478,0,3
489,1283,511,3,0
490,1283,512,3,0
498,1283,520,3,0
499,1283,477,0,3
500,1283,478,0,3
489,1284,511,3,0
490,1284,512,3,0
492,1284,470,0,3
498,1284,520,3,0
499,1284,477,0,3
500,1284,478,0,3
489,1285,511,3,0
490,1285,512,3,0
492,1285,470,0,3
496,1285,518,3,0
498,1285,520,3,0
499,1285,477,0,3
500,1285,478,0,3
489,1286,511,3,0
490,1286,512,3,0
492,1286,470,0,3
494,1286,516,3,0
496,1286,518,3,0
498,1286,520,3,0
499,1286,477,0,3
500,1286,478,0,3
489,1287,511,3,0
490,1287,512,3,0
492,1287,470,0,3
496,1287,518,3,0
498,1287,520,3,0
499,1287,477,0,3
500,1287,478,0,3
489,1288,511,3,0
490,1288,512,3,0
492,1288,470,0,3
496,1288,518,3,0
498,1288,520,3,0
499,1288,477,0,3
500,1288,478,0,3
489,1289,511,3,0
490,1289,512,3,0
498,1289,520,3,0
499,1289,477,0,3
500,1289,478,0,3
489,1290,511,3,0
490,1290,512,3,0
498,1290,520,3,0
499,1290,477,0,3
500,1290,478,0,3
499,1291,477,0,3
500,1291,478,0,3
500,1292,478,0,3
489,1293,511,3,0
500,1293,478,0,3
501,1293,523,3,0
487,1294,509,3,0
489,1294,511,3,0
500,1294,478,0,3
501,1294,523,3,0
487,1295,509,3,0
489,1295,511,3,0
500,1295,478,0,3
501,1295,523,3,0
503,1295,525,3,0
487,1296,509,3,0
489,1296,511,3,0
500,1296,478,0,3
501,1296,523,3,0
503,1296,525,3,0
504,1296,482,0,3
487,1297,509,3,0
489,1297,511,3,0
500,1297,478,0,3
501,1297,523,3,0
503,1297,525,3,0
504,1297,482,0,3
505,1297,483,0,3
507,1298,485,0,3
509,1298,531,3,0
522,1298,500,0,3
525,1298,547,3,0
507,1299,485,0,3
509,1299,531,3,0
522,1299,500,0,3
525,1299,547,3,0
509,1300,531,3,0
522,1300,500,0,3
509,1301,531,3,0
522,1301,500,0,3
522,1302,500,0,3
522,1303,500,0,3
512,1304,534,3,0
521,1304,499,0,3
522,1304,500,0,3
512,1305,534,3,0
513,1305,491,0,3
520,1305,542,3,0
521,1305,499,0,3
522,1305,500,0,3
512,1306,534,3,0
513,1306,491,0,3
514,1306,492,0,3
519,1306,541,3,0
520,1306,542,3,0
521,1306,499,0,3
522,1306,500,0,3
512,1307,534,3,0
513,1307,491,0,3
514,1307,492,0,3
518,1307,540,3,0
519,1307,541,3,0
520,1307,542,3,0
521,1307,499,0,3
522,1307,500,0,3
512,1308,534,3,0
513,1308,491,0,3
514,1308,492,0,3
516,1308,538,3,0
518,1308,540,3,0
519,1308,541,3,0
520,1308,542,3,0
521,1308,499,0,3
522,1308,500,0,3
512,1309,534,3,0
513,1309,491,0,3
514,1309,492,0,3
518,1309,540,3,0
519,1309,541,3,0
520,1309,542,3,0
521,1309,499,0,3
522,1309,500,0,3
512,1310,534,3,0
513,1310,491,0,3
514,1310,492,0,3
518,1310,540,3,0
519,1310,541,3,0
520,1310,542,3,0
521,1310,499,0,3
522,1310,500,0,3
512,1311,534,3,0
513,1311,491,0,3
519,1311,541,3,0
520,1311,542,3,0
521,1311,499,0,3
522,1311,500,0,3
512,1312,534,3,0
520,1312,542,3,0
521,1312,499,0,3
522,1312,500,0,3
521,1313,499,0,3
522,1313,500,0,3
522,1314,500,0,3
522,1315,500,0,3
509,1316,531,3,0
522,1316,500,0,3
509,1317,531,3,0
522,1317,500,0,3
525,1317,547,3,0
507,1318,485,0,3
509,1318,531,3,0
522,1318,500,0,3
525,1318,547,3,0
507,1319,485,0,3
509,1319,531,3,0
522,1319,500,0,3
525,1319,547,3,0
527,1319,505,0,3
529,1320,507,0,3
531,1320,553,3,0
547,1320,569,3,0
529,1321,507,0,3
531,1321,553,3,0
547,1321,569,3,0
531,1322,553,3,0
531,1323,553,3,0
534,1326,556,3,0
534,1327,556,3,0
535,1327,513,0,3
542,1327,564,3,0
534,1328,556,3,0
535,1328,513,0,3
536,1328,514,0,3
542,1328,564,3,0
534,1329,556,3,0
535,1329,513,0,3
536,1329,514,0,3
540,1329,562,3,0
542,1329,564,3,0
534,1330,556,3,0
535,1330,513,0,3
536,1330,514,0,3
538,1330,560,3,0
540,1330,562,3,0
542,1330,564,3,0
534,1331,556,3,0
535,1331,513,0,3
536,1331,514,0,3
540,1331,562,3,0
542,1331,564,3,0
534,1332,556,3,0
535,1332,513,0,3
536,1332,514,0,3
540,1332,562,3,0
542,1332,564,3,0
534,1333,556,3,0
535,1333,513,0,3
542,1333,564,3,0
534,1334,556,3,0
542,1334,564,3,0
531,1338,553,3,0
531,1339,553,3,0
547,1339,569,3,0
529,1340,507,0,3
531,1340,553,3,0
547,1340,569,3,0
529,1341,507,0,3
531,1341,553,3,0
547,1341,569,3,0
549,1341,527,0,3
551,1342,529,0,3
553,1342,575,3,0
569,1342,591,3,0
551,1343,529,0,3
553,1343,575,3,0
569,1343,591,3,0
553,1344,575,3,0
553,1345,575,3,0
556,1348,578,3,0
556,1349,578,3,0
557,1349,535,0,3
564,1349,586,3,0
556,1350,578,3,0
557,1350,535,0,3
558,1350,536,0,3
564,1350,586,3,0
556,1351,578,3,0
557,1351,535,0,3
558,1351,536,0,3
562,1351,584,3,0
564,1351,586,3,0
556,1352,578,3,0
557,1352,535,0,3
558,1352,536,0,3
560,1352,582,3,0
562,1352,584,3,0
564,1352,586,3,0
556,1353,578,3,0
557,1353,535,0,3
558,1353,536,0,3
562,1353,584,3,0
564,1353,586,3,0
556,1354,578,3,0
557,1354,535,0,3
558,1354,536,0,3
562,1354,584,3,0
564,1354,586,3,0
556,1355,578,3,0
557,1355,535,0,3
564,1355,586,3,0
556,1356,578,3,0
564,1356,586,3,0
553,1360,575,3,0
553,1361,575,3,0
569,1361,591,3,0
551,1362,529,0,3
553,1362,575,3,0
569,1362,591,3,0
551,1363,529,0,3
553,1363,575,3,0
569,1363,591,3,0
571,1363,549,0,3
573,1364,551,0,3
577,1364,599,3,0
590,1364,612,3,0
591,1364,613,3,0
573,1365,551,0,3
577,1365,599,3,0
590,1365,612,3,0
591,1365,613,3,0
577,1366,599,3,0
590,1366,612,3,0
577,1367,599,3,0
577,1368,599,3,0
577,1369,599,3,0
577,1370,599,3,0
578,1370,600,3,0
577,1371,599,3,0
578,1371,600,3,0
579,1371,557,0,3
586,1371,608,3,0
577,1372,599,3,0
578,1372,600,3,0
579,1372,557,0,3
580,1372,558,0,3
585,1372,607,3,0
586,1372,608,3,0
577,1373,599,3,0
578,1373,600,3,0
579,1373,557,0,3
580,1373,558,0,3
584,1373,606,3,0
585,1373,607,3,0
586,1373,608,3,0
577,1374,599,3,0
578,1374,600,3,0
579,1374,557,0,3
580,1374,558,0,3
582,1374,604,3,0
584,1374,606,3,0
585,1374,607,3,0
586,1374,608,3,0
577,1375,599,3,0
578,1375,600,3,0
579,1375,557,0,3
580,1375,558,0,3
584,1375,606,3,0
585,1375,607,3,0
586,1375,608,3,0
577,1376,599,3,0
578,1376,600,3,0
579,1376,557,0,3
580,1376,558,0,3
584,1376,606,3,0
585,1376,607,3,0
586,1376,608,3,0
577,1377,599,3,0
578,1377,600,3,0
579,1377,557,0,3
585,1377,607,3,0
586,1377,608,3,0
577,1378,599,3,0
578,1378,600,3,0
586,1378,608,3,0
577,1381,599,3,0
577,1382,599,3,0
590,1382,612,3,0
577,1383,599,3,0
590,1383,612,3,0
591,1383,613,3,0
573,1384,551,0,3
577,1384,599,3,0
590,1384,612,3,0
591,1384,613,3,0
573,1385,551,0,3
577,1385,599,3,0
590,1385,612,3,0
591,1385,613,3,0
593,1385,571,0,3
595,1386,573,0,3
596,1386,574,0,3
599,1386,621,3,0
613,1386,635,3,0
595,1387,573,0,3
596,1387,574,0,3
599,1387,621,3,0
613,1387,635,3,0
596,1388,574,0,3
599,1388,621,3,0
599,1389,621,3,0
599,1390,621,3,0
599,1391,621,3,0
599,1392,621,3,0
600,1392,622,3,0
599,1393,621,3,0
600,1393,622,3,0
601,1393,579,0,3
608,1393,630,3,0
599,1394,621,3,0
600,1394,622,3,0
601,1394,579,0,3
602,1394,580,0,3
607,1394,629,3,0
608,1394,630,3,0
599,1395,621,3,0
600,1395,622,3,0
601,1395,579,0,3
602,1395,580,0,3
606,1395,628,3,0
607,1395,629,3,0
608,1395,630,3,0
599,1396,621,3,0
600,1396,622,3,0
601,1396,579,0,3
602,1396,580,0,3
604,1396,626,3,0
606,1396,628,3,0
607,1396,629,3,0
608,1396,630,3,0
599,1397,621,3,0
600,1397,622,3,0
601,1397,579,0,3
602,1397,580,0,3
606,1397,628,3,0
607,1397,629,3,0
608,1397,630,3,0
599,1398,621,3,0
600,1398,622,3,0
601,1398,579,0,3
602,1398,580,0,3
606,1398,628,3,0
607,1398,629,3,0
608,1398,630,3,0
599,1399,621,3,0
600,1399,622,3,0
601,1399,579,0,3
607,1399,629,3,0
608,1399,630,3,0
599,1400,621,3,0
600,1400,622,3,0
608,1400,630,3,0
599,1401,621,3,0
599,1403,621,3,0
599,1404,621,3,0
596,1405,574,0,3
599,1405,621,3,0
613,1405,635,3,0
595,1406,573,0,3
596,1406,574,0,3
599,1406,621,3,0
613,1406,635,3,0
595,1407,573,0,3
596,1407,574,0,3
599,1407,621,3,0
613,1407,635,3,0
615,1407,593,0,3
617,1408,595,0,3
635,1408,657,3,0
617,1409,595,0,3
635,1409,657,3,0
622,1414,644,3,0
622,1415,644,3,0
623,1415,601,0,3
630,1415,652,3,0
622,1416,644,3,0
623,1416,601,0,3
624,1416,602,0,3
629,1416,651,3,0
630,1416,652,3,0
622,1417,644,3,0
623,1417,601,0,3
624,1417,602,0,3
628,1417,650,3,0
629,1417,651,3,0
630,1417,652,3,0
622,1418,644,3,0
623,1418,601,0,3
624,1418,602,0,3
626,1418,648,3,0
628,1418,650,3,0
629,1418,651,3,0
630,1418,652,3,0
622,1419,644,3,0
623,1419,601,0,3
624,1419,602,0,3
628,1419,650,3,0
629,1419,651,3,0
630,1419,652,3,0
622,1420,644,3,0
623,1420,601,0,3
624,1420,602,0,3
628,1420,650,3,0
629,1420,651,3,0
630,1420,652,3,0
622,1421,644,3,0
623,1421,601,0,3
629,1421,651,3,0
630,1421,652,3,0
622,1422,644,3,0
630,1422,652,3,0
635,1427,657,3,0
617,1428,595,0,3
635,1428,657,3,0
617,1429,595,0,3
635,1429,657,3,0
637,1429,615,0,3
639,1430,617,0,3
642,1430,620,0,3
657,1430,679,3,0
639,1431,617,0,3
642,1431,620,0,3
657,1431,679,3,0
642,1432,620,0,3
642,1433,620,0,3
642,1434,620,0,3
644,1436,666,3,0
644,1437,666,3,0
652,1437,674,3,0
644,1438,666,3,0
646,1438,624,0,3
651,1438,673,3,0
652,1438,674,3,0
644,1439,666,3,0
646,1439,624,0,3
650,1439,672,3,0
651,1439,673,3,0
652,1439,674,3,0
644,1440,666,3,0
646,1440,624,0,3
649,1440,671,3,0
650,1440,672,3,0
651,1440,673,3,0
652,1440,674,3,0
644,1441,666,3,0
646,1441,624,0,3
649,1441,671,3,0
650,1441,672,3,0
651,1441,673,3,0
652,1441,674,3,0
644,1442,666,3,0
646,1442,624,0,3
650,1442,672,3,0
651,1442,673,3,0
652,1442,674,3,0
644,1443,666,3,0
651,1443,673,3,0
652,1443,674,3,0
644,1444,666,3,0
652,1444,674,3,0
642,1447,620,0,3
642,1448,620,0,3
642,1449,620,0,3
657,1449,679,3,0
639,1450,617,0,3
642,1450,620,0,3
657,1450,679,3,0
639,1451,617,0,3
642,1451,620,0,3
657,1451,679,3,0
659,1451,637,0,3
662,1452,684,3,0
663,1452,641,0,3
679,1452,701,3,0
680,1452,702,3,0
662,1453,684,3,0
663,1453,641,0,3
679,1453,701,3,0
662,1454,684,3,0
663,1454,641,0,3
663,1455,641,0,3
674,1459,696,3,0
668,1460,646,0,3
673,1460,695,3,0
674,1460,696,3,0
668,1461,646,0,3
673,1461,695,3,0
674,1461,696,3,0
668,1462,646,0,3
671,1462,693,3,0
673,1462,695,3,0
674,1462,696,3,0
668,1463,646,0,3
671,1463,693,3,0
673,1463,695,3,0
674,1463,696,3,0
668,1464,646,0,3
673,1464,695,3,0
674,1464,696,3,0
673,1465,695,3,0
674,1465,696,3,0
674,1466,696,3,0
663,1470,641,0,3
662,1471,684,3,0
663,1471,641,0,3
679,1471,701,3,0
662,1472,684,3,0
663,1472,641,0,3
679,1472,701,3,0
680,1472,702,3,0
662,1473,684,3,0
663,1473,641,0,3
679,1473,701,3,0
680,1473,702,3,0
681,1473,659,0,3
682,1474,704,2,0
684,1474,706,3,0
685,1474,663,0,3
687,1474,709,3,0
701,1474,723,3,0
702,1474,724,3,0
684,1475,706,3,0
685,1475,663,0,3
687,1475,709,3,0
701,1475,723,3,0
684,1476,706,3,0
685,1476,663,0,3
687,1476,709,3,0
685,1477,663,0,3
687,1477,709,3,0
687,1478,709,3,0
687,1479,709,3,0
687,1480,709,3,0
687,1481,709,3,0
687,1482,709,3,0
690,1482,668,0,3
695,1482,717,3,0
687,1483,709,3,0
690,1483,668,0,3
695,1483,717,3,0
687,1484,709,3,0
690,1484,668,0,3
692,1484,714,3,0
693,1484,715,3,0
695,1484,717,3,0
687,1485,709,3,0
690,1485,668,0,3
693,1485,715,3,0
695,1485,717,3,0
687,1486,709,3,0
690,1486,668,0,3
695,1486,717,3,0
687,1487,709,3,0
695,1487,717,3,0
687,1488,709,3,0
687,1489,709,3,0
687,1491,709,3,0
685,1492,663,0,3
687,1492,709,3,0
684,1493,706,3,0
685,1493,663,0,3
687,1493,709,3,0
701,1493,723,3,0
684,1494,706,3,0
685,1494,663,0,3
687,1494,709,3,0
701,1494,723,3,0
702,1494,724,3,0
682,1495,704,2,0
684,1495,706,3,0
685,1495,663,0,3
687,1495,709,3,0
701,1495,723,3,0
702,1495,724,3,0
703,1495,681,0,3
704,1496,726,2,0
709,1496,687,0,3
720,1496,698,0,3
723,1496,745,3,0
724,1496,746,3,0
709,1497,687,0,3
720,1497,698,0,3
723,1497,745,3,0
709,1498,687,0,3
720,1498,698,0,3
709,1499,687,0,3
720,1499,698,0,3
709,1500,687,0,3
720,1500,698,0,3
709,1501,687,0,3
709,1502,687,0,3
720,1502,698,0,3
709,1503,687,0,3
720,1503,698,0,3
709,1504,687,0,3
717,1504,739,3,0
720,1504,698,0,3
709,1505,687,0,3
716,1505,738,3,0
717,1505,739,3,0
720,1505,698,0,3
709,1506,687,0,3
714,1506,736,3,0
716,1506,738,3,0
717,1506,739,3,0
720,1506,698,0,3
709,1507,687,0,3
716,1507,738,3,0
717,1507,739,3,0
720,1507,698,0,3
709,1508,687,0,3
716,1508,738,3,0
717,1508,739,3,0
720,1508,698,0,3
709,1509,687,0,3
717,1509,739,3,0
720,1509,698,0,3
709,1510,687,0,3
720,1510,698,0,3
720,1511,698,0,3
720,1512,698,0,3
709,1513,687,0,3
720,1513,698,0,3
709,1514,687,0,3
720,1514,698,0,3
709,1515,687,0,3
720,1515,698,0,3
723,1515,745,3,0
709,1516,687,0,3
720,1516,698,0,3
723,1516,745,3,0
724,1516,746,3,0
704,1517,726,2,0
709,1517,687,0,3
720,1517,698,0,3
723,1517,745,3,0
724,1517,746,3,0
726,1518,748,2,0
730,1518,708,0,3
742,1518,720,0,3
746,1518,768,3,0
730,1519,708,0,3
742,1519,720,0,3
730,1520,708,0,3
742,1520,720,0,3
730,1521,708,0,3
742,1521,720,0,3
730,1522,708,0,3
742,1522,720,0,3
742,1523,720,0,3
732,1524,754,3,0
741,1524,763,3,0
742,1524,720,0,3
732,1525,754,3,0
741,1525,763,3,0
742,1525,720,0,3
732,1526,754,3,0
734,1526,712,0,3
739,1526,761,3,0
741,1526,763,3,0
742,1526,720,0,3
732,1527,754,3,0
734,1527,712,0,3
738,1527,760,3,0
739,1527,761,3,0
741,1527,763,3,0
742,1527,720,0,3
732,1528,754,3,0
734,1528,712,0,3
738,1528,760,3,0
739,1528,761,3,0
741,1528,763,3,0
742,1528,720,0,3
732,1529,754,3,0
734,1529,712,0,3
738,1529,760,3,0
739,1529,761,3,0
741,1529,763,3,0
742,1529,720,0,3
732,1530,754,3,0
734,1530,712,0,3
738,1530,760,3,0
739,1530,761,3,0
741,1530,763,3,0
742,1530,720,0,3
732,1531,754,3,0
739,1531,761,3,0
741,1531,763,3,0
742,1531,720,0,3
732,1532,754,3,0
741,1532,763,3,0
742,1532,720,0,3
741,1533,763,3,0
742,1533,720,0,3
742,1534,720,0,3
730,1535,708,0,3
742,1535,720,0,3
730,1536,708,0,3
742,1536,720,0,3
730,1537,708,0,3
742,1537,720,0,3
730,1538,708,0,3
742,1538,720,0,3
746,1538,768,3,0
726,1539,748,2,0
730,1539,708,0,3
742,1539,720,0,3
746,1539,768,3,0
747,1539,725,0,3
748,1540,770,2,0
750,1540,728,0,3
764,1540,742,0,3
768,1540,790,3,0
750,1541,728,0,3
764,1541,742,0,3
750,1542,728,0,3
764,1542,742,0,3
764,1543,742,0,3
764,1544,742,0,3
763,1546,785,3,0
764,1546,742,0,3
762,1547,740,0,3
763,1547,785,3,0
764,1547,742,0,3
761,1548,783,3,0
762,1548,740,0,3
763,1548,785,3,0
764,1548,742,0,3
760,1549,782,3,0
761,1549,783,3,0
762,1549,740,0,3
763,1549,785,3,0
764,1549,742,0,3
758,1550,780,3,0
760,1550,782,3,0
761,1550,783,3,0
762,1550,740,0,3
763,1550,785,3,0
764,1550,742,0,3
760,1551,782,3,0
761,1551,783,3,0
762,1551,740,0,3
763,1551,785,3,0
764,1551,742,0,3
760,1552,782,3,0
761,1552,783,3,0
762,1552,740,0,3
763,1552,785,3,0
764,1552,742,0,3
761,1553,783,3,0
762,1553,740,0,3
763,1553,785,3,0
764,1553,742,0,3
762,1554,740,0,3
763,1554,785,3,0
764,1554,742,0,3
763,1555,785,3,0
764,1555,742,0,3
764,1556,742,0,3
764,1557,742,0,3
764,1558,742,0,3
750,1559,728,0,3
764,1559,742,0,3
750,1560,728,0,3
764,1560,742,0,3
768,1560,790,3,0
748,1561,770,2,0
750,1561,728,0,3
764,1561,742,0,3
768,1561,790,3,0
770,1562,792,2,0
772,1562,750,0,3
773,1562,751,0,3
786,1562,764,0,3
790,1562,812,3,0
772,1563,750,0,3
773,1563,751,0,3
786,1563,764,0,3
772,1564,750,0,3
773,1564,751,0,3
786,1564,764,0,3
773,1565,751,0,3
786,1565,764,0,3
786,1566,764,0,3
786,1567,764,0,3
785,1568,807,3,0
786,1568,764,0,3
785,1569,807,3,0
786,1569,764,0,3
783,1570,805,3,0
785,1570,807,3,0
786,1570,764,0,3
782,1571,804,3,0
783,1571,805,3,0
785,1571,807,3,0
786,1571,764,0,3
780,1572,802,3,0
781,1572,803,3,0
782,1572,804,3,0
783,1572,805,3,0
785,1572,807,3,0
786,1572,764,0,3
781,1573,803,3,0
782,1573,804,3,0
783,1573,805,3,0
785,1573,807,3,0
786,1573,764,0,3
782,1574,804,3,0
783,1574,805,3,0
785,1574,807,3,0
786,1574,764,0,3
783,1575,805,3,0
785,1575,807,3,0
786,1575,764,0,3
785,1576,807,3,0
786,1576,764,0,3
785,1577,807,3,0
786,1577,764,0,3
786,1578,764,0,3
786,1579,764,0,3
773,1580,751,0,3
786,1580,764,0,3
772,1581,750,0,3
773,1581,751,0,3
786,1581,764,0,3
772,1582,750,0,3
773,1582,751,0,3
786,1582,764,0,3
790,1582,812,3,0
770,1583,792,2,0
772,1583,750,0,3
773,1583,751,0,3
786,1583,764,0,3
790,1583,812,3,0
1124,1584,1146,3,0
1125,1584,1103,0,3
1127,1584,1105,0,3
1139,1584,1117,0,3
907,1585,885,0,3
918,1585,896,0,3
115,1586,137,3,0
118,1586,96,0,3
122,1586,144,3,0
126,1586,148,3,0
512,1587,534,3,0
513,1587,491,0,3
514,1587,492,0,3
516,1587,538,3,0
518,1587,540,3,0
519,1587,541,3,0
520,1587,542,3,0
521,1587,499,0,3
522,1587,500,0,3
685,1588,663,0,3
687,1588,709,3,0
1270,1589,1292,3,0
181,1590,203,3,0
191,1590,169,0,3
1103,1591,1081,0,3
1105,1591,1083,0,3
1117,1591,1095,0,3
1191,1592,1169,0,3
1193,1592,1171,0,3
1204,1592,1226,3,0
1205,1592,1183,0,3
1208,1592,1230,3,0
313,1593,335,3,0
314,1593,336,3,0
316,1593,294,0,3
318,1593,340,3,0
320,1593,342,3,0
322,1593,344,3,0
323,1593,301,0,3
924,1594,946,2,0
927,1594,905,0,3
929,1594,907,0,3
940,1594,918,0,3
945,1594,967,3,0
49,1595,71,3,0
52,1595,30,0,3
54,1595,32,0,3
57,1595,35,0,3
60,1595,82,3,0
