793,0,815,3,0
796,0,818,3,0
797,0,775,0,3
810,0,788,0,3
811,0,789,0,3
813,0,791,0,3
793,1,815,3,0
796,1,818,3,0
797,1,775,0,3
810,1,788,0,3
811,1,789,0,3
796,2,818,3,0
797,2,775,0,3
810,2,788,0,3
811,2,789,0,3
796,3,818,3,0
797,3,775,0,3
810,3,788,0,3
796,4,818,3,0
797,4,775,0,3
797,5,775,0,3
797,6,775,0,3
797,7,775,0,3
807,7,785,0,3
797,8,775,0,3
806,8,828,3,0
807,8,785,0,3
797,9,775,0,3
801,9,779,0,3
805,9,783,0,3
806,9,828,3,0
807,9,785,0,3
797,10,775,0,3
801,10,779,0,3
805,10,783,0,3
806,10,828,3,0
807,10,785,0,3
797,11,775,0,3
801,11,779,0,3
805,11,783,0,3
806,11,828,3,0
807,11,785,0,3
797,12,775,0,3
801,12,779,0,3
805,12,783,0,3
806,12,828,3,0
807,12,785,0,3
797,13,775,0,3
805,13,783,0,3
806,13,828,3,0
807,13,785,0,3
797,14,775,0,3
806,14,828,3,0
807,14,785,0,3
797,15,775,0,3
807,15,785,0,3
797,17,775,0,3
796,18,818,3,0
797,18,775,0,3
810,18,788,0,3
796,19,818,3,0
797,19,775,0,3
810,19,788,0,3
811,19,789,0,3
796,20,818,3,0
797,20,775,0,3
810,20,788,0,3
811,20,789,0,3
793,21,815,3,0
796,21,818,3,0
797,21,775,0,3
810,21,788,0,3
811,21,789,0,3
813,21,791,0,3
815,22,837,3,0
817,22,795,0,3
818,22,840,3,0
819,22,797,0,3
831,22,853,3,0
832,22,810,0,3
833,22,811,0,3
835,22,813,0,3
815,23,837,3,0
817,23,795,0,3
818,23,840,3,0
819,23,797,0,3
831,23,853,3,0
832,23,810,0,3
833,23,811,0,3
817,24,795,0,3
818,24,840,3,0
819,24,797,0,3
831,24,853,3,0
832,24,810,0,3
833,24,811,0,3
817,25,795,0,3
818,25,840,3,0
819,25,797,0,3
831,25,853,3,0
832,25,810,0,3
818,26,840,3,0
819,26,797,0,3
831,26,853,3,0
819,27,797,0,3
819,28,797,0,3
819,29,797,0,3
829,29,807,0,3
819,30,797,0,3
828,30,850,3,0
829,30,807,0,3
819,31,797,0,3
827,31,805,0,3
828,31,850,3,0
829,31,807,0,3
819,32,797,0,3
827,32,805,0,3
828,32,850,3,0
829,32,807,0,3
819,33,797,0,3
827,33,805,0,3
828,33,850,3,0
829,33,807,0,3
819,34,797,0,3
827,34,805,0,3
828,34,850,3,0
829,34,807,0,3
819,35,797,0,3
827,35,805,0,3
828,35,850,3,0
829,35,807,0,3
819,36,797,0,3
828,36,850,3,0
829,36,807,0,3
819,37,797,0,3
829,37,807,0,3
819,39,797,0,3
831,39,853,3,0
818,40,840,3,0
819,40,797,0,3
831,40,853,3,0
832,40,810,0,3
817,41,795,0,3
818,41,840,3,0
819,41,797,0,3
831,41,853,3,0
832,41,810,0,3
833,41,811,0,3
817,42,795,0,3
818,42,840,3,0
819,42,797,0,3
831,42,853,3,0
832,42,810,0,3
833,42,811,0,3
815,43,837,3,0
817,43,795,0,3
818,43,840,3,0
819,43,797,0,3
831,43,853,3,0
832,43,810,0,3
833,43,811,0,3
835,43,813,0,3
837,44,859,3,0
840,44,862,3,0
841,44,819,0,3
853,44,875,3,0
837,45,859,3,0
840,45,862,3,0
841,45,819,0,3
853,45,875,3,0
840,46,862,3,0
841,46,819,0,3
853,46,875,3,0
840,47,862,3,0
841,47,819,0,3
853,47,875,3,0
840,48,862,3,0
841,48,819,0,3
853,48,875,3,0
841,49,819,0,3
841,50,819,0,3
841,51,819,0,3
843,51,865,3,0
851,51,829,0,3
841,52,819,0,3
843,52,865,3,0
850,52,872,3,0
851,52,829,0,3
841,53,819,0,3
843,53,865,3,0
849,53,827,0,3
850,53,872,3,0
851,53,829,0,3
841,54,819,0,3
843,54,865,3,0
849,54,827,0,3
850,54,872,3,0
851,54,829,0,3
841,55,819,0,3
843,55,865,3,0
849,55,827,0,3
850,55,872,3,0
851,55,829,0,3
841,56,819,0,3
843,56,865,3,0
849,56,827,0,3
850,56,872,3,0
851,56,829,0,3
841,57,819,0,3
843,57,865,3,0
849,57,827,0,3
850,57,872,3,0
851,57,829,0,3
841,58,819,0,3
843,58,865,3,0
850,58,872,3,0
851,58,829,0,3
841,59,819,0,3
851,59,829,0,3
841,61,819,0,3
853,61,875,3,0
840,62,862,3,0
841,62,819,0,3
853,62,875,3,0
840,63,862,3,0
841,63,819,0,3
853,63,875,3,0
840,64,862,3,0
841,64,819,0,3
853,64,875,3,0
837,65,859,3,0
840,65,862,3,0
841,65,819,0,3
853,65,875,3,0
859,66,881,3,0
860,66,882,3,0
862,66,884,3,0
875,66,897,3,0
859,67,881,3,0
860,67,882,3,0
862,67,884,3,0
875,67,897,3,0
860,68,882,3,0
862,68,884,3,0
875,68,897,3,0
862,69,884,3,0
875,69,897,3,0
862,70,884,3,0
875,70,897,3,0
865,73,887,3,0
873,73,851,0,3
865,74,887,3,0
872,74,894,3,0
873,74,851,0,3
865,75,887,3,0
871,75,849,0,3
872,75,894,3,0
873,75,851,0,3
865,76,887,3,0
871,76,849,0,3
872,76,894,3,0
873,76,851,0,3
865,77,887,3,0
869,77,847,0,3
871,77,849,0,3
872,77,894,3,0
873,77,851,0,3
865,78,887,3,0
871,78,849,0,3
872,78,894,3,0
873,78,851,0,3
865,79,887,3,0
871,79,849,0,3
872,79,894,3,0
873,79,851,0,3
865,80,887,3,0
872,80,894,3,0
873,80,851,0,3
873,81,851,0,3
875,83,897,3,0
862,84,884,3,0
875,84,897,3,0
862,85,884,3,0
875,85,897,3,0
860,86,882,3,0
862,86,884,3,0
875,86,897,3,0
859,87,881,3,0
860,87,882,3,0
862,87,884,3,0
875,87,897,3,0
881,88,903,3,0
883,88,861,0,3
884,88,906,3,0
897,88,919,3,0
901,88,879,0,3
881,89,903,3,0
883,89,861,0,3
884,89,906,3,0
897,89,919,3,0
883,90,861,0,3
884,90,906,3,0
897,90,919,3,0
883,91,861,0,3
884,91,906,3,0
897,91,919,3,0
884,92,906,3,0
897,92,919,3,0
887,95,909,3,0
895,95,873,0,3
887,96,909,3,0
888,96,910,3,0
895,96,873,0,3
887,97,909,3,0
888,97,910,3,0
893,97,871,0,3
895,97,873,0,3
887,98,909,3,0
888,98,910,3,0
890,98,912,3,0
893,98,871,0,3
895,98,873,0,3
887,99,909,3,0
888,99,910,3,0
890,99,912,3,0
891,99,869,0,3
893,99,871,0,3
895,99,873,0,3
887,100,909,3,0
888,100,910,3,0
893,100,871,0,3
895,100,873,0,3
887,101,909,3,0
888,101,910,3,0
893,101,871,0,3
895,101,873,0,3
887,102,909,3,0
895,102,873,0,3
895,103,873,0,3
897,105,919,3,0
884,106,906,3,0
897,106,919,3,0
883,107,861,0,3
884,107,906,3,0
897,107,919,3,0
883,108,861,0,3
884,108,906,3,0
897,108,919,3,0
881,109,903,3,0
883,109,861,0,3
884,109,906,3,0
897,109,919,3,0
901,109,879,0,3
903,110,925,3,0
905,110,883,0,3
906,110,928,3,0
919,110,941,3,0
923,110,901,0,3
903,111,925,3,0
905,111,883,0,3
906,111,928,3,0
919,111,941,3,0
905,112,883,0,3
906,112,928,3,0
919,112,941,3,0
905,113,883,0,3
906,113,928,3,0
919,113,941,3,0
906,114,928,3,0
919,114,941,3,0
917,117,895,0,3
910,118,932,3,0
917,118,895,0,3
910,119,932,3,0
915,119,893,0,3
917,119,895,0,3
910,120,932,3,0
912,120,934,3,0
914,120,892,0,3
915,120,893,0,3
917,120,895,0,3
910,121,932,3,0
912,121,934,3,0
913,121,891,0,3
914,121,892,0,3
915,121,893,0,3
917,121,895,0,3
910,122,932,3,0
914,122,892,0,3
915,122,893,0,3
917,122,895,0,3
910,123,932,3,0
915,123,893,0,3
917,123,895,0,3
917,124,895,0,3
917,125,895,0,3
919,127,941,3,0
906,128,928,3,0
919,128,941,3,0
905,129,883,0,3
906,129,928,3,0
919,129,941,3,0
905,130,883,0,3
906,130,928,3,0
919,130,941,3,0
903,131,925,3,0
905,131,883,0,3
906,131,928,3,0
919,131,941,3,0
923,131,901,0,3
925,132,947,3,0
927,132,905,0,3
941,132,963,3,0
943,132,921,0,3
945,132,923,0,3
925,133,947,3,0
927,133,905,0,3
941,133,963,3,0
943,133,921,0,3
927,134,905,0,3
941,134,963,3,0
943,134,921,0,3
927,135,905,0,3
941,135,963,3,0
941,136,963,3,0
939,139,917,0,3
932,140,954,3,0
939,140,917,0,3
932,141,954,3,0
939,141,917,0,3
932,142,954,3,0
934,142,956,3,0
936,142,914,0,3
939,142,917,0,3
932,143,954,3,0
934,143,956,3,0
935,143,913,0,3
936,143,914,0,3
939,143,917,0,3
932,144,954,3,0
936,144,914,0,3
939,144,917,0,3
932,145,954,3,0
939,145,917,0,3
939,146,917,0,3
939,147,917,0,3
941,149,963,3,0
941,150,963,3,0
927,151,905,0,3
941,151,963,3,0
943,151,921,0,3
927,152,905,0,3
941,152,963,3,0
943,152,921,0,3
925,153,947,3,0
927,153,905,0,3
941,153,963,3,0
943,153,921,0,3
945,153,923,0,3
947,154,969,3,0
949,154,927,0,3
963,154,985,3,0
965,154,943,0,3
967,154,945,0,3
947,155,969,3,0
949,155,927,0,3
963,155,985,3,0
965,155,943,0,3
949,156,927,0,3
963,156,985,3,0
965,156,943,0,3
949,157,927,0,3
963,157,985,3,0
963,158,985,3,0
961,161,939,0,3
954,162,976,3,0
961,162,939,0,3
954,163,976,3,0
961,163,939,0,3
954,164,976,3,0
956,164,978,3,0
961,164,939,0,3
954,165,976,3,0
956,165,978,3,0
957,165,935,0,3
961,165,939,0,3
954,166,976,3,0
961,166,939,0,3
954,167,976,3,0
961,167,939,0,3
961,168,939,0,3
961,169,939,0,3
963,171,985,3,0
963,172,985,3,0
949,173,927,0,3
963,173,985,3,0
965,173,943,0,3
949,174,927,0,3
963,174,985,3,0
965,174,943,0,3
947,175,969,3,0
949,175,927,0,3
963,175,985,3,0
965,175,943,0,3
967,175,945,0,3
968,176,946,0,2
971,176,949,0,3
973,176,995,3,0
987,176,965,0,3
989,176,967,0,3
971,177,949,0,3
973,177,995,3,0
987,177,965,0,3
971,178,949,0,3
973,178,995,3,0
987,178,965,0,3
971,179,949,0,3
973,179,995,3,0
973,180,995,3,0
973,181,995,3,0
973,182,995,3,0
973,183,995,3,0
983,183,961,0,3
973,184,995,3,0
976,184,998,3,0
983,184,961,0,3
973,185,995,3,0
976,185,998,3,0
983,185,961,0,3
973,186,995,3,0
976,186,998,3,0
978,186,1000,3,0
983,186,961,0,3
973,187,995,3,0
976,187,998,3,0
978,187,1000,3,0
979,187,957,0,3
983,187,961,0,3
973,188,995,3,0
976,188,998,3,0
983,188,961,0,3
973,189,995,3,0
976,189,998,3,0
983,189,961,0,3
973,190,995,3,0
983,190,961,0,3
973,191,995,3,0
983,191,961,0,3
973,193,995,3,0
973,194,995,3,0
971,195,949,0,3
973,195,995,3,0
987,195,965,0,3
971,196,949,0,3
973,196,995,3,0
987,196,965,0,3
971,197,949,0,3
973,197,995,3,0
987,197,965,0,3
989,197,967,0,3
990,198,968,0,2
993,198,971,0,3
995,198,1017,3,0
1006,198,984,0,3
1007,198,1029,3,0
1008,198,986,0,3
1009,198,987,0,3
1011,198,989,0,3
993,199,971,0,3
995,199,1017,3,0
1006,199,984,0,3
1007,199,1029,3,0
1008,199,986,0,3
1009,199,987,0,3
993,200,971,0,3
995,200,1017,3,0
1006,200,984,0,3
1007,200,1029,3,0
1008,200,986,0,3
1009,200,987,0,3
993,201,971,0,3
995,201,1017,3,0
1006,201,984,0,3
1007,201,1029,3,0
1008,201,986,0,3
995,202,1017,3,0
1006,202,984,0,3
1007,202,1029,3,0
995,203,1017,3,0
995,204,1017,3,0
1006,204,984,0,3
995,205,1017,3,0
1005,205,983,0,3
1006,205,984,0,3
995,206,1017,3,0
998,206,1020,3,0
1005,206,983,0,3
1006,206,984,0,3
995,207,1017,3,0
998,207,1020,3,0
1005,207,983,0,3
1006,207,984,0,3
995,208,1017,3,0
998,208,1020,3,0
1005,208,983,0,3
1006,208,984,0,3
995,209,1017,3,0
998,209,1020,3,0
1001,209,979,0,3
1005,209,983,0,3
1006,209,984,0,3
995,210,1017,3,0
998,210,1020,3,0
1005,210,983,0,3
1006,210,984,0,3
995,211,1017,3,0
998,211,1020,3,0
1005,211,983,0,3
1006,211,984,0,3
995,212,1017,3,0
1005,212,983,0,3
1006,212,984,0,3
995,213,1017,3,0
1005,213,983,0,3
1006,213,984,0,3
1006,214,984,0,3
995,215,1017,3,0
1006,215,984,0,3
1007,215,1029,3,0
995,216,1017,3,0
1006,216,984,0,3
1007,216,1029,3,0
1008,216,986,0,3
993,217,971,0,3
995,217,1017,3,0
1006,217,984,0,3
1007,217,1029,3,0
1008,217,986,0,3
1009,217,987,0,3
993,218,971,0,3
995,218,1017,3,0
1006,218,984,0,3
1007,218,1029,3,0
1008,218,986,0,3
1009,218,987,0,3
993,219,971,0,3
995,219,1017,3,0
1006,219,984,0,3
1007,219,1029,3,0
1008,219,986,0,3
1009,219,987,0,3
1011,219,989,0,3
1017,220,1039,3,0
1030,220,1008,0,3
1031,220,1009,0,3
1032,220,1010,0,3
1033,220,1011,0,3
1017,221,1039,3,0
1030,221,1008,0,3
1031,221,1009,0,3
1032,221,1010,0,3
1017,222,1039,3,0
1030,222,1008,0,3
1031,222,1009,0,3
1017,223,1039,3,0
1030,223,1008,0,3
1017,224,1039,3,0
1017,225,1039,3,0
1017,226,1039,3,0
1017,227,1039,3,0
1027,227,1005,0,3
1017,228,1039,3,0
1020,228,1042,3,0
1027,228,1005,0,3
1017,229,1039,3,0
1020,229,1042,3,0
1027,229,1005,0,3
1017,230,1039,3,0
1020,230,1042,3,0
1024,230,1002,0,3
1027,230,1005,0,3
1017,231,1039,3,0
1020,231,1042,3,0
1023,231,1001,0,3
1024,231,1002,0,3
1027,231,1005,0,3
1017,232,1039,3,0
1020,232,1042,3,0
1024,232,1002,0,3
1027,232,1005,0,3
1017,233,1039,3,0
1020,233,1042,3,0
1027,233,1005,0,3
1017,234,1039,3,0
1027,234,1005,0,3
1017,235,1039,3,0
1027,235,1005,0,3
1017,237,1039,3,0
1017,238,1039,3,0
1030,238,1008,0,3
1017,239,1039,3,0
1030,239,1008,0,3
1031,239,1009,0,3
1017,240,1039,3,0
1030,240,1008,0,3
1031,240,1009,0,3
1032,240,1010,0,3
1017,241,1039,3,0
1030,241,1008,0,3
1031,241,1009,0,3
1032,241,1010,0,3
1033,241,1011,0,3
1052,242,1030,0,3
1053,242,1031,0,3
1054,242,1032,0,3
1055,242,1033,0,3
1052,243,1030,0,3
1053,243,1031,0,3
1054,243,1032,0,3
1052,244,1030,0,3
1053,244,1031,0,3
1052,245,1030,0,3
1049,249,1027,0,3
1042,250,1064,3,0
1049,250,1027,0,3
1042,251,1064,3,0
1049,251,1027,0,3
1042,252,1064,3,0
1046,252,1024,0,3
1049,252,1027,0,3
1042,253,1064,3,0
1045,253,1023,0,3
1046,253,1024,0,3
1049,253,1027,0,3
1042,254,1064,3,0
1046,254,1024,0,3
1049,254,1027,0,3
1042,255,1064,3,0
1049,255,1027,0,3
1049,256,1027,0,3
1049,257,1027,0,3
1052,260,1030,0,3
1052,261,1030,0,3
1053,261,1031,0,3
1052,262,1030,0,3
1053,262,1031,0,3
1054,262,1032,0,3
1052,263,1030,0,3
1053,263,1031,0,3
1054,263,1032,0,3
1055,263,1033,0,3
1057,264,1079,3,0
1073,264,1095,3,0
1074,264,1052,0,3
1075,264,1053,0,3
1076,264,1054,0,3
1077,264,1055,0,3
1057,265,1079,3,0
1073,265,1095,3,0
1074,265,1052,0,3
1075,265,1053,0,3
1076,265,1054,0,3
1073,266,1095,3,0
1074,266,1052,0,3
1075,266,1053,0,3
1073,267,1095,3,0
1074,267,1052,0,3
1073,268,1095,3,0
1071,271,1049,0,3
1064,272,1086,3,0
1071,272,1049,0,3
1064,273,1086,3,0
1065,273,1043,0,3
1071,273,1049,0,3
1064,274,1086,3,0
1065,274,1043,0,3
1068,274,1046,0,3
1071,274,1049,0,3
1064,275,1086,3,0
1065,275,1043,0,3
1067,275,1045,0,3
1068,275,1046,0,3
1071,275,1049,0,3
1064,276,1086,3,0
1065,276,1043,0,3
1068,276,1046,0,3
1071,276,1049,0,3
1064,277,1086,3,0
1071,277,1049,0,3
1071,278,1049,0,3
1071,279,1049,0,3
1073,281,1095,3,0
1073,282,1095,3,0
1074,282,1052,0,3
1073,283,1095,3,0
1074,283,1052,0,3
1075,283,1053,0,3
1073,284,1095,3,0
1074,284,1052,0,3
1075,284,1053,0,3
1076,284,1054,0,3
1057,285,1079,3,0
1073,285,1095,3,0
1074,285,1052,0,3
1075,285,1053,0,3
1076,285,1054,0,3
1077,285,1055,0,3
1079,286,1101,3,0
1095,286,1117,3,0
1096,286,1074,0,3
1097,286,1119,3,0
1098,286,1076,0,3
1099,286,1077,0,3
1079,287,1101,3,0
1095,287,1117,3,0
1096,287,1074,0,3
1097,287,1119,3,0
1098,287,1076,0,3
1095,288,1117,3,0
1096,288,1074,0,3
1097,288,1119,3,0
1095,289,1117,3,0
1096,289,1074,0,3
1095,290,1117,3,0
1085,293,1063,0,3
1093,293,1071,0,3
1085,294,1063,0,3
1086,294,1108,3,0
1093,294,1071,0,3
1085,295,1063,0,3
1086,295,1108,3,0
1087,295,1065,0,3
1091,295,1113,3,0
1093,295,1071,0,3
1085,296,1063,0,3
1086,296,1108,3,0
1087,296,1065,0,3
1090,296,1068,0,3
1091,296,1113,3,0
1093,296,1071,0,3
1085,297,1063,0,3
1086,297,1108,3,0
1087,297,1065,0,3
1089,297,1067,0,3
1090,297,1068,0,3
1091,297,1113,3,0
1093,297,1071,0,3
1085,298,1063,0,3
1086,298,1108,3,0
1087,298,1065,0,3
1090,298,1068,0,3
1091,298,1113,3,0
1093,298,1071,0,3
1085,299,1063,0,3
1086,299,1108,3,0
1091,299,1113,3,0
1093,299,1071,0,3
1085,300,1063,0,3
1093,300,1071,0,3
1093,301,1071,0,3
1095,303,1117,3,0
1095,304,1117,3,0
1096,304,1074,0,3
1095,305,1117,3,0
1096,305,1074,0,3
1097,305,1119,3,0
1095,306,1117,3,0
1096,306,1074,0,3
1097,306,1119,3,0
1098,306,1076,0,3
1079,307,1101,3,0
1095,307,1117,3,0
1096,307,1074,0,3
1097,307,1119,3,0
1098,307,1076,0,3
1099,307,1077,0,3
1101,308,1123,3,0
1117,308,1139,3,0
1119,308,1141,3,0
1120,308,1098,0,3
1121,308,1099,0,3
1101,309,1123,3,0
1117,309,1139,3,0
1119,309,1141,3,0
1120,309,1098,0,3
1117,310,1139,3,0
1119,310,1141,3,0
1117,311,1139,3,0
1117,312,1139,3,0
1107,315,1085,0,3
1115,315,1093,0,3
1107,316,1085,0,3
1108,316,1130,3,0
1115,316,1093,0,3
1107,317,1085,0,3
1108,317,1130,3,0
1113,317,1135,3,0
1115,317,1093,0,3
1107,318,1085,0,3
1108,318,1130,3,0
1110,318,1088,0,3
1112,318,1090,0,3
1113,318,1135,3,0
1115,318,1093,0,3
1107,319,1085,0,3
1108,319,1130,3,0
1110,319,1088,0,3
1111,319,1089,0,3
1112,319,1090,0,3
1113,319,1135,3,0
1115,319,1093,0,3
1107,320,1085,0,3
1108,320,1130,3,0
1112,320,1090,0,3
1113,320,1135,3,0
1115,320,1093,0,3
1107,321,1085,0,3
1108,321,1130,3,0
1113,321,1135,3,0
1115,321,1093,0,3
1107,322,1085,0,3
1115,322,1093,0,3
1115,323,1093,0,3
1117,325,1139,3,0
1117,326,1139,3,0
1117,327,1139,3,0
1119,327,1141,3,0
1117,328,1139,3,0
1119,328,1141,3,0
1120,328,1098,0,3
1101,329,1123,3,0
1117,329,1139,3,0
1119,329,1141,3,0
1120,329,1098,0,3
1121,329,1099,0,3
1123,330,1145,3,0
1125,330,1103,0,3
1138,330,1160,3,0
1139,330,1161,3,0
1141,330,1163,3,0
1142,330,1120,0,3
1143,330,1121,0,3
1123,331,1145,3,0
1125,331,1103,0,3
1138,331,1160,3,0
1139,331,1161,3,0
1141,331,1163,3,0
1142,331,1120,0,3
1125,332,1103,0,3
1138,332,1160,3,0
1139,332,1161,3,0
1141,332,1163,3,0
1125,333,1103,0,3
1138,333,1160,3,0
1139,333,1161,3,0
1138,334,1160,3,0
1139,334,1161,3,0
1138,336,1160,3,0
1129,337,1107,0,3
1137,337,1115,0,3
1138,337,1160,3,0
1129,338,1107,0,3
1130,338,1152,3,0
1137,338,1115,0,3
1138,338,1160,3,0
1129,339,1107,0,3
1130,339,1152,3,0
1135,339,1157,3,0
1137,339,1115,0,3
1138,339,1160,3,0
1129,340,1107,0,3
1130,340,1152,3,0
1132,340,1110,0,3
1135,340,1157,3,0
1137,340,1115,0,3
1138,340,1160,3,0
1129,341,1107,0,3
1130,341,1152,3,0
1132,341,1110,0,3
1133,341,1111,0,3
1135,341,1157,3,0
1137,341,1115,0,3
1138,341,1160,3,0
1129,342,1107,0,3
1130,342,1152,3,0
1135,342,1157,3,0
1137,342,1115,0,3
1138,342,1160,3,0
1129,343,1107,0,3
1130,343,1152,3,0
1135,343,1157,3,0
1137,343,1115,0,3
1138,343,1160,3,0
1129,344,1107,0,3
1137,344,1115,0,3
1138,344,1160,3,0
1137,345,1115,0,3
1138,345,1160,3,0
1138,346,1160,3,0
1138,347,1160,3,0
1139,347,1161,3,0
1138,348,1160,3,0
1139,348,1161,3,0
1125,349,1103,0,3
1138,349,1160,3,0
1139,349,1161,3,0
1141,349,1163,3,0
1125,350,1103,0,3
1138,350,1160,3,0
1139,350,1161,3,0
1141,350,1163,3,0
1142,350,1120,0,3
1123,351,1145,3,0
1125,351,1103,0,3
1138,351,1160,3,0
1139,351,1161,3,0
1141,351,1163,3,0
1142,351,1120,0,3
1143,351,1121,0,3
1145,352,1167,3,0
1147,352,1125,0,3
1160,352,1182,3,0
1161,352,1183,3,0
1163,352,1185,3,0
1164,352,1142,0,3
1145,353,1167,3,0
1147,353,1125,0,3
1160,353,1182,3,0
1161,353,1183,3,0
1163,353,1185,3,0
1164,353,1142,0,3
1147,354,1125,0,3
1160,354,1182,3,0
1161,354,1183,3,0
1163,354,1185,3,0
1147,355,1125,0,3
1160,355,1182,3,0
1161,355,1183,3,0
1160,356,1182,3,0
1161,356,1183,3,0
1160,357,1182,3,0
1160,358,1182,3,0
1151,359,1129,0,3
1159,359,1137,0,3
1160,359,1182,3,0
1151,360,1129,0,3
1152,360,1174,3,0
1159,360,1137,0,3
1160,360,1182,3,0
1151,361,1129,0,3
1152,361,1174,3,0
1157,361,1179,3,0
1159,361,1137,0,3
1160,361,1182,3,0
1151,362,1129,0,3
1152,362,1174,3,0
1154,362,1132,0,3
1157,362,1179,3,0
1159,362,1137,0,3
1160,362,1182,3,0
1151,363,1129,0,3
1152,363,1174,3,0
1154,363,1132,0,3
1155,363,1133,0,3
1157,363,1179,3,0
1159,363,1137,0,3
1160,363,1182,3,0
1151,364,1129,0,3
1152,364,1174,3,0
1157,364,1179,3,0
1159,364,1137,0,3
1160,364,1182,3,0
1151,365,1129,0,3
1152,365,1174,3,0
1157,365,1179,3,0
1159,365,1137,0,3
1160,365,1182,3,0
1151,366,1129,0,3
1159,366,1137,0,3
1160,366,1182,3,0
1159,367,1137,0,3
1160,367,1182,3,0
1160,368,1182,3,0
1160,369,1182,3,0
1161,369,1183,3,0
1160,370,1182,3,0
1161,370,1183,3,0
1147,371,1125,0,3
1160,371,1182,3,0
1161,371,1183,3,0
1163,371,1185,3,0
1147,372,1125,0,3
1160,372,1182,3,0
1161,372,1183,3,0
1163,372,1185,3,0
1164,372,1142,0,3
1145,373,1167,3,0
1147,373,1125,0,3
1160,373,1182,3,0
1161,373,1183,3,0
1163,373,1185,3,0
1164,373,1142,0,3
1169,374,1147,0,3
1183,374,1205,3,0
1185,374,1207,3,0
1186,374,1164,0,3
1169,375,1147,0,3
1183,375,1205,3,0
1185,375,1207,3,0
1186,375,1164,0,3
1169,376,1147,0,3
1183,376,1205,3,0
1185,376,1207,3,0
1169,377,1147,0,3
1183,377,1205,3,0
1183,378,1205,3,0
1173,381,1151,0,3
1181,381,1159,0,3
1173,382,1151,0,3
1174,382,1196,3,0
1181,382,1159,0,3
1173,383,1151,0,3
1174,383,1196,3,0
1179,383,1201,3,0
1181,383,1159,0,3
1173,384,1151,0,3
1174,384,1196,3,0
1176,384,1154,0,3
1179,384,1201,3,0
1181,384,1159,0,3
1173,385,1151,0,3
1174,385,1196,3,0
1176,385,1154,0,3
1177,385,1155,0,3
1179,385,1201,3,0
1181,385,1159,0,3
1173,386,1151,0,3
1174,386,1196,3,0
1179,386,1201,3,0
1181,386,1159,0,3
1173,387,1151,0,3
1174,387,1196,3,0
1179,387,1201,3,0
1181,387,1159,0,3
1173,388,1151,0,3
1181,388,1159,0,3
1181,389,1159,0,3
1183,391,1205,3,0
1183,392,1205,3,0
1169,393,1147,0,3
1183,393,1205,3,0
1185,393,1207,3,0
1169,394,1147,0,3
1183,394,1205,3,0
1185,394,1207,3,0
1186,394,1164,0,3
1169,395,1147,0,3
1183,395,1205,3,0
1185,395,1207,3,0
1186,395,1164,0,3
1191,396,1169,0,3
1205,396,1227,3,0
1207,396,1229,3,0
1208,396,1186,0,3
1191,397,1169,0,3
1205,397,1227,3,0
1207,397,1229,3,0
1208,397,1186,0,3
1191,398,1169,0,3
1205,398,1227,3,0
1207,398,1229,3,0
1191,399,1169,0,3
1205,399,1227,3,0
1205,400,1227,3,0
1195,403,1173,0,3
1203,403,1181,0,3
1195,404,1173,0,3
1203,404,1181,0,3
1195,405,1173,0,3
1203,405,1181,0,3
1195,406,1173,0,3
1198,406,1176,0,3
1203,406,1181,0,3
1195,407,1173,0,3
1198,407,1176,0,3
1199,407,1177,0,3
1203,407,1181,0,3
1195,408,1173,0,3
1203,408,1181,0,3
1195,409,1173,0,3
1203,409,1181,0,3
1195,410,1173,0,3
1203,410,1181,0,3
1203,411,1181,0,3
1205,413,1227,3,0
1205,414,1227,3,0
1191,415,1169,0,3
1205,415,1227,3,0
1207,415,1229,3,0
1191,416,1169,0,3
1205,416,1227,3,0
1207,416,1229,3,0
1208,416,1186,0,3
1191,417,1169,0,3
1205,417,1227,3,0
1207,417,1229,3,0
1208,417,1186,0,3
1211,418,1233,3,0
1227,418,1249,3,0
1229,418,1251,3,0
1230,418,1208,0,3
1211,419,1233,3,0
1227,419,1249,3,0
1229,419,1251,3,0
1230,419,1208,0,3
1227,420,1249,3,0
1229,420,1251,3,0
1227,421,1249,3,0
1227,422,1249,3,0
1217,425,1195,0,3
1225,425,1203,0,3
1217,426,1195,0,3
1225,426,1203,0,3
1217,427,1195,0,3
1225,427,1203,0,3
1217,428,1195,0,3
1220,428,1198,0,3
1225,428,1203,0,3
1217,429,1195,0,3
1220,429,1198,0,3
1221,429,1199,0,3
1225,429,1203,0,3
1217,430,1195,0,3
1225,430,1203,0,3
1217,431,1195,0,3
1225,431,1203,0,3
1217,432,1195,0,3
1225,432,1203,0,3
1225,433,1203,0,3
1227,435,1249,3,0
1227,436,1249,3,0
1227,437,1249,3,0
1229,437,1251,3,0
1227,438,1249,3,0
1229,438,1251,3,0
1230,438,1208,0,3
1211,439,1233,3,0
1227,439,1249,3,0
1229,439,1251,3,0
1230,439,1208,0,3
1235,440,1213,0,3
1248,440,1226,0,3
1249,440,1271,3,0
1251,440,1273,3,0
1252,440,1230,0,3
1235,441,1213,0,3
1248,441,1226,0,3
1249,441,1271,3,0
1251,441,1273,3,0
1252,441,1230,0,3
1235,442,1213,0,3
1248,442,1226,0,3
1249,442,1271,3,0
1251,442,1273,3,0
1235,443,1213,0,3
1248,443,1226,0,3
1249,443,1271,3,0
1248,444,1226,0,3
1249,444,1271,3,0
1248,445,1226,0,3
1248,446,1226,0,3
1239,447,1217,0,3
1247,447,1225,0,3
1248,447,1226,0,3
1239,448,1217,0,3
1240,448,1262,3,0
1247,448,1225,0,3
1248,448,1226,0,3
1239,449,1217,0,3
1240,449,1262,3,0
1245,449,1267,3,0
1247,449,1225,0,3
1248,449,1226,0,3
1239,450,1217,0,3
1240,450,1262,3,0
1242,450,1220,0,3
1245,450,1267,3,0
1247,450,1225,0,3
1248,450,1226,0,3
1239,451,1217,0,3
1240,451,1262,3,0
1242,451,1220,0,3
1243,451,1221,0,3
1245,451,1267,3,0
1247,451,1225,0,3
1248,451,1226,0,3
1239,452,1217,0,3
1240,452,1262,3,0
1245,452,1267,3,0
1247,452,1225,0,3
1248,452,1226,0,3
1239,453,1217,0,3
1240,453,1262,3,0
1245,453,1267,3,0
1247,453,1225,0,3
1248,453,1226,0,3
1239,454,1217,0,3
1247,454,1225,0,3
1248,454,1226,0,3
1247,455,1225,0,3
1248,455,1226,0,3
1248,456,1226,0,3
1248,457,1226,0,3
1249,457,1271,3,0
1248,458,1226,0,3
1249,458,1271,3,0
1235,459,1213,0,3
1248,459,1226,0,3
1249,459,1271,3,0
1251,459,1273,3,0
1235,460,1213,0,3
1248,460,1226,0,3
1249,460,1271,3,0
1251,460,1273,3,0
1252,460,1230,0,3
1235,461,1213,0,3
1248,461,1226,0,3
1249,461,1271,3,0
1251,461,1273,3,0
1252,461,1230,0,3
1270,462,1248,0,3
1271,462,1293,3,0
1274,462,1252,0,3
1270,463,1248,0,3
1271,463,1293,3,0
1274,463,1252,0,3
1270,464,1248,0,3
1271,464,1293,3,0
1270,465,1248,0,3
1271,465,1293,3,0
1270,466,1248,0,3
1271,466,1293,3,0
1270,468,1248,0,3
1261,469,1239,0,3
1269,469,1247,0,3
1270,469,1248,0,3
1261,470,1239,0,3
1262,470,1284,3,0
1268,470,1246,0,3
1269,470,1247,0,3
1270,470,1248,0,3
1261,471,1239,0,3
1262,471,1284,3,0
1268,471,1246,0,3
1269,471,1247,0,3
1270,471,1248,0,3
1261,472,1239,0,3
1262,472,1284,3,0
1264,472,1242,0,3
1268,472,1246,0,3
1269,472,1247,0,3
1270,472,1248,0,3
1261,473,1239,0,3
1262,473,1284,3,0
1264,473,1242,0,3
1265,473,1243,0,3
1268,473,1246,0,3
1269,473,1247,0,3
1270,473,1248,0,3
1261,474,1239,0,3
1262,474,1284,3,0
1268,474,1246,0,3
1269,474,1247,0,3
1270,474,1248,0,3
1261,475,1239,0,3
1262,475,1284,3,0
1268,475,1246,0,3
1269,475,1247,0,3
1270,475,1248,0,3
1261,476,1239,0,3
1268,476,1246,0,3
1269,476,1247,0,3
1270,476,1248,0,3
1269,477,1247,0,3
1270,477,1248,0,3
1270,478,1248,0,3
1270,479,1248,0,3
1271,479,1293,3,0
1270,480,1248,0,3
1271,480,1293,3,0
1270,481,1248,0,3
1271,481,1293,3,0
1270,482,1248,0,3
1271,482,1293,3,0
1274,482,1252,0,3
1270,483,1248,0,3
1271,483,1293,3,0
1274,483,1252,0,3
1279,484,1257,0,3
1292,484,1270,0,3
1293,484,1315,3,0
1296,484,1274,0,3
1279,485,1257,0,3
1292,485,1270,0,3
1293,485,1315,3,0
1296,485,1274,0,3
1279,486,1257,0,3
1292,486,1270,0,3
1293,486,1315,3,0
1279,487,1257,0,3
1292,487,1270,0,3
1293,487,1315,3,0
1292,488,1270,0,3
1293,488,1315,3,0
1292,489,1270,0,3
1292,490,1270,0,3
1283,491,1261,0,3
1291,491,1269,0,3
1292,491,1270,0,3
1283,492,1261,0,3
1284,492,1306,3,0
1291,492,1269,0,3
1292,492,1270,0,3
1283,493,1261,0,3
1284,493,1306,3,0
1291,493,1269,0,3
1292,493,1270,0,3
1283,494,1261,0,3
1284,494,1306,3,0
1286,494,1264,0,3
1291,494,1269,0,3
1292,494,1270,0,3
1283,495,1261,0,3
1284,495,1306,3,0
1286,495,1264,0,3
1287,495,1265,0,3
1291,495,1269,0,3
1292,495,1270,0,3
1283,496,1261,0,3
1284,496,1306,3,0
1291,496,1269,0,3
1292,496,1270,0,3
1283,497,1261,0,3
1284,497,1306,3,0
1291,497,1269,0,3
1292,497,1270,0,3
1283,498,1261,0,3
1291,498,1269,0,3
1292,498,1270,0,3
1291,499,1269,0,3
1292,499,1270,0,3
1292,500,1270,0,3
1292,501,1270,0,3
1293,501,1315,3,0
1292,502,1270,0,3
1293,502,1315,3,0
1279,503,1257,0,3
1292,503,1270,0,3
1293,503,1315,3,0
1279,504,1257,0,3
1292,504,1270,0,3
1293,504,1315,3,0
1296,504,1274,0,3
1279,505,1257,0,3
1292,505,1270,0,3
1293,505,1315,3,0
1296,505,1274,0,3
1300,506,1278,0,3
1315,506,1337,3,0
1318,506,1296,0,3
1300,507,1278,0,3
1315,507,1337,3,0
1318,507,1296,0,3
1300,508,1278,0,3
1315,508,1337,3,0
1315,509,1337,3,0
1315,510,1337,3,0
1305,513,1283,0,3
1313,513,1291,0,3
1305,514,1283,0,3
1306,514,1328,3,0
1313,514,1291,0,3
1305,515,1283,0,3
1306,515,1328,3,0
1313,515,1291,0,3
1305,516,1283,0,3
1306,516,1328,3,0
1308,516,1286,0,3
1313,516,1291,0,3
1305,517,1283,0,3
1306,517,1328,3,0
1308,517,1286,0,3
1309,517,1287,0,3
1313,517,1291,0,3
1305,518,1283,0,3
1306,518,1328,3,0
1313,518,1291,0,3
1305,519,1283,0,3
1306,519,1328,3,0
1313,519,1291,0,3
1305,520,1283,0,3
1313,520,1291,0,3
1313,521,1291,0,3
1315,523,1337,3,0
1315,524,1337,3,0
1315,525,1337,3,0
1300,526,1278,0,3
1315,526,1337,3,0
1318,526,1296,0,3
1300,527,1278,0,3
1315,527,1337,3,0
1318,527,1296,0,3
1322,528,1344,3,0
1336,528,1314,0,3
1337,528,1359,3,0
1340,528,1318,0,3
1322,529,1344,3,0
1336,529,1314,0,3
1337,529,1359,3,0
1340,529,1318,0,3
1322,530,1344,3,0
1336,530,1314,0,3
1337,530,1359,3,0
1336,531,1314,0,3
1337,531,1359,3,0
1336,532,1314,0,3
1337,532,1359,3,0
1336,533,1314,0,3
1336,534,1314,0,3
1327,535,1305,0,3
1335,535,1313,0,3
1336,535,1314,0,3
1327,536,1305,0,3
1328,536,1350,3,0
1335,536,1313,0,3
1336,536,1314,0,3
1327,537,1305,0,3
1328,537,1350,3,0
1335,537,1313,0,3
1336,537,1314,0,3
1327,538,1305,0,3
1328,538,1350,3,0
1330,538,1308,0,3
1335,538,1313,0,3
1336,538,1314,0,3
1327,539,1305,0,3
1328,539,1350,3,0
1330,539,1308,0,3
1331,539,1309,0,3
1335,539,1313,0,3
1336,539,1314,0,3
1327,540,1305,0,3
1328,540,1350,3,0
1335,540,1313,0,3
1336,540,1314,0,3
1327,541,1305,0,3
1328,541,1350,3,0
1335,541,1313,0,3
1336,541,1314,0,3
1327,542,1305,0,3
1335,542,1313,0,3
1336,542,1314,0,3
1335,543,1313,0,3
1336,543,1314,0,3
1336,544,1314,0,3
1336,545,1314,0,3
1337,545,1359,3,0
1336,546,1314,0,3
1337,546,1359,3,0
1336,547,1314,0,3
1337,547,1359,3,0
1322,548,1344,3,0
1336,548,1314,0,3
1337,548,1359,3,0
1340,548,1318,0,3
1322,549,1344,3,0
1336,549,1314,0,3
1337,549,1359,3,0
1340,549,1318,0,3
1344,550,1366,3,0
1358,550,1336,0,3
1359,550,1381,3,0
1362,550,1340,0,3
1344,551,1366,3,0
1358,551,1336,0,3
1359,551,1381,3,0
1362,551,1340,0,3
1344,552,1366,3,0
1358,552,1336,0,3
1359,552,1381,3,0
1358,553,1336,0,3
1359,553,1381,3,0
1358,554,1336,0,3
1359,554,1381,3,0
1358,556,1336,0,3
1349,557,1327,0,3
1357,557,1335,0,3
1358,557,1336,0,3
1349,558,1327,0,3
1357,558,1335,0,3
1358,558,1336,0,3
1349,559,1327,0,3
1357,559,1335,0,3
1358,559,1336,0,3
1349,560,1327,0,3
1352,560,1330,0,3
1357,560,1335,0,3
1358,560,1336,0,3
1349,561,1327,0,3
1352,561,1330,0,3
1353,561,1331,0,3
1357,561,1335,0,3
1358,561,1336,0,3
1349,562,1327,0,3
1357,562,1335,0,3
1358,562,1336,0,3
1349,563,1327,0,3
1357,563,1335,0,3
1358,563,1336,0,3
1349,564,1327,0,3
1357,564,1335,0,3
1358,564,1336,0,3
1357,565,1335,0,3
1358,565,1336,0,3
1358,566,1336,0,3
1358,567,1336,0,3
1359,567,1381,3,0
1358,568,1336,0,3
1359,568,1381,3,0
1358,569,1336,0,3
1359,569,1381,3,0
1344,570,1366,3,0
1358,570,1336,0,3
1359,570,1381,3,0
1362,570,1340,0,3
1344,571,1366,3,0
1358,571,1336,0,3
1359,571,1381,3,0
1362,571,1340,0,3
1366,572,1344,0,3
1380,572,1358,0,3
1384,572,1362,0,3
1366,573,1344,0,3
1380,573,1358,0,3
1384,573,1362,0,3
1366,574,1344,0,3
1380,574,1358,0,3
1380,575,1358,0,3
1380,576,1358,0,3
1380,577,1358,0,3
1380,578,1358,0,3
1371,579,1349,0,3
1380,579,1358,0,3
1371,580,1349,0,3
1378,580,1356,0,3
1380,580,1358,0,3
1371,581,1349,0,3
1378,581,1356,0,3
1380,581,1358,0,3
1371,582,1349,0,3
1374,582,1352,0,3
1378,582,1356,0,3
1380,582,1358,0,3
1371,583,1349,0,3
1374,583,1352,0,3
1378,583,1356,0,3
1380,583,1358,0,3
1371,584,1349,0,3
1378,584,1356,0,3
1380,584,1358,0,3
1371,585,1349,0,3
1378,585,1356,0,3
1380,585,1358,0,3
1371,586,1349,0,3
1378,586,1356,0,3
1380,586,1358,0,3
1380,587,1358,0,3
1380,588,1358,0,3
1380,589,1358,0,3
1380,590,1358,0,3
1380,591,1358,0,3
1366,592,1344,0,3
1380,592,1358,0,3
1384,592,1362,0,3
1366,593,1344,0,3
1380,593,1358,0,3
1384,593,1362,0,3
1388,594,1366,0,3
1402,594,1380,0,3
1404,594,1426,3,0
1406,594,1384,0,3
1388,595,1366,0,3
1402,595,1380,0,3
1404,595,1426,3,0
1406,595,1384,0,3
1388,596,1366,0,3
1402,596,1380,0,3
1404,596,1426,3,0
1402,597,1380,0,3
1404,597,1426,3,0
1402,598,1380,0,3
1402,600,1380,0,3
1393,601,1371,0,3
1402,601,1380,0,3
1393,602,1371,0,3
1394,602,1372,0,3
1400,602,1378,0,3
1402,602,1380,0,3
1393,603,1371,0,3
1394,603,1372,0,3
1400,603,1378,0,3
1402,603,1380,0,3
1393,604,1371,0,3
1394,604,1372,0,3
1396,604,1374,0,3
1400,604,1378,0,3
1402,604,1380,0,3
1393,605,1371,0,3
1394,605,1372,0,3
1396,605,1374,0,3
1400,605,1378,0,3
1402,605,1380,0,3
1393,606,1371,0,3
1394,606,1372,0,3
1400,606,1378,0,3
1402,606,1380,0,3
1393,607,1371,0,3
1394,607,1372,0,3
1400,607,1378,0,3
1402,607,1380,0,3
1393,608,1371,0,3
1400,608,1378,0,3
1402,608,1380,0,3
1402,609,1380,0,3
1402,610,1380,0,3
1402,611,1380,0,3
1402,612,1380,0,3
1404,612,1426,3,0
1402,613,1380,0,3
1404,613,1426,3,0
1388,614,1366,0,3
1402,614,1380,0,3
1404,614,1426,3,0
1406,614,1384,0,3
1388,615,1366,0,3
1402,615,1380,0,3
1404,615,1426,3,0
1406,615,1384,0,3
1409,616,1431,3,0
1410,616,1388,0,3
1412,616,1390,0,3
1424,616,1402,0,3
1425,616,1447,3,0
1426,616,1448,3,0
1428,616,1406,0,3
1409,617,1431,3,0
1410,617,1388,0,3
1412,617,1390,0,3
1424,617,1402,0,3
1425,617,1447,3,0
1426,617,1448,3,0
1428,617,1406,0,3
1410,618,1388,0,3
1412,618,1390,0,3
1424,618,1402,0,3
1425,618,1447,3,0
1426,618,1448,3,0
1412,619,1390,0,3
1424,619,1402,0,3
1425,619,1447,3,0
1426,619,1448,3,0
1412,620,1390,0,3
1424,620,1402,0,3
1425,620,1447,3,0
1424,621,1402,0,3
1424,622,1402,0,3
1415,623,1393,0,3
1424,623,1402,0,3
1415,624,1393,0,3
1416,624,1394,0,3
1422,624,1400,0,3
1424,624,1402,0,3
1415,625,1393,0,3
1416,625,1394,0,3
1421,625,1443,3,0
1422,625,1400,0,3
1424,625,1402,0,3
1415,626,1393,0,3
1416,626,1394,0,3
1418,626,1396,0,3
1421,626,1443,3,0
1422,626,1400,0,3
1424,626,1402,0,3
1415,627,1393,0,3
1416,627,1394,0,3
1418,627,1396,0,3
1419,627,1441,3,0
1421,627,1443,3,0
1422,627,1400,0,3
1424,627,1402,0,3
1415,628,1393,0,3
1416,628,1394,0,3
1421,628,1443,3,0
1422,628,1400,0,3
1424,628,1402,0,3
1415,629,1393,0,3
1416,629,1394,0,3
1421,629,1443,3,0
1422,629,1400,0,3
1424,629,1402,0,3
1415,630,1393,0,3
1422,630,1400,0,3
1424,630,1402,0,3
1424,631,1402,0,3
1424,632,1402,0,3
1424,633,1402,0,3
1425,633,1447,3,0
1412,634,1390,0,3
1424,634,1402,0,3
1425,634,1447,3,0
1426,634,1448,3,0
1412,635,1390,0,3
1424,635,1402,0,3
1425,635,1447,3,0
1426,635,1448,3,0
1410,636,1388,0,3
1412,636,1390,0,3
1424,636,1402,0,3
1425,636,1447,3,0
1426,636,1448,3,0
1428,636,1406,0,3
1409,637,1431,3,0
1410,637,1388,0,3
1412,637,1390,0,3
1424,637,1402,0,3
1425,637,1447,3,0
1426,637,1448,3,0
1428,637,1406,0,3
1431,638,1453,3,0
1432,638,1410,0,3
1434,638,1412,0,3
1446,638,1424,0,3
1447,638,1469,3,0
1448,638,1470,3,0
1450,638,1428,0,3
1431,639,1453,3,0
1432,639,1410,0,3
1434,639,1412,0,3
1446,639,1424,0,3
1447,639,1469,3,0
1448,639,1470,3,0
1450,639,1428,0,3
1432,640,1410,0,3
1434,640,1412,0,3
1446,640,1424,0,3
1447,640,1469,3,0
1448,640,1470,3,0
1434,641,1412,0,3
1446,641,1424,0,3
1447,641,1469,3,0
1448,641,1470,3,0
1434,642,1412,0,3
1446,642,1424,0,3
1447,642,1469,3,0
1446,644,1424,0,3
1437,645,1415,0,3
1446,645,1424,0,3
1437,646,1415,0,3
1438,646,1416,0,3
1444,646,1422,0,3
1446,646,1424,0,3
1437,647,1415,0,3
1438,647,1416,0,3
1439,647,1461,3,0
1443,647,1465,3,0
1444,647,1422,0,3
1446,647,1424,0,3
1437,648,1415,0,3
1438,648,1416,0,3
1439,648,1461,3,0
1440,648,1418,0,3
1443,648,1465,3,0
1444,648,1422,0,3
1446,648,1424,0,3
1437,649,1415,0,3
1438,649,1416,0,3
1439,649,1461,3,0
1440,649,1418,0,3
1441,649,1463,3,0
1443,649,1465,3,0
1444,649,1422,0,3
1446,649,1424,0,3
1437,650,1415,0,3
1438,650,1416,0,3
1439,650,1461,3,0
1443,650,1465,3,0
1444,650,1422,0,3
1446,650,1424,0,3
1437,651,1415,0,3
1438,651,1416,0,3
1443,651,1465,3,0
1444,651,1422,0,3
1446,651,1424,0,3
1437,652,1415,0,3
1444,652,1422,0,3
1446,652,1424,0,3
1446,653,1424,0,3
1446,654,1424,0,3
1446,655,1424,0,3
1447,655,1469,3,0
1434,656,1412,0,3
1446,656,1424,0,3
1447,656,1469,3,0
1448,656,1470,3,0
1434,657,1412,0,3
1446,657,1424,0,3
1447,657,1469,3,0
1448,657,1470,3,0
1432,658,1410,0,3
1434,658,1412,0,3
1446,658,1424,0,3
1447,658,1469,3,0
1448,658,1470,3,0
1450,658,1428,0,3
1431,659,1453,3,0
1432,659,1410,0,3
1434,659,1412,0,3
1446,659,1424,0,3
1447,659,1469,3,0
1448,659,1470,3,0
1450,659,1428,0,3
1454,660,1432,0,3
1456,660,1434,0,3
1457,660,1479,3,0
1468,660,1446,0,3
1469,660,1491,3,0
1470,660,1492,3,0
1471,660,1493,3,0
1472,660,1450,0,3
1454,661,1432,0,3
1456,661,1434,0,3
1457,661,1479,3,0
1468,661,1446,0,3
1469,661,1491,3,0
1470,661,1492,3,0
1471,661,1493,3,0
1472,661,1450,0,3
1454,662,1432,0,3
1456,662,1434,0,3
1457,662,1479,3,0
1468,662,1446,0,3
1469,662,1491,3,0
1470,662,1492,3,0
1471,662,1493,3,0
1456,663,1434,0,3
1457,663,1479,3,0
1468,663,1446,0,3
1469,663,1491,3,0
1470,663,1492,3,0
1456,664,1434,0,3
1457,664,1479,3,0
1468,664,1446,0,3
1469,664,1491,3,0
1457,665,1479,3,0
1468,665,1446,0,3
1457,666,1479,3,0
1468,666,1446,0,3
1457,667,1479,3,0
1459,667,1437,0,3
1468,667,1446,0,3
1457,668,1479,3,0
1459,668,1437,0,3
1460,668,1438,0,3
1466,668,1444,0,3
1468,668,1446,0,3
1457,669,1479,3,0
1459,669,1437,0,3
1460,669,1438,0,3
1461,669,1483,3,0
1466,669,1444,0,3
1468,669,1446,0,3
1457,670,1479,3,0
1459,670,1437,0,3
1460,670,1438,0,3
1461,670,1483,3,0
1466,670,1444,0,3
1468,670,1446,0,3
1457,671,1479,3,0
1459,671,1437,0,3
1460,671,1438,0,3
1461,671,1483,3,0
1463,671,1485,3,0
1466,671,1444,0,3
1468,671,1446,0,3
1457,672,1479,3,0
1459,672,1437,0,3
1460,672,1438,0,3
1461,672,1483,3,0
1466,672,1444,0,3
1468,672,1446,0,3
1457,673,1479,3,0
1459,673,1437,0,3
1460,673,1438,0,3
1466,673,1444,0,3
1468,673,1446,0,3
1457,674,1479,3,0
1459,674,1437,0,3
1466,674,1444,0,3
1468,674,1446,0,3
1457,675,1479,3,0
1468,675,1446,0,3
1468,676,1446,0,3
1457,677,1479,3,0
1468,677,1446,0,3
1469,677,1491,3,0
1456,678,1434,0,3
1457,678,1479,3,0
1468,678,1446,0,3
1469,678,1491,3,0
1470,678,1492,3,0
1456,679,1434,0,3
1457,679,1479,3,0
1468,679,1446,0,3
1469,679,1491,3,0
1470,679,1492,3,0
1471,679,1493,3,0
1454,680,1432,0,3
1456,680,1434,0,3
1457,680,1479,3,0
1468,680,1446,0,3
1469,680,1491,3,0
1470,680,1492,3,0
1471,680,1493,3,0
1472,680,1450,0,3
1454,681,1432,0,3
1456,681,1434,0,3
1457,681,1479,3,0
1468,681,1446,0,3
1469,681,1491,3,0
1470,681,1492,3,0
1471,681,1493,3,0
1472,681,1450,0,3
1476,682,1454,0,3
1478,682,1456,0,3
1479,682,1501,3,0
1490,682,1468,0,3
1491,682,1513,3,0
1492,682,1514,3,0
1493,682,1515,3,0
1494,682,1472,0,3
1476,683,1454,0,3
1478,683,1456,0,3
1479,683,1501,3,0
1490,683,1468,0,3
1491,683,1513,3,0
1492,683,1514,3,0
1493,683,1515,3,0
1494,683,1472,0,3
1476,684,1454,0,3
1478,684,1456,0,3
1479,684,1501,3,0
1490,684,1468,0,3
1491,684,1513,3,0
1492,684,1514,3,0
1493,684,1515,3,0
1478,685,1456,0,3
1479,685,1501,3,0
1490,685,1468,0,3
1491,685,1513,3,0
1492,685,1514,3,0
1478,686,1456,0,3
1479,686,1501,3,0
1490,686,1468,0,3
1491,686,1513,3,0
1479,687,1501,3,0
1479,688,1501,3,0
1490,688,1468,0,3
1479,689,1501,3,0
1481,689,1459,0,3
1490,689,1468,0,3
1479,690,1501,3,0
1481,690,1459,0,3
1482,690,1460,0,3
1488,690,1466,0,3
1490,690,1468,0,3
1479,691,1501,3,0
1481,691,1459,0,3
1482,691,1460,0,3
1483,691,1505,3,0
1488,691,1466,0,3
1490,691,1468,0,3
1479,692,1501,3,0
1481,692,1459,0,3
1482,692,1460,0,3
1483,692,1505,3,0
1488,692,1466,0,3
1490,692,1468,0,3
1479,693,1501,3,0
1481,693,1459,0,3
1482,693,1460,0,3
1483,693,1505,3,0
1485,693,1507,3,0
1488,693,1466,0,3
1490,693,1468,0,3
1479,694,1501,3,0
1481,694,1459,0,3
1482,694,1460,0,3
1483,694,1505,3,0
1488,694,1466,0,3
1490,694,1468,0,3
1479,695,1501,3,0
1481,695,1459,0,3
1482,695,1460,0,3
1488,695,1466,0,3
1490,695,1468,0,3
1479,696,1501,3,0
1481,696,1459,0,3
1488,696,1466,0,3
1490,696,1468,0,3
1479,697,1501,3,0
1490,697,1468,0,3
1490,698,1468,0,3
1479,699,1501,3,0
1490,699,1468,0,3
1491,699,1513,3,0
1478,700,1456,0,3
1479,700,1501,3,0
1490,700,1468,0,3
1491,700,1513,3,0
1492,700,1514,3,0
1478,701,1456,0,3
1479,701,1501,3,0
1490,701,1468,0,3
1491,701,1513,3,0
1492,701,1514,3,0
1493,701,1515,3,0
1476,702,1454,0,3
1478,702,1456,0,3
1479,702,1501,3,0
1490,702,1468,0,3
1491,702,1513,3,0
1492,702,1514,3,0
1493,702,1515,3,0
1494,702,1472,0,3
1476,703,1454,0,3
1478,703,1456,0,3
1479,703,1501,3,0
1490,703,1468,0,3
1491,703,1513,3,0
1492,703,1514,3,0
1493,703,1515,3,0
1494,703,1472,0,3
1498,704,1476,0,3
1500,704,1478,0,3
1501,704,1523,3,0
1512,704,1490,0,3
1513,704,1535,3,0
1514,704,1536,3,0
1515,704,1537,3,0
1516,704,1494,0,3
1498,705,1476,0,3
1500,705,1478,0,3
1501,705,1523,3,0
1512,705,1490,0,3
1513,705,1535,3,0
1514,705,1536,3,0
1515,705,1537,3,0
1516,705,1494,0,3
1498,706,1476,0,3
1500,706,1478,0,3
1501,706,1523,3,0
1512,706,1490,0,3
1513,706,1535,3,0
1514,706,1536,3,0
1515,706,1537,3,0
1500,707,1478,0,3
1501,707,1523,3,0
1512,707,1490,0,3
1513,707,1535,3,0
1514,707,1536,3,0
1500,708,1478,0,3
1501,708,1523,3,0
1512,708,1490,0,3
1513,708,1535,3,0
1501,709,1523,3,0
1512,709,1490,0,3
1501,710,1523,3,0
1512,710,1490,0,3
1501,711,1523,3,0
1503,711,1481,0,3
1512,711,1490,0,3
1501,712,1523,3,0
1503,712,1481,0,3
1504,712,1482,0,3
1510,712,1488,0,3
1512,712,1490,0,3
1501,713,1523,3,0
1503,713,1481,0,3
1504,713,1482,0,3
1505,713,1527,3,0
1510,713,1488,0,3
1512,713,1490,0,3
1501,714,1523,3,0
1503,714,1481,0,3
1504,714,1482,0,3
1505,714,1527,3,0
1510,714,1488,0,3
1512,714,1490,0,3
1501,715,1523,3,0
1503,715,1481,0,3
1504,715,1482,0,3
1505,715,1527,3,0
1507,715,1529,3,0
1510,715,1488,0,3
1512,715,1490,0,3
1501,716,1523,3,0
1503,716,1481,0,3
1504,716,1482,0,3
1505,716,1527,3,0
1510,716,1488,0,3
1512,716,1490,0,3
1501,717,1523,3,0
1503,717,1481,0,3
1504,717,1482,0,3
1510,717,1488,0,3
1512,717,1490,0,3
1501,718,1523,3,0
1503,718,1481,0,3
1510,718,1488,0,3
1512,718,1490,0,3
1501,719,1523,3,0
1512,719,1490,0,3
1512,720,1490,0,3
1501,721,1523,3,0
1512,721,1490,0,3
1513,721,1535,3,0
1500,722,1478,0,3
1501,722,1523,3,0
1512,722,1490,0,3
1513,722,1535,3,0
1514,722,1536,3,0
1500,723,1478,0,3
1501,723,1523,3,0
1512,723,1490,0,3
1513,723,1535,3,0
1514,723,1536,3,0
1515,723,1537,3,0
1498,724,1476,0,3
1500,724,1478,0,3
1501,724,1523,3,0
1512,724,1490,0,3
1513,724,1535,3,0
1514,724,1536,3,0
1515,724,1537,3,0
1516,724,1494,0,3
1498,725,1476,0,3
1500,725,1478,0,3
1501,725,1523,3,0
1512,725,1490,0,3
1513,725,1535,3,0
1514,725,1536,3,0
1515,725,1537,3,0
1516,725,1494,0,3
1518,726,1496,0,2
1519,726,1541,3,0
1522,726,1500,0,3
1523,726,1545,3,0
1536,726,1558,3,0
1537,726,1559,3,0
1539,726,1517,0,3
1519,727,1541,3,0
1522,727,1500,0,3
1523,727,1545,3,0
1536,727,1558,3,0
1537,727,1559,3,0
1522,728,1500,0,3
1523,728,1545,3,0
1536,728,1558,3,0
1537,728,1559,3,0
1522,729,1500,0,3
1523,729,1545,3,0
1536,729,1558,3,0
1522,730,1500,0,3
1523,730,1545,3,0
1523,731,1545,3,0
1523,732,1545,3,0
1524,732,1502,0,3
1523,733,1545,3,0
1524,733,1502,0,3
1525,733,1503,0,3
1523,734,1545,3,0
1524,734,1502,0,3
1525,734,1503,0,3
1526,734,1504,0,3
1523,735,1545,3,0
1524,735,1502,0,3
1525,735,1503,0,3
1526,735,1504,0,3
1523,736,1545,3,0
1524,736,1502,0,3
1525,736,1503,0,3
1526,736,1504,0,3
1523,737,1545,3,0
1524,737,1502,0,3
1525,737,1503,0,3
1526,737,1504,0,3
1523,738,1545,3,0
1524,738,1502,0,3
1525,738,1503,0,3
1526,738,1504,0,3
1523,739,1545,3,0
1524,739,1502,0,3
1525,739,1503,0,3
1526,739,1504,0,3
1523,740,1545,3,0
1524,740,1502,0,3
1525,740,1503,0,3
1523,741,1545,3,0
1524,741,1502,0,3
1523,743,1545,3,0
1522,744,1500,0,3
1523,744,1545,3,0
1536,744,1558,3,0
1522,745,1500,0,3
1523,745,1545,3,0
1536,745,1558,3,0
1537,745,1559,3,0
1522,746,1500,0,3
1523,746,1545,3,0
1536,746,1558,3,0
1537,746,1559,3,0
1519,747,1541,3,0
1522,747,1500,0,3
1523,747,1545,3,0
1536,747,1558,3,0
1537,747,1559,3,0
1539,747,1517,0,3
1541,748,1519,0,3
1543,748,1565,3,0
1544,748,1522,0,3
1545,748,1567,3,0
1557,748,1579,3,0
1558,748,1580,3,0
1559,748,1581,3,0
1561,748,1539,0,3
1541,749,1519,0,3
1543,749,1565,3,0
1544,749,1522,0,3
1545,749,1567,3,0
1557,749,1579,3,0
1558,749,1580,3,0
1559,749,1581,3,0
1543,750,1565,3,0
1544,750,1522,0,3
1545,750,1567,3,0
1557,750,1579,3,0
1558,750,1580,3,0
1559,750,1581,3,0
1543,751,1565,3,0
1544,751,1522,0,3
1545,751,1567,3,0
1557,751,1579,3,0
1558,751,1580,3,0
1544,752,1522,0,3
1545,752,1567,3,0
1557,752,1579,3,0
1545,753,1567,3,0
1545,754,1567,3,0
1546,754,1524,0,3
1545,755,1567,3,0
1546,755,1524,0,3
1547,755,1525,0,3
1545,756,1567,3,0
1546,756,1524,0,3
1547,756,1525,0,3
1548,756,1526,0,3
1545,757,1567,3,0
1546,757,1524,0,3
1547,757,1525,0,3
1548,757,1526,0,3
1545,758,1567,3,0
1546,758,1524,0,3
1547,758,1525,0,3
1548,758,1526,0,3
1545,759,1567,3,0
1546,759,1524,0,3
1547,759,1525,0,3
1548,759,1526,0,3
1545,760,1567,3,0
1546,760,1524,0,3
1547,760,1525,0,3
1548,760,1526,0,3
1545,761,1567,3,0
1546,761,1524,0,3
1547,761,1525,0,3
1548,761,1526,0,3
1545,762,1567,3,0
1546,762,1524,0,3
1547,762,1525,0,3
1545,763,1567,3,0
1546,763,1524,0,3
1545,765,1567,3,0
1557,765,1579,3,0
1544,766,1522,0,3
1545,766,1567,3,0
1557,766,1579,3,0
1558,766,1580,3,0
1543,767,1565,3,0
1544,767,1522,0,3
1545,767,1567,3,0
1557,767,1579,3,0
1558,767,1580,3,0
1559,767,1581,3,0
1543,768,1565,3,0
1544,768,1522,0,3
1545,768,1567,3,0
1557,768,1579,3,0
1558,768,1580,3,0
1559,768,1581,3,0
1541,769,1519,0,3
1543,769,1565,3,0
1544,769,1522,0,3
1545,769,1567,3,0
1557,769,1579,3,0
1558,769,1580,3,0
1559,769,1581,3,0
1561,769,1539,0,3
1563,770,1541,0,3
1564,770,1542,0,3
1566,770,1544,0,3
1567,770,5,3,3
1581,770,19,3,3
1563,771,1541,0,3
1564,771,1542,0,3
1566,771,1544,0,3
1567,771,5,3,3
1581,771,19,3,3
1564,772,1542,0,3
1566,772,1544,0,3
1567,772,5,3,3
1581,772,19,3,3
1566,773,1544,0,3
1567,773,5,3,3
1566,774,1544,0,3
1567,774,5,3,3
1567,775,5,3,3
1567,776,5,3,3
1568,776,1546,0,3
1567,777,5,3,3
1568,777,1546,0,3
1569,777,1547,0,3
1577,777,15,3,3
1567,778,5,3,3
1568,778,1546,0,3
1569,778,1547,0,3
1576,778,1554,0,3
1577,778,15,3,3
1567,779,5,3,3
1568,779,1546,0,3
1569,779,1547,0,3
1571,779,9,3,3
1575,779,13,3,3
1576,779,1554,0,3
1577,779,15,3,3
1567,780,5,3,3
1568,780,1546,0,3
1569,780,1547,0,3
1571,780,9,3,3
1572,780,1550,0,3
1575,780,13,3,3
1576,780,1554,0,3
1577,780,15,3,3
1567,781,5,3,3
1568,781,1546,0,3
1569,781,1547,0,3
1571,781,9,3,3
1572,781,1550,0,3
1575,781,13,3,3
1576,781,1554,0,3
1577,781,15,3,3
1567,782,5,3,3
1568,782,1546,0,3
1569,782,1547,0,3
1571,782,9,3,3
1575,782,13,3,3
1576,782,1554,0,3
1577,782,15,3,3
1567,783,5,3,3
1568,783,1546,0,3
1569,783,1547,0,3
1575,783,13,3,3
1576,783,1554,0,3
1577,783,15,3,3
1567,784,5,3,3
1568,784,1546,0,3
1569,784,1547,0,3
1576,784,1554,0,3
1577,784,15,3,3
1567,785,5,3,3
1568,785,1546,0,3
1577,785,15,3,3
1567,787,5,3,3
1566,788,1544,0,3
1567,788,5,3,3
1566,789,1544,0,3
1567,789,5,3,3
1581,789,19,3,3
1564,790,1542,0,3
1566,790,1544,0,3
1567,790,5,3,3
1581,790,19,3,3
1563,791,1541,0,3
1564,791,1542,0,3
1566,791,1544,0,3
1567,791,5,3,3
1581,791,19,3,3
1,792,1563,3,3
4,792,1566,3,3
5,792,27,2,0
18,792,40,2,0
19,792,41,2,0
21,792,43,2,0
1,793,1563,3,3
4,793,1566,3,3
5,793,27,2,0
18,793,40,2,0
19,793,41,2,0
4,794,1566,3,3
5,794,27,2,0
18,794,40,2,0
19,794,41,2,0
4,795,1566,3,3
5,795,27,2,0
18,795,40,2,0
4,796,1566,3,3
5,796,27,2,0
5,797,27,2,0
5,798,27,2,0
5,799,27,2,0
15,799,37,2,0
5,800,27,2,0
14,800,1576,3,3
15,800,37,2,0
5,801,27,2,0
9,801,31,2,0
13,801,35,2,0
14,801,1576,3,3
15,801,37,2,0
5,802,27,2,0
9,802,31,2,0
13,802,35,2,0
14,802,1576,3,3
15,802,37,2,0
5,803,27,2,0
9,803,31,2,0
13,803,35,2,0
14,803,1576,3,3
15,803,37,2,0
5,804,27,2,0
9,804,31,2,0
13,804,35,2,0
14,804,1576,3,3
15,804,37,2,0
5,805,27,2,0
13,805,35,2,0
14,805,1576,3,3
15,805,37,2,0
5,806,27,2,0
14,806,1576,3,3
15,806,37,2,0
5,807,27,2,0
15,807,37,2,0
5,809,27,2,0
4,810,1566,3,3
5,810,27,2,0
18,810,40,2,0
4,811,1566,3,3
5,811,27,2,0
18,811,40,2,0
19,811,41,2,0
4,812,1566,3,3
5,812,27,2,0
18,812,40,2,0
19,812,41,2,0
1,813,1563,3,3
4,813,1566,3,3
5,813,27,2,0
18,813,40,2,0
19,813,41,2,0
21,813,43,2,0
23,814,1,0,2
25,814,47,3,0
26,814,4,0,2
27,814,49,3,0
39,814,17,0,2
40,814,62,3,0
41,814,63,3,0
43,814,65,3,0
23,815,1,0,2
25,815,47,3,0
26,815,4,0,2
27,815,49,3,0
39,815,17,0,2
40,815,62,3,0
41,815,63,3,0
25,816,47,3,0
26,816,4,0,2
27,816,49,3,0
39,816,17,0,2
40,816,62,3,0
41,816,63,3,0
25,817,47,3,0
26,817,4,0,2
27,817,49,3,0
39,817,17,0,2
40,817,62,3,0
26,818,4,0,2
27,818,49,3,0
39,818,17,0,2
27,819,49,3,0
27,820,49,3,0
27,821,49,3,0
37,821,59,3,0
27,822,49,3,0
36,822,14,0,2
37,822,59,3,0
27,823,49,3,0
35,823,57,3,0
36,823,14,0,2
37,823,59,3,0
27,824,49,3,0
35,824,57,3,0
36,824,14,0,2
37,824,59,3,0
27,825,49,3,0
35,825,57,3,0
36,825,14,0,2
37,825,59,3,0
27,826,49,3,0
35,826,57,3,0
36,826,14,0,2
37,826,59,3,0
27,827,49,3,0
35,827,57,3,0
36,827,14,0,2
37,827,59,3,0
27,828,49,3,0
36,828,14,0,2
37,828,59,3,0
27,829,49,3,0
37,829,59,3,0
27,831,49,3,0
39,831,17,0,2
26,832,4,0,2
27,832,49,3,0
39,832,17,0,2
40,832,62,3,0
25,833,47,3,0
26,833,4,0,2
27,833,49,3,0
39,833,17,0,2
40,833,62,3,0
41,833,63,3,0
25,834,47,3,0
26,834,4,0,2
27,834,49,3,0
39,834,17,0,2
40,834,62,3,0
41,834,63,3,0
23,835,1,0,2
25,835,47,3,0
26,835,4,0,2
27,835,49,3,0
39,835,17,0,2
40,835,62,3,0
41,835,63,3,0
43,835,65,3,0
45,836,23,0,3
48,836,26,0,3
49,836,71,3,0
61,836,39,0,3
45,837,23,0,3
48,837,26,0,3
49,837,71,3,0
61,837,39,0,3
48,838,26,0,3
49,838,71,3,0
61,838,39,0,3
48,839,26,0,3
49,839,71,3,0
61,839,39,0,3
48,840,26,0,3
49,840,71,3,0
61,840,39,0,3
49,841,71,3,0
49,842,71,3,0
49,843,71,3,0
51,843,29,0,3
59,843,81,3,0
49,844,71,3,0
51,844,29,0,3
58,844,36,0,3
59,844,81,3,0
49,845,71,3,0
51,845,29,0,3
57,845,79,3,0
58,845,36,0,3
59,845,81,3,0
49,846,71,3,0
51,846,29,0,3
57,846,79,3,0
58,846,36,0,3
59,846,81,3,0
49,847,71,3,0
51,847,29,0,3
57,847,79,3,0
58,847,36,0,3
59,847,81,3,0
49,848,71,3,0
51,848,29,0,3
57,848,79,3,0
58,848,36,0,3
59,848,81,3,0
49,849,71,3,0
51,849,29,0,3
57,849,79,3,0
58,849,36,0,3
59,849,81,3,0
49,850,71,3,0
51,850,29,0,3
58,850,36,0,3
59,850,81,3,0
49,851,71,3,0
59,851,81,3,0
49,853,71,3,0
61,853,39,0,3
48,854,26,0,3
49,854,71,3,0
61,854,39,0,3
48,855,26,0,3
49,855,71,3,0
61,855,39,0,3
48,856,26,0,3
49,856,71,3,0
61,856,39,0,3
45,857,23,0,3
48,857,26,0,3
49,857,71,3,0
61,857,39,0,3
67,858,45,0,3
68,858,46,0,3
70,858,48,0,3
83,858,61,0,3
67,859,45,0,3
68,859,46,0,3
70,859,48,0,3
83,859,61,0,3
68,860,46,0,3
70,860,48,0,3
83,860,61,0,3
70,861,48,0,3
83,861,61,0,3
70,862,48,0,3
83,862,61,0,3
73,865,51,0,3
81,865,103,3,0
73,866,51,0,3
80,866,58,0,3
81,866,103,3,0
73,867,51,0,3
79,867,101,3,0
80,867,58,0,3
81,867,103,3,0
73,868,51,0,3
79,868,101,3,0
80,868,58,0,3
81,868,103,3,0
73,869,51,0,3
77,869,99,3,0
79,869,101,3,0
80,869,58,0,3
81,869,103,3,0
73,870,51,0,3
79,870,101,3,0
80,870,58,0,3
81,870,103,3,0
73,871,51,0,3
79,871,101,3,0
80,871,58,0,3
81,871,103,3,0
73,872,51,0,3
80,872,58,0,3
81,872,103,3,0
81,873,103,3,0
83,875,61,0,3
70,876,48,0,3
83,876,61,0,3
70,877,48,0,3
83,877,61,0,3
68,878,46,0,3
70,878,48,0,3
83,878,61,0,3
67,879,45,0,3
68,879,46,0,3
70,879,48,0,3
83,879,61,0,3
89,880,67,0,3
91,880,113,3,0
92,880,70,0,3
105,880,83,0,3
109,880,131,3,0
89,881,67,0,3
91,881,113,3,0
92,881,70,0,3
105,881,83,0,3
91,882,113,3,0
92,882,70,0,3
105,882,83,0,3
91,883,113,3,0
92,883,70,0,3
105,883,83,0,3
92,884,70,0,3
105,884,83,0,3
95,887,73,0,3
103,887,125,3,0
95,888,73,0,3
96,888,74,0,3
103,888,125,3,0
95,889,73,0,3
96,889,74,0,3
101,889,123,3,0
103,889,125,3,0
95,890,73,0,3
96,890,74,0,3
98,890,76,0,3
101,890,123,3,0
103,890,125,3,0
95,891,73,0,3
96,891,74,0,3
98,891,76,0,3
99,891,121,3,0
101,891,123,3,0
103,891,125,3,0
95,892,73,0,3
96,892,74,0,3
101,892,123,3,0
103,892,125,3,0
95,893,73,0,3
96,893,74,0,3
101,893,123,3,0
103,893,125,3,0
95,894,73,0,3
103,894,125,3,0
103,895,125,3,0
105,897,83,0,3
92,898,70,0,3
105,898,83,0,3
91,899,113,3,0
92,899,70,0,3
105,899,83,0,3
91,900,113,3,0
92,900,70,0,3
105,900,83,0,3
89,901,67,0,3
91,901,113,3,0
92,901,70,0,3
105,901,83,0,3
109,901,131,3,0
111,902,89,0,3
113,902,135,3,0
114,902,92,0,3
127,902,105,0,3
131,902,153,3,0
111,903,89,0,3
113,903,135,3,0
114,903,92,0,3
127,903,105,0,3
113,904,135,3,0
114,904,92,0,3
127,904,105,0,3
113,905,135,3,0
114,905,92,0,3
127,905,105,0,3
114,906,92,0,3
127,906,105,0,3
125,909,147,3,0
118,910,96,0,3
125,910,147,3,0
118,911,96,0,3
123,911,145,3,0
125,911,147,3,0
118,912,96,0,3
120,912,98,0,3
122,912,144,3,0
123,912,145,3,0
125,912,147,3,0
118,913,96,0,3
120,913,98,0,3
121,913,143,3,0
122,913,144,3,0
123,913,145,3,0
125,913,147,3,0
118,914,96,0,3
122,914,144,3,0
123,914,145,3,0
125,914,147,3,0
118,915,96,0,3
123,915,145,3,0
125,915,147,3,0
125,916,147,3,0
125,917,147,3,0
127,919,105,0,3
114,920,92,0,3
127,920,105,0,3
113,921,135,3,0
114,921,92,0,3
127,921,105,0,3
113,922,135,3,0
114,922,92,0,3
127,922,105,0,3
111,923,89,0,3
113,923,135,3,0
114,923,92,0,3
127,923,105,0,3
131,923,153,3,0
133,924,111,0,3
135,924,157,3,0
149,924,127,0,3
151,924,173,3,0
153,924,175,3,0
133,925,111,0,3
135,925,157,3,0
149,925,127,0,3
151,925,173,3,0
135,926,157,3,0
149,926,127,0,3
151,926,173,3,0
135,927,157,3,0
149,927,127,0,3
149,928,127,0,3
147,931,169,3,0
140,932,118,0,3
147,932,169,3,0
140,933,118,0,3
147,933,169,3,0
140,934,118,0,3
142,934,120,0,3
144,934,166,3,0
147,934,169,3,0
140,935,118,0,3
142,935,120,0,3
143,935,165,3,0
144,935,166,3,0
147,935,169,3,0
140,936,118,0,3
144,936,166,3,0
147,936,169,3,0
140,937,118,0,3
147,937,169,3,0
147,938,169,3,0
147,939,169,3,0
149,941,127,0,3
149,942,127,0,3
135,943,157,3,0
149,943,127,0,3
151,943,173,3,0
135,944,157,3,0
149,944,127,0,3
151,944,173,3,0
133,945,111,0,3
135,945,157,3,0
149,945,127,0,3
151,945,173,3,0
153,945,175,3,0
155,946,133,0,3
157,946,179,3,0
171,946,149,0,3
173,946,195,3,0
175,946,197,3,0
155,947,133,0,3
157,947,179,3,0
171,947,149,0,3
173,947,195,3,0
157,948,179,3,0
171,948,149,0,3
173,948,195,3,0
157,949,179,3,0
171,949,149,0,3
171,950,149,0,3
169,953,191,3,0
162,954,140,0,3
169,954,191,3,0
162,955,140,0,3
169,955,191,3,0
162,956,140,0,3
164,956,142,0,3
169,956,191,3,0
162,957,140,0,3
164,957,142,0,3
165,957,187,3,0
169,957,191,3,0
162,958,140,0,3
169,958,191,3,0
162,959,140,0,3
169,959,191,3,0
169,960,191,3,0
169,961,191,3,0
171,963,149,0,3
171,964,149,0,3
157,965,179,3,0
171,965,149,0,3
173,965,195,3,0
157,966,179,3,0
171,966,149,0,3
173,966,195,3,0
155,967,133,0,3
157,967,179,3,0
171,967,149,0,3
173,967,195,3,0
175,967,197,3,0
176,968,198,2,0
179,968,201,3,0
181,968,159,0,3
195,968,217,3,0
197,968,219,3,0
179,969,201,3,0
181,969,159,0,3
195,969,217,3,0
179,970,201,3,0
181,970,159,0,3
195,970,217,3,0
179,971,201,3,0
181,971,159,0,3
181,972,159,0,3
181,973,159,0,3
181,974,159,0,3
181,975,159,0,3
191,975,213,3,0
181,976,159,0,3
184,976,162,0,3
191,976,213,3,0
181,977,159,0,3
184,977,162,0,3
191,977,213,3,0
181,978,159,0,3
184,978,162,0,3
186,978,164,0,3
191,978,213,3,0
181,979,159,0,3
184,979,162,0,3
186,979,164,0,3
187,979,209,3,0
191,979,213,3,0
181,980,159,0,3
184,980,162,0,3
191,980,213,3,0
181,981,159,0,3
184,981,162,0,3
191,981,213,3,0
181,982,159,0,3
191,982,213,3,0
181,983,159,0,3
191,983,213,3,0
181,985,159,0,3
181,986,159,0,3
179,987,201,3,0
181,987,159,0,3
195,987,217,3,0
179,988,201,3,0
181,988,159,0,3
195,988,217,3,0
179,989,201,3,0
181,989,159,0,3
195,989,217,3,0
197,989,219,3,0
198,990,220,2,0
201,990,223,3,0
203,990,181,0,3
214,990,236,3,0
215,990,193,0,3
216,990,238,3,0
217,990,239,3,0
219,990,241,3,0
201,991,223,3,0
203,991,181,0,3
214,991,236,3,0
215,991,193,0,3
216,991,238,3,0
217,991,239,3,0
201,992,223,3,0
203,992,181,0,3
214,992,236,3,0
215,992,193,0,3
216,992,238,3,0
217,992,239,3,0
201,993,223,3,0
203,993,181,0,3
214,993,236,3,0
215,993,193,0,3
216,993,238,3,0
203,994,181,0,3
214,994,236,3,0
215,994,193,0,3
203,995,181,0,3
203,996,181,0,3
214,996,236,3,0
203,997,181,0,3
213,997,235,3,0
214,997,236,3,0
203,998,181,0,3
206,998,184,0,3
213,998,235,3,0
214,998,236,3,0
203,999,181,0,3
206,999,184,0,3
213,999,235,3,0
214,999,236,3,0
203,1000,181,0,3
206,1000,184,0,3
213,1000,235,3,0
214,1000,236,3,0
203,1001,181,0,3
206,1001,184,0,3
209,1001,231,3,0
213,1001,235,3,0
214,1001,236,3,0
203,1002,181,0,3
206,1002,184,0,3
213,1002,235,3,0
214,1002,236,3,0
203,1003,181,0,3
206,1003,184,0,3
213,1003,235,3,0
214,1003,236,3,0
203,1004,181,0,3
213,1004,235,3,0
214,1004,236,3,0
203,1005,181,0,3
213,1005,235,3,0
214,1005,236,3,0
214,1006,236,3,0
203,1007,181,0,3
214,1007,236,3,0
215,1007,193,0,3
203,1008,181,0,3
214,1008,236,3,0
215,1008,193,0,3
216,1008,238,3,0
201,1009,223,3,0
203,1009,181,0,3
214,1009,236,3,0
215,1009,193,0,3
216,1009,238,3,0
217,1009,239,3,0
201,1010,223,3,0
203,1010,181,0,3
214,1010,236,3,0
215,1010,193,0,3
216,1010,238,3,0
217,1010,239,3,0
201,1011,223,3,0
203,1011,181,0,3
214,1011,236,3,0
215,1011,193,0,3
216,1011,238,3,0
217,1011,239,3,0
219,1011,241,3,0
225,1012,203,0,3
238,1012,260,3,0
239,1012,261,3,0
240,1012,262,3,0
241,1012,263,3,0
225,1013,203,0,3
238,1013,260,3,0
239,1013,261,3,0
240,1013,262,3,0
225,1014,203,0,3
238,1014,260,3,0
239,1014,261,3,0
225,1015,203,0,3
238,1015,260,3,0
225,1016,203,0,3
225,1017,203,0,3
225,1018,203,0,3
225,1019,203,0,3
235,1019,257,3,0
225,1020,203,0,3
228,1020,206,0,3
235,1020,257,3,0
225,1021,203,0,3
228,1021,206,0,3
235,1021,257,3,0
225,1022,203,0,3
228,1022,206,0,3
232,1022,254,3,0
235,1022,257,3,0
225,1023,203,0,3
228,1023,206,0,3
231,1023,253,3,0
232,1023,254,3,0
235,1023,257,3,0
225,1024,203,0,3
228,1024,206,0,3
232,1024,254,3,0
235,1024,257,3,0
225,1025,203,0,3
228,1025,206,0,3
235,1025,257,3,0
225,1026,203,0,3
235,1026,257,3,0
225,1027,203,0,3
235,1027,257,3,0
225,1029,203,0,3
225,1030,203,0,3
238,1030,260,3,0
225,1031,203,0,3
238,1031,260,3,0
239,1031,261,3,0
225,1032,203,0,3
238,1032,260,3,0
239,1032,261,3,0
240,1032,262,3,0
225,1033,203,0,3
238,1033,260,3,0
239,1033,261,3,0
240,1033,262,3,0
241,1033,263,3,0
260,1034,282,3,0
261,1034,283,3,0
262,1034,284,3,0
263,1034,285,3,0
260,1035,282,3,0
261,1035,283,3,0
262,1035,284,3,0
260,1036,282,3,0
261,1036,283,3,0
260,1037,282,3,0
257,1041,279,3,0
250,1042,228,0,3
257,1042,279,3,0
250,1043,228,0,3
257,1043,279,3,0
250,1044,228,0,3
254,1044,276,3,0
257,1044,279,3,0
250,1045,228,0,3
253,1045,275,3,0
254,1045,276,3,0
257,1045,279,3,0
250,1046,228,0,3
254,1046,276,3,0
257,1046,279,3,0
250,1047,228,0,3
257,1047,279,3,0
257,1048,279,3,0
257,1049,279,3,0
260,1052,282,3,0
260,1053,282,3,0
261,1053,283,3,0
260,1054,282,3,0
261,1054,283,3,0
262,1054,284,3,0
260,1055,282,3,0
261,1055,283,3,0
262,1055,284,3,0
263,1055,285,3,0
265,1056,243,0,3
281,1056,259,0,3
282,1056,304,3,0
283,1056,305,3,0
284,1056,306,3,0
285,1056,307,3,0
265,1057,243,0,3
281,1057,259,0,3
282,1057,304,3,0
283,1057,305,3,0
284,1057,306,3,0
281,1058,259,0,3
282,1058,304,3,0
283,1058,305,3,0
281,1059,259,0,3
282,1059,304,3,0
281,1060,259,0,3
279,1063,301,3,0
272,1064,250,0,3
279,1064,301,3,0
272,1065,250,0,3
273,1065,295,3,0
279,1065,301,3,0
272,1066,250,0,3
273,1066,295,3,0
276,1066,298,3,0
279,1066,301,3,0
272,1067,250,0,3
273,1067,295,3,0
275,1067,297,3,0
276,1067,298,3,0
279,1067,301,3,0
272,1068,250,0,3
273,1068,295,3,0
276,1068,298,3,0
279,1068,301,3,0
272,1069,250,0,3
279,1069,301,3,0
279,1070,301,3,0
279,1071,301,3,0
281,1073,259,0,3
281,1074,259,0,3
282,1074,304,3,0
281,1075,259,0,3
282,1075,304,3,0
283,1075,305,3,0
281,1076,259,0,3
282,1076,304,3,0
283,1076,305,3,0
284,1076,306,3,0
265,1077,243,0,3
281,1077,259,0,3
282,1077,304,3,0
283,1077,305,3,0
284,1077,306,3,0
285,1077,307,3,0
287,1078,265,0,3
303,1078,281,0,3
304,1078,326,3,0
305,1078,283,0,3
306,1078,328,3,0
307,1078,329,3,0
287,1079,265,0,3
303,1079,281,0,3
304,1079,326,3,0
305,1079,283,0,3
306,1079,328,3,0
303,1080,281,0,3
304,1080,326,3,0
305,1080,283,0,3
303,1081,281,0,3
304,1081,326,3,0
303,1082,281,0,3
293,1085,315,3,0
301,1085,323,3,0
293,1086,315,3,0
294,1086,272,0,3
301,1086,323,3,0
293,1087,315,3,0
294,1087,272,0,3
295,1087,317,3,0
299,1087,277,0,3
301,1087,323,3,0
293,1088,315,3,0
294,1088,272,0,3
295,1088,317,3,0
298,1088,320,3,0
299,1088,277,0,3
301,1088,323,3,0
293,1089,315,3,0
294,1089,272,0,3
295,1089,317,3,0
297,1089,319,3,0
298,1089,320,3,0
299,1089,277,0,3
301,1089,323,3,0
293,1090,315,3,0
294,1090,272,0,3
295,1090,317,3,0
298,1090,320,3,0
299,1090,277,0,3
301,1090,323,3,0
293,1091,315,3,0
294,1091,272,0,3
299,1091,277,0,3
301,1091,323,3,0
293,1092,315,3,0
301,1092,323,3,0
301,1093,323,3,0
303,1095,281,0,3
303,1096,281,0,3
304,1096,326,3,0
303,1097,281,0,3
304,1097,326,3,0
305,1097,283,0,3
303,1098,281,0,3
304,1098,326,3,0
305,1098,283,0,3
306,1098,328,3,0
287,1099,265,0,3
303,1099,281,0,3
304,1099,326,3,0
305,1099,283,0,3
306,1099,328,3,0
307,1099,329,3,0
309,1100,287,0,3
325,1100,303,0,3
327,1100,305,0,3
328,1100,350,3,0
329,1100,351,3,0
309,1101,287,0,3
325,1101,303,0,3
327,1101,305,0,3
328,1101,350,3,0
325,1102,303,0,3
327,1102,305,0,3
325,1103,303,0,3
325,1104,303,0,3
315,1107,337,3,0
323,1107,345,3,0
315,1108,337,3,0
316,1108,294,0,3
323,1108,345,3,0
315,1109,337,3,0
316,1109,294,0,3
321,1109,299,0,3
323,1109,345,3,0
315,1110,337,3,0
316,1110,294,0,3
318,1110,340,3,0
320,1110,342,3,0
321,1110,299,0,3
323,1110,345,3,0
315,1111,337,3,0
316,1111,294,0,3
318,1111,340,3,0
319,1111,341,3,0
320,1111,342,3,0
321,1111,299,0,3
323,1111,345,3,0
315,1112,337,3,0
316,1112,294,0,3
320,1112,342,3,0
321,1112,299,0,3
323,1112,345,3,0
315,1113,337,3,0
316,1113,294,0,3
321,1113,299,0,3
323,1113,345,3,0
315,1114,337,3,0
323,1114,345,3,0
323,1115,345,3,0
325,1117,303,0,3
325,1118,303,0,3
325,1119,303,0,3
327,1119,305,0,3
325,1120,303,0,3
327,1120,305,0,3
328,1120,350,3,0
309,1121,287,0,3
325,1121,303,0,3
327,1121,305,0,3
328,1121,350,3,0
329,1121,351,3,0
331,1122,309,0,3
333,1122,355,3,0
346,1122,324,0,3
347,1122,325,0,3
349,1122,327,0,3
350,1122,372,3,0
351,1122,373,3,0
331,1123,309,0,3
333,1123,355,3,0
346,1123,324,0,3
347,1123,325,0,3
349,1123,327,0,3
350,1123,372,3,0
333,1124,355,3,0
346,1124,324,0,3
347,1124,325,0,3
349,1124,327,0,3
333,1125,355,3,0
346,1125,324,0,3
347,1125,325,0,3
346,1126,324,0,3
347,1126,325,0,3
346,1128,324,0,3
337,1129,359,3,0
345,1129,367,3,0
346,1129,324,0,3
337,1130,359,3,0
338,1130,316,0,3
345,1130,367,3,0
346,1130,324,0,3
337,1131,359,3,0
338,1131,316,0,3
343,1131,321,0,3
345,1131,367,3,0
346,1131,324,0,3
337,1132,359,3,0
338,1132,316,0,3
340,1132,362,3,0
343,1132,321,0,3
345,1132,367,3,0
346,1132,324,0,3
337,1133,359,3,0
338,1133,316,0,3
340,1133,362,3,0
341,1133,363,3,0
343,1133,321,0,3
345,1133,367,3,0
346,1133,324,0,3
337,1134,359,3,0
338,1134,316,0,3
343,1134,321,0,3
345,1134,367,3,0
346,1134,324,0,3
337,1135,359,3,0
338,1135,316,0,3
343,1135,321,0,3
345,1135,367,3,0
346,1135,324,0,3
337,1136,359,3,0
345,1136,367,3,0
346,1136,324,0,3
345,1137,367,3,0
346,1137,324,0,3
346,1138,324,0,3
346,1139,324,0,3
347,1139,325,0,3
346,1140,324,0,3
347,1140,325,0,3
333,1141,355,3,0
346,1141,324,0,3
347,1141,325,0,3
349,1141,327,0,3
333,1142,355,3,0
346,1142,324,0,3
347,1142,325,0,3
349,1142,327,0,3
350,1142,372,3,0
331,1143,309,0,3
333,1143,355,3,0
346,1143,324,0,3
347,1143,325,0,3
349,1143,327,0,3
350,1143,372,3,0
351,1143,373,3,0
353,1144,331,0,3
355,1144,377,3,0
368,1144,346,0,3
369,1144,347,0,3
371,1144,349,0,3
372,1144,394,3,0
353,1145,331,0,3
355,1145,377,3,0
368,1145,346,0,3
369,1145,347,0,3
371,1145,349,0,3
372,1145,394,3,0
355,1146,377,3,0
368,1146,346,0,3
369,1146,347,0,3
371,1146,349,0,3
355,1147,377,3,0
368,1147,346,0,3
369,1147,347,0,3
368,1148,346,0,3
369,1148,347,0,3
368,1149,346,0,3
368,1150,346,0,3
359,1151,381,3,0
367,1151,389,3,0
368,1151,346,0,3
359,1152,381,3,0
360,1152,338,0,3
367,1152,389,3,0
368,1152,346,0,3
359,1153,381,3,0
360,1153,338,0,3
365,1153,343,0,3
367,1153,389,3,0
368,1153,346,0,3
359,1154,381,3,0
360,1154,338,0,3
362,1154,384,3,0
365,1154,343,0,3
367,1154,389,3,0
368,1154,346,0,3
359,1155,381,3,0
360,1155,338,0,3
362,1155,384,3,0
363,1155,385,3,0
365,1155,343,0,3
367,1155,389,3,0
368,1155,346,0,3
359,1156,381,3,0
360,1156,338,0,3
365,1156,343,0,3
367,1156,389,3,0
368,1156,346,0,3
359,1157,381,3,0
360,1157,338,0,3
365,1157,343,0,3
367,1157,389,3,0
368,1157,346,0,3
359,1158,381,3,0
367,1158,389,3,0
368,1158,346,0,3
367,1159,389,3,0
368,1159,346,0,3
368,1160,346,0,3
368,1161,346,0,3
369,1161,347,0,3
368,1162,346,0,3
369,1162,347,0,3
355,1163,377,3,0
368,1163,346,0,3
369,1163,347,0,3
371,1163,349,0,3
355,1164,377,3,0
368,1164,346,0,3
369,1164,347,0,3
371,1164,349,0,3
372,1164,394,3,0
353,1165,331,0,3
355,1165,377,3,0
368,1165,346,0,3
369,1165,347,0,3
371,1165,349,0,3
372,1165,394,3,0
377,1166,399,3,0
391,1166,369,0,3
393,1166,371,0,3
394,1166,416,3,0
377,1167,399,3,0
391,1167,369,0,3
393,1167,371,0,3
394,1167,416,3,0
377,1168,399,3,0
391,1168,369,0,3
393,1168,371,0,3
377,1169,399,3,0
391,1169,369,0,3
391,1170,369,0,3
381,1173,403,3,0
389,1173,411,3,0
381,1174,403,3,0
382,1174,360,0,3
389,1174,411,3,0
381,1175,403,3,0
382,1175,360,0,3
387,1175,365,0,3
389,1175,411,3,0
381,1176,403,3,0
382,1176,360,0,3
384,1176,406,3,0
387,1176,365,0,3
389,1176,411,3,0
381,1177,403,3,0
382,1177,360,0,3
384,1177,406,3,0
385,1177,407,3,0
387,1177,365,0,3
389,1177,411,3,0
381,1178,403,3,0
382,1178,360,0,3
387,1178,365,0,3
389,1178,411,3,0
381,1179,403,3,0
382,1179,360,0,3
387,1179,365,0,3
389,1179,411,3,0
381,1180,403,3,0
389,1180,411,3,0
389,1181,411,3,0
391,1183,369,0,3
391,1184,369,0,3
377,1185,399,3,0
391,1185,369,0,3
393,1185,371,0,3
377,1186,399,3,0
391,1186,369,0,3
393,1186,371,0,3
394,1186,416,3,0
377,1187,399,3,0
391,1187,369,0,3
393,1187,371,0,3
394,1187,416,3,0
399,1188,421,3,0
413,1188,391,0,3
415,1188,393,0,3
416,1188,438,3,0
399,1189,421,3,0
413,1189,391,0,3
415,1189,393,0,3
416,1189,438,3,0
399,1190,421,3,0
413,1190,391,0,3
415,1190,393,0,3
399,1191,421,3,0
413,1191,391,0,3
413,1192,391,0,3
403,1195,425,3,0
411,1195,433,3,0
403,1196,425,3,0
411,1196,433,3,0
403,1197,425,3,0
411,1197,433,3,0
403,1198,425,3,0
406,1198,428,3,0
411,1198,433,3,0
403,1199,425,3,0
406,1199,428,3,0
407,1199,429,3,0
411,1199,433,3,0
403,1200,425,3,0
411,1200,433,3,0
403,1201,425,3,0
411,1201,433,3,0
403,1202,425,3,0
411,1202,433,3,0
411,1203,433,3,0
413,1205,391,0,3
413,1206,391,0,3
399,1207,421,3,0
413,1207,391,0,3
415,1207,393,0,3
399,1208,421,3,0
413,1208,391,0,3
415,1208,393,0,3
416,1208,438,3,0
399,1209,421,3,0
413,1209,391,0,3
415,1209,393,0,3
416,1209,438,3,0
419,1210,397,0,3
435,1210,413,0,3
437,1210,415,0,3
438,1210,460,3,0
419,1211,397,0,3
435,1211,413,0,3
437,1211,415,0,3
438,1211,460,3,0
435,1212,413,0,3
437,1212,415,0,3
435,1213,413,0,3
435,1214,413,0,3
425,1217,447,3,0
433,1217,455,3,0
425,1218,447,3,0
433,1218,455,3,0
425,1219,447,3,0
433,1219,455,3,0
425,1220,447,3,0
428,1220,450,3,0
433,1220,455,3,0
425,1221,447,3,0
428,1221,450,3,0
429,1221,451,3,0
433,1221,455,3,0
425,1222,447,3,0
433,1222,455,3,0
425,1223,447,3,0
433,1223,455,3,0
425,1224,447,3,0
433,1224,455,3,0
433,1225,455,3,0
435,1227,413,0,3
435,1228,413,0,3
435,1229,413,0,3
437,1229,415,0,3
435,1230,413,0,3
437,1230,415,0,3
438,1230,460,3,0
419,1231,397,0,3
435,1231,413,0,3
437,1231,415,0,3
438,1231,460,3,0
443,1232,465,3,0
456,1232,478,3,0
457,1232,435,0,3
459,1232,437,0,3
460,1232,482,3,0
443,1233,465,3,0
456,1233,478,3,0
457,1233,435,0,3
459,1233,437,0,3
460,1233,482,3,0
443,1234,465,3,0
456,1234,478,3,0
457,1234,435,0,3
459,1234,437,0,3
443,1235,465,3,0
456,1235,478,3,0
457,1235,435,0,3
456,1236,478,3,0
457,1236,435,0,3
456,1237,478,3,0
456,1238,478,3,0
447,1239,469,3,0
455,1239,477,3,0
456,1239,478,3,0
447,1240,469,3,0
448,1240,426,0,3
455,1240,477,3,0
456,1240,478,3,0
447,1241,469,3,0
448,1241,426,0,3
453,1241,431,0,3
455,1241,477,3,0
456,1241,478,3,0
447,1242,469,3,0
448,1242,426,0,3
450,1242,472,3,0
453,1242,431,0,3
455,1242,477,3,0
456,1242,478,3,0
447,1243,469,3,0
448,1243,426,0,3
450,1243,472,3,0
451,1243,473,3,0
453,1243,431,0,3
455,1243,477,3,0
456,1243,478,3,0
447,1244,469,3,0
448,1244,426,0,3
453,1244,431,0,3
455,1244,477,3,0
456,1244,478,3,0
447,1245,469,3,0
448,1245,426,0,3
453,1245,431,0,3
455,1245,477,3,0
456,1245,478,3,0
447,1246,469,3,0
455,1246,477,3,0
456,1246,478,3,0
455,1247,477,3,0
456,1247,478,3,0
456,1248,478,3,0
456,1249,478,3,0
457,1249,435,0,3
456,1250,478,3,0
457,1250,435,0,3
443,1251,465,3,0
456,1251,478,3,0
457,1251,435,0,3
459,1251,437,0,3
443,1252,465,3,0
456,1252,478,3,0
457,1252,435,0,3
459,1252,437,0,3
460,1252,482,3,0
443,1253,465,3,0
456,1253,478,3,0
457,1253,435,0,3
459,1253,437,0,3
460,1253,482,3,0
478,1254,500,3,0
479,1254,457,0,3
482,1254,504,3,0
478,1255,500,3,0
479,1255,457,0,3
482,1255,504,3,0
478,1256,500,3,0
479,1256,457,0,3
478,1257,500,3,0
479,1257,457,0,3
478,1258,500,3,0
479,1258,457,0,3
478,1260,500,3,0
469,1261,491,3,0
477,1261,499,3,0
478,1261,500,3,0
469,1262,491,3,0
470,1262,448,0,3
476,1262,498,3,0
477,1262,499,3,0
478,1262,500,3,0
469,1263,491,3,0
470,1263,448,0,3
476,1263,498,3,0
477,1263,499,3,0
478,1263,500,3,0
469,1264,491,3,0
470,1264,448,0,3
472,1264,494,3,0
476,1264,498,3,0
477,1264,499,3,0
478,1264,500,3,0
469,1265,491,3,0
470,1265,448,0,3
472,1265,494,3,0
473,1265,495,3,0
476,1265,498,3,0
477,1265,499,3,0
478,1265,500,3,0
469,1266,491,3,0
470,1266,448,0,3
476,1266,498,3,0
477,1266,499,3,0
478,1266,500,3,0
469,1267,491,3,0
470,1267,448,0,3
476,1267,498,3,0
477,1267,499,3,0
478,1267,500,3,0
469,1268,491,3,0
476,1268,498,3,0
477,1268,499,3,0
478,1268,500,3,0
477,1269,499,3,0
478,1269,500,3,0
478,1270,500,3,0
478,1271,500,3,0
479,1271,457,0,3
478,1272,500,3,0
479,1272,457,0,3
478,1273,500,3,0
479,1273,457,0,3
478,1274,500,3,0
479,1274,457,0,3
482,1274,504,3,0
478,1275,500,3,0
479,1275,457,0,3
482,1275,504,3,0
487,1276,509,3,0
500,1276,522,3,0
501,1276,479,0,3
504,1276,526,3,0
487,1277,509,3,0
500,1277,522,3,0
501,1277,479,0,3
504,1277,526,3,0
487,1278,509,3,0
500,1278,522,3,0
501,1278,479,0,3
487,1279,509,3,0
500,1279,522,3,0
501,1279,479,0,3
500,1280,522,3,0
501,1280,479,0,3
500,1281,522,3,0
500,1282,522,3,0
491,1283,513,3,0
499,1283,521,3,0
500,1283,522,3,0
491,1284,513,3,0
492,1284,470,0,3
499,1284,521,3,0
500,1284,522,3,0
491,1285,513,3,0
492,1285,470,0,3
499,1285,521,3,0
500,1285,522,3,0
491,1286,513,3,0
492,1286,470,0,3
494,1286,516,3,0
499,1286,521,3,0
500,1286,522,3,0
491,1287,513,3,0
492,1287,470,0,3
494,1287,516,3,0
495,1287,517,3,0
499,1287,521,3,0
500,1287,522,3,0
491,1288,513,3,0
492,1288,470,0,3
499,1288,521,3,0
500,1288,522,3,0
491,1289,513,3,0
492,1289,470,0,3
499,1289,521,3,0
500,1289,522,3,0
491,1290,513,3,0
499,1290,521,3,0
500,1290,522,3,0
499,1291,521,3,0
500,1291,522,3,0
500,1292,522,3,0
500,1293,522,3,0
501,1293,479,0,3
500,1294,522,3,0
501,1294,479,0,3
487,1295,509,3,0
500,1295,522,3,0
501,1295,479,0,3
487,1296,509,3,0
500,1296,522,3,0
501,1296,479,0,3
504,1296,526,3,0
487,1297,509,3,0
500,1297,522,3,0
501,1297,479,0,3
504,1297,526,3,0
508,1298,530,3,0
523,1298,501,0,3
526,1298,548,3,0
508,1299,530,3,0
523,1299,501,0,3
526,1299,548,3,0
508,1300,530,3,0
523,1300,501,0,3
523,1301,501,0,3
523,1302,501,0,3
513,1305,535,3,0
521,1305,543,3,0
513,1306,535,3,0
514,1306,492,0,3
521,1306,543,3,0
513,1307,535,3,0
514,1307,492,0,3
521,1307,543,3,0
513,1308,535,3,0
514,1308,492,0,3
516,1308,538,3,0
521,1308,543,3,0
513,1309,535,3,0
514,1309,492,0,3
516,1309,538,3,0
517,1309,539,3,0
521,1309,543,3,0
513,1310,535,3,0
514,1310,492,0,3
521,1310,543,3,0
513,1311,535,3,0
514,1311,492,0,3
521,1311,543,3,0
513,1312,535,3,0
521,1312,543,3,0
521,1313,543,3,0
523,1315,501,0,3
523,1316,501,0,3
523,1317,501,0,3
508,1318,530,3,0
523,1318,501,0,3
526,1318,548,3,0
508,1319,530,3,0
523,1319,501,0,3
526,1319,548,3,0
530,1320,508,0,3
544,1320,566,3,0
545,1320,523,0,3
548,1320,570,3,0
530,1321,508,0,3
544,1321,566,3,0
545,1321,523,0,3
548,1321,570,3,0
530,1322,508,0,3
544,1322,566,3,0
545,1322,523,0,3
544,1323,566,3,0
545,1323,523,0,3
544,1324,566,3,0
545,1324,523,0,3
544,1325,566,3,0
544,1326,566,3,0
535,1327,557,3,0
543,1327,565,3,0
544,1327,566,3,0
535,1328,557,3,0
536,1328,514,0,3
543,1328,565,3,0
544,1328,566,3,0
535,1329,557,3,0
536,1329,514,0,3
543,1329,565,3,0
544,1329,566,3,0
535,1330,557,3,0
536,1330,514,0,3
538,1330,560,3,0
543,1330,565,3,0
544,1330,566,3,0
535,1331,557,3,0
536,1331,514,0,3
538,1331,560,3,0
539,1331,561,3,0
543,1331,565,3,0
544,1331,566,3,0
535,1332,557,3,0
536,1332,514,0,3
543,1332,565,3,0
544,1332,566,3,0
535,1333,557,3,0
536,1333,514,0,3
543,1333,565,3,0
544,1333,566,3,0
535,1334,557,3,0
543,1334,565,3,0
544,1334,566,3,0
543,1335,565,3,0
544,1335,566,3,0
544,1336,566,3,0
544,1337,566,3,0
545,1337,523,0,3
544,1338,566,3,0
545,1338,523,0,3
544,1339,566,3,0
545,1339,523,0,3
530,1340,508,0,3
544,1340,566,3,0
545,1340,523,0,3
548,1340,570,3,0
530,1341,508,0,3
544,1341,566,3,0
545,1341,523,0,3
548,1341,570,3,0
552,1342,530,0,3
566,1342,588,3,0
567,1342,545,0,3
570,1342,592,3,0
552,1343,530,0,3
566,1343,588,3,0
567,1343,545,0,3
570,1343,592,3,0
552,1344,530,0,3
566,1344,588,3,0
567,1344,545,0,3
566,1345,588,3,0
567,1345,545,0,3
566,1346,588,3,0
567,1346,545,0,3
566,1348,588,3,0
557,1349,579,3,0
565,1349,587,3,0
566,1349,588,3,0
557,1350,579,3,0
565,1350,587,3,0
566,1350,588,3,0
557,1351,579,3,0
565,1351,587,3,0
566,1351,588,3,0
557,1352,579,3,0
560,1352,582,3,0
565,1352,587,3,0
566,1352,588,3,0
557,1353,579,3,0
560,1353,582,3,0
561,1353,583,3,0
565,1353,587,3,0
566,1353,588,3,0
557,1354,579,3,0
565,1354,587,3,0
566,1354,588,3,0
557,1355,579,3,0
565,1355,587,3,0
566,1355,588,3,0
557,1356,579,3,0
565,1356,587,3,0
566,1356,588,3,0
565,1357,587,3,0
566,1357,588,3,0
566,1358,588,3,0
566,1359,588,3,0
567,1359,545,0,3
566,1360,588,3,0
567,1360,545,0,3
566,1361,588,3,0
567,1361,545,0,3
552,1362,530,0,3
566,1362,588,3,0
567,1362,545,0,3
570,1362,592,3,0
552,1363,530,0,3
566,1363,588,3,0
567,1363,545,0,3
570,1363,592,3,0
574,1364,596,3,0
588,1364,610,3,0
592,1364,614,3,0
574,1365,596,3,0
588,1365,610,3,0
592,1365,614,3,0
574,1366,596,3,0
588,1366,610,3,0
588,1367,610,3,0
588,1368,610,3,0
588,1369,610,3,0
588,1370,610,3,0
579,1371,601,3,0
588,1371,610,3,0
579,1372,601,3,0
586,1372,608,3,0
588,1372,610,3,0
579,1373,601,3,0
586,1373,608,3,0
588,1373,610,3,0
579,1374,601,3,0
582,1374,604,3,0
586,1374,608,3,0
588,1374,610,3,0
579,1375,601,3,0
582,1375,604,3,0
586,1375,608,3,0
588,1375,610,3,0
579,1376,601,3,0
586,1376,608,3,0
588,1376,610,3,0
579,1377,601,3,0
586,1377,608,3,0
588,1377,610,3,0
579,1378,601,3,0
586,1378,608,3,0
588,1378,610,3,0
588,1379,610,3,0
588,1380,610,3,0
588,1381,610,3,0
588,1382,610,3,0
588,1383,610,3,0
574,1384,596,3,0
588,1384,610,3,0
592,1384,614,3,0
574,1385,596,3,0
588,1385,610,3,0
592,1385,614,3,0
596,1386,618,3,0
610,1386,632,3,0
612,1386,590,0,3
614,1386,636,3,0
596,1387,618,3,0
610,1387,632,3,0
612,1387,590,0,3
614,1387,636,3,0
596,1388,618,3,0
610,1388,632,3,0
612,1388,590,0,3
610,1389,632,3,0
612,1389,590,0,3
610,1390,632,3,0
610,1392,632,3,0
601,1393,623,3,0
610,1393,632,3,0
601,1394,623,3,0
602,1394,624,3,0
608,1394,630,3,0
610,1394,632,3,0
601,1395,623,3,0
602,1395,624,3,0
608,1395,630,3,0
610,1395,632,3,0
601,1396,623,3,0
602,1396,624,3,0
604,1396,626,3,0
608,1396,630,3,0
610,1396,632,3,0
601,1397,623,3,0
602,1397,624,3,0
604,1397,626,3,0
608,1397,630,3,0
610,1397,632,3,0
601,1398,623,3,0
602,1398,624,3,0
608,1398,630,3,0
610,1398,632,3,0
601,1399,623,3,0
602,1399,624,3,0
608,1399,630,3,0
610,1399,632,3,0
601,1400,623,3,0
608,1400,630,3,0
610,1400,632,3,0
610,1401,632,3,0
610,1402,632,3,0
610,1403,632,3,0
610,1404,632,3,0
612,1404,590,0,3
610,1405,632,3,0
612,1405,590,0,3
596,1406,618,3,0
610,1406,632,3,0
612,1406,590,0,3
614,1406,636,3,0
596,1407,618,3,0
610,1407,632,3,0
612,1407,590,0,3
614,1407,636,3,0
617,1408,595,0,3
618,1408,640,3,0
620,1408,642,3,0
632,1408,654,3,0
633,1408,611,0,3
634,1408,612,0,3
636,1408,658,3,0
617,1409,595,0,3
618,1409,640,3,0
620,1409,642,3,0
632,1409,654,3,0
633,1409,611,0,3
634,1409,612,0,3
636,1409,658,3,0
618,1410,640,3,0
620,1410,642,3,0
632,1410,654,3,0
633,1410,611,0,3
634,1410,612,0,3
620,1411,642,3,0
632,1411,654,3,0
633,1411,611,0,3
634,1411,612,0,3
620,1412,642,3,0
632,1412,654,3,0
633,1412,611,0,3
632,1413,654,3,0
632,1414,654,3,0
623,1415,645,3,0
632,1415,654,3,0
623,1416,645,3,0
624,1416,646,3,0
630,1416,652,3,0
632,1416,654,3,0
623,1417,645,3,0
624,1417,646,3,0
629,1417,607,0,3
630,1417,652,3,0
632,1417,654,3,0
623,1418,645,3,0
624,1418,646,3,0
626,1418,648,3,0
629,1418,607,0,3
630,1418,652,3,0
632,1418,654,3,0
623,1419,645,3,0
624,1419,646,3,0
626,1419,648,3,0
627,1419,605,0,3
629,1419,607,0,3
630,1419,652,3,0
632,1419,654,3,0
623,1420,645,3,0
624,1420,646,3,0
629,1420,607,0,3
630,1420,652,3,0
632,1420,654,3,0
623,1421,645,3,0
624,1421,646,3,0
629,1421,607,0,3
630,1421,652,3,0
632,1421,654,3,0
623,1422,645,3,0
630,1422,652,3,0
632,1422,654,3,0
632,1423,654,3,0
632,1424,654,3,0
632,1425,654,3,0
633,1425,611,0,3
620,1426,642,3,0
632,1426,654,3,0
633,1426,611,0,3
634,1426,612,0,3
620,1427,642,3,0
632,1427,654,3,0
633,1427,611,0,3
634,1427,612,0,3
618,1428,640,3,0
620,1428,642,3,0
632,1428,654,3,0
633,1428,611,0,3
634,1428,612,0,3
636,1428,658,3,0
617,1429,595,0,3
618,1429,640,3,0
620,1429,642,3,0
632,1429,654,3,0
633,1429,611,0,3
634,1429,612,0,3
636,1429,658,3,0
639,1430,617,0,3
640,1430,662,3,0
642,1430,664,3,0
654,1430,676,3,0
655,1430,633,0,3
656,1430,634,0,3
658,1430,680,3,0
639,1431,617,0,3
640,1431,662,3,0
642,1431,664,3,0
654,1431,676,3,0
655,1431,633,0,3
656,1431,634,0,3
658,1431,680,3,0
640,1432,662,3,0
642,1432,664,3,0
654,1432,676,3,0
655,1432,633,0,3
656,1432,634,0,3
642,1433,664,3,0
654,1433,676,3,0
655,1433,633,0,3
656,1433,634,0,3
642,1434,664,3,0
654,1434,676,3,0
655,1434,633,0,3
654,1436,676,3,0
645,1437,667,3,0
654,1437,676,3,0
645,1438,667,3,0
646,1438,668,3,0
652,1438,674,3,0
654,1438,676,3,0
645,1439,667,3,0
646,1439,668,3,0
647,1439,625,0,3
651,1439,629,0,3
652,1439,674,3,0
654,1439,676,3,0
645,1440,667,3,0
646,1440,668,3,0
647,1440,625,0,3
648,1440,670,3,0
651,1440,629,0,3
652,1440,674,3,0
654,1440,676,3,0
645,1441,667,3,0
646,1441,668,3,0
647,1441,625,0,3
648,1441,670,3,0
649,1441,627,0,3
651,1441,629,0,3
652,1441,674,3,0
654,1441,676,3,0
645,1442,667,3,0
646,1442,668,3,0
647,1442,625,0,3
651,1442,629,0,3
652,1442,674,3,0
654,1442,676,3,0
645,1443,667,3,0
646,1443,668,3,0
651,1443,629,0,3
652,1443,674,3,0
654,1443,676,3,0
645,1444,667,3,0
652,1444,674,3,0
654,1444,676,3,0
654,1445,676,3,0
654,1446,676,3,0
654,1447,676,3,0
655,1447,633,0,3
642,1448,664,3,0
654,1448,676,3,0
655,1448,633,0,3
656,1448,634,0,3
642,1449,664,3,0
654,1449,676,3,0
655,1449,633,0,3
656,1449,634,0,3
640,1450,662,3,0
642,1450,664,3,0
654,1450,676,3,0
655,1450,633,0,3
656,1450,634,0,3
658,1450,680,3,0
639,1451,617,0,3
640,1451,662,3,0
642,1451,664,3,0
654,1451,676,3,0
655,1451,633,0,3
656,1451,634,0,3
658,1451,680,3,0
662,1452,684,3,0
664,1452,686,3,0
665,1452,643,0,3
676,1452,698,3,0
677,1452,655,0,3
678,1452,656,0,3
679,1452,657,0,3
680,1452,702,3,0
662,1453,684,3,0
664,1453,686,3,0
665,1453,643,0,3
676,1453,698,3,0
677,1453,655,0,3
678,1453,656,0,3
679,1453,657,0,3
680,1453,702,3,0
662,1454,684,3,0
664,1454,686,3,0
665,1454,643,0,3
676,1454,698,3,0
677,1454,655,0,3
678,1454,656,0,3
679,1454,657,0,3
664,1455,686,3,0
665,1455,643,0,3
676,1455,698,3,0
677,1455,655,0,3
678,1455,656,0,3
664,1456,686,3,0
665,1456,643,0,3
676,1456,698,3,0
677,1456,655,0,3
665,1457,643,0,3
676,1457,698,3,0
665,1458,643,0,3
676,1458,698,3,0
665,1459,643,0,3
667,1459,689,3,0
676,1459,698,3,0
665,1460,643,0,3
667,1460,689,3,0
668,1460,690,3,0
674,1460,696,3,0
676,1460,698,3,0
665,1461,643,0,3
667,1461,689,3,0
668,1461,690,3,0
669,1461,647,0,3
674,1461,696,3,0
676,1461,698,3,0
665,1462,643,0,3
667,1462,689,3,0
668,1462,690,3,0
669,1462,647,0,3
674,1462,696,3,0
676,1462,698,3,0
665,1463,643,0,3
667,1463,689,3,0
668,1463,690,3,0
669,1463,647,0,3
671,1463,649,0,3
674,1463,696,3,0
676,1463,698,3,0
665,1464,643,0,3
667,1464,689,3,0
668,1464,690,3,0
669,1464,647,0,3
674,1464,696,3,0
676,1464,698,3,0
665,1465,643,0,3
667,1465,689,3,0
668,1465,690,3,0
674,1465,696,3,0
676,1465,698,3,0
665,1466,643,0,3
667,1466,689,3,0
674,1466,696,3,0
676,1466,698,3,0
665,1467,643,0,3
676,1467,698,3,0
676,1468,698,3,0
665,1469,643,0,3
676,1469,698,3,0
677,1469,655,0,3
664,1470,686,3,0
665,1470,643,0,3
676,1470,698,3,0
677,1470,655,0,3
678,1470,656,0,3
664,1471,686,3,0
665,1471,643,0,3
676,1471,698,3,0
677,1471,655,0,3
678,1471,656,0,3
679,1471,657,0,3
662,1472,684,3,0
664,1472,686,3,0
665,1472,643,0,3
676,1472,698,3,0
677,1472,655,0,3
678,1472,656,0,3
679,1472,657,0,3
680,1472,702,3,0
662,1473,684,3,0
664,1473,686,3,0
665,1473,643,0,3
676,1473,698,3,0
677,1473,655,0,3
678,1473,656,0,3
679,1473,657,0,3
680,1473,702,3,0
684,1474,706,3,0
686,1474,708,3,0
687,1474,665,0,3
698,1474,720,3,0
699,1474,677,0,3
700,1474,678,0,3
701,1474,679,0,3
702,1474,724,3,0
684,1475,706,3,0
686,1475,708,3,0
687,1475,665,0,3
698,1475,720,3,0
699,1475,677,0,3
700,1475,678,0,3
701,1475,679,0,3
702,1475,724,3,0
684,1476,706,3,0
686,1476,708,3,0
687,1476,665,0,3
698,1476,720,3,0
699,1476,677,0,3
700,1476,678,0,3
701,1476,679,0,3
686,1477,708,3,0
687,1477,665,0,3
698,1477,720,3,0
699,1477,677,0,3
700,1477,678,0,3
686,1478,708,3,0
687,1478,665,0,3
698,1478,720,3,0
699,1478,677,0,3
687,1479,665,0,3
687,1480,665,0,3
698,1480,720,3,0
687,1481,665,0,3
689,1481,711,3,0
698,1481,720,3,0
687,1482,665,0,3
689,1482,711,3,0
690,1482,712,3,0
696,1482,718,3,0
698,1482,720,3,0
687,1483,665,0,3
689,1483,711,3,0
690,1483,712,3,0
691,1483,669,0,3
696,1483,718,3,0
698,1483,720,3,0
687,1484,665,0,3
689,1484,711,3,0
690,1484,712,3,0
691,1484,669,0,3
696,1484,718,3,0
698,1484,720,3,0
687,1485,665,0,3
689,1485,711,3,0
690,1485,712,3,0
691,1485,669,0,3
693,1485,671,0,3
696,1485,718,3,0
698,1485,720,3,0
687,1486,665,0,3
689,1486,711,3,0
690,1486,712,3,0
691,1486,669,0,3
696,1486,718,3,0
698,1486,720,3,0
687,1487,665,0,3
689,1487,711,3,0
690,1487,712,3,0
696,1487,718,3,0
698,1487,720,3,0
687,1488,665,0,3
689,1488,711,3,0
696,1488,718,3,0
698,1488,720,3,0
687,1489,665,0,3
698,1489,720,3,0
698,1490,720,3,0
687,1491,665,0,3
698,1491,720,3,0
699,1491,677,0,3
686,1492,708,3,0
687,1492,665,0,3
698,1492,720,3,0
699,1492,677,0,3
700,1492,678,0,3
686,1493,708,3,0
687,1493,665,0,3
698,1493,720,3,0
699,1493,677,0,3
700,1493,678,0,3
701,1493,679,0,3
684,1494,706,3,0
686,1494,708,3,0
687,1494,665,0,3
698,1494,720,3,0
699,1494,677,0,3
700,1494,678,0,3
701,1494,679,0,3
702,1494,724,3,0
684,1495,706,3,0
686,1495,708,3,0
687,1495,665,0,3
698,1495,720,3,0
699,1495,677,0,3
700,1495,678,0,3
701,1495,679,0,3
702,1495,724,3,0
706,1496,728,3,0
708,1496,730,3,0
709,1496,687,0,3
720,1496,742,3,0
721,1496,699,0,3
722,1496,700,0,3
723,1496,701,0,3
724,1496,746,3,0
706,1497,728,3,0
708,1497,730,3,0
709,1497,687,0,3
720,1497,742,3,0
721,1497,699,0,3
722,1497,700,0,3
723,1497,701,0,3
724,1497,746,3,0
706,1498,728,3,0
708,1498,730,3,0
709,1498,687,0,3
720,1498,742,3,0
721,1498,699,0,3
722,1498,700,0,3
723,1498,701,0,3
708,1499,730,3,0
709,1499,687,0,3
720,1499,742,3,0
721,1499,699,0,3
722,1499,700,0,3
708,1500,730,3,0
709,1500,687,0,3
720,1500,742,3,0
721,1500,699,0,3
709,1501,687,0,3
720,1501,742,3,0
709,1502,687,0,3
720,1502,742,3,0
709,1503,687,0,3
711,1503,733,3,0
720,1503,742,3,0
709,1504,687,0,3
711,1504,733,3,0
712,1504,734,3,0
718,1504,740,3,0
720,1504,742,3,0
709,1505,687,0,3
711,1505,733,3,0
712,1505,734,3,0
713,1505,691,0,3
718,1505,740,3,0
720,1505,742,3,0
709,1506,687,0,3
711,1506,733,3,0
712,1506,734,3,0
713,1506,691,0,3
718,1506,740,3,0
720,1506,742,3,0
709,1507,687,0,3
711,1507,733,3,0
712,1507,734,3,0
713,1507,691,0,3
715,1507,693,0,3
718,1507,740,3,0
720,1507,742,3,0
709,1508,687,0,3
711,1508,733,3,0
712,1508,734,3,0
713,1508,691,0,3
718,1508,740,3,0
720,1508,742,3,0
709,1509,687,0,3
711,1509,733,3,0
712,1509,734,3,0
718,1509,740,3,0
720,1509,742,3,0
709,1510,687,0,3
711,1510,733,3,0
718,1510,740,3,0
720,1510,742,3,0
709,1511,687,0,3
720,1511,742,3,0
720,1512,742,3,0
709,1513,687,0,3
720,1513,742,3,0
721,1513,699,0,3
708,1514,730,3,0
709,1514,687,0,3
720,1514,742,3,0
721,1514,699,0,3
722,1514,700,0,3
708,1515,730,3,0
709,1515,687,0,3
720,1515,742,3,0
721,1515,699,0,3
722,1515,700,0,3
723,1515,701,0,3
706,1516,728,3,0
708,1516,730,3,0
709,1516,687,0,3
720,1516,742,3,0
721,1516,699,0,3
722,1516,700,0,3
723,1516,701,0,3
724,1516,746,3,0
706,1517,728,3,0
708,1517,730,3,0
709,1517,687,0,3
720,1517,742,3,0
721,1517,699,0,3
722,1517,700,0,3
723,1517,701,0,3
724,1517,746,3,0
726,1518,748,2,0
727,1518,705,0,3
730,1518,752,3,0
731,1518,709,0,3
744,1518,722,0,3
745,1518,723,0,3
747,1518,769,3,0
727,1519,705,0,3
730,1519,752,3,0
731,1519,709,0,3
744,1519,722,0,3
745,1519,723,0,3
730,1520,752,3,0
731,1520,709,0,3
744,1520,722,0,3
745,1520,723,0,3
730,1521,752,3,0
731,1521,709,0,3
744,1521,722,0,3
730,1522,752,3,0
731,1522,709,0,3
731,1523,709,0,3
731,1524,709,0,3
732,1524,754,3,0
731,1525,709,0,3
732,1525,754,3,0
733,1525,755,3,0
731,1526,709,0,3
732,1526,754,3,0
733,1526,755,3,0
734,1526,756,3,0
731,1527,709,0,3
732,1527,754,3,0
733,1527,755,3,0
734,1527,756,3,0
731,1528,709,0,3
732,1528,754,3,0
733,1528,755,3,0
734,1528,756,3,0
731,1529,709,0,3
732,1529,754,3,0
733,1529,755,3,0
734,1529,756,3,0
731,1530,709,0,3
732,1530,754,3,0
733,1530,755,3,0
734,1530,756,3,0
731,1531,709,0,3
732,1531,754,3,0
733,1531,755,3,0
734,1531,756,3,0
731,1532,709,0,3
732,1532,754,3,0
733,1532,755,3,0
731,1533,709,0,3
732,1533,754,3,0
731,1535,709,0,3
730,1536,752,3,0
731,1536,709,0,3
744,1536,722,0,3
730,1537,752,3,0
731,1537,709,0,3
744,1537,722,0,3
745,1537,723,0,3
730,1538,752,3,0
731,1538,709,0,3
744,1538,722,0,3
745,1538,723,0,3
727,1539,705,0,3
730,1539,752,3,0
731,1539,709,0,3
744,1539,722,0,3
745,1539,723,0,3
747,1539,769,3,0
749,1540,771,3,0
751,1540,729,0,3
752,1540,774,3,0
753,1540,731,0,3
765,1540,743,0,3
766,1540,744,0,3
767,1540,745,0,3
769,1540,791,3,0
749,1541,771,3,0
751,1541,729,0,3
752,1541,774,3,0
753,1541,731,0,3
765,1541,743,0,3
766,1541,744,0,3
767,1541,745,0,3
751,1542,729,0,3
752,1542,774,3,0
753,1542,731,0,3
765,1542,743,0,3
766,1542,744,0,3
767,1542,745,0,3
751,1543,729,0,3
752,1543,774,3,0
753,1543,731,0,3
765,1543,743,0,3
766,1543,744,0,3
752,1544,774,3,0
753,1544,731,0,3
765,1544,743,0,3
753,1545,731,0,3
753,1546,731,0,3
754,1546,776,3,0
753,1547,731,0,3
754,1547,776,3,0
755,1547,777,3,0
753,1548,731,0,3
754,1548,776,3,0
755,1548,777,3,0
756,1548,778,3,0
753,1549,731,0,3
754,1549,776,3,0
755,1549,777,3,0
756,1549,778,3,0
753,1550,731,0,3
754,1550,776,3,0
755,1550,777,3,0
756,1550,778,3,0
753,1551,731,0,3
754,1551,776,3,0
755,1551,777,3,0
756,1551,778,3,0
753,1552,731,0,3
754,1552,776,3,0
755,1552,777,3,0
756,1552,778,3,0
753,1553,731,0,3
754,1553,776,3,0
755,1553,777,3,0
756,1553,778,3,0
753,1554,731,0,3
754,1554,776,3,0
755,1554,777,3,0
753,1555,731,0,3
754,1555,776,3,0
753,1557,731,0,3
765,1557,743,0,3
752,1558,774,3,0
753,1558,731,0,3
765,1558,743,0,3
766,1558,744,0,3
751,1559,729,0,3
752,1559,774,3,0
753,1559,731,0,3
765,1559,743,0,3
766,1559,744,0,3
767,1559,745,0,3
751,1560,729,0,3
752,1560,774,3,0
753,1560,731,0,3
765,1560,743,0,3
766,1560,744,0,3
767,1560,745,0,3
749,1561,771,3,0
751,1561,729,0,3
752,1561,774,3,0
753,1561,731,0,3
765,1561,743,0,3
766,1561,744,0,3
767,1561,745,0,3
769,1561,791,3,0
771,1562,793,3,0
772,1562,794,3,0
774,1562,796,3,0
775,1562,753,0,3
789,1562,767,0,3
771,1563,793,3,0
772,1563,794,3,0
774,1563,796,3,0
775,1563,753,0,3
789,1563,767,0,3
772,1564,794,3,0
774,1564,796,3,0
775,1564,753,0,3
789,1564,767,0,3
774,1565,796,3,0
775,1565,753,0,3
774,1566,796,3,0
775,1566,753,0,3
775,1567,753,0,3
775,1568,753,0,3
776,1568,798,3,0
775,1569,753,0,3
776,1569,798,3,0
777,1569,799,3,0
785,1569,763,0,3
775,1570,753,0,3
776,1570,798,3,0
777,1570,799,3,0
784,1570,806,3,0
785,1570,763,0,3
775,1571,753,0,3
776,1571,798,3,0
777,1571,799,3,0
779,1571,757,0,3
783,1571,761,0,3
784,1571,806,3,0
785,1571,763,0,3
775,1572,753,0,3
776,1572,798,3,0
777,1572,799,3,0
779,1572,757,0,3
780,1572,802,3,0
783,1572,761,0,3
784,1572,806,3,0
785,1572,763,0,3
775,1573,753,0,3
776,1573,798,3,0
777,1573,799,3,0
779,1573,757,0,3
780,1573,802,3,0
783,1573,761,0,3
784,1573,806,3,0
785,1573,763,0,3
775,1574,753,0,3
776,1574,798,3,0
777,1574,799,3,0
779,1574,757,0,3
783,1574,761,0,3
784,1574,806,3,0
785,1574,763,0,3
775,1575,753,0,3
776,1575,798,3,0
777,1575,799,3,0
783,1575,761,0,3
784,1575,806,3,0
785,1575,763,0,3
775,1576,753,0,3
776,1576,798,3,0
777,1576,799,3,0
784,1576,806,3,0
785,1576,763,0,3
775,1577,753,0,3
776,1577,798,3,0
785,1577,763,0,3
775,1579,753,0,3
774,1580,796,3,0
775,1580,753,0,3
774,1581,796,3,0
775,1581,753,0,3
789,1581,767,0,3
772,1582,794,3,0
774,1582,796,3,0
775,1582,753,0,3
789,1582,767,0,3
771,1583,793,3,0
772,1583,794,3,0
774,1583,796,3,0
775,1583,753,0,3
789,1583,767,0,3
140,1584,118,0,3
147,1584,169,3,0
1017,1585,1039,3,0
140,1586,118,0,3
142,1586,120,0,3
144,1586,166,3,0
147,1586,169,3,0
491,1587,513,3,0
492,1587,470,0,3
494,1587,516,3,0
495,1587,517,3,0
499,1587,521,3,0
500,1587,522,3,0
359,1588,381,3,0
367,1588,389,3,0
368,1588,346,0,3
147,1590,169,3,0
1523,1591,1545,3,0
1524,1591,1502,0,3
1525,1591,1503,0,3
1169,1592,1147,0,3
1183,1592,1205,3,0
1185,1592,1207,3,0
1186,1592,1164,0,3
1079,1593,1101,3,0
1095,1593,1117,3,0
1096,1593,1074,0,3
1097,1593,1119,3,0
1098,1593,1076,0,3
1099,1593,1077,0,3
947,1594,969,3,0
949,1594,927,0,3
963,1594,985,3,0
965,1594,943,0,3
967,1594,945,0,3
27,1595,49,3,0
35,1595,57,3,0
36,1595,14,0,2
37,1595,59,3,0
