792,0,814,2,0
794,0,772,0,3
795,0,817,3,0
797,0,819,3,0
809,0,787,0,3
794,1,772,0,3
795,1,817,3,0
797,1,819,3,0
809,1,787,0,3
794,2,772,0,3
795,2,817,3,0
797,2,819,3,0
809,2,787,0,3
795,3,817,3,0
797,3,819,3,0
809,3,787,0,3
797,4,819,3,0
809,4,787,0,3
797,5,819,3,0
797,6,819,3,0
797,7,819,3,0
807,7,785,0,3
797,8,819,3,0
800,8,822,3,0
807,8,785,0,3
797,9,819,3,0
800,9,822,3,0
805,9,783,0,3
807,9,785,0,3
797,10,819,3,0
800,10,822,3,0
802,10,780,0,3
804,10,826,3,0
805,10,783,0,3
807,10,785,0,3
797,11,819,3,0
800,11,822,3,0
802,11,780,0,3
804,11,826,3,0
805,11,783,0,3
807,11,785,0,3
797,12,819,3,0
800,12,822,3,0
804,12,826,3,0
805,12,783,0,3
807,12,785,0,3
797,13,819,3,0
800,13,822,3,0
805,13,783,0,3
807,13,785,0,3
797,14,819,3,0
807,14,785,0,3
797,15,819,3,0
807,15,785,0,3
797,17,819,3,0
809,17,787,0,3
797,18,819,3,0
809,18,787,0,3
795,19,817,3,0
797,19,819,3,0
809,19,787,0,3
794,20,772,0,3
795,20,817,3,0
797,20,819,3,0
809,20,787,0,3
794,21,772,0,3
795,21,817,3,0
797,21,819,3,0
809,21,787,0,3
816,22,794,0,3
818,22,796,0,3
831,22,809,0,3
816,23,794,0,3
818,23,796,0,3
831,23,809,0,3
816,24,794,0,3
818,24,796,0,3
831,24,809,0,3
818,25,796,0,3
831,25,809,0,3
818,26,796,0,3
831,26,809,0,3
829,29,807,0,3
822,30,800,0,3
829,30,807,0,3
822,31,800,0,3
829,31,807,0,3
822,32,800,0,3
824,32,802,0,3
829,32,807,0,3
822,33,800,0,3
824,33,802,0,3
829,33,807,0,3
822,34,800,0,3
829,34,807,0,3
822,35,800,0,3
829,35,807,0,3
829,36,807,0,3
829,37,807,0,3
831,39,809,0,3
818,40,796,0,3
831,40,809,0,3
818,41,796,0,3
831,41,809,0,3
816,42,794,0,3
818,42,796,0,3
831,42,809,0,3
816,43,794,0,3
818,43,796,0,3
831,43,809,0,3
838,44,816,0,3
839,44,817,0,3
840,44,818,0,3
853,44,831,0,3
838,45,816,0,3
839,45,817,0,3
840,45,818,0,3
853,45,831,0,3
838,46,816,0,3
839,46,817,0,3
840,46,818,0,3
853,46,831,0,3
839,47,817,0,3
840,47,818,0,3
853,47,831,0,3
840,48,818,0,3
853,48,831,0,3
851,51,829,0,3
844,52,822,0,3
850,52,828,0,3
851,52,829,0,3
844,53,822,0,3
845,53,823,0,3
850,53,828,0,3
851,53,829,0,3
844,54,822,0,3
845,54,823,0,3
850,54,828,0,3
851,54,829,0,3
844,55,822,0,3
845,55,823,0,3
850,55,828,0,3
851,55,829,0,3
844,56,822,0,3
845,56,823,0,3
850,56,828,0,3
851,56,829,0,3
844,57,822,0,3
850,57,828,0,3
851,57,829,0,3
850,58,828,0,3
851,58,829,0,3
851,59,829,0,3
853,61,831,0,3
840,62,818,0,3
853,62,831,0,3
839,63,817,0,3
840,63,818,0,3
853,63,831,0,3
838,64,816,0,3
839,64,817,0,3
840,64,818,0,3
853,64,831,0,3
838,65,816,0,3
839,65,817,0,3
840,65,818,0,3
853,65,831,0,3
859,66,837,0,3
860,66,838,0,3
861,66,839,0,3
862,66,840,0,3
874,66,896,3,0
875,66,853,0,3
879,66,901,3,0
859,67,837,0,3
860,67,838,0,3
861,67,839,0,3
862,67,840,0,3
874,67,896,3,0
875,67,853,0,3
860,68,838,0,3
861,68,839,0,3
862,68,840,0,3
874,68,896,3,0
875,68,853,0,3
861,69,839,0,3
862,69,840,0,3
874,69,896,3,0
875,69,853,0,3
862,70,840,0,3
874,70,896,3,0
875,70,853,0,3
874,72,896,3,0
873,73,851,0,3
874,73,896,3,0
866,74,844,0,3
872,74,850,0,3
873,74,851,0,3
874,74,896,3,0
866,75,844,0,3
867,75,845,0,3
872,75,850,0,3
873,75,851,0,3
874,75,896,3,0
866,76,844,0,3
867,76,845,0,3
872,76,850,0,3
873,76,851,0,3
874,76,896,3,0
866,77,844,0,3
867,77,845,0,3
869,77,847,0,3
872,77,850,0,3
873,77,851,0,3
874,77,896,3,0
866,78,844,0,3
867,78,845,0,3
872,78,850,0,3
873,78,851,0,3
874,78,896,3,0
866,79,844,0,3
872,79,850,0,3
873,79,851,0,3
874,79,896,3,0
872,80,850,0,3
873,80,851,0,3
874,80,896,3,0
873,81,851,0,3
874,81,896,3,0
874,82,896,3,0
874,83,896,3,0
875,83,853,0,3
862,84,840,0,3
874,84,896,3,0
875,84,853,0,3
861,85,839,0,3
862,85,840,0,3
874,85,896,3,0
875,85,853,0,3
860,86,838,0,3
861,86,839,0,3
862,86,840,0,3
874,86,896,3,0
875,86,853,0,3
859,87,837,0,3
860,87,838,0,3
861,87,839,0,3
862,87,840,0,3
874,87,896,3,0
875,87,853,0,3
879,87,901,3,0
880,88,858,0,2
882,88,860,0,3
896,88,918,3,0
897,88,875,0,3
899,88,877,0,3
901,88,923,3,0
882,89,860,0,3
896,89,918,3,0
897,89,875,0,3
899,89,877,0,3
882,90,860,0,3
896,90,918,3,0
897,90,875,0,3
899,90,877,0,3
896,91,918,3,0
897,91,875,0,3
896,92,918,3,0
897,92,875,0,3
896,93,918,3,0
896,94,918,3,0
895,95,873,0,3
896,95,918,3,0
888,96,866,0,3
894,96,872,0,3
895,96,873,0,3
896,96,918,3,0
888,97,866,0,3
889,97,867,0,3
894,97,872,0,3
895,97,873,0,3
896,97,918,3,0
888,98,866,0,3
889,98,867,0,3
894,98,872,0,3
895,98,873,0,3
896,98,918,3,0
888,99,866,0,3
889,99,867,0,3
891,99,869,0,3
894,99,872,0,3
895,99,873,0,3
896,99,918,3,0
888,100,866,0,3
889,100,867,0,3
894,100,872,0,3
895,100,873,0,3
896,100,918,3,0
888,101,866,0,3
894,101,872,0,3
895,101,873,0,3
896,101,918,3,0
894,102,872,0,3
895,102,873,0,3
896,102,918,3,0
895,103,873,0,3
896,103,918,3,0
896,104,918,3,0
896,105,918,3,0
897,105,875,0,3
896,106,918,3,0
897,106,875,0,3
896,107,918,3,0
897,107,875,0,3
899,107,877,0,3
882,108,860,0,3
896,108,918,3,0
897,108,875,0,3
899,108,877,0,3
882,109,860,0,3
896,109,918,3,0
897,109,875,0,3
899,109,877,0,3
901,109,923,3,0
904,110,882,0,3
905,110,883,0,3
918,110,940,3,0
919,110,897,0,3
920,110,942,3,0
921,110,899,0,3
923,110,945,3,0
904,111,882,0,3
905,111,883,0,3
918,111,940,3,0
919,111,897,0,3
920,111,942,3,0
921,111,899,0,3
904,112,882,0,3
905,112,883,0,3
918,112,940,3,0
919,112,897,0,3
920,112,942,3,0
921,112,899,0,3
905,113,883,0,3
918,113,940,3,0
919,113,897,0,3
920,113,942,3,0
918,114,940,3,0
919,114,897,0,3
918,116,940,3,0
917,117,895,0,3
918,117,940,3,0
910,118,888,0,3
916,118,894,0,3
917,118,895,0,3
918,118,940,3,0
910,119,888,0,3
911,119,889,0,3
916,119,894,0,3
917,119,895,0,3
918,119,940,3,0
910,120,888,0,3
911,120,889,0,3
916,120,894,0,3
917,120,895,0,3
918,120,940,3,0
910,121,888,0,3
911,121,889,0,3
913,121,891,0,3
916,121,894,0,3
917,121,895,0,3
918,121,940,3,0
910,122,888,0,3
911,122,889,0,3
916,122,894,0,3
917,122,895,0,3
918,122,940,3,0
910,123,888,0,3
916,123,894,0,3
917,123,895,0,3
918,123,940,3,0
916,124,894,0,3
917,124,895,0,3
918,124,940,3,0
917,125,895,0,3
918,125,940,3,0
918,126,940,3,0
918,127,940,3,0
919,127,897,0,3
918,128,940,3,0
919,128,897,0,3
920,128,942,3,0
905,129,883,0,3
918,129,940,3,0
919,129,897,0,3
920,129,942,3,0
921,129,899,0,3
904,130,882,0,3
905,130,883,0,3
918,130,940,3,0
919,130,897,0,3
920,130,942,3,0
921,130,899,0,3
904,131,882,0,3
905,131,883,0,3
918,131,940,3,0
919,131,897,0,3
920,131,942,3,0
921,131,899,0,3
923,131,945,3,0
926,132,904,0,3
927,132,905,0,3
940,132,962,3,0
941,132,919,0,3
942,132,964,3,0
943,132,921,0,3
945,132,967,3,0
926,133,904,0,3
927,133,905,0,3
940,133,962,3,0
941,133,919,0,3
942,133,964,3,0
943,133,921,0,3
926,134,904,0,3
927,134,905,0,3
940,134,962,3,0
941,134,919,0,3
942,134,964,3,0
943,134,921,0,3
927,135,905,0,3
940,135,962,3,0
941,135,919,0,3
942,135,964,3,0
940,136,962,3,0
941,136,919,0,3
940,137,962,3,0
930,138,952,3,0
940,138,962,3,0
930,139,952,3,0
939,139,917,0,3
940,139,962,3,0
930,140,952,3,0
932,140,910,0,3
938,140,916,0,3
939,140,917,0,3
940,140,962,3,0
930,141,952,3,0
932,141,910,0,3
938,141,916,0,3
939,141,917,0,3
940,141,962,3,0
930,142,952,3,0
932,142,910,0,3
938,142,916,0,3
939,142,917,0,3
940,142,962,3,0
930,143,952,3,0
932,143,910,0,3
935,143,913,0,3
938,143,916,0,3
939,143,917,0,3
940,143,962,3,0
930,144,952,3,0
932,144,910,0,3
938,144,916,0,3
939,144,917,0,3
940,144,962,3,0
930,145,952,3,0
932,145,910,0,3
938,145,916,0,3
939,145,917,0,3
940,145,962,3,0
930,146,952,3,0
938,146,916,0,3
939,146,917,0,3
940,146,962,3,0
930,147,952,3,0
939,147,917,0,3
940,147,962,3,0
940,148,962,3,0
940,149,962,3,0
941,149,919,0,3
940,150,962,3,0
941,150,919,0,3
942,150,964,3,0
927,151,905,0,3
940,151,962,3,0
941,151,919,0,3
942,151,964,3,0
943,151,921,0,3
926,152,904,0,3
927,152,905,0,3
940,152,962,3,0
941,152,919,0,3
942,152,964,3,0
943,152,921,0,3
926,153,904,0,3
927,153,905,0,3
940,153,962,3,0
941,153,919,0,3
942,153,964,3,0
943,153,921,0,3
945,153,967,3,0
948,154,926,0,3
950,154,972,3,0
962,154,984,3,0
963,154,941,0,3
964,154,986,3,0
965,154,943,0,3
966,154,944,0,3
967,154,989,3,0
948,155,926,0,3
950,155,972,3,0
962,155,984,3,0
963,155,941,0,3
964,155,986,3,0
965,155,943,0,3
966,155,944,0,3
948,156,926,0,3
950,156,972,3,0
962,156,984,3,0
963,156,941,0,3
964,156,986,3,0
965,156,943,0,3
950,157,972,3,0
962,157,984,3,0
963,157,941,0,3
964,157,986,3,0
950,158,972,3,0
962,158,984,3,0
963,158,941,0,3
952,160,974,3,0
962,160,984,3,0
952,161,974,3,0
961,161,939,0,3
962,161,984,3,0
952,162,974,3,0
954,162,932,0,3
961,162,939,0,3
962,162,984,3,0
952,163,974,3,0
954,163,932,0,3
961,163,939,0,3
962,163,984,3,0
952,164,974,3,0
954,164,932,0,3
961,164,939,0,3
962,164,984,3,0
952,165,974,3,0
954,165,932,0,3
957,165,935,0,3
961,165,939,0,3
962,165,984,3,0
952,166,974,3,0
954,166,932,0,3
961,166,939,0,3
962,166,984,3,0
952,167,974,3,0
954,167,932,0,3
961,167,939,0,3
962,167,984,3,0
952,168,974,3,0
961,168,939,0,3
962,168,984,3,0
952,169,974,3,0
961,169,939,0,3
962,169,984,3,0
962,170,984,3,0
962,171,984,3,0
963,171,941,0,3
950,172,972,3,0
962,172,984,3,0
963,172,941,0,3
964,172,986,3,0
950,173,972,3,0
962,173,984,3,0
963,173,941,0,3
964,173,986,3,0
965,173,943,0,3
948,174,926,0,3
950,174,972,3,0
962,174,984,3,0
963,174,941,0,3
964,174,986,3,0
965,174,943,0,3
966,174,944,0,3
948,175,926,0,3
950,175,972,3,0
962,175,984,3,0
963,175,941,0,3
964,175,986,3,0
965,175,943,0,3
966,175,944,0,3
967,175,989,3,0
970,176,948,0,3
985,176,963,0,3
986,176,1008,3,0
987,176,965,0,3
988,176,966,0,3
970,177,948,0,3
985,177,963,0,3
986,177,1008,3,0
987,177,965,0,3
988,177,966,0,3
970,178,948,0,3
985,178,963,0,3
986,178,1008,3,0
987,178,965,0,3
985,179,963,0,3
986,179,1008,3,0
985,180,963,0,3
974,182,996,3,0
974,183,996,3,0
983,183,961,0,3
974,184,996,3,0
976,184,954,0,3
983,184,961,0,3
974,185,996,3,0
976,185,954,0,3
983,185,961,0,3
974,186,996,3,0
976,186,954,0,3
983,186,961,0,3
974,187,996,3,0
976,187,954,0,3
979,187,957,0,3
983,187,961,0,3
974,188,996,3,0
976,188,954,0,3
983,188,961,0,3
974,189,996,3,0
976,189,954,0,3
983,189,961,0,3
974,190,996,3,0
983,190,961,0,3
974,191,996,3,0
983,191,961,0,3
985,193,963,0,3
985,194,963,0,3
986,194,1008,3,0
985,195,963,0,3
986,195,1008,3,0
987,195,965,0,3
970,196,948,0,3
985,196,963,0,3
986,196,1008,3,0
987,196,965,0,3
988,196,966,0,3
970,197,948,0,3
985,197,963,0,3
986,197,1008,3,0
987,197,965,0,3
988,197,966,0,3
992,198,970,0,3
1006,198,1028,3,0
1008,198,1030,3,0
1009,198,987,0,3
1010,198,988,0,3
1011,198,989,0,3
992,199,970,0,3
1006,199,1028,3,0
1008,199,1030,3,0
1009,199,987,0,3
1010,199,988,0,3
992,200,970,0,3
1006,200,1028,3,0
1008,200,1030,3,0
1009,200,987,0,3
1006,201,1028,3,0
1008,201,1030,3,0
1006,202,1028,3,0
996,204,1018,3,0
1006,204,1028,3,0
996,205,1018,3,0
1005,205,983,0,3
1006,205,1028,3,0
996,206,1018,3,0
998,206,976,0,3
1005,206,983,0,3
1006,206,1028,3,0
996,207,1018,3,0
998,207,976,0,3
1003,207,1025,3,0
1005,207,983,0,3
1006,207,1028,3,0
996,208,1018,3,0
998,208,976,0,3
1003,208,1025,3,0
1005,208,983,0,3
1006,208,1028,3,0
996,209,1018,3,0
998,209,976,0,3
1001,209,979,0,3
1003,209,1025,3,0
1005,209,983,0,3
1006,209,1028,3,0
996,210,1018,3,0
998,210,976,0,3
1003,210,1025,3,0
1005,210,983,0,3
1006,210,1028,3,0
996,211,1018,3,0
998,211,976,0,3
1003,211,1025,3,0
1005,211,983,0,3
1006,211,1028,3,0
996,212,1018,3,0
1005,212,983,0,3
1006,212,1028,3,0
996,213,1018,3,0
1005,213,983,0,3
1006,213,1028,3,0
1006,214,1028,3,0
1006,215,1028,3,0
1006,216,1028,3,0
1008,216,1030,3,0
1006,217,1028,3,0
1008,217,1030,3,0
1009,217,987,0,3
992,218,970,0,3
1006,218,1028,3,0
1008,218,1030,3,0
1009,218,987,0,3
1010,218,988,0,3
992,219,970,0,3
1006,219,1028,3,0
1008,219,1030,3,0
1009,219,987,0,3
1010,219,988,0,3
1011,219,989,0,3
1012,220,990,0,2
1014,220,992,0,3
1028,220,1050,3,0
1030,220,1052,3,0
1031,220,1009,0,3
1032,220,1010,0,3
1033,220,1011,0,3
1014,221,992,0,3
1028,221,1050,3,0
1030,221,1052,3,0
1031,221,1009,0,3
1032,221,1010,0,3
1014,222,992,0,3
1028,222,1050,3,0
1030,222,1052,3,0
1031,222,1009,0,3
1028,223,1050,3,0
1030,223,1052,3,0
1028,224,1050,3,0
1028,225,1050,3,0
1018,226,1040,3,0
1028,226,1050,3,0
1018,227,1040,3,0
1027,227,1005,0,3
1028,227,1050,3,0
1018,228,1040,3,0
1020,228,998,0,3
1027,228,1005,0,3
1028,228,1050,3,0
1018,229,1040,3,0
1020,229,998,0,3
1025,229,1047,3,0
1027,229,1005,0,3
1028,229,1050,3,0
1018,230,1040,3,0
1020,230,998,0,3
1022,230,1044,3,0
1025,230,1047,3,0
1027,230,1005,0,3
1028,230,1050,3,0
1018,231,1040,3,0
1020,231,998,0,3
1022,231,1044,3,0
1023,231,1001,0,3
1025,231,1047,3,0
1027,231,1005,0,3
1028,231,1050,3,0
1018,232,1040,3,0
1020,232,998,0,3
1025,232,1047,3,0
1027,232,1005,0,3
1028,232,1050,3,0
1018,233,1040,3,0
1020,233,998,0,3
1025,233,1047,3,0
1027,233,1005,0,3
1028,233,1050,3,0
1018,234,1040,3,0
1027,234,1005,0,3
1028,234,1050,3,0
1018,235,1040,3,0
1027,235,1005,0,3
1028,235,1050,3,0
1028,236,1050,3,0
1028,237,1050,3,0
1028,238,1050,3,0
1030,238,1052,3,0
1028,239,1050,3,0
1030,239,1052,3,0
1031,239,1009,0,3
1014,240,992,0,3
1028,240,1050,3,0
1030,240,1052,3,0
1031,240,1009,0,3
1032,240,1010,0,3
1014,241,992,0,3
1028,241,1050,3,0
1030,241,1052,3,0
1031,241,1009,0,3
1032,241,1010,0,3
1033,241,1011,0,3
1034,242,1012,0,2
1035,242,1013,0,3
1036,242,1014,0,3
1038,242,1016,0,3
1050,242,1072,3,0
1051,242,1029,0,3
1052,242,1074,3,0
1053,242,1031,0,3
1054,242,1032,0,3
1055,242,1033,0,3
1035,243,1013,0,3
1036,243,1014,0,3
1038,243,1016,0,3
1050,243,1072,3,0
1051,243,1029,0,3
1052,243,1074,3,0
1053,243,1031,0,3
1054,243,1032,0,3
1036,244,1014,0,3
1038,244,1016,0,3
1050,244,1072,3,0
1051,244,1029,0,3
1052,244,1074,3,0
1053,244,1031,0,3
1038,245,1016,0,3
1050,245,1072,3,0
1051,245,1029,0,3
1052,245,1074,3,0
1038,246,1016,0,3
1050,246,1072,3,0
1051,246,1029,0,3
1040,248,1062,3,0
1050,248,1072,3,0
1040,249,1062,3,0
1049,249,1027,0,3
1050,249,1072,3,0
1040,250,1062,3,0
1042,250,1020,0,3
1048,250,1026,0,3
1049,250,1027,0,3
1050,250,1072,3,0
1040,251,1062,3,0
1042,251,1020,0,3
1047,251,1069,3,0
1048,251,1026,0,3
1049,251,1027,0,3
1050,251,1072,3,0
1040,252,1062,3,0
1042,252,1020,0,3
1044,252,1066,3,0
1047,252,1069,3,0
1048,252,1026,0,3
1049,252,1027,0,3
1050,252,1072,3,0
1040,253,1062,3,0
1042,253,1020,0,3
1044,253,1066,3,0
1045,253,1023,0,3
1047,253,1069,3,0
1048,253,1026,0,3
1049,253,1027,0,3
1050,253,1072,3,0
1040,254,1062,3,0
1042,254,1020,0,3
1047,254,1069,3,0
1048,254,1026,0,3
1049,254,1027,0,3
1050,254,1072,3,0
1040,255,1062,3,0
1042,255,1020,0,3
1047,255,1069,3,0
1048,255,1026,0,3
1049,255,1027,0,3
1050,255,1072,3,0
1040,256,1062,3,0
1048,256,1026,0,3
1049,256,1027,0,3
1050,256,1072,3,0
1040,257,1062,3,0
1049,257,1027,0,3
1050,257,1072,3,0
1050,258,1072,3,0
1050,259,1072,3,0
1051,259,1029,0,3
1038,260,1016,0,3
1050,260,1072,3,0
1051,260,1029,0,3
1052,260,1074,3,0
1038,261,1016,0,3
1050,261,1072,3,0
1051,261,1029,0,3
1052,261,1074,3,0
1053,261,1031,0,3
1036,262,1014,0,3
1038,262,1016,0,3
1050,262,1072,3,0
1051,262,1029,0,3
1052,262,1074,3,0
1053,262,1031,0,3
1054,262,1032,0,3
1035,263,1013,0,3
1036,263,1014,0,3
1038,263,1016,0,3
1050,263,1072,3,0
1051,263,1029,0,3
1052,263,1074,3,0
1053,263,1031,0,3
1054,263,1032,0,3
1055,263,1033,0,3
1056,264,1034,0,2
1057,264,1035,0,3
1058,264,1036,0,3
1060,264,1038,0,3
1061,264,1039,0,3
1072,264,1094,3,0
1074,264,1096,3,0
1075,264,1053,0,3
1076,264,1054,0,3
1077,264,1055,0,3
1057,265,1035,0,3
1058,265,1036,0,3
1060,265,1038,0,3
1061,265,1039,0,3
1072,265,1094,3,0
1074,265,1096,3,0
1075,265,1053,0,3
1076,265,1054,0,3
1058,266,1036,0,3
1060,266,1038,0,3
1061,266,1039,0,3
1072,266,1094,3,0
1074,266,1096,3,0
1075,266,1053,0,3
1060,267,1038,0,3
1061,267,1039,0,3
1072,267,1094,3,0
1074,267,1096,3,0
1060,268,1038,0,3
1061,268,1039,0,3
1072,268,1094,3,0
1061,269,1039,0,3
1072,269,1094,3,0
1061,270,1039,0,3
1062,270,1084,3,0
1072,270,1094,3,0
1061,271,1039,0,3
1062,271,1084,3,0
1071,271,1049,0,3
1072,271,1094,3,0
1061,272,1039,0,3
1062,272,1084,3,0
1064,272,1042,0,3
1070,272,1048,0,3
1071,272,1049,0,3
1072,272,1094,3,0
1061,273,1039,0,3
1062,273,1084,3,0
1064,273,1042,0,3
1070,273,1048,0,3
1071,273,1049,0,3
1072,273,1094,3,0
1061,274,1039,0,3
1062,274,1084,3,0
1064,274,1042,0,3
1066,274,1088,3,0
1070,274,1048,0,3
1071,274,1049,0,3
1072,274,1094,3,0
1061,275,1039,0,3
1062,275,1084,3,0
1064,275,1042,0,3
1066,275,1088,3,0
1067,275,1045,0,3
1070,275,1048,0,3
1071,275,1049,0,3
1072,275,1094,3,0
1061,276,1039,0,3
1062,276,1084,3,0
1064,276,1042,0,3
1070,276,1048,0,3
1071,276,1049,0,3
1072,276,1094,3,0
1061,277,1039,0,3
1062,277,1084,3,0
1064,277,1042,0,3
1070,277,1048,0,3
1071,277,1049,0,3
1072,277,1094,3,0
1061,278,1039,0,3
1062,278,1084,3,0
1070,278,1048,0,3
1071,278,1049,0,3
1072,278,1094,3,0
1061,279,1039,0,3
1062,279,1084,3,0
1071,279,1049,0,3
1072,279,1094,3,0
1072,280,1094,3,0
1061,281,1039,0,3
1072,281,1094,3,0
1060,282,1038,0,3
1061,282,1039,0,3
1072,282,1094,3,0
1074,282,1096,3,0
1060,283,1038,0,3
1061,283,1039,0,3
1072,283,1094,3,0
1074,283,1096,3,0
1075,283,1053,0,3
1058,284,1036,0,3
1060,284,1038,0,3
1061,284,1039,0,3
1072,284,1094,3,0
1074,284,1096,3,0
1075,284,1053,0,3
1076,284,1054,0,3
1057,285,1035,0,3
1058,285,1036,0,3
1060,285,1038,0,3
1061,285,1039,0,3
1072,285,1094,3,0
1074,285,1096,3,0
1075,285,1053,0,3
1076,285,1054,0,3
1077,285,1055,0,3
1078,286,1056,0,2
1079,286,1057,0,3
1080,286,1058,0,3
1083,286,1061,0,3
1094,286,1116,3,0
1096,286,1118,3,0
1097,286,1075,0,3
1098,286,1076,0,3
1099,286,1077,0,3
1079,287,1057,0,3
1080,287,1058,0,3
1083,287,1061,0,3
1094,287,1116,3,0
1096,287,1118,3,0
1097,287,1075,0,3
1098,287,1076,0,3
1080,288,1058,0,3
1083,288,1061,0,3
1094,288,1116,3,0
1096,288,1118,3,0
1097,288,1075,0,3
1083,289,1061,0,3
1094,289,1116,3,0
1096,289,1118,3,0
1083,290,1061,0,3
1094,290,1116,3,0
1083,291,1061,0,3
1083,292,1061,0,3
1084,292,1106,3,0
1094,292,1116,3,0
1083,293,1061,0,3
1084,293,1106,3,0
1094,293,1116,3,0
1083,294,1061,0,3
1084,294,1106,3,0
1086,294,1064,0,3
1092,294,1070,0,3
1094,294,1116,3,0
1083,295,1061,0,3
1084,295,1106,3,0
1086,295,1064,0,3
1092,295,1070,0,3
1094,295,1116,3,0
1083,296,1061,0,3
1084,296,1106,3,0
1086,296,1064,0,3
1088,296,1110,3,0
1092,296,1070,0,3
1094,296,1116,3,0
1083,297,1061,0,3
1084,297,1106,3,0
1086,297,1064,0,3
1088,297,1110,3,0
1089,297,1067,0,3
1092,297,1070,0,3
1094,297,1116,3,0
1083,298,1061,0,3
1084,298,1106,3,0
1086,298,1064,0,3
1092,298,1070,0,3
1094,298,1116,3,0
1083,299,1061,0,3
1084,299,1106,3,0
1086,299,1064,0,3
1092,299,1070,0,3
1094,299,1116,3,0
1083,300,1061,0,3
1084,300,1106,3,0
1092,300,1070,0,3
1094,300,1116,3,0
1083,301,1061,0,3
1084,301,1106,3,0
1094,301,1116,3,0
1094,302,1116,3,0
1083,303,1061,0,3
1094,303,1116,3,0
1083,304,1061,0,3
1094,304,1116,3,0
1096,304,1118,3,0
1083,305,1061,0,3
1094,305,1116,3,0
1096,305,1118,3,0
1097,305,1075,0,3
1080,306,1058,0,3
1083,306,1061,0,3
1094,306,1116,3,0
1096,306,1118,3,0
1097,306,1075,0,3
1098,306,1076,0,3
1079,307,1057,0,3
1080,307,1058,0,3
1083,307,1061,0,3
1094,307,1116,3,0
1096,307,1118,3,0
1097,307,1075,0,3
1098,307,1076,0,3
1099,307,1077,0,3
1100,308,1078,0,2
1101,308,1079,0,3
1105,308,1083,0,3
1116,308,1138,3,0
1118,308,1140,3,0
1119,308,1097,0,3
1120,308,1098,0,3
1101,309,1079,0,3
1105,309,1083,0,3
1116,309,1138,3,0
1118,309,1140,3,0
1119,309,1097,0,3
1120,309,1098,0,3
1105,310,1083,0,3
1116,310,1138,3,0
1118,310,1140,3,0
1119,310,1097,0,3
1105,311,1083,0,3
1116,311,1138,3,0
1118,311,1140,3,0
1105,312,1083,0,3
1116,312,1138,3,0
1105,313,1083,0,3
1116,313,1138,3,0
1105,314,1083,0,3
1106,314,1128,3,0
1116,314,1138,3,0
1105,315,1083,0,3
1106,315,1128,3,0
1116,315,1138,3,0
1105,316,1083,0,3
1106,316,1128,3,0
1108,316,1086,0,3
1114,316,1092,0,3
1116,316,1138,3,0
1105,317,1083,0,3
1106,317,1128,3,0
1108,317,1086,0,3
1113,317,1135,3,0
1114,317,1092,0,3
1116,317,1138,3,0
1105,318,1083,0,3
1106,318,1128,3,0
1108,318,1086,0,3
1110,318,1132,3,0
1113,318,1135,3,0
1114,318,1092,0,3
1116,318,1138,3,0
1105,319,1083,0,3
1106,319,1128,3,0
1108,319,1086,0,3
1110,319,1132,3,0
1111,319,1089,0,3
1113,319,1135,3,0
1114,319,1092,0,3
1116,319,1138,3,0
1105,320,1083,0,3
1106,320,1128,3,0
1108,320,1086,0,3
1113,320,1135,3,0
1114,320,1092,0,3
1116,320,1138,3,0
1105,321,1083,0,3
1106,321,1128,3,0
1108,321,1086,0,3
1113,321,1135,3,0
1114,321,1092,0,3
1116,321,1138,3,0
1105,322,1083,0,3
1106,322,1128,3,0
1114,322,1092,0,3
1116,322,1138,3,0
1105,323,1083,0,3
1106,323,1128,3,0
1116,323,1138,3,0
1116,324,1138,3,0
1105,325,1083,0,3
1116,325,1138,3,0
1105,326,1083,0,3
1116,326,1138,3,0
1118,326,1140,3,0
1105,327,1083,0,3
1116,327,1138,3,0
1118,327,1140,3,0
1119,327,1097,0,3
1105,328,1083,0,3
1116,328,1138,3,0
1118,328,1140,3,0
1119,328,1097,0,3
1120,328,1098,0,3
1101,329,1079,0,3
1105,329,1083,0,3
1116,329,1138,3,0
1118,329,1140,3,0
1119,329,1097,0,3
1120,329,1098,0,3
1122,330,1100,0,2
1123,330,1101,0,3
1127,330,1105,0,3
1138,330,1160,3,0
1139,330,1161,3,0
1140,330,1162,3,0
1141,330,1119,0,3
1142,330,1120,0,3
1143,330,1121,0,3
1123,331,1101,0,3
1127,331,1105,0,3
1138,331,1160,3,0
1139,331,1161,3,0
1140,331,1162,3,0
1141,331,1119,0,3
1142,331,1120,0,3
1127,332,1105,0,3
1138,332,1160,3,0
1139,332,1161,3,0
1140,332,1162,3,0
1141,332,1119,0,3
1127,333,1105,0,3
1138,333,1160,3,0
1139,333,1161,3,0
1140,333,1162,3,0
1127,334,1105,0,3
1138,334,1160,3,0
1139,334,1161,3,0
1127,335,1105,0,3
1127,336,1105,0,3
1128,336,1150,3,0
1138,336,1160,3,0
1127,337,1105,0,3
1128,337,1150,3,0
1138,337,1160,3,0
1127,338,1105,0,3
1128,338,1150,3,0
1130,338,1108,0,3
1136,338,1114,0,3
1138,338,1160,3,0
1127,339,1105,0,3
1128,339,1150,3,0
1130,339,1108,0,3
1135,339,1157,3,0
1136,339,1114,0,3
1138,339,1160,3,0
1127,340,1105,0,3
1128,340,1150,3,0
1130,340,1108,0,3
1132,340,1154,3,0
1135,340,1157,3,0
1136,340,1114,0,3
1138,340,1160,3,0
1127,341,1105,0,3
1128,341,1150,3,0
1130,341,1108,0,3
1132,341,1154,3,0
1135,341,1157,3,0
1136,341,1114,0,3
1138,341,1160,3,0
1127,342,1105,0,3
1128,342,1150,3,0
1130,342,1108,0,3
1135,342,1157,3,0
1136,342,1114,0,3
1138,342,1160,3,0
1127,343,1105,0,3
1128,343,1150,3,0
1130,343,1108,0,3
1135,343,1157,3,0
1136,343,1114,0,3
1138,343,1160,3,0
1127,344,1105,0,3
1128,344,1150,3,0
1136,344,1114,0,3
1138,344,1160,3,0
1127,345,1105,0,3
1128,345,1150,3,0
1138,345,1160,3,0
1138,346,1160,3,0
1127,347,1105,0,3
1138,347,1160,3,0
1139,347,1161,3,0
1127,348,1105,0,3
1138,348,1160,3,0
1139,348,1161,3,0
1140,348,1162,3,0
1127,349,1105,0,3
1138,349,1160,3,0
1139,349,1161,3,0
1140,349,1162,3,0
1141,349,1119,0,3
1127,350,1105,0,3
1138,350,1160,3,0
1139,350,1161,3,0
1140,350,1162,3,0
1141,350,1119,0,3
1142,350,1120,0,3
1123,351,1101,0,3
1127,351,1105,0,3
1138,351,1160,3,0
1139,351,1161,3,0
1140,351,1162,3,0
1141,351,1119,0,3
1142,351,1120,0,3
1143,351,1121,0,3
1144,352,1122,0,2
1145,352,1123,0,3
1149,352,1127,0,3
1160,352,1182,3,0
1161,352,1183,3,0
1162,352,1184,3,0
1164,352,1142,0,3
1145,353,1123,0,3
1149,353,1127,0,3
1160,353,1182,3,0
1161,353,1183,3,0
1162,353,1184,3,0
1164,353,1142,0,3
1149,354,1127,0,3
1160,354,1182,3,0
1161,354,1183,3,0
1162,354,1184,3,0
1149,355,1127,0,3
1160,355,1182,3,0
1161,355,1183,3,0
1162,355,1184,3,0
1149,356,1127,0,3
1160,356,1182,3,0
1161,356,1183,3,0
1149,357,1127,0,3
1160,357,1182,3,0
1149,358,1127,0,3
1150,358,1172,3,0
1160,358,1182,3,0
1149,359,1127,0,3
1150,359,1172,3,0
1160,359,1182,3,0
1149,360,1127,0,3
1150,360,1172,3,0
1152,360,1130,0,3
1158,360,1136,0,3
1160,360,1182,3,0
1149,361,1127,0,3
1150,361,1172,3,0
1152,361,1130,0,3
1157,361,1179,3,0
1158,361,1136,0,3
1160,361,1182,3,0
1149,362,1127,0,3
1150,362,1172,3,0
1152,362,1130,0,3
1157,362,1179,3,0
1158,362,1136,0,3
1160,362,1182,3,0
1149,363,1127,0,3
1150,363,1172,3,0
1152,363,1130,0,3
1157,363,1179,3,0
1158,363,1136,0,3
1160,363,1182,3,0
1149,364,1127,0,3
1150,364,1172,3,0
1152,364,1130,0,3
1157,364,1179,3,0
1158,364,1136,0,3
1160,364,1182,3,0
1149,365,1127,0,3
1150,365,1172,3,0
1152,365,1130,0,3
1157,365,1179,3,0
1158,365,1136,0,3
1160,365,1182,3,0
1149,366,1127,0,3
1150,366,1172,3,0
1158,366,1136,0,3
1160,366,1182,3,0
1149,367,1127,0,3
1150,367,1172,3,0
1160,367,1182,3,0
1160,368,1182,3,0
1149,369,1127,0,3
1160,369,1182,3,0
1161,369,1183,3,0
1149,370,1127,0,3
1160,370,1182,3,0
1161,370,1183,3,0
1162,370,1184,3,0
1149,371,1127,0,3
1160,371,1182,3,0
1161,371,1183,3,0
1162,371,1184,3,0
1149,372,1127,0,3
1160,372,1182,3,0
1161,372,1183,3,0
1162,372,1184,3,0
1164,372,1142,0,3
1145,373,1123,0,3
1149,373,1127,0,3
1160,373,1182,3,0
1161,373,1183,3,0
1162,373,1184,3,0
1164,373,1142,0,3
1166,374,1144,0,2
1171,374,1149,0,3
1182,374,1204,3,0
1184,374,1206,3,0
1171,375,1149,0,3
1182,375,1204,3,0
1184,375,1206,3,0
1171,376,1149,0,3
1182,376,1204,3,0
1184,376,1206,3,0
1171,377,1149,0,3
1182,377,1204,3,0
1184,377,1206,3,0
1171,378,1149,0,3
1182,378,1204,3,0
1171,379,1149,0,3
1171,380,1149,0,3
1172,380,1194,3,0
1182,380,1204,3,0
1171,381,1149,0,3
1172,381,1194,3,0
1182,381,1204,3,0
1171,382,1149,0,3
1172,382,1194,3,0
1174,382,1152,0,3
1182,382,1204,3,0
1171,383,1149,0,3
1172,383,1194,3,0
1174,383,1152,0,3
1179,383,1201,3,0
1182,383,1204,3,0
1171,384,1149,0,3
1172,384,1194,3,0
1174,384,1152,0,3
1179,384,1201,3,0
1182,384,1204,3,0
1171,385,1149,0,3
1172,385,1194,3,0
1174,385,1152,0,3
1179,385,1201,3,0
1182,385,1204,3,0
1171,386,1149,0,3
1172,386,1194,3,0
1174,386,1152,0,3
1179,386,1201,3,0
1182,386,1204,3,0
1171,387,1149,0,3
1172,387,1194,3,0
1174,387,1152,0,3
1179,387,1201,3,0
1182,387,1204,3,0
1171,388,1149,0,3
1172,388,1194,3,0
1182,388,1204,3,0
1171,389,1149,0,3
1172,389,1194,3,0
1182,389,1204,3,0
1182,390,1204,3,0
1171,391,1149,0,3
1182,391,1204,3,0
1171,392,1149,0,3
1182,392,1204,3,0
1184,392,1206,3,0
1171,393,1149,0,3
1182,393,1204,3,0
1184,393,1206,3,0
1171,394,1149,0,3
1182,394,1204,3,0
1184,394,1206,3,0
1171,395,1149,0,3
1182,395,1204,3,0
1184,395,1206,3,0
1188,396,1166,0,2
1193,396,1171,0,3
1204,396,1226,3,0
1205,396,1227,3,0
1206,396,1228,3,0
1193,397,1171,0,3
1204,397,1226,3,0
1205,397,1227,3,0
1206,397,1228,3,0
1193,398,1171,0,3
1204,398,1226,3,0
1205,398,1227,3,0
1206,398,1228,3,0
1193,399,1171,0,3
1204,399,1226,3,0
1205,399,1227,3,0
1206,399,1228,3,0
1193,400,1171,0,3
1204,400,1226,3,0
1205,400,1227,3,0
1193,401,1171,0,3
1204,401,1226,3,0
1193,402,1171,0,3
1194,402,1216,3,0
1204,402,1226,3,0
1193,403,1171,0,3
1194,403,1216,3,0
1204,403,1226,3,0
1193,404,1171,0,3
1194,404,1216,3,0
1196,404,1174,0,3
1204,404,1226,3,0
1193,405,1171,0,3
1194,405,1216,3,0
1196,405,1174,0,3
1201,405,1223,3,0
1204,405,1226,3,0
1193,406,1171,0,3
1194,406,1216,3,0
1196,406,1174,0,3
1201,406,1223,3,0
1204,406,1226,3,0
1193,407,1171,0,3
1194,407,1216,3,0
1196,407,1174,0,3
1201,407,1223,3,0
1204,407,1226,3,0
1193,408,1171,0,3
1194,408,1216,3,0
1196,408,1174,0,3
1201,408,1223,3,0
1204,408,1226,3,0
1193,409,1171,0,3
1194,409,1216,3,0
1196,409,1174,0,3
1201,409,1223,3,0
1204,409,1226,3,0
1193,410,1171,0,3
1194,410,1216,3,0
1204,410,1226,3,0
1193,411,1171,0,3
1194,411,1216,3,0
1204,411,1226,3,0
1204,412,1226,3,0
1193,413,1171,0,3
1204,413,1226,3,0
1205,413,1227,3,0
1193,414,1171,0,3
1204,414,1226,3,0
1205,414,1227,3,0
1206,414,1228,3,0
1193,415,1171,0,3
1204,415,1226,3,0
1205,415,1227,3,0
1206,415,1228,3,0
1193,416,1171,0,3
1204,416,1226,3,0
1205,416,1227,3,0
1206,416,1228,3,0
1193,417,1171,0,3
1204,417,1226,3,0
1205,417,1227,3,0
1206,417,1228,3,0
1210,418,1188,0,2
1214,418,1236,3,0
1215,418,1193,0,3
1227,418,1249,3,0
1228,418,1250,3,0
1214,419,1236,3,0
1215,419,1193,0,3
1227,419,1249,3,0
1228,419,1250,3,0
1214,420,1236,3,0
1215,420,1193,0,3
1227,420,1249,3,0
1228,420,1250,3,0
1214,421,1236,3,0
1215,421,1193,0,3
1227,421,1249,3,0
1228,421,1250,3,0
1214,422,1236,3,0
1215,422,1193,0,3
1227,422,1249,3,0
1215,423,1193,0,3
1215,424,1193,0,3
1216,424,1238,3,0
1215,425,1193,0,3
1216,425,1238,3,0
1225,425,1203,0,3
1215,426,1193,0,3
1216,426,1238,3,0
1218,426,1196,0,3
1225,426,1203,0,3
1215,427,1193,0,3
1216,427,1238,3,0
1218,427,1196,0,3
1223,427,1245,3,0
1225,427,1203,0,3
1215,428,1193,0,3
1216,428,1238,3,0
1218,428,1196,0,3
1223,428,1245,3,0
1225,428,1203,0,3
1215,429,1193,0,3
1216,429,1238,3,0
1218,429,1196,0,3
1223,429,1245,3,0
1225,429,1203,0,3
1215,430,1193,0,3
1216,430,1238,3,0
1218,430,1196,0,3
1223,430,1245,3,0
1225,430,1203,0,3
1215,431,1193,0,3
1216,431,1238,3,0
1218,431,1196,0,3
1223,431,1245,3,0
1225,431,1203,0,3
1215,432,1193,0,3
1216,432,1238,3,0
1225,432,1203,0,3
1215,433,1193,0,3
1216,433,1238,3,0
1225,433,1203,0,3
1215,435,1193,0,3
1227,435,1249,3,0
1214,436,1236,3,0
1215,436,1193,0,3
1227,436,1249,3,0
1228,436,1250,3,0
1214,437,1236,3,0
1215,437,1193,0,3
1227,437,1249,3,0
1228,437,1250,3,0
1214,438,1236,3,0
1215,438,1193,0,3
1227,438,1249,3,0
1228,438,1250,3,0
1214,439,1236,3,0
1215,439,1193,0,3
1227,439,1249,3,0
1228,439,1250,3,0
1232,440,1210,0,2
1237,440,1215,0,3
1249,440,1271,3,0
1250,440,1272,3,0
1237,441,1215,0,3
1249,441,1271,3,0
1250,441,1272,3,0
1237,442,1215,0,3
1249,442,1271,3,0
1250,442,1272,3,0
1237,443,1215,0,3
1249,443,1271,3,0
1250,443,1272,3,0
1237,444,1215,0,3
1249,444,1271,3,0
1237,445,1215,0,3
1237,446,1215,0,3
1238,446,1260,3,0
1237,447,1215,0,3
1238,447,1260,3,0
1237,448,1215,0,3
1238,448,1260,3,0
1240,448,1218,0,3
1237,449,1215,0,3
1238,449,1260,3,0
1240,449,1218,0,3
1245,449,1267,3,0
1237,450,1215,0,3
1238,450,1260,3,0
1240,450,1218,0,3
1245,450,1267,3,0
1237,451,1215,0,3
1238,451,1260,3,0
1240,451,1218,0,3
1245,451,1267,3,0
1237,452,1215,0,3
1238,452,1260,3,0
1240,452,1218,0,3
1245,452,1267,3,0
1237,453,1215,0,3
1238,453,1260,3,0
1240,453,1218,0,3
1245,453,1267,3,0
1237,454,1215,0,3
1238,454,1260,3,0
1237,455,1215,0,3
1238,455,1260,3,0
1237,457,1215,0,3
1249,457,1271,3,0
1237,458,1215,0,3
1249,458,1271,3,0
1250,458,1272,3,0
1237,459,1215,0,3
1249,459,1271,3,0
1250,459,1272,3,0
1237,460,1215,0,3
1249,460,1271,3,0
1250,460,1272,3,0
1237,461,1215,0,3
1249,461,1271,3,0
1250,461,1272,3,0
1254,462,1232,0,2
1259,462,1237,0,3
1270,462,1292,3,0
1271,462,1293,3,0
1272,462,1294,3,0
1274,462,1252,0,3
1259,463,1237,0,3
1270,463,1292,3,0
1271,463,1293,3,0
1272,463,1294,3,0
1274,463,1252,0,3
1259,464,1237,0,3
1270,464,1292,3,0
1271,464,1293,3,0
1272,464,1294,3,0
1259,465,1237,0,3
1270,465,1292,3,0
1271,465,1293,3,0
1272,465,1294,3,0
1259,466,1237,0,3
1270,466,1292,3,0
1271,466,1293,3,0
1259,467,1237,0,3
1259,468,1237,0,3
1260,468,1282,3,0
1270,468,1292,3,0
1259,469,1237,0,3
1260,469,1282,3,0
1270,469,1292,3,0
1259,470,1237,0,3
1260,470,1282,3,0
1262,470,1240,0,3
1270,470,1292,3,0
1259,471,1237,0,3
1260,471,1282,3,0
1262,471,1240,0,3
1267,471,1289,3,0
1270,471,1292,3,0
1259,472,1237,0,3
1260,472,1282,3,0
1262,472,1240,0,3
1267,472,1289,3,0
1270,472,1292,3,0
1259,473,1237,0,3
1260,473,1282,3,0
1262,473,1240,0,3
1267,473,1289,3,0
1270,473,1292,3,0
1259,474,1237,0,3
1260,474,1282,3,0
1262,474,1240,0,3
1267,474,1289,3,0
1270,474,1292,3,0
1259,475,1237,0,3
1260,475,1282,3,0
1262,475,1240,0,3
1267,475,1289,3,0
1270,475,1292,3,0
1259,476,1237,0,3
1260,476,1282,3,0
1270,476,1292,3,0
1259,477,1237,0,3
1260,477,1282,3,0
1270,477,1292,3,0
1270,478,1292,3,0
1259,479,1237,0,3
1270,479,1292,3,0
1271,479,1293,3,0
1259,480,1237,0,3
1270,480,1292,3,0
1271,480,1293,3,0
1272,480,1294,3,0
1259,481,1237,0,3
1270,481,1292,3,0
1271,481,1293,3,0
1272,481,1294,3,0
1259,482,1237,0,3
1270,482,1292,3,0
1271,482,1293,3,0
1272,482,1294,3,0
1274,482,1252,0,3
1259,483,1237,0,3
1270,483,1292,3,0
1271,483,1293,3,0
1272,483,1294,3,0
1274,483,1252,0,3
1276,484,1254,0,2
1277,484,1255,0,3
1281,484,1259,0,3
1292,484,1314,3,0
1293,484,1315,3,0
1294,484,1316,3,0
1277,485,1255,0,3
1281,485,1259,0,3
1292,485,1314,3,0
1293,485,1315,3,0
1294,485,1316,3,0
1281,486,1259,0,3
1292,486,1314,3,0
1293,486,1315,3,0
1294,486,1316,3,0
1281,487,1259,0,3
1292,487,1314,3,0
1293,487,1315,3,0
1294,487,1316,3,0
1281,488,1259,0,3
1292,488,1314,3,0
1293,488,1315,3,0
1281,489,1259,0,3
1292,489,1314,3,0
1281,490,1259,0,3
1282,490,1304,3,0
1292,490,1314,3,0
1281,491,1259,0,3
1282,491,1304,3,0
1292,491,1314,3,0
1281,492,1259,0,3
1282,492,1304,3,0
1284,492,1262,0,3
1290,492,1268,0,3
1292,492,1314,3,0
1281,493,1259,0,3
1282,493,1304,3,0
1284,493,1262,0,3
1289,493,1311,3,0
1290,493,1268,0,3
1292,493,1314,3,0
1281,494,1259,0,3
1282,494,1304,3,0
1284,494,1262,0,3
1289,494,1311,3,0
1290,494,1268,0,3
1292,494,1314,3,0
1281,495,1259,0,3
1282,495,1304,3,0
1284,495,1262,0,3
1289,495,1311,3,0
1290,495,1268,0,3
1292,495,1314,3,0
1281,496,1259,0,3
1282,496,1304,3,0
1284,496,1262,0,3
1289,496,1311,3,0
1290,496,1268,0,3
1292,496,1314,3,0
1281,497,1259,0,3
1282,497,1304,3,0
1284,497,1262,0,3
1289,497,1311,3,0
1290,497,1268,0,3
1292,497,1314,3,0
1281,498,1259,0,3
1282,498,1304,3,0
1290,498,1268,0,3
1292,498,1314,3,0
1281,499,1259,0,3
1282,499,1304,3,0
1292,499,1314,3,0
1292,500,1314,3,0
1281,501,1259,0,3
1292,501,1314,3,0
1293,501,1315,3,0
1281,502,1259,0,3
1292,502,1314,3,0
1293,502,1315,3,0
1294,502,1316,3,0
1281,503,1259,0,3
1292,503,1314,3,0
1293,503,1315,3,0
1294,503,1316,3,0
1281,504,1259,0,3
1292,504,1314,3,0
1293,504,1315,3,0
1294,504,1316,3,0
1277,505,1255,0,3
1281,505,1259,0,3
1292,505,1314,3,0
1293,505,1315,3,0
1294,505,1316,3,0
1298,506,1276,0,2
1303,506,1281,0,3
1315,506,1337,3,0
1319,506,1297,0,3
1303,507,1281,0,3
1315,507,1337,3,0
1303,508,1281,0,3
1315,508,1337,3,0
1303,509,1281,0,3
1315,509,1337,3,0
1303,510,1281,0,3
1315,510,1337,3,0
1303,511,1281,0,3
1303,512,1281,0,3
1304,512,1326,3,0
1303,513,1281,0,3
1304,513,1326,3,0
1303,514,1281,0,3
1304,514,1326,3,0
1306,514,1284,0,3
1312,514,1290,0,3
1303,515,1281,0,3
1304,515,1326,3,0
1306,515,1284,0,3
1307,515,1329,3,0
1311,515,1333,3,0
1312,515,1290,0,3
1303,516,1281,0,3
1304,516,1326,3,0
1306,516,1284,0,3
1307,516,1329,3,0
1311,516,1333,3,0
1312,516,1290,0,3
1303,517,1281,0,3
1304,517,1326,3,0
1306,517,1284,0,3
1307,517,1329,3,0
1311,517,1333,3,0
1312,517,1290,0,3
1303,518,1281,0,3
1304,518,1326,3,0
1306,518,1284,0,3
1307,518,1329,3,0
1311,518,1333,3,0
1312,518,1290,0,3
1303,519,1281,0,3
1304,519,1326,3,0
1306,519,1284,0,3
1311,519,1333,3,0
1312,519,1290,0,3
1303,520,1281,0,3
1304,520,1326,3,0
1312,520,1290,0,3
1303,521,1281,0,3
1304,521,1326,3,0
1303,523,1281,0,3
1315,523,1337,3,0
1303,524,1281,0,3
1315,524,1337,3,0
1303,525,1281,0,3
1315,525,1337,3,0
1303,526,1281,0,3
1315,526,1337,3,0
1303,527,1281,0,3
1315,527,1337,3,0
1319,527,1297,0,3
1320,528,1298,0,2
1325,528,1303,0,3
1337,528,1359,3,0
1341,528,1319,0,3
1325,529,1303,0,3
1337,529,1359,3,0
1325,530,1303,0,3
1337,530,1359,3,0
1325,531,1303,0,3
1337,531,1359,3,0
1325,532,1303,0,3
1337,532,1359,3,0
1325,533,1303,0,3
1325,534,1303,0,3
1326,534,1348,3,0
1325,535,1303,0,3
1326,535,1348,3,0
1325,536,1303,0,3
1326,536,1348,3,0
1328,536,1306,0,3
1334,536,1312,0,3
1325,537,1303,0,3
1326,537,1348,3,0
1328,537,1306,0,3
1329,537,1351,3,0
1333,537,1355,3,0
1334,537,1312,0,3
1325,538,1303,0,3
1326,538,1348,3,0
1328,538,1306,0,3
1329,538,1351,3,0
1333,538,1355,3,0
1334,538,1312,0,3
1325,539,1303,0,3
1326,539,1348,3,0
1328,539,1306,0,3
1329,539,1351,3,0
1333,539,1355,3,0
1334,539,1312,0,3
1325,540,1303,0,3
1326,540,1348,3,0
1328,540,1306,0,3
1329,540,1351,3,0
1333,540,1355,3,0
1334,540,1312,0,3
1325,541,1303,0,3
1326,541,1348,3,0
1328,541,1306,0,3
1333,541,1355,3,0
1334,541,1312,0,3
1325,542,1303,0,3
1326,542,1348,3,0
1334,542,1312,0,3
1325,543,1303,0,3
1326,543,1348,3,0
1325,545,1303,0,3
1337,545,1359,3,0
1325,546,1303,0,3
1337,546,1359,3,0
1325,547,1303,0,3
1337,547,1359,3,0
1325,548,1303,0,3
1337,548,1359,3,0
1325,549,1303,0,3
1337,549,1359,3,0
1341,549,1319,0,3
1342,550,1320,0,2
1347,550,1325,0,3
1359,550,1381,3,0
1363,550,1341,0,3
1347,551,1325,0,3
1359,551,1381,3,0
1347,552,1325,0,3
1359,552,1381,3,0
1347,553,1325,0,3
1359,553,1381,3,0
1347,554,1325,0,3
1359,554,1381,3,0
1347,555,1325,0,3
1347,556,1325,0,3
1348,556,1370,3,0
1347,557,1325,0,3
1348,557,1370,3,0
1347,558,1325,0,3
1348,558,1370,3,0
1350,558,1328,0,3
1356,558,1334,0,3
1347,559,1325,0,3
1348,559,1370,3,0
1350,559,1328,0,3
1351,559,1373,3,0
1355,559,1377,3,0
1356,559,1334,0,3
1347,560,1325,0,3
1348,560,1370,3,0
1350,560,1328,0,3
1351,560,1373,3,0
1355,560,1377,3,0
1356,560,1334,0,3
1347,561,1325,0,3
1348,561,1370,3,0
1350,561,1328,0,3
1351,561,1373,3,0
1355,561,1377,3,0
1356,561,1334,0,3
1347,562,1325,0,3
1348,562,1370,3,0
1350,562,1328,0,3
1351,562,1373,3,0
1355,562,1377,3,0
1356,562,1334,0,3
1347,563,1325,0,3
1348,563,1370,3,0
1350,563,1328,0,3
1355,563,1377,3,0
1356,563,1334,0,3
1347,564,1325,0,3
1348,564,1370,3,0
1356,564,1334,0,3
1347,565,1325,0,3
1348,565,1370,3,0
1347,567,1325,0,3
1359,567,1381,3,0
1347,568,1325,0,3
1359,568,1381,3,0
1347,569,1325,0,3
1359,569,1381,3,0
1347,570,1325,0,3
1359,570,1381,3,0
1347,571,1325,0,3
1359,571,1381,3,0
1363,571,1341,0,3
1364,572,1342,0,2
1365,572,1387,3,0
1366,572,1388,3,0
1368,572,1346,0,3
1369,572,1347,0,3
1381,572,1403,3,0
1385,572,1363,0,3
1365,573,1387,3,0
1366,573,1388,3,0
1368,573,1346,0,3
1369,573,1347,0,3
1381,573,1403,3,0
1366,574,1388,3,0
1368,574,1346,0,3
1369,574,1347,0,3
1381,574,1403,3,0
1368,575,1346,0,3
1369,575,1347,0,3
1381,575,1403,3,0
1368,576,1346,0,3
1369,576,1347,0,3
1381,576,1403,3,0
1369,577,1347,0,3
1369,578,1347,0,3
1370,578,1392,3,0
1369,579,1347,0,3
1370,579,1392,3,0
1369,580,1347,0,3
1370,580,1392,3,0
1372,580,1350,0,3
1378,580,1356,0,3
1369,581,1347,0,3
1370,581,1392,3,0
1372,581,1350,0,3
1373,581,1395,3,0
1377,581,1399,3,0
1378,581,1356,0,3
1369,582,1347,0,3
1370,582,1392,3,0
1372,582,1350,0,3
1373,582,1395,3,0
1377,582,1399,3,0
1378,582,1356,0,3
1369,583,1347,0,3
1370,583,1392,3,0
1372,583,1350,0,3
1373,583,1395,3,0
1377,583,1399,3,0
1378,583,1356,0,3
1369,584,1347,0,3
1370,584,1392,3,0
1372,584,1350,0,3
1373,584,1395,3,0
1377,584,1399,3,0
1378,584,1356,0,3
1369,585,1347,0,3
1370,585,1392,3,0
1372,585,1350,0,3
1377,585,1399,3,0
1378,585,1356,0,3
1369,586,1347,0,3
1370,586,1392,3,0
1378,586,1356,0,3
1369,587,1347,0,3
1370,587,1392,3,0
1369,589,1347,0,3
1381,589,1403,3,0
1368,590,1346,0,3
1369,590,1347,0,3
1381,590,1403,3,0
1368,591,1346,0,3
1369,591,1347,0,3
1381,591,1403,3,0
1366,592,1388,3,0
1368,592,1346,0,3
1369,592,1347,0,3
1381,592,1403,3,0
1365,593,1387,3,0
1366,593,1388,3,0
1368,593,1346,0,3
1369,593,1347,0,3
1381,593,1403,3,0
1385,593,1363,0,3
1386,594,1364,0,2
1387,594,1409,3,0
1388,594,1410,3,0
1391,594,1369,0,3
1403,594,1425,3,0
1407,594,1385,0,3
1387,595,1409,3,0
1388,595,1410,3,0
1391,595,1369,0,3
1403,595,1425,3,0
1388,596,1410,3,0
1391,596,1369,0,3
1403,596,1425,3,0
1391,597,1369,0,3
1403,597,1425,3,0
1391,598,1369,0,3
1403,598,1425,3,0
1391,599,1369,0,3
1391,600,1369,0,3
1392,600,1414,3,0
1391,601,1369,0,3
1392,601,1414,3,0
1391,602,1369,0,3
1392,602,1414,3,0
1394,602,1372,0,3
1400,602,1378,0,3
1391,603,1369,0,3
1392,603,1414,3,0
1394,603,1372,0,3
1399,603,1421,3,0
1400,603,1378,0,3
1391,604,1369,0,3
1392,604,1414,3,0
1394,604,1372,0,3
1399,604,1421,3,0
1400,604,1378,0,3
1391,605,1369,0,3
1392,605,1414,3,0
1394,605,1372,0,3
1399,605,1421,3,0
1400,605,1378,0,3
1391,606,1369,0,3
1392,606,1414,3,0
1394,606,1372,0,3
1399,606,1421,3,0
1400,606,1378,0,3
1391,607,1369,0,3
1392,607,1414,3,0
1394,607,1372,0,3
1399,607,1421,3,0
1400,607,1378,0,3
1391,608,1369,0,3
1392,608,1414,3,0
1400,608,1378,0,3
1391,609,1369,0,3
1392,609,1414,3,0
1391,611,1369,0,3
1403,611,1425,3,0
1391,612,1369,0,3
1403,612,1425,3,0
1391,613,1369,0,3
1403,613,1425,3,0
1388,614,1410,3,0
1391,614,1369,0,3
1403,614,1425,3,0
1387,615,1409,3,0
1388,615,1410,3,0
1391,615,1369,0,3
1403,615,1425,3,0
1407,615,1385,0,3
1408,616,1386,0,2
1410,616,1432,3,0
1412,616,1390,0,3
1413,616,1391,0,3
1425,616,1447,3,0
1426,616,1448,3,0
1429,616,1407,0,3
1410,617,1432,3,0
1412,617,1390,0,3
1413,617,1391,0,3
1425,617,1447,3,0
1426,617,1448,3,0
1410,618,1432,3,0
1412,618,1390,0,3
1413,618,1391,0,3
1425,618,1447,3,0
1426,618,1448,3,0
1412,619,1390,0,3
1413,619,1391,0,3
1425,619,1447,3,0
1426,619,1448,3,0
1412,620,1390,0,3
1413,620,1391,0,3
1425,620,1447,3,0
1413,621,1391,0,3
1413,622,1391,0,3
1414,622,1436,3,0
1413,623,1391,0,3
1414,623,1436,3,0
1413,624,1391,0,3
1414,624,1436,3,0
1416,624,1394,0,3
1422,624,1400,0,3
1413,625,1391,0,3
1414,625,1436,3,0
1416,625,1394,0,3
1421,625,1443,3,0
1422,625,1400,0,3
1413,626,1391,0,3
1414,626,1436,3,0
1416,626,1394,0,3
1421,626,1443,3,0
1422,626,1400,0,3
1413,627,1391,0,3
1414,627,1436,3,0
1416,627,1394,0,3
1421,627,1443,3,0
1422,627,1400,0,3
1413,628,1391,0,3
1414,628,1436,3,0
1416,628,1394,0,3
1421,628,1443,3,0
1422,628,1400,0,3
1413,629,1391,0,3
1414,629,1436,3,0
1416,629,1394,0,3
1421,629,1443,3,0
1422,629,1400,0,3
1413,630,1391,0,3
1414,630,1436,3,0
1422,630,1400,0,3
1413,631,1391,0,3
1414,631,1436,3,0
1413,633,1391,0,3
1425,633,1447,3,0
1412,634,1390,0,3
1413,634,1391,0,3
1425,634,1447,3,0
1426,634,1448,3,0
1412,635,1390,0,3
1413,635,1391,0,3
1425,635,1447,3,0
1426,635,1448,3,0
1410,636,1432,3,0
1412,636,1390,0,3
1413,636,1391,0,3
1425,636,1447,3,0
1426,636,1448,3,0
1410,637,1432,3,0
1412,637,1390,0,3
1413,637,1391,0,3
1425,637,1447,3,0
1426,637,1448,3,0
1429,637,1407,0,3
1430,638,1408,0,2
1432,638,1454,3,0
1434,638,1412,0,3
1435,638,1413,0,3
1447,638,1469,3,0
1448,638,1470,3,0
1432,639,1454,3,0
1434,639,1412,0,3
1435,639,1413,0,3
1447,639,1469,3,0
1448,639,1470,3,0
1432,640,1454,3,0
1434,640,1412,0,3
1435,640,1413,0,3
1447,640,1469,3,0
1448,640,1470,3,0
1434,641,1412,0,3
1435,641,1413,0,3
1447,641,1469,3,0
1448,641,1470,3,0
1434,642,1412,0,3
1435,642,1413,0,3
1447,642,1469,3,0
1435,643,1413,0,3
1435,644,1413,0,3
1436,644,1458,3,0
1435,645,1413,0,3
1436,645,1458,3,0
1435,646,1413,0,3
1436,646,1458,3,0
1438,646,1416,0,3
1444,646,1422,0,3
1435,647,1413,0,3
1436,647,1458,3,0
1438,647,1416,0,3
1443,647,1465,3,0
1444,647,1422,0,3
1435,648,1413,0,3
1436,648,1458,3,0
1438,648,1416,0,3
1443,648,1465,3,0
1444,648,1422,0,3
1435,649,1413,0,3
1436,649,1458,3,0
1438,649,1416,0,3
1443,649,1465,3,0
1444,649,1422,0,3
1435,650,1413,0,3
1436,650,1458,3,0
1438,650,1416,0,3
1443,650,1465,3,0
1444,650,1422,0,3
1435,651,1413,0,3
1436,651,1458,3,0
1438,651,1416,0,3
1443,651,1465,3,0
1444,651,1422,0,3
1435,652,1413,0,3
1436,652,1458,3,0
1444,652,1422,0,3
1435,653,1413,0,3
1436,653,1458,3,0
1435,655,1413,0,3
1447,655,1469,3,0
1434,656,1412,0,3
1435,656,1413,0,3
1447,656,1469,3,0
1448,656,1470,3,0
1434,657,1412,0,3
1435,657,1413,0,3
1447,657,1469,3,0
1448,657,1470,3,0
1432,658,1454,3,0
1434,658,1412,0,3
1435,658,1413,0,3
1447,658,1469,3,0
1448,658,1470,3,0
1432,659,1454,3,0
1434,659,1412,0,3
1435,659,1413,0,3
1447,659,1469,3,0
1448,659,1470,3,0
1452,660,1430,0,2
1453,660,1475,3,0
1454,660,1476,3,0
1455,660,1433,0,3
1456,660,1434,0,3
1457,660,1435,0,3
1469,660,1491,3,0
1470,660,1492,3,0
1453,661,1475,3,0
1454,661,1476,3,0
1455,661,1433,0,3
1456,661,1434,0,3
1457,661,1435,0,3
1469,661,1491,3,0
1470,661,1492,3,0
1454,662,1476,3,0
1455,662,1433,0,3
1456,662,1434,0,3
1457,662,1435,0,3
1469,662,1491,3,0
1470,662,1492,3,0
1455,663,1433,0,3
1456,663,1434,0,3
1457,663,1435,0,3
1469,663,1491,3,0
1470,663,1492,3,0
1456,664,1434,0,3
1457,664,1435,0,3
1469,664,1491,3,0
1457,665,1435,0,3
1457,666,1435,0,3
1458,666,1480,3,0
1457,667,1435,0,3
1458,667,1480,3,0
1457,668,1435,0,3
1458,668,1480,3,0
1466,668,1444,0,3
1457,669,1435,0,3
1458,669,1480,3,0
1461,669,1483,3,0
1465,669,1487,3,0
1466,669,1444,0,3
1457,670,1435,0,3
1458,670,1480,3,0
1461,670,1483,3,0
1465,670,1487,3,0
1466,670,1444,0,3
1457,671,1435,0,3
1458,671,1480,3,0
1461,671,1483,3,0
1463,671,1441,0,3
1465,671,1487,3,0
1466,671,1444,0,3
1457,672,1435,0,3
1458,672,1480,3,0
1461,672,1483,3,0
1465,672,1487,3,0
1466,672,1444,0,3
1457,673,1435,0,3
1458,673,1480,3,0
1465,673,1487,3,0
1466,673,1444,0,3
1457,674,1435,0,3
1458,674,1480,3,0
1466,674,1444,0,3
1457,675,1435,0,3
1458,675,1480,3,0
1457,677,1435,0,3
1469,677,1491,3,0
1456,678,1434,0,3
1457,678,1435,0,3
1469,678,1491,3,0
1470,678,1492,3,0
1455,679,1433,0,3
1456,679,1434,0,3
1457,679,1435,0,3
1469,679,1491,3,0
1470,679,1492,3,0
1454,680,1476,3,0
1455,680,1433,0,3
1456,680,1434,0,3
1457,680,1435,0,3
1469,680,1491,3,0
1470,680,1492,3,0
1453,681,1475,3,0
1454,681,1476,3,0
1455,681,1433,0,3
1456,681,1434,0,3
1457,681,1435,0,3
1469,681,1491,3,0
1470,681,1492,3,0
1474,682,1452,0,2
1476,682,1498,3,0
1477,682,1455,0,3
1478,682,1456,0,3
1479,682,1457,0,3
1491,682,1513,3,0
1492,682,1514,3,0
1476,683,1498,3,0
1477,683,1455,0,3
1478,683,1456,0,3
1479,683,1457,0,3
1491,683,1513,3,0
1492,683,1514,3,0
1476,684,1498,3,0
1477,684,1455,0,3
1478,684,1456,0,3
1479,684,1457,0,3
1491,684,1513,3,0
1492,684,1514,3,0
1477,685,1455,0,3
1478,685,1456,0,3
1479,685,1457,0,3
1491,685,1513,3,0
1492,685,1514,3,0
1478,686,1456,0,3
1479,686,1457,0,3
1491,686,1513,3,0
1479,687,1457,0,3
1479,688,1457,0,3
1480,688,1502,3,0
1479,689,1457,0,3
1480,689,1502,3,0
1479,690,1457,0,3
1480,690,1502,3,0
1488,690,1466,0,3
1479,691,1457,0,3
1480,691,1502,3,0
1483,691,1505,3,0
1487,691,1509,3,0
1488,691,1466,0,3
1479,692,1457,0,3
1480,692,1502,3,0
1483,692,1505,3,0
1487,692,1509,3,0
1488,692,1466,0,3
1479,693,1457,0,3
1480,693,1502,3,0
1483,693,1505,3,0
1485,693,1463,0,3
1487,693,1509,3,0
1488,693,1466,0,3
1479,694,1457,0,3
1480,694,1502,3,0
1483,694,1505,3,0
1487,694,1509,3,0
1488,694,1466,0,3
1479,695,1457,0,3
1480,695,1502,3,0
1487,695,1509,3,0
1488,695,1466,0,3
1479,696,1457,0,3
1480,696,1502,3,0
1488,696,1466,0,3
1479,697,1457,0,3
1480,697,1502,3,0
1479,699,1457,0,3
1491,699,1513,3,0
1478,700,1456,0,3
1479,700,1457,0,3
1491,700,1513,3,0
1492,700,1514,3,0
1477,701,1455,0,3
1478,701,1456,0,3
1479,701,1457,0,3
1491,701,1513,3,0
1492,701,1514,3,0
1476,702,1498,3,0
1477,702,1455,0,3
1478,702,1456,0,3
1479,702,1457,0,3
1491,702,1513,3,0
1492,702,1514,3,0
1476,703,1498,3,0
1477,703,1455,0,3
1478,703,1456,0,3
1479,703,1457,0,3
1491,703,1513,3,0
1492,703,1514,3,0
1496,704,1474,0,2
1497,704,1475,0,3
1498,704,1520,3,0
1499,704,1477,0,3
1500,704,1478,0,3
1501,704,1479,0,3
1514,704,1536,3,0
1497,705,1475,0,3
1498,705,1520,3,0
1499,705,1477,0,3
1500,705,1478,0,3
1501,705,1479,0,3
1514,705,1536,3,0
1498,706,1520,3,0
1499,706,1477,0,3
1500,706,1478,0,3
1501,706,1479,0,3
1514,706,1536,3,0
1499,707,1477,0,3
1500,707,1478,0,3
1501,707,1479,0,3
1514,707,1536,3,0
1500,708,1478,0,3
1501,708,1479,0,3
1501,709,1479,0,3
1501,710,1479,0,3
1502,710,1524,3,0
1501,711,1479,0,3
1502,711,1524,3,0
1501,712,1479,0,3
1502,712,1524,3,0
1501,713,1479,0,3
1502,713,1524,3,0
1505,713,1527,3,0
1509,713,1531,3,0
1501,714,1479,0,3
1502,714,1524,3,0
1505,714,1527,3,0
1508,714,1530,3,0
1509,714,1531,3,0
1501,715,1479,0,3
1502,715,1524,3,0
1505,715,1527,3,0
1508,715,1530,3,0
1509,715,1531,3,0
1501,716,1479,0,3
1502,716,1524,3,0
1505,716,1527,3,0
1508,716,1530,3,0
1509,716,1531,3,0
1501,717,1479,0,3
1502,717,1524,3,0
1509,717,1531,3,0
1501,718,1479,0,3
1502,718,1524,3,0
1501,719,1479,0,3
1502,719,1524,3,0
1501,721,1479,0,3
1500,722,1478,0,3
1501,722,1479,0,3
1514,722,1536,3,0
1499,723,1477,0,3
1500,723,1478,0,3
1501,723,1479,0,3
1514,723,1536,3,0
1498,724,1520,3,0
1499,724,1477,0,3
1500,724,1478,0,3
1501,724,1479,0,3
1514,724,1536,3,0
1497,725,1475,0,3
1498,725,1520,3,0
1499,725,1477,0,3
1500,725,1478,0,3
1501,725,1479,0,3
1514,725,1536,3,0
1518,726,1496,0,2
1520,726,1542,3,0
1523,726,1501,0,3
1534,726,1556,3,0
1535,726,1557,3,0
1536,726,1558,3,0
1520,727,1542,3,0
1523,727,1501,0,3
1534,727,1556,3,0
1535,727,1557,3,0
1536,727,1558,3,0
1520,728,1542,3,0
1523,728,1501,0,3
1534,728,1556,3,0
1535,728,1557,3,0
1536,728,1558,3,0
1523,729,1501,0,3
1534,729,1556,3,0
1535,729,1557,3,0
1536,729,1558,3,0
1523,730,1501,0,3
1534,730,1556,3,0
1535,730,1557,3,0
1523,731,1501,0,3
1523,732,1501,0,3
1524,732,1546,3,0
1534,732,1556,3,0
1523,733,1501,0,3
1524,733,1546,3,0
1534,733,1556,3,0
1523,734,1501,0,3
1524,734,1546,3,0
1532,734,1510,0,3
1534,734,1556,3,0
1523,735,1501,0,3
1524,735,1546,3,0
1532,735,1510,0,3
1534,735,1556,3,0
1523,736,1501,0,3
1524,736,1546,3,0
1528,736,1550,3,0
1532,736,1510,0,3
1534,736,1556,3,0
1523,737,1501,0,3
1524,737,1546,3,0
1528,737,1550,3,0
1532,737,1510,0,3
1534,737,1556,3,0
1523,738,1501,0,3
1524,738,1546,3,0
1532,738,1510,0,3
1534,738,1556,3,0
1523,739,1501,0,3
1524,739,1546,3,0
1532,739,1510,0,3
1534,739,1556,3,0
1523,740,1501,0,3
1524,740,1546,3,0
1532,740,1510,0,3
1534,740,1556,3,0
1523,741,1501,0,3
1524,741,1546,3,0
1534,741,1556,3,0
1534,742,1556,3,0
1523,743,1501,0,3
1534,743,1556,3,0
1535,743,1557,3,0
1523,744,1501,0,3
1534,744,1556,3,0
1535,744,1557,3,0
1536,744,1558,3,0
1523,745,1501,0,3
1534,745,1556,3,0
1535,745,1557,3,0
1536,745,1558,3,0
1520,746,1542,3,0
1523,746,1501,0,3
1534,746,1556,3,0
1535,746,1557,3,0
1536,746,1558,3,0
1520,747,1542,3,0
1523,747,1501,0,3
1534,747,1556,3,0
1535,747,1557,3,0
1536,747,1558,3,0
1540,748,1518,0,2
1541,748,1519,0,3
1542,748,1564,3,0
1545,748,1523,0,3
1556,748,1578,3,0
1557,748,1579,3,0
1558,748,1580,3,0
1541,749,1519,0,3
1542,749,1564,3,0
1545,749,1523,0,3
1556,749,1578,3,0
1557,749,1579,3,0
1558,749,1580,3,0
1542,750,1564,3,0
1545,750,1523,0,3
1556,750,1578,3,0
1557,750,1579,3,0
1558,750,1580,3,0
1545,751,1523,0,3
1556,751,1578,3,0
1557,751,1579,3,0
1558,751,1580,3,0
1545,752,1523,0,3
1556,752,1578,3,0
1557,752,1579,3,0
1545,753,1523,0,3
1556,753,1578,3,0
1545,754,1523,0,3
1556,754,1578,3,0
1545,755,1523,0,3
1556,755,1578,3,0
1545,756,1523,0,3
1554,756,1532,0,3
1556,756,1578,3,0
1545,757,1523,0,3
1554,757,1532,0,3
1556,757,1578,3,0
1545,758,1523,0,3
1550,758,1572,3,0
1554,758,1532,0,3
1556,758,1578,3,0
1545,759,1523,0,3
1550,759,1572,3,0
1551,759,1529,0,3
1554,759,1532,0,3
1556,759,1578,3,0
1545,760,1523,0,3
1554,760,1532,0,3
1556,760,1578,3,0
1545,761,1523,0,3
1554,761,1532,0,3
1556,761,1578,3,0
1545,762,1523,0,3
1554,762,1532,0,3
1556,762,1578,3,0
1545,763,1523,0,3
1556,763,1578,3,0
1556,764,1578,3,0
1545,765,1523,0,3
1556,765,1578,3,0
1557,765,1579,3,0
1545,766,1523,0,3
1556,766,1578,3,0
1557,766,1579,3,0
1558,766,1580,3,0
1545,767,1523,0,3
1556,767,1578,3,0
1557,767,1579,3,0
1558,767,1580,3,0
1542,768,1564,3,0
1545,768,1523,0,3
1556,768,1578,3,0
1557,768,1579,3,0
1558,768,1580,3,0
1541,769,1519,0,3
1542,769,1564,3,0
1545,769,1523,0,3
1556,769,1578,3,0
1557,769,1579,3,0
1558,769,1580,3,0
1562,770,1540,0,2
1563,770,1541,0,3
1564,770,2,3,3
1567,770,1545,0,3
1579,770,17,3,3
1563,771,1541,0,3
1564,771,2,3,3
1567,771,1545,0,3
1579,771,17,3,3
1564,772,2,3,3
1567,772,1545,0,3
1579,772,17,3,3
1567,773,1545,0,3
1579,773,17,3,3
1567,774,1545,0,3
1579,774,17,3,3
1567,775,1545,0,3
1567,776,1545,0,3
1568,776,6,3,3
1567,777,1545,0,3
1568,777,6,3,3
1577,777,15,3,3
1567,778,1545,0,3
1568,778,6,3,3
1577,778,15,3,3
1567,779,1545,0,3
1568,779,6,3,3
1575,779,13,3,3
1577,779,15,3,3
1567,780,1545,0,3
1568,780,6,3,3
1572,780,10,3,3
1575,780,13,3,3
1577,780,15,3,3
1567,781,1545,0,3
1568,781,6,3,3
1572,781,10,3,3
1575,781,13,3,3
1577,781,15,3,3
1567,782,1545,0,3
1568,782,6,3,3
1575,782,13,3,3
1577,782,15,3,3
1567,783,1545,0,3
1568,783,6,3,3
1575,783,13,3,3
1577,783,15,3,3
1567,784,1545,0,3
1568,784,6,3,3
1577,784,15,3,3
1567,785,1545,0,3
1568,785,6,3,3
1577,785,15,3,3
1567,787,1545,0,3
1579,787,17,3,3
1567,788,1545,0,3
1579,788,17,3,3
1567,789,1545,0,3
1579,789,17,3,3
1564,790,2,3,3
1567,790,1545,0,3
1579,790,17,3,3
1563,791,1541,0,3
1564,791,2,3,3
1567,791,1545,0,3
1579,791,17,3,3
0,792,1562,3,2
2,792,24,2,0
3,792,1565,3,3
5,792,1567,3,3
17,792,39,2,0
2,793,24,2,0
3,793,1565,3,3
5,793,1567,3,3
17,793,39,2,0
2,794,24,2,0
3,794,1565,3,3
5,794,1567,3,3
17,794,39,2,0
3,795,1565,3,3
5,795,1567,3,3
17,795,39,2,0
5,796,1567,3,3
17,796,39,2,0
5,797,1567,3,3
5,798,1567,3,3
5,799,1567,3,3
15,799,37,2,0
5,800,1567,3,3
8,800,1570,3,3
15,800,37,2,0
5,801,1567,3,3
8,801,1570,3,3
13,801,35,2,0
15,801,37,2,0
5,802,1567,3,3
8,802,1570,3,3
10,802,32,2,0
12,802,1574,3,3
13,802,35,2,0
15,802,37,2,0
5,803,1567,3,3
8,803,1570,3,3
10,803,32,2,0
12,803,1574,3,3
13,803,35,2,0
15,803,37,2,0
5,804,1567,3,3
8,804,1570,3,3
12,804,1574,3,3
13,804,35,2,0
15,804,37,2,0
5,805,1567,3,3
8,805,1570,3,3
13,805,35,2,0
15,805,37,2,0
5,806,1567,3,3
15,806,37,2,0
5,807,1567,3,3
15,807,37,2,0
5,809,1567,3,3
17,809,39,2,0
5,810,1567,3,3
17,810,39,2,0
3,811,1565,3,3
5,811,1567,3,3
17,811,39,2,0
2,812,24,2,0
3,812,1565,3,3
5,812,1567,3,3
17,812,39,2,0
2,813,24,2,0
3,813,1565,3,3
5,813,1567,3,3
17,813,39,2,0
24,814,46,3,0
26,814,48,3,0
39,814,61,3,0
24,815,46,3,0
26,815,48,3,0
39,815,61,3,0
24,816,46,3,0
26,816,48,3,0
39,816,61,3,0
26,817,48,3,0
39,817,61,3,0
26,818,48,3,0
39,818,61,3,0
37,821,59,3,0
30,822,52,3,0
37,822,59,3,0
30,823,52,3,0
37,823,59,3,0
30,824,52,3,0
32,824,54,3,0
37,824,59,3,0
30,825,52,3,0
32,825,54,3,0
37,825,59,3,0
30,826,52,3,0
37,826,59,3,0
30,827,52,3,0
37,827,59,3,0
37,828,59,3,0
37,829,59,3,0
39,831,61,3,0
26,832,48,3,0
39,832,61,3,0
26,833,48,3,0
39,833,61,3,0
24,834,46,3,0
26,834,48,3,0
39,834,61,3,0
24,835,46,3,0
26,835,48,3,0
39,835,61,3,0
46,836,68,3,0
47,836,69,3,0
48,836,70,3,0
61,836,83,3,0
46,837,68,3,0
47,837,69,3,0
48,837,70,3,0
61,837,83,3,0
46,838,68,3,0
47,838,69,3,0
48,838,70,3,0
61,838,83,3,0
47,839,69,3,0
48,839,70,3,0
61,839,83,3,0
48,840,70,3,0
61,840,83,3,0
59,843,81,3,0
52,844,74,3,0
58,844,80,3,0
59,844,81,3,0
52,845,74,3,0
53,845,75,3,0
58,845,80,3,0
59,845,81,3,0
52,846,74,3,0
53,846,75,3,0
58,846,80,3,0
59,846,81,3,0
52,847,74,3,0
53,847,75,3,0
58,847,80,3,0
59,847,81,3,0
52,848,74,3,0
53,848,75,3,0
58,848,80,3,0
59,848,81,3,0
52,849,74,3,0
58,849,80,3,0
59,849,81,3,0
58,850,80,3,0
59,850,81,3,0
59,851,81,3,0
61,853,83,3,0
48,854,70,3,0
61,854,83,3,0
47,855,69,3,0
48,855,70,3,0
61,855,83,3,0
46,856,68,3,0
47,856,69,3,0
48,856,70,3,0
61,856,83,3,0
46,857,68,3,0
47,857,69,3,0
48,857,70,3,0
61,857,83,3,0
67,858,89,3,0
68,858,90,3,0
69,858,91,3,0
70,858,92,3,0
82,858,60,0,3
83,858,105,3,0
87,858,65,0,3
67,859,89,3,0
68,859,90,3,0
69,859,91,3,0
70,859,92,3,0
82,859,60,0,3
83,859,105,3,0
68,860,90,3,0
69,860,91,3,0
70,860,92,3,0
82,860,60,0,3
83,860,105,3,0
69,861,91,3,0
70,861,92,3,0
82,861,60,0,3
83,861,105,3,0
70,862,92,3,0
82,862,60,0,3
83,862,105,3,0
82,864,60,0,3
81,865,103,3,0
82,865,60,0,3
74,866,96,3,0
80,866,102,3,0
81,866,103,3,0
82,866,60,0,3
74,867,96,3,0
75,867,97,3,0
80,867,102,3,0
81,867,103,3,0
82,867,60,0,3
74,868,96,3,0
75,868,97,3,0
80,868,102,3,0
81,868,103,3,0
82,868,60,0,3
74,869,96,3,0
75,869,97,3,0
77,869,99,3,0
80,869,102,3,0
81,869,103,3,0
82,869,60,0,3
74,870,96,3,0
75,870,97,3,0
80,870,102,3,0
81,870,103,3,0
82,870,60,0,3
74,871,96,3,0
80,871,102,3,0
81,871,103,3,0
82,871,60,0,3
80,872,102,3,0
81,872,103,3,0
82,872,60,0,3
81,873,103,3,0
82,873,60,0,3
82,874,60,0,3
82,875,60,0,3
83,875,105,3,0
70,876,92,3,0
82,876,60,0,3
83,876,105,3,0
69,877,91,3,0
70,877,92,3,0
82,877,60,0,3
83,877,105,3,0
68,878,90,3,0
69,878,91,3,0
70,878,92,3,0
82,878,60,0,3
83,878,105,3,0
67,879,89,3,0
68,879,90,3,0
69,879,91,3,0
70,879,92,3,0
82,879,60,0,3
83,879,105,3,0
87,879,65,0,3
88,880,110,2,0
90,880,112,3,0
104,880,82,0,3
105,880,127,3,0
107,880,129,3,0
109,880,87,0,3
90,881,112,3,0
104,881,82,0,3
105,881,127,3,0
107,881,129,3,0
90,882,112,3,0
104,882,82,0,3
105,882,127,3,0
107,882,129,3,0
104,883,82,0,3
105,883,127,3,0
104,884,82,0,3
105,884,127,3,0
104,885,82,0,3
104,886,82,0,3
103,887,125,3,0
104,887,82,0,3
96,888,118,3,0
102,888,124,3,0
103,888,125,3,0
104,888,82,0,3
96,889,118,3,0
97,889,119,3,0
102,889,124,3,0
103,889,125,3,0
104,889,82,0,3
96,890,118,3,0
97,890,119,3,0
102,890,124,3,0
103,890,125,3,0
104,890,82,0,3
96,891,118,3,0
97,891,119,3,0
99,891,121,3,0
102,891,124,3,0
103,891,125,3,0
104,891,82,0,3
96,892,118,3,0
97,892,119,3,0
102,892,124,3,0
103,892,125,3,0
104,892,82,0,3
96,893,118,3,0
102,893,124,3,0
103,893,125,3,0
104,893,82,0,3
102,894,124,3,0
103,894,125,3,0
104,894,82,0,3
103,895,125,3,0
104,895,82,0,3
104,896,82,0,3
104,897,82,0,3
105,897,127,3,0
104,898,82,0,3
105,898,127,3,0
104,899,82,0,3
105,899,127,3,0
107,899,129,3,0
90,900,112,3,0
104,900,82,0,3
105,900,127,3,0
107,900,129,3,0
90,901,112,3,0
104,901,82,0,3
105,901,127,3,0
107,901,129,3,0
109,901,87,0,3
112,902,134,3,0
113,902,135,3,0
126,902,104,0,3
127,902,149,3,0
128,902,106,0,3
129,902,151,3,0
131,902,109,0,3
112,903,134,3,0
113,903,135,3,0
126,903,104,0,3
127,903,149,3,0
128,903,106,0,3
129,903,151,3,0
112,904,134,3,0
113,904,135,3,0
126,904,104,0,3
127,904,149,3,0
128,904,106,0,3
129,904,151,3,0
113,905,135,3,0
126,905,104,0,3
127,905,149,3,0
128,905,106,0,3
126,906,104,0,3
127,906,149,3,0
126,908,104,0,3
125,909,147,3,0
126,909,104,0,3
118,910,140,3,0
124,910,146,3,0
125,910,147,3,0
126,910,104,0,3
118,911,140,3,0
119,911,141,3,0
124,911,146,3,0
125,911,147,3,0
126,911,104,0,3
118,912,140,3,0
119,912,141,3,0
124,912,146,3,0
125,912,147,3,0
126,912,104,0,3
118,913,140,3,0
119,913,141,3,0
121,913,143,3,0
124,913,146,3,0
125,913,147,3,0
126,913,104,0,3
118,914,140,3,0
119,914,141,3,0
124,914,146,3,0
125,914,147,3,0
126,914,104,0,3
118,915,140,3,0
124,915,146,3,0
125,915,147,3,0
126,915,104,0,3
124,916,146,3,0
125,916,147,3,0
126,916,104,0,3
125,917,147,3,0
126,917,104,0,3
126,918,104,0,3
126,919,104,0,3
127,919,149,3,0
126,920,104,0,3
127,920,149,3,0
128,920,106,0,3
113,921,135,3,0
126,921,104,0,3
127,921,149,3,0
128,921,106,0,3
129,921,151,3,0
112,922,134,3,0
113,922,135,3,0
126,922,104,0,3
127,922,149,3,0
128,922,106,0,3
129,922,151,3,0
112,923,134,3,0
113,923,135,3,0
126,923,104,0,3
127,923,149,3,0
128,923,106,0,3
129,923,151,3,0
131,923,109,0,3
134,924,156,3,0
135,924,157,3,0
148,924,126,0,3
149,924,171,3,0
150,924,128,0,3
151,924,173,3,0
153,924,131,0,3
134,925,156,3,0
135,925,157,3,0
148,925,126,0,3
149,925,171,3,0
150,925,128,0,3
151,925,173,3,0
134,926,156,3,0
135,926,157,3,0
148,926,126,0,3
149,926,171,3,0
150,926,128,0,3
151,926,173,3,0
135,927,157,3,0
148,927,126,0,3
149,927,171,3,0
150,927,128,0,3
148,928,126,0,3
149,928,171,3,0
148,929,126,0,3
138,930,116,0,3
148,930,126,0,3
138,931,116,0,3
147,931,169,3,0
148,931,126,0,3
138,932,116,0,3
140,932,162,3,0
146,932,168,3,0
147,932,169,3,0
148,932,126,0,3
138,933,116,0,3
140,933,162,3,0
146,933,168,3,0
147,933,169,3,0
148,933,126,0,3
138,934,116,0,3
140,934,162,3,0
146,934,168,3,0
147,934,169,3,0
148,934,126,0,3
138,935,116,0,3
140,935,162,3,0
143,935,165,3,0
146,935,168,3,0
147,935,169,3,0
148,935,126,0,3
138,936,116,0,3
140,936,162,3,0
146,936,168,3,0
147,936,169,3,0
148,936,126,0,3
138,937,116,0,3
140,937,162,3,0
146,937,168,3,0
147,937,169,3,0
148,937,126,0,3
138,938,116,0,3
146,938,168,3,0
147,938,169,3,0
148,938,126,0,3
138,939,116,0,3
147,939,169,3,0
148,939,126,0,3
148,940,126,0,3
148,941,126,0,3
149,941,171,3,0
148,942,126,0,3
149,942,171,3,0
150,942,128,0,3
135,943,157,3,0
148,943,126,0,3
149,943,171,3,0
150,943,128,0,3
151,943,173,3,0
134,944,156,3,0
135,944,157,3,0
148,944,126,0,3
149,944,171,3,0
150,944,128,0,3
151,944,173,3,0
134,945,156,3,0
135,945,157,3,0
148,945,126,0,3
149,945,171,3,0
150,945,128,0,3
151,945,173,3,0
153,945,131,0,3
156,946,178,3,0
158,946,136,0,3
170,946,148,0,3
171,946,193,3,0
172,946,150,0,3
173,946,195,3,0
174,946,196,3,0
175,946,153,0,3
156,947,178,3,0
158,947,136,0,3
170,947,148,0,3
171,947,193,3,0
172,947,150,0,3
173,947,195,3,0
174,947,196,3,0
156,948,178,3,0
158,948,136,0,3
170,948,148,0,3
171,948,193,3,0
172,948,150,0,3
173,948,195,3,0
158,949,136,0,3
170,949,148,0,3
171,949,193,3,0
172,949,150,0,3
158,950,136,0,3
170,950,148,0,3
171,950,193,3,0
160,952,138,0,3
170,952,148,0,3
160,953,138,0,3
169,953,191,3,0
170,953,148,0,3
160,954,138,0,3
162,954,184,3,0
169,954,191,3,0
170,954,148,0,3
160,955,138,0,3
162,955,184,3,0
169,955,191,3,0
170,955,148,0,3
160,956,138,0,3
162,956,184,3,0
169,956,191,3,0
170,956,148,0,3
160,957,138,0,3
162,957,184,3,0
165,957,187,3,0
169,957,191,3,0
170,957,148,0,3
160,958,138,0,3
162,958,184,3,0
169,958,191,3,0
170,958,148,0,3
160,959,138,0,3
162,959,184,3,0
169,959,191,3,0
170,959,148,0,3
160,960,138,0,3
169,960,191,3,0
170,960,148,0,3
160,961,138,0,3
169,961,191,3,0
170,961,148,0,3
170,962,148,0,3
170,963,148,0,3
171,963,193,3,0
158,964,136,0,3
170,964,148,0,3
171,964,193,3,0
172,964,150,0,3
158,965,136,0,3
170,965,148,0,3
171,965,193,3,0
172,965,150,0,3
173,965,195,3,0
156,966,178,3,0
158,966,136,0,3
170,966,148,0,3
171,966,193,3,0
172,966,150,0,3
173,966,195,3,0
174,966,196,3,0
156,967,178,3,0
158,967,136,0,3
170,967,148,0,3
171,967,193,3,0
172,967,150,0,3
173,967,195,3,0
174,967,196,3,0
175,967,153,0,3
178,968,200,3,0
193,968,215,3,0
194,968,172,0,3
195,968,217,3,0
196,968,218,3,0
178,969,200,3,0
193,969,215,3,0
194,969,172,0,3
195,969,217,3,0
196,969,218,3,0
178,970,200,3,0
193,970,215,3,0
194,970,172,0,3
195,970,217,3,0
193,971,215,3,0
194,971,172,0,3
193,972,215,3,0
182,974,160,0,3
182,975,160,0,3
191,975,213,3,0
182,976,160,0,3
184,976,206,3,0
191,976,213,3,0
182,977,160,0,3
184,977,206,3,0
191,977,213,3,0
182,978,160,0,3
184,978,206,3,0
191,978,213,3,0
182,979,160,0,3
184,979,206,3,0
187,979,209,3,0
191,979,213,3,0
182,980,160,0,3
184,980,206,3,0
191,980,213,3,0
182,981,160,0,3
184,981,206,3,0
191,981,213,3,0
182,982,160,0,3
191,982,213,3,0
182,983,160,0,3
191,983,213,3,0
193,985,215,3,0
193,986,215,3,0
194,986,172,0,3
193,987,215,3,0
194,987,172,0,3
195,987,217,3,0
178,988,200,3,0
193,988,215,3,0
194,988,172,0,3
195,988,217,3,0
196,988,218,3,0
178,989,200,3,0
193,989,215,3,0
194,989,172,0,3
195,989,217,3,0
196,989,218,3,0
200,990,222,3,0
214,990,192,0,3
216,990,194,0,3
217,990,239,3,0
218,990,240,3,0
219,990,241,3,0
200,991,222,3,0
214,991,192,0,3
216,991,194,0,3
217,991,239,3,0
218,991,240,3,0
200,992,222,3,0
214,992,192,0,3
216,992,194,0,3
217,992,239,3,0
214,993,192,0,3
216,993,194,0,3
214,994,192,0,3
204,996,182,0,3
214,996,192,0,3
204,997,182,0,3
213,997,235,3,0
214,997,192,0,3
204,998,182,0,3
206,998,228,3,0
213,998,235,3,0
214,998,192,0,3
204,999,182,0,3
206,999,228,3,0
211,999,189,0,3
213,999,235,3,0
214,999,192,0,3
204,1000,182,0,3
206,1000,228,3,0
211,1000,189,0,3
213,1000,235,3,0
214,1000,192,0,3
204,1001,182,0,3
206,1001,228,3,0
209,1001,231,3,0
211,1001,189,0,3
213,1001,235,3,0
214,1001,192,0,3
204,1002,182,0,3
206,1002,228,3,0
211,1002,189,0,3
213,1002,235,3,0
214,1002,192,0,3
204,1003,182,0,3
206,1003,228,3,0
211,1003,189,0,3
213,1003,235,3,0
214,1003,192,0,3
204,1004,182,0,3
213,1004,235,3,0
214,1004,192,0,3
204,1005,182,0,3
213,1005,235,3,0
214,1005,192,0,3
214,1006,192,0,3
214,1007,192,0,3
214,1008,192,0,3
216,1008,194,0,3
214,1009,192,0,3
216,1009,194,0,3
217,1009,239,3,0
200,1010,222,3,0
214,1010,192,0,3
216,1010,194,0,3
217,1010,239,3,0
218,1010,240,3,0
200,1011,222,3,0
214,1011,192,0,3
216,1011,194,0,3
217,1011,239,3,0
218,1011,240,3,0
219,1011,241,3,0
220,1012,242,2,0
222,1012,244,3,0
236,1012,214,0,3
238,1012,216,0,3
239,1012,261,3,0
240,1012,262,3,0
241,1012,263,3,0
222,1013,244,3,0
236,1013,214,0,3
238,1013,216,0,3
239,1013,261,3,0
240,1013,262,3,0
222,1014,244,3,0
236,1014,214,0,3
238,1014,216,0,3
239,1014,261,3,0
236,1015,214,0,3
238,1015,216,0,3
236,1016,214,0,3
236,1017,214,0,3
226,1018,204,0,3
236,1018,214,0,3
226,1019,204,0,3
235,1019,257,3,0
236,1019,214,0,3
226,1020,204,0,3
228,1020,250,3,0
235,1020,257,3,0
236,1020,214,0,3
226,1021,204,0,3
228,1021,250,3,0
233,1021,211,0,3
235,1021,257,3,0
236,1021,214,0,3
226,1022,204,0,3
228,1022,250,3,0
230,1022,208,0,3
233,1022,211,0,3
235,1022,257,3,0
236,1022,214,0,3
226,1023,204,0,3
228,1023,250,3,0
230,1023,208,0,3
231,1023,253,3,0
233,1023,211,0,3
235,1023,257,3,0
236,1023,214,0,3
226,1024,204,0,3
228,1024,250,3,0
233,1024,211,0,3
235,1024,257,3,0
236,1024,214,0,3
226,1025,204,0,3
228,1025,250,3,0
233,1025,211,0,3
235,1025,257,3,0
236,1025,214,0,3
226,1026,204,0,3
235,1026,257,3,0
236,1026,214,0,3
226,1027,204,0,3
235,1027,257,3,0
236,1027,214,0,3
236,1028,214,0,3
236,1029,214,0,3
236,1030,214,0,3
238,1030,216,0,3
236,1031,214,0,3
238,1031,216,0,3
239,1031,261,3,0
222,1032,244,3,0
236,1032,214,0,3
238,1032,216,0,3
239,1032,261,3,0
240,1032,262,3,0
222,1033,244,3,0
236,1033,214,0,3
238,1033,216,0,3
239,1033,261,3,0
240,1033,262,3,0
241,1033,263,3,0
242,1034,264,2,0
243,1034,265,3,0
244,1034,266,3,0
246,1034,268,3,0
258,1034,236,0,3
259,1034,281,3,0
260,1034,238,0,3
261,1034,283,3,0
262,1034,284,3,0
263,1034,285,3,0
243,1035,265,3,0
244,1035,266,3,0
246,1035,268,3,0
258,1035,236,0,3
259,1035,281,3,0
260,1035,238,0,3
261,1035,283,3,0
262,1035,284,3,0
244,1036,266,3,0
246,1036,268,3,0
258,1036,236,0,3
259,1036,281,3,0
260,1036,238,0,3
261,1036,283,3,0
246,1037,268,3,0
258,1037,236,0,3
259,1037,281,3,0
260,1037,238,0,3
246,1038,268,3,0
258,1038,236,0,3
259,1038,281,3,0
248,1040,226,0,3
258,1040,236,0,3
248,1041,226,0,3
257,1041,279,3,0
258,1041,236,0,3
248,1042,226,0,3
250,1042,272,3,0
256,1042,278,3,0
257,1042,279,3,0
258,1042,236,0,3
248,1043,226,0,3
250,1043,272,3,0
255,1043,233,0,3
256,1043,278,3,0
257,1043,279,3,0
258,1043,236,0,3
248,1044,226,0,3
250,1044,272,3,0
252,1044,230,0,3
255,1044,233,0,3
256,1044,278,3,0
257,1044,279,3,0
258,1044,236,0,3
248,1045,226,0,3
250,1045,272,3,0
252,1045,230,0,3
253,1045,275,3,0
255,1045,233,0,3
256,1045,278,3,0
257,1045,279,3,0
258,1045,236,0,3
248,1046,226,0,3
250,1046,272,3,0
255,1046,233,0,3
256,1046,278,3,0
257,1046,279,3,0
258,1046,236,0,3
248,1047,226,0,3
250,1047,272,3,0
255,1047,233,0,3
256,1047,278,3,0
257,1047,279,3,0
258,1047,236,0,3
248,1048,226,0,3
256,1048,278,3,0
257,1048,279,3,0
258,1048,236,0,3
248,1049,226,0,3
257,1049,279,3,0
258,1049,236,0,3
258,1050,236,0,3
258,1051,236,0,3
259,1051,281,3,0
246,1052,268,3,0
258,1052,236,0,3
259,1052,281,3,0
260,1052,238,0,3
246,1053,268,3,0
258,1053,236,0,3
259,1053,281,3,0
260,1053,238,0,3
261,1053,283,3,0
244,1054,266,3,0
246,1054,268,3,0
258,1054,236,0,3
259,1054,281,3,0
260,1054,238,0,3
261,1054,283,3,0
262,1054,284,3,0
243,1055,265,3,0
244,1055,266,3,0
246,1055,268,3,0
258,1055,236,0,3
259,1055,281,3,0
260,1055,238,0,3
261,1055,283,3,0
262,1055,284,3,0
263,1055,285,3,0
264,1056,286,2,0
265,1056,287,3,0
266,1056,288,3,0
268,1056,290,3,0
269,1056,291,3,0
280,1056,258,0,3
282,1056,260,0,3
283,1056,305,3,0
284,1056,306,3,0
285,1056,307,3,0
265,1057,287,3,0
266,1057,288,3,0
268,1057,290,3,0
269,1057,291,3,0
280,1057,258,0,3
282,1057,260,0,3
283,1057,305,3,0
284,1057,306,3,0
266,1058,288,3,0
268,1058,290,3,0
269,1058,291,3,0
280,1058,258,0,3
282,1058,260,0,3
283,1058,305,3,0
268,1059,290,3,0
269,1059,291,3,0
280,1059,258,0,3
282,1059,260,0,3
268,1060,290,3,0
269,1060,291,3,0
280,1060,258,0,3
269,1061,291,3,0
280,1061,258,0,3
269,1062,291,3,0
270,1062,248,0,3
280,1062,258,0,3
269,1063,291,3,0
270,1063,248,0,3
279,1063,301,3,0
280,1063,258,0,3
269,1064,291,3,0
270,1064,248,0,3
272,1064,294,3,0
278,1064,300,3,0
279,1064,301,3,0
280,1064,258,0,3
269,1065,291,3,0
270,1065,248,0,3
272,1065,294,3,0
278,1065,300,3,0
279,1065,301,3,0
280,1065,258,0,3
269,1066,291,3,0
270,1066,248,0,3
272,1066,294,3,0
274,1066,252,0,3
278,1066,300,3,0
279,1066,301,3,0
280,1066,258,0,3
269,1067,291,3,0
270,1067,248,0,3
272,1067,294,3,0
274,1067,252,0,3
275,1067,297,3,0
278,1067,300,3,0
279,1067,301,3,0
280,1067,258,0,3
269,1068,291,3,0
270,1068,248,0,3
272,1068,294,3,0
278,1068,300,3,0
279,1068,301,3,0
280,1068,258,0,3
269,1069,291,3,0
270,1069,248,0,3
272,1069,294,3,0
278,1069,300,3,0
279,1069,301,3,0
280,1069,258,0,3
269,1070,291,3,0
270,1070,248,0,3
278,1070,300,3,0
279,1070,301,3,0
280,1070,258,0,3
269,1071,291,3,0
270,1071,248,0,3
279,1071,301,3,0
280,1071,258,0,3
280,1072,258,0,3
269,1073,291,3,0
280,1073,258,0,3
268,1074,290,3,0
269,1074,291,3,0
280,1074,258,0,3
282,1074,260,0,3
268,1075,290,3,0
269,1075,291,3,0
280,1075,258,0,3
282,1075,260,0,3
283,1075,305,3,0
266,1076,288,3,0
268,1076,290,3,0
269,1076,291,3,0
280,1076,258,0,3
282,1076,260,0,3
283,1076,305,3,0
284,1076,306,3,0
265,1077,287,3,0
266,1077,288,3,0
268,1077,290,3,0
269,1077,291,3,0
280,1077,258,0,3
282,1077,260,0,3
283,1077,305,3,0
284,1077,306,3,0
285,1077,307,3,0
286,1078,308,2,0
287,1078,309,3,0
288,1078,310,3,0
291,1078,313,3,0
302,1078,280,0,3
304,1078,282,0,3
305,1078,327,3,0
306,1078,328,3,0
307,1078,329,3,0
287,1079,309,3,0
288,1079,310,3,0
291,1079,313,3,0
302,1079,280,0,3
304,1079,282,0,3
305,1079,327,3,0
306,1079,328,3,0
288,1080,310,3,0
291,1080,313,3,0
302,1080,280,0,3
304,1080,282,0,3
305,1080,327,3,0
291,1081,313,3,0
302,1081,280,0,3
304,1081,282,0,3
291,1082,313,3,0
302,1082,280,0,3
291,1083,313,3,0
291,1084,313,3,0
292,1084,270,0,3
302,1084,280,0,3
291,1085,313,3,0
292,1085,270,0,3
302,1085,280,0,3
291,1086,313,3,0
292,1086,270,0,3
294,1086,316,3,0
300,1086,322,3,0
302,1086,280,0,3
291,1087,313,3,0
292,1087,270,0,3
294,1087,316,3,0
300,1087,322,3,0
302,1087,280,0,3
291,1088,313,3,0
292,1088,270,0,3
294,1088,316,3,0
296,1088,274,0,3
300,1088,322,3,0
302,1088,280,0,3
291,1089,313,3,0
292,1089,270,0,3
294,1089,316,3,0
296,1089,274,0,3
297,1089,319,3,0
300,1089,322,3,0
302,1089,280,0,3
291,1090,313,3,0
292,1090,270,0,3
294,1090,316,3,0
300,1090,322,3,0
302,1090,280,0,3
291,1091,313,3,0
292,1091,270,0,3
294,1091,316,3,0
300,1091,322,3,0
302,1091,280,0,3
291,1092,313,3,0
292,1092,270,0,3
300,1092,322,3,0
302,1092,280,0,3
291,1093,313,3,0
292,1093,270,0,3
302,1093,280,0,3
302,1094,280,0,3
291,1095,313,3,0
302,1095,280,0,3
291,1096,313,3,0
302,1096,280,0,3
304,1096,282,0,3
291,1097,313,3,0
302,1097,280,0,3
304,1097,282,0,3
305,1097,327,3,0
288,1098,310,3,0
291,1098,313,3,0
302,1098,280,0,3
304,1098,282,0,3
305,1098,327,3,0
306,1098,328,3,0
287,1099,309,3,0
288,1099,310,3,0
291,1099,313,3,0
302,1099,280,0,3
304,1099,282,0,3
305,1099,327,3,0
306,1099,328,3,0
307,1099,329,3,0
308,1100,330,2,0
309,1100,331,3,0
313,1100,335,3,0
324,1100,302,0,3
326,1100,304,0,3
327,1100,349,3,0
328,1100,350,3,0
309,1101,331,3,0
313,1101,335,3,0
324,1101,302,0,3
326,1101,304,0,3
327,1101,349,3,0
328,1101,350,3,0
313,1102,335,3,0
324,1102,302,0,3
326,1102,304,0,3
327,1102,349,3,0
313,1103,335,3,0
324,1103,302,0,3
326,1103,304,0,3
313,1104,335,3,0
324,1104,302,0,3
313,1105,335,3,0
324,1105,302,0,3
313,1106,335,3,0
314,1106,292,0,3
324,1106,302,0,3
313,1107,335,3,0
314,1107,292,0,3
324,1107,302,0,3
313,1108,335,3,0
314,1108,292,0,3
316,1108,338,3,0
322,1108,344,3,0
324,1108,302,0,3
313,1109,335,3,0
314,1109,292,0,3
316,1109,338,3,0
321,1109,299,0,3
322,1109,344,3,0
324,1109,302,0,3
313,1110,335,3,0
314,1110,292,0,3
316,1110,338,3,0
318,1110,296,0,3
321,1110,299,0,3
322,1110,344,3,0
324,1110,302,0,3
313,1111,335,3,0
314,1111,292,0,3
316,1111,338,3,0
318,1111,296,0,3
319,1111,341,3,0
321,1111,299,0,3
322,1111,344,3,0
324,1111,302,0,3
313,1112,335,3,0
314,1112,292,0,3
316,1112,338,3,0
321,1112,299,0,3
322,1112,344,3,0
324,1112,302,0,3
313,1113,335,3,0
314,1113,292,0,3
316,1113,338,3,0
321,1113,299,0,3
322,1113,344,3,0
324,1113,302,0,3
313,1114,335,3,0
314,1114,292,0,3
322,1114,344,3,0
324,1114,302,0,3
313,1115,335,3,0
314,1115,292,0,3
324,1115,302,0,3
324,1116,302,0,3
313,1117,335,3,0
324,1117,302,0,3
313,1118,335,3,0
324,1118,302,0,3
326,1118,304,0,3
313,1119,335,3,0
324,1119,302,0,3
326,1119,304,0,3
327,1119,349,3,0
313,1120,335,3,0
324,1120,302,0,3
326,1120,304,0,3
327,1120,349,3,0
328,1120,350,3,0
309,1121,331,3,0
313,1121,335,3,0
324,1121,302,0,3
326,1121,304,0,3
327,1121,349,3,0
328,1121,350,3,0
330,1122,352,2,0
331,1122,353,3,0
335,1122,357,3,0
346,1122,324,0,3
347,1122,325,0,3
348,1122,326,0,3
349,1122,371,3,0
350,1122,372,3,0
351,1122,373,3,0
331,1123,353,3,0
335,1123,357,3,0
346,1123,324,0,3
347,1123,325,0,3
348,1123,326,0,3
349,1123,371,3,0
350,1123,372,3,0
335,1124,357,3,0
346,1124,324,0,3
347,1124,325,0,3
348,1124,326,0,3
349,1124,371,3,0
335,1125,357,3,0
346,1125,324,0,3
347,1125,325,0,3
348,1125,326,0,3
335,1126,357,3,0
346,1126,324,0,3
347,1126,325,0,3
335,1127,357,3,0
335,1128,357,3,0
336,1128,314,0,3
346,1128,324,0,3
335,1129,357,3,0
336,1129,314,0,3
346,1129,324,0,3
335,1130,357,3,0
336,1130,314,0,3
338,1130,360,3,0
344,1130,366,3,0
346,1130,324,0,3
335,1131,357,3,0
336,1131,314,0,3
338,1131,360,3,0
343,1131,321,0,3
344,1131,366,3,0
346,1131,324,0,3
335,1132,357,3,0
336,1132,314,0,3
338,1132,360,3,0
340,1132,318,0,3
343,1132,321,0,3
344,1132,366,3,0
346,1132,324,0,3
335,1133,357,3,0
336,1133,314,0,3
338,1133,360,3,0
340,1133,318,0,3
343,1133,321,0,3
344,1133,366,3,0
346,1133,324,0,3
335,1134,357,3,0
336,1134,314,0,3
338,1134,360,3,0
343,1134,321,0,3
344,1134,366,3,0
346,1134,324,0,3
335,1135,357,3,0
336,1135,314,0,3
338,1135,360,3,0
343,1135,321,0,3
344,1135,366,3,0
346,1135,324,0,3
335,1136,357,3,0
336,1136,314,0,3
344,1136,366,3,0
346,1136,324,0,3
335,1137,357,3,0
336,1137,314,0,3
346,1137,324,0,3
346,1138,324,0,3
335,1139,357,3,0
346,1139,324,0,3
347,1139,325,0,3
335,1140,357,3,0
346,1140,324,0,3
347,1140,325,0,3
348,1140,326,0,3
335,1141,357,3,0
346,1141,324,0,3
347,1141,325,0,3
348,1141,326,0,3
349,1141,371,3,0
335,1142,357,3,0
346,1142,324,0,3
347,1142,325,0,3
348,1142,326,0,3
349,1142,371,3,0
350,1142,372,3,0
331,1143,353,3,0
335,1143,357,3,0
346,1143,324,0,3
347,1143,325,0,3
348,1143,326,0,3
349,1143,371,3,0
350,1143,372,3,0
351,1143,373,3,0
352,1144,374,2,0
353,1144,375,3,0
357,1144,379,3,0
368,1144,346,0,3
369,1144,347,0,3
370,1144,348,0,3
372,1144,394,3,0
353,1145,375,3,0
357,1145,379,3,0
368,1145,346,0,3
369,1145,347,0,3
370,1145,348,0,3
372,1145,394,3,0
357,1146,379,3,0
368,1146,346,0,3
369,1146,347,0,3
370,1146,348,0,3
357,1147,379,3,0
368,1147,346,0,3
369,1147,347,0,3
370,1147,348,0,3
357,1148,379,3,0
368,1148,346,0,3
369,1148,347,0,3
357,1149,379,3,0
368,1149,346,0,3
357,1150,379,3,0
358,1150,336,0,3
368,1150,346,0,3
357,1151,379,3,0
358,1151,336,0,3
368,1151,346,0,3
357,1152,379,3,0
358,1152,336,0,3
360,1152,382,3,0
366,1152,388,3,0
368,1152,346,0,3
357,1153,379,3,0
358,1153,336,0,3
360,1153,382,3,0
365,1153,343,0,3
366,1153,388,3,0
368,1153,346,0,3
357,1154,379,3,0
358,1154,336,0,3
360,1154,382,3,0
365,1154,343,0,3
366,1154,388,3,0
368,1154,346,0,3
357,1155,379,3,0
358,1155,336,0,3
360,1155,382,3,0
365,1155,343,0,3
366,1155,388,3,0
368,1155,346,0,3
357,1156,379,3,0
358,1156,336,0,3
360,1156,382,3,0
365,1156,343,0,3
366,1156,388,3,0
368,1156,346,0,3
357,1157,379,3,0
358,1157,336,0,3
360,1157,382,3,0
365,1157,343,0,3
366,1157,388,3,0
368,1157,346,0,3
357,1158,379,3,0
358,1158,336,0,3
366,1158,388,3,0
368,1158,346,0,3
357,1159,379,3,0
358,1159,336,0,3
368,1159,346,0,3
368,1160,346,0,3
357,1161,379,3,0
368,1161,346,0,3
369,1161,347,0,3
357,1162,379,3,0
368,1162,346,0,3
369,1162,347,0,3
370,1162,348,0,3
357,1163,379,3,0
368,1163,346,0,3
369,1163,347,0,3
370,1163,348,0,3
357,1164,379,3,0
368,1164,346,0,3
369,1164,347,0,3
370,1164,348,0,3
372,1164,394,3,0
353,1165,375,3,0
357,1165,379,3,0
368,1165,346,0,3
369,1165,347,0,3
370,1165,348,0,3
372,1165,394,3,0
374,1166,396,2,0
379,1166,401,3,0
390,1166,368,0,3
392,1166,370,0,3
379,1167,401,3,0
390,1167,368,0,3
392,1167,370,0,3
379,1168,401,3,0
390,1168,368,0,3
392,1168,370,0,3
379,1169,401,3,0
390,1169,368,0,3
392,1169,370,0,3
379,1170,401,3,0
390,1170,368,0,3
379,1171,401,3,0
379,1172,401,3,0
380,1172,358,0,3
390,1172,368,0,3
379,1173,401,3,0
380,1173,358,0,3
390,1173,368,0,3
379,1174,401,3,0
380,1174,358,0,3
382,1174,404,3,0
390,1174,368,0,3
379,1175,401,3,0
380,1175,358,0,3
382,1175,404,3,0
387,1175,365,0,3
390,1175,368,0,3
379,1176,401,3,0
380,1176,358,0,3
382,1176,404,3,0
387,1176,365,0,3
390,1176,368,0,3
379,1177,401,3,0
380,1177,358,0,3
382,1177,404,3,0
387,1177,365,0,3
390,1177,368,0,3
379,1178,401,3,0
380,1178,358,0,3
382,1178,404,3,0
387,1178,365,0,3
390,1178,368,0,3
379,1179,401,3,0
380,1179,358,0,3
382,1179,404,3,0
387,1179,365,0,3
390,1179,368,0,3
379,1180,401,3,0
380,1180,358,0,3
390,1180,368,0,3
379,1181,401,3,0
380,1181,358,0,3
390,1181,368,0,3
390,1182,368,0,3
379,1183,401,3,0
390,1183,368,0,3
379,1184,401,3,0
390,1184,368,0,3
392,1184,370,0,3
379,1185,401,3,0
390,1185,368,0,3
392,1185,370,0,3
379,1186,401,3,0
390,1186,368,0,3
392,1186,370,0,3
379,1187,401,3,0
390,1187,368,0,3
392,1187,370,0,3
396,1188,418,2,0
401,1188,423,3,0
412,1188,390,0,3
413,1188,391,0,3
414,1188,392,0,3
401,1189,423,3,0
412,1189,390,0,3
413,1189,391,0,3
414,1189,392,0,3
401,1190,423,3,0
412,1190,390,0,3
413,1190,391,0,3
414,1190,392,0,3
401,1191,423,3,0
412,1191,390,0,3
413,1191,391,0,3
414,1191,392,0,3
401,1192,423,3,0
412,1192,390,0,3
413,1192,391,0,3
401,1193,423,3,0
412,1193,390,0,3
401,1194,423,3,0
402,1194,380,0,3
412,1194,390,0,3
401,1195,423,3,0
402,1195,380,0,3
412,1195,390,0,3
401,1196,423,3,0
402,1196,380,0,3
404,1196,426,3,0
412,1196,390,0,3
401,1197,423,3,0
402,1197,380,0,3
404,1197,426,3,0
409,1197,387,0,3
412,1197,390,0,3
401,1198,423,3,0
402,1198,380,0,3
404,1198,426,3,0
409,1198,387,0,3
412,1198,390,0,3
401,1199,423,3,0
402,1199,380,0,3
404,1199,426,3,0
409,1199,387,0,3
412,1199,390,0,3
401,1200,423,3,0
402,1200,380,0,3
404,1200,426,3,0
409,1200,387,0,3
412,1200,390,0,3
401,1201,423,3,0
402,1201,380,0,3
404,1201,426,3,0
409,1201,387,0,3
412,1201,390,0,3
401,1202,423,3,0
402,1202,380,0,3
412,1202,390,0,3
401,1203,423,3,0
402,1203,380,0,3
412,1203,390,0,3
412,1204,390,0,3
401,1205,423,3,0
412,1205,390,0,3
413,1205,391,0,3
401,1206,423,3,0
412,1206,390,0,3
413,1206,391,0,3
414,1206,392,0,3
401,1207,423,3,0
412,1207,390,0,3
413,1207,391,0,3
414,1207,392,0,3
401,1208,423,3,0
412,1208,390,0,3
413,1208,391,0,3
414,1208,392,0,3
401,1209,423,3,0
412,1209,390,0,3
413,1209,391,0,3
414,1209,392,0,3
418,1210,440,2,0
422,1210,400,0,3
423,1210,445,3,0
435,1210,413,0,3
436,1210,414,0,3
422,1211,400,0,3
423,1211,445,3,0
435,1211,413,0,3
436,1211,414,0,3
422,1212,400,0,3
423,1212,445,3,0
435,1212,413,0,3
436,1212,414,0,3
422,1213,400,0,3
423,1213,445,3,0
435,1213,413,0,3
436,1213,414,0,3
422,1214,400,0,3
423,1214,445,3,0
435,1214,413,0,3
423,1215,445,3,0
423,1216,445,3,0
424,1216,402,0,3
423,1217,445,3,0
424,1217,402,0,3
433,1217,455,3,0
423,1218,445,3,0
424,1218,402,0,3
426,1218,448,3,0
433,1218,455,3,0
423,1219,445,3,0
424,1219,402,0,3
426,1219,448,3,0
431,1219,409,0,3
433,1219,455,3,0
423,1220,445,3,0
424,1220,402,0,3
426,1220,448,3,0
431,1220,409,0,3
433,1220,455,3,0
423,1221,445,3,0
424,1221,402,0,3
426,1221,448,3,0
431,1221,409,0,3
433,1221,455,3,0
423,1222,445,3,0
424,1222,402,0,3
426,1222,448,3,0
431,1222,409,0,3
433,1222,455,3,0
423,1223,445,3,0
424,1223,402,0,3
426,1223,448,3,0
431,1223,409,0,3
433,1223,455,3,0
423,1224,445,3,0
424,1224,402,0,3
433,1224,455,3,0
423,1225,445,3,0
424,1225,402,0,3
433,1225,455,3,0
423,1227,445,3,0
435,1227,413,0,3
422,1228,400,0,3
423,1228,445,3,0
435,1228,413,0,3
436,1228,414,0,3
422,1229,400,0,3
423,1229,445,3,0
435,1229,413,0,3
436,1229,414,0,3
422,1230,400,0,3
423,1230,445,3,0
435,1230,413,0,3
436,1230,414,0,3
422,1231,400,0,3
423,1231,445,3,0
435,1231,413,0,3
436,1231,414,0,3
440,1232,462,2,0
445,1232,467,3,0
457,1232,435,0,3
458,1232,436,0,3
445,1233,467,3,0
457,1233,435,0,3
458,1233,436,0,3
445,1234,467,3,0
457,1234,435,0,3
458,1234,436,0,3
445,1235,467,3,0
457,1235,435,0,3
458,1235,436,0,3
445,1236,467,3,0
457,1236,435,0,3
445,1237,467,3,0
445,1238,467,3,0
446,1238,424,0,3
445,1239,467,3,0
446,1239,424,0,3
445,1240,467,3,0
446,1240,424,0,3
448,1240,470,3,0
445,1241,467,3,0
446,1241,424,0,3
448,1241,470,3,0
453,1241,431,0,3
445,1242,467,3,0
446,1242,424,0,3
448,1242,470,3,0
453,1242,431,0,3
445,1243,467,3,0
446,1243,424,0,3
448,1243,470,3,0
453,1243,431,0,3
445,1244,467,3,0
446,1244,424,0,3
448,1244,470,3,0
453,1244,431,0,3
445,1245,467,3,0
446,1245,424,0,3
448,1245,470,3,0
453,1245,431,0,3
445,1246,467,3,0
446,1246,424,0,3
445,1247,467,3,0
446,1247,424,0,3
445,1249,467,3,0
457,1249,435,0,3
445,1250,467,3,0
457,1250,435,0,3
458,1250,436,0,3
445,1251,467,3,0
457,1251,435,0,3
458,1251,436,0,3
445,1252,467,3,0
457,1252,435,0,3
458,1252,436,0,3
445,1253,467,3,0
457,1253,435,0,3
458,1253,436,0,3
462,1254,484,2,0
467,1254,489,3,0
478,1254,456,0,3
479,1254,457,0,3
480,1254,458,0,3
482,1254,504,3,0
467,1255,489,3,0
478,1255,456,0,3
479,1255,457,0,3
480,1255,458,0,3
482,1255,504,3,0
467,1256,489,3,0
478,1256,456,0,3
479,1256,457,0,3
480,1256,458,0,3
467,1257,489,3,0
478,1257,456,0,3
479,1257,457,0,3
480,1257,458,0,3
467,1258,489,3,0
478,1258,456,0,3
479,1258,457,0,3
467,1259,489,3,0
467,1260,489,3,0
468,1260,446,0,3
478,1260,456,0,3
467,1261,489,3,0
468,1261,446,0,3
478,1261,456,0,3
467,1262,489,3,0
468,1262,446,0,3
470,1262,492,3,0
478,1262,456,0,3
467,1263,489,3,0
468,1263,446,0,3
470,1263,492,3,0
475,1263,453,0,3
478,1263,456,0,3
467,1264,489,3,0
468,1264,446,0,3
470,1264,492,3,0
475,1264,453,0,3
478,1264,456,0,3
467,1265,489,3,0
468,1265,446,0,3
470,1265,492,3,0
475,1265,453,0,3
478,1265,456,0,3
467,1266,489,3,0
468,1266,446,0,3
470,1266,492,3,0
475,1266,453,0,3
478,1266,456,0,3
467,1267,489,3,0
468,1267,446,0,3
470,1267,492,3,0
475,1267,453,0,3
478,1267,456,0,3
467,1268,489,3,0
468,1268,446,0,3
478,1268,456,0,3
467,1269,489,3,0
468,1269,446,0,3
478,1269,456,0,3
478,1270,456,0,3
467,1271,489,3,0
478,1271,456,0,3
479,1271,457,0,3
467,1272,489,3,0
478,1272,456,0,3
479,1272,457,0,3
480,1272,458,0,3
467,1273,489,3,0
478,1273,456,0,3
479,1273,457,0,3
480,1273,458,0,3
467,1274,489,3,0
478,1274,456,0,3
479,1274,457,0,3
480,1274,458,0,3
482,1274,504,3,0
467,1275,489,3,0
478,1275,456,0,3
479,1275,457,0,3
480,1275,458,0,3
482,1275,504,3,0
484,1276,506,2,0
485,1276,507,3,0
489,1276,511,3,0
500,1276,478,0,3
501,1276,479,0,3
502,1276,480,0,3
485,1277,507,3,0
489,1277,511,3,0
500,1277,478,0,3
501,1277,479,0,3
502,1277,480,0,3
489,1278,511,3,0
500,1278,478,0,3
501,1278,479,0,3
502,1278,480,0,3
489,1279,511,3,0
500,1279,478,0,3
501,1279,479,0,3
502,1279,480,0,3
489,1280,511,3,0
500,1280,478,0,3
501,1280,479,0,3
489,1281,511,3,0
500,1281,478,0,3
489,1282,511,3,0
490,1282,468,0,3
500,1282,478,0,3
489,1283,511,3,0
490,1283,468,0,3
500,1283,478,0,3
489,1284,511,3,0
490,1284,468,0,3
492,1284,514,3,0
498,1284,520,3,0
500,1284,478,0,3
489,1285,511,3,0
490,1285,468,0,3
492,1285,514,3,0
497,1285,475,0,3
498,1285,520,3,0
500,1285,478,0,3
489,1286,511,3,0
490,1286,468,0,3
492,1286,514,3,0
497,1286,475,0,3
498,1286,520,3,0
500,1286,478,0,3
489,1287,511,3,0
490,1287,468,0,3
492,1287,514,3,0
497,1287,475,0,3
498,1287,520,3,0
500,1287,478,0,3
489,1288,511,3,0
490,1288,468,0,3
492,1288,514,3,0
497,1288,475,0,3
498,1288,520,3,0
500,1288,478,0,3
489,1289,511,3,0
490,1289,468,0,3
492,1289,514,3,0
497,1289,475,0,3
498,1289,520,3,0
500,1289,478,0,3
489,1290,511,3,0
490,1290,468,0,3
498,1290,520,3,0
500,1290,478,0,3
489,1291,511,3,0
490,1291,468,0,3
500,1291,478,0,3
500,1292,478,0,3
489,1293,511,3,0
500,1293,478,0,3
501,1293,479,0,3
489,1294,511,3,0
500,1294,478,0,3
501,1294,479,0,3
502,1294,480,0,3
489,1295,511,3,0
500,1295,478,0,3
501,1295,479,0,3
502,1295,480,0,3
489,1296,511,3,0
500,1296,478,0,3
501,1296,479,0,3
502,1296,480,0,3
485,1297,507,3,0
489,1297,511,3,0
500,1297,478,0,3
501,1297,479,0,3
502,1297,480,0,3
506,1298,528,2,0
511,1298,533,3,0
523,1298,501,0,3
527,1298,549,3,0
511,1299,533,3,0
523,1299,501,0,3
511,1300,533,3,0
523,1300,501,0,3
511,1301,533,3,0
523,1301,501,0,3
511,1302,533,3,0
523,1302,501,0,3
511,1303,533,3,0
511,1304,533,3,0
512,1304,490,0,3
511,1305,533,3,0
512,1305,490,0,3
511,1306,533,3,0
512,1306,490,0,3
514,1306,536,3,0
520,1306,542,3,0
511,1307,533,3,0
512,1307,490,0,3
514,1307,536,3,0
515,1307,493,0,3
519,1307,497,0,3
520,1307,542,3,0
511,1308,533,3,0
512,1308,490,0,3
514,1308,536,3,0
515,1308,493,0,3
519,1308,497,0,3
520,1308,542,3,0
511,1309,533,3,0
512,1309,490,0,3
514,1309,536,3,0
515,1309,493,0,3
519,1309,497,0,3
520,1309,542,3,0
511,1310,533,3,0
512,1310,490,0,3
514,1310,536,3,0
515,1310,493,0,3
519,1310,497,0,3
520,1310,542,3,0
511,1311,533,3,0
512,1311,490,0,3
514,1311,536,3,0
519,1311,497,0,3
520,1311,542,3,0
511,1312,533,3,0
512,1312,490,0,3
520,1312,542,3,0
511,1313,533,3,0
512,1313,490,0,3
511,1315,533,3,0
523,1315,501,0,3
511,1316,533,3,0
523,1316,501,0,3
511,1317,533,3,0
523,1317,501,0,3
511,1318,533,3,0
523,1318,501,0,3
511,1319,533,3,0
523,1319,501,0,3
527,1319,549,3,0
528,1320,550,2,0
533,1320,555,3,0
545,1320,523,0,3
549,1320,571,3,0
533,1321,555,3,0
545,1321,523,0,3
533,1322,555,3,0
545,1322,523,0,3
533,1323,555,3,0
545,1323,523,0,3
533,1324,555,3,0
545,1324,523,0,3
533,1325,555,3,0
533,1326,555,3,0
534,1326,512,0,3
533,1327,555,3,0
534,1327,512,0,3
533,1328,555,3,0
534,1328,512,0,3
536,1328,558,3,0
542,1328,564,3,0
533,1329,555,3,0
534,1329,512,0,3
536,1329,558,3,0
537,1329,515,0,3
541,1329,519,0,3
542,1329,564,3,0
533,1330,555,3,0
534,1330,512,0,3
536,1330,558,3,0
537,1330,515,0,3
541,1330,519,0,3
542,1330,564,3,0
533,1331,555,3,0
534,1331,512,0,3
536,1331,558,3,0
537,1331,515,0,3
541,1331,519,0,3
542,1331,564,3,0
533,1332,555,3,0
534,1332,512,0,3
536,1332,558,3,0
537,1332,515,0,3
541,1332,519,0,3
542,1332,564,3,0
533,1333,555,3,0
534,1333,512,0,3
536,1333,558,3,0
541,1333,519,0,3
542,1333,564,3,0
533,1334,555,3,0
534,1334,512,0,3
542,1334,564,3,0
533,1335,555,3,0
534,1335,512,0,3
533,1337,555,3,0
545,1337,523,0,3
533,1338,555,3,0
545,1338,523,0,3
533,1339,555,3,0
545,1339,523,0,3
533,1340,555,3,0
545,1340,523,0,3
533,1341,555,3,0
545,1341,523,0,3
549,1341,571,3,0
550,1342,572,2,0
555,1342,577,3,0
567,1342,545,0,3
571,1342,593,3,0
555,1343,577,3,0
567,1343,545,0,3
555,1344,577,3,0
567,1344,545,0,3
555,1345,577,3,0
567,1345,545,0,3
555,1346,577,3,0
567,1346,545,0,3
555,1347,577,3,0
555,1348,577,3,0
556,1348,534,0,3
555,1349,577,3,0
556,1349,534,0,3
555,1350,577,3,0
556,1350,534,0,3
558,1350,580,3,0
564,1350,586,3,0
555,1351,577,3,0
556,1351,534,0,3
558,1351,580,3,0
559,1351,537,0,3
563,1351,541,0,3
564,1351,586,3,0
555,1352,577,3,0
556,1352,534,0,3
558,1352,580,3,0
559,1352,537,0,3
563,1352,541,0,3
564,1352,586,3,0
555,1353,577,3,0
556,1353,534,0,3
558,1353,580,3,0
559,1353,537,0,3
563,1353,541,0,3
564,1353,586,3,0
555,1354,577,3,0
556,1354,534,0,3
558,1354,580,3,0
559,1354,537,0,3
563,1354,541,0,3
564,1354,586,3,0
555,1355,577,3,0
556,1355,534,0,3
558,1355,580,3,0
563,1355,541,0,3
564,1355,586,3,0
555,1356,577,3,0
556,1356,534,0,3
564,1356,586,3,0
555,1357,577,3,0
556,1357,534,0,3
555,1359,577,3,0
567,1359,545,0,3
555,1360,577,3,0
567,1360,545,0,3
555,1361,577,3,0
567,1361,545,0,3
555,1362,577,3,0
567,1362,545,0,3
555,1363,577,3,0
567,1363,545,0,3
571,1363,593,3,0
572,1364,594,2,0
573,1364,551,0,3
574,1364,552,0,3
576,1364,598,3,0
577,1364,599,3,0
589,1364,567,0,3
593,1364,615,3,0
573,1365,551,0,3
574,1365,552,0,3
576,1365,598,3,0
577,1365,599,3,0
589,1365,567,0,3
574,1366,552,0,3
576,1366,598,3,0
577,1366,599,3,0
589,1366,567,0,3
576,1367,598,3,0
577,1367,599,3,0
589,1367,567,0,3
576,1368,598,3,0
577,1368,599,3,0
589,1368,567,0,3
577,1369,599,3,0
577,1370,599,3,0
578,1370,556,0,3
577,1371,599,3,0
578,1371,556,0,3
577,1372,599,3,0
578,1372,556,0,3
580,1372,602,3,0
586,1372,608,3,0
577,1373,599,3,0
578,1373,556,0,3
580,1373,602,3,0
581,1373,559,0,3
585,1373,563,0,3
586,1373,608,3,0
577,1374,599,3,0
578,1374,556,0,3
580,1374,602,3,0
581,1374,559,0,3
585,1374,563,0,3
586,1374,608,3,0
577,1375,599,3,0
578,1375,556,0,3
580,1375,602,3,0
581,1375,559,0,3
585,1375,563,0,3
586,1375,608,3,0
577,1376,599,3,0
578,1376,556,0,3
580,1376,602,3,0
581,1376,559,0,3
585,1376,563,0,3
586,1376,608,3,0
577,1377,599,3,0
578,1377,556,0,3
580,1377,602,3,0
585,1377,563,0,3
586,1377,608,3,0
577,1378,599,3,0
578,1378,556,0,3
586,1378,608,3,0
577,1379,599,3,0
578,1379,556,0,3
577,1381,599,3,0
589,1381,567,0,3
576,1382,598,3,0
577,1382,599,3,0
589,1382,567,0,3
576,1383,598,3,0
577,1383,599,3,0
589,1383,567,0,3
574,1384,552,0,3
576,1384,598,3,0
577,1384,599,3,0
589,1384,567,0,3
573,1385,551,0,3
574,1385,552,0,3
576,1385,598,3,0
577,1385,599,3,0
589,1385,567,0,3
593,1385,615,3,0
594,1386,616,2,0
595,1386,573,0,3
596,1386,574,0,3
599,1386,621,3,0
611,1386,589,0,3
615,1386,637,3,0
595,1387,573,0,3
596,1387,574,0,3
599,1387,621,3,0
611,1387,589,0,3
596,1388,574,0,3
599,1388,621,3,0
611,1388,589,0,3
599,1389,621,3,0
611,1389,589,0,3
599,1390,621,3,0
611,1390,589,0,3
599,1391,621,3,0
599,1392,621,3,0
600,1392,578,0,3
599,1393,621,3,0
600,1393,578,0,3
599,1394,621,3,0
600,1394,578,0,3
602,1394,624,3,0
608,1394,630,3,0
599,1395,621,3,0
600,1395,578,0,3
602,1395,624,3,0
607,1395,585,0,3
608,1395,630,3,0
599,1396,621,3,0
600,1396,578,0,3
602,1396,624,3,0
607,1396,585,0,3
608,1396,630,3,0
599,1397,621,3,0
600,1397,578,0,3
602,1397,624,3,0
607,1397,585,0,3
608,1397,630,3,0
599,1398,621,3,0
600,1398,578,0,3
602,1398,624,3,0
607,1398,585,0,3
608,1398,630,3,0
599,1399,621,3,0
600,1399,578,0,3
602,1399,624,3,0
607,1399,585,0,3
608,1399,630,3,0
599,1400,621,3,0
600,1400,578,0,3
608,1400,630,3,0
599,1401,621,3,0
600,1401,578,0,3
599,1403,621,3,0
611,1403,589,0,3
599,1404,621,3,0
611,1404,589,0,3
599,1405,621,3,0
611,1405,589,0,3
596,1406,574,0,3
599,1406,621,3,0
611,1406,589,0,3
595,1407,573,0,3
596,1407,574,0,3
599,1407,621,3,0
611,1407,589,0,3
615,1407,637,3,0
616,1408,638,2,0
618,1408,596,0,3
620,1408,642,3,0
621,1408,643,3,0
633,1408,611,0,3
634,1408,612,0,3
637,1408,659,3,0
618,1409,596,0,3
620,1409,642,3,0
621,1409,643,3,0
633,1409,611,0,3
634,1409,612,0,3
618,1410,596,0,3
620,1410,642,3,0
621,1410,643,3,0
633,1410,611,0,3
634,1410,612,0,3
620,1411,642,3,0
621,1411,643,3,0
633,1411,611,0,3
634,1411,612,0,3
620,1412,642,3,0
621,1412,643,3,0
633,1412,611,0,3
621,1413,643,3,0
621,1414,643,3,0
622,1414,600,0,3
621,1415,643,3,0
622,1415,600,0,3
621,1416,643,3,0
622,1416,600,0,3
624,1416,646,3,0
630,1416,652,3,0
621,1417,643,3,0
622,1417,600,0,3
624,1417,646,3,0
629,1417,607,0,3
630,1417,652,3,0
621,1418,643,3,0
622,1418,600,0,3
624,1418,646,3,0
629,1418,607,0,3
630,1418,652,3,0
621,1419,643,3,0
622,1419,600,0,3
624,1419,646,3,0
629,1419,607,0,3
630,1419,652,3,0
621,1420,643,3,0
622,1420,600,0,3
624,1420,646,3,0
629,1420,607,0,3
630,1420,652,3,0
621,1421,643,3,0
622,1421,600,0,3
624,1421,646,3,0
629,1421,607,0,3
630,1421,652,3,0
621,1422,643,3,0
622,1422,600,0,3
630,1422,652,3,0
621,1423,643,3,0
622,1423,600,0,3
621,1425,643,3,0
633,1425,611,0,3
620,1426,642,3,0
621,1426,643,3,0
633,1426,611,0,3
634,1426,612,0,3
620,1427,642,3,0
621,1427,643,3,0
633,1427,611,0,3
634,1427,612,0,3
618,1428,596,0,3
620,1428,642,3,0
621,1428,643,3,0
633,1428,611,0,3
634,1428,612,0,3
618,1429,596,0,3
620,1429,642,3,0
621,1429,643,3,0
633,1429,611,0,3
634,1429,612,0,3
637,1429,659,3,0
638,1430,660,2,0
640,1430,618,0,3
642,1430,664,3,0
643,1430,665,3,0
655,1430,633,0,3
656,1430,634,0,3
640,1431,618,0,3
642,1431,664,3,0
643,1431,665,3,0
655,1431,633,0,3
656,1431,634,0,3
640,1432,618,0,3
642,1432,664,3,0
643,1432,665,3,0
655,1432,633,0,3
656,1432,634,0,3
642,1433,664,3,0
643,1433,665,3,0
655,1433,633,0,3
656,1433,634,0,3
642,1434,664,3,0
643,1434,665,3,0
655,1434,633,0,3
643,1435,665,3,0
643,1436,665,3,0
644,1436,622,0,3
643,1437,665,3,0
644,1437,622,0,3
643,1438,665,3,0
644,1438,622,0,3
646,1438,668,3,0
652,1438,674,3,0
643,1439,665,3,0
644,1439,622,0,3
646,1439,668,3,0
651,1439,629,0,3
652,1439,674,3,0
643,1440,665,3,0
644,1440,622,0,3
646,1440,668,3,0
651,1440,629,0,3
652,1440,674,3,0
643,1441,665,3,0
644,1441,622,0,3
646,1441,668,3,0
651,1441,629,0,3
652,1441,674,3,0
643,1442,665,3,0
644,1442,622,0,3
646,1442,668,3,0
651,1442,629,0,3
652,1442,674,3,0
643,1443,665,3,0
644,1443,622,0,3
646,1443,668,3,0
651,1443,629,0,3
652,1443,674,3,0
643,1444,665,3,0
644,1444,622,0,3
652,1444,674,3,0
643,1445,665,3,0
644,1445,622,0,3
643,1447,665,3,0
655,1447,633,0,3
642,1448,664,3,0
643,1448,665,3,0
655,1448,633,0,3
656,1448,634,0,3
642,1449,664,3,0
643,1449,665,3,0
655,1449,633,0,3
656,1449,634,0,3
640,1450,618,0,3
642,1450,664,3,0
643,1450,665,3,0
655,1450,633,0,3
656,1450,634,0,3
640,1451,618,0,3
642,1451,664,3,0
643,1451,665,3,0
655,1451,633,0,3
656,1451,634,0,3
660,1452,682,2,0
661,1452,639,0,3
662,1452,640,0,3
663,1452,685,3,0
664,1452,686,3,0
665,1452,687,3,0
677,1452,655,0,3
678,1452,656,0,3
661,1453,639,0,3
662,1453,640,0,3
663,1453,685,3,0
664,1453,686,3,0
665,1453,687,3,0
677,1453,655,0,3
678,1453,656,0,3
662,1454,640,0,3
663,1454,685,3,0
664,1454,686,3,0
665,1454,687,3,0
677,1454,655,0,3
678,1454,656,0,3
663,1455,685,3,0
664,1455,686,3,0
665,1455,687,3,0
677,1455,655,0,3
678,1455,656,0,3
664,1456,686,3,0
665,1456,687,3,0
677,1456,655,0,3
665,1457,687,3,0
665,1458,687,3,0
666,1458,644,0,3
665,1459,687,3,0
666,1459,644,0,3
665,1460,687,3,0
666,1460,644,0,3
674,1460,696,3,0
665,1461,687,3,0
666,1461,644,0,3
669,1461,647,0,3
673,1461,651,0,3
674,1461,696,3,0
665,1462,687,3,0
666,1462,644,0,3
669,1462,647,0,3
673,1462,651,0,3
674,1462,696,3,0
665,1463,687,3,0
666,1463,644,0,3
669,1463,647,0,3
671,1463,693,3,0
673,1463,651,0,3
674,1463,696,3,0
665,1464,687,3,0
666,1464,644,0,3
669,1464,647,0,3
673,1464,651,0,3
674,1464,696,3,0
665,1465,687,3,0
666,1465,644,0,3
673,1465,651,0,3
674,1465,696,3,0
665,1466,687,3,0
666,1466,644,0,3
674,1466,696,3,0
665,1467,687,3,0
666,1467,644,0,3
665,1469,687,3,0
677,1469,655,0,3
664,1470,686,3,0
665,1470,687,3,0
677,1470,655,0,3
678,1470,656,0,3
663,1471,685,3,0
664,1471,686,3,0
665,1471,687,3,0
677,1471,655,0,3
678,1471,656,0,3
662,1472,640,0,3
663,1472,685,3,0
664,1472,686,3,0
665,1472,687,3,0
677,1472,655,0,3
678,1472,656,0,3
661,1473,639,0,3
662,1473,640,0,3
663,1473,685,3,0
664,1473,686,3,0
665,1473,687,3,0
677,1473,655,0,3
678,1473,656,0,3
682,1474,704,2,0
684,1474,662,0,3
685,1474,707,3,0
686,1474,708,3,0
687,1474,709,3,0
699,1474,677,0,3
700,1474,678,0,3
684,1475,662,0,3
685,1475,707,3,0
686,1475,708,3,0
687,1475,709,3,0
699,1475,677,0,3
700,1475,678,0,3
684,1476,662,0,3
685,1476,707,3,0
686,1476,708,3,0
687,1476,709,3,0
699,1476,677,0,3
700,1476,678,0,3
685,1477,707,3,0
686,1477,708,3,0
687,1477,709,3,0
699,1477,677,0,3
700,1477,678,0,3
686,1478,708,3,0
687,1478,709,3,0
699,1478,677,0,3
687,1479,709,3,0
687,1480,709,3,0
688,1480,666,0,3
687,1481,709,3,0
688,1481,666,0,3
687,1482,709,3,0
688,1482,666,0,3
696,1482,718,3,0
687,1483,709,3,0
688,1483,666,0,3
691,1483,669,0,3
695,1483,673,0,3
696,1483,718,3,0
687,1484,709,3,0
688,1484,666,0,3
691,1484,669,0,3
695,1484,673,0,3
696,1484,718,3,0
687,1485,709,3,0
688,1485,666,0,3
691,1485,669,0,3
693,1485,715,3,0
695,1485,673,0,3
696,1485,718,3,0
687,1486,709,3,0
688,1486,666,0,3
691,1486,669,0,3
695,1486,673,0,3
696,1486,718,3,0
687,1487,709,3,0
688,1487,666,0,3
695,1487,673,0,3
696,1487,718,3,0
687,1488,709,3,0
688,1488,666,0,3
696,1488,718,3,0
687,1489,709,3,0
688,1489,666,0,3
687,1491,709,3,0
699,1491,677,0,3
686,1492,708,3,0
687,1492,709,3,0
699,1492,677,0,3
700,1492,678,0,3
685,1493,707,3,0
686,1493,708,3,0
687,1493,709,3,0
699,1493,677,0,3
700,1493,678,0,3
684,1494,662,0,3
685,1494,707,3,0
686,1494,708,3,0
687,1494,709,3,0
699,1494,677,0,3
700,1494,678,0,3
684,1495,662,0,3
685,1495,707,3,0
686,1495,708,3,0
687,1495,709,3,0
699,1495,677,0,3
700,1495,678,0,3
704,1496,726,2,0
705,1496,727,3,0
706,1496,684,0,3
707,1496,729,3,0
708,1496,730,3,0
709,1496,731,3,0
722,1496,700,0,3
705,1497,727,3,0
706,1497,684,0,3
707,1497,729,3,0
708,1497,730,3,0
709,1497,731,3,0
722,1497,700,0,3
706,1498,684,0,3
707,1498,729,3,0
708,1498,730,3,0
709,1498,731,3,0
722,1498,700,0,3
707,1499,729,3,0
708,1499,730,3,0
709,1499,731,3,0
722,1499,700,0,3
708,1500,730,3,0
709,1500,731,3,0
709,1501,731,3,0
709,1502,731,3,0
710,1502,688,0,3
709,1503,731,3,0
710,1503,688,0,3
709,1504,731,3,0
710,1504,688,0,3
709,1505,731,3,0
710,1505,688,0,3
713,1505,691,0,3
717,1505,695,0,3
709,1506,731,3,0
710,1506,688,0,3
713,1506,691,0,3
716,1506,694,0,3
717,1506,695,0,3
709,1507,731,3,0
710,1507,688,0,3
713,1507,691,0,3
716,1507,694,0,3
717,1507,695,0,3
709,1508,731,3,0
710,1508,688,0,3
713,1508,691,0,3
716,1508,694,0,3
717,1508,695,0,3
709,1509,731,3,0
710,1509,688,0,3
717,1509,695,0,3
709,1510,731,3,0
710,1510,688,0,3
709,1511,731,3,0
710,1511,688,0,3
709,1513,731,3,0
708,1514,730,3,0
709,1514,731,3,0
722,1514,700,0,3
707,1515,729,3,0
708,1515,730,3,0
709,1515,731,3,0
722,1515,700,0,3
706,1516,684,0,3
707,1516,729,3,0
708,1516,730,3,0
709,1516,731,3,0
722,1516,700,0,3
705,1517,727,3,0
706,1517,684,0,3
707,1517,729,3,0
708,1517,730,3,0
709,1517,731,3,0
722,1517,700,0,3
726,1518,748,2,0
728,1518,706,0,3
731,1518,753,3,0
742,1518,720,0,3
743,1518,721,0,3
744,1518,722,0,3
728,1519,706,0,3
731,1519,753,3,0
742,1519,720,0,3
743,1519,721,0,3
744,1519,722,0,3
728,1520,706,0,3
731,1520,753,3,0
742,1520,720,0,3
743,1520,721,0,3
744,1520,722,0,3
731,1521,753,3,0
742,1521,720,0,3
743,1521,721,0,3
744,1521,722,0,3
731,1522,753,3,0
742,1522,720,0,3
743,1522,721,0,3
731,1523,753,3,0
731,1524,753,3,0
732,1524,710,0,3
742,1524,720,0,3
731,1525,753,3,0
732,1525,710,0,3
742,1525,720,0,3
731,1526,753,3,0
732,1526,710,0,3
740,1526,762,3,0
742,1526,720,0,3
731,1527,753,3,0
732,1527,710,0,3
740,1527,762,3,0
742,1527,720,0,3
731,1528,753,3,0
732,1528,710,0,3
736,1528,714,0,3
740,1528,762,3,0
742,1528,720,0,3
731,1529,753,3,0
732,1529,710,0,3
736,1529,714,0,3
740,1529,762,3,0
742,1529,720,0,3
731,1530,753,3,0
732,1530,710,0,3
740,1530,762,3,0
742,1530,720,0,3
731,1531,753,3,0
732,1531,710,0,3
740,1531,762,3,0
742,1531,720,0,3
731,1532,753,3,0
732,1532,710,0,3
740,1532,762,3,0
742,1532,720,0,3
731,1533,753,3,0
732,1533,710,0,3
742,1533,720,0,3
742,1534,720,0,3
731,1535,753,3,0
742,1535,720,0,3
743,1535,721,0,3
731,1536,753,3,0
742,1536,720,0,3
743,1536,721,0,3
744,1536,722,0,3
731,1537,753,3,0
742,1537,720,0,3
743,1537,721,0,3
744,1537,722,0,3
728,1538,706,0,3
731,1538,753,3,0
742,1538,720,0,3
743,1538,721,0,3
744,1538,722,0,3
728,1539,706,0,3
731,1539,753,3,0
742,1539,720,0,3
743,1539,721,0,3
744,1539,722,0,3
748,1540,770,2,0
749,1540,771,3,0
750,1540,728,0,3
753,1540,775,3,0
764,1540,742,0,3
765,1540,743,0,3
766,1540,744,0,3
749,1541,771,3,0
750,1541,728,0,3
753,1541,775,3,0
764,1541,742,0,3
765,1541,743,0,3
766,1541,744,0,3
750,1542,728,0,3
753,1542,775,3,0
764,1542,742,0,3
765,1542,743,0,3
766,1542,744,0,3
753,1543,775,3,0
764,1543,742,0,3
765,1543,743,0,3
766,1543,744,0,3
753,1544,775,3,0
764,1544,742,0,3
765,1544,743,0,3
753,1545,775,3,0
764,1545,742,0,3
753,1546,775,3,0
764,1546,742,0,3
753,1547,775,3,0
764,1547,742,0,3
753,1548,775,3,0
762,1548,784,3,0
764,1548,742,0,3
753,1549,775,3,0
762,1549,784,3,0
764,1549,742,0,3
753,1550,775,3,0
758,1550,736,0,3
762,1550,784,3,0
764,1550,742,0,3
753,1551,775,3,0
758,1551,736,0,3
759,1551,781,3,0
762,1551,784,3,0
764,1551,742,0,3
753,1552,775,3,0
762,1552,784,3,0
764,1552,742,0,3
753,1553,775,3,0
762,1553,784,3,0
764,1553,742,0,3
753,1554,775,3,0
762,1554,784,3,0
764,1554,742,0,3
753,1555,775,3,0
764,1555,742,0,3
764,1556,742,0,3
753,1557,775,3,0
764,1557,742,0,3
765,1557,743,0,3
753,1558,775,3,0
764,1558,742,0,3
765,1558,743,0,3
766,1558,744,0,3
753,1559,775,3,0
764,1559,742,0,3
765,1559,743,0,3
766,1559,744,0,3
750,1560,728,0,3
753,1560,775,3,0
764,1560,742,0,3
765,1560,743,0,3
766,1560,744,0,3
749,1561,771,3,0
750,1561,728,0,3
753,1561,775,3,0
764,1561,742,0,3
765,1561,743,0,3
766,1561,744,0,3
770,1562,792,2,0
771,1562,793,3,0
772,1562,750,0,3
775,1562,797,3,0
787,1562,765,0,3
771,1563,793,3,0
772,1563,750,0,3
775,1563,797,3,0
787,1563,765,0,3
772,1564,750,0,3
775,1564,797,3,0
787,1564,765,0,3
775,1565,797,3,0
787,1565,765,0,3
775,1566,797,3,0
787,1566,765,0,3
775,1567,797,3,0
775,1568,797,3,0
776,1568,754,0,3
775,1569,797,3,0
776,1569,754,0,3
785,1569,763,0,3
775,1570,797,3,0
776,1570,754,0,3
785,1570,763,0,3
775,1571,797,3,0
776,1571,754,0,3
783,1571,761,0,3
785,1571,763,0,3
775,1572,797,3,0
776,1572,754,0,3
780,1572,758,0,3
783,1572,761,0,3
785,1572,763,0,3
775,1573,797,3,0
776,1573,754,0,3
780,1573,758,0,3
783,1573,761,0,3
785,1573,763,0,3
775,1574,797,3,0
776,1574,754,0,3
783,1574,761,0,3
785,1574,763,0,3
775,1575,797,3,0
776,1575,754,0,3
783,1575,761,0,3
785,1575,763,0,3
775,1576,797,3,0
776,1576,754,0,3
785,1576,763,0,3
775,1577,797,3,0
776,1577,754,0,3
785,1577,763,0,3
775,1579,797,3,0
787,1579,765,0,3
775,1580,797,3,0
787,1580,765,0,3
775,1581,797,3,0
787,1581,765,0,3
772,1582,750,0,3
775,1582,797,3,0
787,1582,765,0,3
771,1583,793,3,0
772,1583,750,0,3
775,1583,797,3,0
787,1583,765,0,3
138,1584,116,0,3
140,1584,162,3,0
146,1584,168,3,0
147,1584,169,3,0
148,1584,126,0,3
1028,1585,1050,3,0
138,1586,116,0,3
140,1586,162,3,0
146,1586,168,3,0
147,1586,169,3,0
148,1586,126,0,3
489,1587,511,3,0
490,1587,468,0,3
492,1587,514,3,0
497,1587,475,0,3
498,1587,520,3,0
500,1587,478,0,3
357,1588,379,3,0
358,1588,336,0,3
368,1588,346,0,3
445,1590,467,3,0
457,1590,435,0,3
1545,1591,1523,0,3
1554,1591,1532,0,3
1556,1591,1578,3,0
1166,1592,1144,0,2
1171,1592,1149,0,3
1182,1592,1204,3,0
1184,1592,1206,3,0
1078,1593,1056,0,2
1079,1593,1057,0,3
1080,1593,1058,0,3
1083,1593,1061,0,3
1094,1593,1116,3,0
1096,1593,1118,3,0
1097,1593,1075,0,3
1098,1593,1076,0,3
1099,1593,1077,0,3
948,1594,926,0,3
950,1594,972,3,0
962,1594,984,3,0
963,1594,941,0,3
964,1594,986,3,0
965,1594,943,0,3
966,1594,944,0,3
967,1594,989,3,0
30,1595,52,3,0
32,1595,54,3,0
37,1595,59,3,0
