64,0,65,2,1
108,0,109,2,1
152,0,153,2,1
196,0,197,2,1
240,0,241,2,1
328,0,329,2,1
792,0,770,0,2
793,0,815,3,0
809,0,831,3,0
811,0,789,0,3
1296,0,1297,2,1
1340,0,1341,2,1
1384,0,1385,2,1
793,1,815,3,0
809,1,831,3,0
811,1,789,0,3
809,2,831,3,0
809,3,831,3,0
797,5,819,3,0
36,6,14,0,2
797,6,819,3,0
806,6,828,3,0
797,7,819,3,0
799,7,777,0,3
805,7,827,3,0
806,7,828,3,0
797,8,819,3,0
799,8,777,0,3
804,8,826,3,0
805,8,827,3,0
806,8,828,3,0
797,9,819,3,0
799,9,777,0,3
803,9,825,3,0
804,9,826,3,0
805,9,827,3,0
806,9,828,3,0
797,10,819,3,0
799,10,777,0,3
802,10,824,3,0
803,10,825,3,0
804,10,826,3,0
805,10,827,3,0
806,10,828,3,0
797,11,819,3,0
799,11,777,0,3
803,11,825,3,0
804,11,826,3,0
805,11,827,3,0
806,11,828,3,0
797,12,819,3,0
799,12,777,0,3
804,12,826,3,0
805,12,827,3,0
806,12,828,3,0
797,13,819,3,0
805,13,827,3,0
806,13,828,3,0
797,14,819,3,0
806,14,828,3,0
842,14,843,2,1
886,14,887,2,1
930,14,931,2,1
974,14,975,2,1
1018,14,1019,2,1
1062,14,1063,2,1
1106,14,1107,2,1
1150,14,1151,2,1
1194,14,1195,2,1
1238,14,1239,2,1
1282,14,1283,2,1
1326,14,1327,2,1
1370,14,1371,2,1
1414,14,1415,2,1
1458,14,1459,2,1
1502,14,1503,2,1
1546,14,1547,2,1
809,17,831,3,0
809,18,831,3,0
809,19,831,3,0
811,19,789,0,3
44,20,22,0,2
88,20,66,0,2
132,20,110,0,2
792,20,770,0,2
793,20,815,3,0
809,20,831,3,0
811,20,789,0,3
792,21,770,0,2
793,21,815,3,0
809,21,831,3,0
811,21,789,0,3
813,21,791,0,3
108,22,109,2,1
152,22,153,2,1
196,22,197,2,1
240,22,241,2,1
328,22,329,2,1
814,22,792,0,2
815,22,837,3,0
831,22,853,3,0
833,22,811,0,3
834,22,812,0,3
1296,22,1297,2,1
1340,22,1341,2,1
1384,22,1385,2,1
815,23,837,3,0
831,23,853,3,0
831,24,853,3,0
819,27,841,3,0
819,28,841,3,0
828,28,850,3,0
819,29,841,3,0
821,29,799,0,3
827,29,849,3,0
828,29,850,3,0
819,30,841,3,0
821,30,799,0,3
822,30,800,0,3
826,30,848,3,0
827,30,849,3,0
828,30,850,3,0
819,31,841,3,0
821,31,799,0,3
822,31,800,0,3
823,31,801,0,3
826,31,848,3,0
827,31,849,3,0
828,31,850,3,0
819,32,841,3,0
821,32,799,0,3
822,32,800,0,3
823,32,801,0,3
826,32,848,3,0
827,32,849,3,0
828,32,850,3,0
819,33,841,3,0
821,33,799,0,3
822,33,800,0,3
826,33,848,3,0
827,33,849,3,0
828,33,850,3,0
819,34,841,3,0
821,34,799,0,3
826,34,848,3,0
827,34,849,3,0
828,34,850,3,0
819,35,841,3,0
827,35,849,3,0
828,35,850,3,0
6,36,7,1,0
819,36,841,3,0
828,36,850,3,0
842,36,843,2,1
886,36,887,2,1
930,36,931,2,1
974,36,975,2,1
1018,36,1019,2,1
1062,36,1063,2,1
1106,36,1107,2,1
1150,36,1151,2,1
1194,36,1195,2,1
1238,36,1239,2,1
1282,36,1283,2,1
1326,36,1327,2,1
1370,36,1371,2,1
1414,36,1415,2,1
1458,36,1459,2,1
1502,36,1503,2,1
1546,36,1547,2,1
831,39,853,3,0
831,40,853,3,0
831,41,853,3,0
833,41,811,0,3
88,42,66,0,2
132,42,110,0,2
815,42,837,3,0
831,42,853,3,0
833,42,811,0,3
834,42,812,0,3
814,43,792,0,2
815,43,837,3,0
831,43,853,3,0
833,43,811,0,3
834,43,812,0,3
835,43,813,0,3
20,44,21,1,0
108,44,109,2,1
152,44,153,2,1
196,44,197,2,1
240,44,241,2,1
328,44,329,2,1
836,44,814,0,2
837,44,859,3,0
853,44,875,3,0
854,44,876,3,0
855,44,833,0,3
1296,44,1297,2,1
1340,44,1341,2,1
1384,44,1385,2,1
837,45,859,3,0
853,45,875,3,0
854,45,876,3,0
855,45,833,0,3
853,46,875,3,0
854,46,876,3,0
853,47,875,3,0
841,49,863,3,0
80,50,58,0,3
841,50,863,3,0
850,50,872,3,0
841,51,863,3,0
843,51,821,0,3
849,51,871,3,0
850,51,872,3,0
841,52,863,3,0
843,52,821,0,3
844,52,822,0,3
848,52,870,3,0
849,52,871,3,0
850,52,872,3,0
841,53,863,3,0
843,53,821,0,3
844,53,822,0,3
848,53,870,3,0
849,53,871,3,0
850,53,872,3,0
841,54,863,3,0
843,54,821,0,3
844,54,822,0,3
848,54,870,3,0
849,54,871,3,0
850,54,872,3,0
841,55,863,3,0
843,55,821,0,3
844,55,822,0,3
848,55,870,3,0
849,55,871,3,0
850,55,872,3,0
841,56,863,3,0
843,56,821,0,3
848,56,870,3,0
849,56,871,3,0
850,56,872,3,0
841,57,863,3,0
849,57,871,3,0
850,57,872,3,0
6,58,7,1,0
841,58,863,3,0
850,58,872,3,0
886,58,887,2,1
930,58,931,2,1
974,58,975,2,1
1018,58,1019,2,1
1062,58,1063,2,1
1106,58,1107,2,1
1150,58,1151,2,1
1194,58,1195,2,1
1238,58,1239,2,1
1282,58,1283,2,1
1326,58,1327,2,1
1370,58,1371,2,1
1414,58,1415,2,1
1458,58,1459,2,1
1502,58,1503,2,1
1546,58,1547,2,1
853,61,875,3,0
853,62,875,3,0
854,62,876,3,0
853,63,875,3,0
854,63,876,3,0
855,63,833,0,3
0,64,22,1,0
88,64,66,0,2
132,64,110,0,2
836,64,814,0,2
837,64,859,3,0
853,64,875,3,0
854,64,876,3,0
855,64,833,0,3
856,64,878,3,0
836,65,814,0,2
837,65,859,3,0
853,65,875,3,0
854,65,876,3,0
855,65,833,0,3
856,65,878,3,0
857,65,835,0,3
20,66,21,1,0
240,66,241,2,1
328,66,329,2,1
858,66,836,0,2
859,66,881,3,0
860,66,838,0,3
873,66,895,3,0
875,66,897,3,0
877,66,855,0,3
878,66,856,0,3
1296,66,1297,2,1
1340,66,1341,2,1
1384,66,1385,2,1
859,67,881,3,0
860,67,838,0,3
873,67,895,3,0
875,67,897,3,0
860,68,838,0,3
873,68,895,3,0
875,68,897,3,0
873,69,895,3,0
863,71,885,3,0
873,71,895,3,0
863,72,885,3,0
872,72,894,3,0
873,72,895,3,0
863,73,885,3,0
872,73,894,3,0
873,73,895,3,0
863,74,885,3,0
866,74,844,0,3
870,74,892,3,0
872,74,894,3,0
873,74,895,3,0
863,75,885,3,0
866,75,844,0,3
870,75,892,3,0
872,75,894,3,0
873,75,895,3,0
863,76,885,3,0
866,76,844,0,3
868,76,846,0,3
870,76,892,3,0
872,76,894,3,0
873,76,895,3,0
863,77,885,3,0
866,77,844,0,3
870,77,892,3,0
872,77,894,3,0
873,77,895,3,0
863,78,885,3,0
870,78,892,3,0
872,78,894,3,0
873,78,895,3,0
863,79,885,3,0
872,79,894,3,0
873,79,895,3,0
6,80,7,1,0
50,80,51,2,1
863,80,885,3,0
872,80,894,3,0
873,80,895,3,0
886,80,887,2,1
930,80,931,2,1
974,80,975,2,1
1018,80,1019,2,1
1062,80,1063,2,1
1106,80,1107,2,1
1150,80,1151,2,1
1194,80,1195,2,1
1238,80,1239,2,1
1282,80,1283,2,1
1326,80,1327,2,1
1370,80,1371,2,1
1414,80,1415,2,1
1458,80,1459,2,1
1502,80,1503,2,1
1546,80,1547,2,1
873,81,895,3,0
873,82,895,3,0
873,83,895,3,0
875,83,897,3,0
873,84,895,3,0
875,84,897,3,0
860,85,838,0,3
873,85,895,3,0
875,85,897,3,0
877,85,855,0,3
0,86,22,1,0
132,86,110,0,2
859,86,881,3,0
860,86,838,0,3
873,86,895,3,0
875,86,897,3,0
877,86,855,0,3
878,86,900,3,0
858,87,836,0,2
859,87,881,3,0
860,87,838,0,3
873,87,895,3,0
875,87,897,3,0
877,87,855,0,3
878,87,900,3,0
879,87,857,0,3
20,88,21,1,0
64,88,65,2,1
240,88,241,2,1
328,88,329,2,1
881,88,903,3,0
882,88,860,0,3
895,88,917,3,0
897,88,919,3,0
899,88,877,0,3
1296,88,1297,2,1
1340,88,1341,2,1
1384,88,1385,2,1
1560,88,1561,2,1
881,89,903,3,0
882,89,860,0,3
895,89,917,3,0
897,89,919,3,0
899,89,877,0,3
882,90,860,0,3
895,90,917,3,0
897,90,919,3,0
895,91,917,3,0
897,91,919,3,0
895,92,917,3,0
124,94,102,0,3
894,94,916,3,0
895,94,917,3,0
894,95,916,3,0
895,95,917,3,0
888,96,866,0,3
892,96,870,0,3
894,96,916,3,0
895,96,917,3,0
888,97,866,0,3
892,97,870,0,3
894,97,916,3,0
895,97,917,3,0
888,98,866,0,3
890,98,868,0,3
892,98,870,0,3
894,98,916,3,0
895,98,917,3,0
888,99,866,0,3
892,99,870,0,3
894,99,916,3,0
895,99,917,3,0
892,100,870,0,3
894,100,916,3,0
895,100,917,3,0
894,101,916,3,0
895,101,917,3,0
6,102,7,1,0
50,102,51,2,1
894,102,916,3,0
895,102,917,3,0
930,102,931,2,1
974,102,975,2,1
1018,102,1019,2,1
1062,102,1063,2,1
1106,102,1107,2,1
1150,102,1151,2,1
1194,102,1195,2,1
1238,102,1239,2,1
1282,102,1283,2,1
1326,102,1327,2,1
1370,102,1371,2,1
1414,102,1415,2,1
1458,102,1459,2,1
1502,102,1503,2,1
1546,102,1547,2,1
895,103,917,3,0
895,104,917,3,0
895,105,917,3,0
897,105,919,3,0
895,106,917,3,0
897,106,919,3,0
882,107,860,0,3
895,107,917,3,0
897,107,919,3,0
899,107,877,0,3
0,108,22,1,0
44,108,66,2,0
132,108,110,0,2
881,108,903,3,0
882,108,860,0,3
895,108,917,3,0
897,108,919,3,0
899,108,877,0,3
881,109,903,3,0
882,109,860,0,3
895,109,917,3,0
897,109,919,3,0
899,109,877,0,3
20,110,21,1,0
64,110,65,2,1
240,110,241,2,1
328,110,329,2,1
904,110,882,0,3
919,110,941,3,0
1296,110,1297,2,1
1340,110,1341,2,1
1384,110,1385,2,1
1560,110,1561,2,1
904,111,882,0,3
919,111,941,3,0
904,112,882,0,3
919,112,941,3,0
907,115,929,3,0
907,116,929,3,0
908,116,886,0,3
916,116,938,3,0
907,117,929,3,0
908,117,886,0,3
916,117,938,3,0
907,118,929,3,0
908,118,886,0,3
910,118,888,0,3
914,118,892,0,3
916,118,938,3,0
907,119,929,3,0
908,119,886,0,3
910,119,888,0,3
914,119,892,0,3
916,119,938,3,0
907,120,929,3,0
908,120,886,0,3
910,120,888,0,3
912,120,890,0,3
914,120,892,0,3
916,120,938,3,0
907,121,929,3,0
908,121,886,0,3
910,121,888,0,3
914,121,892,0,3
916,121,938,3,0
907,122,929,3,0
908,122,886,0,3
914,122,892,0,3
916,122,938,3,0
907,123,929,3,0
908,123,886,0,3
916,123,938,3,0
6,124,7,1,0
50,124,51,2,1
94,124,95,2,1
907,124,929,3,0
916,124,938,3,0
930,124,931,2,1
974,124,975,2,1
1018,124,1019,2,1
1062,124,1063,2,1
1106,124,1107,2,1
1150,124,1151,2,1
1194,124,1195,2,1
1238,124,1239,2,1
1282,124,1283,2,1
1326,124,1327,2,1
1370,124,1371,2,1
1414,124,1415,2,1
1458,124,1459,2,1
1502,124,1503,2,1
1546,124,1547,2,1
919,127,941,3,0
919,128,941,3,0
904,129,882,0,3
919,129,941,3,0
0,130,22,1,0
44,130,66,2,0
902,130,924,2,0
904,130,882,0,3
919,130,941,3,0
922,130,944,3,0
904,131,882,0,3
919,131,941,3,0
922,131,944,3,0
20,132,21,1,0
64,132,65,2,1
108,132,109,2,1
240,132,241,2,1
328,132,329,2,1
941,132,963,3,0
1296,132,1297,2,1
1340,132,1341,2,1
1384,132,1385,2,1
1560,132,1561,2,1
941,133,963,3,0
941,134,963,3,0
941,135,963,3,0
929,137,951,3,0
168,138,146,0,3
929,138,951,3,0
938,138,960,3,0
929,139,951,3,0
938,139,960,3,0
929,140,951,3,0
932,140,910,0,3
938,140,960,3,0
929,141,951,3,0
932,141,910,0,3
938,141,960,3,0
929,142,951,3,0
932,142,910,0,3
934,142,912,0,3
938,142,960,3,0
929,143,951,3,0
932,143,910,0,3
938,143,960,3,0
929,144,951,3,0
938,144,960,3,0
929,145,951,3,0
938,145,960,3,0
6,146,7,1,0
50,146,51,2,1
94,146,95,2,1
929,146,951,3,0
938,146,960,3,0
974,146,975,2,1
1018,146,1019,2,1
1062,146,1063,2,1
1106,146,1107,2,1
1150,146,1151,2,1
1194,146,1195,2,1
1238,146,1239,2,1
1282,146,1283,2,1
1326,146,1327,2,1
1370,146,1371,2,1
1414,146,1415,2,1
1458,146,1459,2,1
1502,146,1503,2,1
1546,146,1547,2,1
941,149,963,3,0
941,150,963,3,0
941,151,963,3,0
0,152,22,1,0
44,152,66,2,0
941,152,963,3,0
944,152,966,3,0
941,153,963,3,0
944,153,966,3,0
20,154,21,1,0
64,154,65,2,1
108,154,109,2,1
240,154,241,2,1
328,154,329,2,1
948,154,926,0,3
961,154,939,0,3
963,154,985,3,0
1296,154,1297,2,1
1340,154,1341,2,1
1384,154,1385,2,1
1560,154,1561,2,1
948,155,926,0,3
961,155,939,0,3
963,155,985,3,0
948,156,926,0,3
961,156,939,0,3
963,156,985,3,0
961,157,939,0,3
951,159,973,3,0
961,159,939,0,3
951,160,973,3,0
952,160,930,0,3
960,160,982,3,0
961,160,939,0,3
951,161,973,3,0
952,161,930,0,3
960,161,982,3,0
961,161,939,0,3
951,162,973,3,0
952,162,930,0,3
954,162,932,0,3
960,162,982,3,0
961,162,939,0,3
951,163,973,3,0
952,163,930,0,3
954,163,932,0,3
960,163,982,3,0
961,163,939,0,3
951,164,973,3,0
952,164,930,0,3
954,164,932,0,3
956,164,934,0,3
960,164,982,3,0
961,164,939,0,3
951,165,973,3,0
952,165,930,0,3
954,165,932,0,3
960,165,982,3,0
961,165,939,0,3
951,166,973,3,0
952,166,930,0,3
960,166,982,3,0
961,166,939,0,3
951,167,973,3,0
952,167,930,0,3
960,167,982,3,0
961,167,939,0,3
6,168,7,1,0
50,168,51,2,1
94,168,95,2,1
138,168,139,2,1
951,168,973,3,0
960,168,982,3,0
961,168,939,0,3
974,168,975,2,1
1018,168,1019,2,1
1062,168,1063,2,1
1106,168,1107,2,1
1150,168,1151,2,1
1194,168,1195,2,1
1238,168,1239,2,1
1282,168,1283,2,1
1326,168,1327,2,1
1370,168,1371,2,1
1414,168,1415,2,1
1458,168,1459,2,1
1502,168,1503,2,1
1546,168,1547,2,1
961,169,939,0,3
961,170,939,0,3
961,171,939,0,3
963,171,985,3,0
961,172,939,0,3
963,172,985,3,0
948,173,926,0,3
961,173,939,0,3
963,173,985,3,0
0,174,22,1,0
44,174,66,2,0
948,174,926,0,3
961,174,939,0,3
963,174,985,3,0
948,175,926,0,3
961,175,939,0,3
963,175,985,3,0
20,176,21,1,0
64,176,65,2,1
108,176,109,2,1
240,176,241,2,1
328,176,329,2,1
970,176,948,0,3
971,176,993,3,0
983,176,961,0,3
985,176,1007,3,0
1296,176,1297,2,1
1340,176,1341,2,1
1384,176,1385,2,1
1560,176,1561,2,1
970,177,948,0,3
971,177,993,3,0
983,177,961,0,3
985,177,1007,3,0
970,178,948,0,3
971,178,993,3,0
983,178,961,0,3
985,178,1007,3,0
971,179,993,3,0
983,179,961,0,3
985,179,1007,3,0
983,180,961,0,3
973,181,995,3,0
212,182,190,0,3
973,182,995,3,0
974,182,952,0,3
983,182,961,0,3
973,183,995,3,0
974,183,952,0,3
983,183,961,0,3
973,184,995,3,0
974,184,952,0,3
976,184,954,0,3
983,184,961,0,3
973,185,995,3,0
974,185,952,0,3
976,185,954,0,3
977,185,955,0,3
983,185,961,0,3
973,186,995,3,0
974,186,952,0,3
976,186,954,0,3
977,186,955,0,3
978,186,956,0,3
983,186,961,0,3
973,187,995,3,0
974,187,952,0,3
976,187,954,0,3
983,187,961,0,3
973,188,995,3,0
974,188,952,0,3
983,188,961,0,3
973,189,995,3,0
974,189,952,0,3
983,189,961,0,3
6,190,7,1,0
50,190,51,2,1
94,190,95,2,1
138,190,139,2,1
973,190,995,3,0
983,190,961,0,3
1018,190,1019,2,1
1062,190,1063,2,1
1106,190,1107,2,1
1150,190,1151,2,1
1194,190,1195,2,1
1238,190,1239,2,1
1282,190,1283,2,1
1326,190,1327,2,1
1370,190,1371,2,1
1414,190,1415,2,1
1458,190,1459,2,1
1502,190,1503,2,1
1546,190,1547,2,1
983,191,961,0,3
983,192,961,0,3
983,193,961,0,3
985,193,1007,3,0
971,194,993,3,0
983,194,961,0,3
985,194,1007,3,0
970,195,948,0,3
971,195,993,3,0
983,195,961,0,3
985,195,1007,3,0
0,196,22,1,0
44,196,66,2,0
970,196,948,0,3
971,196,993,3,0
983,196,961,0,3
985,196,1007,3,0
970,197,948,0,3
971,197,993,3,0
983,197,961,0,3
985,197,1007,3,0
20,198,21,1,0
64,198,65,2,1
108,198,109,2,1
328,198,329,2,1
993,198,1015,3,0
1005,198,983,0,3
1296,198,1297,2,1
1340,198,1341,2,1
1384,198,1385,2,1
1560,198,1561,2,1
993,199,1015,3,0
1005,199,983,0,3
993,200,1015,3,0
1005,200,983,0,3
993,201,1015,3,0
1005,201,983,0,3
1005,203,983,0,3
996,204,974,0,3
1005,204,983,0,3
996,205,974,0,3
1005,205,983,0,3
996,206,974,0,3
998,206,976,0,3
1005,206,983,0,3
996,207,974,0,3
998,207,976,0,3
999,207,977,0,3
1005,207,983,0,3
996,208,974,0,3
998,208,976,0,3
999,208,977,0,3
1000,208,978,0,3
1005,208,983,0,3
996,209,974,0,3
998,209,976,0,3
1005,209,983,0,3
996,210,974,0,3
1005,210,983,0,3
996,211,974,0,3
1005,211,983,0,3
6,212,7,1,0
50,212,51,2,1
94,212,95,2,1
138,212,139,2,1
182,212,183,2,1
1005,212,983,0,3
1018,212,1019,2,1
1062,212,1063,2,1
1106,212,1107,2,1
1150,212,1151,2,1
1194,212,1195,2,1
1238,212,1239,2,1
1282,212,1283,2,1
1326,212,1327,2,1
1370,212,1371,2,1
1414,212,1415,2,1
1458,212,1459,2,1
1502,212,1503,2,1
1546,212,1547,2,1
1005,213,983,0,3
1005,214,983,0,3
1005,215,983,0,3
993,216,1015,3,0
1005,216,983,0,3
993,217,1015,3,0
1005,217,983,0,3
0,218,22,1,0
44,218,66,2,0
264,218,242,0,2
990,218,1012,2,0
993,218,1015,3,0
1005,218,983,0,3
993,219,1015,3,0
1005,219,983,0,3
20,220,21,1,0
64,220,65,2,1
108,220,109,2,1
328,220,329,2,1
1027,220,1005,0,3
1029,220,1007,0,3
1031,220,1009,0,3
1296,220,1297,2,1
1340,220,1341,2,1
1384,220,1385,2,1
1560,220,1561,2,1
1027,221,1005,0,3
1029,221,1007,0,3
1031,221,1009,0,3
1027,222,1005,0,3
1029,222,1007,0,3
1027,223,1005,0,3
1029,223,1007,0,3
1027,224,1005,0,3
256,226,234,0,3
1018,226,996,0,3
1027,226,1005,0,3
1018,227,996,0,3
1027,227,1005,0,3
1018,228,996,0,3
1020,228,998,0,3
1027,228,1005,0,3
1018,229,996,0,3
1020,229,998,0,3
1027,229,1005,0,3
1018,230,996,0,3
1020,230,998,0,3
1027,230,1005,0,3
1018,231,996,0,3
1020,231,998,0,3
1027,231,1005,0,3
1018,232,996,0,3
1027,232,1005,0,3
1018,233,996,0,3
1027,233,1005,0,3
6,234,7,1,0
50,234,51,2,1
94,234,95,2,1
138,234,139,2,1
182,234,183,2,1
1027,234,1005,0,3
1062,234,1063,2,1
1106,234,1107,2,1
1150,234,1151,2,1
1194,234,1195,2,1
1238,234,1239,2,1
1282,234,1283,2,1
1326,234,1327,2,1
1370,234,1371,2,1
1414,234,1415,2,1
1458,234,1459,2,1
1502,234,1503,2,1
1546,234,1547,2,1
1027,235,1005,0,3
1027,236,1005,0,3
1027,237,1005,0,3
1029,237,1007,0,3
1027,238,1005,0,3
1029,238,1007,0,3
1027,239,1005,0,3
1029,239,1007,0,3
1031,239,1009,0,3
0,240,22,1,0
44,240,66,2,0
176,240,198,2,0
264,240,242,0,2
1027,240,1005,0,3
1029,240,1007,0,3
1031,240,1009,0,3
1032,240,1010,0,3
1027,241,1005,0,3
1029,241,1007,0,3
1031,241,1009,0,3
1032,241,1010,0,3
20,242,21,1,0
64,242,65,2,1
108,242,109,2,1
328,242,329,2,1
1034,242,1056,2,0
1049,242,1027,0,3
1051,242,1029,0,3
1053,242,1031,0,3
1296,242,1297,2,1
1340,242,1341,2,1
1384,242,1385,2,1
1560,242,1561,2,1
1049,243,1027,0,3
1051,243,1029,0,3
1049,244,1027,0,3
1051,244,1029,0,3
1049,245,1027,0,3
1049,247,1027,0,3
1049,248,1027,0,3
1049,249,1027,0,3
1042,250,1020,0,3
1049,250,1027,0,3
1042,251,1020,0,3
1049,251,1027,0,3
1042,252,1020,0,3
1049,252,1027,0,3
1042,253,1020,0,3
1049,253,1027,0,3
1049,254,1027,0,3
1049,255,1027,0,3
6,256,7,1,0
50,256,51,2,1
94,256,95,2,1
138,256,139,2,1
182,256,183,2,1
226,256,227,2,1
1049,256,1027,0,3
1062,256,1063,2,1
1106,256,1107,2,1
1150,256,1151,2,1
1194,256,1195,2,1
1238,256,1239,2,1
1282,256,1283,2,1
1326,256,1327,2,1
1370,256,1371,2,1
1414,256,1415,2,1
1458,256,1459,2,1
1502,256,1503,2,1
1546,256,1547,2,1
1049,257,1027,0,3
1049,258,1027,0,3
1049,259,1027,0,3
1051,259,1029,0,3
1049,260,1027,0,3
1051,260,1029,0,3
1049,261,1027,0,3
1051,261,1029,0,3
1053,261,1031,0,3
0,262,22,1,0
44,262,66,2,0
176,262,198,2,0
1049,262,1027,0,3
1051,262,1029,0,3
1053,262,1031,0,3
1054,262,1032,0,3
1034,263,1056,2,0
1049,263,1027,0,3
1051,263,1029,0,3
1053,263,1031,0,3
1054,263,1032,0,3
20,264,21,1,0
64,264,65,2,1
108,264,109,2,1
240,264,241,2,1
328,264,329,2,1
1056,264,1078,2,0
1071,264,1049,0,3
1073,264,1051,0,3
1075,264,1053,0,3
1296,264,1297,2,1
1340,264,1341,2,1
1384,264,1385,2,1
1560,264,1561,2,1
1071,265,1049,0,3
1073,265,1051,0,3
1075,265,1053,0,3
1071,266,1049,0,3
1073,266,1051,0,3
1071,267,1049,0,3
1073,267,1051,0,3
1071,268,1049,0,3
300,270,278,0,3
1071,270,1049,0,3
1071,271,1049,0,3
1064,272,1042,0,3
1071,272,1049,0,3
1064,273,1042,0,3
1071,273,1049,0,3
1064,274,1042,0,3
1071,274,1049,0,3
1064,275,1042,0,3
1071,275,1049,0,3
1071,276,1049,0,3
1071,277,1049,0,3
6,278,7,1,0
50,278,51,2,1
94,278,95,2,1
138,278,139,2,1
182,278,183,2,1
226,278,227,2,1
1071,278,1049,0,3
1106,278,1107,2,1
1150,278,1151,2,1
1194,278,1195,2,1
1238,278,1239,2,1
1282,278,1283,2,1
1326,278,1327,2,1
1370,278,1371,2,1
1414,278,1415,2,1
1458,278,1459,2,1
1502,278,1503,2,1
1546,278,1547,2,1
1071,279,1049,0,3
1071,280,1049,0,3
1071,281,1049,0,3
1073,281,1051,0,3
1071,282,1049,0,3
1073,282,1051,0,3
1071,283,1049,0,3
1073,283,1051,0,3
1075,283,1053,0,3
1056,284,1078,2,0
1071,284,1049,0,3
1073,284,1051,0,3
1075,284,1053,0,3
1056,285,1078,2,0
1071,285,1049,0,3
1073,285,1051,0,3
1075,285,1053,0,3
20,286,21,1,0
64,286,65,2,1
108,286,109,2,1
240,286,241,2,1
1078,286,1100,2,0
1093,286,1071,0,3
1095,286,1073,0,3
1097,286,1075,0,3
1296,286,1297,2,1
1340,286,1341,2,1
1384,286,1385,2,1
1560,286,1561,2,1
1093,287,1071,0,3
1095,287,1073,0,3
1093,288,1071,0,3
1095,288,1073,0,3
1093,289,1071,0,3
1093,291,1071,0,3
1093,292,1071,0,3
1093,293,1071,0,3
1086,294,1064,0,3
1093,294,1071,0,3
1086,295,1064,0,3
1093,295,1071,0,3
1086,296,1064,0,3
1093,296,1071,0,3
1086,297,1064,0,3
1093,297,1071,0,3
1093,298,1071,0,3
1093,299,1071,0,3
6,300,7,1,0
50,300,51,2,1
94,300,95,2,1
138,300,139,2,1
182,300,183,2,1
226,300,227,2,1
270,300,271,2,1
1093,300,1071,0,3
1106,300,1107,2,1
1150,300,1151,2,1
1194,300,1195,2,1
1238,300,1239,2,1
1282,300,1283,2,1
1326,300,1327,2,1
1370,300,1371,2,1
1414,300,1415,2,1
1458,300,1459,2,1
1502,300,1503,2,1
1546,300,1547,2,1
1093,301,1071,0,3
1093,302,1071,0,3
1093,303,1071,0,3
1095,303,1073,0,3
1093,304,1071,0,3
1095,304,1073,0,3
1093,305,1071,0,3
1095,305,1073,0,3
1097,305,1075,0,3
1078,306,1100,2,0
1093,306,1071,0,3
1095,306,1073,0,3
1097,306,1075,0,3
1078,307,1100,2,0
1093,307,1071,0,3
1095,307,1073,0,3
1097,307,1075,0,3
20,308,21,1,0
64,308,65,2,1
108,308,109,2,1
240,308,241,2,1
1115,308,1093,0,3
1117,308,1095,0,3
1119,308,1097,0,3
1296,308,1297,2,1
1340,308,1341,2,1
1384,308,1385,2,1
1560,308,1561,2,1
1115,309,1093,0,3
1117,309,1095,0,3
1119,309,1097,0,3
1115,310,1093,0,3
1117,310,1095,0,3
1115,311,1093,0,3
1117,311,1095,0,3
1115,312,1093,0,3
344,314,322,0,3
1115,314,1093,0,3
1115,315,1093,0,3
1108,316,1086,0,3
1115,316,1093,0,3
1108,317,1086,0,3
1115,317,1093,0,3
1108,318,1086,0,3
1110,318,1088,0,3
1115,318,1093,0,3
1108,319,1086,0,3
1115,319,1093,0,3
1115,320,1093,0,3
1115,321,1093,0,3
6,322,7,1,0
50,322,51,2,1
94,322,95,2,1
138,322,139,2,1
182,322,183,2,1
226,322,227,2,1
270,322,271,2,1
1115,322,1093,0,3
1150,322,1151,2,1
1194,322,1195,2,1
1238,322,1239,2,1
1282,322,1283,2,1
1326,322,1327,2,1
1370,322,1371,2,1
1414,322,1415,2,1
1458,322,1459,2,1
1502,322,1503,2,1
1546,322,1547,2,1
1115,323,1093,0,3
1115,324,1093,0,3
1115,325,1093,0,3
1117,325,1095,0,3
1115,326,1093,0,3
1117,326,1095,0,3
1115,327,1093,0,3
1117,327,1095,0,3
1119,327,1097,0,3
264,328,286,2,0
1115,328,1093,0,3
1117,328,1095,0,3
1119,328,1097,0,3
1115,329,1093,0,3
1117,329,1095,0,3
1119,329,1097,0,3
20,330,21,1,0
64,330,65,2,1
108,330,109,2,1
240,330,241,2,1
1137,330,1115,0,3
1139,330,1117,0,3
1140,330,1118,0,3
1141,330,1119,0,3
1296,330,1297,2,1
1340,330,1341,2,1
1384,330,1385,2,1
1560,330,1561,2,1
1137,331,1115,0,3
1139,331,1117,0,3
1140,331,1118,0,3
1137,332,1115,0,3
1139,332,1117,0,3
1137,333,1115,0,3
1137,335,1115,0,3
1137,336,1115,0,3
1137,337,1115,0,3
1130,338,1108,0,3
1137,338,1115,0,3
1130,339,1108,0,3
1137,339,1115,0,3
1130,340,1108,0,3
1132,340,1110,0,3
1137,340,1115,0,3
1130,341,1108,0,3
1137,341,1115,0,3
1137,342,1115,0,3
1137,343,1115,0,3
6,344,7,1,0
50,344,51,2,1
94,344,95,2,1
138,344,139,2,1
182,344,183,2,1
226,344,227,2,1
270,344,271,2,1
314,344,315,2,1
1137,344,1115,0,3
1150,344,1151,2,1
1194,344,1195,2,1
1238,344,1239,2,1
1282,344,1283,2,1
1326,344,1327,2,1
1370,344,1371,2,1
1414,344,1415,2,1
1458,344,1459,2,1
1502,344,1503,2,1
1546,344,1547,2,1
1137,345,1115,0,3
1137,346,1115,0,3
1137,347,1115,0,3
1139,347,1117,0,3
1137,348,1115,0,3
1139,348,1117,0,3
1140,348,1118,0,3
1137,349,1115,0,3
1139,349,1117,0,3
1140,349,1118,0,3
1141,349,1119,0,3
264,350,286,2,0
1122,350,1144,2,0
1137,350,1115,0,3
1139,350,1117,0,3
1140,350,1118,0,3
1141,350,1119,0,3
1137,351,1115,0,3
1139,351,1117,0,3
1140,351,1118,0,3
1141,351,1119,0,3
20,352,21,1,0
64,352,65,2,1
108,352,109,2,1
240,352,241,2,1
1144,352,1166,2,0
1159,352,1137,0,3
1161,352,1139,0,3
1163,352,1141,0,3
1296,352,1297,2,1
1340,352,1341,2,1
1384,352,1385,2,1
1560,352,1561,2,1
1159,353,1137,0,3
1161,353,1139,0,3
1163,353,1141,0,3
1159,354,1137,0,3
1161,354,1139,0,3
1159,355,1137,0,3
1161,355,1139,0,3
1159,356,1137,0,3
388,358,366,0,3
1159,358,1137,0,3
1159,359,1137,0,3
1152,360,1130,0,3
1159,360,1137,0,3
1152,361,1130,0,3
1153,361,1131,0,3
1159,361,1137,0,3
1152,362,1130,0,3
1153,362,1131,0,3
1154,362,1132,0,3
1159,362,1137,0,3
1152,363,1130,0,3
1159,363,1137,0,3
1159,364,1137,0,3
1159,365,1137,0,3
6,366,7,1,0
50,366,51,2,1
94,366,95,2,1
138,366,139,2,1
182,366,183,2,1
226,366,227,2,1
270,366,271,2,1
314,366,315,2,1
1159,366,1137,0,3
1194,366,1195,2,1
1238,366,1239,2,1
1282,366,1283,2,1
1326,366,1327,2,1
1370,366,1371,2,1
1414,366,1415,2,1
1458,366,1459,2,1
1502,366,1503,2,1
1546,366,1547,2,1
1159,367,1137,0,3
1159,368,1137,0,3
1159,369,1137,0,3
1161,369,1139,0,3
1159,370,1137,0,3
1161,370,1139,0,3
1159,371,1137,0,3
1161,371,1139,0,3
1163,371,1141,0,3
1144,372,1166,2,0
1159,372,1137,0,3
1161,372,1139,0,3
1163,372,1141,0,3
1144,373,1166,2,0
1159,373,1137,0,3
1161,373,1139,0,3
1163,373,1141,0,3
20,374,21,1,0
64,374,65,2,1
108,374,109,2,1
240,374,241,2,1
1181,374,1159,0,3
1183,374,1161,0,3
1185,374,1163,0,3
1296,374,1297,2,1
1340,374,1341,2,1
1384,374,1385,2,1
1560,374,1561,2,1
1181,375,1159,0,3
1183,375,1161,0,3
1181,376,1159,0,3
1183,376,1161,0,3
1181,377,1159,0,3
1181,379,1159,0,3
1181,380,1159,0,3
1181,381,1159,0,3
1174,382,1152,0,3
1181,382,1159,0,3
1174,383,1152,0,3
1175,383,1153,0,3
1181,383,1159,0,3
1174,384,1152,0,3
1175,384,1153,0,3
1176,384,1154,0,3
1181,384,1159,0,3
1174,385,1152,0,3
1181,385,1159,0,3
1181,386,1159,0,3
1181,387,1159,0,3
6,388,7,1,0
50,388,51,2,1
94,388,95,2,1
138,388,139,2,1
182,388,183,2,1
226,388,227,2,1
270,388,271,2,1
314,388,315,2,1
358,388,359,2,1
1181,388,1159,0,3
1194,388,1195,2,1
1238,388,1239,2,1
1282,388,1283,2,1
1326,388,1327,2,1
1370,388,1371,2,1
1414,388,1415,2,1
1458,388,1459,2,1
1502,388,1503,2,1
1546,388,1547,2,1
1181,389,1159,0,3
1181,390,1159,0,3
1181,391,1159,0,3
1183,391,1161,0,3
1181,392,1159,0,3
1183,392,1161,0,3
1181,393,1159,0,3
1183,393,1161,0,3
1185,393,1163,0,3
1166,394,1188,2,0
1181,394,1159,0,3
1183,394,1161,0,3
1185,394,1163,0,3
1181,395,1159,0,3
1183,395,1161,0,3
1185,395,1163,0,3
20,396,21,1,0
64,396,65,2,1
108,396,109,2,1
240,396,241,2,1
1192,396,1170,0,3
1203,396,1181,0,3
1205,396,1183,0,3
1207,396,1185,0,3
1296,396,1297,2,1
1340,396,1341,2,1
1384,396,1385,2,1
1560,396,1561,2,1
1192,397,1170,0,3
1203,397,1181,0,3
1205,397,1183,0,3
1207,397,1185,0,3
1192,398,1170,0,3
1203,398,1181,0,3
1205,398,1183,0,3
1192,399,1170,0,3
1203,399,1181,0,3
1205,399,1183,0,3
1192,400,1170,0,3
1203,400,1181,0,3
1192,401,1170,0,3
432,402,410,0,3
1192,402,1170,0,3
1203,402,1181,0,3
1192,403,1170,0,3
1203,403,1181,0,3
1192,404,1170,0,3
1196,404,1174,0,3
1203,404,1181,0,3
1192,405,1170,0,3
1196,405,1174,0,3
1203,405,1181,0,3
1192,406,1170,0,3
1196,406,1174,0,3
1203,406,1181,0,3
1192,407,1170,0,3
1196,407,1174,0,3
1203,407,1181,0,3
1192,408,1170,0,3
1203,408,1181,0,3
1192,409,1170,0,3
1203,409,1181,0,3
6,410,7,1,0
50,410,51,2,1
94,410,95,2,1
138,410,139,2,1
182,410,183,2,1
226,410,227,2,1
270,410,271,2,1
314,410,315,2,1
358,410,359,2,1
1192,410,1170,0,3
1203,410,1181,0,3
1238,410,1239,2,1
1282,410,1283,2,1
1326,410,1327,2,1
1370,410,1371,2,1
1414,410,1415,2,1
1458,410,1459,2,1
1502,410,1503,2,1
1546,410,1547,2,1
1203,411,1181,0,3
1203,412,1181,0,3
1192,413,1170,0,3
1203,413,1181,0,3
1205,413,1183,0,3
1192,414,1170,0,3
1203,414,1181,0,3
1205,414,1183,0,3
1192,415,1170,0,3
1203,415,1181,0,3
1205,415,1183,0,3
1207,415,1185,0,3
1192,416,1170,0,3
1203,416,1181,0,3
1205,416,1183,0,3
1207,416,1185,0,3
1192,417,1170,0,3
1203,417,1181,0,3
1205,417,1183,0,3
1207,417,1185,0,3
20,418,21,1,0
64,418,65,2,1
108,418,109,2,1
240,418,241,2,1
1214,418,1192,0,3
1225,418,1203,0,3
1227,418,1205,0,3
1229,418,1207,0,3
1296,418,1297,2,1
1340,418,1341,2,1
1384,418,1385,2,1
1560,418,1561,2,1
1214,419,1192,0,3
1225,419,1203,0,3
1227,419,1205,0,3
1214,420,1192,0,3
1225,420,1203,0,3
1227,420,1205,0,3
1214,421,1192,0,3
1225,421,1203,0,3
1214,422,1192,0,3
1214,423,1192,0,3
1225,423,1203,0,3
1214,424,1192,0,3
1225,424,1203,0,3
1214,425,1192,0,3
1225,425,1203,0,3
1214,426,1192,0,3
1218,426,1196,0,3
1225,426,1203,0,3
1214,427,1192,0,3
1218,427,1196,0,3
1225,427,1203,0,3
1214,428,1192,0,3
1218,428,1196,0,3
1225,428,1203,0,3
1214,429,1192,0,3
1218,429,1196,0,3
1225,429,1203,0,3
1214,430,1192,0,3
1225,430,1203,0,3
1214,431,1192,0,3
1225,431,1203,0,3
6,432,7,1,0
50,432,51,2,1
94,432,95,2,1
138,432,139,2,1
182,432,183,2,1
226,432,227,2,1
270,432,271,2,1
314,432,315,2,1
358,432,359,2,1
402,432,403,2,1
1214,432,1192,0,3
1225,432,1203,0,3
1238,432,1239,2,1
1282,432,1283,2,1
1326,432,1327,2,1
1370,432,1371,2,1
1414,432,1415,2,1
1458,432,1459,2,1
1502,432,1503,2,1
1546,432,1547,2,1
1225,433,1203,0,3
1225,434,1203,0,3
1214,435,1192,0,3
1225,435,1203,0,3
1227,435,1205,0,3
1214,436,1192,0,3
1225,436,1203,0,3
1227,436,1205,0,3
1214,437,1192,0,3
1225,437,1203,0,3
1227,437,1205,0,3
1229,437,1207,0,3
1210,438,1232,2,0
1214,438,1192,0,3
1225,438,1203,0,3
1227,438,1205,0,3
1229,438,1207,0,3
1214,439,1192,0,3
1225,439,1203,0,3
1227,439,1205,0,3
1229,439,1207,0,3
20,440,21,1,0
64,440,65,2,1
108,440,109,2,1
240,440,241,2,1
1247,440,1225,0,3
1249,440,1227,0,3
1251,440,1229,0,3
1296,440,1297,2,1
1340,440,1341,2,1
1384,440,1385,2,1
1560,440,1561,2,1
1247,441,1225,0,3
1249,441,1227,0,3
1251,441,1229,0,3
1247,442,1225,0,3
1249,442,1227,0,3
1247,443,1225,0,3
1249,443,1227,0,3
1247,444,1225,0,3
1237,445,1215,0,3
476,446,454,0,3
1237,446,1215,0,3
1247,446,1225,0,3
1237,447,1215,0,3
1247,447,1225,0,3
1237,448,1215,0,3
1240,448,1218,0,3
1247,448,1225,0,3
1237,449,1215,0,3
1240,449,1218,0,3
1247,449,1225,0,3
1237,450,1215,0,3
1240,450,1218,0,3
1247,450,1225,0,3
1237,451,1215,0,3
1240,451,1218,0,3
1247,451,1225,0,3
1237,452,1215,0,3
1247,452,1225,0,3
1237,453,1215,0,3
1247,453,1225,0,3
6,454,7,1,0
50,454,51,2,1
94,454,95,2,1
138,454,139,2,1
182,454,183,2,1
226,454,227,2,1
270,454,271,2,1
314,454,315,2,1
358,454,359,2,1
402,454,403,2,1
1237,454,1215,0,3
1247,454,1225,0,3
1282,454,1283,2,1
1326,454,1327,2,1
1370,454,1371,2,1
1414,454,1415,2,1
1458,454,1459,2,1
1502,454,1503,2,1
1546,454,1547,2,1
1247,455,1225,0,3
1247,456,1225,0,3
1247,457,1225,0,3
1249,457,1227,0,3
1247,458,1225,0,3
1249,458,1227,0,3
1247,459,1225,0,3
1249,459,1227,0,3
1251,459,1229,0,3
1247,460,1225,0,3
1249,460,1227,0,3
1251,460,1229,0,3
1247,461,1225,0,3
1249,461,1227,0,3
1251,461,1229,0,3
20,462,21,1,0
64,462,65,2,1
108,462,109,2,1
240,462,241,2,1
1269,462,1247,0,3
1271,462,1249,0,3
1273,462,1251,0,3
1296,462,1297,2,1
1340,462,1341,2,1
1384,462,1385,2,1
1560,462,1561,2,1
1269,463,1247,0,3
1271,463,1249,0,3
1269,464,1247,0,3
1271,464,1249,0,3
1269,465,1247,0,3
1259,467,1237,0,3
1269,467,1247,0,3
1259,468,1237,0,3
1269,468,1247,0,3
1259,469,1237,0,3
1269,469,1247,0,3
1259,470,1237,0,3
1262,470,1240,0,3
1269,470,1247,0,3
1259,471,1237,0,3
1262,471,1240,0,3
1269,471,1247,0,3
1259,472,1237,0,3
1262,472,1240,0,3
1269,472,1247,0,3
1259,473,1237,0,3
1262,473,1240,0,3
1269,473,1247,0,3
1259,474,1237,0,3
1269,474,1247,0,3
1259,475,1237,0,3
1269,475,1247,0,3
6,476,7,1,0
50,476,51,2,1
94,476,95,2,1
138,476,139,2,1
182,476,183,2,1
226,476,227,2,1
270,476,271,2,1
314,476,315,2,1
358,476,359,2,1
402,476,403,2,1
446,476,447,2,1
1259,476,1237,0,3
1269,476,1247,0,3
1282,476,1283,2,1
1326,476,1327,2,1
1370,476,1371,2,1
1414,476,1415,2,1
1458,476,1459,2,1
1502,476,1503,2,1
1546,476,1547,2,1
1269,477,1247,0,3
1269,478,1247,0,3
1269,479,1247,0,3
1271,479,1249,0,3
1269,480,1247,0,3
1271,480,1249,0,3
1269,481,1247,0,3
1271,481,1249,0,3
1273,481,1251,0,3
1254,482,1276,2,0
1269,482,1247,0,3
1271,482,1249,0,3
1273,482,1251,0,3
1269,483,1247,0,3
1271,483,1249,0,3
1273,483,1251,0,3
20,484,21,1,0
64,484,65,2,1
108,484,109,2,1
240,484,241,2,1
1278,484,1300,3,0
1291,484,1269,0,3
1293,484,1271,0,3
1295,484,1273,0,3
1340,484,1341,2,1
1384,484,1385,2,1
1560,484,1561,2,1
1278,485,1300,3,0
1291,485,1269,0,3
1293,485,1271,0,3
1295,485,1273,0,3
1278,486,1300,3,0
1291,486,1269,0,3
1293,486,1271,0,3
1291,487,1269,0,3
1293,487,1271,0,3
1291,488,1269,0,3
1281,489,1259,0,3
520,490,498,0,3
1281,490,1259,0,3
1291,490,1269,0,3
1281,491,1259,0,3
1291,491,1269,0,3
1281,492,1259,0,3
1284,492,1262,0,3
1288,492,1310,3,0
1291,492,1269,0,3
1281,493,1259,0,3
1284,493,1262,0,3
1288,493,1310,3,0
1291,493,1269,0,3
1281,494,1259,0,3
1284,494,1262,0,3
1286,494,1264,0,3
1288,494,1310,3,0
1291,494,1269,0,3
1281,495,1259,0,3
1284,495,1262,0,3
1288,495,1310,3,0
1291,495,1269,0,3
1281,496,1259,0,3
1288,496,1310,3,0
1291,496,1269,0,3
1281,497,1259,0,3
1291,497,1269,0,3
6,498,7,1,0
50,498,51,2,1
94,498,95,2,1
138,498,139,2,1
182,498,183,2,1
226,498,227,2,1
270,498,271,2,1
314,498,315,2,1
358,498,359,2,1
402,498,403,2,1
446,498,447,2,1
1281,498,1259,0,3
1282,498,1283,2,1
1291,498,1269,0,3
1326,498,1327,2,1
1370,498,1371,2,1
1414,498,1415,2,1
1458,498,1459,2,1
1502,498,1503,2,1
1546,498,1547,2,1
1291,499,1269,0,3
1291,500,1269,0,3
1291,501,1269,0,3
1293,501,1271,0,3
1291,502,1269,0,3
1293,502,1271,0,3
1278,503,1300,3,0
1291,503,1269,0,3
1293,503,1271,0,3
1295,503,1273,0,3
1278,504,1300,3,0
1291,504,1269,0,3
1293,504,1271,0,3
1295,504,1273,0,3
1278,505,1300,3,0
1291,505,1269,0,3
1293,505,1271,0,3
1295,505,1273,0,3
20,506,21,1,0
64,506,65,2,1
108,506,109,2,1
240,506,241,2,1
1313,506,1291,0,3
1315,506,1293,0,3
1317,506,1295,0,3
1340,506,1341,2,1
1384,506,1385,2,1
1560,506,1561,2,1
1313,507,1291,0,3
1315,507,1293,0,3
1313,508,1291,0,3
1315,508,1293,0,3
1313,509,1291,0,3
1313,511,1291,0,3
1313,512,1291,0,3
1313,513,1291,0,3
1306,514,1284,0,3
1313,514,1291,0,3
1306,515,1284,0,3
1313,515,1291,0,3
1306,516,1284,0,3
1313,516,1291,0,3
1306,517,1284,0,3
1313,517,1291,0,3
1313,518,1291,0,3
1313,519,1291,0,3
6,520,7,1,0
50,520,51,2,1
94,520,95,2,1
138,520,139,2,1
182,520,183,2,1
226,520,227,2,1
270,520,271,2,1
314,520,315,2,1
358,520,359,2,1
402,520,403,2,1
446,520,447,2,1
490,520,491,2,1
1313,520,1291,0,3
1326,520,1327,2,1
1370,520,1371,2,1
1414,520,1415,2,1
1458,520,1459,2,1
1502,520,1503,2,1
1546,520,1547,2,1
1313,521,1291,0,3
1313,522,1291,0,3
1313,523,1291,0,3
1315,523,1293,0,3
1313,524,1291,0,3
1315,524,1293,0,3
1313,525,1291,0,3
1315,525,1293,0,3
1317,525,1295,0,3
1298,526,1320,2,0
1313,526,1291,0,3
1315,526,1293,0,3
1317,526,1295,0,3
1313,527,1291,0,3
1315,527,1293,0,3
1317,527,1295,0,3
1319,527,1341,3,0
20,528,21,1,0
64,528,65,2,1
108,528,109,2,1
240,528,241,2,1
1324,528,1302,0,3
1335,528,1313,0,3
1337,528,1315,0,3
1339,528,1317,0,3
1384,528,1385,2,1
1560,528,1561,2,1
1324,529,1302,0,3
1335,529,1313,0,3
1337,529,1315,0,3
1339,529,1317,0,3
1324,530,1302,0,3
1335,530,1313,0,3
1337,530,1315,0,3
1324,531,1302,0,3
1335,531,1313,0,3
1337,531,1315,0,3
1324,532,1302,0,3
1335,532,1313,0,3
1324,533,1302,0,3
564,534,542,0,3
1324,534,1302,0,3
1335,534,1313,0,3
1324,535,1302,0,3
1335,535,1313,0,3
1324,536,1302,0,3
1328,536,1306,0,3
1335,536,1313,0,3
1324,537,1302,0,3
1328,537,1306,0,3
1335,537,1313,0,3
1324,538,1302,0,3
1328,538,1306,0,3
1335,538,1313,0,3
1324,539,1302,0,3
1328,539,1306,0,3
1335,539,1313,0,3
1324,540,1302,0,3
1335,540,1313,0,3
1324,541,1302,0,3
1335,541,1313,0,3
6,542,7,1,0
50,542,51,2,1
94,542,95,2,1
138,542,139,2,1
182,542,183,2,1
226,542,227,2,1
270,542,271,2,1
314,542,315,2,1
358,542,359,2,1
402,542,403,2,1
446,542,447,2,1
490,542,491,2,1
1324,542,1302,0,3
1335,542,1313,0,3
1370,542,1371,2,1
1414,542,1415,2,1
1458,542,1459,2,1
1502,542,1503,2,1
1546,542,1547,2,1
1335,543,1313,0,3
1335,544,1313,0,3
1324,545,1302,0,3
1335,545,1313,0,3
1337,545,1315,0,3
1324,546,1302,0,3
1335,546,1313,0,3
1337,546,1315,0,3
1324,547,1302,0,3
1335,547,1313,0,3
1337,547,1315,0,3
1339,547,1317,0,3
1324,548,1302,0,3
1335,548,1313,0,3
1337,548,1315,0,3
1339,548,1317,0,3
1324,549,1302,0,3
1335,549,1313,0,3
1337,549,1315,0,3
1339,549,1317,0,3
1341,549,1363,3,0
20,550,21,1,0
64,550,65,2,1
108,550,109,2,1
240,550,241,2,1
1346,550,1324,0,3
1357,550,1335,0,3
1359,550,1337,0,3
1361,550,1339,0,3
1384,550,1385,2,1
1560,550,1561,2,1
1346,551,1324,0,3
1357,551,1335,0,3
1359,551,1337,0,3
1346,552,1324,0,3
1357,552,1335,0,3
1359,552,1337,0,3
1346,553,1324,0,3
1357,553,1335,0,3
1346,554,1324,0,3
1346,555,1324,0,3
1357,555,1335,0,3
1346,556,1324,0,3
1357,556,1335,0,3
1346,557,1324,0,3
1357,557,1335,0,3
1346,558,1324,0,3
1350,558,1328,0,3
1354,558,1332,0,3
1357,558,1335,0,3
1346,559,1324,0,3
1350,559,1328,0,3
1354,559,1332,0,3
1357,559,1335,0,3
1346,560,1324,0,3
1350,560,1328,0,3
1354,560,1332,0,3
1357,560,1335,0,3
1346,561,1324,0,3
1350,561,1328,0,3
1354,561,1332,0,3
1357,561,1335,0,3
1346,562,1324,0,3
1354,562,1332,0,3
1357,562,1335,0,3
1346,563,1324,0,3
1357,563,1335,0,3
6,564,7,1,0
50,564,51,2,1
94,564,95,2,1
138,564,139,2,1
182,564,183,2,1
226,564,227,2,1
270,564,271,2,1
314,564,315,2,1
358,564,359,2,1
402,564,403,2,1
446,564,447,2,1
490,564,491,2,1
534,564,535,2,1
1346,564,1324,0,3
1357,564,1335,0,3
1370,564,1371,2,1
1414,564,1415,2,1
1458,564,1459,2,1
1502,564,1503,2,1
1546,564,1547,2,1
1357,565,1335,0,3
1357,566,1335,0,3
1346,567,1324,0,3
1357,567,1335,0,3
1359,567,1337,0,3
1346,568,1324,0,3
1357,568,1335,0,3
1359,568,1337,0,3
1346,569,1324,0,3
1357,569,1335,0,3
1359,569,1337,0,3
1361,569,1339,0,3
1342,570,1364,2,0
1346,570,1324,0,3
1357,570,1335,0,3
1359,570,1337,0,3
1361,570,1339,0,3
1346,571,1324,0,3
1357,571,1335,0,3
1359,571,1337,0,3
1361,571,1339,0,3
1363,571,1341,0,3
20,572,21,1,0
64,572,65,2,1
108,572,109,2,1
240,572,241,2,1
1368,572,1346,0,3
1381,572,1359,0,3
1383,572,1361,0,3
1560,572,1561,2,1
1368,573,1346,0,3
1381,573,1359,0,3
1383,573,1361,0,3
1368,574,1346,0,3
1381,574,1359,0,3
1368,575,1346,0,3
1381,575,1359,0,3
1368,576,1346,0,3
1368,577,1346,0,3
1369,577,1347,0,3
608,578,586,0,3
1368,578,1346,0,3
1369,578,1347,0,3
1368,579,1346,0,3
1369,579,1347,0,3
1368,580,1346,0,3
1369,580,1347,0,3
1372,580,1350,0,3
1368,581,1346,0,3
1369,581,1347,0,3
1372,581,1350,0,3
1368,582,1346,0,3
1369,582,1347,0,3
1372,582,1350,0,3
1368,583,1346,0,3
1369,583,1347,0,3
1372,583,1350,0,3
1368,584,1346,0,3
1369,584,1347,0,3
1368,585,1346,0,3
1369,585,1347,0,3
6,586,7,1,0
50,586,51,2,1
94,586,95,2,1
138,586,139,2,1
182,586,183,2,1
226,586,227,2,1
270,586,271,2,1
314,586,315,2,1
358,586,359,2,1
402,586,403,2,1
446,586,447,2,1
490,586,491,2,1
534,586,535,2,1
1368,586,1346,0,3
1369,586,1347,0,3
1414,586,1415,2,1
1458,586,1459,2,1
1502,586,1503,2,1
1546,586,1547,2,1
1368,589,1346,0,3
1381,589,1359,0,3
1368,590,1346,0,3
1381,590,1359,0,3
1368,591,1346,0,3
1381,591,1359,0,3
1383,591,1361,0,3
1368,592,1346,0,3
1381,592,1359,0,3
1383,592,1361,0,3
1368,593,1346,0,3
1381,593,1359,0,3
1383,593,1361,0,3
1385,593,1363,0,3
20,594,21,1,0
64,594,65,2,1
108,594,109,2,1
240,594,241,2,1
1390,594,1368,0,3
1403,594,1381,0,3
1405,594,1383,0,3
1406,594,1384,0,3
1560,594,1561,2,1
1390,595,1368,0,3
1403,595,1381,0,3
1390,596,1368,0,3
1403,596,1381,0,3
1390,597,1368,0,3
1390,598,1368,0,3
1390,599,1368,0,3
1391,599,1369,0,3
1390,600,1368,0,3
1391,600,1369,0,3
1390,601,1368,0,3
1391,601,1369,0,3
1390,602,1368,0,3
1391,602,1369,0,3
1394,602,1372,0,3
1390,603,1368,0,3
1391,603,1369,0,3
1394,603,1372,0,3
1390,604,1368,0,3
1391,604,1369,0,3
1394,604,1372,0,3
1390,605,1368,0,3
1391,605,1369,0,3
1394,605,1372,0,3
1390,606,1368,0,3
1391,606,1369,0,3
1390,607,1368,0,3
1391,607,1369,0,3
6,608,7,1,0
50,608,51,2,1
94,608,95,2,1
138,608,139,2,1
182,608,183,2,1
226,608,227,2,1
270,608,271,2,1
314,608,315,2,1
358,608,359,2,1
402,608,403,2,1
446,608,447,2,1
490,608,491,2,1
534,608,535,2,1
578,608,579,2,1
1390,608,1368,0,3
1391,608,1369,0,3
1414,608,1415,2,1
1458,608,1459,2,1
1502,608,1503,2,1
1546,608,1547,2,1
1390,611,1368,0,3
1403,611,1381,0,3
1390,612,1368,0,3
1403,612,1381,0,3
1390,613,1368,0,3
1403,613,1381,0,3
1405,613,1383,0,3
1390,614,1368,0,3
1403,614,1381,0,3
1405,614,1383,0,3
1390,615,1368,0,3
1403,615,1381,0,3
1405,615,1383,0,3
1407,615,1385,0,3
20,616,21,1,0
64,616,65,2,1
108,616,109,2,1
240,616,241,2,1
1412,616,1390,0,3
1425,616,1403,0,3
1427,616,1405,0,3
1428,616,1429,2,1
1560,616,1561,2,1
1412,617,1390,0,3
1425,617,1403,0,3
1427,617,1405,0,3
1412,618,1390,0,3
1425,618,1403,0,3
1412,619,1390,0,3
1425,619,1403,0,3
1412,620,1390,0,3
1412,621,1390,0,3
652,622,630,0,3
1412,622,1390,0,3
1412,623,1390,0,3
1412,624,1390,0,3
1416,624,1394,0,3
1412,625,1390,0,3
1416,625,1394,0,3
1412,626,1390,0,3
1416,626,1394,0,3
1412,627,1390,0,3
1416,627,1394,0,3
1412,628,1390,0,3
1412,629,1390,0,3
6,630,7,1,0
50,630,51,2,1
94,630,95,2,1
138,630,139,2,1
182,630,183,2,1
226,630,227,2,1
270,630,271,2,1
314,630,315,2,1
358,630,359,2,1
402,630,403,2,1
446,630,447,2,1
490,630,491,2,1
534,630,535,2,1
578,630,579,2,1
1412,630,1390,0,3
1458,630,1459,2,1
1502,630,1503,2,1
1546,630,1547,2,1
1412,633,1390,0,3
1425,633,1403,0,3
1412,634,1390,0,3
1425,634,1403,0,3
1412,635,1390,0,3
1425,635,1403,0,3
1427,635,1405,0,3
1412,636,1390,0,3
1425,636,1403,0,3
1427,636,1405,0,3
1428,636,1406,0,3
1412,637,1390,0,3
1425,637,1403,0,3
1427,637,1405,0,3
1428,637,1406,0,3
1429,637,1407,0,3
20,638,21,1,0
64,638,65,2,1
108,638,109,2,1
240,638,241,2,1
1428,638,1429,2,1
1434,638,1412,0,3
1447,638,1425,0,3
1449,638,1427,0,3
1560,638,1561,2,1
1434,639,1412,0,3
1447,639,1425,0,3
1434,640,1412,0,3
1447,640,1425,0,3
1434,641,1412,0,3
1434,642,1412,0,3
1434,643,1412,0,3
1434,644,1412,0,3
1434,645,1412,0,3
1434,646,1412,0,3
1438,646,1416,0,3
1434,647,1412,0,3
1438,647,1416,0,3
1434,648,1412,0,3
1438,648,1416,0,3
1434,649,1412,0,3
1438,649,1416,0,3
1434,650,1412,0,3
1434,651,1412,0,3
6,652,7,1,0
50,652,51,2,1
94,652,95,2,1
138,652,139,2,1
182,652,183,2,1
226,652,227,2,1
270,652,271,2,1
314,652,315,2,1
358,652,359,2,1
402,652,403,2,1
446,652,447,2,1
490,652,491,2,1
534,652,535,2,1
578,652,579,2,1
622,652,623,2,1
1434,652,1412,0,3
1458,652,1459,2,1
1502,652,1503,2,1
1546,652,1547,2,1
1434,655,1412,0,3
1447,655,1425,0,3
1434,656,1412,0,3
1447,656,1425,0,3
1434,657,1412,0,3
1447,657,1425,0,3
1449,657,1427,0,3
1430,658,1452,2,0
1434,658,1412,0,3
1447,658,1425,0,3
1449,658,1427,0,3
1450,658,1472,3,0
1434,659,1412,0,3
1447,659,1425,0,3
1449,659,1427,0,3
1450,659,1472,3,0
1451,659,1429,0,3
20,660,21,1,0
64,660,65,2,1
108,660,109,2,1
240,660,241,2,1
1428,660,1429,2,1
1453,660,1431,0,3
1455,660,1477,3,0
1456,660,1434,0,3
1469,660,1447,0,3
1471,660,1449,0,3
1472,660,1473,2,1
1560,660,1561,2,1
1453,661,1431,0,3
1455,661,1477,3,0
1456,661,1434,0,3
1469,661,1447,0,3
1471,661,1449,0,3
1455,662,1477,3,0
1456,662,1434,0,3
1469,662,1447,0,3
1455,663,1477,3,0
1456,663,1434,0,3
1469,663,1447,0,3
1456,664,1434,0,3
1456,665,1434,0,3
696,666,674,0,3
1456,666,1434,0,3
1456,667,1434,0,3
1456,668,1434,0,3
1460,668,1438,0,3
1464,668,1442,0,3
1456,669,1434,0,3
1460,669,1438,0,3
1461,669,1439,0,3
1463,669,1441,0,3
1464,669,1442,0,3
1456,670,1434,0,3
1460,670,1438,0,3
1461,670,1439,0,3
1463,670,1441,0,3
1464,670,1442,0,3
1456,671,1434,0,3
1460,671,1438,0,3
1463,671,1441,0,3
1464,671,1442,0,3
1456,672,1434,0,3
1464,672,1442,0,3
1456,673,1434,0,3
6,674,7,1,0
50,674,51,2,1
94,674,95,2,1
138,674,139,2,1
182,674,183,2,1
226,674,227,2,1
270,674,271,2,1
314,674,315,2,1
358,674,359,2,1
402,674,403,2,1
446,674,447,2,1
490,674,491,2,1
534,674,535,2,1
578,674,579,2,1
622,674,623,2,1
1456,674,1434,0,3
1502,674,1503,2,1
1546,674,1547,2,1
1456,677,1434,0,3
1469,677,1447,0,3
1455,678,1477,3,0
1456,678,1434,0,3
1469,678,1447,0,3
1455,679,1477,3,0
1456,679,1434,0,3
1469,679,1447,0,3
1471,679,1449,0,3
1453,680,1431,0,3
1455,680,1477,3,0
1456,680,1434,0,3
1469,680,1447,0,3
1471,680,1449,0,3
1472,680,1494,3,0
1453,681,1431,0,3
1455,681,1477,3,0
1456,681,1434,0,3
1469,681,1447,0,3
1471,681,1449,0,3
1472,681,1494,3,0
1473,681,1451,0,3
20,682,21,1,0
64,682,65,2,1
108,682,109,2,1
240,682,241,2,1
1428,682,1429,2,1
1472,682,1473,2,1
1475,682,1453,0,3
1477,682,1499,3,0
1478,682,1456,0,3
1491,682,1469,0,3
1493,682,1471,0,3
1560,682,1561,2,1
1475,683,1453,0,3
1477,683,1499,3,0
1478,683,1456,0,3
1491,683,1469,0,3
1477,684,1499,3,0
1478,684,1456,0,3
1491,684,1469,0,3
1477,685,1499,3,0
1478,685,1456,0,3
1478,686,1456,0,3
1478,687,1456,0,3
1478,688,1456,0,3
1478,689,1456,0,3
1478,690,1456,0,3
1482,690,1460,0,3
1486,690,1464,0,3
1478,691,1456,0,3
1482,691,1460,0,3
1483,691,1461,0,3
1485,691,1463,0,3
1486,691,1464,0,3
1478,692,1456,0,3
1482,692,1460,0,3
1483,692,1461,0,3
1485,692,1463,0,3
1486,692,1464,0,3
1478,693,1456,0,3
1482,693,1460,0,3
1485,693,1463,0,3
1486,693,1464,0,3
1478,694,1456,0,3
1486,694,1464,0,3
1478,695,1456,0,3
6,696,7,1,0
50,696,51,2,1
94,696,95,2,1
138,696,139,2,1
182,696,183,2,1
226,696,227,2,1
270,696,271,2,1
314,696,315,2,1
358,696,359,2,1
402,696,403,2,1
446,696,447,2,1
490,696,491,2,1
534,696,535,2,1
578,696,579,2,1
622,696,623,2,1
666,696,667,2,1
1478,696,1456,0,3
1502,696,1503,2,1
1546,696,1547,2,1
1478,699,1456,0,3
1491,699,1469,0,3
1477,700,1499,3,0
1478,700,1456,0,3
1491,700,1469,0,3
1477,701,1499,3,0
1478,701,1456,0,3
1491,701,1469,0,3
1493,701,1471,0,3
1475,702,1453,0,3
1477,702,1499,3,0
1478,702,1456,0,3
1491,702,1469,0,3
1493,702,1471,0,3
1475,703,1453,0,3
1477,703,1499,3,0
1478,703,1456,0,3
1491,703,1469,0,3
1493,703,1471,0,3
20,704,21,1,0
64,704,65,2,1
108,704,109,2,1
240,704,241,2,1
1428,704,1429,2,1
1472,704,1473,2,1
1497,704,1475,0,3
1499,704,1521,3,0
1500,704,1478,0,3
1513,704,1491,0,3
1515,704,1493,0,3
1560,704,1561,2,1
1497,705,1475,0,3
1499,705,1521,3,0
1500,705,1478,0,3
1513,705,1491,0,3
1515,705,1493,0,3
1499,706,1521,3,0
1500,706,1478,0,3
1513,706,1491,0,3
1499,707,1521,3,0
1500,707,1478,0,3
1513,707,1491,0,3
1500,708,1478,0,3
1500,709,1478,0,3
740,710,718,0,3
1500,710,1478,0,3
1500,711,1478,0,3
1509,711,1487,0,3
1500,712,1478,0,3
1504,712,1482,0,3
1509,712,1487,0,3
1500,713,1478,0,3
1504,713,1482,0,3
1505,713,1483,0,3
1507,713,1485,0,3
1509,713,1487,0,3
1500,714,1478,0,3
1504,714,1482,0,3
1505,714,1483,0,3
1507,714,1485,0,3
1509,714,1487,0,3
1500,715,1478,0,3
1504,715,1482,0,3
1507,715,1485,0,3
1509,715,1487,0,3
1500,716,1478,0,3
1509,716,1487,0,3
1500,717,1478,0,3
1509,717,1487,0,3
6,718,7,1,0
50,718,51,2,1
94,718,95,2,1
138,718,139,2,1
182,718,183,2,1
226,718,227,2,1
270,718,271,2,1
314,718,315,2,1
358,718,359,2,1
402,718,403,2,1
446,718,447,2,1
490,718,491,2,1
534,718,535,2,1
578,718,579,2,1
622,718,623,2,1
666,718,667,2,1
1500,718,1478,0,3
1502,718,1503,2,1
1546,718,1547,2,1
1500,721,1478,0,3
1513,721,1491,0,3
1499,722,1521,3,0
1500,722,1478,0,3
1513,722,1491,0,3
1499,723,1521,3,0
1500,723,1478,0,3
1513,723,1491,0,3
1515,723,1493,0,3
1497,724,1475,0,3
1499,724,1521,3,0
1500,724,1478,0,3
1513,724,1491,0,3
1515,724,1493,0,3
1516,724,1538,3,0
1497,725,1475,0,3
1499,725,1521,3,0
1500,725,1478,0,3
1513,725,1491,0,3
1515,725,1493,0,3
1516,725,1538,3,0
1517,725,1539,3,0
20,726,21,1,0
64,726,65,2,1
108,726,109,2,1
240,726,241,2,1
1428,726,1429,2,1
1472,726,1473,2,1
1518,726,1540,2,0
1519,726,1497,0,3
1521,726,1543,3,0
1533,726,1511,0,3
1534,726,1556,3,0
1535,726,1513,0,3
1538,726,1516,0,3
1560,726,1561,2,1
1519,727,1497,0,3
1521,727,1543,3,0
1533,727,1511,0,3
1534,727,1556,3,0
1535,727,1513,0,3
1521,728,1543,3,0
1533,728,1511,0,3
1534,728,1556,3,0
1535,728,1513,0,3
1521,729,1543,3,0
1533,729,1511,0,3
1534,729,1556,3,0
1523,731,1501,0,3
1533,731,1511,0,3
1523,732,1501,0,3
1532,732,1510,0,3
1533,732,1511,0,3
1523,733,1501,0,3
1525,733,1547,3,0
1531,733,1509,0,3
1532,733,1510,0,3
1533,733,1511,0,3
1523,734,1501,0,3
1525,734,1547,3,0
1531,734,1509,0,3
1532,734,1510,0,3
1533,734,1511,0,3
1523,735,1501,0,3
1525,735,1547,3,0
1527,735,1505,0,3
1529,735,1507,0,3
1531,735,1509,0,3
1532,735,1510,0,3
1533,735,1511,0,3
1523,736,1501,0,3
1525,736,1547,3,0
1527,736,1505,0,3
1529,736,1507,0,3
1531,736,1509,0,3
1532,736,1510,0,3
1533,736,1511,0,3
1523,737,1501,0,3
1525,737,1547,3,0
1529,737,1507,0,3
1531,737,1509,0,3
1532,737,1510,0,3
1533,737,1511,0,3
1523,738,1501,0,3
1525,738,1547,3,0
1531,738,1509,0,3
1532,738,1510,0,3
1533,738,1511,0,3
1523,739,1501,0,3
1531,739,1509,0,3
1532,739,1510,0,3
1533,739,1511,0,3
6,740,7,1,0
50,740,51,2,1
94,740,95,2,1
138,740,139,2,1
182,740,183,2,1
226,740,227,2,1
270,740,271,2,1
314,740,315,2,1
358,740,359,2,1
402,740,403,2,1
446,740,447,2,1
490,740,491,2,1
534,740,535,2,1
578,740,579,2,1
622,740,623,2,1
666,740,667,2,1
710,740,711,2,1
1523,740,1501,0,3
1532,740,1510,0,3
1533,740,1511,0,3
1546,740,1547,2,1
1533,741,1511,0,3
1533,742,1511,0,3
1534,742,1556,3,0
1533,743,1511,0,3
1534,743,1556,3,0
1535,743,1513,0,3
1521,744,1543,3,0
1533,744,1511,0,3
1534,744,1556,3,0
1535,744,1513,0,3
1521,745,1543,3,0
1533,745,1511,0,3
1534,745,1556,3,0
1535,745,1513,0,3
1518,746,1540,2,0
1519,746,1497,0,3
1521,746,1543,3,0
1533,746,1511,0,3
1534,746,1556,3,0
1535,746,1513,0,3
1518,747,1540,2,0
1519,747,1497,0,3
1521,747,1543,3,0
1533,747,1511,0,3
1534,747,1556,3,0
1535,747,1513,0,3
20,748,21,1,0
64,748,65,2,1
108,748,109,2,1
240,748,241,2,1
1428,748,1429,2,1
1472,748,1473,2,1
1541,748,1519,0,3
1542,748,1564,3,0
1555,748,1533,0,3
1557,748,1535,0,3
1541,749,1519,0,3
1542,749,1564,3,0
1555,749,1533,0,3
1557,749,1535,0,3
1542,750,1564,3,0
1555,750,1533,0,3
1557,750,1535,0,3
1555,751,1533,0,3
1557,751,1535,0,3
1555,752,1533,0,3
784,754,762,0,3
1554,754,1532,0,3
1555,754,1533,0,3
1547,755,1569,3,0
1553,755,1531,0,3
1554,755,1532,0,3
1555,755,1533,0,3
1547,756,1569,3,0
1553,756,1531,0,3
1554,756,1532,0,3
1555,756,1533,0,3
1547,757,1569,3,0
1549,757,1527,0,3
1551,757,1529,0,3
1553,757,1531,0,3
1554,757,1532,0,3
1555,757,1533,0,3
1547,758,1569,3,0
1549,758,1527,0,3
1550,758,1528,0,3
1551,758,1529,0,3
1553,758,1531,0,3
1554,758,1532,0,3
1555,758,1533,0,3
1547,759,1569,3,0
1551,759,1529,0,3
1553,759,1531,0,3
1554,759,1532,0,3
1555,759,1533,0,3
1547,760,1569,3,0
1553,760,1531,0,3
1554,760,1532,0,3
1555,760,1533,0,3
1553,761,1531,0,3
1554,761,1532,0,3
1555,761,1533,0,3
6,762,7,1,0
50,762,51,2,1
94,762,95,2,1
138,762,139,2,1
182,762,183,2,1
226,762,227,2,1
270,762,271,2,1
314,762,315,2,1
358,762,359,2,1
402,762,403,2,1
446,762,447,2,1
490,762,491,2,1
534,762,535,2,1
578,762,579,2,1
622,762,623,2,1
666,762,667,2,1
710,762,711,2,1
1546,762,1547,2,1
1554,762,1532,0,3
1555,762,1533,0,3
1555,763,1533,0,3
1555,764,1533,0,3
1555,765,1533,0,3
1557,765,1535,0,3
1555,766,1533,0,3
1557,766,1535,0,3
1542,767,1564,3,0
1555,767,1533,0,3
1557,767,1535,0,3
1541,768,1519,0,3
1542,768,1564,3,0
1555,768,1533,0,3
1557,768,1535,0,3
1560,768,1582,3,0
1541,769,1519,0,3
1542,769,1564,3,0
1555,769,1533,0,3
1557,769,1535,0,3
1560,769,1582,3,0
20,770,21,1,0
64,770,65,2,1
108,770,109,2,1
240,770,241,2,1
1428,770,1429,2,1
1472,770,1473,2,1
1563,770,1541,0,3
1564,770,2,3,3
1565,770,3,3,3
1579,770,1557,0,3
1582,770,1560,0,3
1563,771,1541,0,3
1564,771,2,3,3
1565,771,3,3,3
1579,771,1557,0,3
1564,772,2,3,3
1565,772,3,3,3
1579,772,1557,0,3
1565,773,3,3,3
1576,776,1554,0,3
1569,777,7,3,3
1575,777,1553,0,3
1576,777,1554,0,3
1569,778,7,3,3
1574,778,1552,0,3
1575,778,1553,0,3
1576,778,1554,0,3
1569,779,7,3,3
1571,779,1549,0,3
1573,779,1551,0,3
1574,779,1552,0,3
1575,779,1553,0,3
1576,779,1554,0,3
1569,780,7,3,3
1571,780,1549,0,3
1572,780,1550,0,3
1573,780,1551,0,3
1574,780,1552,0,3
1575,780,1553,0,3
1576,780,1554,0,3
1569,781,7,3,3
1573,781,1551,0,3
1574,781,1552,0,3
1575,781,1553,0,3
1576,781,1554,0,3
1569,782,7,3,3
1574,782,1552,0,3
1575,782,1553,0,3
1576,782,1554,0,3
1575,783,1553,0,3
1576,783,1554,0,3
6,784,7,1,0
50,784,51,2,1
94,784,95,2,1
138,784,139,2,1
182,784,183,2,1
226,784,227,2,1
270,784,271,2,1
314,784,315,2,1
358,784,359,2,1
402,784,403,2,1
446,784,447,2,1
490,784,491,2,1
534,784,535,2,1
578,784,579,2,1
622,784,623,2,1
666,784,667,2,1
710,784,711,2,1
754,784,755,2,1
1576,784,1554,0,3
1579,787,1557,0,3
1565,788,3,3,3
1579,788,1557,0,3
1564,789,2,3,3
1565,789,3,3,3
1579,789,1557,0,3
1562,790,0,2,3
1563,790,1541,0,3
1564,790,2,3,3
1565,790,3,3,3
1579,790,1557,0,3
1582,790,20,3,3
1563,791,1541,0,3
1564,791,2,3,3
1565,791,3,3,3
1579,791,1557,0,3
1582,791,20,3,3
1583,791,21,3,3
0,792,22,1,0
1,792,1563,3,3
17,792,1579,3,3
19,792,41,2,0
64,792,65,2,1
108,792,109,2,1
240,792,241,2,1
1428,792,1429,2,1
1472,792,1473,2,1
1,793,1563,3,3
17,793,1579,3,3
19,793,41,2,0
17,794,1579,3,3
17,795,1579,3,3
5,797,1567,3,3
5,798,1567,3,3
14,798,1576,3,3
828,798,806,0,3
5,799,1567,3,3
7,799,29,2,0
13,799,1575,3,3
14,799,1576,3,3
5,800,1567,3,3
7,800,29,2,0
12,800,1574,3,3
13,800,1575,3,3
14,800,1576,3,3
5,801,1567,3,3
7,801,29,2,0
11,801,1573,3,3
12,801,1574,3,3
13,801,1575,3,3
14,801,1576,3,3
5,802,1567,3,3
7,802,29,2,0
10,802,1572,3,3
11,802,1573,3,3
12,802,1574,3,3
13,802,1575,3,3
14,802,1576,3,3
5,803,1567,3,3
7,803,29,2,0
11,803,1573,3,3
12,803,1574,3,3
13,803,1575,3,3
14,803,1576,3,3
5,804,1567,3,3
7,804,29,2,0
12,804,1574,3,3
13,804,1575,3,3
14,804,1576,3,3
5,805,1567,3,3
13,805,1575,3,3
14,805,1576,3,3
5,806,1567,3,3
6,806,7,1,0
14,806,1576,3,3
50,806,51,2,1
94,806,95,2,1
138,806,139,2,1
182,806,183,2,1
226,806,227,2,1
270,806,271,2,1
314,806,315,2,1
358,806,359,2,1
402,806,403,2,1
446,806,447,2,1
490,806,491,2,1
534,806,535,2,1
578,806,579,2,1
622,806,623,2,1
666,806,667,2,1
710,806,711,2,1
754,806,755,2,1
17,809,1579,3,3
17,810,1579,3,3
17,811,1579,3,3
19,811,41,2,0
0,812,22,1,0
1,812,1563,3,3
17,812,1579,3,3
19,812,41,2,0
0,813,22,1,0
1,813,1563,3,3
17,813,1579,3,3
19,813,41,2,0
21,813,43,2,0
22,814,44,2,0
23,814,1,0,2
39,814,17,0,2
41,814,63,3,0
64,814,65,2,1
108,814,109,2,1
240,814,241,2,1
1428,814,1429,2,1
1472,814,1473,2,1
23,815,1,0,2
39,815,17,0,2
39,816,17,0,2
27,819,5,0,2
27,820,5,0,2
36,820,14,0,2
27,821,5,0,2
29,821,51,3,0
35,821,13,0,2
36,821,14,0,2
27,822,5,0,2
29,822,51,3,0
30,822,52,3,0
34,822,12,0,2
35,822,13,0,2
36,822,14,0,2
27,823,5,0,2
29,823,51,3,0
30,823,52,3,0
31,823,53,3,0
34,823,12,0,2
35,823,13,0,2
36,823,14,0,2
27,824,5,0,2
29,824,51,3,0
30,824,52,3,0
31,824,53,3,0
34,824,12,0,2
35,824,13,0,2
36,824,14,0,2
27,825,5,0,2
29,825,51,3,0
30,825,52,3,0
34,825,12,0,2
35,825,13,0,2
36,825,14,0,2
27,826,5,0,2
29,826,51,3,0
34,826,12,0,2
35,826,13,0,2
36,826,14,0,2
27,827,5,0,2
35,827,13,0,2
36,827,14,0,2
27,828,5,0,2
36,828,14,0,2
50,828,51,2,1
94,828,95,2,1
138,828,139,2,1
182,828,183,2,1
226,828,227,2,1
270,828,271,2,1
314,828,315,2,1
358,828,359,2,1
402,828,403,2,1
446,828,447,2,1
490,828,491,2,1
534,828,535,2,1
578,828,579,2,1
622,828,623,2,1
666,828,667,2,1
710,828,711,2,1
754,828,755,2,1
798,828,799,2,1
39,831,17,0,2
39,832,17,0,2
39,833,17,0,2
41,833,63,3,0
22,834,44,2,0
23,834,1,0,2
39,834,17,0,2
41,834,63,3,0
42,834,64,3,0
22,835,44,2,0
23,835,1,0,2
39,835,17,0,2
41,835,63,3,0
42,835,64,3,0
43,835,65,3,0
44,836,66,2,0
45,836,23,0,3
61,836,39,0,3
62,836,40,0,3
63,836,85,3,0
64,836,65,2,1
108,836,109,2,1
240,836,241,2,1
1428,836,1429,2,1
1472,836,1473,2,1
45,837,23,0,3
61,837,39,0,3
62,837,40,0,3
63,837,85,3,0
61,838,39,0,3
62,838,40,0,3
61,839,39,0,3
49,841,27,0,3
49,842,27,0,3
58,842,36,0,3
872,842,850,0,3
49,843,27,0,3
51,843,73,3,0
57,843,35,0,3
58,843,36,0,3
49,844,27,0,3
51,844,73,3,0
52,844,74,3,0
56,844,34,0,3
57,844,35,0,3
58,844,36,0,3
49,845,27,0,3
51,845,73,3,0
52,845,74,3,0
56,845,34,0,3
57,845,35,0,3
58,845,36,0,3
49,846,27,0,3
51,846,73,3,0
52,846,74,3,0
56,846,34,0,3
57,846,35,0,3
58,846,36,0,3
49,847,27,0,3
51,847,73,3,0
52,847,74,3,0
56,847,34,0,3
57,847,35,0,3
58,847,36,0,3
49,848,27,0,3
51,848,73,3,0
56,848,34,0,3
57,848,35,0,3
58,848,36,0,3
49,849,27,0,3
57,849,35,0,3
58,849,36,0,3
49,850,27,0,3
50,850,51,2,1
58,850,36,0,3
94,850,95,2,1
138,850,139,2,1
182,850,183,2,1
226,850,227,2,1
270,850,271,2,1
314,850,315,2,1
358,850,359,2,1
402,850,403,2,1
446,850,447,2,1
490,850,491,2,1
534,850,535,2,1
578,850,579,2,1
622,850,623,2,1
666,850,667,2,1
710,850,711,2,1
754,850,755,2,1
798,850,799,2,1
61,853,39,0,3
61,854,39,0,3
62,854,40,0,3
61,855,39,0,3
62,855,40,0,3
63,855,85,3,0
44,856,66,2,0
45,856,23,0,3
61,856,39,0,3
62,856,40,0,3
63,856,85,3,0
64,856,42,0,3
44,857,66,2,0
45,857,23,0,3
61,857,39,0,3
62,857,40,0,3
63,857,85,3,0
64,857,42,0,3
65,857,87,3,0
64,858,65,2,1
66,858,88,2,0
67,858,45,0,3
68,858,90,3,0
81,858,59,0,3
83,858,61,0,3
85,858,107,3,0
108,858,109,2,1
240,858,241,2,1
1428,858,1429,2,1
1472,858,1473,2,1
67,859,45,0,3
68,859,90,3,0
81,859,59,0,3
83,859,61,0,3
68,860,90,3,0
81,860,59,0,3
83,860,61,0,3
81,861,59,0,3
71,863,49,0,3
81,863,59,0,3
71,864,49,0,3
80,864,58,0,3
81,864,59,0,3
71,865,49,0,3
80,865,58,0,3
81,865,59,0,3
71,866,49,0,3
74,866,96,3,0
78,866,56,0,3
80,866,58,0,3
81,866,59,0,3
71,867,49,0,3
74,867,96,3,0
78,867,56,0,3
80,867,58,0,3
81,867,59,0,3
71,868,49,0,3
74,868,96,3,0
76,868,98,3,0
78,868,56,0,3
80,868,58,0,3
81,868,59,0,3
71,869,49,0,3
74,869,96,3,0
78,869,56,0,3
80,869,58,0,3
81,869,59,0,3
71,870,49,0,3
78,870,56,0,3
80,870,58,0,3
81,870,59,0,3
71,871,49,0,3
80,871,58,0,3
81,871,59,0,3
71,872,49,0,3
80,872,58,0,3
81,872,59,0,3
94,872,95,2,1
138,872,139,2,1
182,872,183,2,1
226,872,227,2,1
270,872,271,2,1
314,872,315,2,1
358,872,359,2,1
402,872,403,2,1
446,872,447,2,1
490,872,491,2,1
534,872,535,2,1
578,872,579,2,1
622,872,623,2,1
666,872,667,2,1
710,872,711,2,1
754,872,755,2,1
798,872,799,2,1
842,872,843,2,1
81,873,59,0,3
81,874,59,0,3
81,875,59,0,3
83,875,61,0,3
81,876,59,0,3
83,876,61,0,3
68,877,90,3,0
81,877,59,0,3
83,877,61,0,3
85,877,107,3,0
66,878,88,2,0
67,878,45,0,3
68,878,90,3,0
81,878,59,0,3
83,878,61,0,3
85,878,107,3,0
86,878,64,0,3
66,879,88,2,0
67,879,45,0,3
68,879,90,3,0
81,879,59,0,3
83,879,61,0,3
85,879,107,3,0
86,879,64,0,3
87,879,109,3,0
64,880,65,2,1
89,880,67,0,3
90,880,112,3,0
103,880,81,0,3
105,880,83,0,3
107,880,129,3,0
108,880,109,2,1
240,880,241,2,1
1428,880,1429,2,1
1472,880,1473,2,1
89,881,67,0,3
90,881,112,3,0
103,881,81,0,3
105,881,83,0,3
107,881,129,3,0
90,882,112,3,0
103,882,81,0,3
105,882,83,0,3
103,883,81,0,3
105,883,83,0,3
103,884,81,0,3
102,886,80,0,3
103,886,81,0,3
916,886,894,0,3
102,887,80,0,3
103,887,81,0,3
96,888,118,3,0
100,888,122,3,0
102,888,80,0,3
103,888,81,0,3
96,889,118,3,0
100,889,122,3,0
102,889,80,0,3
103,889,81,0,3
96,890,118,3,0
98,890,120,3,0
100,890,122,3,0
102,890,80,0,3
103,890,81,0,3
96,891,118,3,0
100,891,122,3,0
102,891,80,0,3
103,891,81,0,3
100,892,122,3,0
102,892,80,0,3
103,892,81,0,3
102,893,80,0,3
103,893,81,0,3
94,894,95,2,1
102,894,80,0,3
103,894,81,0,3
138,894,139,2,1
182,894,183,2,1
226,894,227,2,1
270,894,271,2,1
314,894,315,2,1
358,894,359,2,1
402,894,403,2,1
446,894,447,2,1
490,894,491,2,1
534,894,535,2,1
578,894,579,2,1
622,894,623,2,1
666,894,667,2,1
710,894,711,2,1
754,894,755,2,1
798,894,799,2,1
842,894,843,2,1
103,895,81,0,3
103,896,81,0,3
103,897,81,0,3
105,897,83,0,3
103,898,81,0,3
105,898,83,0,3
90,899,112,3,0
103,899,81,0,3
105,899,83,0,3
107,899,129,3,0
89,900,67,0,3
90,900,112,3,0
103,900,81,0,3
105,900,83,0,3
107,900,129,3,0
89,901,67,0,3
90,901,112,3,0
103,901,81,0,3
105,901,83,0,3
107,901,129,3,0
64,902,65,2,1
108,902,109,2,1
112,902,134,3,0
127,902,105,0,3
130,902,108,0,3
240,902,241,2,1
1428,902,1429,2,1
1472,902,1473,2,1
112,903,134,3,0
127,903,105,0,3
112,904,134,3,0
127,904,105,0,3
115,907,93,0,3
115,908,93,0,3
116,908,138,3,0
124,908,102,0,3
115,909,93,0,3
116,909,138,3,0
124,909,102,0,3
115,910,93,0,3
116,910,138,3,0
118,910,140,3,0
122,910,144,3,0
124,910,102,0,3
115,911,93,0,3
116,911,138,3,0
118,911,140,3,0
122,911,144,3,0
124,911,102,0,3
115,912,93,0,3
116,912,138,3,0
118,912,140,3,0
120,912,142,3,0
122,912,144,3,0
124,912,102,0,3
115,913,93,0,3
116,913,138,3,0
118,913,140,3,0
122,913,144,3,0
124,913,102,0,3
115,914,93,0,3
116,914,138,3,0
122,914,144,3,0
124,914,102,0,3
115,915,93,0,3
116,915,138,3,0
124,915,102,0,3
115,916,93,0,3
124,916,102,0,3
138,916,139,2,1
182,916,183,2,1
226,916,227,2,1
270,916,271,2,1
314,916,315,2,1
358,916,359,2,1
402,916,403,2,1
446,916,447,2,1
490,916,491,2,1
534,916,535,2,1
578,916,579,2,1
622,916,623,2,1
666,916,667,2,1
710,916,711,2,1
754,916,755,2,1
798,916,799,2,1
842,916,843,2,1
886,916,887,2,1
127,919,105,0,3
127,920,105,0,3
112,921,134,3,0
127,921,105,0,3
112,922,134,3,0
127,922,105,0,3
130,922,108,0,3
112,923,134,3,0
127,923,105,0,3
130,923,108,0,3
64,924,65,2,1
108,924,109,2,1
149,924,127,0,3
240,924,241,2,1
1428,924,1429,2,1
1472,924,1473,2,1
149,925,127,0,3
149,926,127,0,3
149,927,127,0,3
137,929,115,0,3
137,930,115,0,3
146,930,124,0,3
960,930,938,0,3
137,931,115,0,3
146,931,124,0,3
137,932,115,0,3
140,932,162,3,0
146,932,124,0,3
137,933,115,0,3
140,933,162,3,0
146,933,124,0,3
137,934,115,0,3
140,934,162,3,0
142,934,164,3,0
146,934,124,0,3
137,935,115,0,3
140,935,162,3,0
146,935,124,0,3
137,936,115,0,3
146,936,124,0,3
137,937,115,0,3
146,937,124,0,3
137,938,115,0,3
138,938,139,2,1
146,938,124,0,3
182,938,183,2,1
226,938,227,2,1
270,938,271,2,1
314,938,315,2,1
358,938,359,2,1
402,938,403,2,1
446,938,447,2,1
490,938,491,2,1
534,938,535,2,1
578,938,579,2,1
622,938,623,2,1
666,938,667,2,1
710,938,711,2,1
754,938,755,2,1
798,938,799,2,1
842,938,843,2,1
886,938,887,2,1
149,941,127,0,3
149,942,127,0,3
149,943,127,0,3
149,944,127,0,3
152,944,130,0,3
149,945,127,0,3
152,945,130,0,3
64,946,65,2,1
108,946,109,2,1
152,946,153,2,1
156,946,178,3,0
169,946,191,3,0
171,946,149,0,3
240,946,241,2,1
1428,946,1429,2,1
1472,946,1473,2,1
156,947,178,3,0
169,947,191,3,0
171,947,149,0,3
156,948,178,3,0
169,948,191,3,0
171,948,149,0,3
169,949,191,3,0
159,951,137,0,3
169,951,191,3,0
159,952,137,0,3
160,952,182,3,0
168,952,146,0,3
169,952,191,3,0
159,953,137,0,3
160,953,182,3,0
168,953,146,0,3
169,953,191,3,0
159,954,137,0,3
160,954,182,3,0
162,954,184,3,0
168,954,146,0,3
169,954,191,3,0
159,955,137,0,3
160,955,182,3,0
162,955,184,3,0
168,955,146,0,3
169,955,191,3,0
159,956,137,0,3
160,956,182,3,0
162,956,184,3,0
164,956,186,3,0
168,956,146,0,3
169,956,191,3,0
159,957,137,0,3
160,957,182,3,0
162,957,184,3,0
168,957,146,0,3
169,957,191,3,0
159,958,137,0,3
160,958,182,3,0
168,958,146,0,3
169,958,191,3,0
159,959,137,0,3
160,959,182,3,0
168,959,146,0,3
169,959,191,3,0
159,960,137,0,3
168,960,146,0,3
169,960,191,3,0
182,960,183,2,1
226,960,227,2,1
270,960,271,2,1
314,960,315,2,1
358,960,359,2,1
402,960,403,2,1
446,960,447,2,1
490,960,491,2,1
534,960,535,2,1
578,960,579,2,1
622,960,623,2,1
666,960,667,2,1
710,960,711,2,1
754,960,755,2,1
798,960,799,2,1
842,960,843,2,1
886,960,887,2,1
930,960,931,2,1
169,961,191,3,0
169,962,191,3,0
169,963,191,3,0
171,963,149,0,3
169,964,191,3,0
171,964,149,0,3
156,965,178,3,0
169,965,191,3,0
171,965,149,0,3
156,966,178,3,0
169,966,191,3,0
171,966,149,0,3
156,967,178,3,0
169,967,191,3,0
171,967,149,0,3
64,968,65,2,1
108,968,109,2,1
152,968,153,2,1
178,968,200,3,0
179,968,157,0,3
191,968,213,3,0
193,968,171,0,3
240,968,241,2,1
1428,968,1429,2,1
1472,968,1473,2,1
178,969,200,3,0
179,969,157,0,3
191,969,213,3,0
193,969,171,0,3
178,970,200,3,0
179,970,157,0,3
191,970,213,3,0
193,970,171,0,3
179,971,157,0,3
191,971,213,3,0
193,971,171,0,3
191,972,213,3,0
181,973,159,0,3
181,974,159,0,3
182,974,204,3,0
191,974,213,3,0
1004,974,982,0,3
181,975,159,0,3
182,975,204,3,0
191,975,213,3,0
181,976,159,0,3
182,976,204,3,0
184,976,206,3,0
191,976,213,3,0
181,977,159,0,3
182,977,204,3,0
184,977,206,3,0
185,977,207,3,0
191,977,213,3,0
181,978,159,0,3
182,978,204,3,0
184,978,206,3,0
185,978,207,3,0
186,978,208,3,0
191,978,213,3,0
181,979,159,0,3
182,979,204,3,0
184,979,206,3,0
191,979,213,3,0
181,980,159,0,3
182,980,204,3,0
191,980,213,3,0
181,981,159,0,3
182,981,204,3,0
191,981,213,3,0
181,982,159,0,3
182,982,183,2,1
191,982,213,3,0
226,982,227,2,1
270,982,271,2,1
314,982,315,2,1
358,982,359,2,1
402,982,403,2,1
446,982,447,2,1
490,982,491,2,1
534,982,535,2,1
578,982,579,2,1
622,982,623,2,1
666,982,667,2,1
710,982,711,2,1
754,982,755,2,1
798,982,799,2,1
842,982,843,2,1
886,982,887,2,1
930,982,931,2,1
191,983,213,3,0
191,984,213,3,0
191,985,213,3,0
193,985,171,0,3
179,986,157,0,3
191,986,213,3,0
193,986,171,0,3
178,987,200,3,0
179,987,157,0,3
191,987,213,3,0
193,987,171,0,3
178,988,200,3,0
179,988,157,0,3
191,988,213,3,0
193,988,171,0,3
178,989,200,3,0
179,989,157,0,3
191,989,213,3,0
193,989,171,0,3
64,990,65,2,1
108,990,109,2,1
152,990,153,2,1
196,990,197,2,1
201,990,179,0,3
213,990,235,3,0
218,990,196,0,3
240,990,241,2,1
1428,990,1429,2,1
1472,990,1473,2,1
201,991,179,0,3
213,991,235,3,0
201,992,179,0,3
213,992,235,3,0
201,993,179,0,3
213,993,235,3,0
213,995,235,3,0
204,996,226,3,0
213,996,235,3,0
204,997,226,3,0
213,997,235,3,0
204,998,226,3,0
206,998,228,3,0
213,998,235,3,0
204,999,226,3,0
206,999,228,3,0
207,999,229,3,0
213,999,235,3,0
204,1000,226,3,0
206,1000,228,3,0
207,1000,229,3,0
208,1000,230,3,0
213,1000,235,3,0
204,1001,226,3,0
206,1001,228,3,0
213,1001,235,3,0
204,1002,226,3,0
213,1002,235,3,0
204,1003,226,3,0
213,1003,235,3,0
213,1004,235,3,0
226,1004,227,2,1
270,1004,271,2,1
314,1004,315,2,1
358,1004,359,2,1
402,1004,403,2,1
446,1004,447,2,1
490,1004,491,2,1
534,1004,535,2,1
578,1004,579,2,1
622,1004,623,2,1
666,1004,667,2,1
710,1004,711,2,1
754,1004,755,2,1
798,1004,799,2,1
842,1004,843,2,1
886,1004,887,2,1
930,1004,931,2,1
974,1004,975,2,1
213,1005,235,3,0
213,1006,235,3,0
213,1007,235,3,0
201,1008,179,0,3
213,1008,235,3,0
201,1009,179,0,3
213,1009,235,3,0
201,1010,179,0,3
213,1010,235,3,0
201,1011,179,0,3
213,1011,235,3,0
64,1012,65,2,1
108,1012,109,2,1
152,1012,153,2,1
196,1012,197,2,1
235,1012,257,3,0
237,1012,259,3,0
239,1012,261,3,0
240,1012,241,2,1
1428,1012,1429,2,1
1472,1012,1473,2,1
235,1013,257,3,0
237,1013,259,3,0
239,1013,261,3,0
235,1014,257,3,0
237,1014,259,3,0
235,1015,257,3,0
237,1015,259,3,0
235,1016,257,3,0
226,1018,248,3,0
235,1018,257,3,0
1048,1018,1026,0,3
226,1019,248,3,0
235,1019,257,3,0
226,1020,248,3,0
228,1020,250,3,0
235,1020,257,3,0
226,1021,248,3,0
228,1021,250,3,0
235,1021,257,3,0
226,1022,248,3,0
228,1022,250,3,0
235,1022,257,3,0
226,1023,248,3,0
228,1023,250,3,0
235,1023,257,3,0
226,1024,248,3,0
235,1024,257,3,0
226,1025,248,3,0
235,1025,257,3,0
226,1026,227,2,1
235,1026,257,3,0
270,1026,271,2,1
314,1026,315,2,1
358,1026,359,2,1
402,1026,403,2,1
446,1026,447,2,1
490,1026,491,2,1
534,1026,535,2,1
578,1026,579,2,1
622,1026,623,2,1
666,1026,667,2,1
710,1026,711,2,1
754,1026,755,2,1
798,1026,799,2,1
842,1026,843,2,1
886,1026,887,2,1
930,1026,931,2,1
974,1026,975,2,1
235,1027,257,3,0
235,1028,257,3,0
235,1029,257,3,0
237,1029,259,3,0
235,1030,257,3,0
237,1030,259,3,0
235,1031,257,3,0
237,1031,259,3,0
239,1031,261,3,0
235,1032,257,3,0
237,1032,259,3,0
239,1032,261,3,0
240,1032,262,3,0
235,1033,257,3,0
237,1033,259,3,0
239,1033,261,3,0
240,1033,262,3,0
64,1034,65,2,1
108,1034,109,2,1
152,1034,153,2,1
196,1034,197,2,1
240,1034,241,2,1
242,1034,220,0,2
257,1034,279,3,0
259,1034,281,3,0
261,1034,283,3,0
1428,1034,1429,2,1
1472,1034,1473,2,1
257,1035,279,3,0
259,1035,281,3,0
257,1036,279,3,0
259,1036,281,3,0
257,1037,279,3,0
257,1039,279,3,0
257,1040,279,3,0
257,1041,279,3,0
250,1042,272,3,0
257,1042,279,3,0
250,1043,272,3,0
257,1043,279,3,0
250,1044,272,3,0
257,1044,279,3,0
250,1045,272,3,0
257,1045,279,3,0
257,1046,279,3,0
257,1047,279,3,0
257,1048,279,3,0
270,1048,271,2,1
314,1048,315,2,1
358,1048,359,2,1
402,1048,403,2,1
446,1048,447,2,1
490,1048,491,2,1
534,1048,535,2,1
578,1048,579,2,1
622,1048,623,2,1
666,1048,667,2,1
710,1048,711,2,1
754,1048,755,2,1
798,1048,799,2,1
842,1048,843,2,1
886,1048,887,2,1
930,1048,931,2,1
974,1048,975,2,1
1018,1048,1019,2,1
257,1049,279,3,0
257,1050,279,3,0
257,1051,279,3,0
259,1051,281,3,0
257,1052,279,3,0
259,1052,281,3,0
257,1053,279,3,0
259,1053,281,3,0
261,1053,283,3,0
257,1054,279,3,0
259,1054,281,3,0
261,1054,283,3,0
262,1054,284,3,0
242,1055,220,0,2
257,1055,279,3,0
259,1055,281,3,0
261,1055,283,3,0
262,1055,284,3,0
64,1056,65,2,1
108,1056,109,2,1
152,1056,153,2,1
196,1056,197,2,1
240,1056,241,2,1
264,1056,242,0,2
279,1056,301,3,0
281,1056,303,3,0
283,1056,305,3,0
1428,1056,1429,2,1
1472,1056,1473,2,1
279,1057,301,3,0
281,1057,303,3,0
283,1057,305,3,0
279,1058,301,3,0
281,1058,303,3,0
279,1059,301,3,0
281,1059,303,3,0
279,1060,301,3,0
279,1062,301,3,0
1092,1062,1070,0,3
279,1063,301,3,0
272,1064,294,3,0
279,1064,301,3,0
272,1065,294,3,0
279,1065,301,3,0
272,1066,294,3,0
279,1066,301,3,0
272,1067,294,3,0
279,1067,301,3,0
279,1068,301,3,0
279,1069,301,3,0
270,1070,271,2,1
279,1070,301,3,0
314,1070,315,2,1
358,1070,359,2,1
402,1070,403,2,1
446,1070,447,2,1
490,1070,491,2,1
534,1070,535,2,1
578,1070,579,2,1
622,1070,623,2,1
666,1070,667,2,1
710,1070,711,2,1
754,1070,755,2,1
798,1070,799,2,1
842,1070,843,2,1
886,1070,887,2,1
930,1070,931,2,1
974,1070,975,2,1
1018,1070,1019,2,1
279,1071,301,3,0
279,1072,301,3,0
279,1073,301,3,0
281,1073,303,3,0
279,1074,301,3,0
281,1074,303,3,0
279,1075,301,3,0
281,1075,303,3,0
283,1075,305,3,0
264,1076,242,0,2
279,1076,301,3,0
281,1076,303,3,0
283,1076,305,3,0
264,1077,242,0,2
279,1077,301,3,0
281,1077,303,3,0
283,1077,305,3,0
64,1078,65,2,1
108,1078,109,2,1
152,1078,153,2,1
196,1078,197,2,1
240,1078,241,2,1
286,1078,264,0,2
301,1078,323,3,0
303,1078,325,3,0
305,1078,327,3,0
306,1078,284,0,3
1428,1078,1429,2,1
1472,1078,1473,2,1
301,1079,323,3,0
303,1079,325,3,0
301,1080,323,3,0
303,1080,325,3,0
301,1081,323,3,0
301,1083,323,3,0
301,1084,323,3,0
301,1085,323,3,0
294,1086,316,3,0
301,1086,323,3,0
294,1087,316,3,0
301,1087,323,3,0
294,1088,316,3,0
301,1088,323,3,0
294,1089,316,3,0
301,1089,323,3,0
301,1090,323,3,0
301,1091,323,3,0
301,1092,323,3,0
314,1092,315,2,1
358,1092,359,2,1
402,1092,403,2,1
446,1092,447,2,1
490,1092,491,2,1
534,1092,535,2,1
578,1092,579,2,1
622,1092,623,2,1
666,1092,667,2,1
710,1092,711,2,1
754,1092,755,2,1
798,1092,799,2,1
842,1092,843,2,1
886,1092,887,2,1
930,1092,931,2,1
974,1092,975,2,1
1018,1092,1019,2,1
1062,1092,1063,2,1
301,1093,323,3,0
301,1094,323,3,0
301,1095,323,3,0
303,1095,325,3,0
301,1096,323,3,0
303,1096,325,3,0
301,1097,323,3,0
303,1097,325,3,0
305,1097,327,3,0
301,1098,323,3,0
303,1098,325,3,0
305,1098,327,3,0
286,1099,264,0,2
301,1099,323,3,0
303,1099,325,3,0
305,1099,327,3,0
64,1100,65,2,1
108,1100,109,2,1
152,1100,153,2,1
196,1100,197,2,1
240,1100,241,2,1
323,1100,345,3,0
325,1100,347,3,0
327,1100,349,3,0
1428,1100,1429,2,1
1472,1100,1473,2,1
323,1101,345,3,0
325,1101,347,3,0
327,1101,349,3,0
323,1102,345,3,0
325,1102,347,3,0
323,1103,345,3,0
325,1103,347,3,0
323,1104,345,3,0
323,1106,345,3,0
1136,1106,1114,0,3
323,1107,345,3,0
316,1108,338,3,0
323,1108,345,3,0
316,1109,338,3,0
323,1109,345,3,0
316,1110,338,3,0
318,1110,340,3,0
323,1110,345,3,0
316,1111,338,3,0
323,1111,345,3,0
323,1112,345,3,0
323,1113,345,3,0
314,1114,315,2,1
323,1114,345,3,0
358,1114,359,2,1
402,1114,403,2,1
446,1114,447,2,1
490,1114,491,2,1
534,1114,535,2,1
578,1114,579,2,1
622,1114,623,2,1
666,1114,667,2,1
710,1114,711,2,1
754,1114,755,2,1
798,1114,799,2,1
842,1114,843,2,1
886,1114,887,2,1
930,1114,931,2,1
974,1114,975,2,1
1018,1114,1019,2,1
1062,1114,1063,2,1
323,1115,345,3,0
323,1116,345,3,0
323,1117,345,3,0
325,1117,347,3,0
323,1118,345,3,0
325,1118,347,3,0
323,1119,345,3,0
325,1119,347,3,0
327,1119,349,3,0
323,1120,345,3,0
325,1120,347,3,0
327,1120,349,3,0
323,1121,345,3,0
325,1121,347,3,0
327,1121,349,3,0
64,1122,65,2,1
108,1122,109,2,1
152,1122,153,2,1
196,1122,197,2,1
240,1122,241,2,1
328,1122,329,2,1
345,1122,367,3,0
347,1122,369,3,0
348,1122,370,3,0
349,1122,371,3,0
350,1122,328,0,3
1428,1122,1429,2,1
1472,1122,1473,2,1
345,1123,367,3,0
347,1123,369,3,0
348,1123,370,3,0
345,1124,367,3,0
347,1124,369,3,0
345,1125,367,3,0
345,1127,367,3,0
345,1128,367,3,0
345,1129,367,3,0
338,1130,360,3,0
345,1130,367,3,0
338,1131,360,3,0
345,1131,367,3,0
338,1132,360,3,0
340,1132,362,3,0
345,1132,367,3,0
338,1133,360,3,0
345,1133,367,3,0
345,1134,367,3,0
345,1135,367,3,0
345,1136,367,3,0
358,1136,359,2,1
402,1136,403,2,1
446,1136,447,2,1
490,1136,491,2,1
534,1136,535,2,1
578,1136,579,2,1
622,1136,623,2,1
666,1136,667,2,1
710,1136,711,2,1
754,1136,755,2,1
798,1136,799,2,1
842,1136,843,2,1
886,1136,887,2,1
930,1136,931,2,1
974,1136,975,2,1
1018,1136,1019,2,1
1062,1136,1063,2,1
1106,1136,1107,2,1
345,1137,367,3,0
345,1138,367,3,0
345,1139,367,3,0
347,1139,369,3,0
345,1140,367,3,0
347,1140,369,3,0
348,1140,370,3,0
345,1141,367,3,0
347,1141,369,3,0
348,1141,370,3,0
349,1141,371,3,0
345,1142,367,3,0
347,1142,369,3,0
348,1142,370,3,0
349,1142,371,3,0
345,1143,367,3,0
347,1143,369,3,0
348,1143,370,3,0
349,1143,371,3,0
64,1144,65,2,1
108,1144,109,2,1
152,1144,153,2,1
196,1144,197,2,1
240,1144,241,2,1
328,1144,329,2,1
352,1144,330,0,2
367,1144,389,3,0
369,1144,391,3,0
371,1144,393,3,0
1428,1144,1429,2,1
1472,1144,1473,2,1
367,1145,389,3,0
369,1145,391,3,0
371,1145,393,3,0
367,1146,389,3,0
369,1146,391,3,0
367,1147,389,3,0
369,1147,391,3,0
367,1148,389,3,0
367,1150,389,3,0
1180,1150,1158,0,3
367,1151,389,3,0
360,1152,382,3,0
367,1152,389,3,0
360,1153,382,3,0
361,1153,383,3,0
367,1153,389,3,0
360,1154,382,3,0
361,1154,383,3,0
362,1154,384,3,0
367,1154,389,3,0
360,1155,382,3,0
367,1155,389,3,0
367,1156,389,3,0
367,1157,389,3,0
358,1158,359,2,1
367,1158,389,3,0
402,1158,403,2,1
446,1158,447,2,1
490,1158,491,2,1
534,1158,535,2,1
578,1158,579,2,1
622,1158,623,2,1
666,1158,667,2,1
710,1158,711,2,1
754,1158,755,2,1
798,1158,799,2,1
842,1158,843,2,1
886,1158,887,2,1
930,1158,931,2,1
974,1158,975,2,1
1018,1158,1019,2,1
1062,1158,1063,2,1
1106,1158,1107,2,1
367,1159,389,3,0
367,1160,389,3,0
367,1161,389,3,0
369,1161,391,3,0
367,1162,389,3,0
369,1162,391,3,0
367,1163,389,3,0
369,1163,391,3,0
371,1163,393,3,0
352,1164,330,0,2
367,1164,389,3,0
369,1164,391,3,0
371,1164,393,3,0
352,1165,330,0,2
367,1165,389,3,0
369,1165,391,3,0
371,1165,393,3,0
64,1166,65,2,1
108,1166,109,2,1
152,1166,153,2,1
196,1166,197,2,1
240,1166,241,2,1
328,1166,329,2,1
389,1166,411,3,0
391,1166,413,3,0
393,1166,415,3,0
394,1166,372,0,3
1428,1166,1429,2,1
1472,1166,1473,2,1
389,1167,411,3,0
391,1167,413,3,0
389,1168,411,3,0
391,1168,413,3,0
389,1169,411,3,0
389,1171,411,3,0
389,1172,411,3,0
389,1173,411,3,0
382,1174,404,3,0
389,1174,411,3,0
382,1175,404,3,0
383,1175,405,3,0
389,1175,411,3,0
382,1176,404,3,0
383,1176,405,3,0
384,1176,406,3,0
389,1176,411,3,0
382,1177,404,3,0
389,1177,411,3,0
389,1178,411,3,0
389,1179,411,3,0
389,1180,411,3,0
402,1180,403,2,1
446,1180,447,2,1
490,1180,491,2,1
534,1180,535,2,1
578,1180,579,2,1
622,1180,623,2,1
666,1180,667,2,1
710,1180,711,2,1
754,1180,755,2,1
798,1180,799,2,1
842,1180,843,2,1
886,1180,887,2,1
930,1180,931,2,1
974,1180,975,2,1
1018,1180,1019,2,1
1062,1180,1063,2,1
1106,1180,1107,2,1
1150,1180,1151,2,1
389,1181,411,3,0
389,1182,411,3,0
389,1183,411,3,0
391,1183,413,3,0
389,1184,411,3,0
391,1184,413,3,0
389,1185,411,3,0
391,1185,413,3,0
393,1185,415,3,0
389,1186,411,3,0
391,1186,413,3,0
393,1186,415,3,0
389,1187,411,3,0
391,1187,413,3,0
393,1187,415,3,0
64,1188,65,2,1
108,1188,109,2,1
152,1188,153,2,1
196,1188,197,2,1
240,1188,241,2,1
328,1188,329,2,1
400,1188,422,3,0
411,1188,433,3,0
413,1188,435,3,0
415,1188,437,3,0
1428,1188,1429,2,1
1472,1188,1473,2,1
400,1189,422,3,0
411,1189,433,3,0
413,1189,435,3,0
415,1189,437,3,0
400,1190,422,3,0
411,1190,433,3,0
413,1190,435,3,0
400,1191,422,3,0
411,1191,433,3,0
413,1191,435,3,0
400,1192,422,3,0
411,1192,433,3,0
400,1193,422,3,0
400,1194,422,3,0
411,1194,433,3,0
1224,1194,1202,0,3
400,1195,422,3,0
411,1195,433,3,0
400,1196,422,3,0
404,1196,426,3,0
411,1196,433,3,0
400,1197,422,3,0
404,1197,426,3,0
411,1197,433,3,0
400,1198,422,3,0
404,1198,426,3,0
411,1198,433,3,0
400,1199,422,3,0
404,1199,426,3,0
411,1199,433,3,0
400,1200,422,3,0
411,1200,433,3,0
400,1201,422,3,0
411,1201,433,3,0
400,1202,422,3,0
402,1202,403,2,1
411,1202,433,3,0
446,1202,447,2,1
490,1202,491,2,1
534,1202,535,2,1
578,1202,579,2,1
622,1202,623,2,1
666,1202,667,2,1
710,1202,711,2,1
754,1202,755,2,1
798,1202,799,2,1
842,1202,843,2,1
886,1202,887,2,1
930,1202,931,2,1
974,1202,975,2,1
1018,1202,1019,2,1
1062,1202,1063,2,1
1106,1202,1107,2,1
1150,1202,1151,2,1
411,1203,433,3,0
411,1204,433,3,0
400,1205,422,3,0
411,1205,433,3,0
413,1205,435,3,0
400,1206,422,3,0
411,1206,433,3,0
413,1206,435,3,0
400,1207,422,3,0
411,1207,433,3,0
413,1207,435,3,0
415,1207,437,3,0
400,1208,422,3,0
411,1208,433,3,0
413,1208,435,3,0
415,1208,437,3,0
400,1209,422,3,0
411,1209,433,3,0
413,1209,435,3,0
415,1209,437,3,0
64,1210,65,2,1
108,1210,109,2,1
152,1210,153,2,1
196,1210,197,2,1
240,1210,241,2,1
328,1210,329,2,1
422,1210,444,3,0
433,1210,455,3,0
435,1210,457,3,0
437,1210,459,3,0
438,1210,416,0,3
1428,1210,1429,2,1
1472,1210,1473,2,1
422,1211,444,3,0
433,1211,455,3,0
435,1211,457,3,0
422,1212,444,3,0
433,1212,455,3,0
435,1212,457,3,0
422,1213,444,3,0
433,1213,455,3,0
422,1214,444,3,0
422,1215,444,3,0
433,1215,455,3,0
422,1216,444,3,0
433,1216,455,3,0
422,1217,444,3,0
433,1217,455,3,0
422,1218,444,3,0
426,1218,448,3,0
433,1218,455,3,0
422,1219,444,3,0
426,1219,448,3,0
433,1219,455,3,0
422,1220,444,3,0
426,1220,448,3,0
433,1220,455,3,0
422,1221,444,3,0
426,1221,448,3,0
433,1221,455,3,0
422,1222,444,3,0
433,1222,455,3,0
422,1223,444,3,0
433,1223,455,3,0
422,1224,444,3,0
433,1224,455,3,0
446,1224,447,2,1
490,1224,491,2,1
534,1224,535,2,1
578,1224,579,2,1
622,1224,623,2,1
666,1224,667,2,1
710,1224,711,2,1
754,1224,755,2,1
798,1224,799,2,1
842,1224,843,2,1
886,1224,887,2,1
930,1224,931,2,1
974,1224,975,2,1
1018,1224,1019,2,1
1062,1224,1063,2,1
1106,1224,1107,2,1
1150,1224,1151,2,1
1194,1224,1195,2,1
433,1225,455,3,0
433,1226,455,3,0
422,1227,444,3,0
433,1227,455,3,0
435,1227,457,3,0
422,1228,444,3,0
433,1228,455,3,0
435,1228,457,3,0
422,1229,444,3,0
433,1229,455,3,0
435,1229,457,3,0
437,1229,459,3,0
422,1230,444,3,0
433,1230,455,3,0
435,1230,457,3,0
437,1230,459,3,0
422,1231,444,3,0
433,1231,455,3,0
435,1231,457,3,0
437,1231,459,3,0
64,1232,65,2,1
108,1232,109,2,1
152,1232,153,2,1
196,1232,197,2,1
240,1232,241,2,1
328,1232,329,2,1
455,1232,477,3,0
457,1232,479,3,0
459,1232,481,3,0
1428,1232,1429,2,1
1472,1232,1473,2,1
455,1233,477,3,0
457,1233,479,3,0
459,1233,481,3,0
455,1234,477,3,0
457,1234,479,3,0
455,1235,477,3,0
457,1235,479,3,0
455,1236,477,3,0
445,1237,467,3,0
445,1238,467,3,0
455,1238,477,3,0
1268,1238,1246,0,3
445,1239,467,3,0
455,1239,477,3,0
445,1240,467,3,0
448,1240,470,3,0
455,1240,477,3,0
445,1241,467,3,0
448,1241,470,3,0
455,1241,477,3,0
445,1242,467,3,0
448,1242,470,3,0
455,1242,477,3,0
445,1243,467,3,0
448,1243,470,3,0
455,1243,477,3,0
445,1244,467,3,0
455,1244,477,3,0
445,1245,467,3,0
455,1245,477,3,0
445,1246,467,3,0
446,1246,447,2,1
455,1246,477,3,0
490,1246,491,2,1
534,1246,535,2,1
578,1246,579,2,1
622,1246,623,2,1
666,1246,667,2,1
710,1246,711,2,1
754,1246,755,2,1
798,1246,799,2,1
842,1246,843,2,1
886,1246,887,2,1
930,1246,931,2,1
974,1246,975,2,1
1018,1246,1019,2,1
1062,1246,1063,2,1
1106,1246,1107,2,1
1150,1246,1151,2,1
1194,1246,1195,2,1
455,1247,477,3,0
455,1248,477,3,0
455,1249,477,3,0
457,1249,479,3,0
455,1250,477,3,0
457,1250,479,3,0
455,1251,477,3,0
457,1251,479,3,0
459,1251,481,3,0
455,1252,477,3,0
457,1252,479,3,0
459,1252,481,3,0
455,1253,477,3,0
457,1253,479,3,0
459,1253,481,3,0
64,1254,65,2,1
108,1254,109,2,1
152,1254,153,2,1
196,1254,197,2,1
240,1254,241,2,1
328,1254,329,2,1
477,1254,499,3,0
479,1254,501,3,0
481,1254,503,3,0
482,1254,460,0,3
1428,1254,1429,2,1
1472,1254,1473,2,1
477,1255,499,3,0
479,1255,501,3,0
477,1256,499,3,0
479,1256,501,3,0
477,1257,499,3,0
467,1259,489,3,0
477,1259,499,3,0
467,1260,489,3,0
477,1260,499,3,0
467,1261,489,3,0
477,1261,499,3,0
467,1262,489,3,0
470,1262,492,3,0
477,1262,499,3,0
467,1263,489,3,0
470,1263,492,3,0
477,1263,499,3,0
467,1264,489,3,0
470,1264,492,3,0
477,1264,499,3,0
467,1265,489,3,0
470,1265,492,3,0
477,1265,499,3,0
467,1266,489,3,0
477,1266,499,3,0
467,1267,489,3,0
477,1267,499,3,0
467,1268,489,3,0
477,1268,499,3,0
490,1268,491,2,1
534,1268,535,2,1
578,1268,579,2,1
622,1268,623,2,1
666,1268,667,2,1
710,1268,711,2,1
754,1268,755,2,1
798,1268,799,2,1
842,1268,843,2,1
886,1268,887,2,1
930,1268,931,2,1
974,1268,975,2,1
1018,1268,1019,2,1
1062,1268,1063,2,1
1106,1268,1107,2,1
1150,1268,1151,2,1
1194,1268,1195,2,1
1238,1268,1239,2,1
477,1269,499,3,0
477,1270,499,3,0
477,1271,499,3,0
479,1271,501,3,0
477,1272,499,3,0
479,1272,501,3,0
477,1273,499,3,0
479,1273,501,3,0
481,1273,503,3,0
477,1274,499,3,0
479,1274,501,3,0
481,1274,503,3,0
1408,1274,1386,0,2
477,1275,499,3,0
479,1275,501,3,0
481,1275,503,3,0
64,1276,65,2,1
108,1276,109,2,1
152,1276,153,2,1
196,1276,197,2,1
240,1276,241,2,1
328,1276,329,2,1
486,1276,464,0,3
499,1276,521,3,0
501,1276,523,3,0
503,1276,525,3,0
1428,1276,1429,2,1
1472,1276,1473,2,1
486,1277,464,0,3
499,1277,521,3,0
501,1277,523,3,0
503,1277,525,3,0
486,1278,464,0,3
499,1278,521,3,0
501,1278,523,3,0
499,1279,521,3,0
501,1279,523,3,0
499,1280,521,3,0
489,1281,511,3,0
489,1282,511,3,0
498,1282,520,3,0
499,1282,521,3,0
1312,1282,1290,0,3
489,1283,511,3,0
499,1283,521,3,0
489,1284,511,3,0
492,1284,514,3,0
496,1284,474,0,3
499,1284,521,3,0
489,1285,511,3,0
492,1285,514,3,0
496,1285,474,0,3
499,1285,521,3,0
489,1286,511,3,0
492,1286,514,3,0
494,1286,516,3,0
496,1286,474,0,3
499,1286,521,3,0
489,1287,511,3,0
492,1287,514,3,0
496,1287,474,0,3
499,1287,521,3,0
489,1288,511,3,0
496,1288,474,0,3
499,1288,521,3,0
489,1289,511,3,0
499,1289,521,3,0
489,1290,511,3,0
490,1290,491,2,1
499,1290,521,3,0
534,1290,535,2,1
578,1290,579,2,1
622,1290,623,2,1
666,1290,667,2,1
710,1290,711,2,1
754,1290,755,2,1
798,1290,799,2,1
842,1290,843,2,1
886,1290,887,2,1
930,1290,931,2,1
974,1290,975,2,1
1018,1290,1019,2,1
1062,1290,1063,2,1
1106,1290,1107,2,1
1150,1290,1151,2,1
1194,1290,1195,2,1
1238,1290,1239,2,1
499,1291,521,3,0
499,1292,521,3,0
499,1293,521,3,0
501,1293,523,3,0
499,1294,521,3,0
501,1294,523,3,0
486,1295,464,0,3
499,1295,521,3,0
501,1295,523,3,0
503,1295,525,3,0
486,1296,464,0,3
499,1296,521,3,0
501,1296,523,3,0
503,1296,525,3,0
1408,1296,1386,0,2
486,1297,464,0,3
499,1297,521,3,0
501,1297,523,3,0
503,1297,525,3,0
64,1298,65,2,1
108,1298,109,2,1
152,1298,153,2,1
196,1298,197,2,1
240,1298,241,2,1
328,1298,329,2,1
521,1298,543,3,0
523,1298,545,3,0
525,1298,547,3,0
526,1298,504,0,3
1428,1298,1429,2,1
1472,1298,1473,2,1
521,1299,543,3,0
523,1299,545,3,0
521,1300,543,3,0
523,1300,545,3,0
521,1301,543,3,0
521,1303,543,3,0
521,1304,543,3,0
521,1305,543,3,0
514,1306,536,3,0
521,1306,543,3,0
514,1307,536,3,0
521,1307,543,3,0
514,1308,536,3,0
521,1308,543,3,0
514,1309,536,3,0
521,1309,543,3,0
521,1310,543,3,0
521,1311,543,3,0
521,1312,543,3,0
534,1312,535,2,1
578,1312,579,2,1
622,1312,623,2,1
666,1312,667,2,1
710,1312,711,2,1
754,1312,755,2,1
798,1312,799,2,1
842,1312,843,2,1
886,1312,887,2,1
930,1312,931,2,1
974,1312,975,2,1
1018,1312,1019,2,1
1062,1312,1063,2,1
1106,1312,1107,2,1
1150,1312,1151,2,1
1194,1312,1195,2,1
1238,1312,1239,2,1
1282,1312,1283,2,1
521,1313,543,3,0
521,1314,543,3,0
521,1315,543,3,0
523,1315,545,3,0
521,1316,543,3,0
523,1316,545,3,0
521,1317,543,3,0
523,1317,545,3,0
525,1317,547,3,0
521,1318,543,3,0
523,1318,545,3,0
525,1318,547,3,0
1408,1318,1386,0,2
521,1319,543,3,0
523,1319,545,3,0
525,1319,547,3,0
527,1319,505,0,3
64,1320,65,2,1
108,1320,109,2,1
152,1320,153,2,1
196,1320,197,2,1
240,1320,241,2,1
328,1320,329,2,1
532,1320,554,3,0
543,1320,565,3,0
545,1320,567,3,0
547,1320,569,3,0
1428,1320,1429,2,1
1472,1320,1473,2,1
532,1321,554,3,0
543,1321,565,3,0
545,1321,567,3,0
547,1321,569,3,0
532,1322,554,3,0
543,1322,565,3,0
545,1322,567,3,0
532,1323,554,3,0
543,1323,565,3,0
545,1323,567,3,0
532,1324,554,3,0
543,1324,565,3,0
532,1325,554,3,0
532,1326,554,3,0
543,1326,565,3,0
1356,1326,1334,0,3
532,1327,554,3,0
543,1327,565,3,0
532,1328,554,3,0
536,1328,558,3,0
543,1328,565,3,0
532,1329,554,3,0
536,1329,558,3,0
543,1329,565,3,0
532,1330,554,3,0
536,1330,558,3,0
543,1330,565,3,0
532,1331,554,3,0
536,1331,558,3,0
543,1331,565,3,0
532,1332,554,3,0
543,1332,565,3,0
532,1333,554,3,0
543,1333,565,3,0
532,1334,554,3,0
534,1334,535,2,1
543,1334,565,3,0
578,1334,579,2,1
622,1334,623,2,1
666,1334,667,2,1
710,1334,711,2,1
754,1334,755,2,1
798,1334,799,2,1
842,1334,843,2,1
886,1334,887,2,1
930,1334,931,2,1
974,1334,975,2,1
1018,1334,1019,2,1
1062,1334,1063,2,1
1106,1334,1107,2,1
1150,1334,1151,2,1
1194,1334,1195,2,1
1238,1334,1239,2,1
1282,1334,1283,2,1
543,1335,565,3,0
543,1336,565,3,0
532,1337,554,3,0
543,1337,565,3,0
545,1337,567,3,0
532,1338,554,3,0
543,1338,565,3,0
545,1338,567,3,0
532,1339,554,3,0
543,1339,565,3,0
545,1339,567,3,0
547,1339,569,3,0
532,1340,554,3,0
543,1340,565,3,0
545,1340,567,3,0
547,1340,569,3,0
1408,1340,1386,0,2
532,1341,554,3,0
543,1341,565,3,0
545,1341,567,3,0
547,1341,569,3,0
549,1341,527,0,3
64,1342,65,2,1
108,1342,109,2,1
152,1342,153,2,1
196,1342,197,2,1
240,1342,241,2,1
328,1342,329,2,1
554,1342,576,3,0
565,1342,587,3,0
567,1342,589,3,0
569,1342,591,3,0
570,1342,548,0,3
1428,1342,1429,2,1
1472,1342,1473,2,1
554,1343,576,3,0
565,1343,587,3,0
567,1343,589,3,0
554,1344,576,3,0
565,1344,587,3,0
567,1344,589,3,0
554,1345,576,3,0
565,1345,587,3,0
554,1346,576,3,0
554,1347,576,3,0
565,1347,587,3,0
554,1348,576,3,0
565,1348,587,3,0
554,1349,576,3,0
565,1349,587,3,0
554,1350,576,3,0
558,1350,580,3,0
562,1350,584,3,0
565,1350,587,3,0
554,1351,576,3,0
558,1351,580,3,0
562,1351,584,3,0
565,1351,587,3,0
554,1352,576,3,0
558,1352,580,3,0
562,1352,584,3,0
565,1352,587,3,0
554,1353,576,3,0
558,1353,580,3,0
562,1353,584,3,0
565,1353,587,3,0
554,1354,576,3,0
562,1354,584,3,0
565,1354,587,3,0
554,1355,576,3,0
565,1355,587,3,0
554,1356,576,3,0
565,1356,587,3,0
578,1356,579,2,1
622,1356,623,2,1
666,1356,667,2,1
710,1356,711,2,1
754,1356,755,2,1
798,1356,799,2,1
842,1356,843,2,1
886,1356,887,2,1
930,1356,931,2,1
974,1356,975,2,1
1018,1356,1019,2,1
1062,1356,1063,2,1
1106,1356,1107,2,1
1150,1356,1151,2,1
1194,1356,1195,2,1
1238,1356,1239,2,1
1282,1356,1283,2,1
1326,1356,1327,2,1
565,1357,587,3,0
565,1358,587,3,0
554,1359,576,3,0
565,1359,587,3,0
567,1359,589,3,0
554,1360,576,3,0
565,1360,587,3,0
567,1360,589,3,0
554,1361,576,3,0
565,1361,587,3,0
567,1361,589,3,0
569,1361,591,3,0
554,1362,576,3,0
565,1362,587,3,0
567,1362,589,3,0
569,1362,591,3,0
1408,1362,1386,0,2
554,1363,576,3,0
565,1363,587,3,0
567,1363,589,3,0
569,1363,591,3,0
571,1363,593,3,0
64,1364,65,2,1
108,1364,109,2,1
152,1364,153,2,1
196,1364,197,2,1
240,1364,241,2,1
328,1364,329,2,1
576,1364,598,3,0
589,1364,611,3,0
591,1364,613,3,0
1428,1364,1429,2,1
1472,1364,1473,2,1
576,1365,598,3,0
589,1365,611,3,0
591,1365,613,3,0
576,1366,598,3,0
589,1366,611,3,0
576,1367,598,3,0
589,1367,611,3,0
576,1368,598,3,0
576,1369,598,3,0
577,1369,599,3,0
576,1370,598,3,0
577,1370,599,3,0
1400,1370,1378,0,3
576,1371,598,3,0
577,1371,599,3,0
576,1372,598,3,0
577,1372,599,3,0
580,1372,602,3,0
576,1373,598,3,0
577,1373,599,3,0
580,1373,602,3,0
576,1374,598,3,0
577,1374,599,3,0
580,1374,602,3,0
576,1375,598,3,0
577,1375,599,3,0
580,1375,602,3,0
576,1376,598,3,0
577,1376,599,3,0
576,1377,598,3,0
577,1377,599,3,0
576,1378,598,3,0
577,1378,599,3,0
578,1378,579,2,1
622,1378,623,2,1
666,1378,667,2,1
710,1378,711,2,1
754,1378,755,2,1
798,1378,799,2,1
842,1378,843,2,1
886,1378,887,2,1
930,1378,931,2,1
974,1378,975,2,1
1018,1378,1019,2,1
1062,1378,1063,2,1
1106,1378,1107,2,1
1150,1378,1151,2,1
1194,1378,1195,2,1
1238,1378,1239,2,1
1282,1378,1283,2,1
1326,1378,1327,2,1
576,1381,598,3,0
589,1381,611,3,0
576,1382,598,3,0
589,1382,611,3,0
576,1383,598,3,0
589,1383,611,3,0
591,1383,613,3,0
576,1384,598,3,0
589,1384,611,3,0
591,1384,613,3,0
1408,1384,1386,0,2
576,1385,598,3,0
589,1385,611,3,0
591,1385,613,3,0
593,1385,615,3,0
64,1386,65,2,1
108,1386,109,2,1
152,1386,153,2,1
196,1386,197,2,1
240,1386,241,2,1
328,1386,329,2,1
598,1386,620,3,0
611,1386,633,3,0
613,1386,635,3,0
598,1387,620,3,0
611,1387,633,3,0
598,1388,620,3,0
611,1388,633,3,0
598,1389,620,3,0
598,1390,620,3,0
598,1391,620,3,0
599,1391,621,3,0
598,1392,620,3,0
599,1392,621,3,0
598,1393,620,3,0
599,1393,621,3,0
598,1394,620,3,0
599,1394,621,3,0
602,1394,624,3,0
598,1395,620,3,0
599,1395,621,3,0
602,1395,624,3,0
598,1396,620,3,0
599,1396,621,3,0
602,1396,624,3,0
598,1397,620,3,0
599,1397,621,3,0
602,1397,624,3,0
598,1398,620,3,0
599,1398,621,3,0
598,1399,620,3,0
599,1399,621,3,0
598,1400,620,3,0
599,1400,621,3,0
622,1400,623,2,1
666,1400,667,2,1
710,1400,711,2,1
754,1400,755,2,1
798,1400,799,2,1
842,1400,843,2,1
886,1400,887,2,1
930,1400,931,2,1
974,1400,975,2,1
1018,1400,1019,2,1
1062,1400,1063,2,1
1106,1400,1107,2,1
1150,1400,1151,2,1
1194,1400,1195,2,1
1238,1400,1239,2,1
1282,1400,1283,2,1
1326,1400,1327,2,1
1370,1400,1371,2,1
598,1403,620,3,0
611,1403,633,3,0
598,1404,620,3,0
611,1404,633,3,0
598,1405,620,3,0
611,1405,633,3,0
613,1405,635,3,0
594,1406,616,2,0
598,1406,620,3,0
611,1406,633,3,0
613,1406,635,3,0
598,1407,620,3,0
611,1407,633,3,0
613,1407,635,3,0
615,1407,637,3,0
64,1408,65,2,1
108,1408,109,2,1
152,1408,153,2,1
196,1408,197,2,1
240,1408,241,2,1
328,1408,329,2,1
620,1408,642,3,0
633,1408,655,3,0
635,1408,657,3,0
1296,1408,1297,2,1
1340,1408,1341,2,1
1384,1408,1385,2,1
620,1409,642,3,0
633,1409,655,3,0
635,1409,657,3,0
620,1410,642,3,0
633,1410,655,3,0
620,1411,642,3,0
633,1411,655,3,0
620,1412,642,3,0
620,1413,642,3,0
620,1414,642,3,0
1444,1414,1422,0,3
620,1415,642,3,0
620,1416,642,3,0
624,1416,646,3,0
620,1417,642,3,0
624,1417,646,3,0
620,1418,642,3,0
624,1418,646,3,0
620,1419,642,3,0
624,1419,646,3,0
620,1420,642,3,0
620,1421,642,3,0
620,1422,642,3,0
622,1422,623,2,1
666,1422,667,2,1
710,1422,711,2,1
754,1422,755,2,1
798,1422,799,2,1
842,1422,843,2,1
886,1422,887,2,1
930,1422,931,2,1
974,1422,975,2,1
1018,1422,1019,2,1
1062,1422,1063,2,1
1106,1422,1107,2,1
1150,1422,1151,2,1
1194,1422,1195,2,1
1238,1422,1239,2,1
1282,1422,1283,2,1
1326,1422,1327,2,1
1370,1422,1371,2,1
620,1425,642,3,0
633,1425,655,3,0
620,1426,642,3,0
633,1426,655,3,0
620,1427,642,3,0
633,1427,655,3,0
635,1427,657,3,0
620,1428,642,3,0
633,1428,655,3,0
635,1428,657,3,0
636,1428,658,3,0
1364,1428,1386,2,0
620,1429,642,3,0
633,1429,655,3,0
635,1429,657,3,0
636,1429,658,3,0
637,1429,659,3,0
64,1430,65,2,1
108,1430,109,2,1
152,1430,153,2,1
196,1430,197,2,1
240,1430,241,2,1
328,1430,329,2,1
642,1430,664,3,0
655,1430,677,3,0
657,1430,679,3,0
658,1430,636,0,3
1296,1430,1297,2,1
1340,1430,1341,2,1
1384,1430,1385,2,1
642,1431,664,3,0
655,1431,677,3,0
642,1432,664,3,0
655,1432,677,3,0
642,1433,664,3,0
642,1434,664,3,0
642,1435,664,3,0
642,1436,664,3,0
642,1437,664,3,0
642,1438,664,3,0
646,1438,668,3,0
642,1439,664,3,0
646,1439,668,3,0
642,1440,664,3,0
646,1440,668,3,0
642,1441,664,3,0
646,1441,668,3,0
642,1442,664,3,0
642,1443,664,3,0
642,1444,664,3,0
666,1444,667,2,1
710,1444,711,2,1
754,1444,755,2,1
798,1444,799,2,1
842,1444,843,2,1
886,1444,887,2,1
930,1444,931,2,1
974,1444,975,2,1
1018,1444,1019,2,1
1062,1444,1063,2,1
1106,1444,1107,2,1
1150,1444,1151,2,1
1194,1444,1195,2,1
1238,1444,1239,2,1
1282,1444,1283,2,1
1326,1444,1327,2,1
1370,1444,1371,2,1
1414,1444,1415,2,1
642,1447,664,3,0
655,1447,677,3,0
642,1448,664,3,0
655,1448,677,3,0
642,1449,664,3,0
655,1449,677,3,0
657,1449,679,3,0
642,1450,664,3,0
655,1450,677,3,0
657,1450,679,3,0
658,1450,636,0,3
1364,1450,1386,2,0
642,1451,664,3,0
655,1451,677,3,0
657,1451,679,3,0
658,1451,636,0,3
659,1451,681,3,0
64,1452,65,2,1
108,1452,109,2,1
152,1452,153,2,1
196,1452,197,2,1
240,1452,241,2,1
328,1452,329,2,1
661,1452,683,3,0
663,1452,641,0,3
664,1452,686,3,0
677,1452,699,3,0
679,1452,701,3,0
1296,1452,1297,2,1
1340,1452,1341,2,1
1384,1452,1385,2,1
661,1453,683,3,0
663,1453,641,0,3
664,1453,686,3,0
677,1453,699,3,0
679,1453,701,3,0
663,1454,641,0,3
664,1454,686,3,0
677,1454,699,3,0
663,1455,641,0,3
664,1455,686,3,0
677,1455,699,3,0
664,1456,686,3,0
664,1457,686,3,0
664,1458,686,3,0
1488,1458,1466,0,3
664,1459,686,3,0
664,1460,686,3,0
668,1460,690,3,0
672,1460,694,3,0
664,1461,686,3,0
668,1461,690,3,0
669,1461,691,3,0
671,1461,693,3,0
672,1461,694,3,0
664,1462,686,3,0
668,1462,690,3,0
669,1462,691,3,0
671,1462,693,3,0
672,1462,694,3,0
664,1463,686,3,0
668,1463,690,3,0
671,1463,693,3,0
672,1463,694,3,0
664,1464,686,3,0
672,1464,694,3,0
664,1465,686,3,0
664,1466,686,3,0
666,1466,667,2,1
710,1466,711,2,1
754,1466,755,2,1
798,1466,799,2,1
842,1466,843,2,1
886,1466,887,2,1
930,1466,931,2,1
974,1466,975,2,1
1018,1466,1019,2,1
1062,1466,1063,2,1
1106,1466,1107,2,1
1150,1466,1151,2,1
1194,1466,1195,2,1
1238,1466,1239,2,1
1282,1466,1283,2,1
1326,1466,1327,2,1
1370,1466,1371,2,1
1414,1466,1415,2,1
664,1469,686,3,0
677,1469,699,3,0
663,1470,641,0,3
664,1470,686,3,0
677,1470,699,3,0
663,1471,641,0,3
664,1471,686,3,0
677,1471,699,3,0
679,1471,701,3,0
661,1472,683,3,0
663,1472,641,0,3
664,1472,686,3,0
677,1472,699,3,0
679,1472,701,3,0
680,1472,658,0,3
1364,1472,1386,2,0
661,1473,683,3,0
663,1473,641,0,3
664,1473,686,3,0
677,1473,699,3,0
679,1473,701,3,0
680,1473,658,0,3
681,1473,703,3,0
64,1474,65,2,1
108,1474,109,2,1
152,1474,153,2,1
196,1474,197,2,1
240,1474,241,2,1
328,1474,329,2,1
683,1474,705,3,0
685,1474,663,0,3
686,1474,708,3,0
699,1474,721,3,0
701,1474,723,3,0
1296,1474,1297,2,1
1340,1474,1341,2,1
1384,1474,1385,2,1
683,1475,705,3,0
685,1475,663,0,3
686,1475,708,3,0
699,1475,721,3,0
685,1476,663,0,3
686,1476,708,3,0
699,1476,721,3,0
685,1477,663,0,3
686,1477,708,3,0
686,1478,708,3,0
686,1479,708,3,0
686,1480,708,3,0
686,1481,708,3,0
686,1482,708,3,0
690,1482,712,3,0
694,1482,716,3,0
686,1483,708,3,0
690,1483,712,3,0
691,1483,713,3,0
693,1483,715,3,0
694,1483,716,3,0
686,1484,708,3,0
690,1484,712,3,0
691,1484,713,3,0
693,1484,715,3,0
694,1484,716,3,0
686,1485,708,3,0
690,1485,712,3,0
693,1485,715,3,0
694,1485,716,3,0
686,1486,708,3,0
694,1486,716,3,0
686,1487,708,3,0
686,1488,708,3,0
710,1488,711,2,1
754,1488,755,2,1
798,1488,799,2,1
842,1488,843,2,1
886,1488,887,2,1
930,1488,931,2,1
974,1488,975,2,1
1018,1488,1019,2,1
1062,1488,1063,2,1
1106,1488,1107,2,1
1150,1488,1151,2,1
1194,1488,1195,2,1
1238,1488,1239,2,1
1282,1488,1283,2,1
1326,1488,1327,2,1
1370,1488,1371,2,1
1414,1488,1415,2,1
1458,1488,1459,2,1
686,1491,708,3,0
699,1491,721,3,0
685,1492,663,0,3
686,1492,708,3,0
699,1492,721,3,0
685,1493,663,0,3
686,1493,708,3,0
699,1493,721,3,0
701,1493,723,3,0
683,1494,705,3,0
685,1494,663,0,3
686,1494,708,3,0
699,1494,721,3,0
701,1494,723,3,0
1364,1494,1386,2,0
683,1495,705,3,0
685,1495,663,0,3
686,1495,708,3,0
699,1495,721,3,0
701,1495,723,3,0
64,1496,65,2,1
108,1496,109,2,1
152,1496,153,2,1
196,1496,197,2,1
240,1496,241,2,1
328,1496,329,2,1
705,1496,727,3,0
707,1496,685,0,3
708,1496,730,3,0
721,1496,743,3,0
723,1496,745,3,0
1296,1496,1297,2,1
1340,1496,1341,2,1
1384,1496,1385,2,1
705,1497,727,3,0
707,1497,685,0,3
708,1497,730,3,0
721,1497,743,3,0
723,1497,745,3,0
707,1498,685,0,3
708,1498,730,3,0
721,1498,743,3,0
707,1499,685,0,3
708,1499,730,3,0
721,1499,743,3,0
708,1500,730,3,0
708,1501,730,3,0
708,1502,730,3,0
718,1502,740,3,0
1532,1502,1510,0,3
708,1503,730,3,0
717,1503,739,3,0
708,1504,730,3,0
712,1504,734,3,0
717,1504,739,3,0
708,1505,730,3,0
712,1505,734,3,0
713,1505,735,3,0
715,1505,737,3,0
717,1505,739,3,0
708,1506,730,3,0
712,1506,734,3,0
713,1506,735,3,0
715,1506,737,3,0
717,1506,739,3,0
708,1507,730,3,0
712,1507,734,3,0
715,1507,737,3,0
717,1507,739,3,0
708,1508,730,3,0
717,1508,739,3,0
708,1509,730,3,0
717,1509,739,3,0
708,1510,730,3,0
710,1510,711,2,1
754,1510,755,2,1
798,1510,799,2,1
842,1510,843,2,1
886,1510,887,2,1
930,1510,931,2,1
974,1510,975,2,1
1018,1510,1019,2,1
1062,1510,1063,2,1
1106,1510,1107,2,1
1150,1510,1151,2,1
1194,1510,1195,2,1
1238,1510,1239,2,1
1282,1510,1283,2,1
1326,1510,1327,2,1
1370,1510,1371,2,1
1414,1510,1415,2,1
1458,1510,1459,2,1
708,1513,730,3,0
721,1513,743,3,0
707,1514,685,0,3
708,1514,730,3,0
721,1514,743,3,0
707,1515,685,0,3
708,1515,730,3,0
721,1515,743,3,0
723,1515,745,3,0
705,1516,727,3,0
707,1516,685,0,3
708,1516,730,3,0
721,1516,743,3,0
723,1516,745,3,0
724,1516,702,0,3
705,1517,727,3,0
707,1517,685,0,3
708,1517,730,3,0
721,1517,743,3,0
723,1517,745,3,0
724,1517,702,0,3
725,1517,703,0,3
64,1518,65,2,1
108,1518,109,2,1
152,1518,153,2,1
196,1518,197,2,1
240,1518,241,2,1
328,1518,329,2,1
726,1518,704,0,2
727,1518,749,3,0
729,1518,707,0,3
741,1518,763,3,0
742,1518,720,0,3
743,1518,765,3,0
746,1518,724,0,3
1296,1518,1297,2,1
1340,1518,1341,2,1
1384,1518,1385,2,1
727,1519,749,3,0
729,1519,707,0,3
741,1519,763,3,0
742,1519,720,0,3
743,1519,765,3,0
729,1520,707,0,3
741,1520,763,3,0
742,1520,720,0,3
743,1520,765,3,0
729,1521,707,0,3
741,1521,763,3,0
742,1521,720,0,3
731,1523,753,3,0
741,1523,763,3,0
731,1524,753,3,0
740,1524,762,3,0
741,1524,763,3,0
731,1525,753,3,0
733,1525,711,0,3
739,1525,761,3,0
740,1525,762,3,0
741,1525,763,3,0
731,1526,753,3,0
733,1526,711,0,3
739,1526,761,3,0
740,1526,762,3,0
741,1526,763,3,0
731,1527,753,3,0
733,1527,711,0,3
735,1527,757,3,0
737,1527,759,3,0
739,1527,761,3,0
740,1527,762,3,0
741,1527,763,3,0
731,1528,753,3,0
733,1528,711,0,3
735,1528,757,3,0
737,1528,759,3,0
739,1528,761,3,0
740,1528,762,3,0
741,1528,763,3,0
731,1529,753,3,0
733,1529,711,0,3
737,1529,759,3,0
739,1529,761,3,0
740,1529,762,3,0
741,1529,763,3,0
731,1530,753,3,0
733,1530,711,0,3
739,1530,761,3,0
740,1530,762,3,0
741,1530,763,3,0
731,1531,753,3,0
739,1531,761,3,0
740,1531,762,3,0
741,1531,763,3,0
731,1532,753,3,0
740,1532,762,3,0
741,1532,763,3,0
754,1532,755,2,1
798,1532,799,2,1
842,1532,843,2,1
886,1532,887,2,1
930,1532,931,2,1
974,1532,975,2,1
1018,1532,1019,2,1
1062,1532,1063,2,1
1106,1532,1107,2,1
1150,1532,1151,2,1
1194,1532,1195,2,1
1238,1532,1239,2,1
1282,1532,1283,2,1
1326,1532,1327,2,1
1370,1532,1371,2,1
1414,1532,1415,2,1
1458,1532,1459,2,1
1502,1532,1503,2,1
741,1533,763,3,0
741,1534,763,3,0
742,1534,720,0,3
741,1535,763,3,0
742,1535,720,0,3
743,1535,765,3,0
729,1536,707,0,3
741,1536,763,3,0
742,1536,720,0,3
743,1536,765,3,0
729,1537,707,0,3
741,1537,763,3,0
742,1537,720,0,3
743,1537,765,3,0
88,1538,66,0,2
132,1538,110,0,2
726,1538,748,2,0
727,1538,749,3,0
729,1538,707,0,3
741,1538,763,3,0
742,1538,720,0,3
743,1538,765,3,0
726,1539,704,0,2
727,1539,749,3,0
729,1539,707,0,3
741,1539,763,3,0
742,1539,720,0,3
743,1539,765,3,0
64,1540,65,2,1
108,1540,109,2,1
152,1540,153,2,1
196,1540,197,2,1
240,1540,241,2,1
328,1540,329,2,1
749,1540,771,3,0
750,1540,728,0,3
763,1540,785,3,0
765,1540,787,3,0
1296,1540,1297,2,1
1340,1540,1341,2,1
1384,1540,1385,2,1
749,1541,771,3,0
750,1541,728,0,3
763,1541,785,3,0
765,1541,787,3,0
750,1542,728,0,3
763,1542,785,3,0
765,1542,787,3,0
763,1543,785,3,0
765,1543,787,3,0
763,1544,785,3,0
762,1546,784,3,0
763,1546,785,3,0
1576,1546,1554,0,3
755,1547,733,0,3
761,1547,783,3,0
762,1547,784,3,0
763,1547,785,3,0
755,1548,733,0,3
761,1548,783,3,0
762,1548,784,3,0
763,1548,785,3,0
755,1549,733,0,3
757,1549,779,3,0
759,1549,781,3,0
761,1549,783,3,0
762,1549,784,3,0
763,1549,785,3,0
755,1550,733,0,3
757,1550,779,3,0
758,1550,780,3,0
759,1550,781,3,0
761,1550,783,3,0
762,1550,784,3,0
763,1550,785,3,0
755,1551,733,0,3
759,1551,781,3,0
761,1551,783,3,0
762,1551,784,3,0
763,1551,785,3,0
755,1552,733,0,3
761,1552,783,3,0
762,1552,784,3,0
763,1552,785,3,0
761,1553,783,3,0
762,1553,784,3,0
763,1553,785,3,0
762,1554,784,3,0
763,1554,785,3,0
798,1554,799,2,1
842,1554,843,2,1
886,1554,887,2,1
930,1554,931,2,1
974,1554,975,2,1
1018,1554,1019,2,1
1062,1554,1063,2,1
1106,1554,1107,2,1
1150,1554,1151,2,1
1194,1554,1195,2,1
1238,1554,1239,2,1
1282,1554,1283,2,1
1326,1554,1327,2,1
1370,1554,1371,2,1
1414,1554,1415,2,1
1458,1554,1459,2,1
1502,1554,1503,2,1
763,1555,785,3,0
763,1556,785,3,0
763,1557,785,3,0
765,1557,787,3,0
763,1558,785,3,0
765,1558,787,3,0
750,1559,728,0,3
763,1559,785,3,0
765,1559,787,3,0
88,1560,66,0,2
132,1560,110,0,2
749,1560,771,3,0
750,1560,728,0,3
763,1560,785,3,0
765,1560,787,3,0
768,1560,746,0,3
749,1561,771,3,0
750,1561,728,0,3
763,1561,785,3,0
765,1561,787,3,0
768,1561,746,0,3
64,1562,65,2,1
108,1562,109,2,1
152,1562,153,2,1
196,1562,197,2,1
240,1562,241,2,1
328,1562,329,2,1
771,1562,793,3,0
772,1562,750,0,3
773,1562,751,0,3
787,1562,809,3,0
790,1562,768,0,3
1296,1562,1297,2,1
1340,1562,1341,2,1
1384,1562,1385,2,1
771,1563,793,3,0
772,1563,750,0,3
773,1563,751,0,3
787,1563,809,3,0
772,1564,750,0,3
773,1564,751,0,3
787,1564,809,3,0
773,1565,751,0,3
784,1568,806,3,0
777,1569,755,0,3
783,1569,805,3,0
784,1569,806,3,0
777,1570,755,0,3
782,1570,804,3,0
783,1570,805,3,0
784,1570,806,3,0
777,1571,755,0,3
779,1571,801,3,0
781,1571,803,3,0
782,1571,804,3,0
783,1571,805,3,0
784,1571,806,3,0
777,1572,755,0,3
779,1572,801,3,0
780,1572,802,3,0
781,1572,803,3,0
782,1572,804,3,0
783,1572,805,3,0
784,1572,806,3,0
777,1573,755,0,3
781,1573,803,3,0
782,1573,804,3,0
783,1573,805,3,0
784,1573,806,3,0
777,1574,755,0,3
782,1574,804,3,0
783,1574,805,3,0
784,1574,806,3,0
783,1575,805,3,0
784,1575,806,3,0
784,1576,806,3,0
798,1576,799,2,1
842,1576,843,2,1
886,1576,887,2,1
930,1576,931,2,1
974,1576,975,2,1
1018,1576,1019,2,1
1062,1576,1063,2,1
1106,1576,1107,2,1
1150,1576,1151,2,1
1194,1576,1195,2,1
1238,1576,1239,2,1
1282,1576,1283,2,1
1326,1576,1327,2,1
1370,1576,1371,2,1
1414,1576,1415,2,1
1458,1576,1459,2,1
1502,1576,1503,2,1
1546,1576,1547,2,1
787,1579,809,3,0
773,1580,751,0,3
787,1580,809,3,0
772,1581,750,0,3
773,1581,751,0,3
787,1581,809,3,0
44,1582,22,0,2
88,1582,66,0,2
132,1582,110,0,2
770,1582,792,2,0
771,1582,793,3,0
772,1582,750,0,3
773,1582,751,0,3
787,1582,809,3,0
790,1582,768,0,3
771,1583,793,3,0
772,1583,750,0,3
773,1583,751,0,3
787,1583,809,3,0
790,1583,768,0,3
791,1583,769,0,3
1137,1584,1115,0,3
1139,1584,1117,0,3
1140,1584,1118,0,3
1141,1584,1119,0,3
20,1586,21,1,0
108,1586,109,2,1
152,1586,153,2,1
196,1586,197,2,1
240,1586,241,2,1
328,1586,329,2,1
836,1586,814,0,2
837,1586,859,3,0
853,1586,875,3,0
854,1586,876,3,0
855,1586,833,0,3
1296,1586,1297,2,1
1340,1586,1341,2,1
1384,1586,1385,2,1
1324,1587,1302,0,3
1335,1587,1313,0,3
1337,1587,1315,0,3
1339,1587,1317,0,3
1341,1587,1363,3,0
707,1588,685,0,3
708,1588,730,3,0
721,1588,743,3,0
1291,1589,1269,0,3
422,1590,444,3,0
433,1590,455,3,0
1115,1591,1093,0,3
1117,1591,1095,0,3
422,1592,444,3,0
426,1592,448,3,0
433,1592,455,3,0
1078,1593,1100,2,0
1093,1593,1071,0,3
1095,1593,1073,0,3
1097,1593,1075,0,3
115,1594,93,0,3
116,1594,138,3,0
118,1594,140,3,0
120,1594,142,3,0
122,1594,144,3,0
124,1594,102,0,3
814,1595,792,0,2
815,1595,837,3,0
831,1595,853,3,0
833,1595,811,0,3
834,1595,812,0,3
835,1595,813,0,3
