792,0,770,0,2
793,0,815,3,0
794,0,772,0,3
797,0,775,0,3
808,0,830,3,0
809,0,831,3,0
812,0,834,3,0
793,1,815,3,0
794,1,772,0,3
797,1,775,0,3
808,1,830,3,0
809,1,831,3,0
794,2,772,0,3
797,2,775,0,3
808,2,830,3,0
809,2,831,3,0
797,3,775,0,3
808,3,830,3,0
809,3,831,3,0
797,4,775,0,3
808,4,830,3,0
797,5,775,0,3
797,6,775,0,3
798,6,820,3,0
807,6,829,3,0
808,6,830,3,0
797,7,775,0,3
798,7,820,3,0
799,7,777,0,3
806,7,828,3,0
807,7,829,3,0
808,7,830,3,0
797,8,775,0,3
798,8,820,3,0
799,8,777,0,3
800,8,822,3,0
806,8,828,3,0
807,8,829,3,0
808,8,830,3,0
797,9,775,0,3
798,9,820,3,0
799,9,777,0,3
800,9,822,3,0
801,9,779,0,3
804,9,782,0,3
806,9,828,3,0
807,9,829,3,0
808,9,830,3,0
797,10,775,0,3
798,10,820,3,0
799,10,777,0,3
800,10,822,3,0
801,10,779,0,3
802,10,824,3,0
803,10,781,0,3
804,10,782,0,3
806,10,828,3,0
807,10,829,3,0
808,10,830,3,0
797,11,775,0,3
798,11,820,3,0
799,11,777,0,3
800,11,822,3,0
801,11,779,0,3
803,11,781,0,3
804,11,782,0,3
806,11,828,3,0
807,11,829,3,0
808,11,830,3,0
797,12,775,0,3
798,12,820,3,0
799,12,777,0,3
800,12,822,3,0
804,12,782,0,3
806,12,828,3,0
807,12,829,3,0
808,12,830,3,0
797,13,775,0,3
798,13,820,3,0
799,13,777,0,3
806,13,828,3,0
807,13,829,3,0
808,13,830,3,0
797,14,775,0,3
798,14,820,3,0
806,14,828,3,0
807,14,829,3,0
808,14,830,3,0
797,15,775,0,3
807,15,829,3,0
808,15,830,3,0
808,16,830,3,0
797,17,775,0,3
808,17,830,3,0
809,17,831,3,0
797,18,775,0,3
808,18,830,3,0
809,18,831,3,0
794,19,772,0,3
797,19,775,0,3
808,19,830,3,0
809,19,831,3,0
793,20,815,3,0
794,20,772,0,3
797,20,775,0,3
808,20,830,3,0
809,20,831,3,0
812,20,834,3,0
792,21,770,0,2
793,21,815,3,0
794,21,772,0,3
797,21,775,0,3
808,21,830,3,0
809,21,831,3,0
812,21,834,3,0
814,22,792,0,2
815,22,837,3,0
816,22,794,0,3
830,22,852,3,0
831,22,853,3,0
834,22,856,3,0
815,23,837,3,0
816,23,794,0,3
830,23,852,3,0
831,23,853,3,0
816,24,794,0,3
830,24,852,3,0
831,24,853,3,0
830,25,852,3,0
831,25,853,3,0
830,26,852,3,0
830,27,852,3,0
829,28,851,3,0
830,28,852,3,0
821,29,799,0,3
828,29,850,3,0
829,29,851,3,0
830,29,852,3,0
821,30,799,0,3
822,30,844,3,0
828,30,850,3,0
829,30,851,3,0
830,30,852,3,0
821,31,799,0,3
822,31,844,3,0
826,31,804,0,3
828,31,850,3,0
829,31,851,3,0
830,31,852,3,0
821,32,799,0,3
822,32,844,3,0
824,32,846,3,0
825,32,803,0,3
826,32,804,0,3
828,32,850,3,0
829,32,851,3,0
830,32,852,3,0
821,33,799,0,3
822,33,844,3,0
825,33,803,0,3
826,33,804,0,3
828,33,850,3,0
829,33,851,3,0
830,33,852,3,0
821,34,799,0,3
822,34,844,3,0
826,34,804,0,3
828,34,850,3,0
829,34,851,3,0
830,34,852,3,0
821,35,799,0,3
828,35,850,3,0
829,35,851,3,0
830,35,852,3,0
828,36,850,3,0
829,36,851,3,0
830,36,852,3,0
829,37,851,3,0
830,37,852,3,0
830,38,852,3,0
830,39,852,3,0
831,39,853,3,0
830,40,852,3,0
831,40,853,3,0
816,41,794,0,3
830,41,852,3,0
831,41,853,3,0
815,42,837,3,0
816,42,794,0,3
830,42,852,3,0
831,42,853,3,0
834,42,856,3,0
814,43,792,0,2
815,43,837,3,0
816,43,794,0,3
830,43,852,3,0
831,43,853,3,0
834,43,856,3,0
836,44,814,0,2
837,44,859,3,0
838,44,816,0,3
841,44,863,3,0
852,44,874,3,0
853,44,875,3,0
854,44,832,0,3
855,44,877,3,0
856,44,878,3,0
837,45,859,3,0
838,45,816,0,3
841,45,863,3,0
852,45,874,3,0
853,45,875,3,0
854,45,832,0,3
855,45,877,3,0
838,46,816,0,3
841,46,863,3,0
852,46,874,3,0
853,46,875,3,0
854,46,832,0,3
841,47,863,3,0
852,47,874,3,0
853,47,875,3,0
841,48,863,3,0
852,48,874,3,0
841,49,863,3,0
841,50,863,3,0
842,50,864,3,0
851,50,873,3,0
852,50,874,3,0
841,51,863,3,0
842,51,864,3,0
843,51,821,0,3
850,51,872,3,0
851,51,873,3,0
852,51,874,3,0
841,52,863,3,0
842,52,864,3,0
843,52,821,0,3
844,52,866,3,0
850,52,872,3,0
851,52,873,3,0
852,52,874,3,0
841,53,863,3,0
842,53,864,3,0
843,53,821,0,3
844,53,866,3,0
848,53,826,0,3
850,53,872,3,0
851,53,873,3,0
852,53,874,3,0
841,54,863,3,0
842,54,864,3,0
843,54,821,0,3
844,54,866,3,0
846,54,868,3,0
848,54,826,0,3
850,54,872,3,0
851,54,873,3,0
852,54,874,3,0
841,55,863,3,0
842,55,864,3,0
843,55,821,0,3
844,55,866,3,0
848,55,826,0,3
850,55,872,3,0
851,55,873,3,0
852,55,874,3,0
841,56,863,3,0
842,56,864,3,0
843,56,821,0,3
844,56,866,3,0
848,56,826,0,3
850,56,872,3,0
851,56,873,3,0
852,56,874,3,0
841,57,863,3,0
842,57,864,3,0
843,57,821,0,3
850,57,872,3,0
851,57,873,3,0
852,57,874,3,0
841,58,863,3,0
842,58,864,3,0
850,58,872,3,0
851,58,873,3,0
852,58,874,3,0
841,59,863,3,0
851,59,873,3,0
852,59,874,3,0
852,60,874,3,0
841,61,863,3,0
852,61,874,3,0
853,61,875,3,0
841,62,863,3,0
852,62,874,3,0
853,62,875,3,0
854,62,832,0,3
838,63,816,0,3
841,63,863,3,0
852,63,874,3,0
853,63,875,3,0
854,63,832,0,3
855,63,877,3,0
837,64,859,3,0
838,64,816,0,3
841,64,863,3,0
852,64,874,3,0
853,64,875,3,0
854,64,832,0,3
855,64,877,3,0
856,64,878,3,0
836,65,814,0,2
837,65,859,3,0
838,65,816,0,3
841,65,863,3,0
852,65,874,3,0
853,65,875,3,0
854,65,832,0,3
855,65,877,3,0
856,65,878,3,0
857,65,879,3,0
858,66,836,0,2
860,66,838,0,3
863,66,885,3,0
874,66,896,3,0
875,66,897,3,0
876,66,854,0,3
878,66,900,3,0
860,67,838,0,3
863,67,885,3,0
874,67,896,3,0
875,67,897,3,0
876,67,854,0,3
860,68,838,0,3
863,68,885,3,0
874,68,896,3,0
875,68,897,3,0
876,68,854,0,3
863,69,885,3,0
874,69,896,3,0
875,69,897,3,0
863,70,885,3,0
874,70,896,3,0
863,71,885,3,0
874,71,896,3,0
863,72,885,3,0
864,72,886,3,0
873,72,895,3,0
874,72,896,3,0
863,73,885,3,0
864,73,886,3,0
872,73,894,3,0
873,73,895,3,0
874,73,896,3,0
863,74,885,3,0
864,74,886,3,0
872,74,894,3,0
873,74,895,3,0
874,74,896,3,0
863,75,885,3,0
864,75,886,3,0
867,75,889,3,0
870,75,848,0,3
872,75,894,3,0
873,75,895,3,0
874,75,896,3,0
863,76,885,3,0
864,76,886,3,0
867,76,889,3,0
868,76,890,3,0
870,76,848,0,3
872,76,894,3,0
873,76,895,3,0
874,76,896,3,0
863,77,885,3,0
864,77,886,3,0
867,77,889,3,0
870,77,848,0,3
872,77,894,3,0
873,77,895,3,0
874,77,896,3,0
863,78,885,3,0
864,78,886,3,0
870,78,848,0,3
872,78,894,3,0
873,78,895,3,0
874,78,896,3,0
863,79,885,3,0
864,79,886,3,0
872,79,894,3,0
873,79,895,3,0
874,79,896,3,0
863,80,885,3,0
864,80,886,3,0
872,80,894,3,0
873,80,895,3,0
874,80,896,3,0
863,81,885,3,0
873,81,895,3,0
874,81,896,3,0
874,82,896,3,0
863,83,885,3,0
874,83,896,3,0
875,83,897,3,0
863,84,885,3,0
874,84,896,3,0
875,84,897,3,0
876,84,854,0,3
860,85,838,0,3
863,85,885,3,0
874,85,896,3,0
875,85,897,3,0
876,85,854,0,3
860,86,838,0,3
863,86,885,3,0
874,86,896,3,0
875,86,897,3,0
876,86,854,0,3
878,86,900,3,0
858,87,836,0,2
860,87,838,0,3
863,87,885,3,0
874,87,896,3,0
875,87,897,3,0
876,87,854,0,3
878,87,900,3,0
879,87,901,3,0
880,88,858,0,2
881,88,903,3,0
882,88,860,0,3
896,88,918,3,0
897,88,919,3,0
898,88,876,0,3
900,88,922,3,0
881,89,903,3,0
882,89,860,0,3
896,89,918,3,0
897,89,919,3,0
898,89,876,0,3
882,90,860,0,3
896,90,918,3,0
897,90,919,3,0
898,90,876,0,3
896,91,918,3,0
897,91,919,3,0
896,92,918,3,0
895,94,917,3,0
896,94,918,3,0
894,95,916,3,0
895,95,917,3,0
896,95,918,3,0
894,96,916,3,0
895,96,917,3,0
896,96,918,3,0
889,97,911,3,0
892,97,914,3,0
894,97,916,3,0
895,97,917,3,0
896,97,918,3,0
889,98,911,3,0
890,98,912,3,0
892,98,914,3,0
894,98,916,3,0
895,98,917,3,0
896,98,918,3,0
889,99,911,3,0
892,99,914,3,0
894,99,916,3,0
895,99,917,3,0
896,99,918,3,0
892,100,914,3,0
894,100,916,3,0
895,100,917,3,0
896,100,918,3,0
894,101,916,3,0
895,101,917,3,0
896,101,918,3,0
894,102,916,3,0
895,102,917,3,0
896,102,918,3,0
895,103,917,3,0
896,103,918,3,0
896,104,918,3,0
896,105,918,3,0
897,105,919,3,0
896,106,918,3,0
897,106,919,3,0
898,106,876,0,3
882,107,860,0,3
896,107,918,3,0
897,107,919,3,0
898,107,876,0,3
881,108,903,3,0
882,108,860,0,3
896,108,918,3,0
897,108,919,3,0
898,108,876,0,3
900,108,922,3,0
880,109,858,0,2
881,109,903,3,0
882,109,860,0,3
896,109,918,3,0
897,109,919,3,0
898,109,876,0,3
900,109,922,3,0
901,109,923,3,0
902,110,880,0,2
903,110,925,3,0
904,110,882,0,3
919,110,941,3,0
920,110,898,0,3
922,110,944,3,0
903,111,925,3,0
904,111,882,0,3
919,111,941,3,0
920,111,898,0,3
904,112,882,0,3
919,112,941,3,0
920,112,898,0,3
919,113,941,3,0
917,116,939,3,0
916,117,938,3,0
917,117,939,3,0
916,118,938,3,0
917,118,939,3,0
914,119,936,3,0
916,119,938,3,0
917,119,939,3,0
912,120,934,3,0
914,120,936,3,0
916,120,938,3,0
917,120,939,3,0
914,121,936,3,0
916,121,938,3,0
917,121,939,3,0
914,122,936,3,0
916,122,938,3,0
917,122,939,3,0
916,123,938,3,0
917,123,939,3,0
916,124,938,3,0
917,124,939,3,0
917,125,939,3,0
919,127,941,3,0
919,128,941,3,0
920,128,898,0,3
904,129,882,0,3
919,129,941,3,0
920,129,898,0,3
903,130,925,3,0
904,130,882,0,3
919,130,941,3,0
920,130,898,0,3
922,130,944,3,0
902,131,880,0,2
903,131,925,3,0
904,131,882,0,3
919,131,941,3,0
920,131,898,0,3
922,131,944,3,0
923,131,945,3,0
924,132,902,0,2
926,132,904,0,3
941,132,963,3,0
942,132,920,0,3
944,132,966,3,0
926,133,904,0,3
941,133,963,3,0
942,133,920,0,3
926,134,904,0,3
941,134,963,3,0
942,134,920,0,3
941,135,963,3,0
939,138,961,3,0
938,139,960,3,0
939,139,961,3,0
937,140,959,3,0
938,140,960,3,0
939,140,961,3,0
936,141,958,3,0
937,141,959,3,0
938,141,960,3,0
939,141,961,3,0
934,142,956,3,0
936,142,958,3,0
937,142,959,3,0
938,142,960,3,0
939,142,961,3,0
936,143,958,3,0
937,143,959,3,0
938,143,960,3,0
939,143,961,3,0
936,144,958,3,0
937,144,959,3,0
938,144,960,3,0
939,144,961,3,0
937,145,959,3,0
938,145,960,3,0
939,145,961,3,0
938,146,960,3,0
939,146,961,3,0
939,147,961,3,0
941,149,963,3,0
941,150,963,3,0
942,150,920,0,3
926,151,904,0,3
941,151,963,3,0
942,151,920,0,3
926,152,904,0,3
941,152,963,3,0
942,152,920,0,3
944,152,966,3,0
924,153,902,0,2
926,153,904,0,3
941,153,963,3,0
942,153,920,0,3
944,153,966,3,0
945,153,967,3,0
946,154,924,0,2
963,154,985,3,0
964,154,942,0,3
965,154,987,3,0
966,154,988,3,0
963,155,985,3,0
964,155,942,0,3
965,155,987,3,0
963,156,985,3,0
964,156,942,0,3
963,157,985,3,0
960,161,982,3,0
954,162,932,0,3
959,162,981,3,0
960,162,982,3,0
954,163,932,0,3
955,163,977,3,0
958,163,980,3,0
959,163,981,3,0
960,163,982,3,0
954,164,932,0,3
955,164,977,3,0
956,164,978,3,0
958,164,980,3,0
959,164,981,3,0
960,164,982,3,0
954,165,932,0,3
955,165,977,3,0
958,165,980,3,0
959,165,981,3,0
960,165,982,3,0
954,166,932,0,3
958,166,980,3,0
959,166,981,3,0
960,166,982,3,0
959,167,981,3,0
960,167,982,3,0
960,168,982,3,0
963,171,985,3,0
963,172,985,3,0
964,172,942,0,3
963,173,985,3,0
964,173,942,0,3
965,173,987,3,0
963,174,985,3,0
964,174,942,0,3
965,174,987,3,0
966,174,988,3,0
946,175,924,0,2
963,175,985,3,0
964,175,942,0,3
965,175,987,3,0
966,175,988,3,0
967,175,989,3,0
968,176,946,0,2
969,176,991,3,0
985,176,1007,3,0
987,176,1009,3,0
988,176,1010,3,0
969,177,991,3,0
985,177,1007,3,0
987,177,1009,3,0
985,178,1007,3,0
985,179,1007,3,0
975,183,953,0,3
982,183,1004,3,0
975,184,953,0,3
976,184,954,0,3
981,184,1003,3,0
982,184,1004,3,0
975,185,953,0,3
976,185,954,0,3
981,185,1003,3,0
982,185,1004,3,0
975,186,953,0,3
976,186,954,0,3
981,186,1003,3,0
982,186,1004,3,0
975,187,953,0,3
976,187,954,0,3
981,187,1003,3,0
982,187,1004,3,0
975,188,953,0,3
976,188,954,0,3
981,188,1003,3,0
982,188,1004,3,0
975,189,953,0,3
981,189,1003,3,0
982,189,1004,3,0
982,190,1004,3,0
985,193,1007,3,0
985,194,1007,3,0
985,195,1007,3,0
987,195,1009,3,0
969,196,991,3,0
985,196,1007,3,0
987,196,1009,3,0
988,196,1010,3,0
968,197,946,0,2
969,197,991,3,0
985,197,1007,3,0
987,197,1009,3,0
988,197,1010,3,0
989,197,1011,3,0
990,198,968,0,2
991,198,1013,3,0
1007,198,1029,3,0
1010,198,1032,3,0
991,199,1013,3,0
1007,199,1029,3,0
1007,200,1029,3,0
1007,201,1029,3,0
997,205,975,0,3
1004,205,1026,3,0
997,206,975,0,3
998,206,976,0,3
1003,206,1025,3,0
1004,206,1026,3,0
997,207,975,0,3
998,207,976,0,3
1003,207,1025,3,0
1004,207,1026,3,0
997,208,975,0,3
998,208,976,0,3
1003,208,1025,3,0
1004,208,1026,3,0
997,209,975,0,3
998,209,976,0,3
1003,209,1025,3,0
1004,209,1026,3,0
997,210,975,0,3
998,210,976,0,3
1003,210,1025,3,0
1004,210,1026,3,0
997,211,975,0,3
1003,211,1025,3,0
1004,211,1026,3,0
1004,212,1026,3,0
1007,215,1029,3,0
1007,216,1029,3,0
1007,217,1029,3,0
991,218,1013,3,0
1007,218,1029,3,0
1010,218,1032,3,0
990,219,968,0,2
991,219,1013,3,0
1007,219,1029,3,0
1010,219,1032,3,0
1011,219,1033,3,0
1012,220,990,0,2
1013,220,1035,3,0
1016,220,1038,3,0
1029,220,1051,3,0
1032,220,1054,3,0
1013,221,1035,3,0
1016,221,1038,3,0
1029,221,1051,3,0
1016,222,1038,3,0
1029,222,1051,3,0
1016,223,1038,3,0
1029,223,1051,3,0
1016,224,1038,3,0
1026,227,1048,3,0
1020,228,998,0,3
1025,228,1047,3,0
1026,228,1048,3,0
1020,229,998,0,3
1025,229,1047,3,0
1026,229,1048,3,0
1020,230,998,0,3
1022,230,1000,0,3
1025,230,1047,3,0
1026,230,1048,3,0
1020,231,998,0,3
1025,231,1047,3,0
1026,231,1048,3,0
1020,232,998,0,3
1025,232,1047,3,0
1026,232,1048,3,0
1025,233,1047,3,0
1026,233,1048,3,0
1026,234,1048,3,0
1016,237,1038,3,0
1029,237,1051,3,0
1016,238,1038,3,0
1029,238,1051,3,0
1016,239,1038,3,0
1029,239,1051,3,0
1013,240,1035,3,0
1016,240,1038,3,0
1029,240,1051,3,0
1032,240,1054,3,0
1012,241,990,0,2
1013,241,1035,3,0
1016,241,1038,3,0
1029,241,1051,3,0
1032,241,1054,3,0
1033,241,1055,3,0
1034,242,1012,0,2
1035,242,1057,3,0
1038,242,1016,0,3
1051,242,1073,3,0
1054,242,1076,3,0
1035,243,1057,3,0
1038,243,1016,0,3
1051,243,1073,3,0
1038,244,1016,0,3
1051,244,1073,3,0
1038,245,1016,0,3
1051,245,1073,3,0
1038,246,1016,0,3
1048,249,1070,3,0
1042,250,1020,0,3
1047,250,1069,3,0
1048,250,1070,3,0
1042,251,1020,0,3
1047,251,1069,3,0
1048,251,1070,3,0
1042,252,1020,0,3
1044,252,1022,0,3
1047,252,1069,3,0
1048,252,1070,3,0
1042,253,1020,0,3
1047,253,1069,3,0
1048,253,1070,3,0
1042,254,1020,0,3
1047,254,1069,3,0
1048,254,1070,3,0
1047,255,1069,3,0
1048,255,1070,3,0
1048,256,1070,3,0
1038,259,1016,0,3
1051,259,1073,3,0
1038,260,1016,0,3
1051,260,1073,3,0
1038,261,1016,0,3
1051,261,1073,3,0
1035,262,1057,3,0
1038,262,1016,0,3
1051,262,1073,3,0
1054,262,1076,3,0
1034,263,1012,0,2
1035,263,1057,3,0
1038,263,1016,0,3
1051,263,1073,3,0
1054,263,1076,3,0
1055,263,1077,3,0
1056,264,1034,0,2
1057,264,1079,3,0
1060,264,1038,0,3
1076,264,1098,3,0
1057,265,1079,3,0
1060,265,1038,0,3
1060,266,1038,0,3
1060,267,1038,0,3
1060,268,1038,0,3
1063,271,1085,3,0
1070,271,1092,3,0
1063,272,1085,3,0
1064,272,1042,0,3
1069,272,1091,3,0
1070,272,1092,3,0
1063,273,1085,3,0
1064,273,1042,0,3
1069,273,1091,3,0
1070,273,1092,3,0
1063,274,1085,3,0
1064,274,1042,0,3
1066,274,1044,0,3
1069,274,1091,3,0
1070,274,1092,3,0
1063,275,1085,3,0
1064,275,1042,0,3
1069,275,1091,3,0
1070,275,1092,3,0
1063,276,1085,3,0
1064,276,1042,0,3
1069,276,1091,3,0
1070,276,1092,3,0
1063,277,1085,3,0
1069,277,1091,3,0
1070,277,1092,3,0
1070,278,1092,3,0
1060,281,1038,0,3
1060,282,1038,0,3
1060,283,1038,0,3
1057,284,1079,3,0
1060,284,1038,0,3
1076,284,1098,3,0
1056,285,1034,0,2
1057,285,1079,3,0
1060,285,1038,0,3
1076,285,1098,3,0
1078,286,1056,0,2
1079,286,1101,3,0
1098,286,1120,3,0
1079,287,1101,3,0
1085,293,1107,3,0
1092,293,1114,3,0
1085,294,1107,3,0
1086,294,1064,0,3
1091,294,1113,3,0
1092,294,1114,3,0
1085,295,1107,3,0
1086,295,1064,0,3
1091,295,1113,3,0
1092,295,1114,3,0
1085,296,1107,3,0
1086,296,1064,0,3
1088,296,1066,0,3
1091,296,1113,3,0
1092,296,1114,3,0
1085,297,1107,3,0
1086,297,1064,0,3
1091,297,1113,3,0
1092,297,1114,3,0
1085,298,1107,3,0
1086,298,1064,0,3
1091,298,1113,3,0
1092,298,1114,3,0
1085,299,1107,3,0
1091,299,1113,3,0
1092,299,1114,3,0
1092,300,1114,3,0
1079,306,1101,3,0
1098,306,1120,3,0
1078,307,1056,0,2
1079,307,1101,3,0
1098,307,1120,3,0
1100,308,1078,0,2
1118,308,1096,0,3
1120,308,1142,3,0
1118,309,1096,0,3
1118,310,1096,0,3
1106,314,1128,3,0
1106,315,1128,3,0
1107,315,1129,3,0
1114,315,1136,3,0
1106,316,1128,3,0
1107,316,1129,3,0
1108,316,1086,0,3
1113,316,1135,3,0
1114,316,1136,3,0
1106,317,1128,3,0
1107,317,1129,3,0
1108,317,1086,0,3
1113,317,1135,3,0
1114,317,1136,3,0
1106,318,1128,3,0
1107,318,1129,3,0
1108,318,1086,0,3
1110,318,1088,0,3
1113,318,1135,3,0
1114,318,1136,3,0
1106,319,1128,3,0
1107,319,1129,3,0
1108,319,1086,0,3
1113,319,1135,3,0
1114,319,1136,3,0
1106,320,1128,3,0
1107,320,1129,3,0
1108,320,1086,0,3
1113,320,1135,3,0
1114,320,1136,3,0
1106,321,1128,3,0
1107,321,1129,3,0
1113,321,1135,3,0
1114,321,1136,3,0
1106,322,1128,3,0
1114,322,1136,3,0
1118,326,1096,0,3
1118,327,1096,0,3
1118,328,1096,0,3
1120,328,1142,3,0
1100,329,1078,0,2
1118,329,1096,0,3
1120,329,1142,3,0
1122,330,1100,0,2
1125,330,1103,0,3
1126,330,1104,0,3
1140,330,1118,0,3
1142,330,1164,3,0
1125,331,1103,0,3
1126,331,1104,0,3
1140,331,1118,0,3
1125,332,1103,0,3
1126,332,1104,0,3
1140,332,1118,0,3
1125,333,1103,0,3
1126,333,1104,0,3
1126,334,1104,0,3
1128,336,1150,3,0
1128,337,1150,3,0
1129,337,1151,3,0
1128,338,1150,3,0
1129,338,1151,3,0
1130,338,1108,0,3
1135,338,1157,3,0
1128,339,1150,3,0
1129,339,1151,3,0
1130,339,1108,0,3
1135,339,1157,3,0
1128,340,1150,3,0
1129,340,1151,3,0
1130,340,1108,0,3
1132,340,1110,0,3
1135,340,1157,3,0
1128,341,1150,3,0
1129,341,1151,3,0
1130,341,1108,0,3
1135,341,1157,3,0
1128,342,1150,3,0
1129,342,1151,3,0
1130,342,1108,0,3
1135,342,1157,3,0
1128,343,1150,3,0
1129,343,1151,3,0
1135,343,1157,3,0
1128,344,1150,3,0
1126,347,1104,0,3
1125,348,1103,0,3
1126,348,1104,0,3
1140,348,1118,0,3
1125,349,1103,0,3
1126,349,1104,0,3
1140,349,1118,0,3
1125,350,1103,0,3
1126,350,1104,0,3
1140,350,1118,0,3
1142,350,1164,3,0
1122,351,1100,0,2
1125,351,1103,0,3
1126,351,1104,0,3
1140,351,1118,0,3
1142,351,1164,3,0
1144,352,1122,0,2
1147,352,1125,0,3
1148,352,1126,0,3
1162,352,1140,0,3
1164,352,1186,3,0
1147,353,1125,0,3
1148,353,1126,0,3
1162,353,1140,0,3
1147,354,1125,0,3
1148,354,1126,0,3
1162,354,1140,0,3
1147,355,1125,0,3
1148,355,1126,0,3
1148,356,1126,0,3
1150,358,1172,3,0
1150,359,1172,3,0
1151,359,1173,3,0
1150,360,1172,3,0
1151,360,1173,3,0
1152,360,1130,0,3
1157,360,1179,3,0
1150,361,1172,3,0
1151,361,1173,3,0
1152,361,1130,0,3
1157,361,1179,3,0
1150,362,1172,3,0
1151,362,1173,3,0
1152,362,1130,0,3
1154,362,1132,0,3
1157,362,1179,3,0
1150,363,1172,3,0
1151,363,1173,3,0
1152,363,1130,0,3
1157,363,1179,3,0
1150,364,1172,3,0
1151,364,1173,3,0
1152,364,1130,0,3
1157,364,1179,3,0
1150,365,1172,3,0
1151,365,1173,3,0
1157,365,1179,3,0
1150,366,1172,3,0
1148,369,1126,0,3
1147,370,1125,0,3
1148,370,1126,0,3
1162,370,1140,0,3
1147,371,1125,0,3
1148,371,1126,0,3
1162,371,1140,0,3
1147,372,1125,0,3
1148,372,1126,0,3
1162,372,1140,0,3
1164,372,1186,3,0
1144,373,1122,0,2
1147,373,1125,0,3
1148,373,1126,0,3
1162,373,1140,0,3
1164,373,1186,3,0
1166,374,1144,0,2
1169,374,1147,0,3
1170,374,1148,0,3
1184,374,1162,0,3
1186,374,1208,3,0
1169,375,1147,0,3
1170,375,1148,0,3
1184,375,1162,0,3
1169,376,1147,0,3
1170,376,1148,0,3
1184,376,1162,0,3
1169,377,1147,0,3
1170,377,1148,0,3
1170,378,1148,0,3
1172,380,1194,3,0
1172,381,1194,3,0
1173,381,1195,3,0
1180,381,1202,3,0
1172,382,1194,3,0
1173,382,1195,3,0
1174,382,1152,0,3
1179,382,1201,3,0
1180,382,1202,3,0
1172,383,1194,3,0
1173,383,1195,3,0
1174,383,1152,0,3
1179,383,1201,3,0
1180,383,1202,3,0
1172,384,1194,3,0
1173,384,1195,3,0
1174,384,1152,0,3
1176,384,1154,0,3
1179,384,1201,3,0
1180,384,1202,3,0
1172,385,1194,3,0
1173,385,1195,3,0
1174,385,1152,0,3
1179,385,1201,3,0
1180,385,1202,3,0
1172,386,1194,3,0
1173,386,1195,3,0
1174,386,1152,0,3
1179,386,1201,3,0
1180,386,1202,3,0
1172,387,1194,3,0
1173,387,1195,3,0
1179,387,1201,3,0
1180,387,1202,3,0
1172,388,1194,3,0
1180,388,1202,3,0
1170,391,1148,0,3
1169,392,1147,0,3
1170,392,1148,0,3
1184,392,1162,0,3
1169,393,1147,0,3
1170,393,1148,0,3
1184,393,1162,0,3
1169,394,1147,0,3
1170,394,1148,0,3
1184,394,1162,0,3
1186,394,1208,3,0
1166,395,1144,0,2
1169,395,1147,0,3
1170,395,1148,0,3
1184,395,1162,0,3
1186,395,1208,3,0
1188,396,1166,0,2
1191,396,1169,0,3
1192,396,1170,0,3
1206,396,1184,0,3
1208,396,1186,0,3
1191,397,1169,0,3
1192,397,1170,0,3
1206,397,1184,0,3
1191,398,1169,0,3
1192,398,1170,0,3
1206,398,1184,0,3
1191,399,1169,0,3
1192,399,1170,0,3
1192,400,1170,0,3
1194,402,1216,3,0
1203,402,1181,0,3
1194,403,1216,3,0
1195,403,1217,3,0
1202,403,1224,3,0
1203,403,1181,0,3
1194,404,1216,3,0
1195,404,1217,3,0
1196,404,1174,0,3
1201,404,1223,3,0
1202,404,1224,3,0
1203,404,1181,0,3
1194,405,1216,3,0
1195,405,1217,3,0
1196,405,1174,0,3
1201,405,1223,3,0
1202,405,1224,3,0
1203,405,1181,0,3
1194,406,1216,3,0
1195,406,1217,3,0
1196,406,1174,0,3
1198,406,1176,0,3
1201,406,1223,3,0
1202,406,1224,3,0
1203,406,1181,0,3
1194,407,1216,3,0
1195,407,1217,3,0
1196,407,1174,0,3
1201,407,1223,3,0
1202,407,1224,3,0
1203,407,1181,0,3
1194,408,1216,3,0
1195,408,1217,3,0
1196,408,1174,0,3
1201,408,1223,3,0
1202,408,1224,3,0
1203,408,1181,0,3
1194,409,1216,3,0
1195,409,1217,3,0
1201,409,1223,3,0
1202,409,1224,3,0
1203,409,1181,0,3
1194,410,1216,3,0
1202,410,1224,3,0
1203,410,1181,0,3
1203,411,1181,0,3
1192,413,1170,0,3
1191,414,1169,0,3
1192,414,1170,0,3
1206,414,1184,0,3
1191,415,1169,0,3
1192,415,1170,0,3
1206,415,1184,0,3
1191,416,1169,0,3
1192,416,1170,0,3
1206,416,1184,0,3
1208,416,1186,0,3
1188,417,1166,0,2
1191,417,1169,0,3
1192,417,1170,0,3
1206,417,1184,0,3
1208,417,1186,0,3
1210,418,1188,0,2
1213,418,1191,0,3
1214,418,1192,0,3
1228,418,1206,0,3
1230,418,1208,0,3
1213,419,1191,0,3
1214,419,1192,0,3
1228,419,1206,0,3
1213,420,1191,0,3
1214,420,1192,0,3
1228,420,1206,0,3
1213,421,1191,0,3
1214,421,1192,0,3
1214,422,1192,0,3
1216,424,1238,3,0
1225,424,1203,0,3
1216,425,1238,3,0
1217,425,1239,3,0
1224,425,1246,3,0
1225,425,1203,0,3
1216,426,1238,3,0
1217,426,1239,3,0
1218,426,1196,0,3
1223,426,1245,3,0
1224,426,1246,3,0
1225,426,1203,0,3
1216,427,1238,3,0
1217,427,1239,3,0
1218,427,1196,0,3
1223,427,1245,3,0
1224,427,1246,3,0
1225,427,1203,0,3
1216,428,1238,3,0
1217,428,1239,3,0
1218,428,1196,0,3
1220,428,1198,0,3
1223,428,1245,3,0
1224,428,1246,3,0
1225,428,1203,0,3
1216,429,1238,3,0
1217,429,1239,3,0
1218,429,1196,0,3
1223,429,1245,3,0
1224,429,1246,3,0
1225,429,1203,0,3
1216,430,1238,3,0
1217,430,1239,3,0
1218,430,1196,0,3
1223,430,1245,3,0
1224,430,1246,3,0
1225,430,1203,0,3
1216,431,1238,3,0
1217,431,1239,3,0
1223,431,1245,3,0
1224,431,1246,3,0
1225,431,1203,0,3
1216,432,1238,3,0
1224,432,1246,3,0
1225,432,1203,0,3
1225,433,1203,0,3
1214,435,1192,0,3
1213,436,1191,0,3
1214,436,1192,0,3
1228,436,1206,0,3
1213,437,1191,0,3
1214,437,1192,0,3
1228,437,1206,0,3
1213,438,1191,0,3
1214,438,1192,0,3
1228,438,1206,0,3
1230,438,1208,0,3
1210,439,1188,0,2
1213,439,1191,0,3
1214,439,1192,0,3
1228,439,1206,0,3
1230,439,1208,0,3
1232,440,1210,0,2
1235,440,1213,0,3
1236,440,1214,0,3
1250,440,1228,0,3
1252,440,1230,0,3
1235,441,1213,0,3
1236,441,1214,0,3
1250,441,1228,0,3
1235,442,1213,0,3
1236,442,1214,0,3
1250,442,1228,0,3
1235,443,1213,0,3
1236,443,1214,0,3
1236,444,1214,0,3
1238,446,1260,3,0
1238,447,1260,3,0
1239,447,1261,3,0
1246,447,1268,3,0
1238,448,1260,3,0
1239,448,1261,3,0
1240,448,1218,0,3
1245,448,1267,3,0
1246,448,1268,3,0
1238,449,1260,3,0
1239,449,1261,3,0
1240,449,1218,0,3
1245,449,1267,3,0
1246,449,1268,3,0
1238,450,1260,3,0
1239,450,1261,3,0
1240,450,1218,0,3
1242,450,1220,0,3
1245,450,1267,3,0
1246,450,1268,3,0
1238,451,1260,3,0
1239,451,1261,3,0
1240,451,1218,0,3
1245,451,1267,3,0
1246,451,1268,3,0
1238,452,1260,3,0
1239,452,1261,3,0
1240,452,1218,0,3
1245,452,1267,3,0
1246,452,1268,3,0
1238,453,1260,3,0
1239,453,1261,3,0
1245,453,1267,3,0
1246,453,1268,3,0
1238,454,1260,3,0
1246,454,1268,3,0
1236,457,1214,0,3
1235,458,1213,0,3
1236,458,1214,0,3
1250,458,1228,0,3
1235,459,1213,0,3
1236,459,1214,0,3
1250,459,1228,0,3
1235,460,1213,0,3
1236,460,1214,0,3
1250,460,1228,0,3
1252,460,1230,0,3
1232,461,1210,0,2
1235,461,1213,0,3
1236,461,1214,0,3
1250,461,1228,0,3
1252,461,1230,0,3
1254,462,1232,0,2
1257,462,1235,0,3
1258,462,1236,0,3
1272,462,1250,0,3
1274,462,1252,0,3
1257,463,1235,0,3
1258,463,1236,0,3
1272,463,1250,0,3
1257,464,1235,0,3
1258,464,1236,0,3
1272,464,1250,0,3
1257,465,1235,0,3
1258,465,1236,0,3
1258,466,1236,0,3
1260,468,1282,3,0
1260,469,1282,3,0
1261,469,1283,3,0
1268,469,1290,3,0
1260,470,1282,3,0
1261,470,1283,3,0
1262,470,1240,0,3
1267,470,1289,3,0
1268,470,1290,3,0
1260,471,1282,3,0
1261,471,1283,3,0
1262,471,1240,0,3
1267,471,1289,3,0
1268,471,1290,3,0
1260,472,1282,3,0
1261,472,1283,3,0
1262,472,1240,0,3
1264,472,1242,0,3
1267,472,1289,3,0
1268,472,1290,3,0
1260,473,1282,3,0
1261,473,1283,3,0
1262,473,1240,0,3
1267,473,1289,3,0
1268,473,1290,3,0
1260,474,1282,3,0
1261,474,1283,3,0
1262,474,1240,0,3
1267,474,1289,3,0
1268,474,1290,3,0
1260,475,1282,3,0
1261,475,1283,3,0
1267,475,1289,3,0
1268,475,1290,3,0
1260,476,1282,3,0
1268,476,1290,3,0
1258,479,1236,0,3
1257,480,1235,0,3
1258,480,1236,0,3
1272,480,1250,0,3
1257,481,1235,0,3
1258,481,1236,0,3
1272,481,1250,0,3
1257,482,1235,0,3
1258,482,1236,0,3
1272,482,1250,0,3
1274,482,1252,0,3
1254,483,1232,0,2
1257,483,1235,0,3
1258,483,1236,0,3
1272,483,1250,0,3
1274,483,1252,0,3
1276,484,1254,0,2
1279,484,1257,0,3
1280,484,1258,0,3
1281,484,1303,3,0
1294,484,1272,0,3
1296,484,1274,0,3
1279,485,1257,0,3
1280,485,1258,0,3
1281,485,1303,3,0
1294,485,1272,0,3
1279,486,1257,0,3
1280,486,1258,0,3
1281,486,1303,3,0
1294,486,1272,0,3
1279,487,1257,0,3
1280,487,1258,0,3
1281,487,1303,3,0
1280,488,1258,0,3
1281,488,1303,3,0
1281,489,1303,3,0
1281,490,1303,3,0
1282,490,1304,3,0
1291,490,1269,0,3
1281,491,1303,3,0
1282,491,1304,3,0
1283,491,1305,3,0
1291,491,1269,0,3
1281,492,1303,3,0
1282,492,1304,3,0
1283,492,1305,3,0
1284,492,1262,0,3
1289,492,1311,3,0
1291,492,1269,0,3
1281,493,1303,3,0
1282,493,1304,3,0
1283,493,1305,3,0
1284,493,1262,0,3
1289,493,1311,3,0
1291,493,1269,0,3
1281,494,1303,3,0
1282,494,1304,3,0
1283,494,1305,3,0
1284,494,1262,0,3
1286,494,1264,0,3
1289,494,1311,3,0
1291,494,1269,0,3
1281,495,1303,3,0
1282,495,1304,3,0
1283,495,1305,3,0
1284,495,1262,0,3
1289,495,1311,3,0
1291,495,1269,0,3
1281,496,1303,3,0
1282,496,1304,3,0
1283,496,1305,3,0
1284,496,1262,0,3
1289,496,1311,3,0
1291,496,1269,0,3
1281,497,1303,3,0
1282,497,1304,3,0
1283,497,1305,3,0
1289,497,1311,3,0
1291,497,1269,0,3
1281,498,1303,3,0
1282,498,1304,3,0
1291,498,1269,0,3
1281,499,1303,3,0
1291,499,1269,0,3
1280,501,1258,0,3
1281,501,1303,3,0
1279,502,1257,0,3
1280,502,1258,0,3
1281,502,1303,3,0
1294,502,1272,0,3
1279,503,1257,0,3
1280,503,1258,0,3
1281,503,1303,3,0
1294,503,1272,0,3
1279,504,1257,0,3
1280,504,1258,0,3
1281,504,1303,3,0
1294,504,1272,0,3
1296,504,1274,0,3
1276,505,1254,0,2
1279,505,1257,0,3
1280,505,1258,0,3
1281,505,1303,3,0
1294,505,1272,0,3
1296,505,1274,0,3
1298,506,1276,0,2
1299,506,1321,3,0
1301,506,1279,0,3
1302,506,1280,0,3
1316,506,1294,0,3
1299,507,1321,3,0
1301,507,1279,0,3
1302,507,1280,0,3
1316,507,1294,0,3
1301,508,1279,0,3
1302,508,1280,0,3
1316,508,1294,0,3
1301,509,1279,0,3
1302,509,1280,0,3
1302,510,1280,0,3
1304,512,1326,3,0
1313,512,1291,0,3
1304,513,1326,3,0
1305,513,1327,3,0
1313,513,1291,0,3
1304,514,1326,3,0
1305,514,1327,3,0
1306,514,1284,0,3
1313,514,1291,0,3
1304,515,1326,3,0
1305,515,1327,3,0
1306,515,1284,0,3
1313,515,1291,0,3
1304,516,1326,3,0
1305,516,1327,3,0
1306,516,1284,0,3
1308,516,1286,0,3
1313,516,1291,0,3
1304,517,1326,3,0
1305,517,1327,3,0
1306,517,1284,0,3
1313,517,1291,0,3
1304,518,1326,3,0
1305,518,1327,3,0
1306,518,1284,0,3
1313,518,1291,0,3
1304,519,1326,3,0
1305,519,1327,3,0
1313,519,1291,0,3
1304,520,1326,3,0
1313,520,1291,0,3
1313,521,1291,0,3
1302,523,1280,0,3
1301,524,1279,0,3
1302,524,1280,0,3
1316,524,1294,0,3
1301,525,1279,0,3
1302,525,1280,0,3
1316,525,1294,0,3
1299,526,1321,3,0
1301,526,1279,0,3
1302,526,1280,0,3
1316,526,1294,0,3
1298,527,1276,0,2
1299,527,1321,3,0
1301,527,1279,0,3
1302,527,1280,0,3
1316,527,1294,0,3
1320,528,1298,0,2
1321,528,1343,3,0
1323,528,1301,0,3
1324,528,1302,0,3
1338,528,1316,0,3
1321,529,1343,3,0
1323,529,1301,0,3
1324,529,1302,0,3
1338,529,1316,0,3
1323,530,1301,0,3
1324,530,1302,0,3
1338,530,1316,0,3
1323,531,1301,0,3
1324,531,1302,0,3
1324,532,1302,0,3
1326,534,1348,3,0
1335,534,1313,0,3
1326,535,1348,3,0
1327,535,1349,3,0
1335,535,1313,0,3
1326,536,1348,3,0
1327,536,1349,3,0
1328,536,1306,0,3
1335,536,1313,0,3
1326,537,1348,3,0
1327,537,1349,3,0
1328,537,1306,0,3
1335,537,1313,0,3
1326,538,1348,3,0
1327,538,1349,3,0
1328,538,1306,0,3
1330,538,1308,0,3
1335,538,1313,0,3
1326,539,1348,3,0
1327,539,1349,3,0
1328,539,1306,0,3
1335,539,1313,0,3
1326,540,1348,3,0
1327,540,1349,3,0
1328,540,1306,0,3
1335,540,1313,0,3
1326,541,1348,3,0
1327,541,1349,3,0
1335,541,1313,0,3
1326,542,1348,3,0
1335,542,1313,0,3
1335,543,1313,0,3
1324,545,1302,0,3
1323,546,1301,0,3
1324,546,1302,0,3
1338,546,1316,0,3
1323,547,1301,0,3
1324,547,1302,0,3
1338,547,1316,0,3
1321,548,1343,3,0
1323,548,1301,0,3
1324,548,1302,0,3
1338,548,1316,0,3
1320,549,1298,0,2
1321,549,1343,3,0
1323,549,1301,0,3
1324,549,1302,0,3
1338,549,1316,0,3
1342,550,1320,0,2
1345,550,1323,0,3
1346,550,1324,0,3
1345,551,1323,0,3
1346,551,1324,0,3
1345,552,1323,0,3
1346,552,1324,0,3
1345,553,1323,0,3
1346,553,1324,0,3
1346,554,1324,0,3
1348,556,1370,3,0
1357,556,1335,0,3
1348,557,1370,3,0
1349,557,1371,3,0
1356,557,1378,3,0
1357,557,1335,0,3
1348,558,1370,3,0
1349,558,1371,3,0
1350,558,1328,0,3
1356,558,1378,3,0
1357,558,1335,0,3
1348,559,1370,3,0
1349,559,1371,3,0
1350,559,1328,0,3
1356,559,1378,3,0
1357,559,1335,0,3
1348,560,1370,3,0
1349,560,1371,3,0
1350,560,1328,0,3
1352,560,1330,0,3
1356,560,1378,3,0
1357,560,1335,0,3
1348,561,1370,3,0
1349,561,1371,3,0
1350,561,1328,0,3
1356,561,1378,3,0
1357,561,1335,0,3
1348,562,1370,3,0
1349,562,1371,3,0
1350,562,1328,0,3
1356,562,1378,3,0
1357,562,1335,0,3
1348,563,1370,3,0
1349,563,1371,3,0
1356,563,1378,3,0
1357,563,1335,0,3
1348,564,1370,3,0
1356,564,1378,3,0
1357,564,1335,0,3
1357,565,1335,0,3
1346,567,1324,0,3
1345,568,1323,0,3
1346,568,1324,0,3
1345,569,1323,0,3
1346,569,1324,0,3
1345,570,1323,0,3
1346,570,1324,0,3
1342,571,1320,0,2
1345,571,1323,0,3
1346,571,1324,0,3
1364,572,1342,0,2
1367,572,1345,0,3
1367,573,1345,0,3
1367,574,1345,0,3
1367,575,1345,0,3
1370,578,1392,3,0
1379,578,1357,0,3
1370,579,1392,3,0
1371,579,1393,3,0
1379,579,1357,0,3
1370,580,1392,3,0
1371,580,1393,3,0
1372,580,1350,0,3
1379,580,1357,0,3
1370,581,1392,3,0
1371,581,1393,3,0
1372,581,1350,0,3
1379,581,1357,0,3
1370,582,1392,3,0
1371,582,1393,3,0
1372,582,1350,0,3
1374,582,1352,0,3
1379,582,1357,0,3
1370,583,1392,3,0
1371,583,1393,3,0
1372,583,1350,0,3
1379,583,1357,0,3
1370,584,1392,3,0
1371,584,1393,3,0
1372,584,1350,0,3
1379,584,1357,0,3
1370,585,1392,3,0
1371,585,1393,3,0
1379,585,1357,0,3
1370,586,1392,3,0
1379,586,1357,0,3
1379,587,1357,0,3
1367,590,1345,0,3
1367,591,1345,0,3
1367,592,1345,0,3
1364,593,1342,0,2
1367,593,1345,0,3
1386,594,1364,0,2
1387,594,1409,3,0
1389,594,1367,0,3
1406,594,1384,0,3
1387,595,1409,3,0
1389,595,1367,0,3
1389,596,1367,0,3
1389,597,1367,0,3
1392,600,1414,3,0
1401,600,1379,0,3
1392,601,1414,3,0
1393,601,1415,3,0
1401,601,1379,0,3
1392,602,1414,3,0
1393,602,1415,3,0
1394,602,1372,0,3
1401,602,1379,0,3
1392,603,1414,3,0
1393,603,1415,3,0
1394,603,1372,0,3
1401,603,1379,0,3
1392,604,1414,3,0
1393,604,1415,3,0
1394,604,1372,0,3
1396,604,1374,0,3
1401,604,1379,0,3
1392,605,1414,3,0
1393,605,1415,3,0
1394,605,1372,0,3
1401,605,1379,0,3
1392,606,1414,3,0
1393,606,1415,3,0
1394,606,1372,0,3
1401,606,1379,0,3
1392,607,1414,3,0
1393,607,1415,3,0
1401,607,1379,0,3
1392,608,1414,3,0
1401,608,1379,0,3
1401,609,1379,0,3
1389,612,1367,0,3
1389,613,1367,0,3
1387,614,1409,3,0
1389,614,1367,0,3
1406,614,1384,0,3
1386,615,1364,0,2
1387,615,1409,3,0
1389,615,1367,0,3
1406,615,1384,0,3
1408,616,1386,0,2
1409,616,1431,3,0
1411,616,1389,0,3
1412,616,1434,3,0
1428,616,1406,0,3
1409,617,1431,3,0
1411,617,1389,0,3
1412,617,1434,3,0
1411,618,1389,0,3
1412,618,1434,3,0
1411,619,1389,0,3
1412,619,1434,3,0
1412,620,1434,3,0
1414,622,1436,3,0
1423,622,1401,0,3
1414,623,1436,3,0
1415,623,1437,3,0
1423,623,1401,0,3
1414,624,1436,3,0
1415,624,1437,3,0
1416,624,1394,0,3
1423,624,1401,0,3
1414,625,1436,3,0
1415,625,1437,3,0
1416,625,1394,0,3
1417,625,1395,0,3
1423,625,1401,0,3
1414,626,1436,3,0
1415,626,1437,3,0
1416,626,1394,0,3
1417,626,1395,0,3
1418,626,1396,0,3
1423,626,1401,0,3
1414,627,1436,3,0
1415,627,1437,3,0
1416,627,1394,0,3
1417,627,1395,0,3
1423,627,1401,0,3
1414,628,1436,3,0
1415,628,1437,3,0
1416,628,1394,0,3
1423,628,1401,0,3
1414,629,1436,3,0
1415,629,1437,3,0
1423,629,1401,0,3
1414,630,1436,3,0
1423,630,1401,0,3
1423,631,1401,0,3
1412,633,1434,3,0
1411,634,1389,0,3
1412,634,1434,3,0
1411,635,1389,0,3
1412,635,1434,3,0
1409,636,1431,3,0
1411,636,1389,0,3
1412,636,1434,3,0
1428,636,1406,0,3
1408,637,1386,0,2
1409,637,1431,3,0
1411,637,1389,0,3
1412,637,1434,3,0
1428,637,1406,0,3
1430,638,1408,0,2
1431,638,1453,3,0
1433,638,1411,0,3
1434,638,1456,3,0
1446,638,1424,0,3
1450,638,1428,0,3
1431,639,1453,3,0
1433,639,1411,0,3
1434,639,1456,3,0
1446,639,1424,0,3
1433,640,1411,0,3
1434,640,1456,3,0
1446,640,1424,0,3
1433,641,1411,0,3
1434,641,1456,3,0
1446,641,1424,0,3
1434,642,1456,3,0
1446,642,1424,0,3
1446,643,1424,0,3
1436,644,1458,3,0
1445,644,1423,0,3
1446,644,1424,0,3
1436,645,1458,3,0
1437,645,1459,3,0
1445,645,1423,0,3
1446,645,1424,0,3
1436,646,1458,3,0
1437,646,1459,3,0
1438,646,1416,0,3
1445,646,1423,0,3
1446,646,1424,0,3
1436,647,1458,3,0
1437,647,1459,3,0
1438,647,1416,0,3
1439,647,1417,0,3
1445,647,1423,0,3
1446,647,1424,0,3
1436,648,1458,3,0
1437,648,1459,3,0
1438,648,1416,0,3
1439,648,1417,0,3
1440,648,1418,0,3
1445,648,1423,0,3
1446,648,1424,0,3
1436,649,1458,3,0
1437,649,1459,3,0
1438,649,1416,0,3
1439,649,1417,0,3
1445,649,1423,0,3
1446,649,1424,0,3
1436,650,1458,3,0
1437,650,1459,3,0
1438,650,1416,0,3
1445,650,1423,0,3
1446,650,1424,0,3
1436,651,1458,3,0
1437,651,1459,3,0
1445,651,1423,0,3
1446,651,1424,0,3
1436,652,1458,3,0
1445,652,1423,0,3
1446,652,1424,0,3
1445,653,1423,0,3
1446,653,1424,0,3
1446,654,1424,0,3
1434,655,1456,3,0
1446,655,1424,0,3
1433,656,1411,0,3
1434,656,1456,3,0
1446,656,1424,0,3
1433,657,1411,0,3
1434,657,1456,3,0
1446,657,1424,0,3
1431,658,1453,3,0
1433,658,1411,0,3
1434,658,1456,3,0
1446,658,1424,0,3
1450,658,1428,0,3
1430,659,1408,0,2
1431,659,1453,3,0
1433,659,1411,0,3
1434,659,1456,3,0
1446,659,1424,0,3
1450,659,1428,0,3
1453,660,1475,3,0
1471,660,1449,0,3
1472,660,1450,0,3
1453,661,1475,3,0
1471,661,1449,0,3
1458,666,1480,3,0
1467,666,1445,0,3
1458,667,1480,3,0
1459,667,1481,3,0
1467,667,1445,0,3
1458,668,1480,3,0
1459,668,1481,3,0
1460,668,1438,0,3
1467,668,1445,0,3
1458,669,1480,3,0
1459,669,1481,3,0
1460,669,1438,0,3
1461,669,1483,3,0
1467,669,1445,0,3
1458,670,1480,3,0
1459,670,1481,3,0
1460,670,1438,0,3
1461,670,1483,3,0
1462,670,1440,0,3
1467,670,1445,0,3
1458,671,1480,3,0
1459,671,1481,3,0
1460,671,1438,0,3
1461,671,1483,3,0
1467,671,1445,0,3
1458,672,1480,3,0
1459,672,1481,3,0
1460,672,1438,0,3
1467,672,1445,0,3
1458,673,1480,3,0
1459,673,1481,3,0
1467,673,1445,0,3
1458,674,1480,3,0
1467,674,1445,0,3
1467,675,1445,0,3
1471,679,1449,0,3
1453,680,1475,3,0
1471,680,1449,0,3
1472,680,1450,0,3
1453,681,1475,3,0
1471,681,1449,0,3
1472,681,1450,0,3
1475,682,1497,3,0
1478,682,1500,3,0
1490,682,1468,0,3
1493,682,1471,0,3
1475,683,1497,3,0
1478,683,1500,3,0
1490,683,1468,0,3
1493,683,1471,0,3
1478,684,1500,3,0
1490,684,1468,0,3
1478,685,1500,3,0
1490,685,1468,0,3
1478,686,1500,3,0
1490,686,1468,0,3
1490,687,1468,0,3
1489,688,1467,0,3
1490,688,1468,0,3
1489,689,1467,0,3
1490,689,1468,0,3
1482,690,1460,0,3
1489,690,1467,0,3
1490,690,1468,0,3
1482,691,1460,0,3
1483,691,1505,3,0
1489,691,1467,0,3
1490,691,1468,0,3
1482,692,1460,0,3
1483,692,1505,3,0
1484,692,1462,0,3
1489,692,1467,0,3
1490,692,1468,0,3
1482,693,1460,0,3
1483,693,1505,3,0
1489,693,1467,0,3
1490,693,1468,0,3
1482,694,1460,0,3
1489,694,1467,0,3
1490,694,1468,0,3
1489,695,1467,0,3
1490,695,1468,0,3
1489,696,1467,0,3
1490,696,1468,0,3
1489,697,1467,0,3
1490,697,1468,0,3
1490,698,1468,0,3
1478,699,1500,3,0
1490,699,1468,0,3
1478,700,1500,3,0
1490,700,1468,0,3
1478,701,1500,3,0
1490,701,1468,0,3
1493,701,1471,0,3
1475,702,1497,3,0
1478,702,1500,3,0
1490,702,1468,0,3
1493,702,1471,0,3
1475,703,1497,3,0
1478,703,1500,3,0
1490,703,1468,0,3
1493,703,1471,0,3
1496,704,1518,2,0
1500,704,1522,3,0
1512,704,1490,0,3
1515,704,1493,0,3
1500,705,1522,3,0
1512,705,1490,0,3
1515,705,1493,0,3
1500,706,1522,3,0
1512,706,1490,0,3
1500,707,1522,3,0
1512,707,1490,0,3
1500,708,1522,3,0
1512,708,1490,0,3
1511,710,1489,0,3
1512,710,1490,0,3
1511,711,1489,0,3
1512,711,1490,0,3
1504,712,1482,0,3
1511,712,1489,0,3
1512,712,1490,0,3
1504,713,1482,0,3
1511,713,1489,0,3
1512,713,1490,0,3
1504,714,1482,0,3
1506,714,1484,0,3
1511,714,1489,0,3
1512,714,1490,0,3
1504,715,1482,0,3
1511,715,1489,0,3
1512,715,1490,0,3
1504,716,1482,0,3
1511,716,1489,0,3
1512,716,1490,0,3
1511,717,1489,0,3
1512,717,1490,0,3
1511,718,1489,0,3
1512,718,1490,0,3
1511,719,1489,0,3
1512,719,1490,0,3
1512,720,1490,0,3
1500,721,1522,3,0
1512,721,1490,0,3
1500,722,1522,3,0
1512,722,1490,0,3
1500,723,1522,3,0
1512,723,1490,0,3
1515,723,1493,0,3
1500,724,1522,3,0
1512,724,1490,0,3
1515,724,1493,0,3
1496,725,1518,2,0
1500,725,1522,3,0
1512,725,1490,0,3
1515,725,1493,0,3
1518,726,1540,2,0
1521,726,1499,0,3
1523,726,1545,3,0
1534,726,1512,0,3
1535,726,1557,3,0
1538,726,1516,0,3
1521,727,1499,0,3
1523,727,1545,3,0
1534,727,1512,0,3
1535,727,1557,3,0
1521,728,1499,0,3
1523,728,1545,3,0
1534,728,1512,0,3
1535,728,1557,3,0
1521,729,1499,0,3
1523,729,1545,3,0
1534,729,1512,0,3
1535,729,1557,3,0
1523,730,1545,3,0
1534,730,1512,0,3
1523,731,1545,3,0
1534,731,1512,0,3
1523,732,1545,3,0
1524,732,1546,3,0
1533,732,1511,0,3
1534,732,1512,0,3
1523,733,1545,3,0
1524,733,1546,3,0
1533,733,1511,0,3
1534,733,1512,0,3
1523,734,1545,3,0
1524,734,1546,3,0
1526,734,1504,0,3
1533,734,1511,0,3
1534,734,1512,0,3
1523,735,1545,3,0
1524,735,1546,3,0
1526,735,1504,0,3
1533,735,1511,0,3
1534,735,1512,0,3
1523,736,1545,3,0
1524,736,1546,3,0
1526,736,1504,0,3
1528,736,1506,0,3
1529,736,1551,3,0
1533,736,1511,0,3
1534,736,1512,0,3
1523,737,1545,3,0
1524,737,1546,3,0
1526,737,1504,0,3
1529,737,1551,3,0
1533,737,1511,0,3
1534,737,1512,0,3
1523,738,1545,3,0
1524,738,1546,3,0
1526,738,1504,0,3
1533,738,1511,0,3
1534,738,1512,0,3
1523,739,1545,3,0
1524,739,1546,3,0
1533,739,1511,0,3
1534,739,1512,0,3
1523,740,1545,3,0
1524,740,1546,3,0
1533,740,1511,0,3
1534,740,1512,0,3
1523,741,1545,3,0
1533,741,1511,0,3
1534,741,1512,0,3
1534,742,1512,0,3
1523,743,1545,3,0
1534,743,1512,0,3
1535,743,1557,3,0
1521,744,1499,0,3
1523,744,1545,3,0
1534,744,1512,0,3
1535,744,1557,3,0
1521,745,1499,0,3
1523,745,1545,3,0
1534,745,1512,0,3
1535,745,1557,3,0
1521,746,1499,0,3
1523,746,1545,3,0
1534,746,1512,0,3
1535,746,1557,3,0
1538,746,1516,0,3
1518,747,1540,2,0
1521,747,1499,0,3
1523,747,1545,3,0
1534,747,1512,0,3
1535,747,1557,3,0
1538,747,1516,0,3
1539,747,1517,0,3
1540,748,1562,2,0
1541,748,1519,0,3
1542,748,1564,3,0
1543,748,1521,0,3
1545,748,1567,3,0
1556,748,1534,0,3
1560,748,1538,0,3
1541,749,1519,0,3
1542,749,1564,3,0
1543,749,1521,0,3
1545,749,1567,3,0
1556,749,1534,0,3
1542,750,1564,3,0
1543,750,1521,0,3
1545,750,1567,3,0
1556,750,1534,0,3
1543,751,1521,0,3
1545,751,1567,3,0
1556,751,1534,0,3
1545,752,1567,3,0
1556,752,1534,0,3
1545,753,1567,3,0
1545,754,1567,3,0
1555,754,1533,0,3
1556,754,1534,0,3
1545,755,1567,3,0
1554,755,1532,0,3
1555,755,1533,0,3
1556,755,1534,0,3
1545,756,1567,3,0
1548,756,1526,0,3
1554,756,1532,0,3
1555,756,1533,0,3
1556,756,1534,0,3
1545,757,1567,3,0
1548,757,1526,0,3
1552,757,1574,3,0
1554,757,1532,0,3
1555,757,1533,0,3
1556,757,1534,0,3
1545,758,1567,3,0
1548,758,1526,0,3
1550,758,1528,0,3
1551,758,1573,3,0
1552,758,1574,3,0
1554,758,1532,0,3
1555,758,1533,0,3
1556,758,1534,0,3
1545,759,1567,3,0
1548,759,1526,0,3
1551,759,1573,3,0
1552,759,1574,3,0
1554,759,1532,0,3
1555,759,1533,0,3
1556,759,1534,0,3
1545,760,1567,3,0
1548,760,1526,0,3
1552,760,1574,3,0
1554,760,1532,0,3
1555,760,1533,0,3
1556,760,1534,0,3
1545,761,1567,3,0
1554,761,1532,0,3
1555,761,1533,0,3
1556,761,1534,0,3
1545,762,1567,3,0
1554,762,1532,0,3
1555,762,1533,0,3
1556,762,1534,0,3
1545,763,1567,3,0
1555,763,1533,0,3
1556,763,1534,0,3
1556,764,1534,0,3
1545,765,1567,3,0
1556,765,1534,0,3
1543,766,1521,0,3
1545,766,1567,3,0
1556,766,1534,0,3
1542,767,1564,3,0
1543,767,1521,0,3
1545,767,1567,3,0
1556,767,1534,0,3
1541,768,1519,0,3
1542,768,1564,3,0
1543,768,1521,0,3
1545,768,1567,3,0
1556,768,1534,0,3
1560,768,1538,0,3
1540,769,1562,2,0
1541,769,1519,0,3
1542,769,1564,3,0
1543,769,1521,0,3
1545,769,1567,3,0
1556,769,1534,0,3
1560,769,1538,0,3
1561,769,1539,0,3
1562,770,0,2,3
1563,770,1541,0,3
1564,770,2,3,3
1567,770,5,3,3
1578,770,1556,0,3
1579,770,1557,0,3
1582,770,1560,0,3
1563,771,1541,0,3
1564,771,2,3,3
1567,771,5,3,3
1578,771,1556,0,3
1579,771,1557,0,3
1564,772,2,3,3
1567,772,5,3,3
1578,772,1556,0,3
1579,772,1557,0,3
1567,773,5,3,3
1578,773,1556,0,3
1579,773,1557,0,3
1567,774,5,3,3
1578,774,1556,0,3
1567,775,5,3,3
1578,775,1556,0,3
1567,776,5,3,3
1568,776,1546,0,3
1577,776,1555,0,3
1578,776,1556,0,3
1567,777,5,3,3
1568,777,1546,0,3
1569,777,7,3,3
1576,777,1554,0,3
1577,777,1555,0,3
1578,777,1556,0,3
1567,778,5,3,3
1568,778,1546,0,3
1569,778,7,3,3
1570,778,1548,0,3
1576,778,1554,0,3
1577,778,1555,0,3
1578,778,1556,0,3
1567,779,5,3,3
1568,779,1546,0,3
1569,779,7,3,3
1570,779,1548,0,3
1571,779,9,3,3
1574,779,12,3,3
1576,779,1554,0,3
1577,779,1555,0,3
1578,779,1556,0,3
1567,780,5,3,3
1568,780,1546,0,3
1569,780,7,3,3
1570,780,1548,0,3
1571,780,9,3,3
1572,780,1550,0,3
1573,780,11,3,3
1574,780,12,3,3
1576,780,1554,0,3
1577,780,1555,0,3
1578,780,1556,0,3
1567,781,5,3,3
1568,781,1546,0,3
1569,781,7,3,3
1570,781,1548,0,3
1571,781,9,3,3
1573,781,11,3,3
1574,781,12,3,3
1576,781,1554,0,3
1577,781,1555,0,3
1578,781,1556,0,3
1567,782,5,3,3
1568,782,1546,0,3
1569,782,7,3,3
1570,782,1548,0,3
1574,782,12,3,3
1576,782,1554,0,3
1577,782,1555,0,3
1578,782,1556,0,3
1567,783,5,3,3
1568,783,1546,0,3
1569,783,7,3,3
1576,783,1554,0,3
1577,783,1555,0,3
1578,783,1556,0,3
1567,784,5,3,3
1568,784,1546,0,3
1576,784,1554,0,3
1577,784,1555,0,3
1578,784,1556,0,3
1567,785,5,3,3
1577,785,1555,0,3
1578,785,1556,0,3
1578,786,1556,0,3
1567,787,5,3,3
1578,787,1556,0,3
1579,787,1557,0,3
1567,788,5,3,3
1578,788,1556,0,3
1579,788,1557,0,3
1564,789,2,3,3
1567,789,5,3,3
1578,789,1556,0,3
1579,789,1557,0,3
1563,790,1541,0,3
1564,790,2,3,3
1567,790,5,3,3
1578,790,1556,0,3
1579,790,1557,0,3
1582,790,1560,0,3
1562,791,0,2,3
1563,791,1541,0,3
1564,791,2,3,3
1567,791,5,3,3
1578,791,1556,0,3
1579,791,1557,0,3
1582,791,1560,0,3
0,792,22,1,0
1,792,1563,3,3
2,792,24,2,0
5,792,27,2,0
16,792,1578,3,3
17,792,1579,3,3
20,792,1582,3,3
1,793,1563,3,3
2,793,24,2,0
5,793,27,2,0
16,793,1578,3,3
17,793,1579,3,3
2,794,24,2,0
5,794,27,2,0
16,794,1578,3,3
17,794,1579,3,3
5,795,27,2,0
16,795,1578,3,3
17,795,1579,3,3
5,796,27,2,0
16,796,1578,3,3
5,797,27,2,0
5,798,27,2,0
6,798,1568,3,3
15,798,1577,3,3
16,798,1578,3,3
5,799,27,2,0
6,799,1568,3,3
7,799,29,2,0
14,799,1576,3,3
15,799,1577,3,3
16,799,1578,3,3
5,800,27,2,0
6,800,1568,3,3
7,800,29,2,0
8,800,1570,3,3
14,800,1576,3,3
15,800,1577,3,3
16,800,1578,3,3
5,801,27,2,0
6,801,1568,3,3
7,801,29,2,0
8,801,1570,3,3
9,801,31,2,0
12,801,34,2,0
14,801,1576,3,3
15,801,1577,3,3
16,801,1578,3,3
5,802,27,2,0
6,802,1568,3,3
7,802,29,2,0
8,802,1570,3,3
9,802,31,2,0
10,802,1572,3,3
11,802,33,2,0
12,802,34,2,0
14,802,1576,3,3
15,802,1577,3,3
16,802,1578,3,3
5,803,27,2,0
6,803,1568,3,3
7,803,29,2,0
8,803,1570,3,3
9,803,31,2,0
11,803,33,2,0
12,803,34,2,0
14,803,1576,3,3
15,803,1577,3,3
16,803,1578,3,3
5,804,27,2,0
6,804,1568,3,3
7,804,29,2,0
8,804,1570,3,3
12,804,34,2,0
14,804,1576,3,3
15,804,1577,3,3
16,804,1578,3,3
5,805,27,2,0
6,805,1568,3,3
7,805,29,2,0
14,805,1576,3,3
15,805,1577,3,3
16,805,1578,3,3
5,806,27,2,0
6,806,1568,3,3
14,806,1576,3,3
15,806,1577,3,3
16,806,1578,3,3
5,807,27,2,0
15,807,1577,3,3
16,807,1578,3,3
16,808,1578,3,3
5,809,27,2,0
16,809,1578,3,3
17,809,1579,3,3
5,810,27,2,0
16,810,1578,3,3
17,810,1579,3,3
2,811,24,2,0
5,811,27,2,0
16,811,1578,3,3
17,811,1579,3,3
1,812,1563,3,3
2,812,24,2,0
5,812,27,2,0
16,812,1578,3,3
17,812,1579,3,3
20,812,1582,3,3
0,813,22,1,0
1,813,1563,3,3
2,813,24,2,0
5,813,27,2,0
16,813,1578,3,3
17,813,1579,3,3
20,813,1582,3,3
22,814,44,2,0
23,814,1,0,2
24,814,46,3,0
38,814,16,0,2
39,814,17,0,2
42,814,20,0,2
23,815,1,0,2
24,815,46,3,0
38,815,16,0,2
39,815,17,0,2
24,816,46,3,0
38,816,16,0,2
39,816,17,0,2
38,817,16,0,2
39,817,17,0,2
38,818,16,0,2
38,819,16,0,2
37,820,15,0,2
38,820,16,0,2
29,821,51,3,0
36,821,14,0,2
37,821,15,0,2
38,821,16,0,2
29,822,51,3,0
30,822,8,0,2
36,822,14,0,2
37,822,15,0,2
38,822,16,0,2
29,823,51,3,0
30,823,8,0,2
34,823,56,3,0
36,823,14,0,2
37,823,15,0,2
38,823,16,0,2
29,824,51,3,0
30,824,8,0,2
32,824,10,0,2
33,824,55,3,0
34,824,56,3,0
36,824,14,0,2
37,824,15,0,2
38,824,16,0,2
29,825,51,3,0
30,825,8,0,2
33,825,55,3,0
34,825,56,3,0
36,825,14,0,2
37,825,15,0,2
38,825,16,0,2
29,826,51,3,0
30,826,8,0,2
34,826,56,3,0
36,826,14,0,2
37,826,15,0,2
38,826,16,0,2
29,827,51,3,0
36,827,14,0,2
37,827,15,0,2
38,827,16,0,2
36,828,14,0,2
37,828,15,0,2
38,828,16,0,2
37,829,15,0,2
38,829,16,0,2
38,830,16,0,2
38,831,16,0,2
39,831,17,0,2
38,832,16,0,2
39,832,17,0,2
24,833,46,3,0
38,833,16,0,2
39,833,17,0,2
23,834,1,0,2
24,834,46,3,0
38,834,16,0,2
39,834,17,0,2
42,834,20,0,2
22,835,44,2,0
23,835,1,0,2
24,835,46,3,0
38,835,16,0,2
39,835,17,0,2
42,835,20,0,2
44,836,66,2,0
45,836,23,0,3
46,836,68,3,0
49,836,27,0,3
60,836,38,0,3
61,836,39,0,3
62,836,84,3,0
63,836,41,0,3
64,836,42,0,3
45,837,23,0,3
46,837,68,3,0
49,837,27,0,3
60,837,38,0,3
61,837,39,0,3
62,837,84,3,0
63,837,41,0,3
46,838,68,3,0
49,838,27,0,3
60,838,38,0,3
61,838,39,0,3
62,838,84,3,0
49,839,27,0,3
60,839,38,0,3
61,839,39,0,3
49,840,27,0,3
60,840,38,0,3
49,841,27,0,3
49,842,27,0,3
50,842,28,0,3
59,842,37,0,3
60,842,38,0,3
49,843,27,0,3
50,843,28,0,3
51,843,73,3,0
58,843,36,0,3
59,843,37,0,3
60,843,38,0,3
49,844,27,0,3
50,844,28,0,3
51,844,73,3,0
52,844,30,0,3
58,844,36,0,3
59,844,37,0,3
60,844,38,0,3
49,845,27,0,3
50,845,28,0,3
51,845,73,3,0
52,845,30,0,3
56,845,78,3,0
58,845,36,0,3
59,845,37,0,3
60,845,38,0,3
49,846,27,0,3
50,846,28,0,3
51,846,73,3,0
52,846,30,0,3
54,846,32,0,3
56,846,78,3,0
58,846,36,0,3
59,846,37,0,3
60,846,38,0,3
49,847,27,0,3
50,847,28,0,3
51,847,73,3,0
52,847,30,0,3
56,847,78,3,0
58,847,36,0,3
59,847,37,0,3
60,847,38,0,3
49,848,27,0,3
50,848,28,0,3
51,848,73,3,0
52,848,30,0,3
56,848,78,3,0
58,848,36,0,3
59,848,37,0,3
60,848,38,0,3
49,849,27,0,3
50,849,28,0,3
51,849,73,3,0
58,849,36,0,3
59,849,37,0,3
60,849,38,0,3
49,850,27,0,3
50,850,28,0,3
58,850,36,0,3
59,850,37,0,3
60,850,38,0,3
49,851,27,0,3
59,851,37,0,3
60,851,38,0,3
60,852,38,0,3
49,853,27,0,3
60,853,38,0,3
61,853,39,0,3
49,854,27,0,3
60,854,38,0,3
61,854,39,0,3
62,854,84,3,0
46,855,68,3,0
49,855,27,0,3
60,855,38,0,3
61,855,39,0,3
62,855,84,3,0
63,855,41,0,3
45,856,23,0,3
46,856,68,3,0
49,856,27,0,3
60,856,38,0,3
61,856,39,0,3
62,856,84,3,0
63,856,41,0,3
64,856,42,0,3
44,857,66,2,0
45,857,23,0,3
46,857,68,3,0
49,857,27,0,3
60,857,38,0,3
61,857,39,0,3
62,857,84,3,0
63,857,41,0,3
64,857,42,0,3
65,857,43,0,3
66,858,88,2,0
68,858,90,3,0
71,858,49,0,3
82,858,60,0,3
83,858,61,0,3
84,858,106,3,0
86,858,64,0,3
68,859,90,3,0
71,859,49,0,3
82,859,60,0,3
83,859,61,0,3
84,859,106,3,0
68,860,90,3,0
71,860,49,0,3
82,860,60,0,3
83,860,61,0,3
84,860,106,3,0
71,861,49,0,3
82,861,60,0,3
83,861,61,0,3
71,862,49,0,3
82,862,60,0,3
71,863,49,0,3
82,863,60,0,3
71,864,49,0,3
72,864,50,0,3
81,864,59,0,3
82,864,60,0,3
71,865,49,0,3
72,865,50,0,3
80,865,58,0,3
81,865,59,0,3
82,865,60,0,3
71,866,49,0,3
72,866,50,0,3
80,866,58,0,3
81,866,59,0,3
82,866,60,0,3
71,867,49,0,3
72,867,50,0,3
75,867,53,0,3
78,867,100,3,0
80,867,58,0,3
81,867,59,0,3
82,867,60,0,3
71,868,49,0,3
72,868,50,0,3
75,868,53,0,3
76,868,54,0,3
78,868,100,3,0
80,868,58,0,3
81,868,59,0,3
82,868,60,0,3
71,869,49,0,3
72,869,50,0,3
75,869,53,0,3
78,869,100,3,0
80,869,58,0,3
81,869,59,0,3
82,869,60,0,3
71,870,49,0,3
72,870,50,0,3
78,870,100,3,0
80,870,58,0,3
81,870,59,0,3
82,870,60,0,3
71,871,49,0,3
72,871,50,0,3
80,871,58,0,3
81,871,59,0,3
82,871,60,0,3
71,872,49,0,3
72,872,50,0,3
80,872,58,0,3
81,872,59,0,3
82,872,60,0,3
71,873,49,0,3
81,873,59,0,3
82,873,60,0,3
82,874,60,0,3
71,875,49,0,3
82,875,60,0,3
83,875,61,0,3
71,876,49,0,3
82,876,60,0,3
83,876,61,0,3
84,876,106,3,0
68,877,90,3,0
71,877,49,0,3
82,877,60,0,3
83,877,61,0,3
84,877,106,3,0
68,878,90,3,0
71,878,49,0,3
82,878,60,0,3
83,878,61,0,3
84,878,106,3,0
86,878,64,0,3
66,879,88,2,0
68,879,90,3,0
71,879,49,0,3
82,879,60,0,3
83,879,61,0,3
84,879,106,3,0
86,879,64,0,3
87,879,65,0,3
88,880,110,2,0
89,880,67,0,3
90,880,112,3,0
104,880,82,0,3
105,880,83,0,3
106,880,128,3,0
108,880,86,0,3
89,881,67,0,3
90,881,112,3,0
104,881,82,0,3
105,881,83,0,3
106,881,128,3,0
90,882,112,3,0
104,882,82,0,3
105,882,83,0,3
106,882,128,3,0
104,883,82,0,3
105,883,83,0,3
104,884,82,0,3
103,886,81,0,3
104,886,82,0,3
102,887,80,0,3
103,887,81,0,3
104,887,82,0,3
102,888,80,0,3
103,888,81,0,3
104,888,82,0,3
97,889,75,0,3
100,889,78,0,3
102,889,80,0,3
103,889,81,0,3
104,889,82,0,3
97,890,75,0,3
98,890,76,0,3
100,890,78,0,3
102,890,80,0,3
103,890,81,0,3
104,890,82,0,3
97,891,75,0,3
100,891,78,0,3
102,891,80,0,3
103,891,81,0,3
104,891,82,0,3
100,892,78,0,3
102,892,80,0,3
103,892,81,0,3
104,892,82,0,3
102,893,80,0,3
103,893,81,0,3
104,893,82,0,3
102,894,80,0,3
103,894,81,0,3
104,894,82,0,3
103,895,81,0,3
104,895,82,0,3
104,896,82,0,3
104,897,82,0,3
105,897,83,0,3
104,898,82,0,3
105,898,83,0,3
106,898,128,3,0
90,899,112,3,0
104,899,82,0,3
105,899,83,0,3
106,899,128,3,0
89,900,67,0,3
90,900,112,3,0
104,900,82,0,3
105,900,83,0,3
106,900,128,3,0
108,900,86,0,3
88,901,110,2,0
89,901,67,0,3
90,901,112,3,0
104,901,82,0,3
105,901,83,0,3
106,901,128,3,0
108,901,86,0,3
109,901,87,0,3
110,902,132,2,0
111,902,89,0,3
112,902,134,3,0
127,902,105,0,3
128,902,150,3,0
130,902,108,0,3
111,903,89,0,3
112,903,134,3,0
127,903,105,0,3
128,903,150,3,0
112,904,134,3,0
127,904,105,0,3
128,904,150,3,0
127,905,105,0,3
125,908,103,0,3
124,909,102,0,3
125,909,103,0,3
124,910,102,0,3
125,910,103,0,3
122,911,100,0,3
124,911,102,0,3
125,911,103,0,3
120,912,98,0,3
122,912,100,0,3
124,912,102,0,3
125,912,103,0,3
122,913,100,0,3
124,913,102,0,3
125,913,103,0,3
122,914,100,0,3
124,914,102,0,3
125,914,103,0,3
124,915,102,0,3
125,915,103,0,3
124,916,102,0,3
125,916,103,0,3
125,917,103,0,3
127,919,105,0,3
127,920,105,0,3
128,920,150,3,0
112,921,134,3,0
127,921,105,0,3
128,921,150,3,0
111,922,89,0,3
112,922,134,3,0
127,922,105,0,3
128,922,150,3,0
130,922,108,0,3
110,923,132,2,0
111,923,89,0,3
112,923,134,3,0
127,923,105,0,3
128,923,150,3,0
130,923,108,0,3
131,923,109,0,3
132,924,154,2,0
134,924,156,3,0
149,924,127,0,3
150,924,172,3,0
152,924,130,0,3
134,925,156,3,0
149,925,127,0,3
150,925,172,3,0
134,926,156,3,0
149,926,127,0,3
150,926,172,3,0
149,927,127,0,3
147,930,125,0,3
146,931,124,0,3
147,931,125,0,3
145,932,123,0,3
146,932,124,0,3
147,932,125,0,3
144,933,122,0,3
145,933,123,0,3
146,933,124,0,3
147,933,125,0,3
142,934,120,0,3
144,934,122,0,3
145,934,123,0,3
146,934,124,0,3
147,934,125,0,3
144,935,122,0,3
145,935,123,0,3
146,935,124,0,3
147,935,125,0,3
144,936,122,0,3
145,936,123,0,3
146,936,124,0,3
147,936,125,0,3
145,937,123,0,3
146,937,124,0,3
147,937,125,0,3
146,938,124,0,3
147,938,125,0,3
147,939,125,0,3
149,941,127,0,3
149,942,127,0,3
150,942,172,3,0
134,943,156,3,0
149,943,127,0,3
150,943,172,3,0
134,944,156,3,0
149,944,127,0,3
150,944,172,3,0
152,944,130,0,3
132,945,154,2,0
134,945,156,3,0
149,945,127,0,3
150,945,172,3,0
152,945,130,0,3
153,945,131,0,3
154,946,176,2,0
171,946,149,0,3
172,946,194,3,0
173,946,151,0,3
174,946,152,0,3
171,947,149,0,3
172,947,194,3,0
173,947,151,0,3
171,948,149,0,3
172,948,194,3,0
171,949,149,0,3
168,953,146,0,3
162,954,184,3,0
167,954,145,0,3
168,954,146,0,3
162,955,184,3,0
163,955,141,0,3
166,955,144,0,3
167,955,145,0,3
168,955,146,0,3
162,956,184,3,0
163,956,141,0,3
164,956,142,0,3
166,956,144,0,3
167,956,145,0,3
168,956,146,0,3
162,957,184,3,0
163,957,141,0,3
166,957,144,0,3
167,957,145,0,3
168,957,146,0,3
162,958,184,3,0
166,958,144,0,3
167,958,145,0,3
168,958,146,0,3
167,959,145,0,3
168,959,146,0,3
168,960,146,0,3
171,963,149,0,3
171,964,149,0,3
172,964,194,3,0
171,965,149,0,3
172,965,194,3,0
173,965,151,0,3
171,966,149,0,3
172,966,194,3,0
173,966,151,0,3
174,966,152,0,3
154,967,176,2,0
171,967,149,0,3
172,967,194,3,0
173,967,151,0,3
174,967,152,0,3
175,967,153,0,3
176,968,198,2,0
177,968,155,0,3
193,968,171,0,3
195,968,173,0,3
196,968,174,0,3
177,969,155,0,3
193,969,171,0,3
195,969,173,0,3
193,970,171,0,3
193,971,171,0,3
183,975,205,3,0
190,975,168,0,3
183,976,205,3,0
184,976,206,3,0
189,976,167,0,3
190,976,168,0,3
183,977,205,3,0
184,977,206,3,0
189,977,167,0,3
190,977,168,0,3
183,978,205,3,0
184,978,206,3,0
189,978,167,0,3
190,978,168,0,3
183,979,205,3,0
184,979,206,3,0
189,979,167,0,3
190,979,168,0,3
183,980,205,3,0
184,980,206,3,0
189,980,167,0,3
190,980,168,0,3
183,981,205,3,0
189,981,167,0,3
190,981,168,0,3
190,982,168,0,3
193,985,171,0,3
193,986,171,0,3
193,987,171,0,3
195,987,173,0,3
177,988,155,0,3
193,988,171,0,3
195,988,173,0,3
196,988,174,0,3
176,989,198,2,0
177,989,155,0,3
193,989,171,0,3
195,989,173,0,3
196,989,174,0,3
197,989,175,0,3
198,990,220,2,0
199,990,177,0,3
215,990,193,0,3
218,990,196,0,3
199,991,177,0,3
215,991,193,0,3
215,992,193,0,3
215,993,193,0,3
205,997,227,3,0
212,997,190,0,3
205,998,227,3,0
206,998,228,3,0
211,998,189,0,3
212,998,190,0,3
205,999,227,3,0
206,999,228,3,0
211,999,189,0,3
212,999,190,0,3
205,1000,227,3,0
206,1000,228,3,0
211,1000,189,0,3
212,1000,190,0,3
205,1001,227,3,0
206,1001,228,3,0
211,1001,189,0,3
212,1001,190,0,3
205,1002,227,3,0
206,1002,228,3,0
211,1002,189,0,3
212,1002,190,0,3
205,1003,227,3,0
211,1003,189,0,3
212,1003,190,0,3
212,1004,190,0,3
215,1007,193,0,3
215,1008,193,0,3
215,1009,193,0,3
199,1010,177,0,3
215,1010,193,0,3
218,1010,196,0,3
198,1011,220,2,0
199,1011,177,0,3
215,1011,193,0,3
218,1011,196,0,3
219,1011,197,0,3
220,1012,242,2,0
221,1012,199,0,3
224,1012,202,0,3
237,1012,215,0,3
240,1012,218,0,3
221,1013,199,0,3
224,1013,202,0,3
237,1013,215,0,3
224,1014,202,0,3
237,1014,215,0,3
224,1015,202,0,3
237,1015,215,0,3
224,1016,202,0,3
234,1019,212,0,3
228,1020,250,3,0
233,1020,211,0,3
234,1020,212,0,3
228,1021,250,3,0
233,1021,211,0,3
234,1021,212,0,3
228,1022,250,3,0
230,1022,252,3,0
233,1022,211,0,3
234,1022,212,0,3
228,1023,250,3,0
233,1023,211,0,3
234,1023,212,0,3
228,1024,250,3,0
233,1024,211,0,3
234,1024,212,0,3
233,1025,211,0,3
234,1025,212,0,3
234,1026,212,0,3
224,1029,202,0,3
237,1029,215,0,3
224,1030,202,0,3
237,1030,215,0,3
224,1031,202,0,3
237,1031,215,0,3
221,1032,199,0,3
224,1032,202,0,3
237,1032,215,0,3
240,1032,218,0,3
220,1033,242,2,0
221,1033,199,0,3
224,1033,202,0,3
237,1033,215,0,3
240,1033,218,0,3
241,1033,219,0,3
242,1034,264,2,0
243,1034,221,0,3
246,1034,268,3,0
259,1034,237,0,3
262,1034,240,0,3
243,1035,221,0,3
246,1035,268,3,0
259,1035,237,0,3
246,1036,268,3,0
259,1036,237,0,3
246,1037,268,3,0
259,1037,237,0,3
246,1038,268,3,0
256,1041,234,0,3
250,1042,272,3,0
255,1042,233,0,3
256,1042,234,0,3
250,1043,272,3,0
255,1043,233,0,3
256,1043,234,0,3
250,1044,272,3,0
252,1044,274,3,0
255,1044,233,0,3
256,1044,234,0,3
250,1045,272,3,0
255,1045,233,0,3
256,1045,234,0,3
250,1046,272,3,0
255,1046,233,0,3
256,1046,234,0,3
255,1047,233,0,3
256,1047,234,0,3
256,1048,234,0,3
246,1051,268,3,0
259,1051,237,0,3
246,1052,268,3,0
259,1052,237,0,3
246,1053,268,3,0
259,1053,237,0,3
243,1054,221,0,3
246,1054,268,3,0
259,1054,237,0,3
262,1054,240,0,3
242,1055,264,2,0
243,1055,221,0,3
246,1055,268,3,0
259,1055,237,0,3
262,1055,240,0,3
263,1055,241,0,3
264,1056,286,2,0
265,1056,243,0,3
268,1056,290,3,0
284,1056,262,0,3
265,1057,243,0,3
268,1057,290,3,0
268,1058,290,3,0
268,1059,290,3,0
268,1060,290,3,0
271,1063,249,0,3
278,1063,256,0,3
271,1064,249,0,3
272,1064,294,3,0
277,1064,255,0,3
278,1064,256,0,3
271,1065,249,0,3
272,1065,294,3,0
277,1065,255,0,3
278,1065,256,0,3
271,1066,249,0,3
272,1066,294,3,0
274,1066,296,3,0
277,1066,255,0,3
278,1066,256,0,3
271,1067,249,0,3
272,1067,294,3,0
277,1067,255,0,3
278,1067,256,0,3
271,1068,249,0,3
272,1068,294,3,0
277,1068,255,0,3
278,1068,256,0,3
271,1069,249,0,3
277,1069,255,0,3
278,1069,256,0,3
278,1070,256,0,3
268,1073,290,3,0
268,1074,290,3,0
268,1075,290,3,0
265,1076,243,0,3
268,1076,290,3,0
284,1076,262,0,3
264,1077,286,2,0
265,1077,243,0,3
268,1077,290,3,0
284,1077,262,0,3
286,1078,308,2,0
287,1078,265,0,3
306,1078,284,0,3
287,1079,265,0,3
293,1085,271,0,3
300,1085,278,0,3
293,1086,271,0,3
294,1086,316,3,0
299,1086,277,0,3
300,1086,278,0,3
293,1087,271,0,3
294,1087,316,3,0
299,1087,277,0,3
300,1087,278,0,3
293,1088,271,0,3
294,1088,316,3,0
296,1088,318,3,0
299,1088,277,0,3
300,1088,278,0,3
293,1089,271,0,3
294,1089,316,3,0
299,1089,277,0,3
300,1089,278,0,3
293,1090,271,0,3
294,1090,316,3,0
299,1090,277,0,3
300,1090,278,0,3
293,1091,271,0,3
299,1091,277,0,3
300,1091,278,0,3
300,1092,278,0,3
287,1098,265,0,3
306,1098,284,0,3
286,1099,308,2,0
287,1099,265,0,3
306,1099,284,0,3
308,1100,330,2,0
326,1100,348,3,0
328,1100,306,0,3
326,1101,348,3,0
326,1102,348,3,0
314,1106,292,0,3
314,1107,292,0,3
315,1107,293,0,3
322,1107,300,0,3
314,1108,292,0,3
315,1108,293,0,3
316,1108,338,3,0
321,1108,299,0,3
322,1108,300,0,3
314,1109,292,0,3
315,1109,293,0,3
316,1109,338,3,0
321,1109,299,0,3
322,1109,300,0,3
314,1110,292,0,3
315,1110,293,0,3
316,1110,338,3,0
318,1110,340,3,0
321,1110,299,0,3
322,1110,300,0,3
314,1111,292,0,3
315,1111,293,0,3
316,1111,338,3,0
321,1111,299,0,3
322,1111,300,0,3
314,1112,292,0,3
315,1112,293,0,3
316,1112,338,3,0
321,1112,299,0,3
322,1112,300,0,3
314,1113,292,0,3
315,1113,293,0,3
321,1113,299,0,3
322,1113,300,0,3
314,1114,292,0,3
322,1114,300,0,3
326,1118,348,3,0
326,1119,348,3,0
326,1120,348,3,0
328,1120,306,0,3
308,1121,330,2,0
326,1121,348,3,0
328,1121,306,0,3
330,1122,352,2,0
333,1122,355,3,0
334,1122,356,3,0
348,1122,370,3,0
350,1122,328,0,3
333,1123,355,3,0
334,1123,356,3,0
348,1123,370,3,0
333,1124,355,3,0
334,1124,356,3,0
348,1124,370,3,0
333,1125,355,3,0
334,1125,356,3,0
334,1126,356,3,0
336,1128,314,0,3
336,1129,314,0,3
337,1129,315,0,3
336,1130,314,0,3
337,1130,315,0,3
338,1130,360,3,0
343,1130,321,0,3
336,1131,314,0,3
337,1131,315,0,3
338,1131,360,3,0
343,1131,321,0,3
336,1132,314,0,3
337,1132,315,0,3
338,1132,360,3,0
340,1132,362,3,0
343,1132,321,0,3
336,1133,314,0,3
337,1133,315,0,3
338,1133,360,3,0
343,1133,321,0,3
336,1134,314,0,3
337,1134,315,0,3
338,1134,360,3,0
343,1134,321,0,3
336,1135,314,0,3
337,1135,315,0,3
343,1135,321,0,3
336,1136,314,0,3
334,1139,356,3,0
333,1140,355,3,0
334,1140,356,3,0
348,1140,370,3,0
333,1141,355,3,0
334,1141,356,3,0
348,1141,370,3,0
333,1142,355,3,0
334,1142,356,3,0
348,1142,370,3,0
350,1142,328,0,3
330,1143,352,2,0
333,1143,355,3,0
334,1143,356,3,0
348,1143,370,3,0
350,1143,328,0,3
352,1144,374,2,0
355,1144,377,3,0
356,1144,378,3,0
370,1144,392,3,0
372,1144,350,0,3
355,1145,377,3,0
356,1145,378,3,0
370,1145,392,3,0
355,1146,377,3,0
356,1146,378,3,0
370,1146,392,3,0
355,1147,377,3,0
356,1147,378,3,0
356,1148,378,3,0
358,1150,336,0,3
358,1151,336,0,3
359,1151,337,0,3
358,1152,336,0,3
359,1152,337,0,3
360,1152,382,3,0
365,1152,343,0,3
358,1153,336,0,3
359,1153,337,0,3
360,1153,382,3,0
365,1153,343,0,3
358,1154,336,0,3
359,1154,337,0,3
360,1154,382,3,0
362,1154,384,3,0
365,1154,343,0,3
358,1155,336,0,3
359,1155,337,0,3
360,1155,382,3,0
365,1155,343,0,3
358,1156,336,0,3
359,1156,337,0,3
360,1156,382,3,0
365,1156,343,0,3
358,1157,336,0,3
359,1157,337,0,3
365,1157,343,0,3
358,1158,336,0,3
356,1161,378,3,0
355,1162,377,3,0
356,1162,378,3,0
370,1162,392,3,0
355,1163,377,3,0
356,1163,378,3,0
370,1163,392,3,0
355,1164,377,3,0
356,1164,378,3,0
370,1164,392,3,0
372,1164,350,0,3
352,1165,374,2,0
355,1165,377,3,0
356,1165,378,3,0
370,1165,392,3,0
372,1165,350,0,3
374,1166,396,2,0
377,1166,399,3,0
378,1166,400,3,0
392,1166,414,3,0
394,1166,372,0,3
377,1167,399,3,0
378,1167,400,3,0
392,1167,414,3,0
377,1168,399,3,0
378,1168,400,3,0
392,1168,414,3,0
377,1169,399,3,0
378,1169,400,3,0
378,1170,400,3,0
380,1172,358,0,3
380,1173,358,0,3
381,1173,359,0,3
388,1173,366,0,3
380,1174,358,0,3
381,1174,359,0,3
382,1174,404,3,0
387,1174,365,0,3
388,1174,366,0,3
380,1175,358,0,3
381,1175,359,0,3
382,1175,404,3,0
387,1175,365,0,3
388,1175,366,0,3
380,1176,358,0,3
381,1176,359,0,3
382,1176,404,3,0
384,1176,406,3,0
387,1176,365,0,3
388,1176,366,0,3
380,1177,358,0,3
381,1177,359,0,3
382,1177,404,3,0
387,1177,365,0,3
388,1177,366,0,3
380,1178,358,0,3
381,1178,359,0,3
382,1178,404,3,0
387,1178,365,0,3
388,1178,366,0,3
380,1179,358,0,3
381,1179,359,0,3
387,1179,365,0,3
388,1179,366,0,3
380,1180,358,0,3
388,1180,366,0,3
378,1183,400,3,0
377,1184,399,3,0
378,1184,400,3,0
392,1184,414,3,0
377,1185,399,3,0
378,1185,400,3,0
392,1185,414,3,0
377,1186,399,3,0
378,1186,400,3,0
392,1186,414,3,0
394,1186,372,0,3
374,1187,396,2,0
377,1187,399,3,0
378,1187,400,3,0
392,1187,414,3,0
394,1187,372,0,3
396,1188,418,2,0
399,1188,421,3,0
400,1188,422,3,0
414,1188,436,3,0
416,1188,438,3,0
399,1189,421,3,0
400,1189,422,3,0
414,1189,436,3,0
399,1190,421,3,0
400,1190,422,3,0
414,1190,436,3,0
399,1191,421,3,0
400,1191,422,3,0
400,1192,422,3,0
402,1194,380,0,3
411,1194,433,3,0
402,1195,380,0,3
403,1195,381,0,3
410,1195,388,0,3
411,1195,433,3,0
402,1196,380,0,3
403,1196,381,0,3
404,1196,426,3,0
409,1196,387,0,3
410,1196,388,0,3
411,1196,433,3,0
402,1197,380,0,3
403,1197,381,0,3
404,1197,426,3,0
409,1197,387,0,3
410,1197,388,0,3
411,1197,433,3,0
402,1198,380,0,3
403,1198,381,0,3
404,1198,426,3,0
406,1198,428,3,0
409,1198,387,0,3
410,1198,388,0,3
411,1198,433,3,0
402,1199,380,0,3
403,1199,381,0,3
404,1199,426,3,0
409,1199,387,0,3
410,1199,388,0,3
411,1199,433,3,0
402,1200,380,0,3
403,1200,381,0,3
404,1200,426,3,0
409,1200,387,0,3
410,1200,388,0,3
411,1200,433,3,0
402,1201,380,0,3
403,1201,381,0,3
409,1201,387,0,3
410,1201,388,0,3
411,1201,433,3,0
402,1202,380,0,3
410,1202,388,0,3
411,1202,433,3,0
411,1203,433,3,0
400,1205,422,3,0
399,1206,421,3,0
400,1206,422,3,0
414,1206,436,3,0
399,1207,421,3,0
400,1207,422,3,0
414,1207,436,3,0
399,1208,421,3,0
400,1208,422,3,0
414,1208,436,3,0
416,1208,438,3,0
396,1209,418,2,0
399,1209,421,3,0
400,1209,422,3,0
414,1209,436,3,0
416,1209,438,3,0
418,1210,440,2,0
421,1210,443,3,0
422,1210,444,3,0
436,1210,458,3,0
438,1210,460,3,0
421,1211,443,3,0
422,1211,444,3,0
436,1211,458,3,0
421,1212,443,3,0
422,1212,444,3,0
436,1212,458,3,0
421,1213,443,3,0
422,1213,444,3,0
422,1214,444,3,0
424,1216,402,0,3
433,1216,455,3,0
424,1217,402,0,3
425,1217,403,0,3
432,1217,410,0,3
433,1217,455,3,0
424,1218,402,0,3
425,1218,403,0,3
426,1218,448,3,0
431,1218,409,0,3
432,1218,410,0,3
433,1218,455,3,0
424,1219,402,0,3
425,1219,403,0,3
426,1219,448,3,0
431,1219,409,0,3
432,1219,410,0,3
433,1219,455,3,0
424,1220,402,0,3
425,1220,403,0,3
426,1220,448,3,0
428,1220,450,3,0
431,1220,409,0,3
432,1220,410,0,3
433,1220,455,3,0
424,1221,402,0,3
425,1221,403,0,3
426,1221,448,3,0
431,1221,409,0,3
432,1221,410,0,3
433,1221,455,3,0
424,1222,402,0,3
425,1222,403,0,3
426,1222,448,3,0
431,1222,409,0,3
432,1222,410,0,3
433,1222,455,3,0
424,1223,402,0,3
425,1223,403,0,3
431,1223,409,0,3
432,1223,410,0,3
433,1223,455,3,0
424,1224,402,0,3
432,1224,410,0,3
433,1224,455,3,0
433,1225,455,3,0
422,1227,444,3,0
421,1228,443,3,0
422,1228,444,3,0
436,1228,458,3,0
421,1229,443,3,0
422,1229,444,3,0
436,1229,458,3,0
421,1230,443,3,0
422,1230,444,3,0
436,1230,458,3,0
438,1230,460,3,0
418,1231,440,2,0
421,1231,443,3,0
422,1231,444,3,0
436,1231,458,3,0
438,1231,460,3,0
440,1232,462,2,0
443,1232,465,3,0
444,1232,466,3,0
458,1232,480,3,0
460,1232,482,3,0
443,1233,465,3,0
444,1233,466,3,0
458,1233,480,3,0
443,1234,465,3,0
444,1234,466,3,0
458,1234,480,3,0
443,1235,465,3,0
444,1235,466,3,0
444,1236,466,3,0
446,1238,424,0,3
446,1239,424,0,3
447,1239,425,0,3
454,1239,432,0,3
446,1240,424,0,3
447,1240,425,0,3
448,1240,470,3,0
453,1240,431,0,3
454,1240,432,0,3
446,1241,424,0,3
447,1241,425,0,3
448,1241,470,3,0
453,1241,431,0,3
454,1241,432,0,3
446,1242,424,0,3
447,1242,425,0,3
448,1242,470,3,0
450,1242,472,3,0
453,1242,431,0,3
454,1242,432,0,3
446,1243,424,0,3
447,1243,425,0,3
448,1243,470,3,0
453,1243,431,0,3
454,1243,432,0,3
446,1244,424,0,3
447,1244,425,0,3
448,1244,470,3,0
453,1244,431,0,3
454,1244,432,0,3
446,1245,424,0,3
447,1245,425,0,3
453,1245,431,0,3
454,1245,432,0,3
446,1246,424,0,3
454,1246,432,0,3
444,1249,466,3,0
443,1250,465,3,0
444,1250,466,3,0
458,1250,480,3,0
443,1251,465,3,0
444,1251,466,3,0
458,1251,480,3,0
443,1252,465,3,0
444,1252,466,3,0
458,1252,480,3,0
460,1252,482,3,0
440,1253,462,2,0
443,1253,465,3,0
444,1253,466,3,0
458,1253,480,3,0
460,1253,482,3,0
462,1254,484,2,0
465,1254,487,3,0
466,1254,488,3,0
480,1254,502,3,0
482,1254,504,3,0
465,1255,487,3,0
466,1255,488,3,0
480,1255,502,3,0
465,1256,487,3,0
466,1256,488,3,0
480,1256,502,3,0
465,1257,487,3,0
466,1257,488,3,0
466,1258,488,3,0
468,1260,446,0,3
468,1261,446,0,3
469,1261,447,0,3
476,1261,454,0,3
468,1262,446,0,3
469,1262,447,0,3
470,1262,492,3,0
475,1262,453,0,3
476,1262,454,0,3
468,1263,446,0,3
469,1263,447,0,3
470,1263,492,3,0
475,1263,453,0,3
476,1263,454,0,3
468,1264,446,0,3
469,1264,447,0,3
470,1264,492,3,0
472,1264,494,3,0
475,1264,453,0,3
476,1264,454,0,3
468,1265,446,0,3
469,1265,447,0,3
470,1265,492,3,0
475,1265,453,0,3
476,1265,454,0,3
468,1266,446,0,3
469,1266,447,0,3
470,1266,492,3,0
475,1266,453,0,3
476,1266,454,0,3
468,1267,446,0,3
469,1267,447,0,3
475,1267,453,0,3
476,1267,454,0,3
468,1268,446,0,3
476,1268,454,0,3
466,1271,488,3,0
465,1272,487,3,0
466,1272,488,3,0
480,1272,502,3,0
465,1273,487,3,0
466,1273,488,3,0
480,1273,502,3,0
465,1274,487,3,0
466,1274,488,3,0
480,1274,502,3,0
482,1274,504,3,0
462,1275,484,2,0
465,1275,487,3,0
466,1275,488,3,0
480,1275,502,3,0
482,1275,504,3,0
484,1276,506,2,0
487,1276,509,3,0
488,1276,510,3,0
489,1276,467,0,3
502,1276,524,3,0
504,1276,526,3,0
487,1277,509,3,0
488,1277,510,3,0
489,1277,467,0,3
502,1277,524,3,0
487,1278,509,3,0
488,1278,510,3,0
489,1278,467,0,3
502,1278,524,3,0
487,1279,509,3,0
488,1279,510,3,0
489,1279,467,0,3
488,1280,510,3,0
489,1280,467,0,3
489,1281,467,0,3
489,1282,467,0,3
490,1282,468,0,3
499,1282,521,3,0
489,1283,467,0,3
490,1283,468,0,3
491,1283,469,0,3
499,1283,521,3,0
489,1284,467,0,3
490,1284,468,0,3
491,1284,469,0,3
492,1284,514,3,0
497,1284,475,0,3
499,1284,521,3,0
489,1285,467,0,3
490,1285,468,0,3
491,1285,469,0,3
492,1285,514,3,0
497,1285,475,0,3
499,1285,521,3,0
489,1286,467,0,3
490,1286,468,0,3
491,1286,469,0,3
492,1286,514,3,0
494,1286,516,3,0
497,1286,475,0,3
499,1286,521,3,0
489,1287,467,0,3
490,1287,468,0,3
491,1287,469,0,3
492,1287,514,3,0
497,1287,475,0,3
499,1287,521,3,0
489,1288,467,0,3
490,1288,468,0,3
491,1288,469,0,3
492,1288,514,3,0
497,1288,475,0,3
499,1288,521,3,0
489,1289,467,0,3
490,1289,468,0,3
491,1289,469,0,3
497,1289,475,0,3
499,1289,521,3,0
489,1290,467,0,3
490,1290,468,0,3
499,1290,521,3,0
489,1291,467,0,3
499,1291,521,3,0
488,1293,510,3,0
489,1293,467,0,3
487,1294,509,3,0
488,1294,510,3,0
489,1294,467,0,3
502,1294,524,3,0
487,1295,509,3,0
488,1295,510,3,0
489,1295,467,0,3
502,1295,524,3,0
487,1296,509,3,0
488,1296,510,3,0
489,1296,467,0,3
502,1296,524,3,0
504,1296,526,3,0
484,1297,506,2,0
487,1297,509,3,0
488,1297,510,3,0
489,1297,467,0,3
502,1297,524,3,0
504,1297,526,3,0
506,1298,528,2,0
507,1298,485,0,3
509,1298,531,3,0
510,1298,532,3,0
524,1298,546,3,0
507,1299,485,0,3
509,1299,531,3,0
510,1299,532,3,0
524,1299,546,3,0
509,1300,531,3,0
510,1300,532,3,0
524,1300,546,3,0
509,1301,531,3,0
510,1301,532,3,0
510,1302,532,3,0
512,1304,490,0,3
521,1304,543,3,0
512,1305,490,0,3
513,1305,491,0,3
521,1305,543,3,0
512,1306,490,0,3
513,1306,491,0,3
514,1306,536,3,0
521,1306,543,3,0
512,1307,490,0,3
513,1307,491,0,3
514,1307,536,3,0
521,1307,543,3,0
512,1308,490,0,3
513,1308,491,0,3
514,1308,536,3,0
516,1308,538,3,0
521,1308,543,3,0
512,1309,490,0,3
513,1309,491,0,3
514,1309,536,3,0
521,1309,543,3,0
512,1310,490,0,3
513,1310,491,0,3
514,1310,536,3,0
521,1310,543,3,0
512,1311,490,0,3
513,1311,491,0,3
521,1311,543,3,0
512,1312,490,0,3
521,1312,543,3,0
521,1313,543,3,0
510,1315,532,3,0
509,1316,531,3,0
510,1316,532,3,0
524,1316,546,3,0
509,1317,531,3,0
510,1317,532,3,0
524,1317,546,3,0
507,1318,485,0,3
509,1318,531,3,0
510,1318,532,3,0
524,1318,546,3,0
506,1319,528,2,0
507,1319,485,0,3
509,1319,531,3,0
510,1319,532,3,0
524,1319,546,3,0
528,1320,550,2,0
529,1320,507,0,3
531,1320,553,3,0
532,1320,554,3,0
546,1320,568,3,0
529,1321,507,0,3
531,1321,553,3,0
532,1321,554,3,0
546,1321,568,3,0
531,1322,553,3,0
532,1322,554,3,0
546,1322,568,3,0
531,1323,553,3,0
532,1323,554,3,0
532,1324,554,3,0
534,1326,512,0,3
543,1326,565,3,0
534,1327,512,0,3
535,1327,513,0,3
543,1327,565,3,0
534,1328,512,0,3
535,1328,513,0,3
536,1328,558,3,0
543,1328,565,3,0
534,1329,512,0,3
535,1329,513,0,3
536,1329,558,3,0
543,1329,565,3,0
534,1330,512,0,3
535,1330,513,0,3
536,1330,558,3,0
538,1330,560,3,0
543,1330,565,3,0
534,1331,512,0,3
535,1331,513,0,3
536,1331,558,3,0
543,1331,565,3,0
534,1332,512,0,3
535,1332,513,0,3
536,1332,558,3,0
543,1332,565,3,0
534,1333,512,0,3
535,1333,513,0,3
543,1333,565,3,0
534,1334,512,0,3
543,1334,565,3,0
543,1335,565,3,0
532,1337,554,3,0
531,1338,553,3,0
532,1338,554,3,0
546,1338,568,3,0
531,1339,553,3,0
532,1339,554,3,0
546,1339,568,3,0
529,1340,507,0,3
531,1340,553,3,0
532,1340,554,3,0
546,1340,568,3,0
528,1341,550,2,0
529,1341,507,0,3
531,1341,553,3,0
532,1341,554,3,0
546,1341,568,3,0
550,1342,572,2,0
553,1342,575,3,0
554,1342,576,3,0
553,1343,575,3,0
554,1343,576,3,0
553,1344,575,3,0
554,1344,576,3,0
553,1345,575,3,0
554,1345,576,3,0
554,1346,576,3,0
556,1348,534,0,3
565,1348,587,3,0
556,1349,534,0,3
557,1349,535,0,3
564,1349,542,0,3
565,1349,587,3,0
556,1350,534,0,3
557,1350,535,0,3
558,1350,580,3,0
564,1350,542,0,3
565,1350,587,3,0
556,1351,534,0,3
557,1351,535,0,3
558,1351,580,3,0
564,1351,542,0,3
565,1351,587,3,0
556,1352,534,0,3
557,1352,535,0,3
558,1352,580,3,0
560,1352,582,3,0
564,1352,542,0,3
565,1352,587,3,0
556,1353,534,0,3
557,1353,535,0,3
558,1353,580,3,0
564,1353,542,0,3
565,1353,587,3,0
556,1354,534,0,3
557,1354,535,0,3
558,1354,580,3,0
564,1354,542,0,3
565,1354,587,3,0
556,1355,534,0,3
557,1355,535,0,3
564,1355,542,0,3
565,1355,587,3,0
556,1356,534,0,3
564,1356,542,0,3
565,1356,587,3,0
565,1357,587,3,0
554,1359,576,3,0
553,1360,575,3,0
554,1360,576,3,0
553,1361,575,3,0
554,1361,576,3,0
553,1362,575,3,0
554,1362,576,3,0
550,1363,572,2,0
553,1363,575,3,0
554,1363,576,3,0
572,1364,594,2,0
575,1364,597,3,0
575,1365,597,3,0
575,1366,597,3,0
575,1367,597,3,0
578,1370,556,0,3
587,1370,609,3,0
578,1371,556,0,3
579,1371,557,0,3
587,1371,609,3,0
578,1372,556,0,3
579,1372,557,0,3
580,1372,602,3,0
587,1372,609,3,0
578,1373,556,0,3
579,1373,557,0,3
580,1373,602,3,0
587,1373,609,3,0
578,1374,556,0,3
579,1374,557,0,3
580,1374,602,3,0
582,1374,604,3,0
587,1374,609,3,0
578,1375,556,0,3
579,1375,557,0,3
580,1375,602,3,0
587,1375,609,3,0
578,1376,556,0,3
579,1376,557,0,3
580,1376,602,3,0
587,1376,609,3,0
578,1377,556,0,3
579,1377,557,0,3
587,1377,609,3,0
578,1378,556,0,3
587,1378,609,3,0
587,1379,609,3,0
575,1382,597,3,0
575,1383,597,3,0
575,1384,597,3,0
572,1385,594,2,0
575,1385,597,3,0
594,1386,616,2,0
595,1386,573,0,3
597,1386,619,3,0
614,1386,636,3,0
595,1387,573,0,3
597,1387,619,3,0
597,1388,619,3,0
597,1389,619,3,0
600,1392,578,0,3
609,1392,631,3,0
600,1393,578,0,3
601,1393,579,0,3
609,1393,631,3,0
600,1394,578,0,3
601,1394,579,0,3
602,1394,624,3,0
609,1394,631,3,0
600,1395,578,0,3
601,1395,579,0,3
602,1395,624,3,0
609,1395,631,3,0
600,1396,578,0,3
601,1396,579,0,3
602,1396,624,3,0
604,1396,626,3,0
609,1396,631,3,0
600,1397,578,0,3
601,1397,579,0,3
602,1397,624,3,0
609,1397,631,3,0
600,1398,578,0,3
601,1398,579,0,3
602,1398,624,3,0
609,1398,631,3,0
600,1399,578,0,3
601,1399,579,0,3
609,1399,631,3,0
600,1400,578,0,3
609,1400,631,3,0
609,1401,631,3,0
597,1404,619,3,0
597,1405,619,3,0
595,1406,573,0,3
597,1406,619,3,0
614,1406,636,3,0
594,1407,616,2,0
595,1407,573,0,3
597,1407,619,3,0
614,1407,636,3,0
616,1408,638,2,0
617,1408,595,0,3
619,1408,641,3,0
620,1408,598,0,3
636,1408,658,3,0
617,1409,595,0,3
619,1409,641,3,0
620,1409,598,0,3
619,1410,641,3,0
620,1410,598,0,3
619,1411,641,3,0
620,1411,598,0,3
620,1412,598,0,3
622,1414,600,0,3
631,1414,653,3,0
622,1415,600,0,3
623,1415,601,0,3
631,1415,653,3,0
622,1416,600,0,3
623,1416,601,0,3
624,1416,646,3,0
631,1416,653,3,0
622,1417,600,0,3
623,1417,601,0,3
624,1417,646,3,0
625,1417,647,3,0
631,1417,653,3,0
622,1418,600,0,3
623,1418,601,0,3
624,1418,646,3,0
625,1418,647,3,0
626,1418,648,3,0
631,1418,653,3,0
622,1419,600,0,3
623,1419,601,0,3
624,1419,646,3,0
625,1419,647,3,0
631,1419,653,3,0
622,1420,600,0,3
623,1420,601,0,3
624,1420,646,3,0
631,1420,653,3,0
622,1421,600,0,3
623,1421,601,0,3
631,1421,653,3,0
622,1422,600,0,3
631,1422,653,3,0
631,1423,653,3,0
620,1425,598,0,3
619,1426,641,3,0
620,1426,598,0,3
619,1427,641,3,0
620,1427,598,0,3
617,1428,595,0,3
619,1428,641,3,0
620,1428,598,0,3
636,1428,658,3,0
616,1429,638,2,0
617,1429,595,0,3
619,1429,641,3,0
620,1429,598,0,3
636,1429,658,3,0
638,1430,660,2,0
639,1430,617,0,3
641,1430,663,3,0
642,1430,620,0,3
654,1430,676,3,0
658,1430,680,3,0
639,1431,617,0,3
641,1431,663,3,0
642,1431,620,0,3
654,1431,676,3,0
641,1432,663,3,0
642,1432,620,0,3
654,1432,676,3,0
641,1433,663,3,0
642,1433,620,0,3
654,1433,676,3,0
642,1434,620,0,3
654,1434,676,3,0
654,1435,676,3,0
644,1436,622,0,3
653,1436,675,3,0
654,1436,676,3,0
644,1437,622,0,3
645,1437,623,0,3
653,1437,675,3,0
654,1437,676,3,0
644,1438,622,0,3
645,1438,623,0,3
646,1438,668,3,0
653,1438,675,3,0
654,1438,676,3,0
644,1439,622,0,3
645,1439,623,0,3
646,1439,668,3,0
647,1439,669,3,0
653,1439,675,3,0
654,1439,676,3,0
644,1440,622,0,3
645,1440,623,0,3
646,1440,668,3,0
647,1440,669,3,0
648,1440,670,3,0
653,1440,675,3,0
654,1440,676,3,0
644,1441,622,0,3
645,1441,623,0,3
646,1441,668,3,0
647,1441,669,3,0
653,1441,675,3,0
654,1441,676,3,0
644,1442,622,0,3
645,1442,623,0,3
646,1442,668,3,0
653,1442,675,3,0
654,1442,676,3,0
644,1443,622,0,3
645,1443,623,0,3
653,1443,675,3,0
654,1443,676,3,0
644,1444,622,0,3
653,1444,675,3,0
654,1444,676,3,0
653,1445,675,3,0
654,1445,676,3,0
654,1446,676,3,0
642,1447,620,0,3
654,1447,676,3,0
641,1448,663,3,0
642,1448,620,0,3
654,1448,676,3,0
641,1449,663,3,0
642,1449,620,0,3
654,1449,676,3,0
639,1450,617,0,3
641,1450,663,3,0
642,1450,620,0,3
654,1450,676,3,0
658,1450,680,3,0
638,1451,660,2,0
639,1451,617,0,3
641,1451,663,3,0
642,1451,620,0,3
654,1451,676,3,0
658,1451,680,3,0
661,1452,639,0,3
679,1452,701,3,0
680,1452,702,3,0
661,1453,639,0,3
679,1453,701,3,0
666,1458,644,0,3
675,1458,697,3,0
666,1459,644,0,3
667,1459,645,0,3
675,1459,697,3,0
666,1460,644,0,3
667,1460,645,0,3
668,1460,690,3,0
675,1460,697,3,0
666,1461,644,0,3
667,1461,645,0,3
668,1461,690,3,0
669,1461,647,0,3
675,1461,697,3,0
666,1462,644,0,3
667,1462,645,0,3
668,1462,690,3,0
669,1462,647,0,3
670,1462,692,3,0
675,1462,697,3,0
666,1463,644,0,3
667,1463,645,0,3
668,1463,690,3,0
669,1463,647,0,3
675,1463,697,3,0
666,1464,644,0,3
667,1464,645,0,3
668,1464,690,3,0
675,1464,697,3,0
666,1465,644,0,3
667,1465,645,0,3
675,1465,697,3,0
666,1466,644,0,3
675,1466,697,3,0
675,1467,697,3,0
679,1471,701,3,0
661,1472,639,0,3
679,1472,701,3,0
680,1472,702,3,0
661,1473,639,0,3
679,1473,701,3,0
680,1473,702,3,0
683,1474,661,0,3
686,1474,664,0,3
698,1474,720,3,0
701,1474,723,3,0
683,1475,661,0,3
686,1475,664,0,3
698,1475,720,3,0
701,1475,723,3,0
686,1476,664,0,3
698,1476,720,3,0
686,1477,664,0,3
698,1477,720,3,0
686,1478,664,0,3
698,1478,720,3,0
698,1479,720,3,0
697,1480,719,3,0
698,1480,720,3,0
697,1481,719,3,0
698,1481,720,3,0
690,1482,712,3,0
697,1482,719,3,0
698,1482,720,3,0
690,1483,712,3,0
691,1483,669,0,3
697,1483,719,3,0
698,1483,720,3,0
690,1484,712,3,0
691,1484,669,0,3
692,1484,714,3,0
697,1484,719,3,0
698,1484,720,3,0
690,1485,712,3,0
691,1485,669,0,3
697,1485,719,3,0
698,1485,720,3,0
690,1486,712,3,0
697,1486,719,3,0
698,1486,720,3,0
697,1487,719,3,0
698,1487,720,3,0
697,1488,719,3,0
698,1488,720,3,0
697,1489,719,3,0
698,1489,720,3,0
698,1490,720,3,0
686,1491,664,0,3
698,1491,720,3,0
686,1492,664,0,3
698,1492,720,3,0
686,1493,664,0,3
698,1493,720,3,0
701,1493,723,3,0
683,1494,661,0,3
686,1494,664,0,3
698,1494,720,3,0
701,1494,723,3,0
683,1495,661,0,3
686,1495,664,0,3
698,1495,720,3,0
701,1495,723,3,0
704,1496,682,0,2
708,1496,686,0,3
720,1496,742,3,0
723,1496,745,3,0
708,1497,686,0,3
720,1497,742,3,0
723,1497,745,3,0
708,1498,686,0,3
720,1498,742,3,0
708,1499,686,0,3
720,1499,742,3,0
708,1500,686,0,3
720,1500,742,3,0
719,1502,741,3,0
720,1502,742,3,0
719,1503,741,3,0
720,1503,742,3,0
712,1504,734,3,0
719,1504,741,3,0
720,1504,742,3,0
712,1505,734,3,0
719,1505,741,3,0
720,1505,742,3,0
712,1506,734,3,0
714,1506,736,3,0
719,1506,741,3,0
720,1506,742,3,0
712,1507,734,3,0
719,1507,741,3,0
720,1507,742,3,0
712,1508,734,3,0
719,1508,741,3,0
720,1508,742,3,0
719,1509,741,3,0
720,1509,742,3,0
719,1510,741,3,0
720,1510,742,3,0
719,1511,741,3,0
720,1511,742,3,0
720,1512,742,3,0
708,1513,686,0,3
720,1513,742,3,0
708,1514,686,0,3
720,1514,742,3,0
708,1515,686,0,3
720,1515,742,3,0
723,1515,745,3,0
708,1516,686,0,3
720,1516,742,3,0
723,1516,745,3,0
704,1517,682,0,2
708,1517,686,0,3
720,1517,742,3,0
723,1517,745,3,0
726,1518,704,0,2
729,1518,751,3,0
731,1518,709,0,3
742,1518,764,3,0
743,1518,721,0,3
746,1518,768,3,0
729,1519,751,3,0
731,1519,709,0,3
742,1519,764,3,0
743,1519,721,0,3
729,1520,751,3,0
731,1520,709,0,3
742,1520,764,3,0
743,1520,721,0,3
729,1521,751,3,0
731,1521,709,0,3
742,1521,764,3,0
743,1521,721,0,3
731,1522,709,0,3
742,1522,764,3,0
731,1523,709,0,3
742,1523,764,3,0
731,1524,709,0,3
732,1524,710,0,3
741,1524,763,3,0
742,1524,764,3,0
731,1525,709,0,3
732,1525,710,0,3
741,1525,763,3,0
742,1525,764,3,0
731,1526,709,0,3
732,1526,710,0,3
734,1526,756,3,0
741,1526,763,3,0
742,1526,764,3,0
731,1527,709,0,3
732,1527,710,0,3
734,1527,756,3,0
741,1527,763,3,0
742,1527,764,3,0
731,1528,709,0,3
732,1528,710,0,3
734,1528,756,3,0
736,1528,758,3,0
737,1528,715,0,3
741,1528,763,3,0
742,1528,764,3,0
731,1529,709,0,3
732,1529,710,0,3
734,1529,756,3,0
737,1529,715,0,3
741,1529,763,3,0
742,1529,764,3,0
731,1530,709,0,3
732,1530,710,0,3
734,1530,756,3,0
741,1530,763,3,0
742,1530,764,3,0
731,1531,709,0,3
732,1531,710,0,3
741,1531,763,3,0
742,1531,764,3,0
731,1532,709,0,3
732,1532,710,0,3
741,1532,763,3,0
742,1532,764,3,0
731,1533,709,0,3
741,1533,763,3,0
742,1533,764,3,0
742,1534,764,3,0
731,1535,709,0,3
742,1535,764,3,0
743,1535,721,0,3
729,1536,751,3,0
731,1536,709,0,3
742,1536,764,3,0
743,1536,721,0,3
729,1537,751,3,0
731,1537,709,0,3
742,1537,764,3,0
743,1537,721,0,3
729,1538,751,3,0
731,1538,709,0,3
742,1538,764,3,0
743,1538,721,0,3
746,1538,768,3,0
726,1539,704,0,2
729,1539,751,3,0
731,1539,709,0,3
742,1539,764,3,0
743,1539,721,0,3
746,1539,768,3,0
747,1539,769,3,0
748,1540,726,0,2
749,1540,771,3,0
750,1540,728,0,3
751,1540,773,3,0
753,1540,731,0,3
764,1540,786,3,0
768,1540,790,3,0
749,1541,771,3,0
750,1541,728,0,3
751,1541,773,3,0
753,1541,731,0,3
764,1541,786,3,0
750,1542,728,0,3
751,1542,773,3,0
753,1542,731,0,3
764,1542,786,3,0
751,1543,773,3,0
753,1543,731,0,3
764,1543,786,3,0
753,1544,731,0,3
764,1544,786,3,0
753,1545,731,0,3
753,1546,731,0,3
763,1546,785,3,0
764,1546,786,3,0
753,1547,731,0,3
762,1547,784,3,0
763,1547,785,3,0
764,1547,786,3,0
753,1548,731,0,3
756,1548,778,3,0
762,1548,784,3,0
763,1548,785,3,0
764,1548,786,3,0
753,1549,731,0,3
756,1549,778,3,0
760,1549,738,0,3
762,1549,784,3,0
763,1549,785,3,0
764,1549,786,3,0
753,1550,731,0,3
756,1550,778,3,0
758,1550,780,3,0
759,1550,737,0,3
760,1550,738,0,3
762,1550,784,3,0
763,1550,785,3,0
764,1550,786,3,0
753,1551,731,0,3
756,1551,778,3,0
759,1551,737,0,3
760,1551,738,0,3
762,1551,784,3,0
763,1551,785,3,0
764,1551,786,3,0
753,1552,731,0,3
756,1552,778,3,0
760,1552,738,0,3
762,1552,784,3,0
763,1552,785,3,0
764,1552,786,3,0
753,1553,731,0,3
762,1553,784,3,0
763,1553,785,3,0
764,1553,786,3,0
753,1554,731,0,3
762,1554,784,3,0
763,1554,785,3,0
764,1554,786,3,0
753,1555,731,0,3
763,1555,785,3,0
764,1555,786,3,0
764,1556,786,3,0
753,1557,731,0,3
764,1557,786,3,0
751,1558,773,3,0
753,1558,731,0,3
764,1558,786,3,0
750,1559,728,0,3
751,1559,773,3,0
753,1559,731,0,3
764,1559,786,3,0
749,1560,771,3,0
750,1560,728,0,3
751,1560,773,3,0
753,1560,731,0,3
764,1560,786,3,0
768,1560,790,3,0
748,1561,726,0,2
749,1561,771,3,0
750,1561,728,0,3
751,1561,773,3,0
753,1561,731,0,3
764,1561,786,3,0
768,1561,790,3,0
769,1561,791,3,0
770,1562,748,0,2
771,1562,793,3,0
772,1562,750,0,3
775,1562,753,0,3
786,1562,808,3,0
787,1562,809,3,0
790,1562,812,3,0
771,1563,793,3,0
772,1563,750,0,3
775,1563,753,0,3
786,1563,808,3,0
787,1563,809,3,0
772,1564,750,0,3
775,1564,753,0,3
786,1564,808,3,0
787,1564,809,3,0
775,1565,753,0,3
786,1565,808,3,0
787,1565,809,3,0
775,1566,753,0,3
786,1566,808,3,0
775,1567,753,0,3
786,1567,808,3,0
775,1568,753,0,3
776,1568,798,3,0
785,1568,807,3,0
786,1568,808,3,0
775,1569,753,0,3
776,1569,798,3,0
777,1569,755,0,3
784,1569,806,3,0
785,1569,807,3,0
786,1569,808,3,0
775,1570,753,0,3
776,1570,798,3,0
777,1570,755,0,3
778,1570,800,3,0
784,1570,806,3,0
785,1570,807,3,0
786,1570,808,3,0
775,1571,753,0,3
776,1571,798,3,0
777,1571,755,0,3
778,1571,800,3,0
779,1571,757,0,3
782,1571,760,0,3
784,1571,806,3,0
785,1571,807,3,0
786,1571,808,3,0
775,1572,753,0,3
776,1572,798,3,0
777,1572,755,0,3
778,1572,800,3,0
779,1572,757,0,3
780,1572,802,3,0
781,1572,759,0,3
782,1572,760,0,3
784,1572,806,3,0
785,1572,807,3,0
786,1572,808,3,0
775,1573,753,0,3
776,1573,798,3,0
777,1573,755,0,3
778,1573,800,3,0
779,1573,757,0,3
781,1573,759,0,3
782,1573,760,0,3
784,1573,806,3,0
785,1573,807,3,0
786,1573,808,3,0
775,1574,753,0,3
776,1574,798,3,0
777,1574,755,0,3
778,1574,800,3,0
782,1574,760,0,3
784,1574,806,3,0
785,1574,807,3,0
786,1574,808,3,0
775,1575,753,0,3
776,1575,798,3,0
777,1575,755,0,3
784,1575,806,3,0
785,1575,807,3,0
786,1575,808,3,0
775,1576,753,0,3
776,1576,798,3,0
784,1576,806,3,0
785,1576,807,3,0
786,1576,808,3,0
775,1577,753,0,3
785,1577,807,3,0
786,1577,808,3,0
786,1578,808,3,0
775,1579,753,0,3
786,1579,808,3,0
787,1579,809,3,0
775,1580,753,0,3
786,1580,808,3,0
787,1580,809,3,0
772,1581,750,0,3
775,1581,753,0,3
786,1581,808,3,0
787,1581,809,3,0
771,1582,793,3,0
772,1582,750,0,3
775,1582,753,0,3
786,1582,808,3,0
787,1582,809,3,0
790,1582,812,3,0
770,1583,748,0,2
771,1583,793,3,0
772,1583,750,0,3
775,1583,753,0,3
786,1583,808,3,0
787,1583,809,3,0
790,1583,812,3,0
1125,1584,1103,0,3
1126,1584,1104,0,3
1140,1584,1118,0,3
122,1586,100,0,3
124,1586,102,0,3
125,1586,103,0,3
512,1587,490,0,3
513,1587,491,0,3
514,1587,536,3,0
516,1587,538,3,0
521,1587,543,3,0
686,1588,664,0,3
698,1588,720,3,0
1118,1591,1096,0,3
1188,1592,1166,0,2
1191,1592,1169,0,3
1192,1592,1170,0,3
1206,1592,1184,0,3
1208,1592,1186,0,3
314,1593,292,0,3
315,1593,293,0,3
316,1593,338,3,0
318,1593,340,3,0
321,1593,299,0,3
322,1593,300,0,3
924,1594,902,0,2
926,1594,904,0,3
941,1594,963,3,0
942,1594,920,0,3
944,1594,966,3,0
945,1594,967,3,0
49,1595,27,0,3
50,1595,28,0,3
51,1595,73,3,0
52,1595,30,0,3
54,1595,32,0,3
56,1595,78,3,0
58,1595,36,0,3
59,1595,37,0,3
60,1595,38,0,3
