794,0,816,3,0
809,0,831,3,0
810,0,832,3,0
812,0,834,3,0
813,0,835,3,0
794,1,816,3,0
809,1,831,3,0
810,1,832,3,0
812,1,834,3,0
794,2,816,3,0
809,2,831,3,0
810,2,832,3,0
809,3,831,3,0
810,3,832,3,0
809,4,831,3,0
799,7,777,0,3
807,7,829,3,0
799,8,777,0,3
807,8,829,3,0
799,9,777,0,3
807,9,829,3,0
799,10,777,0,3
804,10,826,3,0
807,10,829,3,0
799,11,777,0,3
803,11,825,3,0
804,11,826,3,0
807,11,829,3,0
799,12,777,0,3
804,12,826,3,0
807,12,829,3,0
799,13,777,0,3
807,13,829,3,0
807,14,829,3,0
807,15,829,3,0
809,17,831,3,0
809,18,831,3,0
810,18,832,3,0
809,19,831,3,0
810,19,832,3,0
794,20,816,3,0
809,20,831,3,0
810,20,832,3,0
812,20,834,3,0
794,21,816,3,0
809,21,831,3,0
810,21,832,3,0
812,21,834,3,0
813,21,835,3,0
831,22,853,3,0
834,22,856,3,0
835,22,857,3,0
831,23,853,3,0
834,23,856,3,0
831,24,853,3,0
831,25,853,3,0
831,26,853,3,0
820,28,798,0,3
829,28,851,3,0
820,29,798,0,3
821,29,799,0,3
829,29,851,3,0
820,30,798,0,3
821,30,799,0,3
829,30,851,3,0
820,31,798,0,3
821,31,799,0,3
829,31,851,3,0
820,32,798,0,3
821,32,799,0,3
826,32,848,3,0
829,32,851,3,0
820,33,798,0,3
821,33,799,0,3
826,33,848,3,0
829,33,851,3,0
820,34,798,0,3
821,34,799,0,3
826,34,848,3,0
829,34,851,3,0
820,35,798,0,3
821,35,799,0,3
829,35,851,3,0
820,36,798,0,3
821,36,799,0,3
829,36,851,3,0
829,37,851,3,0
831,39,853,3,0
831,40,853,3,0
831,41,853,3,0
831,42,853,3,0
834,42,856,3,0
831,43,853,3,0
834,43,856,3,0
835,43,857,3,0
841,44,863,3,0
857,44,879,3,0
841,45,863,3,0
841,46,863,3,0
841,47,863,3,0
841,48,863,3,0
841,49,863,3,0
841,50,863,3,0
842,50,820,0,3
841,51,863,3,0
842,51,820,0,3
843,51,821,0,3
851,51,873,3,0
841,52,863,3,0
842,52,820,0,3
843,52,821,0,3
850,52,872,3,0
851,52,873,3,0
841,53,863,3,0
842,53,820,0,3
843,53,821,0,3
845,53,867,3,0
850,53,872,3,0
851,53,873,3,0
841,54,863,3,0
842,54,820,0,3
843,54,821,0,3
845,54,867,3,0
848,54,826,0,3
850,54,872,3,0
851,54,873,3,0
841,55,863,3,0
842,55,820,0,3
843,55,821,0,3
845,55,867,3,0
847,55,825,0,3
848,55,826,0,3
850,55,872,3,0
851,55,873,3,0
841,56,863,3,0
842,56,820,0,3
843,56,821,0,3
848,56,826,0,3
850,56,872,3,0
851,56,873,3,0
841,57,863,3,0
842,57,820,0,3
843,57,821,0,3
850,57,872,3,0
851,57,873,3,0
841,58,863,3,0
842,58,820,0,3
850,58,872,3,0
851,58,873,3,0
841,59,863,3,0
851,59,873,3,0
841,61,863,3,0
841,62,863,3,0
841,63,863,3,0
841,64,863,3,0
841,65,863,3,0
857,65,879,3,0
858,66,880,2,0
859,66,837,0,3
862,66,840,0,3
863,66,885,3,0
879,66,901,3,0
859,67,837,0,3
862,67,840,0,3
863,67,885,3,0
862,68,840,0,3
863,68,885,3,0
862,69,840,0,3
863,69,885,3,0
862,70,840,0,3
863,70,885,3,0
863,71,885,3,0
863,72,885,3,0
864,72,842,0,3
873,72,895,3,0
863,73,885,3,0
864,73,842,0,3
865,73,843,0,3
873,73,895,3,0
863,74,885,3,0
864,74,842,0,3
865,74,843,0,3
873,74,895,3,0
863,75,885,3,0
864,75,842,0,3
865,75,843,0,3
867,75,889,3,0
873,75,895,3,0
863,76,885,3,0
864,76,842,0,3
865,76,843,0,3
867,76,889,3,0
870,76,848,0,3
873,76,895,3,0
863,77,885,3,0
864,77,842,0,3
865,77,843,0,3
867,77,889,3,0
869,77,847,0,3
870,77,848,0,3
873,77,895,3,0
863,78,885,3,0
864,78,842,0,3
865,78,843,0,3
867,78,889,3,0
870,78,848,0,3
873,78,895,3,0
863,79,885,3,0
864,79,842,0,3
865,79,843,0,3
873,79,895,3,0
863,80,885,3,0
864,80,842,0,3
865,80,843,0,3
873,80,895,3,0
863,81,885,3,0
873,81,895,3,0
863,83,885,3,0
862,84,840,0,3
863,84,885,3,0
862,85,840,0,3
863,85,885,3,0
862,86,840,0,3
863,86,885,3,0
859,87,837,0,3
862,87,840,0,3
863,87,885,3,0
879,87,901,3,0
880,88,902,2,0
881,88,859,0,3
884,88,862,0,3
885,88,907,3,0
901,88,923,3,0
881,89,859,0,3
884,89,862,0,3
885,89,907,3,0
884,90,862,0,3
885,90,907,3,0
884,91,862,0,3
885,91,907,3,0
884,92,862,0,3
885,92,907,3,0
885,93,907,3,0
885,94,907,3,0
886,94,864,0,3
885,95,907,3,0
886,95,864,0,3
887,95,865,0,3
895,95,917,3,0
885,96,907,3,0
886,96,864,0,3
887,96,865,0,3
888,96,866,0,3
894,96,872,0,3
895,96,917,3,0
885,97,907,3,0
886,97,864,0,3
887,97,865,0,3
888,97,866,0,3
889,97,911,3,0
894,97,872,0,3
895,97,917,3,0
885,98,907,3,0
886,98,864,0,3
887,98,865,0,3
888,98,866,0,3
889,98,911,3,0
892,98,870,0,3
894,98,872,0,3
895,98,917,3,0
885,99,907,3,0
886,99,864,0,3
887,99,865,0,3
888,99,866,0,3
889,99,911,3,0
891,99,869,0,3
892,99,870,0,3
894,99,872,0,3
895,99,917,3,0
885,100,907,3,0
886,100,864,0,3
887,100,865,0,3
888,100,866,0,3
892,100,870,0,3
894,100,872,0,3
895,100,917,3,0
885,101,907,3,0
886,101,864,0,3
887,101,865,0,3
894,101,872,0,3
895,101,917,3,0
885,102,907,3,0
886,102,864,0,3
894,102,872,0,3
895,102,917,3,0
885,103,907,3,0
895,103,917,3,0
885,105,907,3,0
884,106,862,0,3
885,106,907,3,0
884,107,862,0,3
885,107,907,3,0
884,108,862,0,3
885,108,907,3,0
881,109,859,0,3
884,109,862,0,3
885,109,907,3,0
901,109,923,3,0
903,110,881,0,3
906,110,884,0,3
907,110,929,3,0
919,110,897,0,3
922,110,944,3,0
923,110,945,3,0
903,111,881,0,3
906,111,884,0,3
907,111,929,3,0
919,111,897,0,3
922,111,944,3,0
906,112,884,0,3
907,112,929,3,0
919,112,897,0,3
906,113,884,0,3
907,113,929,3,0
919,113,897,0,3
906,114,884,0,3
907,114,929,3,0
919,114,897,0,3
907,115,929,3,0
907,116,929,3,0
908,116,886,0,3
917,116,939,3,0
907,117,929,3,0
908,117,886,0,3
909,117,887,0,3
917,117,939,3,0
907,118,929,3,0
908,118,886,0,3
909,118,887,0,3
910,118,888,0,3
917,118,939,3,0
907,119,929,3,0
908,119,886,0,3
909,119,887,0,3
910,119,888,0,3
911,119,933,3,0
917,119,939,3,0
907,120,929,3,0
908,120,886,0,3
909,120,887,0,3
910,120,888,0,3
911,120,933,3,0
912,120,934,3,0
914,120,892,0,3
917,120,939,3,0
907,121,929,3,0
908,121,886,0,3
909,121,887,0,3
910,121,888,0,3
911,121,933,3,0
912,121,934,3,0
913,121,891,0,3
914,121,892,0,3
917,121,939,3,0
907,122,929,3,0
908,122,886,0,3
909,122,887,0,3
910,122,888,0,3
911,122,933,3,0
914,122,892,0,3
917,122,939,3,0
907,123,929,3,0
908,123,886,0,3
909,123,887,0,3
910,123,888,0,3
917,123,939,3,0
907,124,929,3,0
908,124,886,0,3
909,124,887,0,3
917,124,939,3,0
907,125,929,3,0
917,125,939,3,0
907,127,929,3,0
919,127,897,0,3
906,128,884,0,3
907,128,929,3,0
919,128,897,0,3
906,129,884,0,3
907,129,929,3,0
919,129,897,0,3
906,130,884,0,3
907,130,929,3,0
919,130,897,0,3
922,130,944,3,0
903,131,881,0,3
906,131,884,0,3
907,131,929,3,0
919,131,897,0,3
922,131,944,3,0
923,131,945,3,0
925,132,903,0,3
941,132,919,0,3
944,132,966,3,0
945,132,967,3,0
925,133,903,0,3
941,133,919,0,3
944,133,966,3,0
941,134,919,0,3
941,135,919,0,3
941,136,919,0,3
930,138,908,0,3
930,139,908,0,3
931,139,909,0,3
939,139,961,3,0
930,140,908,0,3
931,140,909,0,3
939,140,961,3,0
930,141,908,0,3
931,141,909,0,3
933,141,955,3,0
939,141,961,3,0
930,142,908,0,3
931,142,909,0,3
933,142,955,3,0
939,142,961,3,0
930,143,908,0,3
931,143,909,0,3
933,143,955,3,0
935,143,957,3,0
939,143,961,3,0
930,144,908,0,3
931,144,909,0,3
939,144,961,3,0
930,145,908,0,3
931,145,909,0,3
939,145,961,3,0
930,146,908,0,3
939,146,961,3,0
939,147,961,3,0
941,149,919,0,3
941,150,919,0,3
941,151,919,0,3
941,152,919,0,3
944,152,966,3,0
925,153,903,0,3
941,153,919,0,3
944,153,966,3,0
945,153,967,3,0
963,154,941,0,3
965,154,943,0,3
966,154,988,3,0
967,154,989,3,0
963,155,941,0,3
965,155,943,0,3
966,155,988,3,0
963,156,941,0,3
965,156,943,0,3
963,157,941,0,3
963,158,941,0,3
961,160,983,3,0
953,161,931,0,3
961,161,983,3,0
953,162,931,0,3
961,162,983,3,0
953,163,931,0,3
955,163,977,3,0
961,163,983,3,0
953,164,931,0,3
955,164,977,3,0
958,164,936,0,3
961,164,983,3,0
953,165,931,0,3
955,165,977,3,0
958,165,936,0,3
961,165,983,3,0
953,166,931,0,3
955,166,977,3,0
958,166,936,0,3
961,166,983,3,0
953,167,931,0,3
961,167,983,3,0
953,168,931,0,3
961,168,983,3,0
961,169,983,3,0
963,171,941,0,3
963,172,941,0,3
963,173,941,0,3
965,173,943,0,3
963,174,941,0,3
965,174,943,0,3
966,174,988,3,0
963,175,941,0,3
965,175,943,0,3
966,175,988,3,0
967,175,989,3,0
972,176,950,0,3
985,176,963,0,3
987,176,965,0,3
972,177,950,0,3
985,177,963,0,3
987,177,965,0,3
972,178,950,0,3
985,178,963,0,3
987,178,965,0,3
972,179,950,0,3
985,179,963,0,3
972,180,950,0,3
985,180,963,0,3
975,183,953,0,3
983,183,1005,3,0
975,184,953,0,3
976,184,954,0,3
983,184,1005,3,0
975,185,953,0,3
976,185,954,0,3
977,185,999,3,0
983,185,1005,3,0
975,186,953,0,3
976,186,954,0,3
977,186,999,3,0
978,186,1000,3,0
980,186,958,0,3
983,186,1005,3,0
975,187,953,0,3
976,187,954,0,3
977,187,999,3,0
980,187,958,0,3
983,187,1005,3,0
975,188,953,0,3
976,188,954,0,3
980,188,958,0,3
983,188,1005,3,0
975,189,953,0,3
983,189,1005,3,0
983,190,1005,3,0
983,191,1005,3,0
985,193,963,0,3
972,194,950,0,3
985,194,963,0,3
972,195,950,0,3
985,195,963,0,3
987,195,965,0,3
972,196,950,0,3
985,196,963,0,3
987,196,965,0,3
972,197,950,0,3
985,197,963,0,3
987,197,965,0,3
992,198,1014,3,0
994,198,972,0,3
1007,198,985,0,3
1009,198,987,0,3
992,199,1014,3,0
994,199,972,0,3
1007,199,985,0,3
1009,199,987,0,3
992,200,1014,3,0
994,200,972,0,3
1007,200,985,0,3
1009,200,987,0,3
994,201,972,0,3
1007,201,985,0,3
994,202,972,0,3
1007,202,985,0,3
1005,204,1027,3,0
997,205,975,0,3
1005,205,1027,3,0
997,206,975,0,3
998,206,976,0,3
1005,206,1027,3,0
997,207,975,0,3
998,207,976,0,3
999,207,1021,3,0
1005,207,1027,3,0
997,208,975,0,3
998,208,976,0,3
999,208,1021,3,0
1000,208,1022,3,0
1002,208,980,0,3
1005,208,1027,3,0
997,209,975,0,3
998,209,976,0,3
999,209,1021,3,0
1000,209,1022,3,0
1002,209,980,0,3
1005,209,1027,3,0
997,210,975,0,3
998,210,976,0,3
999,210,1021,3,0
1002,210,980,0,3
1005,210,1027,3,0
997,211,975,0,3
998,211,976,0,3
1005,211,1027,3,0
997,212,975,0,3
1005,212,1027,3,0
1005,213,1027,3,0
1007,215,985,0,3
994,216,972,0,3
1007,216,985,0,3
994,217,972,0,3
1007,217,985,0,3
1009,217,987,0,3
992,218,1014,3,0
994,218,972,0,3
1007,218,985,0,3
1009,218,987,0,3
992,219,1014,3,0
994,219,972,0,3
1007,219,985,0,3
1009,219,987,0,3
1014,220,1036,3,0
1016,220,994,0,3
1029,220,1007,0,3
1031,220,1009,0,3
1033,220,1055,3,0
1014,221,1036,3,0
1016,221,994,0,3
1029,221,1007,0,3
1031,221,1009,0,3
1014,222,1036,3,0
1016,222,994,0,3
1029,222,1007,0,3
1031,222,1009,0,3
1016,223,994,0,3
1029,223,1007,0,3
1016,224,994,0,3
1029,224,1007,0,3
1019,227,997,0,3
1027,227,1049,3,0
1019,228,997,0,3
1020,228,998,0,3
1027,228,1049,3,0
1019,229,997,0,3
1020,229,998,0,3
1027,229,1049,3,0
1019,230,997,0,3
1020,230,998,0,3
1024,230,1002,0,3
1027,230,1049,3,0
1019,231,997,0,3
1020,231,998,0,3
1024,231,1002,0,3
1027,231,1049,3,0
1019,232,997,0,3
1020,232,998,0,3
1024,232,1002,0,3
1027,232,1049,3,0
1019,233,997,0,3
1027,233,1049,3,0
1027,234,1049,3,0
1027,235,1049,3,0
1029,237,1007,0,3
1016,238,994,0,3
1029,238,1007,0,3
1016,239,994,0,3
1029,239,1007,0,3
1031,239,1009,0,3
1014,240,1036,3,0
1016,240,994,0,3
1029,240,1007,0,3
1031,240,1009,0,3
1014,241,1036,3,0
1016,241,994,0,3
1029,241,1007,0,3
1031,241,1009,0,3
1033,241,1055,3,0
1036,242,1058,3,0
1038,242,1016,0,3
1051,242,1029,0,3
1055,242,1077,3,0
1036,243,1058,3,0
1038,243,1016,0,3
1051,243,1029,0,3
1036,244,1058,3,0
1038,244,1016,0,3
1051,244,1029,0,3
1038,245,1016,0,3
1051,245,1029,0,3
1038,246,1016,0,3
1051,246,1029,0,3
1049,248,1071,3,0
1041,249,1019,0,3
1049,249,1071,3,0
1041,250,1019,0,3
1042,250,1020,0,3
1049,250,1071,3,0
1041,251,1019,0,3
1042,251,1020,0,3
1049,251,1071,3,0
1041,252,1019,0,3
1042,252,1020,0,3
1046,252,1024,0,3
1049,252,1071,3,0
1041,253,1019,0,3
1042,253,1020,0,3
1045,253,1023,0,3
1046,253,1024,0,3
1049,253,1071,3,0
1041,254,1019,0,3
1042,254,1020,0,3
1046,254,1024,0,3
1049,254,1071,3,0
1041,255,1019,0,3
1042,255,1020,0,3
1049,255,1071,3,0
1041,256,1019,0,3
1049,256,1071,3,0
1049,257,1071,3,0
1051,259,1029,0,3
1038,260,1016,0,3
1051,260,1029,0,3
1038,261,1016,0,3
1051,261,1029,0,3
1036,262,1058,3,0
1038,262,1016,0,3
1051,262,1029,0,3
1036,263,1058,3,0
1038,263,1016,0,3
1051,263,1029,0,3
1055,263,1077,3,0
1058,264,1080,3,0
1060,264,1038,0,3
1073,264,1051,0,3
1074,264,1096,3,0
1075,264,1053,0,3
1058,265,1080,3,0
1060,265,1038,0,3
1073,265,1051,0,3
1074,265,1096,3,0
1075,265,1053,0,3
1058,266,1080,3,0
1060,266,1038,0,3
1073,266,1051,0,3
1074,266,1096,3,0
1075,266,1053,0,3
1060,267,1038,0,3
1073,267,1051,0,3
1074,267,1096,3,0
1060,268,1038,0,3
1073,268,1051,0,3
1063,271,1041,0,3
1063,272,1041,0,3
1063,273,1041,0,3
1063,274,1041,0,3
1068,274,1046,0,3
1063,275,1041,0,3
1067,275,1045,0,3
1068,275,1046,0,3
1063,276,1041,0,3
1068,276,1046,0,3
1063,277,1041,0,3
1073,281,1051,0,3
1060,282,1038,0,3
1073,282,1051,0,3
1074,282,1096,3,0
1060,283,1038,0,3
1073,283,1051,0,3
1074,283,1096,3,0
1075,283,1053,0,3
1058,284,1080,3,0
1060,284,1038,0,3
1073,284,1051,0,3
1074,284,1096,3,0
1075,284,1053,0,3
1058,285,1080,3,0
1060,285,1038,0,3
1073,285,1051,0,3
1074,285,1096,3,0
1075,285,1053,0,3
1078,286,1056,0,2
1080,286,1102,3,0
1095,286,1073,0,3
1096,286,1118,3,0
1097,286,1075,0,3
1080,287,1102,3,0
1095,287,1073,0,3
1096,287,1118,3,0
1097,287,1075,0,3
1080,288,1102,3,0
1095,288,1073,0,3
1096,288,1118,3,0
1097,288,1075,0,3
1095,289,1073,0,3
1096,289,1118,3,0
1095,290,1073,0,3
1084,292,1062,0,3
1084,293,1062,0,3
1085,293,1063,0,3
1084,294,1062,0,3
1085,294,1063,0,3
1084,295,1062,0,3
1085,295,1063,0,3
1084,296,1062,0,3
1085,296,1063,0,3
1088,296,1110,3,0
1090,296,1068,0,3
1084,297,1062,0,3
1085,297,1063,0,3
1088,297,1110,3,0
1090,297,1068,0,3
1084,298,1062,0,3
1085,298,1063,0,3
1090,298,1068,0,3
1084,299,1062,0,3
1085,299,1063,0,3
1084,300,1062,0,3
1085,300,1063,0,3
1095,303,1073,0,3
1095,304,1073,0,3
1096,304,1118,3,0
1095,305,1073,0,3
1096,305,1118,3,0
1097,305,1075,0,3
1080,306,1102,3,0
1095,306,1073,0,3
1096,306,1118,3,0
1097,306,1075,0,3
1080,307,1102,3,0
1095,307,1073,0,3
1096,307,1118,3,0
1097,307,1075,0,3
1100,308,1078,0,2
1102,308,1124,3,0
1117,308,1095,0,3
1118,308,1096,0,3
1119,308,1097,0,3
1102,309,1124,3,0
1117,309,1095,0,3
1118,309,1096,0,3
1119,309,1097,0,3
1102,310,1124,3,0
1117,310,1095,0,3
1118,310,1096,0,3
1119,310,1097,0,3
1117,311,1095,0,3
1118,311,1096,0,3
1117,312,1095,0,3
1106,314,1084,0,3
1106,315,1084,0,3
1106,316,1084,0,3
1114,316,1092,0,3
1106,317,1084,0,3
1114,317,1092,0,3
1106,318,1084,0,3
1110,318,1132,3,0
1112,318,1090,0,3
1114,318,1092,0,3
1106,319,1084,0,3
1112,319,1090,0,3
1114,319,1092,0,3
1106,320,1084,0,3
1112,320,1090,0,3
1114,320,1092,0,3
1106,321,1084,0,3
1114,321,1092,0,3
1106,322,1084,0,3
1114,322,1092,0,3
1117,325,1095,0,3
1117,326,1095,0,3
1118,326,1096,0,3
1117,327,1095,0,3
1118,327,1096,0,3
1119,327,1097,0,3
1102,328,1124,3,0
1117,328,1095,0,3
1118,328,1096,0,3
1119,328,1097,0,3
1102,329,1124,3,0
1117,329,1095,0,3
1118,329,1096,0,3
1119,329,1097,0,3
1122,330,1100,0,2
1124,330,1146,3,0
1126,330,1104,0,3
1139,330,1117,0,3
1140,330,1118,0,3
1141,330,1119,0,3
1124,331,1146,3,0
1126,331,1104,0,3
1139,331,1117,0,3
1140,331,1118,0,3
1141,331,1119,0,3
1124,332,1146,3,0
1126,332,1104,0,3
1139,332,1117,0,3
1140,332,1118,0,3
1141,332,1119,0,3
1126,333,1104,0,3
1139,333,1117,0,3
1140,333,1118,0,3
1126,334,1104,0,3
1139,334,1117,0,3
1136,338,1114,0,3
1136,339,1114,0,3
1132,340,1154,3,0
1134,340,1112,0,3
1136,340,1114,0,3
1132,341,1154,3,0
1134,341,1112,0,3
1136,341,1114,0,3
1134,342,1112,0,3
1136,342,1114,0,3
1136,343,1114,0,3
1136,344,1114,0,3
1139,347,1117,0,3
1126,348,1104,0,3
1139,348,1117,0,3
1140,348,1118,0,3
1126,349,1104,0,3
1139,349,1117,0,3
1140,349,1118,0,3
1141,349,1119,0,3
1124,350,1146,3,0
1126,350,1104,0,3
1139,350,1117,0,3
1140,350,1118,0,3
1141,350,1119,0,3
1124,351,1146,3,0
1126,351,1104,0,3
1139,351,1117,0,3
1140,351,1118,0,3
1141,351,1119,0,3
1144,352,1122,0,2
1146,352,1168,3,0
1148,352,1126,0,3
1161,352,1139,0,3
1162,352,1140,0,3
1163,352,1141,0,3
1146,353,1168,3,0
1148,353,1126,0,3
1161,353,1139,0,3
1162,353,1140,0,3
1163,353,1141,0,3
1146,354,1168,3,0
1148,354,1126,0,3
1161,354,1139,0,3
1162,354,1140,0,3
1163,354,1141,0,3
1148,355,1126,0,3
1161,355,1139,0,3
1162,355,1140,0,3
1148,356,1126,0,3
1161,356,1139,0,3
1158,360,1136,0,3
1158,361,1136,0,3
1154,362,1176,3,0
1156,362,1134,0,3
1158,362,1136,0,3
1156,363,1134,0,3
1158,363,1136,0,3
1156,364,1134,0,3
1158,364,1136,0,3
1158,365,1136,0,3
1158,366,1136,0,3
1161,369,1139,0,3
1148,370,1126,0,3
1161,370,1139,0,3
1162,370,1140,0,3
1148,371,1126,0,3
1161,371,1139,0,3
1162,371,1140,0,3
1163,371,1141,0,3
1146,372,1168,3,0
1148,372,1126,0,3
1161,372,1139,0,3
1162,372,1140,0,3
1163,372,1141,0,3
1146,373,1168,3,0
1148,373,1126,0,3
1161,373,1139,0,3
1162,373,1140,0,3
1163,373,1141,0,3
1166,374,1144,0,2
1168,374,1190,3,0
1183,374,1161,0,3
1184,374,1162,0,3
1185,374,1163,0,3
1168,375,1190,3,0
1183,375,1161,0,3
1184,375,1162,0,3
1185,375,1163,0,3
1168,376,1190,3,0
1183,376,1161,0,3
1184,376,1162,0,3
1185,376,1163,0,3
1183,377,1161,0,3
1184,377,1162,0,3
1183,378,1161,0,3
1180,382,1158,0,3
1179,383,1157,0,3
1180,383,1158,0,3
1176,384,1198,3,0
1178,384,1156,0,3
1179,384,1157,0,3
1180,384,1158,0,3
1176,385,1198,3,0
1178,385,1156,0,3
1179,385,1157,0,3
1180,385,1158,0,3
1178,386,1156,0,3
1179,386,1157,0,3
1180,386,1158,0,3
1179,387,1157,0,3
1180,387,1158,0,3
1180,388,1158,0,3
1183,391,1161,0,3
1183,392,1161,0,3
1184,392,1162,0,3
1183,393,1161,0,3
1184,393,1162,0,3
1185,393,1163,0,3
1168,394,1190,3,0
1183,394,1161,0,3
1184,394,1162,0,3
1185,394,1163,0,3
1168,395,1190,3,0
1183,395,1161,0,3
1184,395,1162,0,3
1185,395,1163,0,3
1188,396,1166,0,2
1190,396,1212,3,0
1205,396,1183,0,3
1206,396,1184,0,3
1207,396,1185,0,3
1209,396,1231,3,0
1190,397,1212,3,0
1205,397,1183,0,3
1206,397,1184,0,3
1207,397,1185,0,3
1190,398,1212,3,0
1205,398,1183,0,3
1206,398,1184,0,3
1207,398,1185,0,3
1205,399,1183,0,3
1206,399,1184,0,3
1205,400,1183,0,3
1202,404,1180,0,3
1201,405,1179,0,3
1202,405,1180,0,3
1200,406,1178,0,3
1201,406,1179,0,3
1202,406,1180,0,3
1200,407,1178,0,3
1201,407,1179,0,3
1202,407,1180,0,3
1200,408,1178,0,3
1201,408,1179,0,3
1202,408,1180,0,3
1201,409,1179,0,3
1202,409,1180,0,3
1202,410,1180,0,3
1205,413,1183,0,3
1205,414,1183,0,3
1206,414,1184,0,3
1205,415,1183,0,3
1206,415,1184,0,3
1207,415,1185,0,3
1190,416,1212,3,0
1205,416,1183,0,3
1206,416,1184,0,3
1207,416,1185,0,3
1190,417,1212,3,0
1205,417,1183,0,3
1206,417,1184,0,3
1207,417,1185,0,3
1209,417,1231,3,0
1210,418,1188,0,2
1212,418,1234,3,0
1227,418,1205,0,3
1228,418,1206,0,3
1229,418,1207,0,3
1231,418,1253,3,0
1212,419,1234,3,0
1227,419,1205,0,3
1228,419,1206,0,3
1229,419,1207,0,3
1212,420,1234,3,0
1227,420,1205,0,3
1228,420,1206,0,3
1229,420,1207,0,3
1227,421,1205,0,3
1228,421,1206,0,3
1227,422,1205,0,3
1225,424,1247,3,0
1225,425,1247,3,0
1224,426,1202,0,3
1225,426,1247,3,0
1219,427,1197,0,3
1223,427,1201,0,3
1224,427,1202,0,3
1225,427,1247,3,0
1219,428,1197,0,3
1222,428,1200,0,3
1223,428,1201,0,3
1224,428,1202,0,3
1225,428,1247,3,0
1219,429,1197,0,3
1222,429,1200,0,3
1223,429,1201,0,3
1224,429,1202,0,3
1225,429,1247,3,0
1219,430,1197,0,3
1222,430,1200,0,3
1223,430,1201,0,3
1224,430,1202,0,3
1225,430,1247,3,0
1223,431,1201,0,3
1224,431,1202,0,3
1225,431,1247,3,0
1224,432,1202,0,3
1225,432,1247,3,0
1225,433,1247,3,0
1227,435,1205,0,3
1227,436,1205,0,3
1228,436,1206,0,3
1227,437,1205,0,3
1228,437,1206,0,3
1229,437,1207,0,3
1212,438,1234,3,0
1227,438,1205,0,3
1228,438,1206,0,3
1229,438,1207,0,3
1212,439,1234,3,0
1227,439,1205,0,3
1228,439,1206,0,3
1229,439,1207,0,3
1231,439,1253,3,0
1232,440,1210,0,2
1234,440,1256,3,0
1249,440,1227,0,3
1250,440,1228,0,3
1251,440,1229,0,3
1234,441,1256,3,0
1249,441,1227,0,3
1250,441,1228,0,3
1251,441,1229,0,3
1234,442,1256,3,0
1249,442,1227,0,3
1250,442,1228,0,3
1251,442,1229,0,3
1249,443,1227,0,3
1250,443,1228,0,3
1249,444,1227,0,3
1247,447,1269,3,0
1246,448,1224,0,3
1247,448,1269,3,0
1245,449,1223,0,3
1246,449,1224,0,3
1247,449,1269,3,0
1242,450,1264,3,0
1244,450,1222,0,3
1245,450,1223,0,3
1246,450,1224,0,3
1247,450,1269,3,0
1244,451,1222,0,3
1245,451,1223,0,3
1246,451,1224,0,3
1247,451,1269,3,0
1244,452,1222,0,3
1245,452,1223,0,3
1246,452,1224,0,3
1247,452,1269,3,0
1245,453,1223,0,3
1246,453,1224,0,3
1247,453,1269,3,0
1246,454,1224,0,3
1247,454,1269,3,0
1247,455,1269,3,0
1249,457,1227,0,3
1249,458,1227,0,3
1250,458,1228,0,3
1249,459,1227,0,3
1250,459,1228,0,3
1251,459,1229,0,3
1234,460,1256,3,0
1249,460,1227,0,3
1250,460,1228,0,3
1251,460,1229,0,3
1234,461,1256,3,0
1249,461,1227,0,3
1250,461,1228,0,3
1251,461,1229,0,3
1254,462,1232,0,2
1256,462,1278,3,0
1271,462,1249,0,3
1272,462,1250,0,3
1273,462,1251,0,3
1275,462,1297,3,0
1256,463,1278,3,0
1271,463,1249,0,3
1272,463,1250,0,3
1273,463,1251,0,3
1256,464,1278,3,0
1271,464,1249,0,3
1272,464,1250,0,3
1273,464,1251,0,3
1271,465,1249,0,3
1272,465,1250,0,3
1271,466,1249,0,3
1269,468,1291,3,0
1269,469,1291,3,0
1268,470,1246,0,3
1269,470,1291,3,0
1267,471,1245,0,3
1268,471,1246,0,3
1269,471,1291,3,0
1264,472,1286,3,0
1266,472,1244,0,3
1267,472,1245,0,3
1268,472,1246,0,3
1269,472,1291,3,0
1264,473,1286,3,0
1266,473,1244,0,3
1267,473,1245,0,3
1268,473,1246,0,3
1269,473,1291,3,0
1266,474,1244,0,3
1267,474,1245,0,3
1268,474,1246,0,3
1269,474,1291,3,0
1267,475,1245,0,3
1268,475,1246,0,3
1269,475,1291,3,0
1268,476,1246,0,3
1269,476,1291,3,0
1269,477,1291,3,0
1271,479,1249,0,3
1271,480,1249,0,3
1272,480,1250,0,3
1271,481,1249,0,3
1272,481,1250,0,3
1273,481,1251,0,3
1256,482,1278,3,0
1271,482,1249,0,3
1272,482,1250,0,3
1273,482,1251,0,3
1256,483,1278,3,0
1271,483,1249,0,3
1272,483,1250,0,3
1273,483,1251,0,3
1275,483,1297,3,0
1276,484,1254,0,2
1278,484,1300,3,0
1279,484,1257,0,3
1293,484,1271,0,3
1294,484,1272,0,3
1295,484,1273,0,3
1297,484,1319,3,0
1278,485,1300,3,0
1279,485,1257,0,3
1293,485,1271,0,3
1294,485,1272,0,3
1295,485,1273,0,3
1278,486,1300,3,0
1279,486,1257,0,3
1293,486,1271,0,3
1294,486,1272,0,3
1295,486,1273,0,3
1279,487,1257,0,3
1293,487,1271,0,3
1294,487,1272,0,3
1293,488,1271,0,3
1291,491,1313,3,0
1290,492,1268,0,3
1291,492,1313,3,0
1289,493,1267,0,3
1290,493,1268,0,3
1291,493,1313,3,0
1286,494,1308,3,0
1288,494,1266,0,3
1289,494,1267,0,3
1290,494,1268,0,3
1291,494,1313,3,0
1288,495,1266,0,3
1289,495,1267,0,3
1290,495,1268,0,3
1291,495,1313,3,0
1288,496,1266,0,3
1289,496,1267,0,3
1290,496,1268,0,3
1291,496,1313,3,0
1289,497,1267,0,3
1290,497,1268,0,3
1291,497,1313,3,0
1290,498,1268,0,3
1291,498,1313,3,0
1291,499,1313,3,0
1293,501,1271,0,3
1293,502,1271,0,3
1294,502,1272,0,3
1279,503,1257,0,3
1293,503,1271,0,3
1294,503,1272,0,3
1295,503,1273,0,3
1278,504,1300,3,0
1279,504,1257,0,3
1293,504,1271,0,3
1294,504,1272,0,3
1295,504,1273,0,3
1278,505,1300,3,0
1279,505,1257,0,3
1293,505,1271,0,3
1294,505,1272,0,3
1295,505,1273,0,3
1297,505,1319,3,0
1298,506,1276,0,2
1300,506,1322,3,0
1301,506,1279,0,3
1315,506,1293,0,3
1316,506,1294,0,3
1317,506,1295,0,3
1300,507,1322,3,0
1301,507,1279,0,3
1315,507,1293,0,3
1316,507,1294,0,3
1317,507,1295,0,3
1300,508,1322,3,0
1301,508,1279,0,3
1315,508,1293,0,3
1316,508,1294,0,3
1317,508,1295,0,3
1301,509,1279,0,3
1315,509,1293,0,3
1316,509,1294,0,3
1315,510,1293,0,3
1304,512,1326,3,0
1304,513,1326,3,0
1304,514,1326,3,0
1312,514,1290,0,3
1304,515,1326,3,0
1307,515,1285,0,3
1312,515,1290,0,3
1304,516,1326,3,0
1307,516,1285,0,3
1310,516,1288,0,3
1312,516,1290,0,3
1304,517,1326,3,0
1307,517,1285,0,3
1310,517,1288,0,3
1312,517,1290,0,3
1304,518,1326,3,0
1307,518,1285,0,3
1310,518,1288,0,3
1312,518,1290,0,3
1304,519,1326,3,0
1312,519,1290,0,3
1304,520,1326,3,0
1312,520,1290,0,3
1315,523,1293,0,3
1315,524,1293,0,3
1316,524,1294,0,3
1301,525,1279,0,3
1315,525,1293,0,3
1316,525,1294,0,3
1317,525,1295,0,3
1300,526,1322,3,0
1301,526,1279,0,3
1315,526,1293,0,3
1316,526,1294,0,3
1317,526,1295,0,3
1300,527,1322,3,0
1301,527,1279,0,3
1315,527,1293,0,3
1316,527,1294,0,3
1317,527,1295,0,3
1320,528,1298,0,2
1322,528,1344,3,0
1337,528,1315,0,3
1338,528,1316,0,3
1339,528,1317,0,3
1322,529,1344,3,0
1337,529,1315,0,3
1338,529,1316,0,3
1339,529,1317,0,3
1322,530,1344,3,0
1337,530,1315,0,3
1338,530,1316,0,3
1339,530,1317,0,3
1337,531,1315,0,3
1338,531,1316,0,3
1337,532,1315,0,3
1326,534,1348,3,0
1326,535,1348,3,0
1326,536,1348,3,0
1326,537,1348,3,0
1329,537,1307,0,3
1326,538,1348,3,0
1329,538,1307,0,3
1332,538,1310,0,3
1326,539,1348,3,0
1329,539,1307,0,3
1332,539,1310,0,3
1326,540,1348,3,0
1332,540,1310,0,3
1326,541,1348,3,0
1326,542,1348,3,0
1337,545,1315,0,3
1337,546,1315,0,3
1338,546,1316,0,3
1337,547,1315,0,3
1338,547,1316,0,3
1339,547,1317,0,3
1322,548,1344,3,0
1337,548,1315,0,3
1338,548,1316,0,3
1339,548,1317,0,3
1322,549,1344,3,0
1337,549,1315,0,3
1338,549,1316,0,3
1339,549,1317,0,3
1342,550,1320,0,2
1344,550,1366,3,0
1359,550,1337,0,3
1361,550,1339,0,3
1344,551,1366,3,0
1359,551,1337,0,3
1361,551,1339,0,3
1344,552,1366,3,0
1359,552,1337,0,3
1361,552,1339,0,3
1359,553,1337,0,3
1359,554,1337,0,3
1348,556,1370,3,0
1348,557,1370,3,0
1348,558,1370,3,0
1348,559,1370,3,0
1348,560,1370,3,0
1354,560,1332,0,3
1348,561,1370,3,0
1354,561,1332,0,3
1348,562,1370,3,0
1354,562,1332,0,3
1348,563,1370,3,0
1348,564,1370,3,0
1359,567,1337,0,3
1359,568,1337,0,3
1359,569,1337,0,3
1361,569,1339,0,3
1344,570,1366,3,0
1359,570,1337,0,3
1361,570,1339,0,3
1344,571,1366,3,0
1359,571,1337,0,3
1361,571,1339,0,3
1364,572,1342,0,2
1366,572,1388,3,0
1381,572,1359,0,3
1383,572,1361,0,3
1366,573,1388,3,0
1381,573,1359,0,3
1383,573,1361,0,3
1366,574,1388,3,0
1381,574,1359,0,3
1383,574,1361,0,3
1381,575,1359,0,3
1381,576,1359,0,3
1370,578,1392,3,0
1370,579,1392,3,0
1370,580,1392,3,0
1378,580,1400,3,0
1370,581,1392,3,0
1378,581,1400,3,0
1370,582,1392,3,0
1376,582,1354,0,3
1378,582,1400,3,0
1370,583,1392,3,0
1376,583,1354,0,3
1378,583,1400,3,0
1370,584,1392,3,0
1376,584,1354,0,3
1378,584,1400,3,0
1370,585,1392,3,0
1378,585,1400,3,0
1370,586,1392,3,0
1378,586,1400,3,0
1381,589,1359,0,3
1381,590,1359,0,3
1381,591,1359,0,3
1383,591,1361,0,3
1366,592,1388,3,0
1381,592,1359,0,3
1383,592,1361,0,3
1366,593,1388,3,0
1381,593,1359,0,3
1383,593,1361,0,3
1388,594,1410,3,0
1390,594,1368,0,3
1403,594,1381,0,3
1404,594,1426,3,0
1405,594,1383,0,3
1388,595,1410,3,0
1390,595,1368,0,3
1403,595,1381,0,3
1404,595,1426,3,0
1405,595,1383,0,3
1388,596,1410,3,0
1390,596,1368,0,3
1403,596,1381,0,3
1404,596,1426,3,0
1405,596,1383,0,3
1390,597,1368,0,3
1403,597,1381,0,3
1404,597,1426,3,0
1390,598,1368,0,3
1403,598,1381,0,3
1392,600,1414,3,0
1392,601,1414,3,0
1393,601,1371,0,3
1392,602,1414,3,0
1393,602,1371,0,3
1400,602,1422,3,0
1392,603,1414,3,0
1393,603,1371,0,3
1400,603,1422,3,0
1392,604,1414,3,0
1393,604,1371,0,3
1396,604,1418,3,0
1398,604,1376,0,3
1400,604,1422,3,0
1392,605,1414,3,0
1393,605,1371,0,3
1396,605,1418,3,0
1398,605,1376,0,3
1400,605,1422,3,0
1392,606,1414,3,0
1393,606,1371,0,3
1398,606,1376,0,3
1400,606,1422,3,0
1392,607,1414,3,0
1393,607,1371,0,3
1400,607,1422,3,0
1392,608,1414,3,0
1393,608,1371,0,3
1400,608,1422,3,0
1403,611,1381,0,3
1390,612,1368,0,3
1403,612,1381,0,3
1404,612,1426,3,0
1390,613,1368,0,3
1403,613,1381,0,3
1404,613,1426,3,0
1405,613,1383,0,3
1388,614,1410,3,0
1390,614,1368,0,3
1403,614,1381,0,3
1404,614,1426,3,0
1405,614,1383,0,3
1388,615,1410,3,0
1390,615,1368,0,3
1403,615,1381,0,3
1404,615,1426,3,0
1405,615,1383,0,3
1425,616,1403,0,3
1426,616,1448,3,0
1427,616,1405,0,3
1425,617,1403,0,3
1426,617,1448,3,0
1427,617,1405,0,3
1425,618,1403,0,3
1426,618,1448,3,0
1427,618,1405,0,3
1425,619,1403,0,3
1426,619,1448,3,0
1425,620,1403,0,3
1414,622,1436,3,0
1414,623,1436,3,0
1415,623,1393,0,3
1414,624,1436,3,0
1415,624,1393,0,3
1422,624,1444,3,0
1414,625,1436,3,0
1415,625,1393,0,3
1422,625,1444,3,0
1414,626,1436,3,0
1415,626,1393,0,3
1418,626,1440,3,0
1420,626,1398,0,3
1422,626,1444,3,0
1414,627,1436,3,0
1415,627,1393,0,3
1420,627,1398,0,3
1422,627,1444,3,0
1414,628,1436,3,0
1415,628,1393,0,3
1420,628,1398,0,3
1422,628,1444,3,0
1414,629,1436,3,0
1415,629,1393,0,3
1422,629,1444,3,0
1414,630,1436,3,0
1422,630,1444,3,0
1425,633,1403,0,3
1425,634,1403,0,3
1426,634,1448,3,0
1425,635,1403,0,3
1426,635,1448,3,0
1427,635,1405,0,3
1425,636,1403,0,3
1426,636,1448,3,0
1427,636,1405,0,3
1425,637,1403,0,3
1426,637,1448,3,0
1427,637,1405,0,3
1434,638,1456,3,0
1447,638,1425,0,3
1448,638,1470,3,0
1451,638,1429,0,3
1434,639,1456,3,0
1447,639,1425,0,3
1448,639,1470,3,0
1434,640,1456,3,0
1447,640,1425,0,3
1448,640,1470,3,0
1434,641,1456,3,0
1447,641,1425,0,3
1448,641,1470,3,0
1434,642,1456,3,0
1447,642,1425,0,3
1436,644,1458,3,0
1436,645,1458,3,0
1436,646,1458,3,0
1444,646,1466,3,0
1436,647,1458,3,0
1444,647,1466,3,0
1436,648,1458,3,0
1440,648,1462,3,0
1442,648,1420,0,3
1444,648,1466,3,0
1436,649,1458,3,0
1440,649,1462,3,0
1442,649,1420,0,3
1444,649,1466,3,0
1436,650,1458,3,0
1442,650,1420,0,3
1444,650,1466,3,0
1436,651,1458,3,0
1444,651,1466,3,0
1436,652,1458,3,0
1444,652,1466,3,0
1447,655,1425,0,3
1434,656,1456,3,0
1447,656,1425,0,3
1448,656,1470,3,0
1434,657,1456,3,0
1447,657,1425,0,3
1448,657,1470,3,0
1434,658,1456,3,0
1447,658,1425,0,3
1448,658,1470,3,0
1434,659,1456,3,0
1447,659,1425,0,3
1448,659,1470,3,0
1451,659,1429,0,3
1456,660,1478,3,0
1469,660,1447,0,3
1470,660,1492,3,0
1473,660,1451,0,3
1456,661,1478,3,0
1469,661,1447,0,3
1470,661,1492,3,0
1456,662,1478,3,0
1469,662,1447,0,3
1470,662,1492,3,0
1456,663,1478,3,0
1469,663,1447,0,3
1470,663,1492,3,0
1456,664,1478,3,0
1469,664,1447,0,3
1458,666,1480,3,0
1458,667,1480,3,0
1458,668,1480,3,0
1466,668,1444,0,3
1458,669,1480,3,0
1465,669,1443,0,3
1466,669,1444,0,3
1458,670,1480,3,0
1464,670,1442,0,3
1465,670,1443,0,3
1466,670,1444,0,3
1458,671,1480,3,0
1464,671,1442,0,3
1465,671,1443,0,3
1466,671,1444,0,3
1458,672,1480,3,0
1464,672,1442,0,3
1465,672,1443,0,3
1466,672,1444,0,3
1458,673,1480,3,0
1465,673,1443,0,3
1466,673,1444,0,3
1458,674,1480,3,0
1466,674,1444,0,3
1469,677,1447,0,3
1456,678,1478,3,0
1469,678,1447,0,3
1470,678,1492,3,0
1456,679,1478,3,0
1469,679,1447,0,3
1470,679,1492,3,0
1456,680,1478,3,0
1469,680,1447,0,3
1470,680,1492,3,0
1456,681,1478,3,0
1469,681,1447,0,3
1470,681,1492,3,0
1473,681,1451,0,3
1478,682,1500,3,0
1492,682,1514,3,0
1495,682,1473,0,3
1478,683,1500,3,0
1492,683,1514,3,0
1478,684,1500,3,0
1492,684,1514,3,0
1478,685,1500,3,0
1492,685,1514,3,0
1478,686,1500,3,0
1480,688,1502,3,0
1480,689,1502,3,0
1481,689,1459,0,3
1480,690,1502,3,0
1481,690,1459,0,3
1488,690,1466,0,3
1480,691,1502,3,0
1481,691,1459,0,3
1487,691,1465,0,3
1488,691,1466,0,3
1480,692,1502,3,0
1481,692,1459,0,3
1486,692,1464,0,3
1487,692,1465,0,3
1488,692,1466,0,3
1480,693,1502,3,0
1481,693,1459,0,3
1486,693,1464,0,3
1487,693,1465,0,3
1488,693,1466,0,3
1480,694,1502,3,0
1481,694,1459,0,3
1486,694,1464,0,3
1487,694,1465,0,3
1488,694,1466,0,3
1480,695,1502,3,0
1481,695,1459,0,3
1487,695,1465,0,3
1488,695,1466,0,3
1480,696,1502,3,0
1481,696,1459,0,3
1488,696,1466,0,3
1478,700,1500,3,0
1492,700,1514,3,0
1478,701,1500,3,0
1492,701,1514,3,0
1478,702,1500,3,0
1492,702,1514,3,0
1478,703,1500,3,0
1492,703,1514,3,0
1495,703,1473,0,3
1500,704,1522,3,0
1517,704,1495,0,3
1500,705,1522,3,0
1500,706,1522,3,0
1500,707,1522,3,0
1500,708,1522,3,0
1502,710,1524,3,0
1502,711,1524,3,0
1503,711,1481,0,3
1502,712,1524,3,0
1503,712,1481,0,3
1502,713,1524,3,0
1503,713,1481,0,3
1502,714,1524,3,0
1503,714,1481,0,3
1508,714,1486,0,3
1502,715,1524,3,0
1503,715,1481,0,3
1507,715,1485,0,3
1508,715,1486,0,3
1502,716,1524,3,0
1503,716,1481,0,3
1508,716,1486,0,3
1502,717,1524,3,0
1503,717,1481,0,3
1502,718,1524,3,0
1500,722,1522,3,0
1500,723,1522,3,0
1500,724,1522,3,0
1500,725,1522,3,0
1517,725,1495,0,3
1519,726,1497,0,3
1520,726,1498,0,3
1535,726,1513,0,3
1519,727,1497,0,3
1520,727,1498,0,3
1535,727,1513,0,3
1520,728,1498,0,3
1535,728,1513,0,3
1535,729,1513,0,3
1535,730,1513,0,3
1524,732,1546,3,0
1524,733,1546,3,0
1524,734,1546,3,0
1524,735,1546,3,0
1531,735,1509,0,3
1524,736,1546,3,0
1528,736,1550,3,0
1530,736,1508,0,3
1531,736,1509,0,3
1524,737,1546,3,0
1528,737,1550,3,0
1530,737,1508,0,3
1531,737,1509,0,3
1524,738,1546,3,0
1530,738,1508,0,3
1531,738,1509,0,3
1524,739,1546,3,0
1531,739,1509,0,3
1524,740,1546,3,0
1535,743,1513,0,3
1535,744,1513,0,3
1535,745,1513,0,3
1520,746,1498,0,3
1535,746,1513,0,3
1519,747,1497,0,3
1520,747,1498,0,3
1535,747,1513,0,3
1540,748,1518,0,2
1541,748,1519,0,3
1542,748,1520,0,3
1544,748,1566,3,0
1556,748,1534,0,3
1557,748,1535,0,3
1560,748,1538,0,3
1541,749,1519,0,3
1542,749,1520,0,3
1544,749,1566,3,0
1556,749,1534,0,3
1557,749,1535,0,3
1560,749,1538,0,3
1542,750,1520,0,3
1544,750,1566,3,0
1556,750,1534,0,3
1557,750,1535,0,3
1544,751,1566,3,0
1556,751,1534,0,3
1557,751,1535,0,3
1544,752,1566,3,0
1556,752,1534,0,3
1557,752,1535,0,3
1556,753,1534,0,3
1546,754,1568,3,0
1556,754,1534,0,3
1546,755,1568,3,0
1547,755,1569,3,0
1556,755,1534,0,3
1546,756,1568,3,0
1547,756,1569,3,0
1556,756,1534,0,3
1546,757,1568,3,0
1547,757,1569,3,0
1556,757,1534,0,3
1546,758,1568,3,0
1547,758,1569,3,0
1550,758,1572,3,0
1552,758,1530,0,3
1556,758,1534,0,3
1546,759,1568,3,0
1547,759,1569,3,0
1552,759,1530,0,3
1556,759,1534,0,3
1546,760,1568,3,0
1547,760,1569,3,0
1552,760,1530,0,3
1556,760,1534,0,3
1546,761,1568,3,0
1547,761,1569,3,0
1556,761,1534,0,3
1546,762,1568,3,0
1556,762,1534,0,3
1556,763,1534,0,3
1556,764,1534,0,3
1556,765,1534,0,3
1557,765,1535,0,3
1544,766,1566,3,0
1556,766,1534,0,3
1557,766,1535,0,3
1544,767,1566,3,0
1556,767,1534,0,3
1557,767,1535,0,3
1542,768,1520,0,3
1544,768,1566,3,0
1556,768,1534,0,3
1557,768,1535,0,3
1560,768,1538,0,3
1541,769,1519,0,3
1542,769,1520,0,3
1544,769,1566,3,0
1556,769,1534,0,3
1557,769,1535,0,3
1560,769,1538,0,3
1564,770,1542,0,3
1565,770,3,3,3
1566,770,4,3,3
1578,770,1556,0,3
1579,770,1557,0,3
1582,770,1560,0,3
1583,770,1561,0,3
1564,771,1542,0,3
1565,771,3,3,3
1566,771,4,3,3
1578,771,1556,0,3
1579,771,1557,0,3
1582,771,1560,0,3
1564,772,1542,0,3
1565,772,3,3,3
1566,772,4,3,3
1578,772,1556,0,3
1579,772,1557,0,3
1565,773,3,3,3
1566,773,4,3,3
1578,773,1556,0,3
1579,773,1557,0,3
1566,774,4,3,3
1578,774,1556,0,3
1579,774,1557,0,3
1578,775,1556,0,3
1577,776,1555,0,3
1578,776,1556,0,3
1577,777,1555,0,3
1578,777,1556,0,3
1577,778,1555,0,3
1578,778,1556,0,3
1577,779,1555,0,3
1578,779,1556,0,3
1574,780,1552,0,3
1577,780,1555,0,3
1578,780,1556,0,3
1573,781,1551,0,3
1574,781,1552,0,3
1577,781,1555,0,3
1578,781,1556,0,3
1574,782,1552,0,3
1577,782,1555,0,3
1578,782,1556,0,3
1577,783,1555,0,3
1578,783,1556,0,3
1577,784,1555,0,3
1578,784,1556,0,3
1577,785,1555,0,3
1578,785,1556,0,3
1578,786,1556,0,3
1578,787,1556,0,3
1579,787,1557,0,3
1566,788,4,3,3
1578,788,1556,0,3
1579,788,1557,0,3
1565,789,3,3,3
1566,789,4,3,3
1578,789,1556,0,3
1579,789,1557,0,3
1564,790,1542,0,3
1565,790,3,3,3
1566,790,4,3,3
1578,790,1556,0,3
1579,790,1557,0,3
1582,790,1560,0,3
1564,791,1542,0,3
1565,791,3,3,3
1566,791,4,3,3
1578,791,1556,0,3
1579,791,1557,0,3
1582,791,1560,0,3
1583,791,1561,0,3
2,792,1564,3,3
17,792,1579,3,3
18,792,1580,3,3
20,792,1582,3,3
21,792,1583,3,3
2,793,1564,3,3
17,793,1579,3,3
18,793,1580,3,3
20,793,1582,3,3
2,794,1564,3,3
17,794,1579,3,3
18,794,1580,3,3
17,795,1579,3,3
18,795,1580,3,3
17,796,1579,3,3
7,799,29,2,0
15,799,1577,3,3
7,800,29,2,0
15,800,1577,3,3
7,801,29,2,0
15,801,1577,3,3
7,802,29,2,0
12,802,1574,3,3
15,802,1577,3,3
7,803,29,2,0
11,803,1573,3,3
12,803,1574,3,3
15,803,1577,3,3
7,804,29,2,0
12,804,1574,3,3
15,804,1577,3,3
7,805,29,2,0
15,805,1577,3,3
15,806,1577,3,3
15,807,1577,3,3
17,809,1579,3,3
17,810,1579,3,3
18,810,1580,3,3
17,811,1579,3,3
18,811,1580,3,3
2,812,1564,3,3
17,812,1579,3,3
18,812,1580,3,3
20,812,1582,3,3
2,813,1564,3,3
17,813,1579,3,3
18,813,1580,3,3
20,813,1582,3,3
21,813,1583,3,3
39,814,17,0,2
42,814,20,0,2
43,814,21,0,2
39,815,17,0,2
42,815,20,0,2
39,816,17,0,2
39,817,17,0,2
39,818,17,0,2
28,820,50,3,0
37,820,15,0,2
28,821,50,3,0
29,821,51,3,0
37,821,15,0,2
28,822,50,3,0
29,822,51,3,0
37,822,15,0,2
28,823,50,3,0
29,823,51,3,0
37,823,15,0,2
28,824,50,3,0
29,824,51,3,0
34,824,12,0,2
37,824,15,0,2
28,825,50,3,0
29,825,51,3,0
34,825,12,0,2
37,825,15,0,2
28,826,50,3,0
29,826,51,3,0
34,826,12,0,2
37,826,15,0,2
28,827,50,3,0
29,827,51,3,0
37,827,15,0,2
28,828,50,3,0
29,828,51,3,0
37,828,15,0,2
37,829,15,0,2
39,831,17,0,2
39,832,17,0,2
39,833,17,0,2
39,834,17,0,2
42,834,20,0,2
39,835,17,0,2
42,835,20,0,2
43,835,21,0,2
49,836,27,0,3
65,836,43,0,3
49,837,27,0,3
49,838,27,0,3
49,839,27,0,3
49,840,27,0,3
49,841,27,0,3
49,842,27,0,3
50,842,72,3,0
49,843,27,0,3
50,843,72,3,0
51,843,73,3,0
59,843,37,0,3
49,844,27,0,3
50,844,72,3,0
51,844,73,3,0
58,844,36,0,3
59,844,37,0,3
49,845,27,0,3
50,845,72,3,0
51,845,73,3,0
53,845,31,0,3
58,845,36,0,3
59,845,37,0,3
49,846,27,0,3
50,846,72,3,0
51,846,73,3,0
53,846,31,0,3
56,846,78,3,0
58,846,36,0,3
59,846,37,0,3
49,847,27,0,3
50,847,72,3,0
51,847,73,3,0
53,847,31,0,3
55,847,77,3,0
56,847,78,3,0
58,847,36,0,3
59,847,37,0,3
49,848,27,0,3
50,848,72,3,0
51,848,73,3,0
56,848,78,3,0
58,848,36,0,3
59,848,37,0,3
49,849,27,0,3
50,849,72,3,0
51,849,73,3,0
58,849,36,0,3
59,849,37,0,3
49,850,27,0,3
50,850,72,3,0
58,850,36,0,3
59,850,37,0,3
49,851,27,0,3
59,851,37,0,3
49,853,27,0,3
49,854,27,0,3
49,855,27,0,3
49,856,27,0,3
49,857,27,0,3
65,857,43,0,3
66,858,44,0,2
67,858,89,3,0
70,858,92,3,0
71,858,49,0,3
87,858,65,0,3
67,859,89,3,0
70,859,92,3,0
71,859,49,0,3
70,860,92,3,0
71,860,49,0,3
70,861,92,3,0
71,861,49,0,3
70,862,92,3,0
71,862,49,0,3
71,863,49,0,3
71,864,49,0,3
72,864,94,3,0
81,864,59,0,3
71,865,49,0,3
72,865,94,3,0
73,865,95,3,0
81,865,59,0,3
71,866,49,0,3
72,866,94,3,0
73,866,95,3,0
81,866,59,0,3
71,867,49,0,3
72,867,94,3,0
73,867,95,3,0
75,867,53,0,3
81,867,59,0,3
71,868,49,0,3
72,868,94,3,0
73,868,95,3,0
75,868,53,0,3
78,868,100,3,0
81,868,59,0,3
71,869,49,0,3
72,869,94,3,0
73,869,95,3,0
75,869,53,0,3
77,869,99,3,0
78,869,100,3,0
81,869,59,0,3
71,870,49,0,3
72,870,94,3,0
73,870,95,3,0
75,870,53,0,3
78,870,100,3,0
81,870,59,0,3
71,871,49,0,3
72,871,94,3,0
73,871,95,3,0
81,871,59,0,3
71,872,49,0,3
72,872,94,3,0
73,872,95,3,0
81,872,59,0,3
71,873,49,0,3
81,873,59,0,3
71,875,49,0,3
70,876,92,3,0
71,876,49,0,3
70,877,92,3,0
71,877,49,0,3
70,878,92,3,0
71,878,49,0,3
67,879,89,3,0
70,879,92,3,0
71,879,49,0,3
87,879,65,0,3
88,880,66,0,2
89,880,111,3,0
92,880,114,3,0
93,880,71,0,3
109,880,87,0,3
89,881,111,3,0
92,881,114,3,0
93,881,71,0,3
92,882,114,3,0
93,882,71,0,3
92,883,114,3,0
93,883,71,0,3
92,884,114,3,0
93,884,71,0,3
93,885,71,0,3
93,886,71,0,3
94,886,116,3,0
93,887,71,0,3
94,887,116,3,0
95,887,117,3,0
103,887,81,0,3
93,888,71,0,3
94,888,116,3,0
95,888,117,3,0
96,888,118,3,0
102,888,124,3,0
103,888,81,0,3
93,889,71,0,3
94,889,116,3,0
95,889,117,3,0
96,889,118,3,0
97,889,75,0,3
102,889,124,3,0
103,889,81,0,3
93,890,71,0,3
94,890,116,3,0
95,890,117,3,0
96,890,118,3,0
97,890,75,0,3
100,890,122,3,0
102,890,124,3,0
103,890,81,0,3
93,891,71,0,3
94,891,116,3,0
95,891,117,3,0
96,891,118,3,0
97,891,75,0,3
99,891,121,3,0
100,891,122,3,0
102,891,124,3,0
103,891,81,0,3
93,892,71,0,3
94,892,116,3,0
95,892,117,3,0
96,892,118,3,0
100,892,122,3,0
102,892,124,3,0
103,892,81,0,3
93,893,71,0,3
94,893,116,3,0
95,893,117,3,0
102,893,124,3,0
103,893,81,0,3
93,894,71,0,3
94,894,116,3,0
102,894,124,3,0
103,894,81,0,3
93,895,71,0,3
103,895,81,0,3
93,897,71,0,3
92,898,114,3,0
93,898,71,0,3
92,899,114,3,0
93,899,71,0,3
92,900,114,3,0
93,900,71,0,3
89,901,111,3,0
92,901,114,3,0
93,901,71,0,3
109,901,87,0,3
111,902,133,3,0
114,902,136,3,0
115,902,93,0,3
127,902,149,3,0
130,902,108,0,3
131,902,109,0,3
111,903,133,3,0
114,903,136,3,0
115,903,93,0,3
127,903,149,3,0
130,903,108,0,3
114,904,136,3,0
115,904,93,0,3
127,904,149,3,0
114,905,136,3,0
115,905,93,0,3
127,905,149,3,0
114,906,136,3,0
115,906,93,0,3
127,906,149,3,0
115,907,93,0,3
115,908,93,0,3
116,908,138,3,0
125,908,103,0,3
115,909,93,0,3
116,909,138,3,0
117,909,139,3,0
125,909,103,0,3
115,910,93,0,3
116,910,138,3,0
117,910,139,3,0
118,910,140,3,0
125,910,103,0,3
115,911,93,0,3
116,911,138,3,0
117,911,139,3,0
118,911,140,3,0
119,911,97,0,3
125,911,103,0,3
115,912,93,0,3
116,912,138,3,0
117,912,139,3,0
118,912,140,3,0
119,912,97,0,3
120,912,98,0,3
122,912,144,3,0
125,912,103,0,3
115,913,93,0,3
116,913,138,3,0
117,913,139,3,0
118,913,140,3,0
119,913,97,0,3
120,913,98,0,3
121,913,143,3,0
122,913,144,3,0
125,913,103,0,3
115,914,93,0,3
116,914,138,3,0
117,914,139,3,0
118,914,140,3,0
119,914,97,0,3
122,914,144,3,0
125,914,103,0,3
115,915,93,0,3
116,915,138,3,0
117,915,139,3,0
118,915,140,3,0
125,915,103,0,3
115,916,93,0,3
116,916,138,3,0
117,916,139,3,0
125,916,103,0,3
115,917,93,0,3
125,917,103,0,3
115,919,93,0,3
127,919,149,3,0
114,920,136,3,0
115,920,93,0,3
127,920,149,3,0
114,921,136,3,0
115,921,93,0,3
127,921,149,3,0
114,922,136,3,0
115,922,93,0,3
127,922,149,3,0
130,922,108,0,3
111,923,133,3,0
114,923,136,3,0
115,923,93,0,3
127,923,149,3,0
130,923,108,0,3
131,923,109,0,3
133,924,155,3,0
149,924,171,3,0
152,924,130,0,3
153,924,131,0,3
133,925,155,3,0
149,925,171,3,0
152,925,130,0,3
149,926,171,3,0
149,927,171,3,0
149,928,171,3,0
138,930,160,3,0
138,931,160,3,0
139,931,161,3,0
147,931,125,0,3
138,932,160,3,0
139,932,161,3,0
147,932,125,0,3
138,933,160,3,0
139,933,161,3,0
141,933,119,0,3
147,933,125,0,3
138,934,160,3,0
139,934,161,3,0
141,934,119,0,3
147,934,125,0,3
138,935,160,3,0
139,935,161,3,0
141,935,119,0,3
143,935,121,0,3
147,935,125,0,3
138,936,160,3,0
139,936,161,3,0
147,936,125,0,3
138,937,160,3,0
139,937,161,3,0
147,937,125,0,3
138,938,160,3,0
147,938,125,0,3
147,939,125,0,3
149,941,171,3,0
149,942,171,3,0
149,943,171,3,0
149,944,171,3,0
152,944,130,0,3
133,945,155,3,0
149,945,171,3,0
152,945,130,0,3
153,945,131,0,3
171,946,193,3,0
173,946,195,3,0
174,946,152,0,3
175,946,153,0,3
171,947,193,3,0
173,947,195,3,0
174,947,152,0,3
171,948,193,3,0
173,948,195,3,0
171,949,193,3,0
171,950,193,3,0
169,952,147,0,3
161,953,183,3,0
169,953,147,0,3
161,954,183,3,0
169,954,147,0,3
161,955,183,3,0
163,955,141,0,3
169,955,147,0,3
161,956,183,3,0
163,956,141,0,3
166,956,188,3,0
169,956,147,0,3
161,957,183,3,0
163,957,141,0,3
166,957,188,3,0
169,957,147,0,3
161,958,183,3,0
163,958,141,0,3
166,958,188,3,0
169,958,147,0,3
161,959,183,3,0
169,959,147,0,3
161,960,183,3,0
169,960,147,0,3
169,961,147,0,3
171,963,193,3,0
171,964,193,3,0
171,965,193,3,0
173,965,195,3,0
171,966,193,3,0
173,966,195,3,0
174,966,152,0,3
171,967,193,3,0
173,967,195,3,0
174,967,152,0,3
175,967,153,0,3
180,968,202,3,0
193,968,215,3,0
195,968,217,3,0
180,969,202,3,0
193,969,215,3,0
195,969,217,3,0
180,970,202,3,0
193,970,215,3,0
195,970,217,3,0
180,971,202,3,0
193,971,215,3,0
180,972,202,3,0
193,972,215,3,0
183,975,205,3,0
191,975,169,0,3
183,976,205,3,0
184,976,206,3,0
191,976,169,0,3
183,977,205,3,0
184,977,206,3,0
185,977,163,0,3
191,977,169,0,3
183,978,205,3,0
184,978,206,3,0
185,978,163,0,3
186,978,164,0,3
188,978,210,3,0
191,978,169,0,3
183,979,205,3,0
184,979,206,3,0
185,979,163,0,3
188,979,210,3,0
191,979,169,0,3
183,980,205,3,0
184,980,206,3,0
188,980,210,3,0
191,980,169,0,3
183,981,205,3,0
191,981,169,0,3
191,982,169,0,3
191,983,169,0,3
193,985,215,3,0
180,986,202,3,0
193,986,215,3,0
180,987,202,3,0
193,987,215,3,0
195,987,217,3,0
180,988,202,3,0
193,988,215,3,0
195,988,217,3,0
180,989,202,3,0
193,989,215,3,0
195,989,217,3,0
200,990,178,0,3
202,990,224,3,0
215,990,237,3,0
217,990,239,3,0
200,991,178,0,3
202,991,224,3,0
215,991,237,3,0
217,991,239,3,0
200,992,178,0,3
202,992,224,3,0
215,992,237,3,0
217,992,239,3,0
202,993,224,3,0
215,993,237,3,0
202,994,224,3,0
215,994,237,3,0
213,996,191,0,3
205,997,227,3,0
213,997,191,0,3
205,998,227,3,0
206,998,228,3,0
213,998,191,0,3
205,999,227,3,0
206,999,228,3,0
207,999,185,0,3
213,999,191,0,3
205,1000,227,3,0
206,1000,228,3,0
207,1000,185,0,3
208,1000,186,0,3
210,1000,232,3,0
213,1000,191,0,3
205,1001,227,3,0
206,1001,228,3,0
207,1001,185,0,3
208,1001,186,0,3
210,1001,232,3,0
213,1001,191,0,3
205,1002,227,3,0
206,1002,228,3,0
207,1002,185,0,3
210,1002,232,3,0
213,1002,191,0,3
205,1003,227,3,0
206,1003,228,3,0
213,1003,191,0,3
205,1004,227,3,0
213,1004,191,0,3
213,1005,191,0,3
215,1007,237,3,0
202,1008,224,3,0
215,1008,237,3,0
202,1009,224,3,0
215,1009,237,3,0
217,1009,239,3,0
200,1010,178,0,3
202,1010,224,3,0
215,1010,237,3,0
217,1010,239,3,0
200,1011,178,0,3
202,1011,224,3,0
215,1011,237,3,0
217,1011,239,3,0
222,1012,200,0,3
224,1012,246,3,0
237,1012,259,3,0
239,1012,261,3,0
241,1012,219,0,3
222,1013,200,0,3
224,1013,246,3,0
237,1013,259,3,0
239,1013,261,3,0
222,1014,200,0,3
224,1014,246,3,0
237,1014,259,3,0
239,1014,261,3,0
224,1015,246,3,0
237,1015,259,3,0
224,1016,246,3,0
237,1016,259,3,0
227,1019,249,3,0
235,1019,213,0,3
227,1020,249,3,0
228,1020,250,3,0
235,1020,213,0,3
227,1021,249,3,0
228,1021,250,3,0
235,1021,213,0,3
227,1022,249,3,0
228,1022,250,3,0
232,1022,254,3,0
235,1022,213,0,3
227,1023,249,3,0
228,1023,250,3,0
232,1023,254,3,0
235,1023,213,0,3
227,1024,249,3,0
228,1024,250,3,0
232,1024,254,3,0
235,1024,213,0,3
227,1025,249,3,0
235,1025,213,0,3
235,1026,213,0,3
235,1027,213,0,3
237,1029,259,3,0
224,1030,246,3,0
237,1030,259,3,0
224,1031,246,3,0
237,1031,259,3,0
239,1031,261,3,0
222,1032,200,0,3
224,1032,246,3,0
237,1032,259,3,0
239,1032,261,3,0
222,1033,200,0,3
224,1033,246,3,0
237,1033,259,3,0
239,1033,261,3,0
241,1033,219,0,3
244,1034,222,0,3
246,1034,268,3,0
259,1034,281,3,0
263,1034,241,0,3
244,1035,222,0,3
246,1035,268,3,0
259,1035,281,3,0
244,1036,222,0,3
246,1036,268,3,0
259,1036,281,3,0
246,1037,268,3,0
259,1037,281,3,0
246,1038,268,3,0
259,1038,281,3,0
257,1040,235,0,3
249,1041,271,3,0
257,1041,235,0,3
249,1042,271,3,0
250,1042,272,3,0
257,1042,235,0,3
249,1043,271,3,0
250,1043,272,3,0
257,1043,235,0,3
249,1044,271,3,0
250,1044,272,3,0
254,1044,276,3,0
257,1044,235,0,3
249,1045,271,3,0
250,1045,272,3,0
253,1045,275,3,0
254,1045,276,3,0
257,1045,235,0,3
249,1046,271,3,0
250,1046,272,3,0
254,1046,276,3,0
257,1046,235,0,3
249,1047,271,3,0
250,1047,272,3,0
257,1047,235,0,3
249,1048,271,3,0
257,1048,235,0,3
257,1049,235,0,3
259,1051,281,3,0
246,1052,268,3,0
259,1052,281,3,0
246,1053,268,3,0
259,1053,281,3,0
244,1054,222,0,3
246,1054,268,3,0
259,1054,281,3,0
244,1055,222,0,3
246,1055,268,3,0
259,1055,281,3,0
263,1055,241,0,3
266,1056,244,0,3
268,1056,290,3,0
281,1056,303,3,0
282,1056,260,0,3
283,1056,305,3,0
266,1057,244,0,3
268,1057,290,3,0
281,1057,303,3,0
282,1057,260,0,3
283,1057,305,3,0
266,1058,244,0,3
268,1058,290,3,0
281,1058,303,3,0
282,1058,260,0,3
283,1058,305,3,0
268,1059,290,3,0
281,1059,303,3,0
282,1059,260,0,3
268,1060,290,3,0
281,1060,303,3,0
271,1063,293,3,0
271,1064,293,3,0
271,1065,293,3,0
271,1066,293,3,0
276,1066,298,3,0
271,1067,293,3,0
275,1067,297,3,0
276,1067,298,3,0
271,1068,293,3,0
276,1068,298,3,0
271,1069,293,3,0
281,1073,303,3,0
268,1074,290,3,0
281,1074,303,3,0
282,1074,260,0,3
268,1075,290,3,0
281,1075,303,3,0
282,1075,260,0,3
283,1075,305,3,0
266,1076,244,0,3
268,1076,290,3,0
281,1076,303,3,0
282,1076,260,0,3
283,1076,305,3,0
266,1077,244,0,3
268,1077,290,3,0
281,1077,303,3,0
282,1077,260,0,3
283,1077,305,3,0
286,1078,308,2,0
288,1078,266,0,3
303,1078,325,3,0
304,1078,282,0,3
305,1078,327,3,0
288,1079,266,0,3
303,1079,325,3,0
304,1079,282,0,3
305,1079,327,3,0
288,1080,266,0,3
303,1080,325,3,0
304,1080,282,0,3
305,1080,327,3,0
303,1081,325,3,0
304,1081,282,0,3
303,1082,325,3,0
292,1084,314,3,0
292,1085,314,3,0
293,1085,315,3,0
292,1086,314,3,0
293,1086,315,3,0
292,1087,314,3,0
293,1087,315,3,0
292,1088,314,3,0
293,1088,315,3,0
296,1088,274,0,3
298,1088,320,3,0
292,1089,314,3,0
293,1089,315,3,0
296,1089,274,0,3
298,1089,320,3,0
292,1090,314,3,0
293,1090,315,3,0
298,1090,320,3,0
292,1091,314,3,0
293,1091,315,3,0
292,1092,314,3,0
293,1092,315,3,0
303,1095,325,3,0
303,1096,325,3,0
304,1096,282,0,3
303,1097,325,3,0
304,1097,282,0,3
305,1097,327,3,0
288,1098,266,0,3
303,1098,325,3,0
304,1098,282,0,3
305,1098,327,3,0
288,1099,266,0,3
303,1099,325,3,0
304,1099,282,0,3
305,1099,327,3,0
308,1100,330,2,0
310,1100,288,0,3
325,1100,347,3,0
326,1100,348,3,0
327,1100,349,3,0
310,1101,288,0,3
325,1101,347,3,0
326,1101,348,3,0
327,1101,349,3,0
310,1102,288,0,3
325,1102,347,3,0
326,1102,348,3,0
327,1102,349,3,0
325,1103,347,3,0
326,1103,348,3,0
325,1104,347,3,0
314,1106,336,3,0
314,1107,336,3,0
314,1108,336,3,0
322,1108,344,3,0
314,1109,336,3,0
322,1109,344,3,0
314,1110,336,3,0
318,1110,296,0,3
320,1110,342,3,0
322,1110,344,3,0
314,1111,336,3,0
320,1111,342,3,0
322,1111,344,3,0
314,1112,336,3,0
320,1112,342,3,0
322,1112,344,3,0
314,1113,336,3,0
322,1113,344,3,0
314,1114,336,3,0
322,1114,344,3,0
325,1117,347,3,0
325,1118,347,3,0
326,1118,348,3,0
325,1119,347,3,0
326,1119,348,3,0
327,1119,349,3,0
310,1120,288,0,3
325,1120,347,3,0
326,1120,348,3,0
327,1120,349,3,0
310,1121,288,0,3
325,1121,347,3,0
326,1121,348,3,0
327,1121,349,3,0
330,1122,352,2,0
332,1122,310,0,3
334,1122,356,3,0
347,1122,369,3,0
348,1122,370,3,0
349,1122,371,3,0
332,1123,310,0,3
334,1123,356,3,0
347,1123,369,3,0
348,1123,370,3,0
349,1123,371,3,0
332,1124,310,0,3
334,1124,356,3,0
347,1124,369,3,0
348,1124,370,3,0
349,1124,371,3,0
334,1125,356,3,0
347,1125,369,3,0
348,1125,370,3,0
334,1126,356,3,0
347,1126,369,3,0
344,1130,366,3,0
344,1131,366,3,0
340,1132,318,0,3
342,1132,364,3,0
344,1132,366,3,0
340,1133,318,0,3
342,1133,364,3,0
344,1133,366,3,0
342,1134,364,3,0
344,1134,366,3,0
344,1135,366,3,0
344,1136,366,3,0
347,1139,369,3,0
334,1140,356,3,0
347,1140,369,3,0
348,1140,370,3,0
334,1141,356,3,0
347,1141,369,3,0
348,1141,370,3,0
349,1141,371,3,0
332,1142,310,0,3
334,1142,356,3,0
347,1142,369,3,0
348,1142,370,3,0
349,1142,371,3,0
332,1143,310,0,3
334,1143,356,3,0
347,1143,369,3,0
348,1143,370,3,0
349,1143,371,3,0
352,1144,374,2,0
354,1144,332,0,3
356,1144,378,3,0
369,1144,391,3,0
370,1144,392,3,0
371,1144,393,3,0
354,1145,332,0,3
356,1145,378,3,0
369,1145,391,3,0
370,1145,392,3,0
371,1145,393,3,0
354,1146,332,0,3
356,1146,378,3,0
369,1146,391,3,0
370,1146,392,3,0
371,1146,393,3,0
356,1147,378,3,0
369,1147,391,3,0
370,1147,392,3,0
356,1148,378,3,0
369,1148,391,3,0
366,1152,388,3,0
366,1153,388,3,0
362,1154,340,0,3
364,1154,386,3,0
366,1154,388,3,0
364,1155,386,3,0
366,1155,388,3,0
364,1156,386,3,0
366,1156,388,3,0
366,1157,388,3,0
366,1158,388,3,0
369,1161,391,3,0
356,1162,378,3,0
369,1162,391,3,0
370,1162,392,3,0
356,1163,378,3,0
369,1163,391,3,0
370,1163,392,3,0
371,1163,393,3,0
354,1164,332,0,3
356,1164,378,3,0
369,1164,391,3,0
370,1164,392,3,0
371,1164,393,3,0
354,1165,332,0,3
356,1165,378,3,0
369,1165,391,3,0
370,1165,392,3,0
371,1165,393,3,0
374,1166,396,2,0
376,1166,354,0,3
391,1166,413,3,0
392,1166,414,3,0
393,1166,415,3,0
376,1167,354,0,3
391,1167,413,3,0
392,1167,414,3,0
393,1167,415,3,0
376,1168,354,0,3
391,1168,413,3,0
392,1168,414,3,0
393,1168,415,3,0
391,1169,413,3,0
392,1169,414,3,0
391,1170,413,3,0
388,1174,410,3,0
387,1175,409,3,0
388,1175,410,3,0
384,1176,362,0,3
386,1176,408,3,0
387,1176,409,3,0
388,1176,410,3,0
384,1177,362,0,3
386,1177,408,3,0
387,1177,409,3,0
388,1177,410,3,0
386,1178,408,3,0
387,1178,409,3,0
388,1178,410,3,0
387,1179,409,3,0
388,1179,410,3,0
388,1180,410,3,0
391,1183,413,3,0
391,1184,413,3,0
392,1184,414,3,0
391,1185,413,3,0
392,1185,414,3,0
393,1185,415,3,0
376,1186,354,0,3
391,1186,413,3,0
392,1186,414,3,0
393,1186,415,3,0
376,1187,354,0,3
391,1187,413,3,0
392,1187,414,3,0
393,1187,415,3,0
396,1188,418,2,0
398,1188,376,0,3
413,1188,435,3,0
414,1188,436,3,0
415,1188,437,3,0
417,1188,395,0,3
398,1189,376,0,3
413,1189,435,3,0
414,1189,436,3,0
415,1189,437,3,0
398,1190,376,0,3
413,1190,435,3,0
414,1190,436,3,0
415,1190,437,3,0
413,1191,435,3,0
414,1191,436,3,0
413,1192,435,3,0
410,1196,432,3,0
409,1197,431,3,0
410,1197,432,3,0
408,1198,430,3,0
409,1198,431,3,0
410,1198,432,3,0
408,1199,430,3,0
409,1199,431,3,0
410,1199,432,3,0
408,1200,430,3,0
409,1200,431,3,0
410,1200,432,3,0
409,1201,431,3,0
410,1201,432,3,0
410,1202,432,3,0
413,1205,435,3,0
413,1206,435,3,0
414,1206,436,3,0
413,1207,435,3,0
414,1207,436,3,0
415,1207,437,3,0
398,1208,376,0,3
413,1208,435,3,0
414,1208,436,3,0
415,1208,437,3,0
398,1209,376,0,3
413,1209,435,3,0
414,1209,436,3,0
415,1209,437,3,0
417,1209,395,0,3
418,1210,440,2,0
420,1210,398,0,3
435,1210,457,3,0
436,1210,458,3,0
437,1210,459,3,0
439,1210,417,0,3
420,1211,398,0,3
435,1211,457,3,0
436,1211,458,3,0
437,1211,459,3,0
420,1212,398,0,3
435,1212,457,3,0
436,1212,458,3,0
437,1212,459,3,0
435,1213,457,3,0
436,1213,458,3,0
435,1214,457,3,0
433,1216,411,0,3
433,1217,411,0,3
432,1218,454,3,0
433,1218,411,0,3
427,1219,449,3,0
431,1219,453,3,0
432,1219,454,3,0
433,1219,411,0,3
427,1220,449,3,0
430,1220,452,3,0
431,1220,453,3,0
432,1220,454,3,0
433,1220,411,0,3
427,1221,449,3,0
430,1221,452,3,0
431,1221,453,3,0
432,1221,454,3,0
433,1221,411,0,3
427,1222,449,3,0
430,1222,452,3,0
431,1222,453,3,0
432,1222,454,3,0
433,1222,411,0,3
431,1223,453,3,0
432,1223,454,3,0
433,1223,411,0,3
432,1224,454,3,0
433,1224,411,0,3
433,1225,411,0,3
435,1227,457,3,0
435,1228,457,3,0
436,1228,458,3,0
435,1229,457,3,0
436,1229,458,3,0
437,1229,459,3,0
420,1230,398,0,3
435,1230,457,3,0
436,1230,458,3,0
437,1230,459,3,0
420,1231,398,0,3
435,1231,457,3,0
436,1231,458,3,0
437,1231,459,3,0
439,1231,417,0,3
440,1232,462,2,0
442,1232,420,0,3
457,1232,479,3,0
458,1232,480,3,0
459,1232,481,3,0
442,1233,420,0,3
457,1233,479,3,0
458,1233,480,3,0
459,1233,481,3,0
442,1234,420,0,3
457,1234,479,3,0
458,1234,480,3,0
459,1234,481,3,0
457,1235,479,3,0
458,1235,480,3,0
457,1236,479,3,0
455,1239,433,0,3
454,1240,476,3,0
455,1240,433,0,3
453,1241,475,3,0
454,1241,476,3,0
455,1241,433,0,3
450,1242,428,0,3
452,1242,474,3,0
453,1242,475,3,0
454,1242,476,3,0
455,1242,433,0,3
452,1243,474,3,0
453,1243,475,3,0
454,1243,476,3,0
455,1243,433,0,3
452,1244,474,3,0
453,1244,475,3,0
454,1244,476,3,0
455,1244,433,0,3
453,1245,475,3,0
454,1245,476,3,0
455,1245,433,0,3
454,1246,476,3,0
455,1246,433,0,3
455,1247,433,0,3
457,1249,479,3,0
457,1250,479,3,0
458,1250,480,3,0
457,1251,479,3,0
458,1251,480,3,0
459,1251,481,3,0
442,1252,420,0,3
457,1252,479,3,0
458,1252,480,3,0
459,1252,481,3,0
442,1253,420,0,3
457,1253,479,3,0
458,1253,480,3,0
459,1253,481,3,0
462,1254,484,2,0
464,1254,442,0,3
479,1254,501,3,0
480,1254,502,3,0
481,1254,503,3,0
483,1254,461,0,3
464,1255,442,0,3
479,1255,501,3,0
480,1255,502,3,0
481,1255,503,3,0
464,1256,442,0,3
479,1256,501,3,0
480,1256,502,3,0
481,1256,503,3,0
479,1257,501,3,0
480,1257,502,3,0
479,1258,501,3,0
477,1260,455,0,3
477,1261,455,0,3
476,1262,498,3,0
477,1262,455,0,3
475,1263,497,3,0
476,1263,498,3,0
477,1263,455,0,3
472,1264,450,0,3
474,1264,496,3,0
475,1264,497,3,0
476,1264,498,3,0
477,1264,455,0,3
472,1265,450,0,3
474,1265,496,3,0
475,1265,497,3,0
476,1265,498,3,0
477,1265,455,0,3
474,1266,496,3,0
475,1266,497,3,0
476,1266,498,3,0
477,1266,455,0,3
475,1267,497,3,0
476,1267,498,3,0
477,1267,455,0,3
476,1268,498,3,0
477,1268,455,0,3
477,1269,455,0,3
479,1271,501,3,0
479,1272,501,3,0
480,1272,502,3,0
479,1273,501,3,0
480,1273,502,3,0
481,1273,503,3,0
464,1274,442,0,3
479,1274,501,3,0
480,1274,502,3,0
481,1274,503,3,0
464,1275,442,0,3
479,1275,501,3,0
480,1275,502,3,0
481,1275,503,3,0
483,1275,461,0,3
484,1276,506,2,0
486,1276,464,0,3
487,1276,509,3,0
501,1276,523,3,0
502,1276,524,3,0
503,1276,525,3,0
505,1276,483,0,3
486,1277,464,0,3
487,1277,509,3,0
501,1277,523,3,0
502,1277,524,3,0
503,1277,525,3,0
486,1278,464,0,3
487,1278,509,3,0
501,1278,523,3,0
502,1278,524,3,0
503,1278,525,3,0
487,1279,509,3,0
501,1279,523,3,0
502,1279,524,3,0
501,1280,523,3,0
499,1283,477,0,3
498,1284,520,3,0
499,1284,477,0,3
497,1285,519,3,0
498,1285,520,3,0
499,1285,477,0,3
494,1286,472,0,3
496,1286,518,3,0
497,1286,519,3,0
498,1286,520,3,0
499,1286,477,0,3
496,1287,518,3,0
497,1287,519,3,0
498,1287,520,3,0
499,1287,477,0,3
496,1288,518,3,0
497,1288,519,3,0
498,1288,520,3,0
499,1288,477,0,3
497,1289,519,3,0
498,1289,520,3,0
499,1289,477,0,3
498,1290,520,3,0
499,1290,477,0,3
499,1291,477,0,3
501,1293,523,3,0
501,1294,523,3,0
502,1294,524,3,0
487,1295,509,3,0
501,1295,523,3,0
502,1295,524,3,0
503,1295,525,3,0
486,1296,464,0,3
487,1296,509,3,0
501,1296,523,3,0
502,1296,524,3,0
503,1296,525,3,0
486,1297,464,0,3
487,1297,509,3,0
501,1297,523,3,0
502,1297,524,3,0
503,1297,525,3,0
505,1297,483,0,3
506,1298,528,2,0
508,1298,486,0,3
509,1298,531,3,0
523,1298,545,3,0
524,1298,546,3,0
525,1298,547,3,0
508,1299,486,0,3
509,1299,531,3,0
523,1299,545,3,0
524,1299,546,3,0
525,1299,547,3,0
508,1300,486,0,3
509,1300,531,3,0
523,1300,545,3,0
524,1300,546,3,0
525,1300,547,3,0
509,1301,531,3,0
523,1301,545,3,0
524,1301,546,3,0
523,1302,545,3,0
512,1304,490,0,3
512,1305,490,0,3
512,1306,490,0,3
520,1306,542,3,0
512,1307,490,0,3
515,1307,537,3,0
520,1307,542,3,0
512,1308,490,0,3
515,1308,537,3,0
518,1308,540,3,0
520,1308,542,3,0
512,1309,490,0,3
515,1309,537,3,0
518,1309,540,3,0
520,1309,542,3,0
512,1310,490,0,3
515,1310,537,3,0
518,1310,540,3,0
520,1310,542,3,0
512,1311,490,0,3
520,1311,542,3,0
512,1312,490,0,3
520,1312,542,3,0
523,1315,545,3,0
523,1316,545,3,0
524,1316,546,3,0
509,1317,531,3,0
523,1317,545,3,0
524,1317,546,3,0
525,1317,547,3,0
508,1318,486,0,3
509,1318,531,3,0
523,1318,545,3,0
524,1318,546,3,0
525,1318,547,3,0
508,1319,486,0,3
509,1319,531,3,0
523,1319,545,3,0
524,1319,546,3,0
525,1319,547,3,0
528,1320,550,2,0
530,1320,508,0,3
545,1320,567,3,0
546,1320,568,3,0
547,1320,569,3,0
530,1321,508,0,3
545,1321,567,3,0
546,1321,568,3,0
547,1321,569,3,0
530,1322,508,0,3
545,1322,567,3,0
546,1322,568,3,0
547,1322,569,3,0
545,1323,567,3,0
546,1323,568,3,0
545,1324,567,3,0
534,1326,512,0,3
534,1327,512,0,3
534,1328,512,0,3
534,1329,512,0,3
537,1329,559,3,0
534,1330,512,0,3
537,1330,559,3,0
540,1330,562,3,0
534,1331,512,0,3
537,1331,559,3,0
540,1331,562,3,0
534,1332,512,0,3
540,1332,562,3,0
534,1333,512,0,3
534,1334,512,0,3
545,1337,567,3,0
545,1338,567,3,0
546,1338,568,3,0
545,1339,567,3,0
546,1339,568,3,0
547,1339,569,3,0
530,1340,508,0,3
545,1340,567,3,0
546,1340,568,3,0
547,1340,569,3,0
530,1341,508,0,3
545,1341,567,3,0
546,1341,568,3,0
547,1341,569,3,0
550,1342,572,2,0
552,1342,530,0,3
567,1342,589,3,0
569,1342,591,3,0
552,1343,530,0,3
567,1343,589,3,0
569,1343,591,3,0
552,1344,530,0,3
567,1344,589,3,0
569,1344,591,3,0
567,1345,589,3,0
567,1346,589,3,0
556,1348,534,0,3
556,1349,534,0,3
556,1350,534,0,3
556,1351,534,0,3
556,1352,534,0,3
562,1352,584,3,0
556,1353,534,0,3
562,1353,584,3,0
556,1354,534,0,3
562,1354,584,3,0
556,1355,534,0,3
556,1356,534,0,3
567,1359,589,3,0
567,1360,589,3,0
567,1361,589,3,0
569,1361,591,3,0
552,1362,530,0,3
567,1362,589,3,0
569,1362,591,3,0
552,1363,530,0,3
567,1363,589,3,0
569,1363,591,3,0
572,1364,594,2,0
574,1364,552,0,3
589,1364,611,3,0
591,1364,613,3,0
574,1365,552,0,3
589,1365,611,3,0
591,1365,613,3,0
574,1366,552,0,3
589,1366,611,3,0
591,1366,613,3,0
589,1367,611,3,0
589,1368,611,3,0
578,1370,556,0,3
578,1371,556,0,3
578,1372,556,0,3
586,1372,564,0,3
578,1373,556,0,3
586,1373,564,0,3
578,1374,556,0,3
584,1374,606,3,0
586,1374,564,0,3
578,1375,556,0,3
584,1375,606,3,0
586,1375,564,0,3
578,1376,556,0,3
584,1376,606,3,0
586,1376,564,0,3
578,1377,556,0,3
586,1377,564,0,3
578,1378,556,0,3
586,1378,564,0,3
589,1381,611,3,0
589,1382,611,3,0
589,1383,611,3,0
591,1383,613,3,0
574,1384,552,0,3
589,1384,611,3,0
591,1384,613,3,0
574,1385,552,0,3
589,1385,611,3,0
591,1385,613,3,0
596,1386,574,0,3
598,1386,620,3,0
611,1386,633,3,0
612,1386,590,0,3
613,1386,635,3,0
596,1387,574,0,3
598,1387,620,3,0
611,1387,633,3,0
612,1387,590,0,3
613,1387,635,3,0
596,1388,574,0,3
598,1388,620,3,0
611,1388,633,3,0
612,1388,590,0,3
613,1388,635,3,0
598,1389,620,3,0
611,1389,633,3,0
612,1389,590,0,3
598,1390,620,3,0
611,1390,633,3,0
600,1392,578,0,3
600,1393,578,0,3
601,1393,623,3,0
600,1394,578,0,3
601,1394,623,3,0
608,1394,586,0,3
600,1395,578,0,3
601,1395,623,3,0
608,1395,586,0,3
600,1396,578,0,3
601,1396,623,3,0
604,1396,582,0,3
606,1396,628,3,0
608,1396,586,0,3
600,1397,578,0,3
601,1397,623,3,0
604,1397,582,0,3
606,1397,628,3,0
608,1397,586,0,3
600,1398,578,0,3
601,1398,623,3,0
606,1398,628,3,0
608,1398,586,0,3
600,1399,578,0,3
601,1399,623,3,0
608,1399,586,0,3
600,1400,578,0,3
601,1400,623,3,0
608,1400,586,0,3
611,1403,633,3,0
598,1404,620,3,0
611,1404,633,3,0
612,1404,590,0,3
598,1405,620,3,0
611,1405,633,3,0
612,1405,590,0,3
613,1405,635,3,0
596,1406,574,0,3
598,1406,620,3,0
611,1406,633,3,0
612,1406,590,0,3
613,1406,635,3,0
596,1407,574,0,3
598,1407,620,3,0
611,1407,633,3,0
612,1407,590,0,3
613,1407,635,3,0
633,1408,655,3,0
634,1408,612,0,3
635,1408,657,3,0
633,1409,655,3,0
634,1409,612,0,3
635,1409,657,3,0
633,1410,655,3,0
634,1410,612,0,3
635,1410,657,3,0
633,1411,655,3,0
634,1411,612,0,3
633,1412,655,3,0
622,1414,600,0,3
622,1415,600,0,3
623,1415,645,3,0
622,1416,600,0,3
623,1416,645,3,0
630,1416,608,0,3
622,1417,600,0,3
623,1417,645,3,0
630,1417,608,0,3
622,1418,600,0,3
623,1418,645,3,0
626,1418,604,0,3
628,1418,650,3,0
630,1418,608,0,3
622,1419,600,0,3
623,1419,645,3,0
628,1419,650,3,0
630,1419,608,0,3
622,1420,600,0,3
623,1420,645,3,0
628,1420,650,3,0
630,1420,608,0,3
622,1421,600,0,3
623,1421,645,3,0
630,1421,608,0,3
622,1422,600,0,3
630,1422,608,0,3
633,1425,655,3,0
633,1426,655,3,0
634,1426,612,0,3
633,1427,655,3,0
634,1427,612,0,3
635,1427,657,3,0
633,1428,655,3,0
634,1428,612,0,3
635,1428,657,3,0
633,1429,655,3,0
634,1429,612,0,3
635,1429,657,3,0
642,1430,620,0,3
655,1430,677,3,0
656,1430,634,0,3
659,1430,681,3,0
642,1431,620,0,3
655,1431,677,3,0
656,1431,634,0,3
642,1432,620,0,3
655,1432,677,3,0
656,1432,634,0,3
642,1433,620,0,3
655,1433,677,3,0
656,1433,634,0,3
642,1434,620,0,3
655,1434,677,3,0
644,1436,622,0,3
644,1437,622,0,3
644,1438,622,0,3
652,1438,630,0,3
644,1439,622,0,3
652,1439,630,0,3
644,1440,622,0,3
648,1440,626,0,3
650,1440,672,3,0
652,1440,630,0,3
644,1441,622,0,3
648,1441,626,0,3
650,1441,672,3,0
652,1441,630,0,3
644,1442,622,0,3
650,1442,672,3,0
652,1442,630,0,3
644,1443,622,0,3
652,1443,630,0,3
644,1444,622,0,3
652,1444,630,0,3
655,1447,677,3,0
642,1448,620,0,3
655,1448,677,3,0
656,1448,634,0,3
642,1449,620,0,3
655,1449,677,3,0
656,1449,634,0,3
642,1450,620,0,3
655,1450,677,3,0
656,1450,634,0,3
642,1451,620,0,3
655,1451,677,3,0
656,1451,634,0,3
659,1451,681,3,0
664,1452,642,0,3
677,1452,699,3,0
678,1452,656,0,3
681,1452,703,3,0
664,1453,642,0,3
677,1453,699,3,0
678,1453,656,0,3
664,1454,642,0,3
677,1454,699,3,0
678,1454,656,0,3
664,1455,642,0,3
677,1455,699,3,0
678,1455,656,0,3
664,1456,642,0,3
677,1456,699,3,0
666,1458,644,0,3
666,1459,644,0,3
666,1460,644,0,3
674,1460,696,3,0
666,1461,644,0,3
673,1461,695,3,0
674,1461,696,3,0
666,1462,644,0,3
672,1462,694,3,0
673,1462,695,3,0
674,1462,696,3,0
666,1463,644,0,3
672,1463,694,3,0
673,1463,695,3,0
674,1463,696,3,0
666,1464,644,0,3
672,1464,694,3,0
673,1464,695,3,0
674,1464,696,3,0
666,1465,644,0,3
673,1465,695,3,0
674,1465,696,3,0
666,1466,644,0,3
674,1466,696,3,0
677,1469,699,3,0
664,1470,642,0,3
677,1470,699,3,0
678,1470,656,0,3
664,1471,642,0,3
677,1471,699,3,0
678,1471,656,0,3
664,1472,642,0,3
677,1472,699,3,0
678,1472,656,0,3
664,1473,642,0,3
677,1473,699,3,0
678,1473,656,0,3
681,1473,703,3,0
686,1474,664,0,3
700,1474,678,0,3
703,1474,725,3,0
686,1475,664,0,3
700,1475,678,0,3
686,1476,664,0,3
700,1476,678,0,3
686,1477,664,0,3
700,1477,678,0,3
686,1478,664,0,3
688,1480,666,0,3
688,1481,666,0,3
689,1481,711,3,0
688,1482,666,0,3
689,1482,711,3,0
696,1482,718,3,0
688,1483,666,0,3
689,1483,711,3,0
695,1483,717,3,0
696,1483,718,3,0
688,1484,666,0,3
689,1484,711,3,0
694,1484,716,3,0
695,1484,717,3,0
696,1484,718,3,0
688,1485,666,0,3
689,1485,711,3,0
694,1485,716,3,0
695,1485,717,3,0
696,1485,718,3,0
688,1486,666,0,3
689,1486,711,3,0
694,1486,716,3,0
695,1486,717,3,0
696,1486,718,3,0
688,1487,666,0,3
689,1487,711,3,0
695,1487,717,3,0
696,1487,718,3,0
688,1488,666,0,3
689,1488,711,3,0
696,1488,718,3,0
686,1492,664,0,3
700,1492,678,0,3
686,1493,664,0,3
700,1493,678,0,3
686,1494,664,0,3
700,1494,678,0,3
686,1495,664,0,3
700,1495,678,0,3
703,1495,725,3,0
708,1496,686,0,3
725,1496,747,3,0
708,1497,686,0,3
708,1498,686,0,3
708,1499,686,0,3
708,1500,686,0,3
710,1502,688,0,3
710,1503,688,0,3
711,1503,733,3,0
710,1504,688,0,3
711,1504,733,3,0
710,1505,688,0,3
711,1505,733,3,0
710,1506,688,0,3
711,1506,733,3,0
716,1506,738,3,0
710,1507,688,0,3
711,1507,733,3,0
715,1507,737,3,0
716,1507,738,3,0
710,1508,688,0,3
711,1508,733,3,0
716,1508,738,3,0
710,1509,688,0,3
711,1509,733,3,0
710,1510,688,0,3
708,1514,686,0,3
708,1515,686,0,3
708,1516,686,0,3
708,1517,686,0,3
725,1517,747,3,0
727,1518,749,3,0
728,1518,750,3,0
743,1518,765,3,0
727,1519,749,3,0
728,1519,750,3,0
743,1519,765,3,0
728,1520,750,3,0
743,1520,765,3,0
743,1521,765,3,0
743,1522,765,3,0
732,1524,710,0,3
732,1525,710,0,3
732,1526,710,0,3
732,1527,710,0,3
739,1527,761,3,0
732,1528,710,0,3
736,1528,714,0,3
738,1528,760,3,0
739,1528,761,3,0
732,1529,710,0,3
736,1529,714,0,3
738,1529,760,3,0
739,1529,761,3,0
732,1530,710,0,3
738,1530,760,3,0
739,1530,761,3,0
732,1531,710,0,3
739,1531,761,3,0
732,1532,710,0,3
743,1535,765,3,0
743,1536,765,3,0
743,1537,765,3,0
728,1538,750,3,0
743,1538,765,3,0
727,1539,749,3,0
728,1539,750,3,0
743,1539,765,3,0
748,1540,770,2,0
749,1540,771,3,0
750,1540,772,3,0
752,1540,730,0,3
764,1540,786,3,0
765,1540,787,3,0
768,1540,790,3,0
749,1541,771,3,0
750,1541,772,3,0
752,1541,730,0,3
764,1541,786,3,0
765,1541,787,3,0
768,1541,790,3,0
750,1542,772,3,0
752,1542,730,0,3
764,1542,786,3,0
765,1542,787,3,0
752,1543,730,0,3
764,1543,786,3,0
765,1543,787,3,0
752,1544,730,0,3
764,1544,786,3,0
765,1544,787,3,0
764,1545,786,3,0
754,1546,732,0,3
764,1546,786,3,0
754,1547,732,0,3
755,1547,733,0,3
764,1547,786,3,0
754,1548,732,0,3
755,1548,733,0,3
764,1548,786,3,0
754,1549,732,0,3
755,1549,733,0,3
764,1549,786,3,0
754,1550,732,0,3
755,1550,733,0,3
758,1550,736,0,3
760,1550,782,3,0
764,1550,786,3,0
754,1551,732,0,3
755,1551,733,0,3
760,1551,782,3,0
764,1551,786,3,0
754,1552,732,0,3
755,1552,733,0,3
760,1552,782,3,0
764,1552,786,3,0
754,1553,732,0,3
755,1553,733,0,3
764,1553,786,3,0
754,1554,732,0,3
764,1554,786,3,0
764,1555,786,3,0
764,1556,786,3,0
764,1557,786,3,0
765,1557,787,3,0
752,1558,730,0,3
764,1558,786,3,0
765,1558,787,3,0
752,1559,730,0,3
764,1559,786,3,0
765,1559,787,3,0
750,1560,772,3,0
752,1560,730,0,3
764,1560,786,3,0
765,1560,787,3,0
768,1560,790,3,0
749,1561,771,3,0
750,1561,772,3,0
752,1561,730,0,3
764,1561,786,3,0
765,1561,787,3,0
768,1561,790,3,0
772,1562,794,3,0
773,1562,751,0,3
774,1562,752,0,3
786,1562,808,3,0
787,1562,809,3,0
790,1562,812,3,0
791,1562,813,3,0
772,1563,794,3,0
773,1563,751,0,3
774,1563,752,0,3
786,1563,808,3,0
787,1563,809,3,0
790,1563,812,3,0
772,1564,794,3,0
773,1564,751,0,3
774,1564,752,0,3
786,1564,808,3,0
787,1564,809,3,0
773,1565,751,0,3
774,1565,752,0,3
786,1565,808,3,0
787,1565,809,3,0
774,1566,752,0,3
786,1566,808,3,0
787,1566,809,3,0
786,1567,808,3,0
785,1568,807,3,0
786,1568,808,3,0
785,1569,807,3,0
786,1569,808,3,0
785,1570,807,3,0
786,1570,808,3,0
785,1571,807,3,0
786,1571,808,3,0
782,1572,804,3,0
785,1572,807,3,0
786,1572,808,3,0
781,1573,803,3,0
782,1573,804,3,0
785,1573,807,3,0
786,1573,808,3,0
782,1574,804,3,0
785,1574,807,3,0
786,1574,808,3,0
785,1575,807,3,0
786,1575,808,3,0
785,1576,807,3,0
786,1576,808,3,0
785,1577,807,3,0
786,1577,808,3,0
786,1578,808,3,0
786,1579,808,3,0
787,1579,809,3,0
774,1580,752,0,3
786,1580,808,3,0
787,1580,809,3,0
773,1581,751,0,3
774,1581,752,0,3
786,1581,808,3,0
787,1581,809,3,0
772,1582,794,3,0
773,1582,751,0,3
774,1582,752,0,3
786,1582,808,3,0
787,1582,809,3,0
790,1582,812,3,0
772,1583,794,3,0
773,1583,751,0,3
774,1583,752,0,3
786,1583,808,3,0
787,1583,809,3,0
790,1583,812,3,0
791,1583,813,3,0
161,1584,183,3,0
163,1584,141,0,3
166,1584,188,3,0
169,1584,147,0,3
885,1585,907,3,0
886,1585,864,0,3
93,1586,71,0,3
94,1586,116,3,0
95,1586,117,3,0
96,1586,118,3,0
97,1586,75,0,3
100,1586,122,3,0
102,1586,124,3,0
103,1586,81,0,3
496,1587,518,3,0
497,1587,519,3,0
498,1587,520,3,0
499,1587,477,0,3
664,1588,642,0,3
677,1588,699,3,0
169,1590,147,0,3
1546,1591,1568,3,0
1556,1591,1534,0,3
1166,1592,1144,0,2
1168,1592,1190,3,0
1183,1592,1161,0,3
1184,1592,1162,0,3
1185,1592,1163,0,3
292,1593,314,3,0
293,1593,315,3,0
296,1593,274,0,3
298,1593,320,3,0
903,1594,881,0,3
906,1594,884,0,3
907,1594,929,3,0
919,1594,897,0,3
922,1594,944,3,0
923,1594,945,3,0
28,1595,50,3,0
29,1595,51,3,0
34,1595,12,0,2
37,1595,15,0,2
