793,0,815,3,0
796,0,774,0,3
797,0,819,3,0
808,0,786,0,3
809,0,831,3,0
812,0,790,0,3
793,1,815,3,0
796,1,774,0,3
797,1,819,3,0
808,1,786,0,3
809,1,831,3,0
796,2,774,0,3
797,2,819,3,0
808,2,786,0,3
809,2,831,3,0
796,3,774,0,3
797,3,819,3,0
808,3,786,0,3
809,3,831,3,0
796,4,774,0,3
797,4,819,3,0
808,4,786,0,3
797,5,819,3,0
797,6,819,3,0
798,6,820,3,0
807,6,829,3,0
808,6,786,0,3
797,7,819,3,0
798,7,820,3,0
806,7,784,0,3
807,7,829,3,0
808,7,786,0,3
797,8,819,3,0
798,8,820,3,0
805,8,783,0,3
806,8,784,0,3
807,8,829,3,0
808,8,786,0,3
797,9,819,3,0
798,9,820,3,0
801,9,779,0,3
805,9,783,0,3
806,9,784,0,3
807,9,829,3,0
808,9,786,0,3
797,10,819,3,0
798,10,820,3,0
801,10,779,0,3
803,10,781,0,3
805,10,783,0,3
806,10,784,0,3
807,10,829,3,0
808,10,786,0,3
797,11,819,3,0
798,11,820,3,0
801,11,779,0,3
803,11,781,0,3
805,11,783,0,3
806,11,784,0,3
807,11,829,3,0
808,11,786,0,3
797,12,819,3,0
798,12,820,3,0
805,12,783,0,3
806,12,784,0,3
807,12,829,3,0
808,12,786,0,3
797,13,819,3,0
798,13,820,3,0
805,13,783,0,3
806,13,784,0,3
807,13,829,3,0
808,13,786,0,3
797,14,819,3,0
798,14,820,3,0
806,14,784,0,3
807,14,829,3,0
808,14,786,0,3
807,15,829,3,0
808,15,786,0,3
808,16,786,0,3
796,17,774,0,3
797,17,819,3,0
808,17,786,0,3
809,17,831,3,0
796,18,774,0,3
797,18,819,3,0
808,18,786,0,3
809,18,831,3,0
796,19,774,0,3
797,19,819,3,0
808,19,786,0,3
809,19,831,3,0
793,20,815,3,0
796,20,774,0,3
797,20,819,3,0
808,20,786,0,3
809,20,831,3,0
812,20,790,0,3
793,21,815,3,0
796,21,774,0,3
797,21,819,3,0
808,21,786,0,3
809,21,831,3,0
812,21,790,0,3
813,21,835,3,0
814,22,836,2,0
815,22,837,3,0
817,22,839,3,0
818,22,796,0,3
819,22,841,3,0
830,22,808,0,3
831,22,853,3,0
833,22,811,0,3
834,22,812,0,3
815,23,837,3,0
817,23,839,3,0
818,23,796,0,3
819,23,841,3,0
830,23,808,0,3
831,23,853,3,0
833,23,811,0,3
817,24,839,3,0
818,24,796,0,3
819,24,841,3,0
830,24,808,0,3
831,24,853,3,0
817,25,839,3,0
818,25,796,0,3
819,25,841,3,0
830,25,808,0,3
831,25,853,3,0
818,26,796,0,3
819,26,841,3,0
830,26,808,0,3
819,27,841,3,0
830,27,808,0,3
819,28,841,3,0
830,28,808,0,3
819,29,841,3,0
828,29,806,0,3
830,29,808,0,3
819,30,841,3,0
827,30,805,0,3
828,30,806,0,3
830,30,808,0,3
819,31,841,3,0
823,31,801,0,3
827,31,805,0,3
828,31,806,0,3
830,31,808,0,3
819,32,841,3,0
823,32,801,0,3
825,32,803,0,3
827,32,805,0,3
828,32,806,0,3
830,32,808,0,3
819,33,841,3,0
823,33,801,0,3
825,33,803,0,3
827,33,805,0,3
828,33,806,0,3
830,33,808,0,3
819,34,841,3,0
827,34,805,0,3
828,34,806,0,3
830,34,808,0,3
819,35,841,3,0
827,35,805,0,3
828,35,806,0,3
830,35,808,0,3
819,36,841,3,0
828,36,806,0,3
830,36,808,0,3
819,37,841,3,0
830,37,808,0,3
830,38,808,0,3
818,39,796,0,3
819,39,841,3,0
830,39,808,0,3
831,39,853,3,0
817,40,839,3,0
818,40,796,0,3
819,40,841,3,0
830,40,808,0,3
831,40,853,3,0
817,41,839,3,0
818,41,796,0,3
819,41,841,3,0
830,41,808,0,3
831,41,853,3,0
833,41,811,0,3
815,42,837,3,0
817,42,839,3,0
818,42,796,0,3
819,42,841,3,0
830,42,808,0,3
831,42,853,3,0
833,42,811,0,3
834,42,812,0,3
814,43,836,2,0
815,43,837,3,0
817,43,839,3,0
818,43,796,0,3
819,43,841,3,0
830,43,808,0,3
831,43,853,3,0
833,43,811,0,3
834,43,812,0,3
835,43,857,3,0
836,44,858,2,0
839,44,861,3,0
841,44,863,3,0
852,44,830,0,3
853,44,875,3,0
855,44,833,0,3
856,44,834,0,3
839,45,861,3,0
841,45,863,3,0
852,45,830,0,3
853,45,875,3,0
855,45,833,0,3
839,46,861,3,0
841,46,863,3,0
852,46,830,0,3
853,46,875,3,0
839,47,861,3,0
841,47,863,3,0
852,47,830,0,3
853,47,875,3,0
841,48,863,3,0
852,48,830,0,3
841,49,863,3,0
841,50,863,3,0
852,50,830,0,3
841,51,863,3,0
850,51,828,0,3
852,51,830,0,3
841,52,863,3,0
849,52,827,0,3
850,52,828,0,3
852,52,830,0,3
841,53,863,3,0
845,53,823,0,3
848,53,870,3,0
849,53,827,0,3
850,53,828,0,3
852,53,830,0,3
841,54,863,3,0
845,54,823,0,3
847,54,869,3,0
848,54,870,3,0
849,54,827,0,3
850,54,828,0,3
852,54,830,0,3
841,55,863,3,0
845,55,823,0,3
847,55,869,3,0
848,55,870,3,0
849,55,827,0,3
850,55,828,0,3
852,55,830,0,3
841,56,863,3,0
848,56,870,3,0
849,56,827,0,3
850,56,828,0,3
852,56,830,0,3
841,57,863,3,0
849,57,827,0,3
850,57,828,0,3
852,57,830,0,3
841,58,863,3,0
850,58,828,0,3
852,58,830,0,3
852,59,830,0,3
852,60,830,0,3
841,61,863,3,0
852,61,830,0,3
853,61,875,3,0
839,62,861,3,0
841,62,863,3,0
852,62,830,0,3
853,62,875,3,0
839,63,861,3,0
841,63,863,3,0
852,63,830,0,3
853,63,875,3,0
855,63,833,0,3
839,64,861,3,0
841,64,863,3,0
852,64,830,0,3
853,64,875,3,0
855,64,833,0,3
856,64,834,0,3
836,65,858,2,0
839,65,861,3,0
841,65,863,3,0
852,65,830,0,3
853,65,875,3,0
855,65,833,0,3
856,65,834,0,3
857,65,879,3,0
861,66,883,3,0
863,66,885,3,0
874,66,852,0,3
875,66,897,3,0
877,66,855,0,3
878,66,856,0,3
861,67,883,3,0
863,67,885,3,0
874,67,852,0,3
875,67,897,3,0
877,67,855,0,3
861,68,883,3,0
863,68,885,3,0
874,68,852,0,3
875,68,897,3,0
861,69,883,3,0
863,69,885,3,0
874,69,852,0,3
875,69,897,3,0
863,70,885,3,0
874,70,852,0,3
863,71,885,3,0
874,71,852,0,3
863,72,885,3,0
873,72,895,3,0
874,72,852,0,3
863,73,885,3,0
865,73,887,3,0
872,73,850,0,3
873,73,895,3,0
874,73,852,0,3
863,74,885,3,0
865,74,887,3,0
871,74,849,0,3
872,74,850,0,3
873,74,895,3,0
874,74,852,0,3
863,75,885,3,0
865,75,887,3,0
867,75,845,0,3
870,75,892,3,0
871,75,849,0,3
872,75,850,0,3
873,75,895,3,0
874,75,852,0,3
863,76,885,3,0
865,76,887,3,0
867,76,845,0,3
869,76,891,3,0
870,76,892,3,0
871,76,849,0,3
872,76,850,0,3
873,76,895,3,0
874,76,852,0,3
863,77,885,3,0
865,77,887,3,0
867,77,845,0,3
869,77,891,3,0
870,77,892,3,0
871,77,849,0,3
872,77,850,0,3
873,77,895,3,0
874,77,852,0,3
863,78,885,3,0
865,78,887,3,0
870,78,892,3,0
871,78,849,0,3
872,78,850,0,3
873,78,895,3,0
874,78,852,0,3
863,79,885,3,0
865,79,887,3,0
871,79,849,0,3
872,79,850,0,3
873,79,895,3,0
874,79,852,0,3
863,80,885,3,0
872,80,850,0,3
873,80,895,3,0
874,80,852,0,3
863,81,885,3,0
873,81,895,3,0
874,81,852,0,3
874,82,852,0,3
863,83,885,3,0
874,83,852,0,3
875,83,897,3,0
861,84,883,3,0
863,84,885,3,0
874,84,852,0,3
875,84,897,3,0
861,85,883,3,0
863,85,885,3,0
874,85,852,0,3
875,85,897,3,0
877,85,855,0,3
861,86,883,3,0
863,86,885,3,0
874,86,852,0,3
875,86,897,3,0
877,86,855,0,3
878,86,856,0,3
861,87,883,3,0
863,87,885,3,0
874,87,852,0,3
875,87,897,3,0
877,87,855,0,3
878,87,856,0,3
883,88,905,3,0
896,88,874,0,3
897,88,919,3,0
899,88,877,0,3
900,88,878,0,3
883,89,905,3,0
896,89,874,0,3
897,89,919,3,0
899,89,877,0,3
883,90,905,3,0
896,90,874,0,3
897,90,919,3,0
883,91,905,3,0
896,91,874,0,3
897,91,919,3,0
896,92,874,0,3
895,94,917,3,0
896,94,874,0,3
887,95,909,3,0
894,95,872,0,3
895,95,917,3,0
896,95,874,0,3
887,96,909,3,0
893,96,871,0,3
894,96,872,0,3
895,96,917,3,0
896,96,874,0,3
887,97,909,3,0
889,97,867,0,3
892,97,914,3,0
893,97,871,0,3
894,97,872,0,3
895,97,917,3,0
896,97,874,0,3
887,98,909,3,0
889,98,867,0,3
890,98,868,0,3
891,98,913,3,0
892,98,914,3,0
893,98,871,0,3
894,98,872,0,3
895,98,917,3,0
896,98,874,0,3
887,99,909,3,0
889,99,867,0,3
891,99,913,3,0
892,99,914,3,0
893,99,871,0,3
894,99,872,0,3
895,99,917,3,0
896,99,874,0,3
887,100,909,3,0
892,100,914,3,0
893,100,871,0,3
894,100,872,0,3
895,100,917,3,0
896,100,874,0,3
887,101,909,3,0
893,101,871,0,3
894,101,872,0,3
895,101,917,3,0
896,101,874,0,3
894,102,872,0,3
895,102,917,3,0
896,102,874,0,3
895,103,917,3,0
896,103,874,0,3
896,104,874,0,3
896,105,874,0,3
897,105,919,3,0
883,106,905,3,0
896,106,874,0,3
897,106,919,3,0
883,107,905,3,0
896,107,874,0,3
897,107,919,3,0
899,107,877,0,3
883,108,905,3,0
896,108,874,0,3
897,108,919,3,0
899,108,877,0,3
900,108,878,0,3
883,109,905,3,0
896,109,874,0,3
897,109,919,3,0
899,109,877,0,3
900,109,878,0,3
902,110,924,2,0
904,110,882,0,3
905,110,927,3,0
918,110,896,0,3
919,110,941,3,0
921,110,899,0,3
922,110,900,0,3
904,111,882,0,3
905,111,927,3,0
918,111,896,0,3
919,111,941,3,0
921,111,899,0,3
904,112,882,0,3
905,112,927,3,0
918,112,896,0,3
919,112,941,3,0
905,113,927,3,0
918,113,896,0,3
919,113,941,3,0
918,114,896,0,3
918,115,896,0,3
917,116,939,3,0
918,116,896,0,3
916,117,894,0,3
917,117,939,3,0
918,117,896,0,3
915,118,893,0,3
916,118,894,0,3
917,118,939,3,0
918,118,896,0,3
911,119,889,0,3
914,119,936,3,0
915,119,893,0,3
916,119,894,0,3
917,119,939,3,0
918,119,896,0,3
911,120,889,0,3
912,120,890,0,3
913,120,935,3,0
914,120,936,3,0
915,120,893,0,3
916,120,894,0,3
917,120,939,3,0
918,120,896,0,3
911,121,889,0,3
913,121,935,3,0
914,121,936,3,0
915,121,893,0,3
916,121,894,0,3
917,121,939,3,0
918,121,896,0,3
914,122,936,3,0
915,122,893,0,3
916,122,894,0,3
917,122,939,3,0
918,122,896,0,3
915,123,893,0,3
916,123,894,0,3
917,123,939,3,0
918,123,896,0,3
916,124,894,0,3
917,124,939,3,0
918,124,896,0,3
917,125,939,3,0
918,125,896,0,3
918,126,896,0,3
918,127,896,0,3
919,127,941,3,0
905,128,927,3,0
918,128,896,0,3
919,128,941,3,0
904,129,882,0,3
905,129,927,3,0
918,129,896,0,3
919,129,941,3,0
921,129,899,0,3
904,130,882,0,3
905,130,927,3,0
918,130,896,0,3
919,130,941,3,0
921,130,899,0,3
922,130,900,0,3
902,131,924,2,0
904,131,882,0,3
905,131,927,3,0
918,131,896,0,3
919,131,941,3,0
921,131,899,0,3
922,131,900,0,3
924,132,946,2,0
925,132,947,3,0
926,132,904,0,3
927,132,949,3,0
929,132,951,3,0
940,132,918,0,3
925,133,947,3,0
926,133,904,0,3
927,133,949,3,0
929,133,951,3,0
940,133,918,0,3
926,134,904,0,3
927,134,949,3,0
929,134,951,3,0
940,134,918,0,3
927,135,949,3,0
929,135,951,3,0
940,135,918,0,3
929,136,951,3,0
940,136,918,0,3
929,137,951,3,0
929,138,951,3,0
939,138,961,3,0
940,138,918,0,3
929,139,951,3,0
938,139,916,0,3
939,139,961,3,0
940,139,918,0,3
929,140,951,3,0
937,140,915,0,3
938,140,916,0,3
939,140,961,3,0
940,140,918,0,3
929,141,951,3,0
933,141,911,0,3
936,141,958,3,0
937,141,915,0,3
938,141,916,0,3
939,141,961,3,0
940,141,918,0,3
929,142,951,3,0
933,142,911,0,3
934,142,912,0,3
935,142,957,3,0
936,142,958,3,0
937,142,915,0,3
938,142,916,0,3
939,142,961,3,0
940,142,918,0,3
929,143,951,3,0
933,143,911,0,3
935,143,957,3,0
936,143,958,3,0
937,143,915,0,3
938,143,916,0,3
939,143,961,3,0
940,143,918,0,3
929,144,951,3,0
936,144,958,3,0
937,144,915,0,3
938,144,916,0,3
939,144,961,3,0
940,144,918,0,3
929,145,951,3,0
937,145,915,0,3
938,145,916,0,3
939,145,961,3,0
940,145,918,0,3
929,146,951,3,0
938,146,916,0,3
939,146,961,3,0
940,146,918,0,3
939,147,961,3,0
940,147,918,0,3
940,148,918,0,3
929,149,951,3,0
940,149,918,0,3
927,150,949,3,0
929,150,951,3,0
940,150,918,0,3
926,151,904,0,3
927,151,949,3,0
929,151,951,3,0
940,151,918,0,3
925,152,947,3,0
926,152,904,0,3
927,152,949,3,0
929,152,951,3,0
940,152,918,0,3
924,153,946,2,0
925,153,947,3,0
926,153,904,0,3
927,153,949,3,0
929,153,951,3,0
940,153,918,0,3
946,154,968,2,0
947,154,969,3,0
948,154,926,0,3
949,154,971,3,0
962,154,940,0,3
947,155,969,3,0
948,155,926,0,3
949,155,971,3,0
962,155,940,0,3
948,156,926,0,3
949,156,971,3,0
962,156,940,0,3
949,157,971,3,0
962,157,940,0,3
962,158,940,0,3
962,159,940,0,3
961,160,983,3,0
962,160,940,0,3
960,161,938,0,3
961,161,983,3,0
962,161,940,0,3
959,162,937,0,3
960,162,938,0,3
961,162,983,3,0
962,162,940,0,3
955,163,933,0,3
958,163,980,3,0
959,163,937,0,3
960,163,938,0,3
961,163,983,3,0
962,163,940,0,3
955,164,933,0,3
956,164,934,0,3
957,164,979,3,0
958,164,980,3,0
959,164,937,0,3
960,164,938,0,3
961,164,983,3,0
962,164,940,0,3
955,165,933,0,3
957,165,979,3,0
958,165,980,3,0
959,165,937,0,3
960,165,938,0,3
961,165,983,3,0
962,165,940,0,3
958,166,980,3,0
959,166,937,0,3
960,166,938,0,3
961,166,983,3,0
962,166,940,0,3
959,167,937,0,3
960,167,938,0,3
961,167,983,3,0
962,167,940,0,3
960,168,938,0,3
961,168,983,3,0
962,168,940,0,3
961,169,983,3,0
962,169,940,0,3
962,170,940,0,3
962,171,940,0,3
949,172,971,3,0
962,172,940,0,3
948,173,926,0,3
949,173,971,3,0
962,173,940,0,3
947,174,969,3,0
948,174,926,0,3
949,174,971,3,0
962,174,940,0,3
946,175,968,2,0
947,175,969,3,0
948,175,926,0,3
949,175,971,3,0
962,175,940,0,3
968,176,990,2,0
969,176,991,3,0
971,176,993,3,0
969,177,991,3,0
971,177,993,3,0
971,178,993,3,0
971,179,993,3,0
983,182,1005,3,0
975,183,997,3,0
982,183,960,0,3
983,183,1005,3,0
975,184,997,3,0
981,184,959,0,3
982,184,960,0,3
983,184,1005,3,0
975,185,997,3,0
977,185,955,0,3
980,185,1002,3,0
981,185,959,0,3
982,185,960,0,3
983,185,1005,3,0
975,186,997,3,0
977,186,955,0,3
978,186,956,0,3
980,186,1002,3,0
981,186,959,0,3
982,186,960,0,3
983,186,1005,3,0
975,187,997,3,0
977,187,955,0,3
980,187,1002,3,0
981,187,959,0,3
982,187,960,0,3
983,187,1005,3,0
975,188,997,3,0
980,188,1002,3,0
981,188,959,0,3
982,188,960,0,3
983,188,1005,3,0
975,189,997,3,0
981,189,959,0,3
982,189,960,0,3
983,189,1005,3,0
982,190,960,0,3
983,190,1005,3,0
983,191,1005,3,0
971,194,993,3,0
971,195,993,3,0
969,196,991,3,0
971,196,993,3,0
968,197,990,2,0
969,197,991,3,0
971,197,993,3,0
990,198,1012,2,0
991,198,1013,3,0
993,198,1015,3,0
1010,198,1032,3,0
991,199,1013,3,0
993,199,1015,3,0
993,200,1015,3,0
993,201,1015,3,0
1005,204,1027,3,0
1005,205,1027,3,0
1003,206,981,0,3
1005,206,1027,3,0
999,207,977,0,3
1003,207,981,0,3
1005,207,1027,3,0
999,208,977,0,3
1000,208,978,0,3
1003,208,981,0,3
1005,208,1027,3,0
999,209,977,0,3
1003,209,981,0,3
1005,209,1027,3,0
1003,210,981,0,3
1005,210,1027,3,0
1003,211,981,0,3
1005,211,1027,3,0
1005,212,1027,3,0
1005,213,1027,3,0
993,216,1015,3,0
993,217,1015,3,0
991,218,1013,3,0
993,218,1015,3,0
1010,218,1032,3,0
990,219,1012,2,0
991,219,1013,3,0
993,219,1015,3,0
1010,219,1032,3,0
1012,220,1034,2,0
1013,220,1035,3,0
1015,220,1037,3,0
1032,220,1054,3,0
1013,221,1035,3,0
1015,221,1037,3,0
1015,222,1037,3,0
1015,223,1037,3,0
1027,226,1049,3,0
1027,227,1049,3,0
1025,228,1003,0,3
1027,228,1049,3,0
1021,229,999,0,3
1025,229,1003,0,3
1027,229,1049,3,0
1021,230,999,0,3
1022,230,1000,0,3
1025,230,1003,0,3
1027,230,1049,3,0
1021,231,999,0,3
1025,231,1003,0,3
1027,231,1049,3,0
1025,232,1003,0,3
1027,232,1049,3,0
1025,233,1003,0,3
1027,233,1049,3,0
1027,234,1049,3,0
1027,235,1049,3,0
1015,238,1037,3,0
1015,239,1037,3,0
1013,240,1035,3,0
1015,240,1037,3,0
1032,240,1054,3,0
1012,241,1034,2,0
1013,241,1035,3,0
1015,241,1037,3,0
1032,241,1054,3,0
1034,242,1056,2,0
1035,242,1057,3,0
1037,242,1059,3,0
1035,243,1057,3,0
1037,243,1059,3,0
1037,244,1059,3,0
1037,245,1059,3,0
1040,248,1018,0,3
1049,248,1071,3,0
1040,249,1018,0,3
1049,249,1071,3,0
1040,250,1018,0,3
1042,250,1020,0,3
1047,250,1025,0,3
1049,250,1071,3,0
1040,251,1018,0,3
1042,251,1020,0,3
1047,251,1025,0,3
1049,251,1071,3,0
1040,252,1018,0,3
1042,252,1020,0,3
1044,252,1022,0,3
1047,252,1025,0,3
1049,252,1071,3,0
1040,253,1018,0,3
1042,253,1020,0,3
1047,253,1025,0,3
1049,253,1071,3,0
1040,254,1018,0,3
1042,254,1020,0,3
1047,254,1025,0,3
1049,254,1071,3,0
1040,255,1018,0,3
1047,255,1025,0,3
1049,255,1071,3,0
1040,256,1018,0,3
1049,256,1071,3,0
1049,257,1071,3,0
1037,260,1059,3,0
1037,261,1059,3,0
1035,262,1057,3,0
1037,262,1059,3,0
1034,263,1056,2,0
1035,263,1057,3,0
1037,263,1059,3,0
1056,264,1078,2,0
1057,264,1079,3,0
1059,264,1081,3,0
1073,264,1051,0,3
1075,264,1053,0,3
1076,264,1054,0,3
1057,265,1079,3,0
1059,265,1081,3,0
1073,265,1051,0,3
1075,265,1053,0,3
1059,266,1081,3,0
1073,266,1051,0,3
1059,267,1081,3,0
1073,267,1051,0,3
1062,270,1040,0,3
1071,270,1093,3,0
1062,271,1040,0,3
1071,271,1093,3,0
1062,272,1040,0,3
1069,272,1047,0,3
1071,272,1093,3,0
1062,273,1040,0,3
1069,273,1047,0,3
1071,273,1093,3,0
1062,274,1040,0,3
1066,274,1044,0,3
1069,274,1047,0,3
1071,274,1093,3,0
1062,275,1040,0,3
1069,275,1047,0,3
1071,275,1093,3,0
1062,276,1040,0,3
1069,276,1047,0,3
1071,276,1093,3,0
1062,277,1040,0,3
1069,277,1047,0,3
1071,277,1093,3,0
1062,278,1040,0,3
1071,278,1093,3,0
1071,279,1093,3,0
1073,281,1051,0,3
1059,282,1081,3,0
1073,282,1051,0,3
1059,283,1081,3,0
1073,283,1051,0,3
1075,283,1053,0,3
1057,284,1079,3,0
1059,284,1081,3,0
1073,284,1051,0,3
1075,284,1053,0,3
1076,284,1054,0,3
1056,285,1078,2,0
1057,285,1079,3,0
1059,285,1081,3,0
1073,285,1051,0,3
1075,285,1053,0,3
1076,285,1054,0,3
1078,286,1100,2,0
1079,286,1101,3,0
1081,286,1103,3,0
1095,286,1073,0,3
1097,286,1075,0,3
1079,287,1101,3,0
1081,287,1103,3,0
1095,287,1073,0,3
1097,287,1075,0,3
1081,288,1103,3,0
1095,288,1073,0,3
1081,289,1103,3,0
1095,289,1073,0,3
1093,292,1115,3,0
1093,293,1115,3,0
1091,294,1069,0,3
1093,294,1115,3,0
1091,295,1069,0,3
1093,295,1115,3,0
1088,296,1066,0,3
1091,296,1069,0,3
1093,296,1115,3,0
1091,297,1069,0,3
1093,297,1115,3,0
1091,298,1069,0,3
1093,298,1115,3,0
1091,299,1069,0,3
1093,299,1115,3,0
1093,300,1115,3,0
1093,301,1115,3,0
1095,303,1073,0,3
1081,304,1103,3,0
1095,304,1073,0,3
1081,305,1103,3,0
1095,305,1073,0,3
1097,305,1075,0,3
1079,306,1101,3,0
1081,306,1103,3,0
1095,306,1073,0,3
1097,306,1075,0,3
1078,307,1100,2,0
1079,307,1101,3,0
1081,307,1103,3,0
1095,307,1073,0,3
1097,307,1075,0,3
1101,308,1123,3,0
1103,308,1125,3,0
1117,308,1095,0,3
1119,308,1097,0,3
1101,309,1123,3,0
1103,309,1125,3,0
1117,309,1095,0,3
1119,309,1097,0,3
1103,310,1125,3,0
1117,310,1095,0,3
1103,311,1125,3,0
1117,311,1095,0,3
1115,314,1137,3,0
1115,315,1137,3,0
1113,316,1091,0,3
1115,316,1137,3,0
1113,317,1091,0,3
1115,317,1137,3,0
1110,318,1088,0,3
1113,318,1091,0,3
1115,318,1137,3,0
1113,319,1091,0,3
1115,319,1137,3,0
1113,320,1091,0,3
1115,320,1137,3,0
1113,321,1091,0,3
1115,321,1137,3,0
1115,322,1137,3,0
1115,323,1137,3,0
1117,325,1095,0,3
1103,326,1125,3,0
1117,326,1095,0,3
1103,327,1125,3,0
1117,327,1095,0,3
1119,327,1097,0,3
1101,328,1123,3,0
1103,328,1125,3,0
1117,328,1095,0,3
1119,328,1097,0,3
1101,329,1123,3,0
1103,329,1125,3,0
1117,329,1095,0,3
1119,329,1097,0,3
1123,330,1145,3,0
1125,330,1147,3,0
1127,330,1105,0,3
1139,330,1117,0,3
1141,330,1119,0,3
1123,331,1145,3,0
1125,331,1147,3,0
1127,331,1105,0,3
1139,331,1117,0,3
1141,331,1119,0,3
1125,332,1147,3,0
1127,332,1105,0,3
1139,332,1117,0,3
1125,333,1147,3,0
1127,333,1105,0,3
1139,333,1117,0,3
1127,334,1105,0,3
1127,335,1105,0,3
1127,336,1105,0,3
1137,336,1159,3,0
1127,337,1105,0,3
1137,337,1159,3,0
1127,338,1105,0,3
1137,338,1159,3,0
1127,339,1105,0,3
1137,339,1159,3,0
1127,340,1105,0,3
1132,340,1110,0,3
1137,340,1159,3,0
1127,341,1105,0,3
1137,341,1159,3,0
1127,342,1105,0,3
1137,342,1159,3,0
1127,343,1105,0,3
1137,343,1159,3,0
1127,344,1105,0,3
1137,344,1159,3,0
1127,345,1105,0,3
1137,345,1159,3,0
1127,347,1105,0,3
1139,347,1117,0,3
1125,348,1147,3,0
1127,348,1105,0,3
1139,348,1117,0,3
1125,349,1147,3,0
1127,349,1105,0,3
1139,349,1117,0,3
1141,349,1119,0,3
1123,350,1145,3,0
1125,350,1147,3,0
1127,350,1105,0,3
1139,350,1117,0,3
1141,350,1119,0,3
1123,351,1145,3,0
1125,351,1147,3,0
1127,351,1105,0,3
1139,351,1117,0,3
1141,351,1119,0,3
1145,352,1167,3,0
1147,352,1169,3,0
1149,352,1127,0,3
1161,352,1139,0,3
1163,352,1141,0,3
1164,352,1186,3,0
1145,353,1167,3,0
1147,353,1169,3,0
1149,353,1127,0,3
1161,353,1139,0,3
1163,353,1141,0,3
1147,354,1169,3,0
1149,354,1127,0,3
1161,354,1139,0,3
1147,355,1169,3,0
1149,355,1127,0,3
1161,355,1139,0,3
1149,356,1127,0,3
1149,357,1127,0,3
1149,358,1127,0,3
1159,358,1181,3,0
1149,359,1127,0,3
1159,359,1181,3,0
1149,360,1127,0,3
1159,360,1181,3,0
1149,361,1127,0,3
1153,361,1131,0,3
1159,361,1181,3,0
1149,362,1127,0,3
1153,362,1131,0,3
1154,362,1132,0,3
1159,362,1181,3,0
1149,363,1127,0,3
1153,363,1131,0,3
1159,363,1181,3,0
1149,364,1127,0,3
1159,364,1181,3,0
1149,365,1127,0,3
1159,365,1181,3,0
1149,366,1127,0,3
1159,366,1181,3,0
1159,367,1181,3,0
1149,369,1127,0,3
1161,369,1139,0,3
1147,370,1169,3,0
1149,370,1127,0,3
1161,370,1139,0,3
1147,371,1169,3,0
1149,371,1127,0,3
1161,371,1139,0,3
1163,371,1141,0,3
1145,372,1167,3,0
1147,372,1169,3,0
1149,372,1127,0,3
1161,372,1139,0,3
1163,372,1141,0,3
1164,372,1186,3,0
1145,373,1167,3,0
1147,373,1169,3,0
1149,373,1127,0,3
1161,373,1139,0,3
1163,373,1141,0,3
1164,373,1186,3,0
1167,374,1189,3,0
1169,374,1191,3,0
1171,374,1149,0,3
1183,374,1161,0,3
1185,374,1163,0,3
1186,374,1208,3,0
1167,375,1189,3,0
1169,375,1191,3,0
1171,375,1149,0,3
1183,375,1161,0,3
1185,375,1163,0,3
1169,376,1191,3,0
1171,376,1149,0,3
1183,376,1161,0,3
1169,377,1191,3,0
1171,377,1149,0,3
1183,377,1161,0,3
1171,378,1149,0,3
1171,379,1149,0,3
1171,380,1149,0,3
1181,380,1203,3,0
1171,381,1149,0,3
1181,381,1203,3,0
1171,382,1149,0,3
1181,382,1203,3,0
1171,383,1149,0,3
1175,383,1153,0,3
1181,383,1203,3,0
1171,384,1149,0,3
1175,384,1153,0,3
1181,384,1203,3,0
1171,385,1149,0,3
1175,385,1153,0,3
1181,385,1203,3,0
1171,386,1149,0,3
1181,386,1203,3,0
1171,387,1149,0,3
1181,387,1203,3,0
1171,388,1149,0,3
1181,388,1203,3,0
1171,389,1149,0,3
1181,389,1203,3,0
1171,391,1149,0,3
1183,391,1161,0,3
1169,392,1191,3,0
1171,392,1149,0,3
1183,392,1161,0,3
1169,393,1191,3,0
1171,393,1149,0,3
1183,393,1161,0,3
1185,393,1163,0,3
1167,394,1189,3,0
1169,394,1191,3,0
1171,394,1149,0,3
1183,394,1161,0,3
1185,394,1163,0,3
1186,394,1208,3,0
1167,395,1189,3,0
1169,395,1191,3,0
1171,395,1149,0,3
1183,395,1161,0,3
1185,395,1163,0,3
1186,395,1208,3,0
1189,396,1211,3,0
1191,396,1213,3,0
1193,396,1171,0,3
1205,396,1183,0,3
1208,396,1230,3,0
1189,397,1211,3,0
1191,397,1213,3,0
1193,397,1171,0,3
1205,397,1183,0,3
1191,398,1213,3,0
1193,398,1171,0,3
1205,398,1183,0,3
1191,399,1213,3,0
1193,399,1171,0,3
1205,399,1183,0,3
1193,400,1171,0,3
1193,401,1171,0,3
1193,402,1171,0,3
1203,402,1225,3,0
1193,403,1171,0,3
1203,403,1225,3,0
1193,404,1171,0,3
1203,404,1225,3,0
1193,405,1171,0,3
1197,405,1175,0,3
1203,405,1225,3,0
1193,406,1171,0,3
1197,406,1175,0,3
1198,406,1176,0,3
1203,406,1225,3,0
1193,407,1171,0,3
1197,407,1175,0,3
1203,407,1225,3,0
1193,408,1171,0,3
1203,408,1225,3,0
1193,409,1171,0,3
1203,409,1225,3,0
1193,410,1171,0,3
1203,410,1225,3,0
1203,411,1225,3,0
1193,413,1171,0,3
1205,413,1183,0,3
1191,414,1213,3,0
1193,414,1171,0,3
1205,414,1183,0,3
1191,415,1213,3,0
1193,415,1171,0,3
1205,415,1183,0,3
1189,416,1211,3,0
1191,416,1213,3,0
1193,416,1171,0,3
1205,416,1183,0,3
1208,416,1230,3,0
1189,417,1211,3,0
1191,417,1213,3,0
1193,417,1171,0,3
1205,417,1183,0,3
1208,417,1230,3,0
1211,418,1233,3,0
1213,418,1235,3,0
1215,418,1193,0,3
1227,418,1205,0,3
1230,418,1252,3,0
1211,419,1233,3,0
1213,419,1235,3,0
1215,419,1193,0,3
1227,419,1205,0,3
1213,420,1235,3,0
1215,420,1193,0,3
1227,420,1205,0,3
1213,421,1235,3,0
1215,421,1193,0,3
1227,421,1205,0,3
1215,422,1193,0,3
1215,423,1193,0,3
1215,424,1193,0,3
1225,424,1247,3,0
1215,425,1193,0,3
1225,425,1247,3,0
1215,426,1193,0,3
1225,426,1247,3,0
1215,427,1193,0,3
1219,427,1197,0,3
1225,427,1247,3,0
1215,428,1193,0,3
1219,428,1197,0,3
1220,428,1198,0,3
1225,428,1247,3,0
1215,429,1193,0,3
1219,429,1197,0,3
1225,429,1247,3,0
1215,430,1193,0,3
1225,430,1247,3,0
1215,431,1193,0,3
1225,431,1247,3,0
1215,432,1193,0,3
1225,432,1247,3,0
1215,433,1193,0,3
1225,433,1247,3,0
1215,435,1193,0,3
1227,435,1205,0,3
1213,436,1235,3,0
1215,436,1193,0,3
1227,436,1205,0,3
1213,437,1235,3,0
1215,437,1193,0,3
1227,437,1205,0,3
1211,438,1233,3,0
1213,438,1235,3,0
1215,438,1193,0,3
1227,438,1205,0,3
1230,438,1252,3,0
1211,439,1233,3,0
1213,439,1235,3,0
1215,439,1193,0,3
1227,439,1205,0,3
1230,439,1252,3,0
1233,440,1255,3,0
1235,440,1257,3,0
1237,440,1215,0,3
1249,440,1227,0,3
1252,440,1274,3,0
1233,441,1255,3,0
1235,441,1257,3,0
1237,441,1215,0,3
1249,441,1227,0,3
1235,442,1257,3,0
1237,442,1215,0,3
1249,442,1227,0,3
1235,443,1257,3,0
1237,443,1215,0,3
1249,443,1227,0,3
1237,444,1215,0,3
1237,445,1215,0,3
1237,446,1215,0,3
1247,446,1269,3,0
1237,447,1215,0,3
1247,447,1269,3,0
1237,448,1215,0,3
1247,448,1269,3,0
1237,449,1215,0,3
1247,449,1269,3,0
1237,450,1215,0,3
1242,450,1220,0,3
1247,450,1269,3,0
1237,451,1215,0,3
1247,451,1269,3,0
1237,452,1215,0,3
1247,452,1269,3,0
1237,453,1215,0,3
1247,453,1269,3,0
1237,454,1215,0,3
1247,454,1269,3,0
1247,455,1269,3,0
1237,457,1215,0,3
1249,457,1227,0,3
1235,458,1257,3,0
1237,458,1215,0,3
1249,458,1227,0,3
1235,459,1257,3,0
1237,459,1215,0,3
1249,459,1227,0,3
1233,460,1255,3,0
1235,460,1257,3,0
1237,460,1215,0,3
1249,460,1227,0,3
1252,460,1274,3,0
1233,461,1255,3,0
1235,461,1257,3,0
1237,461,1215,0,3
1249,461,1227,0,3
1252,461,1274,3,0
1255,462,1277,3,0
1257,462,1279,3,0
1259,462,1237,0,3
1271,462,1249,0,3
1274,462,1296,3,0
1255,463,1277,3,0
1257,463,1279,3,0
1259,463,1237,0,3
1271,463,1249,0,3
1257,464,1279,3,0
1259,464,1237,0,3
1271,464,1249,0,3
1257,465,1279,3,0
1259,465,1237,0,3
1271,465,1249,0,3
1259,466,1237,0,3
1259,467,1237,0,3
1259,468,1237,0,3
1269,468,1291,3,0
1259,469,1237,0,3
1268,469,1290,3,0
1269,469,1291,3,0
1259,470,1237,0,3
1268,470,1290,3,0
1269,470,1291,3,0
1259,471,1237,0,3
1268,471,1290,3,0
1269,471,1291,3,0
1259,472,1237,0,3
1264,472,1242,0,3
1268,472,1290,3,0
1269,472,1291,3,0
1259,473,1237,0,3
1268,473,1290,3,0
1269,473,1291,3,0
1259,474,1237,0,3
1268,474,1290,3,0
1269,474,1291,3,0
1259,475,1237,0,3
1268,475,1290,3,0
1269,475,1291,3,0
1259,476,1237,0,3
1268,476,1290,3,0
1269,476,1291,3,0
1259,477,1237,0,3
1269,477,1291,3,0
1259,479,1237,0,3
1271,479,1249,0,3
1257,480,1279,3,0
1259,480,1237,0,3
1271,480,1249,0,3
1257,481,1279,3,0
1259,481,1237,0,3
1271,481,1249,0,3
1255,482,1277,3,0
1257,482,1279,3,0
1259,482,1237,0,3
1271,482,1249,0,3
1274,482,1296,3,0
1255,483,1277,3,0
1257,483,1279,3,0
1259,483,1237,0,3
1271,483,1249,0,3
1274,483,1296,3,0
1279,484,1301,3,0
1281,484,1259,0,3
1293,484,1271,0,3
1296,484,1318,3,0
1279,485,1301,3,0
1281,485,1259,0,3
1293,485,1271,0,3
1279,486,1301,3,0
1281,486,1259,0,3
1293,486,1271,0,3
1279,487,1301,3,0
1281,487,1259,0,3
1293,487,1271,0,3
1281,488,1259,0,3
1281,489,1259,0,3
1281,490,1259,0,3
1291,490,1313,3,0
1281,491,1259,0,3
1291,491,1313,3,0
1281,492,1259,0,3
1291,492,1313,3,0
1281,493,1259,0,3
1291,493,1313,3,0
1281,494,1259,0,3
1286,494,1264,0,3
1291,494,1313,3,0
1281,495,1259,0,3
1291,495,1313,3,0
1281,496,1259,0,3
1291,496,1313,3,0
1281,497,1259,0,3
1291,497,1313,3,0
1281,498,1259,0,3
1291,498,1313,3,0
1291,499,1313,3,0
1281,501,1259,0,3
1293,501,1271,0,3
1279,502,1301,3,0
1281,502,1259,0,3
1293,502,1271,0,3
1279,503,1301,3,0
1281,503,1259,0,3
1293,503,1271,0,3
1279,504,1301,3,0
1281,504,1259,0,3
1293,504,1271,0,3
1296,504,1318,3,0
1279,505,1301,3,0
1281,505,1259,0,3
1293,505,1271,0,3
1296,505,1318,3,0
1301,506,1323,3,0
1303,506,1281,0,3
1315,506,1293,0,3
1318,506,1340,3,0
1301,507,1323,3,0
1303,507,1281,0,3
1315,507,1293,0,3
1301,508,1323,3,0
1303,508,1281,0,3
1315,508,1293,0,3
1301,509,1323,3,0
1303,509,1281,0,3
1315,509,1293,0,3
1303,510,1281,0,3
1303,511,1281,0,3
1303,512,1281,0,3
1303,513,1281,0,3
1303,514,1281,0,3
1311,514,1333,3,0
1303,515,1281,0,3
1311,515,1333,3,0
1303,516,1281,0,3
1311,516,1333,3,0
1303,517,1281,0,3
1311,517,1333,3,0
1303,518,1281,0,3
1311,518,1333,3,0
1303,519,1281,0,3
1311,519,1333,3,0
1303,520,1281,0,3
1303,521,1281,0,3
1303,523,1281,0,3
1315,523,1293,0,3
1301,524,1323,3,0
1303,524,1281,0,3
1315,524,1293,0,3
1301,525,1323,3,0
1303,525,1281,0,3
1315,525,1293,0,3
1301,526,1323,3,0
1303,526,1281,0,3
1315,526,1293,0,3
1318,526,1340,3,0
1301,527,1323,3,0
1303,527,1281,0,3
1315,527,1293,0,3
1318,527,1340,3,0
1323,528,1345,3,0
1325,528,1303,0,3
1337,528,1315,0,3
1340,528,1362,3,0
1323,529,1345,3,0
1325,529,1303,0,3
1337,529,1315,0,3
1323,530,1345,3,0
1325,530,1303,0,3
1337,530,1315,0,3
1323,531,1345,3,0
1325,531,1303,0,3
1337,531,1315,0,3
1325,532,1303,0,3
1325,533,1303,0,3
1325,534,1303,0,3
1325,535,1303,0,3
1325,536,1303,0,3
1333,536,1355,3,0
1325,537,1303,0,3
1333,537,1355,3,0
1325,538,1303,0,3
1333,538,1355,3,0
1325,539,1303,0,3
1333,539,1355,3,0
1325,540,1303,0,3
1333,540,1355,3,0
1325,541,1303,0,3
1333,541,1355,3,0
1325,542,1303,0,3
1325,545,1303,0,3
1337,545,1315,0,3
1323,546,1345,3,0
1325,546,1303,0,3
1337,546,1315,0,3
1323,547,1345,3,0
1325,547,1303,0,3
1337,547,1315,0,3
1323,548,1345,3,0
1325,548,1303,0,3
1337,548,1315,0,3
1340,548,1362,3,0
1323,549,1345,3,0
1325,549,1303,0,3
1337,549,1315,0,3
1340,549,1362,3,0
1345,550,1367,3,0
1347,550,1325,0,3
1359,550,1337,0,3
1361,550,1339,0,3
1345,551,1367,3,0
1347,551,1325,0,3
1359,551,1337,0,3
1361,551,1339,0,3
1345,552,1367,3,0
1347,552,1325,0,3
1359,552,1337,0,3
1345,553,1367,3,0
1347,553,1325,0,3
1359,553,1337,0,3
1347,554,1325,0,3
1347,555,1325,0,3
1347,556,1325,0,3
1347,557,1325,0,3
1347,558,1325,0,3
1355,558,1377,3,0
1347,559,1325,0,3
1355,559,1377,3,0
1347,560,1325,0,3
1355,560,1377,3,0
1347,561,1325,0,3
1355,561,1377,3,0
1347,562,1325,0,3
1355,562,1377,3,0
1347,563,1325,0,3
1355,563,1377,3,0
1347,564,1325,0,3
1347,565,1325,0,3
1347,567,1325,0,3
1359,567,1337,0,3
1345,568,1367,3,0
1347,568,1325,0,3
1359,568,1337,0,3
1345,569,1367,3,0
1347,569,1325,0,3
1359,569,1337,0,3
1361,569,1339,0,3
1345,570,1367,3,0
1347,570,1325,0,3
1359,570,1337,0,3
1361,570,1339,0,3
1345,571,1367,3,0
1347,571,1325,0,3
1359,571,1337,0,3
1361,571,1339,0,3
1365,572,1343,0,3
1366,572,1344,0,3
1367,572,1389,3,0
1369,572,1347,0,3
1381,572,1359,0,3
1383,572,1361,0,3
1365,573,1343,0,3
1366,573,1344,0,3
1367,573,1389,3,0
1369,573,1347,0,3
1381,573,1359,0,3
1383,573,1361,0,3
1366,574,1344,0,3
1367,574,1389,3,0
1369,574,1347,0,3
1381,574,1359,0,3
1367,575,1389,3,0
1369,575,1347,0,3
1381,575,1359,0,3
1369,576,1347,0,3
1369,577,1347,0,3
1369,578,1347,0,3
1369,579,1347,0,3
1369,580,1347,0,3
1377,580,1399,3,0
1369,581,1347,0,3
1377,581,1399,3,0
1369,582,1347,0,3
1377,582,1399,3,0
1369,583,1347,0,3
1377,583,1399,3,0
1369,584,1347,0,3
1377,584,1399,3,0
1369,585,1347,0,3
1377,585,1399,3,0
1369,586,1347,0,3
1369,589,1347,0,3
1381,589,1359,0,3
1367,590,1389,3,0
1369,590,1347,0,3
1381,590,1359,0,3
1366,591,1344,0,3
1367,591,1389,3,0
1369,591,1347,0,3
1381,591,1359,0,3
1383,591,1361,0,3
1365,592,1343,0,3
1366,592,1344,0,3
1367,592,1389,3,0
1369,592,1347,0,3
1381,592,1359,0,3
1383,592,1361,0,3
1365,593,1343,0,3
1366,593,1344,0,3
1367,593,1389,3,0
1369,593,1347,0,3
1381,593,1359,0,3
1383,593,1361,0,3
1385,593,1363,0,3
1388,594,1366,0,3
1389,594,1411,3,0
1391,594,1369,0,3
1403,594,1381,0,3
1388,595,1366,0,3
1389,595,1411,3,0
1391,595,1369,0,3
1403,595,1381,0,3
1388,596,1366,0,3
1389,596,1411,3,0
1391,596,1369,0,3
1403,596,1381,0,3
1389,597,1411,3,0
1391,597,1369,0,3
1403,597,1381,0,3
1391,598,1369,0,3
1391,599,1369,0,3
1391,600,1369,0,3
1392,600,1370,0,3
1391,601,1369,0,3
1392,601,1370,0,3
1391,602,1369,0,3
1392,602,1370,0,3
1399,602,1421,3,0
1391,603,1369,0,3
1392,603,1370,0,3
1399,603,1421,3,0
1391,604,1369,0,3
1392,604,1370,0,3
1399,604,1421,3,0
1391,605,1369,0,3
1392,605,1370,0,3
1399,605,1421,3,0
1391,606,1369,0,3
1392,606,1370,0,3
1399,606,1421,3,0
1391,607,1369,0,3
1392,607,1370,0,3
1399,607,1421,3,0
1391,608,1369,0,3
1392,608,1370,0,3
1391,609,1369,0,3
1391,611,1369,0,3
1403,611,1381,0,3
1389,612,1411,3,0
1391,612,1369,0,3
1403,612,1381,0,3
1388,613,1366,0,3
1389,613,1411,3,0
1391,613,1369,0,3
1403,613,1381,0,3
1388,614,1366,0,3
1389,614,1411,3,0
1391,614,1369,0,3
1403,614,1381,0,3
1388,615,1366,0,3
1389,615,1411,3,0
1391,615,1369,0,3
1403,615,1381,0,3
1407,615,1385,0,3
1409,616,1387,0,3
1410,616,1388,0,3
1411,616,1433,3,0
1413,616,1391,0,3
1425,616,1403,0,3
1409,617,1387,0,3
1410,617,1388,0,3
1411,617,1433,3,0
1413,617,1391,0,3
1425,617,1403,0,3
1410,618,1388,0,3
1411,618,1433,3,0
1413,618,1391,0,3
1425,618,1403,0,3
1411,619,1433,3,0
1413,619,1391,0,3
1425,619,1403,0,3
1413,620,1391,0,3
1413,621,1391,0,3
1413,622,1391,0,3
1414,622,1392,0,3
1413,623,1391,0,3
1414,623,1392,0,3
1413,624,1391,0,3
1414,624,1392,0,3
1421,624,1443,3,0
1413,625,1391,0,3
1414,625,1392,0,3
1421,625,1443,3,0
1413,626,1391,0,3
1414,626,1392,0,3
1421,626,1443,3,0
1413,627,1391,0,3
1414,627,1392,0,3
1421,627,1443,3,0
1413,628,1391,0,3
1414,628,1392,0,3
1421,628,1443,3,0
1413,629,1391,0,3
1414,629,1392,0,3
1421,629,1443,3,0
1413,630,1391,0,3
1414,630,1392,0,3
1413,633,1391,0,3
1425,633,1403,0,3
1411,634,1433,3,0
1413,634,1391,0,3
1425,634,1403,0,3
1410,635,1388,0,3
1411,635,1433,3,0
1413,635,1391,0,3
1425,635,1403,0,3
1409,636,1387,0,3
1410,636,1388,0,3
1411,636,1433,3,0
1413,636,1391,0,3
1425,636,1403,0,3
1409,637,1387,0,3
1410,637,1388,0,3
1411,637,1433,3,0
1413,637,1391,0,3
1425,637,1403,0,3
1429,637,1407,0,3
1431,638,1409,0,3
1432,638,1410,0,3
1435,638,1413,0,3
1447,638,1425,0,3
1448,638,1426,0,3
1431,639,1409,0,3
1432,639,1410,0,3
1435,639,1413,0,3
1447,639,1425,0,3
1448,639,1426,0,3
1432,640,1410,0,3
1435,640,1413,0,3
1447,640,1425,0,3
1448,640,1426,0,3
1435,641,1413,0,3
1447,641,1425,0,3
1435,642,1413,0,3
1435,643,1413,0,3
1435,644,1413,0,3
1435,645,1413,0,3
1444,645,1466,3,0
1435,646,1413,0,3
1443,646,1465,3,0
1444,646,1466,3,0
1435,647,1413,0,3
1443,647,1465,3,0
1444,647,1466,3,0
1435,648,1413,0,3
1441,648,1419,0,3
1443,648,1465,3,0
1444,648,1466,3,0
1435,649,1413,0,3
1441,649,1419,0,3
1443,649,1465,3,0
1444,649,1466,3,0
1435,650,1413,0,3
1443,650,1465,3,0
1444,650,1466,3,0
1435,651,1413,0,3
1443,651,1465,3,0
1444,651,1466,3,0
1435,652,1413,0,3
1444,652,1466,3,0
1435,653,1413,0,3
1435,655,1413,0,3
1447,655,1425,0,3
1435,656,1413,0,3
1447,656,1425,0,3
1448,656,1426,0,3
1432,657,1410,0,3
1435,657,1413,0,3
1447,657,1425,0,3
1448,657,1426,0,3
1431,658,1409,0,3
1432,658,1410,0,3
1435,658,1413,0,3
1447,658,1425,0,3
1448,658,1426,0,3
1431,659,1409,0,3
1432,659,1410,0,3
1435,659,1413,0,3
1447,659,1425,0,3
1448,659,1426,0,3
1451,659,1429,0,3
1453,660,1431,0,3
1454,660,1432,0,3
1457,660,1435,0,3
1469,660,1447,0,3
1470,660,1448,0,3
1471,660,1493,3,0
1453,661,1431,0,3
1454,661,1432,0,3
1457,661,1435,0,3
1469,661,1447,0,3
1470,661,1448,0,3
1471,661,1493,3,0
1454,662,1432,0,3
1457,662,1435,0,3
1469,662,1447,0,3
1470,662,1448,0,3
1457,663,1435,0,3
1469,663,1447,0,3
1457,664,1435,0,3
1457,665,1435,0,3
1457,666,1435,0,3
1457,667,1435,0,3
1466,667,1488,3,0
1457,668,1435,0,3
1465,668,1487,3,0
1466,668,1488,3,0
1457,669,1435,0,3
1465,669,1487,3,0
1466,669,1488,3,0
1457,670,1435,0,3
1463,670,1441,0,3
1465,670,1487,3,0
1466,670,1488,3,0
1457,671,1435,0,3
1463,671,1441,0,3
1465,671,1487,3,0
1466,671,1488,3,0
1457,672,1435,0,3
1465,672,1487,3,0
1466,672,1488,3,0
1457,673,1435,0,3
1465,673,1487,3,0
1466,673,1488,3,0
1457,674,1435,0,3
1466,674,1488,3,0
1457,677,1435,0,3
1469,677,1447,0,3
1457,678,1435,0,3
1469,678,1447,0,3
1470,678,1448,0,3
1454,679,1432,0,3
1457,679,1435,0,3
1469,679,1447,0,3
1470,679,1448,0,3
1471,679,1493,3,0
1453,680,1431,0,3
1454,680,1432,0,3
1457,680,1435,0,3
1469,680,1447,0,3
1470,680,1448,0,3
1471,680,1493,3,0
1453,681,1431,0,3
1454,681,1432,0,3
1457,681,1435,0,3
1469,681,1447,0,3
1470,681,1448,0,3
1471,681,1493,3,0
1473,681,1451,0,3
1475,682,1453,0,3
1476,682,1454,0,3
1479,682,1457,0,3
1491,682,1469,0,3
1492,682,1470,0,3
1475,683,1453,0,3
1476,683,1454,0,3
1479,683,1457,0,3
1491,683,1469,0,3
1492,683,1470,0,3
1476,684,1454,0,3
1479,684,1457,0,3
1491,684,1469,0,3
1492,684,1470,0,3
1479,685,1457,0,3
1491,685,1469,0,3
1479,686,1457,0,3
1479,687,1457,0,3
1479,688,1457,0,3
1479,689,1457,0,3
1488,689,1510,3,0
1479,690,1457,0,3
1487,690,1509,3,0
1488,690,1510,3,0
1479,691,1457,0,3
1487,691,1509,3,0
1488,691,1510,3,0
1479,692,1457,0,3
1487,692,1509,3,0
1488,692,1510,3,0
1479,693,1457,0,3
1487,693,1509,3,0
1488,693,1510,3,0
1479,694,1457,0,3
1487,694,1509,3,0
1488,694,1510,3,0
1479,695,1457,0,3
1487,695,1509,3,0
1488,695,1510,3,0
1479,696,1457,0,3
1488,696,1510,3,0
1479,697,1457,0,3
1479,699,1457,0,3
1491,699,1469,0,3
1479,700,1457,0,3
1491,700,1469,0,3
1492,700,1470,0,3
1476,701,1454,0,3
1479,701,1457,0,3
1491,701,1469,0,3
1492,701,1470,0,3
1475,702,1453,0,3
1476,702,1454,0,3
1479,702,1457,0,3
1491,702,1469,0,3
1492,702,1470,0,3
1475,703,1453,0,3
1476,703,1454,0,3
1479,703,1457,0,3
1491,703,1469,0,3
1492,703,1470,0,3
1495,703,1473,0,3
1497,704,1475,0,3
1498,704,1476,0,3
1501,704,1479,0,3
1513,704,1491,0,3
1514,704,1492,0,3
1497,705,1475,0,3
1498,705,1476,0,3
1501,705,1479,0,3
1513,705,1491,0,3
1514,705,1492,0,3
1498,706,1476,0,3
1501,706,1479,0,3
1513,706,1491,0,3
1514,706,1492,0,3
1501,707,1479,0,3
1513,707,1491,0,3
1501,708,1479,0,3
1501,709,1479,0,3
1501,710,1479,0,3
1501,711,1479,0,3
1510,711,1532,3,0
1501,712,1479,0,3
1509,712,1531,3,0
1510,712,1532,3,0
1501,713,1479,0,3
1509,713,1531,3,0
1510,713,1532,3,0
1501,714,1479,0,3
1509,714,1531,3,0
1510,714,1532,3,0
1501,715,1479,0,3
1509,715,1531,3,0
1510,715,1532,3,0
1501,716,1479,0,3
1509,716,1531,3,0
1510,716,1532,3,0
1501,717,1479,0,3
1509,717,1531,3,0
1510,717,1532,3,0
1501,718,1479,0,3
1510,718,1532,3,0
1501,721,1479,0,3
1513,721,1491,0,3
1501,722,1479,0,3
1513,722,1491,0,3
1514,722,1492,0,3
1498,723,1476,0,3
1501,723,1479,0,3
1513,723,1491,0,3
1514,723,1492,0,3
1497,724,1475,0,3
1498,724,1476,0,3
1501,724,1479,0,3
1513,724,1491,0,3
1514,724,1492,0,3
1497,725,1475,0,3
1498,725,1476,0,3
1501,725,1479,0,3
1513,725,1491,0,3
1514,725,1492,0,3
1517,725,1495,0,3
1518,726,1496,0,2
1520,726,1498,0,3
1521,726,1543,3,0
1535,726,1513,0,3
1537,726,1515,0,3
1538,726,1560,3,0
1520,727,1498,0,3
1521,727,1543,3,0
1535,727,1513,0,3
1537,727,1515,0,3
1520,728,1498,0,3
1521,728,1543,3,0
1535,728,1513,0,3
1521,729,1543,3,0
1535,729,1513,0,3
1532,733,1554,3,0
1526,734,1504,0,3
1531,734,1553,3,0
1532,734,1554,3,0
1526,735,1504,0,3
1527,735,1549,3,0
1531,735,1553,3,0
1532,735,1554,3,0
1526,736,1504,0,3
1527,736,1549,3,0
1531,736,1553,3,0
1532,736,1554,3,0
1526,737,1504,0,3
1527,737,1549,3,0
1531,737,1553,3,0
1532,737,1554,3,0
1526,738,1504,0,3
1531,738,1553,3,0
1532,738,1554,3,0
1531,739,1553,3,0
1532,739,1554,3,0
1532,740,1554,3,0
1535,743,1513,0,3
1521,744,1543,3,0
1535,744,1513,0,3
1520,745,1498,0,3
1521,745,1543,3,0
1535,745,1513,0,3
1537,745,1515,0,3
1520,746,1498,0,3
1521,746,1543,3,0
1535,746,1513,0,3
1537,746,1515,0,3
1538,746,1560,3,0
1518,747,1496,0,2
1520,747,1498,0,3
1521,747,1543,3,0
1535,747,1513,0,3
1537,747,1515,0,3
1538,747,1560,3,0
1539,747,1517,0,3
1541,748,1519,0,3
1544,748,1522,0,3
1556,748,1578,3,0
1557,748,1535,0,3
1559,748,1537,0,3
1560,748,1582,3,0
1541,749,1519,0,3
1544,749,1522,0,3
1556,749,1578,3,0
1557,749,1535,0,3
1559,749,1537,0,3
1544,750,1522,0,3
1556,750,1578,3,0
1557,750,1535,0,3
1544,751,1522,0,3
1556,751,1578,3,0
1557,751,1535,0,3
1544,752,1522,0,3
1556,752,1578,3,0
1556,754,1578,3,0
1554,755,1576,3,0
1556,755,1578,3,0
1548,756,1526,0,3
1553,756,1575,3,0
1554,756,1576,3,0
1556,756,1578,3,0
1548,757,1526,0,3
1549,757,1571,3,0
1553,757,1575,3,0
1554,757,1576,3,0
1556,757,1578,3,0
1548,758,1526,0,3
1549,758,1571,3,0
1551,758,1573,3,0
1553,758,1575,3,0
1554,758,1576,3,0
1556,758,1578,3,0
1548,759,1526,0,3
1549,759,1571,3,0
1551,759,1573,3,0
1553,759,1575,3,0
1554,759,1576,3,0
1556,759,1578,3,0
1548,760,1526,0,3
1553,760,1575,3,0
1554,760,1576,3,0
1556,760,1578,3,0
1553,761,1575,3,0
1554,761,1576,3,0
1556,761,1578,3,0
1554,762,1576,3,0
1556,762,1578,3,0
1556,763,1578,3,0
1556,764,1578,3,0
1544,765,1522,0,3
1556,765,1578,3,0
1557,765,1535,0,3
1544,766,1522,0,3
1556,766,1578,3,0
1557,766,1535,0,3
1544,767,1522,0,3
1556,767,1578,3,0
1557,767,1535,0,3
1559,767,1537,0,3
1541,768,1519,0,3
1544,768,1522,0,3
1556,768,1578,3,0
1557,768,1535,0,3
1559,768,1537,0,3
1560,768,1582,3,0
1541,769,1519,0,3
1544,769,1522,0,3
1556,769,1578,3,0
1557,769,1535,0,3
1559,769,1537,0,3
1560,769,1582,3,0
1561,769,1539,0,3
1563,770,1541,0,3
1566,770,1544,0,3
1567,770,1545,0,3
1578,770,16,3,3
1579,770,1557,0,3
1582,770,20,3,3
1563,771,1541,0,3
1566,771,1544,0,3
1567,771,1545,0,3
1578,771,16,3,3
1579,771,1557,0,3
1566,772,1544,0,3
1567,772,1545,0,3
1578,772,16,3,3
1579,772,1557,0,3
1566,773,1544,0,3
1567,773,1545,0,3
1578,773,16,3,3
1579,773,1557,0,3
1566,774,1544,0,3
1567,774,1545,0,3
1578,774,16,3,3
1567,775,1545,0,3
1578,775,16,3,3
1567,776,1545,0,3
1568,776,1546,0,3
1578,776,16,3,3
1567,777,1545,0,3
1568,777,1546,0,3
1576,777,14,3,3
1578,777,16,3,3
1567,778,1545,0,3
1568,778,1546,0,3
1575,778,13,3,3
1576,778,14,3,3
1578,778,16,3,3
1567,779,1545,0,3
1568,779,1546,0,3
1574,779,1552,0,3
1575,779,13,3,3
1576,779,14,3,3
1578,779,16,3,3
1567,780,1545,0,3
1568,780,1546,0,3
1573,780,11,3,3
1574,780,1552,0,3
1575,780,13,3,3
1576,780,14,3,3
1578,780,16,3,3
1567,781,1545,0,3
1568,781,1546,0,3
1573,781,11,3,3
1574,781,1552,0,3
1575,781,13,3,3
1576,781,14,3,3
1578,781,16,3,3
1567,782,1545,0,3
1568,782,1546,0,3
1574,782,1552,0,3
1575,782,13,3,3
1576,782,14,3,3
1578,782,16,3,3
1567,783,1545,0,3
1568,783,1546,0,3
1575,783,13,3,3
1576,783,14,3,3
1578,783,16,3,3
1567,784,1545,0,3
1568,784,1546,0,3
1576,784,14,3,3
1578,784,16,3,3
1567,785,1545,0,3
1578,785,16,3,3
1578,786,16,3,3
1566,787,1544,0,3
1567,787,1545,0,3
1578,787,16,3,3
1579,787,1557,0,3
1566,788,1544,0,3
1567,788,1545,0,3
1578,788,16,3,3
1579,788,1557,0,3
1566,789,1544,0,3
1567,789,1545,0,3
1578,789,16,3,3
1579,789,1557,0,3
1563,790,1541,0,3
1566,790,1544,0,3
1567,790,1545,0,3
1578,790,16,3,3
1579,790,1557,0,3
1582,790,20,3,3
1563,791,1541,0,3
1566,791,1544,0,3
1567,791,1545,0,3
1578,791,16,3,3
1579,791,1557,0,3
1582,791,20,3,3
1583,791,1561,0,3
1,792,1563,3,3
4,792,26,2,0
5,792,1567,3,3
16,792,38,2,0
17,792,1579,3,3
20,792,42,2,0
1,793,1563,3,3
4,793,26,2,0
5,793,1567,3,3
16,793,38,2,0
17,793,1579,3,3
4,794,26,2,0
5,794,1567,3,3
16,794,38,2,0
17,794,1579,3,3
4,795,26,2,0
5,795,1567,3,3
16,795,38,2,0
17,795,1579,3,3
4,796,26,2,0
5,796,1567,3,3
16,796,38,2,0
5,797,1567,3,3
5,798,1567,3,3
6,798,1568,3,3
15,798,1577,3,3
16,798,38,2,0
5,799,1567,3,3
6,799,1568,3,3
14,799,36,2,0
15,799,1577,3,3
16,799,38,2,0
5,800,1567,3,3
6,800,1568,3,3
13,800,35,2,0
14,800,36,2,0
15,800,1577,3,3
16,800,38,2,0
5,801,1567,3,3
6,801,1568,3,3
9,801,31,2,0
13,801,35,2,0
14,801,36,2,0
15,801,1577,3,3
16,801,38,2,0
5,802,1567,3,3
6,802,1568,3,3
9,802,31,2,0
11,802,33,2,0
13,802,35,2,0
14,802,36,2,0
15,802,1577,3,3
16,802,38,2,0
5,803,1567,3,3
6,803,1568,3,3
9,803,31,2,0
11,803,33,2,0
13,803,35,2,0
14,803,36,2,0
15,803,1577,3,3
16,803,38,2,0
5,804,1567,3,3
6,804,1568,3,3
13,804,35,2,0
14,804,36,2,0
15,804,1577,3,3
16,804,38,2,0
5,805,1567,3,3
6,805,1568,3,3
13,805,35,2,0
14,805,36,2,0
15,805,1577,3,3
16,805,38,2,0
5,806,1567,3,3
6,806,1568,3,3
14,806,36,2,0
15,806,1577,3,3
16,806,38,2,0
15,807,1577,3,3
16,807,38,2,0
16,808,38,2,0
4,809,26,2,0
5,809,1567,3,3
16,809,38,2,0
17,809,1579,3,3
4,810,26,2,0
5,810,1567,3,3
16,810,38,2,0
17,810,1579,3,3
4,811,26,2,0
5,811,1567,3,3
16,811,38,2,0
17,811,1579,3,3
1,812,1563,3,3
4,812,26,2,0
5,812,1567,3,3
16,812,38,2,0
17,812,1579,3,3
20,812,42,2,0
1,813,1563,3,3
4,813,26,2,0
5,813,1567,3,3
16,813,38,2,0
17,813,1579,3,3
20,813,42,2,0
21,813,1583,3,3
22,814,0,0,1
23,814,1,0,2
25,814,3,0,2
26,814,48,3,0
27,814,5,0,2
38,814,60,3,0
39,814,17,0,2
41,814,63,3,0
42,814,64,3,0
23,815,1,0,2
25,815,3,0,2
26,815,48,3,0
27,815,5,0,2
38,815,60,3,0
39,815,17,0,2
41,815,63,3,0
25,816,3,0,2
26,816,48,3,0
27,816,5,0,2
38,816,60,3,0
39,816,17,0,2
25,817,3,0,2
26,817,48,3,0
27,817,5,0,2
38,817,60,3,0
39,817,17,0,2
26,818,48,3,0
27,818,5,0,2
38,818,60,3,0
27,819,5,0,2
38,819,60,3,0
27,820,5,0,2
38,820,60,3,0
27,821,5,0,2
36,821,58,3,0
38,821,60,3,0
27,822,5,0,2
35,822,57,3,0
36,822,58,3,0
38,822,60,3,0
27,823,5,0,2
31,823,53,3,0
35,823,57,3,0
36,823,58,3,0
38,823,60,3,0
27,824,5,0,2
31,824,53,3,0
33,824,55,3,0
35,824,57,3,0
36,824,58,3,0
38,824,60,3,0
27,825,5,0,2
31,825,53,3,0
33,825,55,3,0
35,825,57,3,0
36,825,58,3,0
38,825,60,3,0
27,826,5,0,2
35,826,57,3,0
36,826,58,3,0
38,826,60,3,0
27,827,5,0,2
35,827,57,3,0
36,827,58,3,0
38,827,60,3,0
27,828,5,0,2
36,828,58,3,0
38,828,60,3,0
27,829,5,0,2
38,829,60,3,0
38,830,60,3,0
26,831,48,3,0
27,831,5,0,2
38,831,60,3,0
39,831,17,0,2
25,832,3,0,2
26,832,48,3,0
27,832,5,0,2
38,832,60,3,0
39,832,17,0,2
25,833,3,0,2
26,833,48,3,0
27,833,5,0,2
38,833,60,3,0
39,833,17,0,2
41,833,63,3,0
23,834,1,0,2
25,834,3,0,2
26,834,48,3,0
27,834,5,0,2
38,834,60,3,0
39,834,17,0,2
41,834,63,3,0
42,834,64,3,0
22,835,0,0,1
23,835,1,0,2
25,835,3,0,2
26,835,48,3,0
27,835,5,0,2
38,835,60,3,0
39,835,17,0,2
41,835,63,3,0
42,835,64,3,0
43,835,21,0,2
44,836,22,0,2
47,836,25,0,3
49,836,27,0,3
60,836,82,3,0
61,836,39,0,3
63,836,85,3,0
64,836,86,3,0
47,837,25,0,3
49,837,27,0,3
60,837,82,3,0
61,837,39,0,3
63,837,85,3,0
47,838,25,0,3
49,838,27,0,3
60,838,82,3,0
61,838,39,0,3
47,839,25,0,3
49,839,27,0,3
60,839,82,3,0
61,839,39,0,3
49,840,27,0,3
60,840,82,3,0
49,841,27,0,3
49,842,27,0,3
60,842,82,3,0
49,843,27,0,3
58,843,80,3,0
60,843,82,3,0
49,844,27,0,3
57,844,79,3,0
58,844,80,3,0
60,844,82,3,0
49,845,27,0,3
53,845,75,3,0
56,845,34,0,3
57,845,79,3,0
58,845,80,3,0
60,845,82,3,0
49,846,27,0,3
53,846,75,3,0
55,846,33,0,3
56,846,34,0,3
57,846,79,3,0
58,846,80,3,0
60,846,82,3,0
49,847,27,0,3
53,847,75,3,0
55,847,33,0,3
56,847,34,0,3
57,847,79,3,0
58,847,80,3,0
60,847,82,3,0
49,848,27,0,3
56,848,34,0,3
57,848,79,3,0
58,848,80,3,0
60,848,82,3,0
49,849,27,0,3
57,849,79,3,0
58,849,80,3,0
60,849,82,3,0
49,850,27,0,3
58,850,80,3,0
60,850,82,3,0
60,851,82,3,0
60,852,82,3,0
49,853,27,0,3
60,853,82,3,0
61,853,39,0,3
47,854,25,0,3
49,854,27,0,3
60,854,82,3,0
61,854,39,0,3
47,855,25,0,3
49,855,27,0,3
60,855,82,3,0
61,855,39,0,3
63,855,85,3,0
47,856,25,0,3
49,856,27,0,3
60,856,82,3,0
61,856,39,0,3
63,856,85,3,0
64,856,86,3,0
44,857,22,0,2
47,857,25,0,3
49,857,27,0,3
60,857,82,3,0
61,857,39,0,3
63,857,85,3,0
64,857,86,3,0
65,857,43,0,3
69,858,47,0,3
71,858,49,0,3
82,858,104,3,0
83,858,61,0,3
85,858,107,3,0
86,858,108,3,0
69,859,47,0,3
71,859,49,0,3
82,859,104,3,0
83,859,61,0,3
85,859,107,3,0
69,860,47,0,3
71,860,49,0,3
82,860,104,3,0
83,860,61,0,3
69,861,47,0,3
71,861,49,0,3
82,861,104,3,0
83,861,61,0,3
71,862,49,0,3
82,862,104,3,0
71,863,49,0,3
82,863,104,3,0
71,864,49,0,3
81,864,59,0,3
82,864,104,3,0
71,865,49,0,3
73,865,51,0,3
80,865,102,3,0
81,865,59,0,3
82,865,104,3,0
71,866,49,0,3
73,866,51,0,3
79,866,101,3,0
80,866,102,3,0
81,866,59,0,3
82,866,104,3,0
71,867,49,0,3
73,867,51,0,3
75,867,97,3,0
78,867,56,0,3
79,867,101,3,0
80,867,102,3,0
81,867,59,0,3
82,867,104,3,0
71,868,49,0,3
73,868,51,0,3
75,868,97,3,0
77,868,55,0,3
78,868,56,0,3
79,868,101,3,0
80,868,102,3,0
81,868,59,0,3
82,868,104,3,0
71,869,49,0,3
73,869,51,0,3
75,869,97,3,0
77,869,55,0,3
78,869,56,0,3
79,869,101,3,0
80,869,102,3,0
81,869,59,0,3
82,869,104,3,0
71,870,49,0,3
73,870,51,0,3
78,870,56,0,3
79,870,101,3,0
80,870,102,3,0
81,870,59,0,3
82,870,104,3,0
71,871,49,0,3
73,871,51,0,3
79,871,101,3,0
80,871,102,3,0
81,871,59,0,3
82,871,104,3,0
71,872,49,0,3
80,872,102,3,0
81,872,59,0,3
82,872,104,3,0
71,873,49,0,3
81,873,59,0,3
82,873,104,3,0
82,874,104,3,0
71,875,49,0,3
82,875,104,3,0
83,875,61,0,3
69,876,47,0,3
71,876,49,0,3
82,876,104,3,0
83,876,61,0,3
69,877,47,0,3
71,877,49,0,3
82,877,104,3,0
83,877,61,0,3
85,877,107,3,0
69,878,47,0,3
71,878,49,0,3
82,878,104,3,0
83,878,61,0,3
85,878,107,3,0
86,878,108,3,0
69,879,47,0,3
71,879,49,0,3
82,879,104,3,0
83,879,61,0,3
85,879,107,3,0
86,879,108,3,0
91,880,69,0,3
104,880,126,3,0
105,880,83,0,3
107,880,129,3,0
108,880,130,3,0
91,881,69,0,3
104,881,126,3,0
105,881,83,0,3
107,881,129,3,0
91,882,69,0,3
104,882,126,3,0
105,882,83,0,3
91,883,69,0,3
104,883,126,3,0
105,883,83,0,3
104,884,126,3,0
103,886,81,0,3
104,886,126,3,0
95,887,73,0,3
102,887,124,3,0
103,887,81,0,3
104,887,126,3,0
95,888,73,0,3
101,888,123,3,0
102,888,124,3,0
103,888,81,0,3
104,888,126,3,0
95,889,73,0,3
97,889,119,3,0
100,889,78,0,3
101,889,123,3,0
102,889,124,3,0
103,889,81,0,3
104,889,126,3,0
95,890,73,0,3
97,890,119,3,0
98,890,120,3,0
99,890,77,0,3
100,890,78,0,3
101,890,123,3,0
102,890,124,3,0
103,890,81,0,3
104,890,126,3,0
95,891,73,0,3
97,891,119,3,0
99,891,77,0,3
100,891,78,0,3
101,891,123,3,0
102,891,124,3,0
103,891,81,0,3
104,891,126,3,0
95,892,73,0,3
100,892,78,0,3
101,892,123,3,0
102,892,124,3,0
103,892,81,0,3
104,892,126,3,0
95,893,73,0,3
101,893,123,3,0
102,893,124,3,0
103,893,81,0,3
104,893,126,3,0
102,894,124,3,0
103,894,81,0,3
104,894,126,3,0
103,895,81,0,3
104,895,126,3,0
104,896,126,3,0
104,897,126,3,0
105,897,83,0,3
91,898,69,0,3
104,898,126,3,0
105,898,83,0,3
91,899,69,0,3
104,899,126,3,0
105,899,83,0,3
107,899,129,3,0
91,900,69,0,3
104,900,126,3,0
105,900,83,0,3
107,900,129,3,0
108,900,130,3,0
91,901,69,0,3
104,901,126,3,0
105,901,83,0,3
107,901,129,3,0
108,901,130,3,0
110,902,88,0,2
112,902,134,3,0
113,902,91,0,3
126,902,148,3,0
127,902,105,0,3
129,902,151,3,0
130,902,152,3,0
112,903,134,3,0
113,903,91,0,3
126,903,148,3,0
127,903,105,0,3
129,903,151,3,0
112,904,134,3,0
113,904,91,0,3
126,904,148,3,0
127,904,105,0,3
113,905,91,0,3
126,905,148,3,0
127,905,105,0,3
126,906,148,3,0
126,907,148,3,0
125,908,103,0,3
126,908,148,3,0
124,909,146,3,0
125,909,103,0,3
126,909,148,3,0
123,910,145,3,0
124,910,146,3,0
125,910,103,0,3
126,910,148,3,0
119,911,141,3,0
122,911,100,0,3
123,911,145,3,0
124,911,146,3,0
125,911,103,0,3
126,911,148,3,0
119,912,141,3,0
120,912,142,3,0
121,912,99,0,3
122,912,100,0,3
123,912,145,3,0
124,912,146,3,0
125,912,103,0,3
126,912,148,3,0
119,913,141,3,0
121,913,99,0,3
122,913,100,0,3
123,913,145,3,0
124,913,146,3,0
125,913,103,0,3
126,913,148,3,0
122,914,100,0,3
123,914,145,3,0
124,914,146,3,0
125,914,103,0,3
126,914,148,3,0
123,915,145,3,0
124,915,146,3,0
125,915,103,0,3
126,915,148,3,0
124,916,146,3,0
125,916,103,0,3
126,916,148,3,0
125,917,103,0,3
126,917,148,3,0
126,918,148,3,0
126,919,148,3,0
127,919,105,0,3
113,920,91,0,3
126,920,148,3,0
127,920,105,0,3
112,921,134,3,0
113,921,91,0,3
126,921,148,3,0
127,921,105,0,3
129,921,151,3,0
112,922,134,3,0
113,922,91,0,3
126,922,148,3,0
127,922,105,0,3
129,922,151,3,0
130,922,152,3,0
110,923,88,0,2
112,923,134,3,0
113,923,91,0,3
126,923,148,3,0
127,923,105,0,3
129,923,151,3,0
130,923,152,3,0
132,924,110,0,2
133,924,111,0,3
134,924,156,3,0
135,924,113,0,3
137,924,115,0,3
148,924,170,3,0
133,925,111,0,3
134,925,156,3,0
135,925,113,0,3
137,925,115,0,3
148,925,170,3,0
134,926,156,3,0
135,926,113,0,3
137,926,115,0,3
148,926,170,3,0
135,927,113,0,3
137,927,115,0,3
148,927,170,3,0
137,928,115,0,3
148,928,170,3,0
137,929,115,0,3
137,930,115,0,3
147,930,125,0,3
148,930,170,3,0
137,931,115,0,3
146,931,168,3,0
147,931,125,0,3
148,931,170,3,0
137,932,115,0,3
145,932,167,3,0
146,932,168,3,0
147,932,125,0,3
148,932,170,3,0
137,933,115,0,3
141,933,163,3,0
144,933,122,0,3
145,933,167,3,0
146,933,168,3,0
147,933,125,0,3
148,933,170,3,0
137,934,115,0,3
141,934,163,3,0
142,934,164,3,0
143,934,121,0,3
144,934,122,0,3
145,934,167,3,0
146,934,168,3,0
147,934,125,0,3
148,934,170,3,0
137,935,115,0,3
141,935,163,3,0
143,935,121,0,3
144,935,122,0,3
145,935,167,3,0
146,935,168,3,0
147,935,125,0,3
148,935,170,3,0
137,936,115,0,3
144,936,122,0,3
145,936,167,3,0
146,936,168,3,0
147,936,125,0,3
148,936,170,3,0
137,937,115,0,3
145,937,167,3,0
146,937,168,3,0
147,937,125,0,3
148,937,170,3,0
137,938,115,0,3
146,938,168,3,0
147,938,125,0,3
148,938,170,3,0
147,939,125,0,3
148,939,170,3,0
148,940,170,3,0
137,941,115,0,3
148,941,170,3,0
135,942,113,0,3
137,942,115,0,3
148,942,170,3,0
134,943,156,3,0
135,943,113,0,3
137,943,115,0,3
148,943,170,3,0
133,944,111,0,3
134,944,156,3,0
135,944,113,0,3
137,944,115,0,3
148,944,170,3,0
132,945,110,0,2
133,945,111,0,3
134,945,156,3,0
135,945,113,0,3
137,945,115,0,3
148,945,170,3,0
154,946,132,0,2
155,946,133,0,3
156,946,178,3,0
157,946,135,0,3
170,946,192,3,0
155,947,133,0,3
156,947,178,3,0
157,947,135,0,3
170,947,192,3,0
156,948,178,3,0
157,948,135,0,3
170,948,192,3,0
157,949,135,0,3
170,949,192,3,0
170,950,192,3,0
170,951,192,3,0
169,952,147,0,3
170,952,192,3,0
168,953,190,3,0
169,953,147,0,3
170,953,192,3,0
167,954,189,3,0
168,954,190,3,0
169,954,147,0,3
170,954,192,3,0
163,955,185,3,0
166,955,144,0,3
167,955,189,3,0
168,955,190,3,0
169,955,147,0,3
170,955,192,3,0
163,956,185,3,0
164,956,186,3,0
165,956,143,0,3
166,956,144,0,3
167,956,189,3,0
168,956,190,3,0
169,956,147,0,3
170,956,192,3,0
163,957,185,3,0
165,957,143,0,3
166,957,144,0,3
167,957,189,3,0
168,957,190,3,0
169,957,147,0,3
170,957,192,3,0
166,958,144,0,3
167,958,189,3,0
168,958,190,3,0
169,958,147,0,3
170,958,192,3,0
167,959,189,3,0
168,959,190,3,0
169,959,147,0,3
170,959,192,3,0
168,960,190,3,0
169,960,147,0,3
170,960,192,3,0
169,961,147,0,3
170,961,192,3,0
170,962,192,3,0
170,963,192,3,0
157,964,135,0,3
170,964,192,3,0
156,965,178,3,0
157,965,135,0,3
170,965,192,3,0
155,966,133,0,3
156,966,178,3,0
157,966,135,0,3
170,966,192,3,0
154,967,132,0,2
155,967,133,0,3
156,967,178,3,0
157,967,135,0,3
170,967,192,3,0
176,968,154,0,2
177,968,155,0,3
179,968,157,0,3
177,969,155,0,3
179,969,157,0,3
179,970,157,0,3
179,971,157,0,3
191,974,169,0,3
183,975,161,0,3
190,975,212,3,0
191,975,169,0,3
183,976,161,0,3
189,976,211,3,0
190,976,212,3,0
191,976,169,0,3
183,977,161,0,3
185,977,207,3,0
188,977,166,0,3
189,977,211,3,0
190,977,212,3,0
191,977,169,0,3
183,978,161,0,3
185,978,207,3,0
186,978,208,3,0
188,978,166,0,3
189,978,211,3,0
190,978,212,3,0
191,978,169,0,3
183,979,161,0,3
185,979,207,3,0
188,979,166,0,3
189,979,211,3,0
190,979,212,3,0
191,979,169,0,3
183,980,161,0,3
188,980,166,0,3
189,980,211,3,0
190,980,212,3,0
191,980,169,0,3
183,981,161,0,3
189,981,211,3,0
190,981,212,3,0
191,981,169,0,3
190,982,212,3,0
191,982,169,0,3
191,983,169,0,3
179,986,157,0,3
179,987,157,0,3
177,988,155,0,3
179,988,157,0,3
176,989,154,0,2
177,989,155,0,3
179,989,157,0,3
198,990,176,0,2
199,990,177,0,3
201,990,179,0,3
218,990,196,0,3
199,991,177,0,3
201,991,179,0,3
201,992,179,0,3
201,993,179,0,3
213,996,191,0,3
213,997,191,0,3
211,998,233,3,0
213,998,191,0,3
207,999,229,3,0
211,999,233,3,0
213,999,191,0,3
207,1000,229,3,0
208,1000,230,3,0
211,1000,233,3,0
213,1000,191,0,3
207,1001,229,3,0
211,1001,233,3,0
213,1001,191,0,3
211,1002,233,3,0
213,1002,191,0,3
211,1003,233,3,0
213,1003,191,0,3
213,1004,191,0,3
213,1005,191,0,3
201,1008,179,0,3
201,1009,179,0,3
199,1010,177,0,3
201,1010,179,0,3
218,1010,196,0,3
198,1011,176,0,2
199,1011,177,0,3
201,1011,179,0,3
218,1011,196,0,3
220,1012,198,0,2
221,1012,199,0,3
223,1012,201,0,3
240,1012,218,0,3
221,1013,199,0,3
223,1013,201,0,3
223,1014,201,0,3
223,1015,201,0,3
235,1018,213,0,3
235,1019,213,0,3
233,1020,255,3,0
235,1020,213,0,3
229,1021,251,3,0
233,1021,255,3,0
235,1021,213,0,3
229,1022,251,3,0
230,1022,252,3,0
233,1022,255,3,0
235,1022,213,0,3
229,1023,251,3,0
233,1023,255,3,0
235,1023,213,0,3
233,1024,255,3,0
235,1024,213,0,3
233,1025,255,3,0
235,1025,213,0,3
235,1026,213,0,3
235,1027,213,0,3
223,1030,201,0,3
223,1031,201,0,3
221,1032,199,0,3
223,1032,201,0,3
240,1032,218,0,3
220,1033,198,0,2
221,1033,199,0,3
223,1033,201,0,3
240,1033,218,0,3
242,1034,220,0,2
243,1034,221,0,3
245,1034,223,0,3
243,1035,221,0,3
245,1035,223,0,3
245,1036,223,0,3
245,1037,223,0,3
248,1040,270,3,0
257,1040,235,0,3
248,1041,270,3,0
257,1041,235,0,3
248,1042,270,3,0
250,1042,272,3,0
255,1042,277,3,0
257,1042,235,0,3
248,1043,270,3,0
250,1043,272,3,0
255,1043,277,3,0
257,1043,235,0,3
248,1044,270,3,0
250,1044,272,3,0
252,1044,274,3,0
255,1044,277,3,0
257,1044,235,0,3
248,1045,270,3,0
250,1045,272,3,0
255,1045,277,3,0
257,1045,235,0,3
248,1046,270,3,0
250,1046,272,3,0
255,1046,277,3,0
257,1046,235,0,3
248,1047,270,3,0
255,1047,277,3,0
257,1047,235,0,3
248,1048,270,3,0
257,1048,235,0,3
257,1049,235,0,3
245,1052,223,0,3
245,1053,223,0,3
243,1054,221,0,3
245,1054,223,0,3
242,1055,220,0,2
243,1055,221,0,3
245,1055,223,0,3
264,1056,242,0,2
265,1056,243,0,3
267,1056,245,0,3
281,1056,303,3,0
283,1056,305,3,0
284,1056,306,3,0
265,1057,243,0,3
267,1057,245,0,3
281,1057,303,3,0
283,1057,305,3,0
267,1058,245,0,3
281,1058,303,3,0
267,1059,245,0,3
281,1059,303,3,0
270,1062,292,3,0
279,1062,257,0,3
270,1063,292,3,0
279,1063,257,0,3
270,1064,292,3,0
277,1064,299,3,0
279,1064,257,0,3
270,1065,292,3,0
277,1065,299,3,0
279,1065,257,0,3
270,1066,292,3,0
274,1066,296,3,0
277,1066,299,3,0
279,1066,257,0,3
270,1067,292,3,0
277,1067,299,3,0
279,1067,257,0,3
270,1068,292,3,0
277,1068,299,3,0
279,1068,257,0,3
270,1069,292,3,0
277,1069,299,3,0
279,1069,257,0,3
270,1070,292,3,0
279,1070,257,0,3
279,1071,257,0,3
281,1073,303,3,0
267,1074,245,0,3
281,1074,303,3,0
267,1075,245,0,3
281,1075,303,3,0
283,1075,305,3,0
265,1076,243,0,3
267,1076,245,0,3
281,1076,303,3,0
283,1076,305,3,0
284,1076,306,3,0
264,1077,242,0,2
265,1077,243,0,3
267,1077,245,0,3
281,1077,303,3,0
283,1077,305,3,0
284,1077,306,3,0
286,1078,264,0,2
287,1078,265,0,3
289,1078,267,0,3
303,1078,325,3,0
305,1078,327,3,0
287,1079,265,0,3
289,1079,267,0,3
303,1079,325,3,0
305,1079,327,3,0
289,1080,267,0,3
303,1080,325,3,0
289,1081,267,0,3
303,1081,325,3,0
301,1084,279,0,3
301,1085,279,0,3
299,1086,321,3,0
301,1086,279,0,3
299,1087,321,3,0
301,1087,279,0,3
296,1088,318,3,0
299,1088,321,3,0
301,1088,279,0,3
299,1089,321,3,0
301,1089,279,0,3
299,1090,321,3,0
301,1090,279,0,3
299,1091,321,3,0
301,1091,279,0,3
301,1092,279,0,3
301,1093,279,0,3
303,1095,325,3,0
289,1096,267,0,3
303,1096,325,3,0
289,1097,267,0,3
303,1097,325,3,0
305,1097,327,3,0
287,1098,265,0,3
289,1098,267,0,3
303,1098,325,3,0
305,1098,327,3,0
286,1099,264,0,2
287,1099,265,0,3
289,1099,267,0,3
303,1099,325,3,0
305,1099,327,3,0
309,1100,287,0,3
311,1100,289,0,3
325,1100,347,3,0
327,1100,349,3,0
309,1101,287,0,3
311,1101,289,0,3
325,1101,347,3,0
327,1101,349,3,0
311,1102,289,0,3
325,1102,347,3,0
311,1103,289,0,3
325,1103,347,3,0
323,1106,301,0,3
323,1107,301,0,3
321,1108,343,3,0
323,1108,301,0,3
321,1109,343,3,0
323,1109,301,0,3
318,1110,340,3,0
321,1110,343,3,0
323,1110,301,0,3
321,1111,343,3,0
323,1111,301,0,3
321,1112,343,3,0
323,1112,301,0,3
321,1113,343,3,0
323,1113,301,0,3
323,1114,301,0,3
323,1115,301,0,3
325,1117,347,3,0
311,1118,289,0,3
325,1118,347,3,0
311,1119,289,0,3
325,1119,347,3,0
327,1119,349,3,0
309,1120,287,0,3
311,1120,289,0,3
325,1120,347,3,0
327,1120,349,3,0
309,1121,287,0,3
311,1121,289,0,3
325,1121,347,3,0
327,1121,349,3,0
331,1122,309,0,3
333,1122,311,0,3
335,1122,357,3,0
347,1122,369,3,0
349,1122,371,3,0
331,1123,309,0,3
333,1123,311,0,3
335,1123,357,3,0
347,1123,369,3,0
349,1123,371,3,0
333,1124,311,0,3
335,1124,357,3,0
347,1124,369,3,0
333,1125,311,0,3
335,1125,357,3,0
347,1125,369,3,0
335,1126,357,3,0
335,1127,357,3,0
335,1128,357,3,0
345,1128,323,0,3
335,1129,357,3,0
345,1129,323,0,3
335,1130,357,3,0
345,1130,323,0,3
335,1131,357,3,0
345,1131,323,0,3
335,1132,357,3,0
340,1132,362,3,0
345,1132,323,0,3
335,1133,357,3,0
345,1133,323,0,3
335,1134,357,3,0
345,1134,323,0,3
335,1135,357,3,0
345,1135,323,0,3
335,1136,357,3,0
345,1136,323,0,3
335,1137,357,3,0
345,1137,323,0,3
335,1139,357,3,0
347,1139,369,3,0
333,1140,311,0,3
335,1140,357,3,0
347,1140,369,3,0
333,1141,311,0,3
335,1141,357,3,0
347,1141,369,3,0
349,1141,371,3,0
331,1142,309,0,3
333,1142,311,0,3
335,1142,357,3,0
347,1142,369,3,0
349,1142,371,3,0
331,1143,309,0,3
333,1143,311,0,3
335,1143,357,3,0
347,1143,369,3,0
349,1143,371,3,0
353,1144,331,0,3
355,1144,333,0,3
357,1144,379,3,0
369,1144,391,3,0
371,1144,393,3,0
372,1144,350,0,3
353,1145,331,0,3
355,1145,333,0,3
357,1145,379,3,0
369,1145,391,3,0
371,1145,393,3,0
355,1146,333,0,3
357,1146,379,3,0
369,1146,391,3,0
355,1147,333,0,3
357,1147,379,3,0
369,1147,391,3,0
357,1148,379,3,0
357,1149,379,3,0
357,1150,379,3,0
367,1150,345,0,3
357,1151,379,3,0
367,1151,345,0,3
357,1152,379,3,0
367,1152,345,0,3
357,1153,379,3,0
361,1153,383,3,0
367,1153,345,0,3
357,1154,379,3,0
361,1154,383,3,0
362,1154,384,3,0
367,1154,345,0,3
357,1155,379,3,0
361,1155,383,3,0
367,1155,345,0,3
357,1156,379,3,0
367,1156,345,0,3
357,1157,379,3,0
367,1157,345,0,3
357,1158,379,3,0
367,1158,345,0,3
367,1159,345,0,3
357,1161,379,3,0
369,1161,391,3,0
355,1162,333,0,3
357,1162,379,3,0
369,1162,391,3,0
355,1163,333,0,3
357,1163,379,3,0
369,1163,391,3,0
371,1163,393,3,0
353,1164,331,0,3
355,1164,333,0,3
357,1164,379,3,0
369,1164,391,3,0
371,1164,393,3,0
372,1164,350,0,3
353,1165,331,0,3
355,1165,333,0,3
357,1165,379,3,0
369,1165,391,3,0
371,1165,393,3,0
372,1165,350,0,3
375,1166,353,0,3
377,1166,355,0,3
379,1166,401,3,0
391,1166,413,3,0
393,1166,415,3,0
394,1166,372,0,3
375,1167,353,0,3
377,1167,355,0,3
379,1167,401,3,0
391,1167,413,3,0
393,1167,415,3,0
377,1168,355,0,3
379,1168,401,3,0
391,1168,413,3,0
377,1169,355,0,3
379,1169,401,3,0
391,1169,413,3,0
379,1170,401,3,0
379,1171,401,3,0
379,1172,401,3,0
389,1172,367,0,3
379,1173,401,3,0
389,1173,367,0,3
379,1174,401,3,0
389,1174,367,0,3
379,1175,401,3,0
383,1175,405,3,0
389,1175,367,0,3
379,1176,401,3,0
383,1176,405,3,0
389,1176,367,0,3
379,1177,401,3,0
383,1177,405,3,0
389,1177,367,0,3
379,1178,401,3,0
389,1178,367,0,3
379,1179,401,3,0
389,1179,367,0,3
379,1180,401,3,0
389,1180,367,0,3
379,1181,401,3,0
389,1181,367,0,3
379,1183,401,3,0
391,1183,413,3,0
377,1184,355,0,3
379,1184,401,3,0
391,1184,413,3,0
377,1185,355,0,3
379,1185,401,3,0
391,1185,413,3,0
393,1185,415,3,0
375,1186,353,0,3
377,1186,355,0,3
379,1186,401,3,0
391,1186,413,3,0
393,1186,415,3,0
394,1186,372,0,3
375,1187,353,0,3
377,1187,355,0,3
379,1187,401,3,0
391,1187,413,3,0
393,1187,415,3,0
394,1187,372,0,3
397,1188,375,0,3
399,1188,377,0,3
401,1188,423,3,0
413,1188,435,3,0
416,1188,394,0,3
397,1189,375,0,3
399,1189,377,0,3
401,1189,423,3,0
413,1189,435,3,0
399,1190,377,0,3
401,1190,423,3,0
413,1190,435,3,0
399,1191,377,0,3
401,1191,423,3,0
413,1191,435,3,0
401,1192,423,3,0
401,1193,423,3,0
401,1194,423,3,0
411,1194,389,0,3
401,1195,423,3,0
411,1195,389,0,3
401,1196,423,3,0
411,1196,389,0,3
401,1197,423,3,0
405,1197,427,3,0
411,1197,389,0,3
401,1198,423,3,0
405,1198,427,3,0
406,1198,428,3,0
411,1198,389,0,3
401,1199,423,3,0
405,1199,427,3,0
411,1199,389,0,3
401,1200,423,3,0
411,1200,389,0,3
401,1201,423,3,0
411,1201,389,0,3
401,1202,423,3,0
411,1202,389,0,3
411,1203,389,0,3
401,1205,423,3,0
413,1205,435,3,0
399,1206,377,0,3
401,1206,423,3,0
413,1206,435,3,0
399,1207,377,0,3
401,1207,423,3,0
413,1207,435,3,0
397,1208,375,0,3
399,1208,377,0,3
401,1208,423,3,0
413,1208,435,3,0
416,1208,394,0,3
397,1209,375,0,3
399,1209,377,0,3
401,1209,423,3,0
413,1209,435,3,0
416,1209,394,0,3
419,1210,397,0,3
421,1210,399,0,3
423,1210,445,3,0
435,1210,457,3,0
438,1210,416,0,3
419,1211,397,0,3
421,1211,399,0,3
423,1211,445,3,0
435,1211,457,3,0
421,1212,399,0,3
423,1212,445,3,0
435,1212,457,3,0
421,1213,399,0,3
423,1213,445,3,0
435,1213,457,3,0
423,1214,445,3,0
423,1215,445,3,0
423,1216,445,3,0
433,1216,411,0,3
423,1217,445,3,0
433,1217,411,0,3
423,1218,445,3,0
433,1218,411,0,3
423,1219,445,3,0
427,1219,449,3,0
433,1219,411,0,3
423,1220,445,3,0
427,1220,449,3,0
428,1220,450,3,0
433,1220,411,0,3
423,1221,445,3,0
427,1221,449,3,0
433,1221,411,0,3
423,1222,445,3,0
433,1222,411,0,3
423,1223,445,3,0
433,1223,411,0,3
423,1224,445,3,0
433,1224,411,0,3
423,1225,445,3,0
433,1225,411,0,3
423,1227,445,3,0
435,1227,457,3,0
421,1228,399,0,3
423,1228,445,3,0
435,1228,457,3,0
421,1229,399,0,3
423,1229,445,3,0
435,1229,457,3,0
419,1230,397,0,3
421,1230,399,0,3
423,1230,445,3,0
435,1230,457,3,0
438,1230,416,0,3
419,1231,397,0,3
421,1231,399,0,3
423,1231,445,3,0
435,1231,457,3,0
438,1231,416,0,3
441,1232,419,0,3
443,1232,421,0,3
445,1232,467,3,0
457,1232,479,3,0
460,1232,438,0,3
441,1233,419,0,3
443,1233,421,0,3
445,1233,467,3,0
457,1233,479,3,0
443,1234,421,0,3
445,1234,467,3,0
457,1234,479,3,0
443,1235,421,0,3
445,1235,467,3,0
457,1235,479,3,0
445,1236,467,3,0
445,1237,467,3,0
445,1238,467,3,0
455,1238,433,0,3
445,1239,467,3,0
455,1239,433,0,3
445,1240,467,3,0
455,1240,433,0,3
445,1241,467,3,0
455,1241,433,0,3
445,1242,467,3,0
450,1242,472,3,0
455,1242,433,0,3
445,1243,467,3,0
455,1243,433,0,3
445,1244,467,3,0
455,1244,433,0,3
445,1245,467,3,0
455,1245,433,0,3
445,1246,467,3,0
455,1246,433,0,3
455,1247,433,0,3
445,1249,467,3,0
457,1249,479,3,0
443,1250,421,0,3
445,1250,467,3,0
457,1250,479,3,0
443,1251,421,0,3
445,1251,467,3,0
457,1251,479,3,0
441,1252,419,0,3
443,1252,421,0,3
445,1252,467,3,0
457,1252,479,3,0
460,1252,438,0,3
441,1253,419,0,3
443,1253,421,0,3
445,1253,467,3,0
457,1253,479,3,0
460,1253,438,0,3
463,1254,441,0,3
465,1254,443,0,3
467,1254,489,3,0
479,1254,501,3,0
482,1254,460,0,3
463,1255,441,0,3
465,1255,443,0,3
467,1255,489,3,0
479,1255,501,3,0
465,1256,443,0,3
467,1256,489,3,0
479,1256,501,3,0
465,1257,443,0,3
467,1257,489,3,0
479,1257,501,3,0
467,1258,489,3,0
467,1259,489,3,0
467,1260,489,3,0
477,1260,455,0,3
467,1261,489,3,0
476,1261,454,0,3
477,1261,455,0,3
467,1262,489,3,0
476,1262,454,0,3
477,1262,455,0,3
467,1263,489,3,0
476,1263,454,0,3
477,1263,455,0,3
467,1264,489,3,0
472,1264,494,3,0
476,1264,454,0,3
477,1264,455,0,3
467,1265,489,3,0
476,1265,454,0,3
477,1265,455,0,3
467,1266,489,3,0
476,1266,454,0,3
477,1266,455,0,3
467,1267,489,3,0
476,1267,454,0,3
477,1267,455,0,3
467,1268,489,3,0
476,1268,454,0,3
477,1268,455,0,3
467,1269,489,3,0
477,1269,455,0,3
467,1271,489,3,0
479,1271,501,3,0
465,1272,443,0,3
467,1272,489,3,0
479,1272,501,3,0
465,1273,443,0,3
467,1273,489,3,0
479,1273,501,3,0
463,1274,441,0,3
465,1274,443,0,3
467,1274,489,3,0
479,1274,501,3,0
482,1274,460,0,3
463,1275,441,0,3
465,1275,443,0,3
467,1275,489,3,0
479,1275,501,3,0
482,1275,460,0,3
487,1276,465,0,3
489,1276,511,3,0
501,1276,523,3,0
504,1276,482,0,3
487,1277,465,0,3
489,1277,511,3,0
501,1277,523,3,0
487,1278,465,0,3
489,1278,511,3,0
501,1278,523,3,0
487,1279,465,0,3
489,1279,511,3,0
501,1279,523,3,0
489,1280,511,3,0
489,1281,511,3,0
489,1282,511,3,0
499,1282,477,0,3
489,1283,511,3,0
499,1283,477,0,3
489,1284,511,3,0
499,1284,477,0,3
489,1285,511,3,0
499,1285,477,0,3
489,1286,511,3,0
494,1286,516,3,0
499,1286,477,0,3
489,1287,511,3,0
499,1287,477,0,3
489,1288,511,3,0
499,1288,477,0,3
489,1289,511,3,0
499,1289,477,0,3
489,1290,511,3,0
499,1290,477,0,3
499,1291,477,0,3
489,1293,511,3,0
501,1293,523,3,0
487,1294,465,0,3
489,1294,511,3,0
501,1294,523,3,0
487,1295,465,0,3
489,1295,511,3,0
501,1295,523,3,0
487,1296,465,0,3
489,1296,511,3,0
501,1296,523,3,0
504,1296,482,0,3
487,1297,465,0,3
489,1297,511,3,0
501,1297,523,3,0
504,1297,482,0,3
509,1298,487,0,3
511,1298,533,3,0
523,1298,545,3,0
526,1298,504,0,3
509,1299,487,0,3
511,1299,533,3,0
523,1299,545,3,0
509,1300,487,0,3
511,1300,533,3,0
523,1300,545,3,0
509,1301,487,0,3
511,1301,533,3,0
523,1301,545,3,0
511,1302,533,3,0
511,1303,533,3,0
511,1304,533,3,0
511,1305,533,3,0
511,1306,533,3,0
519,1306,497,0,3
511,1307,533,3,0
519,1307,497,0,3
511,1308,533,3,0
519,1308,497,0,3
511,1309,533,3,0
519,1309,497,0,3
511,1310,533,3,0
519,1310,497,0,3
511,1311,533,3,0
519,1311,497,0,3
511,1312,533,3,0
511,1313,533,3,0
511,1315,533,3,0
523,1315,545,3,0
509,1316,487,0,3
511,1316,533,3,0
523,1316,545,3,0
509,1317,487,0,3
511,1317,533,3,0
523,1317,545,3,0
509,1318,487,0,3
511,1318,533,3,0
523,1318,545,3,0
526,1318,504,0,3
509,1319,487,0,3
511,1319,533,3,0
523,1319,545,3,0
526,1319,504,0,3
531,1320,509,0,3
533,1320,555,3,0
545,1320,567,3,0
548,1320,526,0,3
531,1321,509,0,3
533,1321,555,3,0
545,1321,567,3,0
531,1322,509,0,3
533,1322,555,3,0
545,1322,567,3,0
531,1323,509,0,3
533,1323,555,3,0
545,1323,567,3,0
533,1324,555,3,0
533,1325,555,3,0
533,1326,555,3,0
533,1327,555,3,0
533,1328,555,3,0
541,1328,519,0,3
533,1329,555,3,0
541,1329,519,0,3
533,1330,555,3,0
541,1330,519,0,3
533,1331,555,3,0
541,1331,519,0,3
533,1332,555,3,0
541,1332,519,0,3
533,1333,555,3,0
541,1333,519,0,3
533,1334,555,3,0
533,1337,555,3,0
545,1337,567,3,0
531,1338,509,0,3
533,1338,555,3,0
545,1338,567,3,0
531,1339,509,0,3
533,1339,555,3,0
545,1339,567,3,0
531,1340,509,0,3
533,1340,555,3,0
545,1340,567,3,0
548,1340,526,0,3
531,1341,509,0,3
533,1341,555,3,0
545,1341,567,3,0
548,1341,526,0,3
553,1342,531,0,3
555,1342,577,3,0
567,1342,589,3,0
569,1342,591,3,0
553,1343,531,0,3
555,1343,577,3,0
567,1343,589,3,0
569,1343,591,3,0
553,1344,531,0,3
555,1344,577,3,0
567,1344,589,3,0
553,1345,531,0,3
555,1345,577,3,0
567,1345,589,3,0
555,1346,577,3,0
555,1347,577,3,0
555,1348,577,3,0
555,1349,577,3,0
555,1350,577,3,0
563,1350,541,0,3
555,1351,577,3,0
563,1351,541,0,3
555,1352,577,3,0
563,1352,541,0,3
555,1353,577,3,0
563,1353,541,0,3
555,1354,577,3,0
563,1354,541,0,3
555,1355,577,3,0
563,1355,541,0,3
555,1356,577,3,0
555,1357,577,3,0
555,1359,577,3,0
567,1359,589,3,0
553,1360,531,0,3
555,1360,577,3,0
567,1360,589,3,0
553,1361,531,0,3
555,1361,577,3,0
567,1361,589,3,0
569,1361,591,3,0
553,1362,531,0,3
555,1362,577,3,0
567,1362,589,3,0
569,1362,591,3,0
553,1363,531,0,3
555,1363,577,3,0
567,1363,589,3,0
569,1363,591,3,0
573,1364,595,3,0
574,1364,596,3,0
575,1364,553,0,3
577,1364,599,3,0
589,1364,611,3,0
591,1364,613,3,0
573,1365,595,3,0
574,1365,596,3,0
575,1365,553,0,3
577,1365,599,3,0
589,1365,611,3,0
591,1365,613,3,0
574,1366,596,3,0
575,1366,553,0,3
577,1366,599,3,0
589,1366,611,3,0
575,1367,553,0,3
577,1367,599,3,0
589,1367,611,3,0
577,1368,599,3,0
577,1369,599,3,0
577,1370,599,3,0
577,1371,599,3,0
577,1372,599,3,0
585,1372,563,0,3
577,1373,599,3,0
585,1373,563,0,3
577,1374,599,3,0
585,1374,563,0,3
577,1375,599,3,0
585,1375,563,0,3
577,1376,599,3,0
585,1376,563,0,3
577,1377,599,3,0
585,1377,563,0,3
577,1378,599,3,0
577,1381,599,3,0
589,1381,611,3,0
575,1382,553,0,3
577,1382,599,3,0
589,1382,611,3,0
574,1383,596,3,0
575,1383,553,0,3
577,1383,599,3,0
589,1383,611,3,0
591,1383,613,3,0
573,1384,595,3,0
574,1384,596,3,0
575,1384,553,0,3
577,1384,599,3,0
589,1384,611,3,0
591,1384,613,3,0
573,1385,595,3,0
574,1385,596,3,0
575,1385,553,0,3
577,1385,599,3,0
589,1385,611,3,0
591,1385,613,3,0
593,1385,615,3,0
596,1386,618,3,0
597,1386,575,0,3
599,1386,621,3,0
611,1386,633,3,0
596,1387,618,3,0
597,1387,575,0,3
599,1387,621,3,0
611,1387,633,3,0
596,1388,618,3,0
597,1388,575,0,3
599,1388,621,3,0
611,1388,633,3,0
597,1389,575,0,3
599,1389,621,3,0
611,1389,633,3,0
599,1390,621,3,0
599,1391,621,3,0
599,1392,621,3,0
600,1392,622,3,0
599,1393,621,3,0
600,1393,622,3,0
599,1394,621,3,0
600,1394,622,3,0
607,1394,585,0,3
599,1395,621,3,0
600,1395,622,3,0
607,1395,585,0,3
599,1396,621,3,0
600,1396,622,3,0
607,1396,585,0,3
599,1397,621,3,0
600,1397,622,3,0
607,1397,585,0,3
599,1398,621,3,0
600,1398,622,3,0
607,1398,585,0,3
599,1399,621,3,0
600,1399,622,3,0
607,1399,585,0,3
599,1400,621,3,0
600,1400,622,3,0
599,1401,621,3,0
599,1403,621,3,0
611,1403,633,3,0
597,1404,575,0,3
599,1404,621,3,0
611,1404,633,3,0
596,1405,618,3,0
597,1405,575,0,3
599,1405,621,3,0
611,1405,633,3,0
596,1406,618,3,0
597,1406,575,0,3
599,1406,621,3,0
611,1406,633,3,0
596,1407,618,3,0
597,1407,575,0,3
599,1407,621,3,0
611,1407,633,3,0
615,1407,637,3,0
617,1408,639,3,0
618,1408,640,3,0
619,1408,597,0,3
621,1408,643,3,0
633,1408,655,3,0
617,1409,639,3,0
618,1409,640,3,0
619,1409,597,0,3
621,1409,643,3,0
633,1409,655,3,0
618,1410,640,3,0
619,1410,597,0,3
621,1410,643,3,0
633,1410,655,3,0
619,1411,597,0,3
621,1411,643,3,0
633,1411,655,3,0
621,1412,643,3,0
621,1413,643,3,0
621,1414,643,3,0
622,1414,644,3,0
621,1415,643,3,0
622,1415,644,3,0
621,1416,643,3,0
622,1416,644,3,0
629,1416,607,0,3
621,1417,643,3,0
622,1417,644,3,0
629,1417,607,0,3
621,1418,643,3,0
622,1418,644,3,0
629,1418,607,0,3
621,1419,643,3,0
622,1419,644,3,0
629,1419,607,0,3
621,1420,643,3,0
622,1420,644,3,0
629,1420,607,0,3
621,1421,643,3,0
622,1421,644,3,0
629,1421,607,0,3
621,1422,643,3,0
622,1422,644,3,0
621,1425,643,3,0
633,1425,655,3,0
619,1426,597,0,3
621,1426,643,3,0
633,1426,655,3,0
618,1427,640,3,0
619,1427,597,0,3
621,1427,643,3,0
633,1427,655,3,0
617,1428,639,3,0
618,1428,640,3,0
619,1428,597,0,3
621,1428,643,3,0
633,1428,655,3,0
617,1429,639,3,0
618,1429,640,3,0
619,1429,597,0,3
621,1429,643,3,0
633,1429,655,3,0
637,1429,659,3,0
639,1430,661,3,0
640,1430,662,3,0
643,1430,665,3,0
655,1430,677,3,0
656,1430,678,3,0
639,1431,661,3,0
640,1431,662,3,0
643,1431,665,3,0
655,1431,677,3,0
656,1431,678,3,0
640,1432,662,3,0
643,1432,665,3,0
655,1432,677,3,0
656,1432,678,3,0
643,1433,665,3,0
655,1433,677,3,0
643,1434,665,3,0
643,1435,665,3,0
643,1436,665,3,0
643,1437,665,3,0
652,1437,630,0,3
643,1438,665,3,0
651,1438,629,0,3
652,1438,630,0,3
643,1439,665,3,0
651,1439,629,0,3
652,1439,630,0,3
643,1440,665,3,0
649,1440,671,3,0
651,1440,629,0,3
652,1440,630,0,3
643,1441,665,3,0
649,1441,671,3,0
651,1441,629,0,3
652,1441,630,0,3
643,1442,665,3,0
651,1442,629,0,3
652,1442,630,0,3
643,1443,665,3,0
651,1443,629,0,3
652,1443,630,0,3
643,1444,665,3,0
652,1444,630,0,3
643,1445,665,3,0
643,1447,665,3,0
655,1447,677,3,0
643,1448,665,3,0
655,1448,677,3,0
656,1448,678,3,0
640,1449,662,3,0
643,1449,665,3,0
655,1449,677,3,0
656,1449,678,3,0
639,1450,661,3,0
640,1450,662,3,0
643,1450,665,3,0
655,1450,677,3,0
656,1450,678,3,0
639,1451,661,3,0
640,1451,662,3,0
643,1451,665,3,0
655,1451,677,3,0
656,1451,678,3,0
659,1451,681,3,0
661,1452,683,3,0
662,1452,684,3,0
665,1452,687,3,0
677,1452,699,3,0
678,1452,700,3,0
679,1452,657,0,3
661,1453,683,3,0
662,1453,684,3,0
665,1453,687,3,0
677,1453,699,3,0
678,1453,700,3,0
679,1453,657,0,3
662,1454,684,3,0
665,1454,687,3,0
677,1454,699,3,0
678,1454,700,3,0
665,1455,687,3,0
677,1455,699,3,0
665,1456,687,3,0
665,1457,687,3,0
665,1458,687,3,0
665,1459,687,3,0
674,1459,652,0,3
665,1460,687,3,0
673,1460,651,0,3
674,1460,652,0,3
665,1461,687,3,0
673,1461,651,0,3
674,1461,652,0,3
665,1462,687,3,0
671,1462,693,3,0
673,1462,651,0,3
674,1462,652,0,3
665,1463,687,3,0
671,1463,693,3,0
673,1463,651,0,3
674,1463,652,0,3
665,1464,687,3,0
673,1464,651,0,3
674,1464,652,0,3
665,1465,687,3,0
673,1465,651,0,3
674,1465,652,0,3
665,1466,687,3,0
674,1466,652,0,3
665,1469,687,3,0
677,1469,699,3,0
665,1470,687,3,0
677,1470,699,3,0
678,1470,700,3,0
662,1471,684,3,0
665,1471,687,3,0
677,1471,699,3,0
678,1471,700,3,0
679,1471,657,0,3
661,1472,683,3,0
662,1472,684,3,0
665,1472,687,3,0
677,1472,699,3,0
678,1472,700,3,0
679,1472,657,0,3
661,1473,683,3,0
662,1473,684,3,0
665,1473,687,3,0
677,1473,699,3,0
678,1473,700,3,0
679,1473,657,0,3
681,1473,703,3,0
683,1474,705,3,0
684,1474,706,3,0
687,1474,709,3,0
699,1474,721,3,0
700,1474,722,3,0
683,1475,705,3,0
684,1475,706,3,0
687,1475,709,3,0
699,1475,721,3,0
700,1475,722,3,0
684,1476,706,3,0
687,1476,709,3,0
699,1476,721,3,0
700,1476,722,3,0
687,1477,709,3,0
699,1477,721,3,0
687,1478,709,3,0
687,1479,709,3,0
687,1480,709,3,0
687,1481,709,3,0
696,1481,674,0,3
687,1482,709,3,0
695,1482,673,0,3
696,1482,674,0,3
687,1483,709,3,0
695,1483,673,0,3
696,1483,674,0,3
687,1484,709,3,0
695,1484,673,0,3
696,1484,674,0,3
687,1485,709,3,0
695,1485,673,0,3
696,1485,674,0,3
687,1486,709,3,0
695,1486,673,0,3
696,1486,674,0,3
687,1487,709,3,0
695,1487,673,0,3
696,1487,674,0,3
687,1488,709,3,0
696,1488,674,0,3
687,1489,709,3,0
687,1491,709,3,0
699,1491,721,3,0
687,1492,709,3,0
699,1492,721,3,0
700,1492,722,3,0
684,1493,706,3,0
687,1493,709,3,0
699,1493,721,3,0
700,1493,722,3,0
683,1494,705,3,0
684,1494,706,3,0
687,1494,709,3,0
699,1494,721,3,0
700,1494,722,3,0
683,1495,705,3,0
684,1495,706,3,0
687,1495,709,3,0
699,1495,721,3,0
700,1495,722,3,0
703,1495,725,3,0
705,1496,727,3,0
706,1496,728,3,0
709,1496,731,3,0
721,1496,743,3,0
722,1496,744,3,0
705,1497,727,3,0
706,1497,728,3,0
709,1497,731,3,0
721,1497,743,3,0
722,1497,744,3,0
706,1498,728,3,0
709,1498,731,3,0
721,1498,743,3,0
722,1498,744,3,0
709,1499,731,3,0
721,1499,743,3,0
709,1500,731,3,0
709,1501,731,3,0
709,1502,731,3,0
709,1503,731,3,0
718,1503,696,0,3
709,1504,731,3,0
717,1504,695,0,3
718,1504,696,0,3
709,1505,731,3,0
717,1505,695,0,3
718,1505,696,0,3
709,1506,731,3,0
717,1506,695,0,3
718,1506,696,0,3
709,1507,731,3,0
717,1507,695,0,3
718,1507,696,0,3
709,1508,731,3,0
717,1508,695,0,3
718,1508,696,0,3
709,1509,731,3,0
717,1509,695,0,3
718,1509,696,0,3
709,1510,731,3,0
718,1510,696,0,3
709,1513,731,3,0
721,1513,743,3,0
709,1514,731,3,0
721,1514,743,3,0
722,1514,744,3,0
706,1515,728,3,0
709,1515,731,3,0
721,1515,743,3,0
722,1515,744,3,0
705,1516,727,3,0
706,1516,728,3,0
709,1516,731,3,0
721,1516,743,3,0
722,1516,744,3,0
705,1517,727,3,0
706,1517,728,3,0
709,1517,731,3,0
721,1517,743,3,0
722,1517,744,3,0
725,1517,747,3,0
726,1518,748,2,0
728,1518,750,3,0
729,1518,707,0,3
743,1518,765,3,0
745,1518,767,3,0
746,1518,724,0,3
728,1519,750,3,0
729,1519,707,0,3
743,1519,765,3,0
745,1519,767,3,0
728,1520,750,3,0
729,1520,707,0,3
743,1520,765,3,0
729,1521,707,0,3
743,1521,765,3,0
740,1525,718,0,3
734,1526,756,3,0
739,1526,717,0,3
740,1526,718,0,3
734,1527,756,3,0
735,1527,713,0,3
739,1527,717,0,3
740,1527,718,0,3
734,1528,756,3,0
735,1528,713,0,3
739,1528,717,0,3
740,1528,718,0,3
734,1529,756,3,0
735,1529,713,0,3
739,1529,717,0,3
740,1529,718,0,3
734,1530,756,3,0
739,1530,717,0,3
740,1530,718,0,3
739,1531,717,0,3
740,1531,718,0,3
740,1532,718,0,3
743,1535,765,3,0
729,1536,707,0,3
743,1536,765,3,0
728,1537,750,3,0
729,1537,707,0,3
743,1537,765,3,0
745,1537,767,3,0
728,1538,750,3,0
729,1538,707,0,3
743,1538,765,3,0
745,1538,767,3,0
746,1538,724,0,3
726,1539,748,2,0
728,1539,750,3,0
729,1539,707,0,3
743,1539,765,3,0
745,1539,767,3,0
746,1539,724,0,3
747,1539,769,3,0
749,1540,771,3,0
752,1540,774,3,0
764,1540,742,0,3
765,1540,787,3,0
767,1540,789,3,0
768,1540,746,0,3
749,1541,771,3,0
752,1541,774,3,0
764,1541,742,0,3
765,1541,787,3,0
767,1541,789,3,0
752,1542,774,3,0
764,1542,742,0,3
765,1542,787,3,0
752,1543,774,3,0
764,1543,742,0,3
765,1543,787,3,0
752,1544,774,3,0
764,1544,742,0,3
764,1546,742,0,3
762,1547,740,0,3
764,1547,742,0,3
756,1548,778,3,0
761,1548,739,0,3
762,1548,740,0,3
764,1548,742,0,3
756,1549,778,3,0
757,1549,735,0,3
761,1549,739,0,3
762,1549,740,0,3
764,1549,742,0,3
756,1550,778,3,0
757,1550,735,0,3
759,1550,737,0,3
761,1550,739,0,3
762,1550,740,0,3
764,1550,742,0,3
756,1551,778,3,0
757,1551,735,0,3
759,1551,737,0,3
761,1551,739,0,3
762,1551,740,0,3
764,1551,742,0,3
756,1552,778,3,0
761,1552,739,0,3
762,1552,740,0,3
764,1552,742,0,3
761,1553,739,0,3
762,1553,740,0,3
764,1553,742,0,3
762,1554,740,0,3
764,1554,742,0,3
764,1555,742,0,3
764,1556,742,0,3
752,1557,774,3,0
764,1557,742,0,3
765,1557,787,3,0
752,1558,774,3,0
764,1558,742,0,3
765,1558,787,3,0
752,1559,774,3,0
764,1559,742,0,3
765,1559,787,3,0
767,1559,789,3,0
749,1560,771,3,0
752,1560,774,3,0
764,1560,742,0,3
765,1560,787,3,0
767,1560,789,3,0
768,1560,746,0,3
749,1561,771,3,0
752,1561,774,3,0
764,1561,742,0,3
765,1561,787,3,0
767,1561,789,3,0
768,1561,746,0,3
769,1561,791,3,0
771,1562,793,3,0
774,1562,796,3,0
775,1562,797,3,0
786,1562,764,0,3
787,1562,809,3,0
790,1562,768,0,3
771,1563,793,3,0
774,1563,796,3,0
775,1563,797,3,0
786,1563,764,0,3
787,1563,809,3,0
774,1564,796,3,0
775,1564,797,3,0
786,1564,764,0,3
787,1564,809,3,0
774,1565,796,3,0
775,1565,797,3,0
786,1565,764,0,3
787,1565,809,3,0
774,1566,796,3,0
775,1566,797,3,0
786,1566,764,0,3
775,1567,797,3,0
786,1567,764,0,3
775,1568,797,3,0
776,1568,798,3,0
786,1568,764,0,3
775,1569,797,3,0
776,1569,798,3,0
784,1569,762,0,3
786,1569,764,0,3
775,1570,797,3,0
776,1570,798,3,0
783,1570,761,0,3
784,1570,762,0,3
786,1570,764,0,3
775,1571,797,3,0
776,1571,798,3,0
782,1571,804,3,0
783,1571,761,0,3
784,1571,762,0,3
786,1571,764,0,3
775,1572,797,3,0
776,1572,798,3,0
781,1572,759,0,3
782,1572,804,3,0
783,1572,761,0,3
784,1572,762,0,3
786,1572,764,0,3
775,1573,797,3,0
776,1573,798,3,0
781,1573,759,0,3
782,1573,804,3,0
783,1573,761,0,3
784,1573,762,0,3
786,1573,764,0,3
775,1574,797,3,0
776,1574,798,3,0
782,1574,804,3,0
783,1574,761,0,3
784,1574,762,0,3
786,1574,764,0,3
775,1575,797,3,0
776,1575,798,3,0
783,1575,761,0,3
784,1575,762,0,3
786,1575,764,0,3
775,1576,797,3,0
776,1576,798,3,0
784,1576,762,0,3
786,1576,764,0,3
775,1577,797,3,0
786,1577,764,0,3
786,1578,764,0,3
774,1579,796,3,0
775,1579,797,3,0
786,1579,764,0,3
787,1579,809,3,0
774,1580,796,3,0
775,1580,797,3,0
786,1580,764,0,3
787,1580,809,3,0
774,1581,796,3,0
775,1581,797,3,0
786,1581,764,0,3
787,1581,809,3,0
771,1582,793,3,0
774,1582,796,3,0
775,1582,797,3,0
786,1582,764,0,3
787,1582,809,3,0
790,1582,768,0,3
771,1583,793,3,0
774,1583,796,3,0
775,1583,797,3,0
786,1583,764,0,3
787,1583,809,3,0
790,1583,768,0,3
791,1583,813,3,0
1125,1584,1147,3,0
1127,1584,1105,0,3
1139,1584,1117,0,3
1141,1584,1119,0,3
119,1586,141,3,0
122,1586,100,0,3
123,1586,145,3,0
124,1586,146,3,0
125,1586,103,0,3
126,1586,148,3,0
511,1587,533,3,0
519,1587,497,0,3
335,1588,357,3,0
345,1588,323,0,3
1347,1589,1325,0,3
191,1590,169,0,3
1103,1591,1125,3,0
1117,1591,1095,0,3
1189,1592,1211,3,0
1191,1592,1213,3,0
1193,1592,1171,0,3
1205,1592,1183,0,3
1208,1592,1230,3,0
318,1593,340,3,0
321,1593,343,3,0
323,1593,301,0,3
924,1594,946,2,0
925,1594,947,3,0
926,1594,904,0,3
927,1594,949,3,0
929,1594,951,3,0
940,1594,918,0,3
49,1595,27,0,3
53,1595,75,3,0
55,1595,33,0,3
56,1595,34,0,3
57,1595,79,3,0
58,1595,80,3,0
60,1595,82,3,0
