792,0,814,2,0
795,0,817,3,0
796,0,818,3,0
797,0,819,3,0
809,0,831,3,0
811,0,789,0,3
812,0,834,3,0
813,0,791,0,3
795,1,817,3,0
796,1,818,3,0
797,1,819,3,0
809,1,831,3,0
811,1,789,0,3
812,1,834,3,0
795,2,817,3,0
796,2,818,3,0
797,2,819,3,0
809,2,831,3,0
811,2,789,0,3
795,3,817,3,0
796,3,818,3,0
797,3,819,3,0
809,3,831,3,0
796,4,818,3,0
797,4,819,3,0
809,4,831,3,0
797,5,819,3,0
797,6,819,3,0
798,6,820,3,0
797,7,819,3,0
798,7,820,3,0
807,7,829,3,0
797,8,819,3,0
798,8,820,3,0
807,8,829,3,0
797,9,819,3,0
798,9,820,3,0
801,9,779,0,3
805,9,827,3,0
807,9,829,3,0
797,10,819,3,0
798,10,820,3,0
801,10,779,0,3
802,10,824,3,0
805,10,827,3,0
807,10,829,3,0
797,11,819,3,0
798,11,820,3,0
801,11,779,0,3
802,11,824,3,0
805,11,827,3,0
807,11,829,3,0
797,12,819,3,0
798,12,820,3,0
801,12,779,0,3
805,12,827,3,0
807,12,829,3,0
797,13,819,3,0
798,13,820,3,0
805,13,827,3,0
807,13,829,3,0
797,14,819,3,0
798,14,820,3,0
807,14,829,3,0
797,15,819,3,0
807,15,829,3,0
797,17,819,3,0
809,17,831,3,0
796,18,818,3,0
797,18,819,3,0
809,18,831,3,0
795,19,817,3,0
796,19,818,3,0
797,19,819,3,0
809,19,831,3,0
811,19,789,0,3
795,20,817,3,0
796,20,818,3,0
797,20,819,3,0
809,20,831,3,0
811,20,789,0,3
812,20,834,3,0
795,21,817,3,0
796,21,818,3,0
797,21,819,3,0
809,21,831,3,0
811,21,789,0,3
812,21,834,3,0
813,21,791,0,3
814,22,836,2,0
817,22,839,3,0
818,22,840,3,0
831,22,853,3,0
833,22,811,0,3
834,22,856,3,0
835,22,813,0,3
817,23,839,3,0
818,23,840,3,0
831,23,853,3,0
833,23,811,0,3
834,23,856,3,0
817,24,839,3,0
818,24,840,3,0
831,24,853,3,0
833,24,811,0,3
817,25,839,3,0
818,25,840,3,0
831,25,853,3,0
818,26,840,3,0
831,26,853,3,0
820,28,842,3,0
820,29,842,3,0
829,29,851,3,0
820,30,842,3,0
829,30,851,3,0
820,31,842,3,0
823,31,801,0,3
829,31,851,3,0
820,32,842,3,0
823,32,801,0,3
824,32,846,3,0
829,32,851,3,0
820,33,842,3,0
823,33,801,0,3
824,33,846,3,0
829,33,851,3,0
820,34,842,3,0
823,34,801,0,3
829,34,851,3,0
820,35,842,3,0
829,35,851,3,0
820,36,842,3,0
829,36,851,3,0
820,37,842,3,0
829,37,851,3,0
831,39,853,3,0
818,40,840,3,0
831,40,853,3,0
817,41,839,3,0
818,41,840,3,0
831,41,853,3,0
833,41,811,0,3
817,42,839,3,0
818,42,840,3,0
831,42,853,3,0
833,42,811,0,3
834,42,856,3,0
817,43,839,3,0
818,43,840,3,0
831,43,853,3,0
833,43,811,0,3
834,43,856,3,0
835,43,813,0,3
836,44,858,2,0
840,44,862,3,0
853,44,875,3,0
855,44,833,0,3
856,44,878,3,0
857,44,835,0,3
840,45,862,3,0
853,45,875,3,0
855,45,833,0,3
856,45,878,3,0
840,46,862,3,0
853,46,875,3,0
855,46,833,0,3
840,47,862,3,0
853,47,875,3,0
840,48,862,3,0
853,48,875,3,0
842,50,864,3,0
842,51,864,3,0
843,51,865,3,0
851,51,873,3,0
842,52,864,3,0
843,52,865,3,0
850,52,872,3,0
851,52,873,3,0
842,53,864,3,0
843,53,865,3,0
845,53,823,0,3
850,53,872,3,0
851,53,873,3,0
842,54,864,3,0
843,54,865,3,0
845,54,823,0,3
846,54,868,3,0
850,54,872,3,0
851,54,873,3,0
842,55,864,3,0
843,55,865,3,0
845,55,823,0,3
846,55,868,3,0
847,55,825,0,3
850,55,872,3,0
851,55,873,3,0
842,56,864,3,0
843,56,865,3,0
845,56,823,0,3
850,56,872,3,0
851,56,873,3,0
842,57,864,3,0
843,57,865,3,0
850,57,872,3,0
851,57,873,3,0
842,58,864,3,0
843,58,865,3,0
850,58,872,3,0
851,58,873,3,0
851,59,873,3,0
853,61,875,3,0
840,62,862,3,0
853,62,875,3,0
840,63,862,3,0
853,63,875,3,0
855,63,833,0,3
840,64,862,3,0
853,64,875,3,0
855,64,833,0,3
856,64,878,3,0
840,65,862,3,0
853,65,875,3,0
855,65,833,0,3
856,65,878,3,0
857,65,835,0,3
858,66,880,2,0
861,66,839,0,3
862,66,884,3,0
875,66,897,3,0
877,66,855,0,3
878,66,900,3,0
879,66,857,0,3
861,67,839,0,3
862,67,884,3,0
875,67,897,3,0
877,67,855,0,3
878,67,900,3,0
861,68,839,0,3
862,68,884,3,0
875,68,897,3,0
877,68,855,0,3
861,69,839,0,3
862,69,884,3,0
875,69,897,3,0
862,70,884,3,0
875,70,897,3,0
864,72,886,3,0
864,73,886,3,0
865,73,887,3,0
873,73,895,3,0
864,74,886,3,0
865,74,887,3,0
866,74,844,0,3
872,74,894,3,0
873,74,895,3,0
864,75,886,3,0
865,75,887,3,0
866,75,844,0,3
867,75,845,0,3
872,75,894,3,0
873,75,895,3,0
864,76,886,3,0
865,76,887,3,0
866,76,844,0,3
867,76,845,0,3
868,76,890,3,0
872,76,894,3,0
873,76,895,3,0
864,77,886,3,0
865,77,887,3,0
866,77,844,0,3
867,77,845,0,3
868,77,890,3,0
872,77,894,3,0
873,77,895,3,0
864,78,886,3,0
865,78,887,3,0
866,78,844,0,3
867,78,845,0,3
872,78,894,3,0
873,78,895,3,0
864,79,886,3,0
865,79,887,3,0
866,79,844,0,3
872,79,894,3,0
873,79,895,3,0
864,80,886,3,0
865,80,887,3,0
872,80,894,3,0
873,80,895,3,0
864,81,886,3,0
873,81,895,3,0
875,83,897,3,0
862,84,884,3,0
875,84,897,3,0
861,85,839,0,3
862,85,884,3,0
875,85,897,3,0
877,85,855,0,3
861,86,839,0,3
862,86,884,3,0
875,86,897,3,0
877,86,855,0,3
878,86,900,3,0
861,87,839,0,3
862,87,884,3,0
875,87,897,3,0
877,87,855,0,3
878,87,900,3,0
879,87,857,0,3
880,88,902,2,0
881,88,903,3,0
883,88,861,0,3
884,88,906,3,0
897,88,919,3,0
899,88,877,0,3
900,88,922,3,0
901,88,879,0,3
881,89,903,3,0
883,89,861,0,3
884,89,906,3,0
897,89,919,3,0
899,89,877,0,3
900,89,922,3,0
883,90,861,0,3
884,90,906,3,0
897,90,919,3,0
899,90,877,0,3
883,91,861,0,3
884,91,906,3,0
897,91,919,3,0
884,92,906,3,0
897,92,919,3,0
887,95,909,3,0
895,95,917,3,0
887,96,909,3,0
888,96,866,0,3
894,96,916,3,0
895,96,917,3,0
887,97,909,3,0
888,97,866,0,3
893,97,871,0,3
894,97,916,3,0
895,97,917,3,0
887,98,909,3,0
888,98,866,0,3
890,98,912,3,0
893,98,871,0,3
894,98,916,3,0
895,98,917,3,0
887,99,909,3,0
888,99,866,0,3
890,99,912,3,0
893,99,871,0,3
894,99,916,3,0
895,99,917,3,0
887,100,909,3,0
888,100,866,0,3
893,100,871,0,3
894,100,916,3,0
895,100,917,3,0
887,101,909,3,0
888,101,866,0,3
893,101,871,0,3
894,101,916,3,0
895,101,917,3,0
887,102,909,3,0
894,102,916,3,0
895,102,917,3,0
895,103,917,3,0
897,105,919,3,0
884,106,906,3,0
897,106,919,3,0
883,107,861,0,3
884,107,906,3,0
897,107,919,3,0
899,107,877,0,3
883,108,861,0,3
884,108,906,3,0
897,108,919,3,0
899,108,877,0,3
900,108,922,3,0
881,109,903,3,0
883,109,861,0,3
884,109,906,3,0
897,109,919,3,0
899,109,877,0,3
900,109,922,3,0
901,109,879,0,3
902,110,924,2,0
903,110,925,3,0
906,110,928,3,0
919,110,941,3,0
921,110,899,0,3
922,110,944,3,0
923,110,901,0,3
903,111,925,3,0
906,111,928,3,0
919,111,941,3,0
921,111,899,0,3
922,111,944,3,0
906,112,928,3,0
919,112,941,3,0
921,112,899,0,3
906,113,928,3,0
919,113,941,3,0
906,114,928,3,0
919,114,941,3,0
909,117,931,3,0
917,117,939,3,0
909,118,931,3,0
910,118,888,0,3
916,118,938,3,0
917,118,939,3,0
909,119,931,3,0
910,119,888,0,3
915,119,893,0,3
916,119,938,3,0
917,119,939,3,0
909,120,931,3,0
910,120,888,0,3
912,120,934,3,0
915,120,893,0,3
916,120,938,3,0
917,120,939,3,0
909,121,931,3,0
910,121,888,0,3
912,121,934,3,0
915,121,893,0,3
916,121,938,3,0
917,121,939,3,0
909,122,931,3,0
910,122,888,0,3
915,122,893,0,3
916,122,938,3,0
917,122,939,3,0
909,123,931,3,0
910,123,888,0,3
915,123,893,0,3
916,123,938,3,0
917,123,939,3,0
909,124,931,3,0
916,124,938,3,0
917,124,939,3,0
917,125,939,3,0
919,127,941,3,0
906,128,928,3,0
919,128,941,3,0
906,129,928,3,0
919,129,941,3,0
921,129,899,0,3
906,130,928,3,0
919,130,941,3,0
921,130,899,0,3
922,130,944,3,0
903,131,925,3,0
906,131,928,3,0
919,131,941,3,0
921,131,899,0,3
922,131,944,3,0
923,131,901,0,3
924,132,946,2,0
925,132,947,3,0
928,132,950,3,0
929,132,907,0,3
944,132,966,3,0
925,133,947,3,0
928,133,950,3,0
929,133,907,0,3
944,133,966,3,0
928,134,950,3,0
929,134,907,0,3
928,135,950,3,0
929,135,907,0,3
928,136,950,3,0
929,136,907,0,3
929,137,907,0,3
929,138,907,0,3
929,139,907,0,3
939,139,961,3,0
929,140,907,0,3
932,140,910,0,3
938,140,960,3,0
939,140,961,3,0
929,141,907,0,3
932,141,910,0,3
937,141,915,0,3
938,141,960,3,0
939,141,961,3,0
929,142,907,0,3
932,142,910,0,3
934,142,956,3,0
937,142,915,0,3
938,142,960,3,0
939,142,961,3,0
929,143,907,0,3
932,143,910,0,3
934,143,956,3,0
937,143,915,0,3
938,143,960,3,0
939,143,961,3,0
929,144,907,0,3
932,144,910,0,3
937,144,915,0,3
938,144,960,3,0
939,144,961,3,0
929,145,907,0,3
932,145,910,0,3
937,145,915,0,3
938,145,960,3,0
939,145,961,3,0
929,146,907,0,3
938,146,960,3,0
939,146,961,3,0
929,147,907,0,3
939,147,961,3,0
929,149,907,0,3
928,150,950,3,0
929,150,907,0,3
928,151,950,3,0
929,151,907,0,3
928,152,950,3,0
929,152,907,0,3
944,152,966,3,0
925,153,947,3,0
928,153,950,3,0
929,153,907,0,3
944,153,966,3,0
946,154,968,2,0
947,154,969,3,0
948,154,926,0,3
951,154,929,0,3
965,154,943,0,3
966,154,988,3,0
947,155,969,3,0
948,155,926,0,3
951,155,929,0,3
965,155,943,0,3
966,155,988,3,0
948,156,926,0,3
951,156,929,0,3
965,156,943,0,3
951,157,929,0,3
951,158,929,0,3
951,159,929,0,3
951,160,929,0,3
951,161,929,0,3
961,161,983,3,0
951,162,929,0,3
954,162,932,0,3
960,162,982,3,0
961,162,983,3,0
951,163,929,0,3
954,163,932,0,3
959,163,937,0,3
960,163,982,3,0
961,163,983,3,0
951,164,929,0,3
954,164,932,0,3
956,164,978,3,0
959,164,937,0,3
960,164,982,3,0
961,164,983,3,0
951,165,929,0,3
954,165,932,0,3
956,165,978,3,0
959,165,937,0,3
960,165,982,3,0
961,165,983,3,0
951,166,929,0,3
954,166,932,0,3
959,166,937,0,3
960,166,982,3,0
961,166,983,3,0
951,167,929,0,3
954,167,932,0,3
959,167,937,0,3
960,167,982,3,0
961,167,983,3,0
951,168,929,0,3
960,168,982,3,0
961,168,983,3,0
951,169,929,0,3
961,169,983,3,0
951,171,929,0,3
951,172,929,0,3
951,173,929,0,3
965,173,943,0,3
948,174,926,0,3
951,174,929,0,3
965,174,943,0,3
966,174,988,3,0
947,175,969,3,0
948,175,926,0,3
951,175,929,0,3
965,175,943,0,3
966,175,988,3,0
968,176,990,2,0
969,176,991,3,0
970,176,948,0,3
972,176,994,3,0
973,176,951,0,3
986,176,964,0,3
987,176,965,0,3
988,176,1010,3,0
969,177,991,3,0
970,177,948,0,3
972,177,994,3,0
973,177,951,0,3
986,177,964,0,3
987,177,965,0,3
988,177,1010,3,0
970,178,948,0,3
972,178,994,3,0
973,178,951,0,3
986,178,964,0,3
987,178,965,0,3
972,179,994,3,0
973,179,951,0,3
986,179,964,0,3
972,180,994,3,0
973,180,951,0,3
973,181,951,0,3
973,182,951,0,3
974,182,996,3,0
973,183,951,0,3
974,183,996,3,0
983,183,1005,3,0
973,184,951,0,3
974,184,996,3,0
976,184,954,0,3
982,184,1004,3,0
983,184,1005,3,0
973,185,951,0,3
974,185,996,3,0
976,185,954,0,3
977,185,999,3,0
981,185,959,0,3
982,185,1004,3,0
983,185,1005,3,0
973,186,951,0,3
974,186,996,3,0
976,186,954,0,3
977,186,999,3,0
978,186,1000,3,0
980,186,1002,3,0
981,186,959,0,3
982,186,1004,3,0
983,186,1005,3,0
973,187,951,0,3
974,187,996,3,0
976,187,954,0,3
977,187,999,3,0
978,187,1000,3,0
980,187,1002,3,0
981,187,959,0,3
982,187,1004,3,0
983,187,1005,3,0
973,188,951,0,3
974,188,996,3,0
976,188,954,0,3
977,188,999,3,0
980,188,1002,3,0
981,188,959,0,3
982,188,1004,3,0
983,188,1005,3,0
973,189,951,0,3
974,189,996,3,0
976,189,954,0,3
981,189,959,0,3
982,189,1004,3,0
983,189,1005,3,0
973,190,951,0,3
974,190,996,3,0
982,190,1004,3,0
983,190,1005,3,0
973,191,951,0,3
983,191,1005,3,0
973,193,951,0,3
972,194,994,3,0
973,194,951,0,3
986,194,964,0,3
972,195,994,3,0
973,195,951,0,3
986,195,964,0,3
987,195,965,0,3
970,196,948,0,3
972,196,994,3,0
973,196,951,0,3
986,196,964,0,3
987,196,965,0,3
988,196,1010,3,0
969,197,991,3,0
970,197,948,0,3
972,197,994,3,0
973,197,951,0,3
986,197,964,0,3
987,197,965,0,3
988,197,1010,3,0
990,198,1012,2,0
991,198,1013,3,0
994,198,1016,3,0
995,198,973,0,3
1008,198,986,0,3
1010,198,1032,3,0
991,199,1013,3,0
994,199,1016,3,0
995,199,973,0,3
1008,199,986,0,3
1010,199,1032,3,0
994,200,1016,3,0
995,200,973,0,3
1008,200,986,0,3
994,201,1016,3,0
995,201,973,0,3
1008,201,986,0,3
994,202,1016,3,0
995,202,973,0,3
995,203,973,0,3
995,204,973,0,3
995,205,973,0,3
1005,205,1027,3,0
995,206,973,0,3
998,206,976,0,3
1004,206,1026,3,0
1005,206,1027,3,0
995,207,973,0,3
998,207,976,0,3
999,207,1021,3,0
1003,207,981,0,3
1004,207,1026,3,0
1005,207,1027,3,0
995,208,973,0,3
998,208,976,0,3
999,208,1021,3,0
1002,208,1024,3,0
1003,208,981,0,3
1004,208,1026,3,0
1005,208,1027,3,0
995,209,973,0,3
998,209,976,0,3
999,209,1021,3,0
1002,209,1024,3,0
1003,209,981,0,3
1004,209,1026,3,0
1005,209,1027,3,0
995,210,973,0,3
998,210,976,0,3
999,210,1021,3,0
1002,210,1024,3,0
1003,210,981,0,3
1004,210,1026,3,0
1005,210,1027,3,0
995,211,973,0,3
998,211,976,0,3
1003,211,981,0,3
1004,211,1026,3,0
1005,211,1027,3,0
995,212,973,0,3
1004,212,1026,3,0
1005,212,1027,3,0
995,213,973,0,3
1005,213,1027,3,0
995,215,973,0,3
994,216,1016,3,0
995,216,973,0,3
1008,216,986,0,3
994,217,1016,3,0
995,217,973,0,3
1008,217,986,0,3
994,218,1016,3,0
995,218,973,0,3
1008,218,986,0,3
1010,218,1032,3,0
991,219,1013,3,0
994,219,1016,3,0
995,219,973,0,3
1008,219,986,0,3
1010,219,1032,3,0
1012,220,1034,2,0
1013,220,1035,3,0
1016,220,1038,3,0
1017,220,995,0,3
1030,220,1052,3,0
1013,221,1035,3,0
1016,221,1038,3,0
1017,221,995,0,3
1030,221,1052,3,0
1016,222,1038,3,0
1017,222,995,0,3
1030,222,1052,3,0
1016,223,1038,3,0
1017,223,995,0,3
1030,223,1052,3,0
1016,224,1038,3,0
1017,224,995,0,3
1017,225,995,0,3
1017,226,995,0,3
1017,227,995,0,3
1027,227,1049,3,0
1017,228,995,0,3
1026,228,1048,3,0
1027,228,1049,3,0
1017,229,995,0,3
1021,229,1043,3,0
1025,229,1003,0,3
1026,229,1048,3,0
1027,229,1049,3,0
1017,230,995,0,3
1021,230,1043,3,0
1024,230,1002,0,3
1025,230,1003,0,3
1026,230,1048,3,0
1027,230,1049,3,0
1017,231,995,0,3
1021,231,1043,3,0
1024,231,1002,0,3
1025,231,1003,0,3
1026,231,1048,3,0
1027,231,1049,3,0
1017,232,995,0,3
1021,232,1043,3,0
1024,232,1002,0,3
1025,232,1003,0,3
1026,232,1048,3,0
1027,232,1049,3,0
1017,233,995,0,3
1025,233,1003,0,3
1026,233,1048,3,0
1027,233,1049,3,0
1017,234,995,0,3
1026,234,1048,3,0
1027,234,1049,3,0
1017,235,995,0,3
1027,235,1049,3,0
1017,237,995,0,3
1016,238,1038,3,0
1017,238,995,0,3
1030,238,1052,3,0
1016,239,1038,3,0
1017,239,995,0,3
1030,239,1052,3,0
1016,240,1038,3,0
1017,240,995,0,3
1030,240,1052,3,0
1013,241,1035,3,0
1016,241,1038,3,0
1017,241,995,0,3
1030,241,1052,3,0
1034,242,1056,2,0
1035,242,1057,3,0
1038,242,1060,3,0
1039,242,1017,0,3
1052,242,1074,3,0
1054,242,1032,0,3
1035,243,1057,3,0
1038,243,1060,3,0
1039,243,1017,0,3
1052,243,1074,3,0
1054,243,1032,0,3
1038,244,1060,3,0
1039,244,1017,0,3
1052,244,1074,3,0
1038,245,1060,3,0
1039,245,1017,0,3
1052,245,1074,3,0
1038,246,1060,3,0
1039,246,1017,0,3
1039,247,1017,0,3
1039,248,1017,0,3
1039,249,1017,0,3
1049,249,1071,3,0
1039,250,1017,0,3
1048,250,1070,3,0
1049,250,1071,3,0
1039,251,1017,0,3
1043,251,1065,3,0
1047,251,1025,0,3
1048,251,1070,3,0
1049,251,1071,3,0
1039,252,1017,0,3
1043,252,1065,3,0
1044,252,1066,3,0
1046,252,1024,0,3
1047,252,1025,0,3
1048,252,1070,3,0
1049,252,1071,3,0
1039,253,1017,0,3
1043,253,1065,3,0
1044,253,1066,3,0
1046,253,1024,0,3
1047,253,1025,0,3
1048,253,1070,3,0
1049,253,1071,3,0
1039,254,1017,0,3
1043,254,1065,3,0
1046,254,1024,0,3
1047,254,1025,0,3
1048,254,1070,3,0
1049,254,1071,3,0
1039,255,1017,0,3
1047,255,1025,0,3
1048,255,1070,3,0
1049,255,1071,3,0
1039,256,1017,0,3
1048,256,1070,3,0
1049,256,1071,3,0
1039,257,1017,0,3
1049,257,1071,3,0
1039,259,1017,0,3
1038,260,1060,3,0
1039,260,1017,0,3
1052,260,1074,3,0
1038,261,1060,3,0
1039,261,1017,0,3
1052,261,1074,3,0
1038,262,1060,3,0
1039,262,1017,0,3
1052,262,1074,3,0
1054,262,1032,0,3
1035,263,1057,3,0
1038,263,1060,3,0
1039,263,1017,0,3
1052,263,1074,3,0
1054,263,1032,0,3
1056,264,1078,2,0
1057,264,1079,3,0
1060,264,1082,3,0
1061,264,1039,0,3
1076,264,1054,0,3
1057,265,1079,3,0
1060,265,1082,3,0
1061,265,1039,0,3
1076,265,1054,0,3
1060,266,1082,3,0
1061,266,1039,0,3
1060,267,1082,3,0
1061,267,1039,0,3
1060,268,1082,3,0
1061,268,1039,0,3
1061,269,1039,0,3
1061,270,1039,0,3
1062,270,1040,0,3
1061,271,1039,0,3
1062,271,1040,0,3
1071,271,1093,3,0
1061,272,1039,0,3
1062,272,1040,0,3
1070,272,1092,3,0
1071,272,1093,3,0
1061,273,1039,0,3
1062,273,1040,0,3
1069,273,1047,0,3
1070,273,1092,3,0
1071,273,1093,3,0
1061,274,1039,0,3
1062,274,1040,0,3
1069,274,1047,0,3
1070,274,1092,3,0
1071,274,1093,3,0
1061,275,1039,0,3
1062,275,1040,0,3
1069,275,1047,0,3
1070,275,1092,3,0
1071,275,1093,3,0
1061,276,1039,0,3
1062,276,1040,0,3
1069,276,1047,0,3
1070,276,1092,3,0
1071,276,1093,3,0
1061,277,1039,0,3
1062,277,1040,0,3
1069,277,1047,0,3
1070,277,1092,3,0
1071,277,1093,3,0
1061,278,1039,0,3
1062,278,1040,0,3
1070,278,1092,3,0
1071,278,1093,3,0
1061,279,1039,0,3
1071,279,1093,3,0
1061,281,1039,0,3
1060,282,1082,3,0
1061,282,1039,0,3
1060,283,1082,3,0
1061,283,1039,0,3
1060,284,1082,3,0
1061,284,1039,0,3
1076,284,1054,0,3
1057,285,1079,3,0
1060,285,1082,3,0
1061,285,1039,0,3
1076,285,1054,0,3
1079,286,1101,3,0
1082,286,1104,3,0
1083,286,1061,0,3
1098,286,1076,0,3
1079,287,1101,3,0
1082,287,1104,3,0
1083,287,1061,0,3
1098,287,1076,0,3
1082,288,1104,3,0
1083,288,1061,0,3
1082,289,1104,3,0
1083,289,1061,0,3
1082,290,1104,3,0
1083,290,1061,0,3
1083,291,1061,0,3
1083,292,1061,0,3
1083,293,1061,0,3
1093,293,1115,3,0
1083,294,1061,0,3
1092,294,1114,3,0
1093,294,1115,3,0
1083,295,1061,0,3
1091,295,1069,0,3
1092,295,1114,3,0
1093,295,1115,3,0
1083,296,1061,0,3
1091,296,1069,0,3
1092,296,1114,3,0
1093,296,1115,3,0
1083,297,1061,0,3
1091,297,1069,0,3
1092,297,1114,3,0
1093,297,1115,3,0
1083,298,1061,0,3
1091,298,1069,0,3
1092,298,1114,3,0
1093,298,1115,3,0
1083,299,1061,0,3
1091,299,1069,0,3
1092,299,1114,3,0
1093,299,1115,3,0
1083,300,1061,0,3
1092,300,1114,3,0
1093,300,1115,3,0
1083,301,1061,0,3
1093,301,1115,3,0
1083,303,1061,0,3
1082,304,1104,3,0
1083,304,1061,0,3
1082,305,1104,3,0
1083,305,1061,0,3
1082,306,1104,3,0
1083,306,1061,0,3
1098,306,1076,0,3
1079,307,1101,3,0
1082,307,1104,3,0
1083,307,1061,0,3
1098,307,1076,0,3
1101,308,1123,3,0
1104,308,1126,3,0
1105,308,1083,0,3
1120,308,1098,0,3
1101,309,1123,3,0
1104,309,1126,3,0
1105,309,1083,0,3
1120,309,1098,0,3
1104,310,1126,3,0
1105,310,1083,0,3
1104,311,1126,3,0
1105,311,1083,0,3
1104,312,1126,3,0
1105,312,1083,0,3
1105,313,1083,0,3
1105,314,1083,0,3
1105,315,1083,0,3
1115,315,1137,3,0
1105,316,1083,0,3
1114,316,1136,3,0
1115,316,1137,3,0
1105,317,1083,0,3
1109,317,1131,3,0
1113,317,1091,0,3
1114,317,1136,3,0
1115,317,1137,3,0
1105,318,1083,0,3
1109,318,1131,3,0
1113,318,1091,0,3
1114,318,1136,3,0
1115,318,1137,3,0
1105,319,1083,0,3
1109,319,1131,3,0
1113,319,1091,0,3
1114,319,1136,3,0
1115,319,1137,3,0
1105,320,1083,0,3
1109,320,1131,3,0
1113,320,1091,0,3
1114,320,1136,3,0
1115,320,1137,3,0
1105,321,1083,0,3
1113,321,1091,0,3
1114,321,1136,3,0
1115,321,1137,3,0
1105,322,1083,0,3
1114,322,1136,3,0
1115,322,1137,3,0
1105,323,1083,0,3
1115,323,1137,3,0
1105,325,1083,0,3
1104,326,1126,3,0
1105,326,1083,0,3
1104,327,1126,3,0
1105,327,1083,0,3
1104,328,1126,3,0
1105,328,1083,0,3
1120,328,1098,0,3
1101,329,1123,3,0
1104,329,1126,3,0
1105,329,1083,0,3
1120,329,1098,0,3
1122,330,1100,0,2
1126,330,1148,3,0
1127,330,1105,0,3
1142,330,1120,0,3
1126,331,1148,3,0
1127,331,1105,0,3
1142,331,1120,0,3
1126,332,1148,3,0
1127,332,1105,0,3
1126,333,1148,3,0
1127,333,1105,0,3
1126,334,1148,3,0
1127,334,1105,0,3
1127,335,1105,0,3
1127,336,1105,0,3
1128,336,1150,3,0
1127,337,1105,0,3
1128,337,1150,3,0
1137,337,1159,3,0
1127,338,1105,0,3
1128,338,1150,3,0
1130,338,1108,0,3
1136,338,1158,3,0
1137,338,1159,3,0
1127,339,1105,0,3
1128,339,1150,3,0
1130,339,1108,0,3
1131,339,1153,3,0
1135,339,1113,0,3
1136,339,1158,3,0
1137,339,1159,3,0
1127,340,1105,0,3
1128,340,1150,3,0
1130,340,1108,0,3
1131,340,1153,3,0
1135,340,1113,0,3
1136,340,1158,3,0
1137,340,1159,3,0
1127,341,1105,0,3
1128,341,1150,3,0
1130,341,1108,0,3
1131,341,1153,3,0
1135,341,1113,0,3
1136,341,1158,3,0
1137,341,1159,3,0
1127,342,1105,0,3
1128,342,1150,3,0
1130,342,1108,0,3
1131,342,1153,3,0
1135,342,1113,0,3
1136,342,1158,3,0
1137,342,1159,3,0
1127,343,1105,0,3
1128,343,1150,3,0
1130,343,1108,0,3
1135,343,1113,0,3
1136,343,1158,3,0
1137,343,1159,3,0
1127,344,1105,0,3
1128,344,1150,3,0
1136,344,1158,3,0
1137,344,1159,3,0
1127,345,1105,0,3
1128,345,1150,3,0
1137,345,1159,3,0
1127,347,1105,0,3
1126,348,1148,3,0
1127,348,1105,0,3
1126,349,1148,3,0
1127,349,1105,0,3
1126,350,1148,3,0
1127,350,1105,0,3
1142,350,1120,0,3
1126,351,1148,3,0
1127,351,1105,0,3
1142,351,1120,0,3
1144,352,1122,0,2
1148,352,1170,3,0
1149,352,1127,0,3
1164,352,1142,0,3
1148,353,1170,3,0
1149,353,1127,0,3
1164,353,1142,0,3
1148,354,1170,3,0
1149,354,1127,0,3
1148,355,1170,3,0
1149,355,1127,0,3
1148,356,1170,3,0
1149,356,1127,0,3
1149,357,1127,0,3
1149,358,1127,0,3
1150,358,1172,3,0
1149,359,1127,0,3
1150,359,1172,3,0
1159,359,1181,3,0
1149,360,1127,0,3
1150,360,1172,3,0
1158,360,1180,3,0
1159,360,1181,3,0
1149,361,1127,0,3
1150,361,1172,3,0
1157,361,1135,0,3
1158,361,1180,3,0
1159,361,1181,3,0
1149,362,1127,0,3
1150,362,1172,3,0
1157,362,1135,0,3
1158,362,1180,3,0
1159,362,1181,3,0
1149,363,1127,0,3
1150,363,1172,3,0
1157,363,1135,0,3
1158,363,1180,3,0
1159,363,1181,3,0
1149,364,1127,0,3
1150,364,1172,3,0
1157,364,1135,0,3
1158,364,1180,3,0
1159,364,1181,3,0
1149,365,1127,0,3
1150,365,1172,3,0
1157,365,1135,0,3
1158,365,1180,3,0
1159,365,1181,3,0
1149,366,1127,0,3
1150,366,1172,3,0
1158,366,1180,3,0
1159,366,1181,3,0
1149,367,1127,0,3
1159,367,1181,3,0
1149,369,1127,0,3
1148,370,1170,3,0
1149,370,1127,0,3
1148,371,1170,3,0
1149,371,1127,0,3
1148,372,1170,3,0
1149,372,1127,0,3
1164,372,1142,0,3
1148,373,1170,3,0
1149,373,1127,0,3
1164,373,1142,0,3
1166,374,1144,0,2
1168,374,1146,0,3
1170,374,1192,3,0
1171,374,1149,0,3
1186,374,1164,0,3
1168,375,1146,0,3
1170,375,1192,3,0
1171,375,1149,0,3
1186,375,1164,0,3
1168,376,1146,0,3
1170,376,1192,3,0
1171,376,1149,0,3
1170,377,1192,3,0
1171,377,1149,0,3
1170,378,1192,3,0
1171,378,1149,0,3
1171,379,1149,0,3
1171,380,1149,0,3
1172,380,1194,3,0
1171,381,1149,0,3
1172,381,1194,3,0
1181,381,1203,3,0
1171,382,1149,0,3
1172,382,1194,3,0
1180,382,1202,3,0
1181,382,1203,3,0
1171,383,1149,0,3
1172,383,1194,3,0
1179,383,1157,0,3
1180,383,1202,3,0
1181,383,1203,3,0
1171,384,1149,0,3
1172,384,1194,3,0
1179,384,1157,0,3
1180,384,1202,3,0
1181,384,1203,3,0
1171,385,1149,0,3
1172,385,1194,3,0
1179,385,1157,0,3
1180,385,1202,3,0
1181,385,1203,3,0
1171,386,1149,0,3
1172,386,1194,3,0
1179,386,1157,0,3
1180,386,1202,3,0
1181,386,1203,3,0
1171,387,1149,0,3
1172,387,1194,3,0
1179,387,1157,0,3
1180,387,1202,3,0
1181,387,1203,3,0
1171,388,1149,0,3
1172,388,1194,3,0
1180,388,1202,3,0
1181,388,1203,3,0
1171,389,1149,0,3
1172,389,1194,3,0
1181,389,1203,3,0
1171,391,1149,0,3
1170,392,1192,3,0
1171,392,1149,0,3
1170,393,1192,3,0
1171,393,1149,0,3
1168,394,1146,0,3
1170,394,1192,3,0
1171,394,1149,0,3
1186,394,1164,0,3
1168,395,1146,0,3
1170,395,1192,3,0
1171,395,1149,0,3
1186,395,1164,0,3
1188,396,1166,0,2
1190,396,1168,0,3
1192,396,1214,3,0
1193,396,1171,0,3
1208,396,1186,0,3
1190,397,1168,0,3
1192,397,1214,3,0
1193,397,1171,0,3
1208,397,1186,0,3
1190,398,1168,0,3
1192,398,1214,3,0
1193,398,1171,0,3
1192,399,1214,3,0
1193,399,1171,0,3
1192,400,1214,3,0
1193,400,1171,0,3
1193,401,1171,0,3
1193,402,1171,0,3
1194,402,1216,3,0
1193,403,1171,0,3
1194,403,1216,3,0
1203,403,1225,3,0
1193,404,1171,0,3
1194,404,1216,3,0
1202,404,1224,3,0
1203,404,1225,3,0
1193,405,1171,0,3
1194,405,1216,3,0
1201,405,1179,0,3
1202,405,1224,3,0
1203,405,1225,3,0
1193,406,1171,0,3
1194,406,1216,3,0
1201,406,1179,0,3
1202,406,1224,3,0
1203,406,1225,3,0
1193,407,1171,0,3
1194,407,1216,3,0
1201,407,1179,0,3
1202,407,1224,3,0
1203,407,1225,3,0
1193,408,1171,0,3
1194,408,1216,3,0
1201,408,1179,0,3
1202,408,1224,3,0
1203,408,1225,3,0
1193,409,1171,0,3
1194,409,1216,3,0
1201,409,1179,0,3
1202,409,1224,3,0
1203,409,1225,3,0
1193,410,1171,0,3
1194,410,1216,3,0
1202,410,1224,3,0
1203,410,1225,3,0
1193,411,1171,0,3
1203,411,1225,3,0
1193,413,1171,0,3
1192,414,1214,3,0
1193,414,1171,0,3
1192,415,1214,3,0
1193,415,1171,0,3
1190,416,1168,0,3
1192,416,1214,3,0
1193,416,1171,0,3
1208,416,1186,0,3
1190,417,1168,0,3
1192,417,1214,3,0
1193,417,1171,0,3
1208,417,1186,0,3
1210,418,1188,0,2
1212,418,1190,0,3
1214,418,1236,3,0
1215,418,1193,0,3
1230,418,1208,0,3
1212,419,1190,0,3
1214,419,1236,3,0
1215,419,1193,0,3
1230,419,1208,0,3
1212,420,1190,0,3
1214,420,1236,3,0
1215,420,1193,0,3
1214,421,1236,3,0
1215,421,1193,0,3
1214,422,1236,3,0
1215,422,1193,0,3
1215,423,1193,0,3
1215,424,1193,0,3
1216,424,1238,3,0
1215,425,1193,0,3
1216,425,1238,3,0
1225,425,1247,3,0
1215,426,1193,0,3
1216,426,1238,3,0
1224,426,1246,3,0
1225,426,1247,3,0
1215,427,1193,0,3
1216,427,1238,3,0
1223,427,1201,0,3
1224,427,1246,3,0
1225,427,1247,3,0
1215,428,1193,0,3
1216,428,1238,3,0
1223,428,1201,0,3
1224,428,1246,3,0
1225,428,1247,3,0
1215,429,1193,0,3
1216,429,1238,3,0
1223,429,1201,0,3
1224,429,1246,3,0
1225,429,1247,3,0
1215,430,1193,0,3
1216,430,1238,3,0
1223,430,1201,0,3
1224,430,1246,3,0
1225,430,1247,3,0
1215,431,1193,0,3
1216,431,1238,3,0
1223,431,1201,0,3
1224,431,1246,3,0
1225,431,1247,3,0
1215,432,1193,0,3
1216,432,1238,3,0
1224,432,1246,3,0
1225,432,1247,3,0
1215,433,1193,0,3
1216,433,1238,3,0
1225,433,1247,3,0
1215,435,1193,0,3
1214,436,1236,3,0
1215,436,1193,0,3
1214,437,1236,3,0
1215,437,1193,0,3
1212,438,1190,0,3
1214,438,1236,3,0
1215,438,1193,0,3
1230,438,1208,0,3
1212,439,1190,0,3
1214,439,1236,3,0
1215,439,1193,0,3
1230,439,1208,0,3
1232,440,1210,0,2
1234,440,1212,0,3
1235,440,1213,0,3
1236,440,1258,3,0
1237,440,1215,0,3
1252,440,1230,0,3
1234,441,1212,0,3
1235,441,1213,0,3
1236,441,1258,3,0
1237,441,1215,0,3
1252,441,1230,0,3
1234,442,1212,0,3
1235,442,1213,0,3
1236,442,1258,3,0
1237,442,1215,0,3
1235,443,1213,0,3
1236,443,1258,3,0
1237,443,1215,0,3
1236,444,1258,3,0
1237,444,1215,0,3
1237,445,1215,0,3
1237,446,1215,0,3
1238,446,1260,3,0
1237,447,1215,0,3
1238,447,1260,3,0
1247,447,1269,3,0
1237,448,1215,0,3
1238,448,1260,3,0
1246,448,1268,3,0
1247,448,1269,3,0
1237,449,1215,0,3
1238,449,1260,3,0
1245,449,1223,0,3
1246,449,1268,3,0
1247,449,1269,3,0
1237,450,1215,0,3
1238,450,1260,3,0
1245,450,1223,0,3
1246,450,1268,3,0
1247,450,1269,3,0
1237,451,1215,0,3
1238,451,1260,3,0
1245,451,1223,0,3
1246,451,1268,3,0
1247,451,1269,3,0
1237,452,1215,0,3
1238,452,1260,3,0
1245,452,1223,0,3
1246,452,1268,3,0
1247,452,1269,3,0
1237,453,1215,0,3
1238,453,1260,3,0
1245,453,1223,0,3
1246,453,1268,3,0
1247,453,1269,3,0
1237,454,1215,0,3
1238,454,1260,3,0
1246,454,1268,3,0
1247,454,1269,3,0
1237,455,1215,0,3
1247,455,1269,3,0
1237,457,1215,0,3
1236,458,1258,3,0
1237,458,1215,0,3
1235,459,1213,0,3
1236,459,1258,3,0
1237,459,1215,0,3
1234,460,1212,0,3
1235,460,1213,0,3
1236,460,1258,3,0
1237,460,1215,0,3
1252,460,1230,0,3
1234,461,1212,0,3
1235,461,1213,0,3
1236,461,1258,3,0
1237,461,1215,0,3
1252,461,1230,0,3
1254,462,1232,0,2
1256,462,1234,0,3
1257,462,1235,0,3
1258,462,1280,3,0
1259,462,1237,0,3
1270,462,1248,0,3
1274,462,1252,0,3
1256,463,1234,0,3
1257,463,1235,0,3
1258,463,1280,3,0
1259,463,1237,0,3
1270,463,1248,0,3
1274,463,1252,0,3
1256,464,1234,0,3
1257,464,1235,0,3
1258,464,1280,3,0
1259,464,1237,0,3
1270,464,1248,0,3
1257,465,1235,0,3
1258,465,1280,3,0
1259,465,1237,0,3
1270,465,1248,0,3
1258,466,1280,3,0
1259,466,1237,0,3
1270,466,1248,0,3
1259,467,1237,0,3
1270,467,1248,0,3
1259,468,1237,0,3
1260,468,1282,3,0
1270,468,1248,0,3
1259,469,1237,0,3
1260,469,1282,3,0
1269,469,1291,3,0
1270,469,1248,0,3
1259,470,1237,0,3
1260,470,1282,3,0
1268,470,1290,3,0
1269,470,1291,3,0
1270,470,1248,0,3
1259,471,1237,0,3
1260,471,1282,3,0
1267,471,1245,0,3
1268,471,1290,3,0
1269,471,1291,3,0
1270,471,1248,0,3
1259,472,1237,0,3
1260,472,1282,3,0
1267,472,1245,0,3
1268,472,1290,3,0
1269,472,1291,3,0
1270,472,1248,0,3
1259,473,1237,0,3
1260,473,1282,3,0
1267,473,1245,0,3
1268,473,1290,3,0
1269,473,1291,3,0
1270,473,1248,0,3
1259,474,1237,0,3
1260,474,1282,3,0
1267,474,1245,0,3
1268,474,1290,3,0
1269,474,1291,3,0
1270,474,1248,0,3
1259,475,1237,0,3
1260,475,1282,3,0
1267,475,1245,0,3
1268,475,1290,3,0
1269,475,1291,3,0
1270,475,1248,0,3
1259,476,1237,0,3
1260,476,1282,3,0
1268,476,1290,3,0
1269,476,1291,3,0
1270,476,1248,0,3
1259,477,1237,0,3
1260,477,1282,3,0
1269,477,1291,3,0
1270,477,1248,0,3
1270,478,1248,0,3
1259,479,1237,0,3
1270,479,1248,0,3
1258,480,1280,3,0
1259,480,1237,0,3
1270,480,1248,0,3
1257,481,1235,0,3
1258,481,1280,3,0
1259,481,1237,0,3
1270,481,1248,0,3
1256,482,1234,0,3
1257,482,1235,0,3
1258,482,1280,3,0
1259,482,1237,0,3
1270,482,1248,0,3
1274,482,1252,0,3
1256,483,1234,0,3
1257,483,1235,0,3
1258,483,1280,3,0
1259,483,1237,0,3
1270,483,1248,0,3
1274,483,1252,0,3
1276,484,1254,0,2
1278,484,1256,0,3
1280,484,1302,3,0
1281,484,1259,0,3
1292,484,1270,0,3
1296,484,1274,0,3
1278,485,1256,0,3
1280,485,1302,3,0
1281,485,1259,0,3
1292,485,1270,0,3
1296,485,1274,0,3
1278,486,1256,0,3
1280,486,1302,3,0
1281,486,1259,0,3
1292,486,1270,0,3
1280,487,1302,3,0
1281,487,1259,0,3
1292,487,1270,0,3
1280,488,1302,3,0
1281,488,1259,0,3
1292,488,1270,0,3
1281,489,1259,0,3
1292,489,1270,0,3
1281,490,1259,0,3
1282,490,1304,3,0
1292,490,1270,0,3
1281,491,1259,0,3
1282,491,1304,3,0
1291,491,1313,3,0
1292,491,1270,0,3
1281,492,1259,0,3
1282,492,1304,3,0
1290,492,1312,3,0
1291,492,1313,3,0
1292,492,1270,0,3
1281,493,1259,0,3
1282,493,1304,3,0
1289,493,1267,0,3
1290,493,1312,3,0
1291,493,1313,3,0
1292,493,1270,0,3
1281,494,1259,0,3
1282,494,1304,3,0
1289,494,1267,0,3
1290,494,1312,3,0
1291,494,1313,3,0
1292,494,1270,0,3
1281,495,1259,0,3
1282,495,1304,3,0
1289,495,1267,0,3
1290,495,1312,3,0
1291,495,1313,3,0
1292,495,1270,0,3
1281,496,1259,0,3
1282,496,1304,3,0
1289,496,1267,0,3
1290,496,1312,3,0
1291,496,1313,3,0
1292,496,1270,0,3
1281,497,1259,0,3
1282,497,1304,3,0
1289,497,1267,0,3
1290,497,1312,3,0
1291,497,1313,3,0
1292,497,1270,0,3
1281,498,1259,0,3
1282,498,1304,3,0
1290,498,1312,3,0
1291,498,1313,3,0
1292,498,1270,0,3
1281,499,1259,0,3
1291,499,1313,3,0
1292,499,1270,0,3
1292,500,1270,0,3
1281,501,1259,0,3
1292,501,1270,0,3
1280,502,1302,3,0
1281,502,1259,0,3
1292,502,1270,0,3
1280,503,1302,3,0
1281,503,1259,0,3
1292,503,1270,0,3
1278,504,1256,0,3
1280,504,1302,3,0
1281,504,1259,0,3
1292,504,1270,0,3
1296,504,1274,0,3
1278,505,1256,0,3
1280,505,1302,3,0
1281,505,1259,0,3
1292,505,1270,0,3
1296,505,1274,0,3
1298,506,1276,0,2
1301,506,1279,0,3
1302,506,1324,3,0
1303,506,1281,0,3
1314,506,1292,0,3
1318,506,1296,0,3
1301,507,1279,0,3
1302,507,1324,3,0
1303,507,1281,0,3
1314,507,1292,0,3
1318,507,1296,0,3
1301,508,1279,0,3
1302,508,1324,3,0
1303,508,1281,0,3
1314,508,1292,0,3
1301,509,1279,0,3
1302,509,1324,3,0
1303,509,1281,0,3
1314,509,1292,0,3
1302,510,1324,3,0
1303,510,1281,0,3
1314,510,1292,0,3
1303,511,1281,0,3
1314,511,1292,0,3
1303,512,1281,0,3
1304,512,1326,3,0
1314,512,1292,0,3
1303,513,1281,0,3
1304,513,1326,3,0
1313,513,1335,3,0
1314,513,1292,0,3
1303,514,1281,0,3
1304,514,1326,3,0
1312,514,1334,3,0
1313,514,1335,3,0
1314,514,1292,0,3
1303,515,1281,0,3
1304,515,1326,3,0
1311,515,1289,0,3
1312,515,1334,3,0
1313,515,1335,3,0
1314,515,1292,0,3
1303,516,1281,0,3
1304,516,1326,3,0
1311,516,1289,0,3
1312,516,1334,3,0
1313,516,1335,3,0
1314,516,1292,0,3
1303,517,1281,0,3
1304,517,1326,3,0
1311,517,1289,0,3
1312,517,1334,3,0
1313,517,1335,3,0
1314,517,1292,0,3
1303,518,1281,0,3
1304,518,1326,3,0
1311,518,1289,0,3
1312,518,1334,3,0
1313,518,1335,3,0
1314,518,1292,0,3
1303,519,1281,0,3
1304,519,1326,3,0
1311,519,1289,0,3
1312,519,1334,3,0
1313,519,1335,3,0
1314,519,1292,0,3
1303,520,1281,0,3
1304,520,1326,3,0
1312,520,1334,3,0
1313,520,1335,3,0
1314,520,1292,0,3
1303,521,1281,0,3
1304,521,1326,3,0
1313,521,1335,3,0
1314,521,1292,0,3
1314,522,1292,0,3
1303,523,1281,0,3
1314,523,1292,0,3
1302,524,1324,3,0
1303,524,1281,0,3
1314,524,1292,0,3
1301,525,1279,0,3
1302,525,1324,3,0
1303,525,1281,0,3
1314,525,1292,0,3
1301,526,1279,0,3
1302,526,1324,3,0
1303,526,1281,0,3
1314,526,1292,0,3
1318,526,1296,0,3
1301,527,1279,0,3
1302,527,1324,3,0
1303,527,1281,0,3
1314,527,1292,0,3
1318,527,1296,0,3
1320,528,1298,0,2
1323,528,1301,0,3
1324,528,1346,3,0
1325,528,1303,0,3
1336,528,1314,0,3
1340,528,1318,0,3
1323,529,1301,0,3
1324,529,1346,3,0
1325,529,1303,0,3
1336,529,1314,0,3
1340,529,1318,0,3
1323,530,1301,0,3
1324,530,1346,3,0
1325,530,1303,0,3
1336,530,1314,0,3
1323,531,1301,0,3
1324,531,1346,3,0
1325,531,1303,0,3
1336,531,1314,0,3
1324,532,1346,3,0
1325,532,1303,0,3
1336,532,1314,0,3
1325,533,1303,0,3
1336,533,1314,0,3
1325,534,1303,0,3
1326,534,1348,3,0
1336,534,1314,0,3
1325,535,1303,0,3
1326,535,1348,3,0
1335,535,1357,3,0
1336,535,1314,0,3
1325,536,1303,0,3
1326,536,1348,3,0
1334,536,1356,3,0
1335,536,1357,3,0
1336,536,1314,0,3
1325,537,1303,0,3
1326,537,1348,3,0
1333,537,1311,0,3
1334,537,1356,3,0
1335,537,1357,3,0
1336,537,1314,0,3
1325,538,1303,0,3
1326,538,1348,3,0
1333,538,1311,0,3
1334,538,1356,3,0
1335,538,1357,3,0
1336,538,1314,0,3
1325,539,1303,0,3
1326,539,1348,3,0
1333,539,1311,0,3
1334,539,1356,3,0
1335,539,1357,3,0
1336,539,1314,0,3
1325,540,1303,0,3
1326,540,1348,3,0
1333,540,1311,0,3
1334,540,1356,3,0
1335,540,1357,3,0
1336,540,1314,0,3
1325,541,1303,0,3
1326,541,1348,3,0
1333,541,1311,0,3
1334,541,1356,3,0
1335,541,1357,3,0
1336,541,1314,0,3
1325,542,1303,0,3
1326,542,1348,3,0
1334,542,1356,3,0
1335,542,1357,3,0
1336,542,1314,0,3
1325,543,1303,0,3
1335,543,1357,3,0
1336,543,1314,0,3
1336,544,1314,0,3
1325,545,1303,0,3
1336,545,1314,0,3
1324,546,1346,3,0
1325,546,1303,0,3
1336,546,1314,0,3
1323,547,1301,0,3
1324,547,1346,3,0
1325,547,1303,0,3
1336,547,1314,0,3
1323,548,1301,0,3
1324,548,1346,3,0
1325,548,1303,0,3
1336,548,1314,0,3
1340,548,1318,0,3
1323,549,1301,0,3
1324,549,1346,3,0
1325,549,1303,0,3
1336,549,1314,0,3
1340,549,1318,0,3
1345,550,1323,0,3
1346,550,1368,3,0
1347,550,1325,0,3
1358,550,1336,0,3
1362,550,1340,0,3
1345,551,1323,0,3
1346,551,1368,3,0
1347,551,1325,0,3
1358,551,1336,0,3
1362,551,1340,0,3
1345,552,1323,0,3
1346,552,1368,3,0
1347,552,1325,0,3
1358,552,1336,0,3
1345,553,1323,0,3
1346,553,1368,3,0
1347,553,1325,0,3
1358,553,1336,0,3
1346,554,1368,3,0
1347,554,1325,0,3
1358,554,1336,0,3
1347,555,1325,0,3
1358,555,1336,0,3
1347,556,1325,0,3
1348,556,1370,3,0
1358,556,1336,0,3
1347,557,1325,0,3
1348,557,1370,3,0
1357,557,1379,3,0
1358,557,1336,0,3
1347,558,1325,0,3
1348,558,1370,3,0
1356,558,1378,3,0
1357,558,1379,3,0
1358,558,1336,0,3
1347,559,1325,0,3
1348,559,1370,3,0
1355,559,1333,0,3
1356,559,1378,3,0
1357,559,1379,3,0
1358,559,1336,0,3
1347,560,1325,0,3
1348,560,1370,3,0
1355,560,1333,0,3
1356,560,1378,3,0
1357,560,1379,3,0
1358,560,1336,0,3
1347,561,1325,0,3
1348,561,1370,3,0
1355,561,1333,0,3
1356,561,1378,3,0
1357,561,1379,3,0
1358,561,1336,0,3
1347,562,1325,0,3
1348,562,1370,3,0
1355,562,1333,0,3
1356,562,1378,3,0
1357,562,1379,3,0
1358,562,1336,0,3
1347,563,1325,0,3
1348,563,1370,3,0
1355,563,1333,0,3
1356,563,1378,3,0
1357,563,1379,3,0
1358,563,1336,0,3
1347,564,1325,0,3
1348,564,1370,3,0
1356,564,1378,3,0
1357,564,1379,3,0
1358,564,1336,0,3
1347,565,1325,0,3
1348,565,1370,3,0
1357,565,1379,3,0
1358,565,1336,0,3
1358,566,1336,0,3
1347,567,1325,0,3
1358,567,1336,0,3
1346,568,1368,3,0
1347,568,1325,0,3
1358,568,1336,0,3
1345,569,1323,0,3
1346,569,1368,3,0
1347,569,1325,0,3
1358,569,1336,0,3
1345,570,1323,0,3
1346,570,1368,3,0
1347,570,1325,0,3
1358,570,1336,0,3
1362,570,1340,0,3
1345,571,1323,0,3
1346,571,1368,3,0
1347,571,1325,0,3
1358,571,1336,0,3
1362,571,1340,0,3
1367,572,1345,0,3
1368,572,1390,3,0
1369,572,1347,0,3
1380,572,1358,0,3
1384,572,1362,0,3
1367,573,1345,0,3
1368,573,1390,3,0
1369,573,1347,0,3
1380,573,1358,0,3
1384,573,1362,0,3
1367,574,1345,0,3
1368,574,1390,3,0
1369,574,1347,0,3
1380,574,1358,0,3
1367,575,1345,0,3
1368,575,1390,3,0
1369,575,1347,0,3
1380,575,1358,0,3
1368,576,1390,3,0
1369,576,1347,0,3
1380,576,1358,0,3
1369,577,1347,0,3
1380,577,1358,0,3
1369,578,1347,0,3
1370,578,1392,3,0
1380,578,1358,0,3
1369,579,1347,0,3
1370,579,1392,3,0
1380,579,1358,0,3
1369,580,1347,0,3
1370,580,1392,3,0
1378,580,1400,3,0
1380,580,1358,0,3
1369,581,1347,0,3
1370,581,1392,3,0
1378,581,1400,3,0
1380,581,1358,0,3
1369,582,1347,0,3
1370,582,1392,3,0
1378,582,1400,3,0
1380,582,1358,0,3
1369,583,1347,0,3
1370,583,1392,3,0
1378,583,1400,3,0
1380,583,1358,0,3
1369,584,1347,0,3
1370,584,1392,3,0
1378,584,1400,3,0
1380,584,1358,0,3
1369,585,1347,0,3
1370,585,1392,3,0
1378,585,1400,3,0
1380,585,1358,0,3
1369,586,1347,0,3
1370,586,1392,3,0
1378,586,1400,3,0
1380,586,1358,0,3
1369,587,1347,0,3
1380,587,1358,0,3
1380,588,1358,0,3
1369,589,1347,0,3
1380,589,1358,0,3
1368,590,1390,3,0
1369,590,1347,0,3
1380,590,1358,0,3
1367,591,1345,0,3
1368,591,1390,3,0
1369,591,1347,0,3
1380,591,1358,0,3
1367,592,1345,0,3
1368,592,1390,3,0
1369,592,1347,0,3
1380,592,1358,0,3
1384,592,1362,0,3
1367,593,1345,0,3
1368,593,1390,3,0
1369,593,1347,0,3
1380,593,1358,0,3
1384,593,1362,0,3
1389,594,1367,0,3
1390,594,1412,3,0
1391,594,1369,0,3
1402,594,1380,0,3
1403,594,1381,0,3
1406,594,1384,0,3
1389,595,1367,0,3
1390,595,1412,3,0
1391,595,1369,0,3
1402,595,1380,0,3
1403,595,1381,0,3
1406,595,1384,0,3
1389,596,1367,0,3
1390,596,1412,3,0
1391,596,1369,0,3
1402,596,1380,0,3
1403,596,1381,0,3
1389,597,1367,0,3
1390,597,1412,3,0
1391,597,1369,0,3
1402,597,1380,0,3
1403,597,1381,0,3
1390,598,1412,3,0
1391,598,1369,0,3
1402,598,1380,0,3
1403,598,1381,0,3
1391,599,1369,0,3
1402,599,1380,0,3
1391,600,1369,0,3
1402,600,1380,0,3
1391,601,1369,0,3
1402,601,1380,0,3
1391,602,1369,0,3
1400,602,1422,3,0
1402,602,1380,0,3
1391,603,1369,0,3
1400,603,1422,3,0
1402,603,1380,0,3
1391,604,1369,0,3
1400,604,1422,3,0
1402,604,1380,0,3
1391,605,1369,0,3
1400,605,1422,3,0
1402,605,1380,0,3
1391,606,1369,0,3
1400,606,1422,3,0
1402,606,1380,0,3
1391,607,1369,0,3
1400,607,1422,3,0
1402,607,1380,0,3
1391,608,1369,0,3
1400,608,1422,3,0
1402,608,1380,0,3
1391,609,1369,0,3
1402,609,1380,0,3
1402,610,1380,0,3
1391,611,1369,0,3
1402,611,1380,0,3
1403,611,1381,0,3
1390,612,1412,3,0
1391,612,1369,0,3
1402,612,1380,0,3
1403,612,1381,0,3
1389,613,1367,0,3
1390,613,1412,3,0
1391,613,1369,0,3
1402,613,1380,0,3
1403,613,1381,0,3
1389,614,1367,0,3
1390,614,1412,3,0
1391,614,1369,0,3
1402,614,1380,0,3
1403,614,1381,0,3
1406,614,1384,0,3
1389,615,1367,0,3
1390,615,1412,3,0
1391,615,1369,0,3
1402,615,1380,0,3
1403,615,1381,0,3
1406,615,1384,0,3
1408,616,1386,0,2
1412,616,1434,3,0
1413,616,1391,0,3
1424,616,1402,0,3
1425,616,1403,0,3
1428,616,1406,0,3
1412,617,1434,3,0
1413,617,1391,0,3
1424,617,1402,0,3
1425,617,1403,0,3
1428,617,1406,0,3
1412,618,1434,3,0
1413,618,1391,0,3
1424,618,1402,0,3
1425,618,1403,0,3
1412,619,1434,3,0
1413,619,1391,0,3
1424,619,1402,0,3
1425,619,1403,0,3
1412,620,1434,3,0
1413,620,1391,0,3
1424,620,1402,0,3
1425,620,1403,0,3
1413,621,1391,0,3
1424,621,1402,0,3
1413,622,1391,0,3
1424,622,1402,0,3
1413,623,1391,0,3
1424,623,1402,0,3
1413,624,1391,0,3
1422,624,1444,3,0
1424,624,1402,0,3
1413,625,1391,0,3
1422,625,1444,3,0
1424,625,1402,0,3
1413,626,1391,0,3
1422,626,1444,3,0
1424,626,1402,0,3
1413,627,1391,0,3
1422,627,1444,3,0
1424,627,1402,0,3
1413,628,1391,0,3
1422,628,1444,3,0
1424,628,1402,0,3
1413,629,1391,0,3
1422,629,1444,3,0
1424,629,1402,0,3
1413,630,1391,0,3
1422,630,1444,3,0
1424,630,1402,0,3
1413,631,1391,0,3
1424,631,1402,0,3
1424,632,1402,0,3
1413,633,1391,0,3
1424,633,1402,0,3
1425,633,1403,0,3
1412,634,1434,3,0
1413,634,1391,0,3
1424,634,1402,0,3
1425,634,1403,0,3
1412,635,1434,3,0
1413,635,1391,0,3
1424,635,1402,0,3
1425,635,1403,0,3
1412,636,1434,3,0
1413,636,1391,0,3
1424,636,1402,0,3
1425,636,1403,0,3
1428,636,1406,0,3
1412,637,1434,3,0
1413,637,1391,0,3
1424,637,1402,0,3
1425,637,1403,0,3
1428,637,1406,0,3
1430,638,1408,0,2
1434,638,1456,3,0
1435,638,1413,0,3
1446,638,1424,0,3
1447,638,1425,0,3
1450,638,1428,0,3
1434,639,1456,3,0
1435,639,1413,0,3
1446,639,1424,0,3
1447,639,1425,0,3
1450,639,1428,0,3
1434,640,1456,3,0
1435,640,1413,0,3
1446,640,1424,0,3
1447,640,1425,0,3
1434,641,1456,3,0
1435,641,1413,0,3
1446,641,1424,0,3
1447,641,1425,0,3
1434,642,1456,3,0
1435,642,1413,0,3
1446,642,1424,0,3
1447,642,1425,0,3
1435,643,1413,0,3
1446,643,1424,0,3
1435,644,1413,0,3
1446,644,1424,0,3
1435,645,1413,0,3
1446,645,1424,0,3
1435,646,1413,0,3
1444,646,1466,3,0
1446,646,1424,0,3
1435,647,1413,0,3
1444,647,1466,3,0
1446,647,1424,0,3
1435,648,1413,0,3
1444,648,1466,3,0
1446,648,1424,0,3
1435,649,1413,0,3
1444,649,1466,3,0
1446,649,1424,0,3
1435,650,1413,0,3
1444,650,1466,3,0
1446,650,1424,0,3
1435,651,1413,0,3
1444,651,1466,3,0
1446,651,1424,0,3
1435,652,1413,0,3
1444,652,1466,3,0
1446,652,1424,0,3
1435,653,1413,0,3
1446,653,1424,0,3
1446,654,1424,0,3
1435,655,1413,0,3
1446,655,1424,0,3
1447,655,1425,0,3
1434,656,1456,3,0
1435,656,1413,0,3
1446,656,1424,0,3
1447,656,1425,0,3
1434,657,1456,3,0
1435,657,1413,0,3
1446,657,1424,0,3
1447,657,1425,0,3
1434,658,1456,3,0
1435,658,1413,0,3
1446,658,1424,0,3
1447,658,1425,0,3
1450,658,1428,0,3
1434,659,1456,3,0
1435,659,1413,0,3
1446,659,1424,0,3
1447,659,1425,0,3
1450,659,1428,0,3
1452,660,1430,0,2
1457,660,1435,0,3
1468,660,1446,0,3
1469,660,1447,0,3
1472,660,1450,0,3
1473,660,1451,0,3
1457,661,1435,0,3
1468,661,1446,0,3
1469,661,1447,0,3
1472,661,1450,0,3
1457,662,1435,0,3
1468,662,1446,0,3
1469,662,1447,0,3
1457,663,1435,0,3
1468,663,1446,0,3
1469,663,1447,0,3
1457,664,1435,0,3
1468,664,1446,0,3
1469,664,1447,0,3
1457,665,1435,0,3
1468,665,1446,0,3
1457,666,1435,0,3
1468,666,1446,0,3
1457,667,1435,0,3
1468,667,1446,0,3
1457,668,1435,0,3
1466,668,1488,3,0
1468,668,1446,0,3
1457,669,1435,0,3
1466,669,1488,3,0
1468,669,1446,0,3
1457,670,1435,0,3
1466,670,1488,3,0
1468,670,1446,0,3
1457,671,1435,0,3
1466,671,1488,3,0
1468,671,1446,0,3
1457,672,1435,0,3
1466,672,1488,3,0
1468,672,1446,0,3
1457,673,1435,0,3
1466,673,1488,3,0
1468,673,1446,0,3
1457,674,1435,0,3
1466,674,1488,3,0
1468,674,1446,0,3
1457,675,1435,0,3
1468,675,1446,0,3
1468,676,1446,0,3
1457,677,1435,0,3
1468,677,1446,0,3
1469,677,1447,0,3
1457,678,1435,0,3
1468,678,1446,0,3
1469,678,1447,0,3
1457,679,1435,0,3
1468,679,1446,0,3
1469,679,1447,0,3
1457,680,1435,0,3
1468,680,1446,0,3
1469,680,1447,0,3
1472,680,1450,0,3
1457,681,1435,0,3
1468,681,1446,0,3
1469,681,1447,0,3
1472,681,1450,0,3
1473,681,1451,0,3
1474,682,1452,0,2
1478,682,1456,0,3
1479,682,1457,0,3
1490,682,1468,0,3
1491,682,1469,0,3
1494,682,1472,0,3
1478,683,1456,0,3
1479,683,1457,0,3
1490,683,1468,0,3
1491,683,1469,0,3
1494,683,1472,0,3
1478,684,1456,0,3
1479,684,1457,0,3
1490,684,1468,0,3
1491,684,1469,0,3
1478,685,1456,0,3
1479,685,1457,0,3
1490,685,1468,0,3
1491,685,1469,0,3
1478,686,1456,0,3
1479,686,1457,0,3
1490,686,1468,0,3
1491,686,1469,0,3
1479,687,1457,0,3
1490,687,1468,0,3
1479,688,1457,0,3
1490,688,1468,0,3
1479,689,1457,0,3
1490,689,1468,0,3
1479,690,1457,0,3
1488,690,1510,3,0
1490,690,1468,0,3
1479,691,1457,0,3
1488,691,1510,3,0
1490,691,1468,0,3
1479,692,1457,0,3
1484,692,1462,0,3
1488,692,1510,3,0
1490,692,1468,0,3
1479,693,1457,0,3
1484,693,1462,0,3
1488,693,1510,3,0
1490,693,1468,0,3
1479,694,1457,0,3
1488,694,1510,3,0
1490,694,1468,0,3
1479,695,1457,0,3
1488,695,1510,3,0
1490,695,1468,0,3
1479,696,1457,0,3
1488,696,1510,3,0
1490,696,1468,0,3
1479,697,1457,0,3
1490,697,1468,0,3
1490,698,1468,0,3
1479,699,1457,0,3
1490,699,1468,0,3
1491,699,1469,0,3
1478,700,1456,0,3
1479,700,1457,0,3
1490,700,1468,0,3
1491,700,1469,0,3
1478,701,1456,0,3
1479,701,1457,0,3
1490,701,1468,0,3
1491,701,1469,0,3
1478,702,1456,0,3
1479,702,1457,0,3
1490,702,1468,0,3
1491,702,1469,0,3
1494,702,1472,0,3
1478,703,1456,0,3
1479,703,1457,0,3
1490,703,1468,0,3
1491,703,1469,0,3
1494,703,1472,0,3
1496,704,1474,0,2
1501,704,1479,0,3
1512,704,1490,0,3
1513,704,1491,0,3
1516,704,1494,0,3
1501,705,1479,0,3
1512,705,1490,0,3
1513,705,1491,0,3
1516,705,1494,0,3
1501,706,1479,0,3
1512,706,1490,0,3
1513,706,1491,0,3
1501,707,1479,0,3
1512,707,1490,0,3
1513,707,1491,0,3
1501,708,1479,0,3
1512,708,1490,0,3
1513,708,1491,0,3
1501,709,1479,0,3
1512,709,1490,0,3
1501,710,1479,0,3
1512,710,1490,0,3
1501,711,1479,0,3
1512,711,1490,0,3
1501,712,1479,0,3
1510,712,1532,3,0
1512,712,1490,0,3
1501,713,1479,0,3
1510,713,1532,3,0
1512,713,1490,0,3
1501,714,1479,0,3
1506,714,1484,0,3
1510,714,1532,3,0
1512,714,1490,0,3
1501,715,1479,0,3
1506,715,1484,0,3
1510,715,1532,3,0
1512,715,1490,0,3
1501,716,1479,0,3
1510,716,1532,3,0
1512,716,1490,0,3
1501,717,1479,0,3
1510,717,1532,3,0
1512,717,1490,0,3
1501,718,1479,0,3
1510,718,1532,3,0
1512,718,1490,0,3
1501,719,1479,0,3
1512,719,1490,0,3
1512,720,1490,0,3
1501,721,1479,0,3
1512,721,1490,0,3
1513,721,1491,0,3
1501,722,1479,0,3
1512,722,1490,0,3
1513,722,1491,0,3
1501,723,1479,0,3
1512,723,1490,0,3
1513,723,1491,0,3
1501,724,1479,0,3
1512,724,1490,0,3
1513,724,1491,0,3
1516,724,1494,0,3
1501,725,1479,0,3
1512,725,1490,0,3
1513,725,1491,0,3
1516,725,1494,0,3
1522,726,1500,0,3
1523,726,1501,0,3
1535,726,1513,0,3
1537,726,1559,3,0
1538,726,1516,0,3
1522,727,1500,0,3
1523,727,1501,0,3
1535,727,1513,0,3
1537,727,1559,3,0
1538,727,1516,0,3
1522,728,1500,0,3
1523,728,1501,0,3
1535,728,1513,0,3
1537,728,1559,3,0
1522,729,1500,0,3
1523,729,1501,0,3
1535,729,1513,0,3
1522,730,1500,0,3
1523,730,1501,0,3
1535,730,1513,0,3
1523,731,1501,0,3
1523,732,1501,0,3
1524,732,1502,0,3
1523,733,1501,0,3
1524,733,1502,0,3
1533,733,1511,0,3
1523,734,1501,0,3
1524,734,1502,0,3
1532,734,1554,3,0
1533,734,1511,0,3
1523,735,1501,0,3
1524,735,1502,0,3
1531,735,1509,0,3
1532,735,1554,3,0
1533,735,1511,0,3
1523,736,1501,0,3
1524,736,1502,0,3
1528,736,1506,0,3
1530,736,1552,3,0
1531,736,1509,0,3
1532,736,1554,3,0
1533,736,1511,0,3
1523,737,1501,0,3
1524,737,1502,0,3
1528,737,1506,0,3
1530,737,1552,3,0
1531,737,1509,0,3
1532,737,1554,3,0
1533,737,1511,0,3
1523,738,1501,0,3
1524,738,1502,0,3
1530,738,1552,3,0
1531,738,1509,0,3
1532,738,1554,3,0
1533,738,1511,0,3
1523,739,1501,0,3
1524,739,1502,0,3
1531,739,1509,0,3
1532,739,1554,3,0
1533,739,1511,0,3
1523,740,1501,0,3
1524,740,1502,0,3
1532,740,1554,3,0
1533,740,1511,0,3
1523,741,1501,0,3
1524,741,1502,0,3
1533,741,1511,0,3
1523,743,1501,0,3
1535,743,1513,0,3
1522,744,1500,0,3
1523,744,1501,0,3
1535,744,1513,0,3
1522,745,1500,0,3
1523,745,1501,0,3
1535,745,1513,0,3
1537,745,1559,3,0
1522,746,1500,0,3
1523,746,1501,0,3
1535,746,1513,0,3
1537,746,1559,3,0
1538,746,1516,0,3
1522,747,1500,0,3
1523,747,1501,0,3
1535,747,1513,0,3
1537,747,1559,3,0
1538,747,1516,0,3
1540,748,1518,0,2
1541,748,1563,3,0
1544,748,1522,0,3
1545,748,1523,0,3
1557,748,1535,0,3
1559,748,1581,3,0
1560,748,1538,0,3
1541,749,1563,3,0
1544,749,1522,0,3
1545,749,1523,0,3
1557,749,1535,0,3
1559,749,1581,3,0
1560,749,1538,0,3
1544,750,1522,0,3
1545,750,1523,0,3
1557,750,1535,0,3
1559,750,1581,3,0
1544,751,1522,0,3
1545,751,1523,0,3
1557,751,1535,0,3
1544,752,1522,0,3
1545,752,1523,0,3
1557,752,1535,0,3
1545,753,1523,0,3
1545,754,1523,0,3
1545,755,1523,0,3
1555,755,1533,0,3
1545,756,1523,0,3
1554,756,1576,3,0
1555,756,1533,0,3
1545,757,1523,0,3
1549,757,1571,3,0
1553,757,1531,0,3
1554,757,1576,3,0
1555,757,1533,0,3
1545,758,1523,0,3
1549,758,1571,3,0
1550,758,1528,0,3
1552,758,1574,3,0
1553,758,1531,0,3
1554,758,1576,3,0
1555,758,1533,0,3
1545,759,1523,0,3
1549,759,1571,3,0
1550,759,1528,0,3
1552,759,1574,3,0
1553,759,1531,0,3
1554,759,1576,3,0
1555,759,1533,0,3
1545,760,1523,0,3
1549,760,1571,3,0
1552,760,1574,3,0
1553,760,1531,0,3
1554,760,1576,3,0
1555,760,1533,0,3
1545,761,1523,0,3
1553,761,1531,0,3
1554,761,1576,3,0
1555,761,1533,0,3
1545,762,1523,0,3
1554,762,1576,3,0
1555,762,1533,0,3
1545,763,1523,0,3
1555,763,1533,0,3
1545,765,1523,0,3
1557,765,1535,0,3
1544,766,1522,0,3
1545,766,1523,0,3
1557,766,1535,0,3
1544,767,1522,0,3
1545,767,1523,0,3
1557,767,1535,0,3
1559,767,1581,3,0
1544,768,1522,0,3
1545,768,1523,0,3
1557,768,1535,0,3
1559,768,1581,3,0
1560,768,1538,0,3
1541,769,1563,3,0
1544,769,1522,0,3
1545,769,1523,0,3
1557,769,1535,0,3
1559,769,1581,3,0
1560,769,1538,0,3
1562,770,1540,0,2
1563,770,1,3,3
1565,770,1543,0,3
1566,770,1544,0,3
1567,770,1545,0,3
1579,770,1557,0,3
1581,770,19,3,3
1582,770,1560,0,3
1583,770,21,3,3
1563,771,1,3,3
1565,771,1543,0,3
1566,771,1544,0,3
1567,771,1545,0,3
1579,771,1557,0,3
1581,771,19,3,3
1582,771,1560,0,3
1565,772,1543,0,3
1566,772,1544,0,3
1567,772,1545,0,3
1579,772,1557,0,3
1581,772,19,3,3
1565,773,1543,0,3
1566,773,1544,0,3
1567,773,1545,0,3
1579,773,1557,0,3
1566,774,1544,0,3
1567,774,1545,0,3
1579,774,1557,0,3
1567,775,1545,0,3
1567,776,1545,0,3
1568,776,1546,0,3
1567,777,1545,0,3
1568,777,1546,0,3
1569,777,1547,0,3
1567,778,1545,0,3
1568,778,1546,0,3
1569,778,1547,0,3
1576,778,14,3,3
1567,779,1545,0,3
1568,779,1546,0,3
1569,779,1547,0,3
1575,779,1553,0,3
1576,779,14,3,3
1567,780,1545,0,3
1568,780,1546,0,3
1569,780,1547,0,3
1572,780,1550,0,3
1575,780,1553,0,3
1576,780,14,3,3
1567,781,1545,0,3
1568,781,1546,0,3
1569,781,1547,0,3
1572,781,1550,0,3
1573,781,1551,0,3
1575,781,1553,0,3
1576,781,14,3,3
1567,782,1545,0,3
1568,782,1546,0,3
1569,782,1547,0,3
1575,782,1553,0,3
1576,782,14,3,3
1567,783,1545,0,3
1568,783,1546,0,3
1569,783,1547,0,3
1575,783,1553,0,3
1576,783,14,3,3
1567,784,1545,0,3
1568,784,1546,0,3
1569,784,1547,0,3
1576,784,14,3,3
1567,785,1545,0,3
1568,785,1546,0,3
1567,787,1545,0,3
1579,787,1557,0,3
1566,788,1544,0,3
1567,788,1545,0,3
1579,788,1557,0,3
1565,789,1543,0,3
1566,789,1544,0,3
1567,789,1545,0,3
1579,789,1557,0,3
1581,789,19,3,3
1565,790,1543,0,3
1566,790,1544,0,3
1567,790,1545,0,3
1579,790,1557,0,3
1581,790,19,3,3
1582,790,1560,0,3
1563,791,1,3,3
1565,791,1543,0,3
1566,791,1544,0,3
1567,791,1545,0,3
1579,791,1557,0,3
1581,791,19,3,3
1582,791,1560,0,3
1583,791,21,3,3
0,792,1562,3,2
3,792,1565,3,3
4,792,1566,3,3
5,792,1567,3,3
17,792,1579,3,3
19,792,41,2,0
20,792,1582,3,3
21,792,43,2,0
3,793,1565,3,3
4,793,1566,3,3
5,793,1567,3,3
17,793,1579,3,3
19,793,41,2,0
20,793,1582,3,3
3,794,1565,3,3
4,794,1566,3,3
5,794,1567,3,3
17,794,1579,3,3
19,794,41,2,0
3,795,1565,3,3
4,795,1566,3,3
5,795,1567,3,3
17,795,1579,3,3
4,796,1566,3,3
5,796,1567,3,3
17,796,1579,3,3
5,797,1567,3,3
5,798,1567,3,3
6,798,1568,3,3
5,799,1567,3,3
6,799,1568,3,3
15,799,1577,3,3
5,800,1567,3,3
6,800,1568,3,3
15,800,1577,3,3
5,801,1567,3,3
6,801,1568,3,3
9,801,31,2,0
13,801,1575,3,3
15,801,1577,3,3
5,802,1567,3,3
6,802,1568,3,3
9,802,31,2,0
10,802,1572,3,3
13,802,1575,3,3
15,802,1577,3,3
5,803,1567,3,3
6,803,1568,3,3
9,803,31,2,0
10,803,1572,3,3
13,803,1575,3,3
15,803,1577,3,3
5,804,1567,3,3
6,804,1568,3,3
9,804,31,2,0
13,804,1575,3,3
15,804,1577,3,3
5,805,1567,3,3
6,805,1568,3,3
13,805,1575,3,3
15,805,1577,3,3
5,806,1567,3,3
6,806,1568,3,3
15,806,1577,3,3
5,807,1567,3,3
15,807,1577,3,3
5,809,1567,3,3
17,809,1579,3,3
4,810,1566,3,3
5,810,1567,3,3
17,810,1579,3,3
3,811,1565,3,3
4,811,1566,3,3
5,811,1567,3,3
17,811,1579,3,3
19,811,41,2,0
3,812,1565,3,3
4,812,1566,3,3
5,812,1567,3,3
17,812,1579,3,3
19,812,41,2,0
20,812,1582,3,3
3,813,1565,3,3
4,813,1566,3,3
5,813,1567,3,3
17,813,1579,3,3
19,813,41,2,0
20,813,1582,3,3
21,813,43,2,0
22,814,0,0,1
25,814,3,0,2
26,814,4,0,2
39,814,17,0,2
41,814,63,3,0
42,814,20,0,2
43,814,65,3,0
25,815,3,0,2
26,815,4,0,2
39,815,17,0,2
41,815,63,3,0
42,815,20,0,2
25,816,3,0,2
26,816,4,0,2
39,816,17,0,2
41,816,63,3,0
25,817,3,0,2
26,817,4,0,2
39,817,17,0,2
26,818,4,0,2
39,818,17,0,2
28,820,6,0,2
28,821,6,0,2
37,821,15,0,2
28,822,6,0,2
37,822,15,0,2
28,823,6,0,2
31,823,53,3,0
37,823,15,0,2
28,824,6,0,2
31,824,53,3,0
32,824,10,0,2
37,824,15,0,2
28,825,6,0,2
31,825,53,3,0
32,825,10,0,2
37,825,15,0,2
28,826,6,0,2
31,826,53,3,0
37,826,15,0,2
28,827,6,0,2
37,827,15,0,2
28,828,6,0,2
37,828,15,0,2
28,829,6,0,2
37,829,15,0,2
39,831,17,0,2
26,832,4,0,2
39,832,17,0,2
25,833,3,0,2
26,833,4,0,2
39,833,17,0,2
41,833,63,3,0
25,834,3,0,2
26,834,4,0,2
39,834,17,0,2
41,834,63,3,0
42,834,20,0,2
25,835,3,0,2
26,835,4,0,2
39,835,17,0,2
41,835,63,3,0
42,835,20,0,2
43,835,65,3,0
44,836,22,0,2
48,836,26,0,3
61,836,39,0,3
63,836,85,3,0
64,836,42,0,3
65,836,87,3,0
48,837,26,0,3
61,837,39,0,3
63,837,85,3,0
64,837,42,0,3
48,838,26,0,3
61,838,39,0,3
63,838,85,3,0
48,839,26,0,3
61,839,39,0,3
48,840,26,0,3
61,840,39,0,3
50,842,28,0,3
50,843,28,0,3
51,843,29,0,3
59,843,37,0,3
50,844,28,0,3
51,844,29,0,3
58,844,36,0,3
59,844,37,0,3
50,845,28,0,3
51,845,29,0,3
53,845,75,3,0
58,845,36,0,3
59,845,37,0,3
50,846,28,0,3
51,846,29,0,3
53,846,75,3,0
54,846,32,0,3
58,846,36,0,3
59,846,37,0,3
50,847,28,0,3
51,847,29,0,3
53,847,75,3,0
54,847,32,0,3
55,847,77,3,0
58,847,36,0,3
59,847,37,0,3
50,848,28,0,3
51,848,29,0,3
53,848,75,3,0
58,848,36,0,3
59,848,37,0,3
50,849,28,0,3
51,849,29,0,3
58,849,36,0,3
59,849,37,0,3
50,850,28,0,3
51,850,29,0,3
58,850,36,0,3
59,850,37,0,3
59,851,37,0,3
61,853,39,0,3
48,854,26,0,3
61,854,39,0,3
48,855,26,0,3
61,855,39,0,3
63,855,85,3,0
48,856,26,0,3
61,856,39,0,3
63,856,85,3,0
64,856,42,0,3
48,857,26,0,3
61,857,39,0,3
63,857,85,3,0
64,857,42,0,3
65,857,87,3,0
66,858,44,0,2
69,858,91,3,0
70,858,48,0,3
83,858,61,0,3
85,858,107,3,0
86,858,64,0,3
87,858,109,3,0
69,859,91,3,0
70,859,48,0,3
83,859,61,0,3
85,859,107,3,0
86,859,64,0,3
69,860,91,3,0
70,860,48,0,3
83,860,61,0,3
85,860,107,3,0
69,861,91,3,0
70,861,48,0,3
83,861,61,0,3
70,862,48,0,3
83,862,61,0,3
72,864,50,0,3
72,865,50,0,3
73,865,51,0,3
81,865,59,0,3
72,866,50,0,3
73,866,51,0,3
74,866,96,3,0
80,866,58,0,3
81,866,59,0,3
72,867,50,0,3
73,867,51,0,3
74,867,96,3,0
75,867,97,3,0
80,867,58,0,3
81,867,59,0,3
72,868,50,0,3
73,868,51,0,3
74,868,96,3,0
75,868,97,3,0
76,868,54,0,3
80,868,58,0,3
81,868,59,0,3
72,869,50,0,3
73,869,51,0,3
74,869,96,3,0
75,869,97,3,0
76,869,54,0,3
80,869,58,0,3
81,869,59,0,3
72,870,50,0,3
73,870,51,0,3
74,870,96,3,0
75,870,97,3,0
80,870,58,0,3
81,870,59,0,3
72,871,50,0,3
73,871,51,0,3
74,871,96,3,0
80,871,58,0,3
81,871,59,0,3
72,872,50,0,3
73,872,51,0,3
80,872,58,0,3
81,872,59,0,3
72,873,50,0,3
81,873,59,0,3
83,875,61,0,3
70,876,48,0,3
83,876,61,0,3
69,877,91,3,0
70,877,48,0,3
83,877,61,0,3
85,877,107,3,0
69,878,91,3,0
70,878,48,0,3
83,878,61,0,3
85,878,107,3,0
86,878,64,0,3
69,879,91,3,0
70,879,48,0,3
83,879,61,0,3
85,879,107,3,0
86,879,64,0,3
87,879,109,3,0
88,880,66,0,2
89,880,67,0,3
91,880,113,3,0
92,880,70,0,3
105,880,83,0,3
107,880,129,3,0
108,880,86,0,3
109,880,131,3,0
89,881,67,0,3
91,881,113,3,0
92,881,70,0,3
105,881,83,0,3
107,881,129,3,0
108,881,86,0,3
91,882,113,3,0
92,882,70,0,3
105,882,83,0,3
107,882,129,3,0
91,883,113,3,0
92,883,70,0,3
105,883,83,0,3
92,884,70,0,3
105,884,83,0,3
95,887,73,0,3
103,887,81,0,3
95,888,73,0,3
96,888,118,3,0
102,888,80,0,3
103,888,81,0,3
95,889,73,0,3
96,889,118,3,0
101,889,123,3,0
102,889,80,0,3
103,889,81,0,3
95,890,73,0,3
96,890,118,3,0
98,890,76,0,3
101,890,123,3,0
102,890,80,0,3
103,890,81,0,3
95,891,73,0,3
96,891,118,3,0
98,891,76,0,3
101,891,123,3,0
102,891,80,0,3
103,891,81,0,3
95,892,73,0,3
96,892,118,3,0
101,892,123,3,0
102,892,80,0,3
103,892,81,0,3
95,893,73,0,3
96,893,118,3,0
101,893,123,3,0
102,893,80,0,3
103,893,81,0,3
95,894,73,0,3
102,894,80,0,3
103,894,81,0,3
103,895,81,0,3
105,897,83,0,3
92,898,70,0,3
105,898,83,0,3
91,899,113,3,0
92,899,70,0,3
105,899,83,0,3
107,899,129,3,0
91,900,113,3,0
92,900,70,0,3
105,900,83,0,3
107,900,129,3,0
108,900,86,0,3
89,901,67,0,3
91,901,113,3,0
92,901,70,0,3
105,901,83,0,3
107,901,129,3,0
108,901,86,0,3
109,901,131,3,0
110,902,88,0,2
111,902,89,0,3
114,902,92,0,3
127,902,105,0,3
129,902,151,3,0
130,902,108,0,3
131,902,153,3,0
111,903,89,0,3
114,903,92,0,3
127,903,105,0,3
129,903,151,3,0
130,903,108,0,3
114,904,92,0,3
127,904,105,0,3
129,904,151,3,0
114,905,92,0,3
127,905,105,0,3
114,906,92,0,3
127,906,105,0,3
117,909,95,0,3
125,909,103,0,3
117,910,95,0,3
118,910,140,3,0
124,910,102,0,3
125,910,103,0,3
117,911,95,0,3
118,911,140,3,0
123,911,145,3,0
124,911,102,0,3
125,911,103,0,3
117,912,95,0,3
118,912,140,3,0
120,912,98,0,3
123,912,145,3,0
124,912,102,0,3
125,912,103,0,3
117,913,95,0,3
118,913,140,3,0
120,913,98,0,3
123,913,145,3,0
124,913,102,0,3
125,913,103,0,3
117,914,95,0,3
118,914,140,3,0
123,914,145,3,0
124,914,102,0,3
125,914,103,0,3
117,915,95,0,3
118,915,140,3,0
123,915,145,3,0
124,915,102,0,3
125,915,103,0,3
117,916,95,0,3
124,916,102,0,3
125,916,103,0,3
125,917,103,0,3
127,919,105,0,3
114,920,92,0,3
127,920,105,0,3
114,921,92,0,3
127,921,105,0,3
129,921,151,3,0
114,922,92,0,3
127,922,105,0,3
129,922,151,3,0
130,922,108,0,3
111,923,89,0,3
114,923,92,0,3
127,923,105,0,3
129,923,151,3,0
130,923,108,0,3
131,923,153,3,0
132,924,110,0,2
133,924,111,0,3
136,924,114,0,3
137,924,159,3,0
152,924,130,0,3
133,925,111,0,3
136,925,114,0,3
137,925,159,3,0
152,925,130,0,3
136,926,114,0,3
137,926,159,3,0
136,927,114,0,3
137,927,159,3,0
136,928,114,0,3
137,928,159,3,0
137,929,159,3,0
137,930,159,3,0
137,931,159,3,0
147,931,125,0,3
137,932,159,3,0
140,932,162,3,0
146,932,124,0,3
147,932,125,0,3
137,933,159,3,0
140,933,162,3,0
145,933,167,3,0
146,933,124,0,3
147,933,125,0,3
137,934,159,3,0
140,934,162,3,0
142,934,120,0,3
145,934,167,3,0
146,934,124,0,3
147,934,125,0,3
137,935,159,3,0
140,935,162,3,0
142,935,120,0,3
145,935,167,3,0
146,935,124,0,3
147,935,125,0,3
137,936,159,3,0
140,936,162,3,0
145,936,167,3,0
146,936,124,0,3
147,936,125,0,3
137,937,159,3,0
140,937,162,3,0
145,937,167,3,0
146,937,124,0,3
147,937,125,0,3
137,938,159,3,0
146,938,124,0,3
147,938,125,0,3
137,939,159,3,0
147,939,125,0,3
137,941,159,3,0
136,942,114,0,3
137,942,159,3,0
136,943,114,0,3
137,943,159,3,0
136,944,114,0,3
137,944,159,3,0
152,944,130,0,3
133,945,111,0,3
136,945,114,0,3
137,945,159,3,0
152,945,130,0,3
154,946,132,0,2
155,946,133,0,3
156,946,178,3,0
159,946,181,3,0
173,946,195,3,0
174,946,152,0,3
155,947,133,0,3
156,947,178,3,0
159,947,181,3,0
173,947,195,3,0
174,947,152,0,3
156,948,178,3,0
159,948,181,3,0
173,948,195,3,0
159,949,181,3,0
159,950,181,3,0
159,951,181,3,0
159,952,181,3,0
159,953,181,3,0
169,953,147,0,3
159,954,181,3,0
162,954,184,3,0
168,954,146,0,3
169,954,147,0,3
159,955,181,3,0
162,955,184,3,0
167,955,189,3,0
168,955,146,0,3
169,955,147,0,3
159,956,181,3,0
162,956,184,3,0
164,956,142,0,3
167,956,189,3,0
168,956,146,0,3
169,956,147,0,3
159,957,181,3,0
162,957,184,3,0
164,957,142,0,3
167,957,189,3,0
168,957,146,0,3
169,957,147,0,3
159,958,181,3,0
162,958,184,3,0
167,958,189,3,0
168,958,146,0,3
169,958,147,0,3
159,959,181,3,0
162,959,184,3,0
167,959,189,3,0
168,959,146,0,3
169,959,147,0,3
159,960,181,3,0
168,960,146,0,3
169,960,147,0,3
159,961,181,3,0
169,961,147,0,3
159,963,181,3,0
159,964,181,3,0
159,965,181,3,0
173,965,195,3,0
156,966,178,3,0
159,966,181,3,0
173,966,195,3,0
174,966,152,0,3
155,967,133,0,3
156,967,178,3,0
159,967,181,3,0
173,967,195,3,0
174,967,152,0,3
176,968,154,0,2
177,968,155,0,3
178,968,200,3,0
180,968,158,0,3
181,968,203,3,0
194,968,216,3,0
195,968,217,3,0
196,968,174,0,3
177,969,155,0,3
178,969,200,3,0
180,969,158,0,3
181,969,203,3,0
194,969,216,3,0
195,969,217,3,0
196,969,174,0,3
178,970,200,3,0
180,970,158,0,3
181,970,203,3,0
194,970,216,3,0
195,970,217,3,0
180,971,158,0,3
181,971,203,3,0
194,971,216,3,0
180,972,158,0,3
181,972,203,3,0
181,973,203,3,0
181,974,203,3,0
182,974,160,0,3
181,975,203,3,0
182,975,160,0,3
191,975,169,0,3
181,976,203,3,0
182,976,160,0,3
184,976,206,3,0
190,976,168,0,3
191,976,169,0,3
181,977,203,3,0
182,977,160,0,3
184,977,206,3,0
185,977,163,0,3
189,977,211,3,0
190,977,168,0,3
191,977,169,0,3
181,978,203,3,0
182,978,160,0,3
184,978,206,3,0
185,978,163,0,3
186,978,164,0,3
188,978,166,0,3
189,978,211,3,0
190,978,168,0,3
191,978,169,0,3
181,979,203,3,0
182,979,160,0,3
184,979,206,3,0
185,979,163,0,3
186,979,164,0,3
188,979,166,0,3
189,979,211,3,0
190,979,168,0,3
191,979,169,0,3
181,980,203,3,0
182,980,160,0,3
184,980,206,3,0
185,980,163,0,3
188,980,166,0,3
189,980,211,3,0
190,980,168,0,3
191,980,169,0,3
181,981,203,3,0
182,981,160,0,3
184,981,206,3,0
189,981,211,3,0
190,981,168,0,3
191,981,169,0,3
181,982,203,3,0
182,982,160,0,3
190,982,168,0,3
191,982,169,0,3
181,983,203,3,0
191,983,169,0,3
181,985,203,3,0
180,986,158,0,3
181,986,203,3,0
194,986,216,3,0
180,987,158,0,3
181,987,203,3,0
194,987,216,3,0
195,987,217,3,0
178,988,200,3,0
180,988,158,0,3
181,988,203,3,0
194,988,216,3,0
195,988,217,3,0
196,988,174,0,3
177,989,155,0,3
178,989,200,3,0
180,989,158,0,3
181,989,203,3,0
194,989,216,3,0
195,989,217,3,0
196,989,174,0,3
198,990,176,0,2
199,990,177,0,3
202,990,180,0,3
203,990,225,3,0
216,990,238,3,0
218,990,196,0,3
199,991,177,0,3
202,991,180,0,3
203,991,225,3,0
216,991,238,3,0
218,991,196,0,3
202,992,180,0,3
203,992,225,3,0
216,992,238,3,0
202,993,180,0,3
203,993,225,3,0
216,993,238,3,0
202,994,180,0,3
203,994,225,3,0
203,995,225,3,0
203,996,225,3,0
203,997,225,3,0
213,997,191,0,3
203,998,225,3,0
206,998,228,3,0
212,998,190,0,3
213,998,191,0,3
203,999,225,3,0
206,999,228,3,0
207,999,185,0,3
211,999,233,3,0
212,999,190,0,3
213,999,191,0,3
203,1000,225,3,0
206,1000,228,3,0
207,1000,185,0,3
210,1000,188,0,3
211,1000,233,3,0
212,1000,190,0,3
213,1000,191,0,3
203,1001,225,3,0
206,1001,228,3,0
207,1001,185,0,3
210,1001,188,0,3
211,1001,233,3,0
212,1001,190,0,3
213,1001,191,0,3
203,1002,225,3,0
206,1002,228,3,0
207,1002,185,0,3
210,1002,188,0,3
211,1002,233,3,0
212,1002,190,0,3
213,1002,191,0,3
203,1003,225,3,0
206,1003,228,3,0
211,1003,233,3,0
212,1003,190,0,3
213,1003,191,0,3
203,1004,225,3,0
212,1004,190,0,3
213,1004,191,0,3
203,1005,225,3,0
213,1005,191,0,3
203,1007,225,3,0
202,1008,180,0,3
203,1008,225,3,0
216,1008,238,3,0
202,1009,180,0,3
203,1009,225,3,0
216,1009,238,3,0
202,1010,180,0,3
203,1010,225,3,0
216,1010,238,3,0
218,1010,196,0,3
199,1011,177,0,3
202,1011,180,0,3
203,1011,225,3,0
216,1011,238,3,0
218,1011,196,0,3
220,1012,198,0,2
221,1012,199,0,3
224,1012,202,0,3
225,1012,247,3,0
238,1012,216,0,3
221,1013,199,0,3
224,1013,202,0,3
225,1013,247,3,0
238,1013,216,0,3
224,1014,202,0,3
225,1014,247,3,0
238,1014,216,0,3
224,1015,202,0,3
225,1015,247,3,0
238,1015,216,0,3
224,1016,202,0,3
225,1016,247,3,0
225,1017,247,3,0
225,1018,247,3,0
225,1019,247,3,0
235,1019,213,0,3
225,1020,247,3,0
234,1020,212,0,3
235,1020,213,0,3
225,1021,247,3,0
229,1021,207,0,3
233,1021,255,3,0
234,1021,212,0,3
235,1021,213,0,3
225,1022,247,3,0
229,1022,207,0,3
232,1022,254,3,0
233,1022,255,3,0
234,1022,212,0,3
235,1022,213,0,3
225,1023,247,3,0
229,1023,207,0,3
232,1023,254,3,0
233,1023,255,3,0
234,1023,212,0,3
235,1023,213,0,3
225,1024,247,3,0
229,1024,207,0,3
232,1024,254,3,0
233,1024,255,3,0
234,1024,212,0,3
235,1024,213,0,3
225,1025,247,3,0
233,1025,255,3,0
234,1025,212,0,3
235,1025,213,0,3
225,1026,247,3,0
234,1026,212,0,3
235,1026,213,0,3
225,1027,247,3,0
235,1027,213,0,3
225,1029,247,3,0
224,1030,202,0,3
225,1030,247,3,0
238,1030,216,0,3
224,1031,202,0,3
225,1031,247,3,0
238,1031,216,0,3
224,1032,202,0,3
225,1032,247,3,0
238,1032,216,0,3
221,1033,199,0,3
224,1033,202,0,3
225,1033,247,3,0
238,1033,216,0,3
242,1034,220,0,2
243,1034,221,0,3
246,1034,224,0,3
247,1034,269,3,0
260,1034,238,0,3
262,1034,284,3,0
243,1035,221,0,3
246,1035,224,0,3
247,1035,269,3,0
260,1035,238,0,3
262,1035,284,3,0
246,1036,224,0,3
247,1036,269,3,0
260,1036,238,0,3
246,1037,224,0,3
247,1037,269,3,0
260,1037,238,0,3
246,1038,224,0,3
247,1038,269,3,0
247,1039,269,3,0
247,1040,269,3,0
247,1041,269,3,0
257,1041,235,0,3
247,1042,269,3,0
256,1042,234,0,3
257,1042,235,0,3
247,1043,269,3,0
251,1043,229,0,3
255,1043,277,3,0
256,1043,234,0,3
257,1043,235,0,3
247,1044,269,3,0
251,1044,229,0,3
252,1044,230,0,3
254,1044,276,3,0
255,1044,277,3,0
256,1044,234,0,3
257,1044,235,0,3
247,1045,269,3,0
251,1045,229,0,3
252,1045,230,0,3
254,1045,276,3,0
255,1045,277,3,0
256,1045,234,0,3
257,1045,235,0,3
247,1046,269,3,0
251,1046,229,0,3
254,1046,276,3,0
255,1046,277,3,0
256,1046,234,0,3
257,1046,235,0,3
247,1047,269,3,0
255,1047,277,3,0
256,1047,234,0,3
257,1047,235,0,3
247,1048,269,3,0
256,1048,234,0,3
257,1048,235,0,3
247,1049,269,3,0
257,1049,235,0,3
247,1051,269,3,0
246,1052,224,0,3
247,1052,269,3,0
260,1052,238,0,3
246,1053,224,0,3
247,1053,269,3,0
260,1053,238,0,3
246,1054,224,0,3
247,1054,269,3,0
260,1054,238,0,3
262,1054,284,3,0
243,1055,221,0,3
246,1055,224,0,3
247,1055,269,3,0
260,1055,238,0,3
262,1055,284,3,0
264,1056,242,0,2
265,1056,243,0,3
268,1056,246,0,3
269,1056,291,3,0
284,1056,306,3,0
265,1057,243,0,3
268,1057,246,0,3
269,1057,291,3,0
284,1057,306,3,0
268,1058,246,0,3
269,1058,291,3,0
268,1059,246,0,3
269,1059,291,3,0
268,1060,246,0,3
269,1060,291,3,0
269,1061,291,3,0
269,1062,291,3,0
270,1062,292,3,0
269,1063,291,3,0
270,1063,292,3,0
279,1063,257,0,3
269,1064,291,3,0
270,1064,292,3,0
278,1064,256,0,3
279,1064,257,0,3
269,1065,291,3,0
270,1065,292,3,0
277,1065,299,3,0
278,1065,256,0,3
279,1065,257,0,3
269,1066,291,3,0
270,1066,292,3,0
277,1066,299,3,0
278,1066,256,0,3
279,1066,257,0,3
269,1067,291,3,0
270,1067,292,3,0
277,1067,299,3,0
278,1067,256,0,3
279,1067,257,0,3
269,1068,291,3,0
270,1068,292,3,0
277,1068,299,3,0
278,1068,256,0,3
279,1068,257,0,3
269,1069,291,3,0
270,1069,292,3,0
277,1069,299,3,0
278,1069,256,0,3
279,1069,257,0,3
269,1070,291,3,0
270,1070,292,3,0
278,1070,256,0,3
279,1070,257,0,3
269,1071,291,3,0
279,1071,257,0,3
269,1073,291,3,0
268,1074,246,0,3
269,1074,291,3,0
268,1075,246,0,3
269,1075,291,3,0
268,1076,246,0,3
269,1076,291,3,0
284,1076,306,3,0
265,1077,243,0,3
268,1077,246,0,3
269,1077,291,3,0
284,1077,306,3,0
287,1078,265,0,3
290,1078,268,0,3
291,1078,313,3,0
306,1078,328,3,0
287,1079,265,0,3
290,1079,268,0,3
291,1079,313,3,0
306,1079,328,3,0
290,1080,268,0,3
291,1080,313,3,0
290,1081,268,0,3
291,1081,313,3,0
290,1082,268,0,3
291,1082,313,3,0
291,1083,313,3,0
291,1084,313,3,0
291,1085,313,3,0
301,1085,279,0,3
291,1086,313,3,0
300,1086,278,0,3
301,1086,279,0,3
291,1087,313,3,0
299,1087,321,3,0
300,1087,278,0,3
301,1087,279,0,3
291,1088,313,3,0
299,1088,321,3,0
300,1088,278,0,3
301,1088,279,0,3
291,1089,313,3,0
299,1089,321,3,0
300,1089,278,0,3
301,1089,279,0,3
291,1090,313,3,0
299,1090,321,3,0
300,1090,278,0,3
301,1090,279,0,3
291,1091,313,3,0
299,1091,321,3,0
300,1091,278,0,3
301,1091,279,0,3
291,1092,313,3,0
300,1092,278,0,3
301,1092,279,0,3
291,1093,313,3,0
301,1093,279,0,3
291,1095,313,3,0
290,1096,268,0,3
291,1096,313,3,0
290,1097,268,0,3
291,1097,313,3,0
290,1098,268,0,3
291,1098,313,3,0
306,1098,328,3,0
287,1099,265,0,3
290,1099,268,0,3
291,1099,313,3,0
306,1099,328,3,0
309,1100,287,0,3
312,1100,290,0,3
313,1100,335,3,0
328,1100,350,3,0
309,1101,287,0,3
312,1101,290,0,3
313,1101,335,3,0
328,1101,350,3,0
312,1102,290,0,3
313,1102,335,3,0
312,1103,290,0,3
313,1103,335,3,0
312,1104,290,0,3
313,1104,335,3,0
313,1105,335,3,0
313,1106,335,3,0
313,1107,335,3,0
323,1107,301,0,3
313,1108,335,3,0
322,1108,300,0,3
323,1108,301,0,3
313,1109,335,3,0
317,1109,295,0,3
321,1109,343,3,0
322,1109,300,0,3
323,1109,301,0,3
313,1110,335,3,0
317,1110,295,0,3
321,1110,343,3,0
322,1110,300,0,3
323,1110,301,0,3
313,1111,335,3,0
317,1111,295,0,3
321,1111,343,3,0
322,1111,300,0,3
323,1111,301,0,3
313,1112,335,3,0
317,1112,295,0,3
321,1112,343,3,0
322,1112,300,0,3
323,1112,301,0,3
313,1113,335,3,0
321,1113,343,3,0
322,1113,300,0,3
323,1113,301,0,3
313,1114,335,3,0
322,1114,300,0,3
323,1114,301,0,3
313,1115,335,3,0
323,1115,301,0,3
313,1117,335,3,0
312,1118,290,0,3
313,1118,335,3,0
312,1119,290,0,3
313,1119,335,3,0
312,1120,290,0,3
313,1120,335,3,0
328,1120,350,3,0
309,1121,287,0,3
312,1121,290,0,3
313,1121,335,3,0
328,1121,350,3,0
330,1122,352,2,0
334,1122,312,0,3
335,1122,357,3,0
350,1122,372,3,0
334,1123,312,0,3
335,1123,357,3,0
350,1123,372,3,0
334,1124,312,0,3
335,1124,357,3,0
334,1125,312,0,3
335,1125,357,3,0
334,1126,312,0,3
335,1126,357,3,0
335,1127,357,3,0
335,1128,357,3,0
336,1128,314,0,3
335,1129,357,3,0
336,1129,314,0,3
345,1129,323,0,3
335,1130,357,3,0
336,1130,314,0,3
338,1130,360,3,0
344,1130,322,0,3
345,1130,323,0,3
335,1131,357,3,0
336,1131,314,0,3
338,1131,360,3,0
339,1131,317,0,3
343,1131,365,3,0
344,1131,322,0,3
345,1131,323,0,3
335,1132,357,3,0
336,1132,314,0,3
338,1132,360,3,0
339,1132,317,0,3
343,1132,365,3,0
344,1132,322,0,3
345,1132,323,0,3
335,1133,357,3,0
336,1133,314,0,3
338,1133,360,3,0
339,1133,317,0,3
343,1133,365,3,0
344,1133,322,0,3
345,1133,323,0,3
335,1134,357,3,0
336,1134,314,0,3
338,1134,360,3,0
339,1134,317,0,3
343,1134,365,3,0
344,1134,322,0,3
345,1134,323,0,3
335,1135,357,3,0
336,1135,314,0,3
338,1135,360,3,0
343,1135,365,3,0
344,1135,322,0,3
345,1135,323,0,3
335,1136,357,3,0
336,1136,314,0,3
344,1136,322,0,3
345,1136,323,0,3
335,1137,357,3,0
336,1137,314,0,3
345,1137,323,0,3
335,1139,357,3,0
334,1140,312,0,3
335,1140,357,3,0
334,1141,312,0,3
335,1141,357,3,0
334,1142,312,0,3
335,1142,357,3,0
350,1142,372,3,0
334,1143,312,0,3
335,1143,357,3,0
350,1143,372,3,0
352,1144,374,2,0
356,1144,334,0,3
357,1144,379,3,0
372,1144,394,3,0
356,1145,334,0,3
357,1145,379,3,0
372,1145,394,3,0
356,1146,334,0,3
357,1146,379,3,0
356,1147,334,0,3
357,1147,379,3,0
356,1148,334,0,3
357,1148,379,3,0
357,1149,379,3,0
357,1150,379,3,0
358,1150,336,0,3
357,1151,379,3,0
358,1151,336,0,3
367,1151,345,0,3
357,1152,379,3,0
358,1152,336,0,3
366,1152,344,0,3
367,1152,345,0,3
357,1153,379,3,0
358,1153,336,0,3
365,1153,387,3,0
366,1153,344,0,3
367,1153,345,0,3
357,1154,379,3,0
358,1154,336,0,3
365,1154,387,3,0
366,1154,344,0,3
367,1154,345,0,3
357,1155,379,3,0
358,1155,336,0,3
365,1155,387,3,0
366,1155,344,0,3
367,1155,345,0,3
357,1156,379,3,0
358,1156,336,0,3
365,1156,387,3,0
366,1156,344,0,3
367,1156,345,0,3
357,1157,379,3,0
358,1157,336,0,3
365,1157,387,3,0
366,1157,344,0,3
367,1157,345,0,3
357,1158,379,3,0
358,1158,336,0,3
366,1158,344,0,3
367,1158,345,0,3
357,1159,379,3,0
367,1159,345,0,3
357,1161,379,3,0
356,1162,334,0,3
357,1162,379,3,0
356,1163,334,0,3
357,1163,379,3,0
356,1164,334,0,3
357,1164,379,3,0
372,1164,394,3,0
356,1165,334,0,3
357,1165,379,3,0
372,1165,394,3,0
374,1166,396,2,0
376,1166,398,3,0
378,1166,356,0,3
379,1166,401,3,0
394,1166,416,3,0
376,1167,398,3,0
378,1167,356,0,3
379,1167,401,3,0
394,1167,416,3,0
376,1168,398,3,0
378,1168,356,0,3
379,1168,401,3,0
378,1169,356,0,3
379,1169,401,3,0
378,1170,356,0,3
379,1170,401,3,0
379,1171,401,3,0
379,1172,401,3,0
380,1172,358,0,3
379,1173,401,3,0
380,1173,358,0,3
389,1173,367,0,3
379,1174,401,3,0
380,1174,358,0,3
388,1174,366,0,3
389,1174,367,0,3
379,1175,401,3,0
380,1175,358,0,3
387,1175,409,3,0
388,1175,366,0,3
389,1175,367,0,3
379,1176,401,3,0
380,1176,358,0,3
387,1176,409,3,0
388,1176,366,0,3
389,1176,367,0,3
379,1177,401,3,0
380,1177,358,0,3
387,1177,409,3,0
388,1177,366,0,3
389,1177,367,0,3
379,1178,401,3,0
380,1178,358,0,3
387,1178,409,3,0
388,1178,366,0,3
389,1178,367,0,3
379,1179,401,3,0
380,1179,358,0,3
387,1179,409,3,0
388,1179,366,0,3
389,1179,367,0,3
379,1180,401,3,0
380,1180,358,0,3
388,1180,366,0,3
389,1180,367,0,3
379,1181,401,3,0
380,1181,358,0,3
389,1181,367,0,3
379,1183,401,3,0
378,1184,356,0,3
379,1184,401,3,0
378,1185,356,0,3
379,1185,401,3,0
376,1186,398,3,0
378,1186,356,0,3
379,1186,401,3,0
394,1186,416,3,0
376,1187,398,3,0
378,1187,356,0,3
379,1187,401,3,0
394,1187,416,3,0
396,1188,418,2,0
398,1188,420,3,0
400,1188,378,0,3
401,1188,423,3,0
416,1188,438,3,0
398,1189,420,3,0
400,1189,378,0,3
401,1189,423,3,0
416,1189,438,3,0
398,1190,420,3,0
400,1190,378,0,3
401,1190,423,3,0
400,1191,378,0,3
401,1191,423,3,0
400,1192,378,0,3
401,1192,423,3,0
401,1193,423,3,0
401,1194,423,3,0
402,1194,380,0,3
401,1195,423,3,0
402,1195,380,0,3
411,1195,389,0,3
401,1196,423,3,0
402,1196,380,0,3
410,1196,388,0,3
411,1196,389,0,3
401,1197,423,3,0
402,1197,380,0,3
409,1197,431,3,0
410,1197,388,0,3
411,1197,389,0,3
401,1198,423,3,0
402,1198,380,0,3
409,1198,431,3,0
410,1198,388,0,3
411,1198,389,0,3
401,1199,423,3,0
402,1199,380,0,3
409,1199,431,3,0
410,1199,388,0,3
411,1199,389,0,3
401,1200,423,3,0
402,1200,380,0,3
409,1200,431,3,0
410,1200,388,0,3
411,1200,389,0,3
401,1201,423,3,0
402,1201,380,0,3
409,1201,431,3,0
410,1201,388,0,3
411,1201,389,0,3
401,1202,423,3,0
402,1202,380,0,3
410,1202,388,0,3
411,1202,389,0,3
401,1203,423,3,0
411,1203,389,0,3
401,1205,423,3,0
400,1206,378,0,3
401,1206,423,3,0
400,1207,378,0,3
401,1207,423,3,0
398,1208,420,3,0
400,1208,378,0,3
401,1208,423,3,0
416,1208,438,3,0
398,1209,420,3,0
400,1209,378,0,3
401,1209,423,3,0
416,1209,438,3,0
418,1210,440,2,0
420,1210,442,3,0
422,1210,400,0,3
423,1210,445,3,0
438,1210,460,3,0
420,1211,442,3,0
422,1211,400,0,3
423,1211,445,3,0
438,1211,460,3,0
420,1212,442,3,0
422,1212,400,0,3
423,1212,445,3,0
422,1213,400,0,3
423,1213,445,3,0
422,1214,400,0,3
423,1214,445,3,0
423,1215,445,3,0
423,1216,445,3,0
424,1216,402,0,3
423,1217,445,3,0
424,1217,402,0,3
433,1217,411,0,3
423,1218,445,3,0
424,1218,402,0,3
432,1218,410,0,3
433,1218,411,0,3
423,1219,445,3,0
424,1219,402,0,3
431,1219,453,3,0
432,1219,410,0,3
433,1219,411,0,3
423,1220,445,3,0
424,1220,402,0,3
431,1220,453,3,0
432,1220,410,0,3
433,1220,411,0,3
423,1221,445,3,0
424,1221,402,0,3
431,1221,453,3,0
432,1221,410,0,3
433,1221,411,0,3
423,1222,445,3,0
424,1222,402,0,3
431,1222,453,3,0
432,1222,410,0,3
433,1222,411,0,3
423,1223,445,3,0
424,1223,402,0,3
431,1223,453,3,0
432,1223,410,0,3
433,1223,411,0,3
423,1224,445,3,0
424,1224,402,0,3
432,1224,410,0,3
433,1224,411,0,3
423,1225,445,3,0
424,1225,402,0,3
433,1225,411,0,3
423,1227,445,3,0
422,1228,400,0,3
423,1228,445,3,0
422,1229,400,0,3
423,1229,445,3,0
420,1230,442,3,0
422,1230,400,0,3
423,1230,445,3,0
438,1230,460,3,0
420,1231,442,3,0
422,1231,400,0,3
423,1231,445,3,0
438,1231,460,3,0
440,1232,462,2,0
442,1232,464,3,0
443,1232,465,3,0
444,1232,422,0,3
445,1232,467,3,0
460,1232,482,3,0
442,1233,464,3,0
443,1233,465,3,0
444,1233,422,0,3
445,1233,467,3,0
460,1233,482,3,0
442,1234,464,3,0
443,1234,465,3,0
444,1234,422,0,3
445,1234,467,3,0
443,1235,465,3,0
444,1235,422,0,3
445,1235,467,3,0
444,1236,422,0,3
445,1236,467,3,0
445,1237,467,3,0
445,1238,467,3,0
446,1238,424,0,3
445,1239,467,3,0
446,1239,424,0,3
455,1239,433,0,3
445,1240,467,3,0
446,1240,424,0,3
454,1240,432,0,3
455,1240,433,0,3
445,1241,467,3,0
446,1241,424,0,3
453,1241,475,3,0
454,1241,432,0,3
455,1241,433,0,3
445,1242,467,3,0
446,1242,424,0,3
453,1242,475,3,0
454,1242,432,0,3
455,1242,433,0,3
445,1243,467,3,0
446,1243,424,0,3
453,1243,475,3,0
454,1243,432,0,3
455,1243,433,0,3
445,1244,467,3,0
446,1244,424,0,3
453,1244,475,3,0
454,1244,432,0,3
455,1244,433,0,3
445,1245,467,3,0
446,1245,424,0,3
453,1245,475,3,0
454,1245,432,0,3
455,1245,433,0,3
445,1246,467,3,0
446,1246,424,0,3
454,1246,432,0,3
455,1246,433,0,3
445,1247,467,3,0
455,1247,433,0,3
445,1249,467,3,0
444,1250,422,0,3
445,1250,467,3,0
443,1251,465,3,0
444,1251,422,0,3
445,1251,467,3,0
442,1252,464,3,0
443,1252,465,3,0
444,1252,422,0,3
445,1252,467,3,0
460,1252,482,3,0
442,1253,464,3,0
443,1253,465,3,0
444,1253,422,0,3
445,1253,467,3,0
460,1253,482,3,0
462,1254,484,2,0
464,1254,486,3,0
465,1254,487,3,0
466,1254,444,0,3
467,1254,489,3,0
478,1254,500,3,0
482,1254,504,3,0
464,1255,486,3,0
465,1255,487,3,0
466,1255,444,0,3
467,1255,489,3,0
478,1255,500,3,0
482,1255,504,3,0
464,1256,486,3,0
465,1256,487,3,0
466,1256,444,0,3
467,1256,489,3,0
478,1256,500,3,0
465,1257,487,3,0
466,1257,444,0,3
467,1257,489,3,0
478,1257,500,3,0
466,1258,444,0,3
467,1258,489,3,0
478,1258,500,3,0
467,1259,489,3,0
478,1259,500,3,0
467,1260,489,3,0
468,1260,446,0,3
478,1260,500,3,0
467,1261,489,3,0
468,1261,446,0,3
477,1261,455,0,3
478,1261,500,3,0
467,1262,489,3,0
468,1262,446,0,3
476,1262,454,0,3
477,1262,455,0,3
478,1262,500,3,0
467,1263,489,3,0
468,1263,446,0,3
475,1263,497,3,0
476,1263,454,0,3
477,1263,455,0,3
478,1263,500,3,0
467,1264,489,3,0
468,1264,446,0,3
475,1264,497,3,0
476,1264,454,0,3
477,1264,455,0,3
478,1264,500,3,0
467,1265,489,3,0
468,1265,446,0,3
475,1265,497,3,0
476,1265,454,0,3
477,1265,455,0,3
478,1265,500,3,0
467,1266,489,3,0
468,1266,446,0,3
475,1266,497,3,0
476,1266,454,0,3
477,1266,455,0,3
478,1266,500,3,0
467,1267,489,3,0
468,1267,446,0,3
475,1267,497,3,0
476,1267,454,0,3
477,1267,455,0,3
478,1267,500,3,0
467,1268,489,3,0
468,1268,446,0,3
476,1268,454,0,3
477,1268,455,0,3
478,1268,500,3,0
467,1269,489,3,0
468,1269,446,0,3
477,1269,455,0,3
478,1269,500,3,0
478,1270,500,3,0
467,1271,489,3,0
478,1271,500,3,0
466,1272,444,0,3
467,1272,489,3,0
478,1272,500,3,0
465,1273,487,3,0
466,1273,444,0,3
467,1273,489,3,0
478,1273,500,3,0
464,1274,486,3,0
465,1274,487,3,0
466,1274,444,0,3
467,1274,489,3,0
478,1274,500,3,0
482,1274,504,3,0
464,1275,486,3,0
465,1275,487,3,0
466,1275,444,0,3
467,1275,489,3,0
478,1275,500,3,0
482,1275,504,3,0
484,1276,506,2,0
486,1276,508,3,0
488,1276,466,0,3
489,1276,511,3,0
500,1276,522,3,0
504,1276,526,3,0
486,1277,508,3,0
488,1277,466,0,3
489,1277,511,3,0
500,1277,522,3,0
504,1277,526,3,0
486,1278,508,3,0
488,1278,466,0,3
489,1278,511,3,0
500,1278,522,3,0
488,1279,466,0,3
489,1279,511,3,0
500,1279,522,3,0
488,1280,466,0,3
489,1280,511,3,0
500,1280,522,3,0
489,1281,511,3,0
500,1281,522,3,0
489,1282,511,3,0
490,1282,468,0,3
500,1282,522,3,0
489,1283,511,3,0
490,1283,468,0,3
499,1283,477,0,3
500,1283,522,3,0
489,1284,511,3,0
490,1284,468,0,3
498,1284,476,0,3
499,1284,477,0,3
500,1284,522,3,0
489,1285,511,3,0
490,1285,468,0,3
497,1285,519,3,0
498,1285,476,0,3
499,1285,477,0,3
500,1285,522,3,0
489,1286,511,3,0
490,1286,468,0,3
497,1286,519,3,0
498,1286,476,0,3
499,1286,477,0,3
500,1286,522,3,0
489,1287,511,3,0
490,1287,468,0,3
497,1287,519,3,0
498,1287,476,0,3
499,1287,477,0,3
500,1287,522,3,0
489,1288,511,3,0
490,1288,468,0,3
497,1288,519,3,0
498,1288,476,0,3
499,1288,477,0,3
500,1288,522,3,0
489,1289,511,3,0
490,1289,468,0,3
497,1289,519,3,0
498,1289,476,0,3
499,1289,477,0,3
500,1289,522,3,0
489,1290,511,3,0
490,1290,468,0,3
498,1290,476,0,3
499,1290,477,0,3
500,1290,522,3,0
489,1291,511,3,0
499,1291,477,0,3
500,1291,522,3,0
500,1292,522,3,0
489,1293,511,3,0
500,1293,522,3,0
488,1294,466,0,3
489,1294,511,3,0
500,1294,522,3,0
488,1295,466,0,3
489,1295,511,3,0
500,1295,522,3,0
486,1296,508,3,0
488,1296,466,0,3
489,1296,511,3,0
500,1296,522,3,0
504,1296,526,3,0
486,1297,508,3,0
488,1297,466,0,3
489,1297,511,3,0
500,1297,522,3,0
504,1297,526,3,0
506,1298,528,2,0
509,1298,531,3,0
510,1298,488,0,3
511,1298,533,3,0
522,1298,544,3,0
526,1298,548,3,0
509,1299,531,3,0
510,1299,488,0,3
511,1299,533,3,0
522,1299,544,3,0
526,1299,548,3,0
509,1300,531,3,0
510,1300,488,0,3
511,1300,533,3,0
522,1300,544,3,0
509,1301,531,3,0
510,1301,488,0,3
511,1301,533,3,0
522,1301,544,3,0
510,1302,488,0,3
511,1302,533,3,0
522,1302,544,3,0
511,1303,533,3,0
522,1303,544,3,0
511,1304,533,3,0
512,1304,490,0,3
522,1304,544,3,0
511,1305,533,3,0
512,1305,490,0,3
521,1305,499,0,3
522,1305,544,3,0
511,1306,533,3,0
512,1306,490,0,3
520,1306,498,0,3
521,1306,499,0,3
522,1306,544,3,0
511,1307,533,3,0
512,1307,490,0,3
519,1307,541,3,0
520,1307,498,0,3
521,1307,499,0,3
522,1307,544,3,0
511,1308,533,3,0
512,1308,490,0,3
519,1308,541,3,0
520,1308,498,0,3
521,1308,499,0,3
522,1308,544,3,0
511,1309,533,3,0
512,1309,490,0,3
519,1309,541,3,0
520,1309,498,0,3
521,1309,499,0,3
522,1309,544,3,0
511,1310,533,3,0
512,1310,490,0,3
519,1310,541,3,0
520,1310,498,0,3
521,1310,499,0,3
522,1310,544,3,0
511,1311,533,3,0
512,1311,490,0,3
519,1311,541,3,0
520,1311,498,0,3
521,1311,499,0,3
522,1311,544,3,0
511,1312,533,3,0
512,1312,490,0,3
520,1312,498,0,3
521,1312,499,0,3
522,1312,544,3,0
511,1313,533,3,0
512,1313,490,0,3
521,1313,499,0,3
522,1313,544,3,0
522,1314,544,3,0
511,1315,533,3,0
522,1315,544,3,0
510,1316,488,0,3
511,1316,533,3,0
522,1316,544,3,0
509,1317,531,3,0
510,1317,488,0,3
511,1317,533,3,0
522,1317,544,3,0
509,1318,531,3,0
510,1318,488,0,3
511,1318,533,3,0
522,1318,544,3,0
526,1318,548,3,0
509,1319,531,3,0
510,1319,488,0,3
511,1319,533,3,0
522,1319,544,3,0
526,1319,548,3,0
528,1320,550,2,0
531,1320,553,3,0
532,1320,510,0,3
533,1320,555,3,0
544,1320,566,3,0
548,1320,570,3,0
531,1321,553,3,0
532,1321,510,0,3
533,1321,555,3,0
544,1321,566,3,0
548,1321,570,3,0
531,1322,553,3,0
532,1322,510,0,3
533,1322,555,3,0
544,1322,566,3,0
531,1323,553,3,0
532,1323,510,0,3
533,1323,555,3,0
544,1323,566,3,0
532,1324,510,0,3
533,1324,555,3,0
544,1324,566,3,0
533,1325,555,3,0
544,1325,566,3,0
533,1326,555,3,0
534,1326,512,0,3
544,1326,566,3,0
533,1327,555,3,0
534,1327,512,0,3
543,1327,521,0,3
544,1327,566,3,0
533,1328,555,3,0
534,1328,512,0,3
542,1328,520,0,3
543,1328,521,0,3
544,1328,566,3,0
533,1329,555,3,0
534,1329,512,0,3
541,1329,563,3,0
542,1329,520,0,3
543,1329,521,0,3
544,1329,566,3,0
533,1330,555,3,0
534,1330,512,0,3
541,1330,563,3,0
542,1330,520,0,3
543,1330,521,0,3
544,1330,566,3,0
533,1331,555,3,0
534,1331,512,0,3
541,1331,563,3,0
542,1331,520,0,3
543,1331,521,0,3
544,1331,566,3,0
533,1332,555,3,0
534,1332,512,0,3
541,1332,563,3,0
542,1332,520,0,3
543,1332,521,0,3
544,1332,566,3,0
533,1333,555,3,0
534,1333,512,0,3
541,1333,563,3,0
542,1333,520,0,3
543,1333,521,0,3
544,1333,566,3,0
533,1334,555,3,0
534,1334,512,0,3
542,1334,520,0,3
543,1334,521,0,3
544,1334,566,3,0
533,1335,555,3,0
543,1335,521,0,3
544,1335,566,3,0
544,1336,566,3,0
533,1337,555,3,0
544,1337,566,3,0
532,1338,510,0,3
533,1338,555,3,0
544,1338,566,3,0
531,1339,553,3,0
532,1339,510,0,3
533,1339,555,3,0
544,1339,566,3,0
531,1340,553,3,0
532,1340,510,0,3
533,1340,555,3,0
544,1340,566,3,0
548,1340,570,3,0
531,1341,553,3,0
532,1341,510,0,3
533,1341,555,3,0
544,1341,566,3,0
548,1341,570,3,0
553,1342,575,3,0
554,1342,532,0,3
555,1342,577,3,0
566,1342,588,3,0
570,1342,592,3,0
553,1343,575,3,0
554,1343,532,0,3
555,1343,577,3,0
566,1343,588,3,0
570,1343,592,3,0
553,1344,575,3,0
554,1344,532,0,3
555,1344,577,3,0
566,1344,588,3,0
553,1345,575,3,0
554,1345,532,0,3
555,1345,577,3,0
566,1345,588,3,0
554,1346,532,0,3
555,1346,577,3,0
566,1346,588,3,0
555,1347,577,3,0
566,1347,588,3,0
555,1348,577,3,0
556,1348,534,0,3
566,1348,588,3,0
555,1349,577,3,0
556,1349,534,0,3
565,1349,543,0,3
566,1349,588,3,0
555,1350,577,3,0
556,1350,534,0,3
564,1350,542,0,3
565,1350,543,0,3
566,1350,588,3,0
555,1351,577,3,0
556,1351,534,0,3
563,1351,585,3,0
564,1351,542,0,3
565,1351,543,0,3
566,1351,588,3,0
555,1352,577,3,0
556,1352,534,0,3
563,1352,585,3,0
564,1352,542,0,3
565,1352,543,0,3
566,1352,588,3,0
555,1353,577,3,0
556,1353,534,0,3
563,1353,585,3,0
564,1353,542,0,3
565,1353,543,0,3
566,1353,588,3,0
555,1354,577,3,0
556,1354,534,0,3
563,1354,585,3,0
564,1354,542,0,3
565,1354,543,0,3
566,1354,588,3,0
555,1355,577,3,0
556,1355,534,0,3
563,1355,585,3,0
564,1355,542,0,3
565,1355,543,0,3
566,1355,588,3,0
555,1356,577,3,0
556,1356,534,0,3
564,1356,542,0,3
565,1356,543,0,3
566,1356,588,3,0
555,1357,577,3,0
556,1357,534,0,3
565,1357,543,0,3
566,1357,588,3,0
566,1358,588,3,0
555,1359,577,3,0
566,1359,588,3,0
554,1360,532,0,3
555,1360,577,3,0
566,1360,588,3,0
553,1361,575,3,0
554,1361,532,0,3
555,1361,577,3,0
566,1361,588,3,0
553,1362,575,3,0
554,1362,532,0,3
555,1362,577,3,0
566,1362,588,3,0
570,1362,592,3,0
553,1363,575,3,0
554,1363,532,0,3
555,1363,577,3,0
566,1363,588,3,0
570,1363,592,3,0
575,1364,597,3,0
576,1364,554,0,3
577,1364,599,3,0
588,1364,610,3,0
592,1364,614,3,0
575,1365,597,3,0
576,1365,554,0,3
577,1365,599,3,0
588,1365,610,3,0
592,1365,614,3,0
575,1366,597,3,0
576,1366,554,0,3
577,1366,599,3,0
588,1366,610,3,0
575,1367,597,3,0
576,1367,554,0,3
577,1367,599,3,0
588,1367,610,3,0
576,1368,554,0,3
577,1368,599,3,0
588,1368,610,3,0
577,1369,599,3,0
588,1369,610,3,0
577,1370,599,3,0
578,1370,556,0,3
588,1370,610,3,0
577,1371,599,3,0
578,1371,556,0,3
588,1371,610,3,0
577,1372,599,3,0
578,1372,556,0,3
586,1372,564,0,3
588,1372,610,3,0
577,1373,599,3,0
578,1373,556,0,3
586,1373,564,0,3
588,1373,610,3,0
577,1374,599,3,0
578,1374,556,0,3
586,1374,564,0,3
588,1374,610,3,0
577,1375,599,3,0
578,1375,556,0,3
586,1375,564,0,3
588,1375,610,3,0
577,1376,599,3,0
578,1376,556,0,3
586,1376,564,0,3
588,1376,610,3,0
577,1377,599,3,0
578,1377,556,0,3
586,1377,564,0,3
588,1377,610,3,0
577,1378,599,3,0
578,1378,556,0,3
586,1378,564,0,3
588,1378,610,3,0
577,1379,599,3,0
588,1379,610,3,0
588,1380,610,3,0
577,1381,599,3,0
588,1381,610,3,0
576,1382,554,0,3
577,1382,599,3,0
588,1382,610,3,0
575,1383,597,3,0
576,1383,554,0,3
577,1383,599,3,0
588,1383,610,3,0
575,1384,597,3,0
576,1384,554,0,3
577,1384,599,3,0
588,1384,610,3,0
592,1384,614,3,0
575,1385,597,3,0
576,1385,554,0,3
577,1385,599,3,0
588,1385,610,3,0
592,1385,614,3,0
597,1386,619,3,0
598,1386,576,0,3
599,1386,621,3,0
610,1386,632,3,0
611,1386,633,3,0
614,1386,636,3,0
597,1387,619,3,0
598,1387,576,0,3
599,1387,621,3,0
610,1387,632,3,0
611,1387,633,3,0
614,1387,636,3,0
597,1388,619,3,0
598,1388,576,0,3
599,1388,621,3,0
610,1388,632,3,0
611,1388,633,3,0
597,1389,619,3,0
598,1389,576,0,3
599,1389,621,3,0
610,1389,632,3,0
611,1389,633,3,0
598,1390,576,0,3
599,1390,621,3,0
610,1390,632,3,0
611,1390,633,3,0
599,1391,621,3,0
610,1391,632,3,0
599,1392,621,3,0
610,1392,632,3,0
599,1393,621,3,0
610,1393,632,3,0
599,1394,621,3,0
608,1394,586,0,3
610,1394,632,3,0
599,1395,621,3,0
608,1395,586,0,3
610,1395,632,3,0
599,1396,621,3,0
608,1396,586,0,3
610,1396,632,3,0
599,1397,621,3,0
608,1397,586,0,3
610,1397,632,3,0
599,1398,621,3,0
608,1398,586,0,3
610,1398,632,3,0
599,1399,621,3,0
608,1399,586,0,3
610,1399,632,3,0
599,1400,621,3,0
608,1400,586,0,3
610,1400,632,3,0
599,1401,621,3,0
610,1401,632,3,0
610,1402,632,3,0
599,1403,621,3,0
610,1403,632,3,0
611,1403,633,3,0
598,1404,576,0,3
599,1404,621,3,0
610,1404,632,3,0
611,1404,633,3,0
597,1405,619,3,0
598,1405,576,0,3
599,1405,621,3,0
610,1405,632,3,0
611,1405,633,3,0
597,1406,619,3,0
598,1406,576,0,3
599,1406,621,3,0
610,1406,632,3,0
611,1406,633,3,0
614,1406,636,3,0
597,1407,619,3,0
598,1407,576,0,3
599,1407,621,3,0
610,1407,632,3,0
611,1407,633,3,0
614,1407,636,3,0
616,1408,638,2,0
620,1408,598,0,3
621,1408,643,3,0
632,1408,654,3,0
633,1408,655,3,0
636,1408,658,3,0
620,1409,598,0,3
621,1409,643,3,0
632,1409,654,3,0
633,1409,655,3,0
636,1409,658,3,0
620,1410,598,0,3
621,1410,643,3,0
632,1410,654,3,0
633,1410,655,3,0
620,1411,598,0,3
621,1411,643,3,0
632,1411,654,3,0
633,1411,655,3,0
620,1412,598,0,3
621,1412,643,3,0
632,1412,654,3,0
633,1412,655,3,0
621,1413,643,3,0
632,1413,654,3,0
621,1414,643,3,0
632,1414,654,3,0
621,1415,643,3,0
632,1415,654,3,0
621,1416,643,3,0
630,1416,608,0,3
632,1416,654,3,0
621,1417,643,3,0
630,1417,608,0,3
632,1417,654,3,0
621,1418,643,3,0
630,1418,608,0,3
632,1418,654,3,0
621,1419,643,3,0
630,1419,608,0,3
632,1419,654,3,0
621,1420,643,3,0
630,1420,608,0,3
632,1420,654,3,0
621,1421,643,3,0
630,1421,608,0,3
632,1421,654,3,0
621,1422,643,3,0
630,1422,608,0,3
632,1422,654,3,0
621,1423,643,3,0
632,1423,654,3,0
632,1424,654,3,0
621,1425,643,3,0
632,1425,654,3,0
633,1425,655,3,0
620,1426,598,0,3
621,1426,643,3,0
632,1426,654,3,0
633,1426,655,3,0
620,1427,598,0,3
621,1427,643,3,0
632,1427,654,3,0
633,1427,655,3,0
620,1428,598,0,3
621,1428,643,3,0
632,1428,654,3,0
633,1428,655,3,0
636,1428,658,3,0
620,1429,598,0,3
621,1429,643,3,0
632,1429,654,3,0
633,1429,655,3,0
636,1429,658,3,0
638,1430,660,2,0
642,1430,620,0,3
643,1430,665,3,0
654,1430,676,3,0
655,1430,677,3,0
658,1430,680,3,0
642,1431,620,0,3
643,1431,665,3,0
654,1431,676,3,0
655,1431,677,3,0
658,1431,680,3,0
642,1432,620,0,3
643,1432,665,3,0
654,1432,676,3,0
655,1432,677,3,0
642,1433,620,0,3
643,1433,665,3,0
654,1433,676,3,0
655,1433,677,3,0
642,1434,620,0,3
643,1434,665,3,0
654,1434,676,3,0
655,1434,677,3,0
643,1435,665,3,0
654,1435,676,3,0
643,1436,665,3,0
654,1436,676,3,0
643,1437,665,3,0
654,1437,676,3,0
643,1438,665,3,0
652,1438,630,0,3
654,1438,676,3,0
643,1439,665,3,0
652,1439,630,0,3
654,1439,676,3,0
643,1440,665,3,0
652,1440,630,0,3
654,1440,676,3,0
643,1441,665,3,0
652,1441,630,0,3
654,1441,676,3,0
643,1442,665,3,0
652,1442,630,0,3
654,1442,676,3,0
643,1443,665,3,0
652,1443,630,0,3
654,1443,676,3,0
643,1444,665,3,0
652,1444,630,0,3
654,1444,676,3,0
643,1445,665,3,0
654,1445,676,3,0
654,1446,676,3,0
643,1447,665,3,0
654,1447,676,3,0
655,1447,677,3,0
642,1448,620,0,3
643,1448,665,3,0
654,1448,676,3,0
655,1448,677,3,0
642,1449,620,0,3
643,1449,665,3,0
654,1449,676,3,0
655,1449,677,3,0
642,1450,620,0,3
643,1450,665,3,0
654,1450,676,3,0
655,1450,677,3,0
658,1450,680,3,0
642,1451,620,0,3
643,1451,665,3,0
654,1451,676,3,0
655,1451,677,3,0
658,1451,680,3,0
660,1452,682,2,0
665,1452,687,3,0
676,1452,698,3,0
677,1452,699,3,0
680,1452,702,3,0
681,1452,703,3,0
665,1453,687,3,0
676,1453,698,3,0
677,1453,699,3,0
680,1453,702,3,0
665,1454,687,3,0
676,1454,698,3,0
677,1454,699,3,0
665,1455,687,3,0
676,1455,698,3,0
677,1455,699,3,0
665,1456,687,3,0
676,1456,698,3,0
677,1456,699,3,0
665,1457,687,3,0
676,1457,698,3,0
665,1458,687,3,0
676,1458,698,3,0
665,1459,687,3,0
676,1459,698,3,0
665,1460,687,3,0
674,1460,652,0,3
676,1460,698,3,0
665,1461,687,3,0
674,1461,652,0,3
676,1461,698,3,0
665,1462,687,3,0
674,1462,652,0,3
676,1462,698,3,0
665,1463,687,3,0
674,1463,652,0,3
676,1463,698,3,0
665,1464,687,3,0
674,1464,652,0,3
676,1464,698,3,0
665,1465,687,3,0
674,1465,652,0,3
676,1465,698,3,0
665,1466,687,3,0
674,1466,652,0,3
676,1466,698,3,0
665,1467,687,3,0
676,1467,698,3,0
676,1468,698,3,0
665,1469,687,3,0
676,1469,698,3,0
677,1469,699,3,0
665,1470,687,3,0
676,1470,698,3,0
677,1470,699,3,0
665,1471,687,3,0
676,1471,698,3,0
677,1471,699,3,0
665,1472,687,3,0
676,1472,698,3,0
677,1472,699,3,0
680,1472,702,3,0
665,1473,687,3,0
676,1473,698,3,0
677,1473,699,3,0
680,1473,702,3,0
681,1473,703,3,0
682,1474,704,2,0
686,1474,708,3,0
687,1474,709,3,0
698,1474,720,3,0
699,1474,721,3,0
702,1474,724,3,0
686,1475,708,3,0
687,1475,709,3,0
698,1475,720,3,0
699,1475,721,3,0
702,1475,724,3,0
686,1476,708,3,0
687,1476,709,3,0
698,1476,720,3,0
699,1476,721,3,0
686,1477,708,3,0
687,1477,709,3,0
698,1477,720,3,0
699,1477,721,3,0
686,1478,708,3,0
687,1478,709,3,0
698,1478,720,3,0
699,1478,721,3,0
687,1479,709,3,0
698,1479,720,3,0
687,1480,709,3,0
698,1480,720,3,0
687,1481,709,3,0
698,1481,720,3,0
687,1482,709,3,0
696,1482,674,0,3
698,1482,720,3,0
687,1483,709,3,0
696,1483,674,0,3
698,1483,720,3,0
687,1484,709,3,0
692,1484,714,3,0
696,1484,674,0,3
698,1484,720,3,0
687,1485,709,3,0
692,1485,714,3,0
696,1485,674,0,3
698,1485,720,3,0
687,1486,709,3,0
696,1486,674,0,3
698,1486,720,3,0
687,1487,709,3,0
696,1487,674,0,3
698,1487,720,3,0
687,1488,709,3,0
696,1488,674,0,3
698,1488,720,3,0
687,1489,709,3,0
698,1489,720,3,0
698,1490,720,3,0
687,1491,709,3,0
698,1491,720,3,0
699,1491,721,3,0
686,1492,708,3,0
687,1492,709,3,0
698,1492,720,3,0
699,1492,721,3,0
686,1493,708,3,0
687,1493,709,3,0
698,1493,720,3,0
699,1493,721,3,0
686,1494,708,3,0
687,1494,709,3,0
698,1494,720,3,0
699,1494,721,3,0
702,1494,724,3,0
686,1495,708,3,0
687,1495,709,3,0
698,1495,720,3,0
699,1495,721,3,0
702,1495,724,3,0
704,1496,726,2,0
709,1496,731,3,0
720,1496,742,3,0
721,1496,743,3,0
724,1496,746,3,0
709,1497,731,3,0
720,1497,742,3,0
721,1497,743,3,0
724,1497,746,3,0
709,1498,731,3,0
720,1498,742,3,0
721,1498,743,3,0
709,1499,731,3,0
720,1499,742,3,0
721,1499,743,3,0
709,1500,731,3,0
720,1500,742,3,0
721,1500,743,3,0
709,1501,731,3,0
720,1501,742,3,0
709,1502,731,3,0
720,1502,742,3,0
709,1503,731,3,0
720,1503,742,3,0
709,1504,731,3,0
718,1504,696,0,3
720,1504,742,3,0
709,1505,731,3,0
718,1505,696,0,3
720,1505,742,3,0
709,1506,731,3,0
714,1506,736,3,0
718,1506,696,0,3
720,1506,742,3,0
709,1507,731,3,0
714,1507,736,3,0
718,1507,696,0,3
720,1507,742,3,0
709,1508,731,3,0
718,1508,696,0,3
720,1508,742,3,0
709,1509,731,3,0
718,1509,696,0,3
720,1509,742,3,0
709,1510,731,3,0
718,1510,696,0,3
720,1510,742,3,0
709,1511,731,3,0
720,1511,742,3,0
720,1512,742,3,0
709,1513,731,3,0
720,1513,742,3,0
721,1513,743,3,0
709,1514,731,3,0
720,1514,742,3,0
721,1514,743,3,0
709,1515,731,3,0
720,1515,742,3,0
721,1515,743,3,0
709,1516,731,3,0
720,1516,742,3,0
721,1516,743,3,0
724,1516,746,3,0
709,1517,731,3,0
720,1517,742,3,0
721,1517,743,3,0
724,1517,746,3,0
730,1518,752,3,0
731,1518,753,3,0
743,1518,765,3,0
745,1518,723,0,3
746,1518,768,3,0
730,1519,752,3,0
731,1519,753,3,0
743,1519,765,3,0
745,1519,723,0,3
746,1519,768,3,0
730,1520,752,3,0
731,1520,753,3,0
743,1520,765,3,0
745,1520,723,0,3
730,1521,752,3,0
731,1521,753,3,0
743,1521,765,3,0
730,1522,752,3,0
731,1522,753,3,0
743,1522,765,3,0
731,1523,753,3,0
731,1524,753,3,0
732,1524,754,3,0
731,1525,753,3,0
732,1525,754,3,0
741,1525,763,3,0
731,1526,753,3,0
732,1526,754,3,0
740,1526,718,0,3
741,1526,763,3,0
731,1527,753,3,0
732,1527,754,3,0
739,1527,761,3,0
740,1527,718,0,3
741,1527,763,3,0
731,1528,753,3,0
732,1528,754,3,0
736,1528,758,3,0
738,1528,716,0,3
739,1528,761,3,0
740,1528,718,0,3
741,1528,763,3,0
731,1529,753,3,0
732,1529,754,3,0
736,1529,758,3,0
738,1529,716,0,3
739,1529,761,3,0
740,1529,718,0,3
741,1529,763,3,0
731,1530,753,3,0
732,1530,754,3,0
738,1530,716,0,3
739,1530,761,3,0
740,1530,718,0,3
741,1530,763,3,0
731,1531,753,3,0
732,1531,754,3,0
739,1531,761,3,0
740,1531,718,0,3
741,1531,763,3,0
731,1532,753,3,0
732,1532,754,3,0
740,1532,718,0,3
741,1532,763,3,0
731,1533,753,3,0
732,1533,754,3,0
741,1533,763,3,0
731,1535,753,3,0
743,1535,765,3,0
730,1536,752,3,0
731,1536,753,3,0
743,1536,765,3,0
730,1537,752,3,0
731,1537,753,3,0
743,1537,765,3,0
745,1537,723,0,3
730,1538,752,3,0
731,1538,753,3,0
743,1538,765,3,0
745,1538,723,0,3
746,1538,768,3,0
730,1539,752,3,0
731,1539,753,3,0
743,1539,765,3,0
745,1539,723,0,3
746,1539,768,3,0
748,1540,770,2,0
749,1540,727,0,3
752,1540,774,3,0
753,1540,775,3,0
765,1540,787,3,0
767,1540,745,0,3
768,1540,790,3,0
749,1541,727,0,3
752,1541,774,3,0
753,1541,775,3,0
765,1541,787,3,0
767,1541,745,0,3
768,1541,790,3,0
752,1542,774,3,0
753,1542,775,3,0
765,1542,787,3,0
767,1542,745,0,3
752,1543,774,3,0
753,1543,775,3,0
765,1543,787,3,0
752,1544,774,3,0
753,1544,775,3,0
765,1544,787,3,0
753,1545,775,3,0
753,1546,775,3,0
753,1547,775,3,0
763,1547,785,3,0
753,1548,775,3,0
762,1548,740,0,3
763,1548,785,3,0
753,1549,775,3,0
757,1549,735,0,3
761,1549,783,3,0
762,1549,740,0,3
763,1549,785,3,0
753,1550,775,3,0
757,1550,735,0,3
758,1550,780,3,0
760,1550,738,0,3
761,1550,783,3,0
762,1550,740,0,3
763,1550,785,3,0
753,1551,775,3,0
757,1551,735,0,3
758,1551,780,3,0
760,1551,738,0,3
761,1551,783,3,0
762,1551,740,0,3
763,1551,785,3,0
753,1552,775,3,0
757,1552,735,0,3
760,1552,738,0,3
761,1552,783,3,0
762,1552,740,0,3
763,1552,785,3,0
753,1553,775,3,0
761,1553,783,3,0
762,1553,740,0,3
763,1553,785,3,0
753,1554,775,3,0
762,1554,740,0,3
763,1554,785,3,0
753,1555,775,3,0
763,1555,785,3,0
753,1557,775,3,0
765,1557,787,3,0
752,1558,774,3,0
753,1558,775,3,0
765,1558,787,3,0
752,1559,774,3,0
753,1559,775,3,0
765,1559,787,3,0
767,1559,745,0,3
752,1560,774,3,0
753,1560,775,3,0
765,1560,787,3,0
767,1560,745,0,3
768,1560,790,3,0
749,1561,727,0,3
752,1561,774,3,0
753,1561,775,3,0
765,1561,787,3,0
767,1561,745,0,3
768,1561,790,3,0
770,1562,792,2,0
771,1562,749,0,3
773,1562,795,3,0
774,1562,796,3,0
775,1562,797,3,0
787,1562,809,3,0
789,1562,767,0,3
790,1562,812,3,0
791,1562,769,0,3
771,1563,749,0,3
773,1563,795,3,0
774,1563,796,3,0
775,1563,797,3,0
787,1563,809,3,0
789,1563,767,0,3
790,1563,812,3,0
773,1564,795,3,0
774,1564,796,3,0
775,1564,797,3,0
787,1564,809,3,0
789,1564,767,0,3
773,1565,795,3,0
774,1565,796,3,0
775,1565,797,3,0
787,1565,809,3,0
774,1566,796,3,0
775,1566,797,3,0
787,1566,809,3,0
775,1567,797,3,0
775,1568,797,3,0
776,1568,798,3,0
775,1569,797,3,0
776,1569,798,3,0
777,1569,799,3,0
775,1570,797,3,0
776,1570,798,3,0
777,1570,799,3,0
784,1570,762,0,3
775,1571,797,3,0
776,1571,798,3,0
777,1571,799,3,0
783,1571,805,3,0
784,1571,762,0,3
775,1572,797,3,0
776,1572,798,3,0
777,1572,799,3,0
780,1572,802,3,0
783,1572,805,3,0
784,1572,762,0,3
775,1573,797,3,0
776,1573,798,3,0
777,1573,799,3,0
780,1573,802,3,0
781,1573,803,3,0
783,1573,805,3,0
784,1573,762,0,3
775,1574,797,3,0
776,1574,798,3,0
777,1574,799,3,0
783,1574,805,3,0
784,1574,762,0,3
775,1575,797,3,0
776,1575,798,3,0
777,1575,799,3,0
783,1575,805,3,0
784,1575,762,0,3
775,1576,797,3,0
776,1576,798,3,0
777,1576,799,3,0
784,1576,762,0,3
775,1577,797,3,0
776,1577,798,3,0
775,1579,797,3,0
787,1579,809,3,0
774,1580,796,3,0
775,1580,797,3,0
787,1580,809,3,0
773,1581,795,3,0
774,1581,796,3,0
775,1581,797,3,0
787,1581,809,3,0
789,1581,767,0,3
773,1582,795,3,0
774,1582,796,3,0
775,1582,797,3,0
787,1582,809,3,0
789,1582,767,0,3
790,1582,812,3,0
771,1583,749,0,3
773,1583,795,3,0
774,1583,796,3,0
775,1583,797,3,0
787,1583,809,3,0
789,1583,767,0,3
790,1583,812,3,0
791,1583,769,0,3
159,1584,181,3,0
162,1584,184,3,0
167,1584,189,3,0
168,1584,146,0,3
169,1584,147,0,3
95,1586,73,0,3
96,1586,118,3,0
98,1586,76,0,3
101,1586,123,3,0
102,1586,80,0,3
103,1586,81,0,3
489,1587,511,3,0
490,1587,468,0,3
497,1587,519,3,0
498,1587,476,0,3
499,1587,477,0,3
500,1587,522,3,0
665,1588,687,3,0
676,1588,698,3,0
677,1588,699,3,0
1314,1589,1292,0,3
444,1590,422,0,3
445,1590,467,3,0
1545,1591,1523,0,3
1554,1591,1576,3,0
1555,1591,1533,0,3
1166,1592,1144,0,2
1168,1592,1146,0,3
1170,1592,1192,3,0
1171,1592,1149,0,3
1186,1592,1164,0,3
291,1593,313,3,0
299,1593,321,3,0
300,1593,278,0,3
301,1593,279,0,3
903,1594,925,3,0
906,1594,928,3,0
919,1594,941,3,0
921,1594,899,0,3
922,1594,944,3,0
923,1594,901,0,3
28,1595,6,0,2
31,1595,53,3,0
32,1595,10,0,2
37,1595,15,0,2
