794,0,816,3,0
808,0,786,0,3
810,0,788,0,3
812,0,834,3,0
794,1,816,3,0
808,1,786,0,3
810,1,788,0,3
794,2,816,3,0
808,2,786,0,3
810,2,788,0,3
808,3,786,0,3
808,4,786,0,3
808,5,786,0,3
807,6,785,0,3
808,6,786,0,3
806,7,784,0,3
807,7,785,0,3
808,7,786,0,3
800,8,778,0,3
805,8,783,0,3
806,8,784,0,3
807,8,785,0,3
808,8,786,0,3
800,9,778,0,3
805,9,783,0,3
806,9,784,0,3
807,9,785,0,3
808,9,786,0,3
800,10,778,0,3
805,10,783,0,3
806,10,784,0,3
807,10,785,0,3
808,10,786,0,3
800,11,778,0,3
805,11,783,0,3
806,11,784,0,3
807,11,785,0,3
808,11,786,0,3
800,12,778,0,3
805,12,783,0,3
806,12,784,0,3
807,12,785,0,3
808,12,786,0,3
805,13,783,0,3
806,13,784,0,3
807,13,785,0,3
808,13,786,0,3
806,14,784,0,3
807,14,785,0,3
808,14,786,0,3
807,15,785,0,3
808,15,786,0,3
808,16,786,0,3
808,17,786,0,3
808,18,786,0,3
810,18,788,0,3
794,19,816,3,0
808,19,786,0,3
810,19,788,0,3
794,20,816,3,0
808,20,786,0,3
810,20,788,0,3
812,20,834,3,0
794,21,816,3,0
808,21,786,0,3
810,21,788,0,3
812,21,834,3,0
816,22,838,3,0
817,22,795,0,3
819,22,841,3,0
830,22,808,0,3
832,22,810,0,3
834,22,856,3,0
816,23,838,3,0
817,23,795,0,3
819,23,841,3,0
830,23,808,0,3
832,23,810,0,3
816,24,838,3,0
817,24,795,0,3
819,24,841,3,0
830,24,808,0,3
832,24,810,0,3
817,25,795,0,3
819,25,841,3,0
830,25,808,0,3
819,26,841,3,0
830,26,808,0,3
819,27,841,3,0
830,27,808,0,3
819,28,841,3,0
829,28,807,0,3
830,28,808,0,3
819,29,841,3,0
828,29,806,0,3
829,29,807,0,3
830,29,808,0,3
819,30,841,3,0
822,30,800,0,3
827,30,805,0,3
828,30,806,0,3
829,30,807,0,3
830,30,808,0,3
819,31,841,3,0
822,31,800,0,3
827,31,805,0,3
828,31,806,0,3
829,31,807,0,3
830,31,808,0,3
819,32,841,3,0
822,32,800,0,3
827,32,805,0,3
828,32,806,0,3
829,32,807,0,3
830,32,808,0,3
819,33,841,3,0
822,33,800,0,3
827,33,805,0,3
828,33,806,0,3
829,33,807,0,3
830,33,808,0,3
819,34,841,3,0
822,34,800,0,3
827,34,805,0,3
828,34,806,0,3
829,34,807,0,3
830,34,808,0,3
819,35,841,3,0
827,35,805,0,3
828,35,806,0,3
829,35,807,0,3
830,35,808,0,3
819,36,841,3,0
828,36,806,0,3
829,36,807,0,3
830,36,808,0,3
819,37,841,3,0
829,37,807,0,3
830,37,808,0,3
830,38,808,0,3
819,39,841,3,0
830,39,808,0,3
817,40,795,0,3
819,40,841,3,0
830,40,808,0,3
832,40,810,0,3
816,41,838,3,0
817,41,795,0,3
819,41,841,3,0
830,41,808,0,3
832,41,810,0,3
816,42,838,3,0
817,42,795,0,3
819,42,841,3,0
830,42,808,0,3
832,42,810,0,3
834,42,856,3,0
816,43,838,3,0
817,43,795,0,3
819,43,841,3,0
830,43,808,0,3
832,43,810,0,3
834,43,856,3,0
835,43,857,3,0
836,44,814,0,2
838,44,860,3,0
839,44,817,0,3
841,44,863,3,0
852,44,830,0,3
854,44,832,0,3
856,44,878,3,0
838,45,860,3,0
839,45,817,0,3
841,45,863,3,0
852,45,830,0,3
854,45,832,0,3
838,46,860,3,0
839,46,817,0,3
841,46,863,3,0
852,46,830,0,3
854,46,832,0,3
839,47,817,0,3
841,47,863,3,0
852,47,830,0,3
841,48,863,3,0
852,48,830,0,3
841,49,863,3,0
852,49,830,0,3
841,50,863,3,0
851,50,829,0,3
852,50,830,0,3
841,51,863,3,0
850,51,828,0,3
851,51,829,0,3
852,51,830,0,3
841,52,863,3,0
844,52,822,0,3
849,52,827,0,3
850,52,828,0,3
851,52,829,0,3
852,52,830,0,3
841,53,863,3,0
844,53,822,0,3
849,53,827,0,3
850,53,828,0,3
851,53,829,0,3
852,53,830,0,3
841,54,863,3,0
844,54,822,0,3
849,54,827,0,3
850,54,828,0,3
851,54,829,0,3
852,54,830,0,3
841,55,863,3,0
844,55,822,0,3
849,55,827,0,3
850,55,828,0,3
851,55,829,0,3
852,55,830,0,3
841,56,863,3,0
844,56,822,0,3
849,56,827,0,3
850,56,828,0,3
851,56,829,0,3
852,56,830,0,3
841,57,863,3,0
849,57,827,0,3
850,57,828,0,3
851,57,829,0,3
852,57,830,0,3
841,58,863,3,0
850,58,828,0,3
851,58,829,0,3
852,58,830,0,3
841,59,863,3,0
851,59,829,0,3
852,59,830,0,3
852,60,830,0,3
841,61,863,3,0
852,61,830,0,3
839,62,817,0,3
841,62,863,3,0
852,62,830,0,3
854,62,832,0,3
838,63,860,3,0
839,63,817,0,3
841,63,863,3,0
852,63,830,0,3
854,63,832,0,3
838,64,860,3,0
839,64,817,0,3
841,64,863,3,0
852,64,830,0,3
854,64,832,0,3
856,64,878,3,0
836,65,814,0,2
838,65,860,3,0
839,65,817,0,3
841,65,863,3,0
852,65,830,0,3
854,65,832,0,3
856,65,878,3,0
857,65,879,3,0
858,66,836,0,2
859,66,837,0,3
860,66,882,3,0
861,66,839,0,3
876,66,854,0,3
878,66,900,3,0
859,67,837,0,3
860,67,882,3,0
861,67,839,0,3
876,67,854,0,3
860,68,882,3,0
861,68,839,0,3
876,68,854,0,3
861,69,839,0,3
864,72,842,0,3
873,72,851,0,3
864,73,842,0,3
872,73,850,0,3
873,73,851,0,3
864,74,842,0,3
871,74,849,0,3
872,74,850,0,3
873,74,851,0,3
864,75,842,0,3
871,75,849,0,3
872,75,850,0,3
873,75,851,0,3
864,76,842,0,3
871,76,849,0,3
872,76,850,0,3
873,76,851,0,3
864,77,842,0,3
871,77,849,0,3
872,77,850,0,3
873,77,851,0,3
864,78,842,0,3
871,78,849,0,3
872,78,850,0,3
873,78,851,0,3
864,79,842,0,3
871,79,849,0,3
872,79,850,0,3
873,79,851,0,3
864,80,842,0,3
872,80,850,0,3
873,80,851,0,3
873,81,851,0,3
861,84,839,0,3
876,84,854,0,3
860,85,882,3,0
861,85,839,0,3
876,85,854,0,3
859,86,837,0,3
860,86,882,3,0
861,86,839,0,3
876,86,854,0,3
878,86,900,3,0
858,87,836,0,2
859,87,837,0,3
860,87,882,3,0
861,87,839,0,3
876,87,854,0,3
878,87,900,3,0
879,87,901,3,0
880,88,858,0,2
882,88,904,3,0
883,88,861,0,3
900,88,922,3,0
882,89,904,3,0
883,89,861,0,3
882,90,904,3,0
883,90,861,0,3
883,91,861,0,3
886,94,864,0,3
895,94,873,0,3
886,95,864,0,3
894,95,872,0,3
895,95,873,0,3
886,96,864,0,3
893,96,871,0,3
894,96,872,0,3
895,96,873,0,3
886,97,864,0,3
893,97,871,0,3
894,97,872,0,3
895,97,873,0,3
886,98,864,0,3
893,98,871,0,3
894,98,872,0,3
895,98,873,0,3
886,99,864,0,3
893,99,871,0,3
894,99,872,0,3
895,99,873,0,3
886,100,864,0,3
893,100,871,0,3
894,100,872,0,3
895,100,873,0,3
886,101,864,0,3
893,101,871,0,3
894,101,872,0,3
895,101,873,0,3
886,102,864,0,3
894,102,872,0,3
895,102,873,0,3
895,103,873,0,3
883,106,861,0,3
882,107,904,3,0
883,107,861,0,3
882,108,904,3,0
883,108,861,0,3
900,108,922,3,0
880,109,858,0,2
882,109,904,3,0
883,109,861,0,3
900,109,922,3,0
901,109,923,3,0
902,110,880,0,2
907,110,929,3,0
919,110,941,3,0
922,110,944,3,0
907,111,929,3,0
919,111,941,3,0
907,112,929,3,0
919,112,941,3,0
907,113,929,3,0
919,113,941,3,0
907,114,929,3,0
907,115,929,3,0
907,116,929,3,0
917,116,895,0,3
907,117,929,3,0
916,117,894,0,3
917,117,895,0,3
907,118,929,3,0
915,118,893,0,3
916,118,894,0,3
917,118,895,0,3
907,119,929,3,0
915,119,893,0,3
916,119,894,0,3
917,119,895,0,3
907,120,929,3,0
915,120,893,0,3
916,120,894,0,3
917,120,895,0,3
907,121,929,3,0
915,121,893,0,3
916,121,894,0,3
917,121,895,0,3
907,122,929,3,0
915,122,893,0,3
916,122,894,0,3
917,122,895,0,3
907,123,929,3,0
915,123,893,0,3
916,123,894,0,3
917,123,895,0,3
907,124,929,3,0
916,124,894,0,3
917,124,895,0,3
907,125,929,3,0
917,125,895,0,3
907,127,929,3,0
919,127,941,3,0
907,128,929,3,0
919,128,941,3,0
907,129,929,3,0
919,129,941,3,0
907,130,929,3,0
919,130,941,3,0
922,130,944,3,0
902,131,880,0,2
907,131,929,3,0
919,131,941,3,0
922,131,944,3,0
923,131,945,3,0
924,132,902,0,2
941,132,963,3,0
944,132,966,3,0
941,133,963,3,0
941,134,963,3,0
941,135,963,3,0
930,138,908,0,3
939,138,917,0,3
930,139,908,0,3
931,139,953,3,0
938,139,916,0,3
939,139,917,0,3
930,140,908,0,3
931,140,953,3,0
938,140,916,0,3
939,140,917,0,3
930,141,908,0,3
931,141,953,3,0
938,141,916,0,3
939,141,917,0,3
930,142,908,0,3
931,142,953,3,0
935,142,957,3,0
938,142,916,0,3
939,142,917,0,3
930,143,908,0,3
931,143,953,3,0
935,143,957,3,0
938,143,916,0,3
939,143,917,0,3
930,144,908,0,3
931,144,953,3,0
938,144,916,0,3
939,144,917,0,3
930,145,908,0,3
931,145,953,3,0
938,145,916,0,3
939,145,917,0,3
930,146,908,0,3
938,146,916,0,3
939,146,917,0,3
939,147,917,0,3
941,149,963,3,0
941,150,963,3,0
941,151,963,3,0
941,152,963,3,0
944,152,966,3,0
924,153,902,0,2
941,153,963,3,0
944,153,966,3,0
962,154,940,0,3
963,154,985,3,0
964,154,986,3,0
966,154,988,3,0
962,155,940,0,3
963,155,985,3,0
964,155,986,3,0
962,156,940,0,3
963,156,985,3,0
964,156,986,3,0
962,157,940,0,3
963,157,985,3,0
962,158,940,0,3
962,159,940,0,3
952,160,930,0,3
961,160,939,0,3
962,160,940,0,3
952,161,930,0,3
953,161,975,3,0
961,161,939,0,3
962,161,940,0,3
952,162,930,0,3
953,162,975,3,0
954,162,976,3,0
959,162,981,3,0
961,162,939,0,3
962,162,940,0,3
952,163,930,0,3
953,163,975,3,0
954,163,976,3,0
959,163,981,3,0
961,163,939,0,3
962,163,940,0,3
952,164,930,0,3
953,164,975,3,0
954,164,976,3,0
956,164,934,0,3
957,164,979,3,0
959,164,981,3,0
961,164,939,0,3
962,164,940,0,3
952,165,930,0,3
953,165,975,3,0
954,165,976,3,0
957,165,979,3,0
959,165,981,3,0
961,165,939,0,3
962,165,940,0,3
952,166,930,0,3
953,166,975,3,0
954,166,976,3,0
959,166,981,3,0
961,166,939,0,3
962,166,940,0,3
952,167,930,0,3
953,167,975,3,0
959,167,981,3,0
961,167,939,0,3
962,167,940,0,3
952,168,930,0,3
961,168,939,0,3
962,168,940,0,3
961,169,939,0,3
962,169,940,0,3
962,170,940,0,3
962,171,940,0,3
963,171,985,3,0
962,172,940,0,3
963,172,985,3,0
964,172,986,3,0
962,173,940,0,3
963,173,985,3,0
964,173,986,3,0
962,174,940,0,3
963,174,985,3,0
964,174,986,3,0
966,174,988,3,0
962,175,940,0,3
963,175,985,3,0
964,175,986,3,0
966,175,988,3,0
971,176,993,3,0
973,176,995,3,0
984,176,962,0,3
985,176,1007,3,0
987,176,965,0,3
988,176,1010,3,0
971,177,993,3,0
973,177,995,3,0
984,177,962,0,3
985,177,1007,3,0
987,177,965,0,3
971,178,993,3,0
973,178,995,3,0
984,178,962,0,3
985,178,1007,3,0
971,179,993,3,0
973,179,995,3,0
984,179,962,0,3
985,179,1007,3,0
973,180,995,3,0
984,180,962,0,3
973,181,995,3,0
984,181,962,0,3
973,182,995,3,0
983,182,961,0,3
984,182,962,0,3
973,183,995,3,0
975,183,997,3,0
983,183,961,0,3
984,183,962,0,3
973,184,995,3,0
975,184,997,3,0
981,184,1003,3,0
983,184,961,0,3
984,184,962,0,3
973,185,995,3,0
975,185,997,3,0
977,185,955,0,3
981,185,1003,3,0
983,185,961,0,3
984,185,962,0,3
973,186,995,3,0
975,186,997,3,0
977,186,955,0,3
978,186,956,0,3
979,186,1001,3,0
981,186,1003,3,0
983,186,961,0,3
984,186,962,0,3
973,187,995,3,0
975,187,997,3,0
977,187,955,0,3
979,187,1001,3,0
981,187,1003,3,0
983,187,961,0,3
984,187,962,0,3
973,188,995,3,0
975,188,997,3,0
981,188,1003,3,0
983,188,961,0,3
984,188,962,0,3
973,189,995,3,0
975,189,997,3,0
981,189,1003,3,0
983,189,961,0,3
984,189,962,0,3
973,190,995,3,0
983,190,961,0,3
984,190,962,0,3
973,191,995,3,0
983,191,961,0,3
984,191,962,0,3
984,192,962,0,3
973,193,995,3,0
984,193,962,0,3
985,193,1007,3,0
971,194,993,3,0
973,194,995,3,0
984,194,962,0,3
985,194,1007,3,0
971,195,993,3,0
973,195,995,3,0
984,195,962,0,3
985,195,1007,3,0
987,195,965,0,3
971,196,993,3,0
973,196,995,3,0
984,196,962,0,3
985,196,1007,3,0
987,196,965,0,3
988,196,1010,3,0
971,197,993,3,0
973,197,995,3,0
984,197,962,0,3
985,197,1007,3,0
987,197,965,0,3
988,197,1010,3,0
995,198,1017,3,0
1007,198,1029,3,0
1009,198,987,0,3
1010,198,1032,3,0
995,199,1017,3,0
1007,199,1029,3,0
1009,199,987,0,3
995,200,1017,3,0
1007,200,1029,3,0
995,201,1017,3,0
1007,201,1029,3,0
995,202,1017,3,0
995,203,1017,3,0
995,204,1017,3,0
1005,204,983,0,3
995,205,1017,3,0
997,205,1019,3,0
1004,205,1026,3,0
1005,205,983,0,3
995,206,1017,3,0
997,206,1019,3,0
1003,206,1025,3,0
1004,206,1026,3,0
1005,206,983,0,3
995,207,1017,3,0
997,207,1019,3,0
1003,207,1025,3,0
1004,207,1026,3,0
1005,207,983,0,3
995,208,1017,3,0
997,208,1019,3,0
1000,208,978,0,3
1001,208,1023,3,0
1003,208,1025,3,0
1004,208,1026,3,0
1005,208,983,0,3
995,209,1017,3,0
997,209,1019,3,0
1001,209,1023,3,0
1003,209,1025,3,0
1004,209,1026,3,0
1005,209,983,0,3
995,210,1017,3,0
997,210,1019,3,0
1003,210,1025,3,0
1004,210,1026,3,0
1005,210,983,0,3
995,211,1017,3,0
997,211,1019,3,0
1003,211,1025,3,0
1004,211,1026,3,0
1005,211,983,0,3
995,212,1017,3,0
1004,212,1026,3,0
1005,212,983,0,3
995,213,1017,3,0
1005,213,983,0,3
995,215,1017,3,0
1007,215,1029,3,0
995,216,1017,3,0
1007,216,1029,3,0
995,217,1017,3,0
1007,217,1029,3,0
1009,217,987,0,3
995,218,1017,3,0
1007,218,1029,3,0
1009,218,987,0,3
1010,218,1032,3,0
995,219,1017,3,0
1007,219,1029,3,0
1009,219,987,0,3
1010,219,1032,3,0
1028,220,1050,3,0
1029,220,1051,3,0
1032,220,1054,3,0
1028,221,1050,3,0
1029,221,1051,3,0
1028,222,1050,3,0
1029,222,1051,3,0
1028,223,1050,3,0
1029,223,1051,3,0
1028,224,1050,3,0
1028,225,1050,3,0
1028,226,1050,3,0
1026,227,1048,3,0
1028,227,1050,3,0
1025,228,1047,3,0
1026,228,1048,3,0
1028,228,1050,3,0
1025,229,1047,3,0
1026,229,1048,3,0
1028,229,1050,3,0
1022,230,1000,0,3
1023,230,1045,3,0
1025,230,1047,3,0
1026,230,1048,3,0
1028,230,1050,3,0
1023,231,1045,3,0
1025,231,1047,3,0
1026,231,1048,3,0
1028,231,1050,3,0
1025,232,1047,3,0
1026,232,1048,3,0
1028,232,1050,3,0
1025,233,1047,3,0
1026,233,1048,3,0
1028,233,1050,3,0
1026,234,1048,3,0
1028,234,1050,3,0
1028,235,1050,3,0
1028,236,1050,3,0
1028,237,1050,3,0
1029,237,1051,3,0
1028,238,1050,3,0
1029,238,1051,3,0
1028,239,1050,3,0
1029,239,1051,3,0
1028,240,1050,3,0
1029,240,1051,3,0
1032,240,1054,3,0
1028,241,1050,3,0
1029,241,1051,3,0
1032,241,1054,3,0
1033,241,1055,3,0
1050,242,1072,3,0
1051,242,1073,3,0
1054,242,1076,3,0
1050,243,1072,3,0
1051,243,1073,3,0
1050,244,1072,3,0
1051,244,1073,3,0
1050,245,1072,3,0
1051,245,1073,3,0
1050,246,1072,3,0
1050,247,1072,3,0
1050,248,1072,3,0
1041,249,1063,3,0
1048,249,1070,3,0
1050,249,1072,3,0
1041,250,1063,3,0
1047,250,1069,3,0
1048,250,1070,3,0
1050,250,1072,3,0
1041,251,1063,3,0
1047,251,1069,3,0
1048,251,1070,3,0
1050,251,1072,3,0
1041,252,1063,3,0
1044,252,1022,0,3
1045,252,1067,3,0
1047,252,1069,3,0
1048,252,1070,3,0
1050,252,1072,3,0
1041,253,1063,3,0
1045,253,1067,3,0
1047,253,1069,3,0
1048,253,1070,3,0
1050,253,1072,3,0
1041,254,1063,3,0
1047,254,1069,3,0
1048,254,1070,3,0
1050,254,1072,3,0
1041,255,1063,3,0
1047,255,1069,3,0
1048,255,1070,3,0
1050,255,1072,3,0
1048,256,1070,3,0
1050,256,1072,3,0
1050,257,1072,3,0
1050,258,1072,3,0
1050,259,1072,3,0
1051,259,1073,3,0
1050,260,1072,3,0
1051,260,1073,3,0
1050,261,1072,3,0
1051,261,1073,3,0
1050,262,1072,3,0
1051,262,1073,3,0
1054,262,1076,3,0
1050,263,1072,3,0
1051,263,1073,3,0
1054,263,1076,3,0
1055,263,1077,3,0
1058,264,1036,0,3
1059,264,1037,0,3
1072,264,1094,3,0
1073,264,1095,3,0
1058,265,1036,0,3
1059,265,1037,0,3
1072,265,1094,3,0
1073,265,1095,3,0
1058,266,1036,0,3
1059,266,1037,0,3
1072,266,1094,3,0
1073,266,1095,3,0
1059,267,1037,0,3
1072,267,1094,3,0
1073,267,1095,3,0
1072,268,1094,3,0
1072,269,1094,3,0
1062,270,1040,0,3
1072,270,1094,3,0
1062,271,1040,0,3
1063,271,1085,3,0
1070,271,1092,3,0
1072,271,1094,3,0
1062,272,1040,0,3
1063,272,1085,3,0
1064,272,1086,3,0
1069,272,1091,3,0
1070,272,1092,3,0
1072,272,1094,3,0
1062,273,1040,0,3
1063,273,1085,3,0
1064,273,1086,3,0
1069,273,1091,3,0
1070,273,1092,3,0
1072,273,1094,3,0
1062,274,1040,0,3
1063,274,1085,3,0
1064,274,1086,3,0
1066,274,1044,0,3
1069,274,1091,3,0
1070,274,1092,3,0
1072,274,1094,3,0
1062,275,1040,0,3
1063,275,1085,3,0
1064,275,1086,3,0
1069,275,1091,3,0
1070,275,1092,3,0
1072,275,1094,3,0
1062,276,1040,0,3
1063,276,1085,3,0
1064,276,1086,3,0
1069,276,1091,3,0
1070,276,1092,3,0
1072,276,1094,3,0
1062,277,1040,0,3
1063,277,1085,3,0
1069,277,1091,3,0
1070,277,1092,3,0
1072,277,1094,3,0
1062,278,1040,0,3
1070,278,1092,3,0
1072,278,1094,3,0
1072,279,1094,3,0
1072,280,1094,3,0
1072,281,1094,3,0
1073,281,1095,3,0
1059,282,1037,0,3
1072,282,1094,3,0
1073,282,1095,3,0
1058,283,1036,0,3
1059,283,1037,0,3
1072,283,1094,3,0
1073,283,1095,3,0
1058,284,1036,0,3
1059,284,1037,0,3
1072,284,1094,3,0
1073,284,1095,3,0
1058,285,1036,0,3
1059,285,1037,0,3
1072,285,1094,3,0
1073,285,1095,3,0
1077,285,1099,3,0
1080,286,1058,0,3
1081,286,1059,0,3
1083,286,1105,3,0
1094,286,1116,3,0
1095,286,1117,3,0
1080,287,1058,0,3
1081,287,1059,0,3
1083,287,1105,3,0
1094,287,1116,3,0
1095,287,1117,3,0
1080,288,1058,0,3
1081,288,1059,0,3
1083,288,1105,3,0
1094,288,1116,3,0
1095,288,1117,3,0
1081,289,1059,0,3
1083,289,1105,3,0
1094,289,1116,3,0
1095,289,1117,3,0
1083,290,1105,3,0
1094,290,1116,3,0
1083,291,1105,3,0
1094,291,1116,3,0
1083,292,1105,3,0
1084,292,1062,0,3
1094,292,1116,3,0
1083,293,1105,3,0
1084,293,1062,0,3
1085,293,1107,3,0
1092,293,1114,3,0
1094,293,1116,3,0
1083,294,1105,3,0
1084,294,1062,0,3
1085,294,1107,3,0
1091,294,1113,3,0
1092,294,1114,3,0
1094,294,1116,3,0
1083,295,1105,3,0
1084,295,1062,0,3
1085,295,1107,3,0
1091,295,1113,3,0
1092,295,1114,3,0
1094,295,1116,3,0
1083,296,1105,3,0
1084,296,1062,0,3
1085,296,1107,3,0
1088,296,1066,0,3
1091,296,1113,3,0
1092,296,1114,3,0
1094,296,1116,3,0
1083,297,1105,3,0
1084,297,1062,0,3
1085,297,1107,3,0
1091,297,1113,3,0
1092,297,1114,3,0
1094,297,1116,3,0
1083,298,1105,3,0
1084,298,1062,0,3
1085,298,1107,3,0
1091,298,1113,3,0
1092,298,1114,3,0
1094,298,1116,3,0
1083,299,1105,3,0
1084,299,1062,0,3
1085,299,1107,3,0
1091,299,1113,3,0
1092,299,1114,3,0
1094,299,1116,3,0
1083,300,1105,3,0
1084,300,1062,0,3
1092,300,1114,3,0
1094,300,1116,3,0
1083,301,1105,3,0
1094,301,1116,3,0
1094,302,1116,3,0
1083,303,1105,3,0
1094,303,1116,3,0
1095,303,1117,3,0
1081,304,1059,0,3
1083,304,1105,3,0
1094,304,1116,3,0
1095,304,1117,3,0
1080,305,1058,0,3
1081,305,1059,0,3
1083,305,1105,3,0
1094,305,1116,3,0
1095,305,1117,3,0
1080,306,1058,0,3
1081,306,1059,0,3
1083,306,1105,3,0
1094,306,1116,3,0
1095,306,1117,3,0
1080,307,1058,0,3
1081,307,1059,0,3
1083,307,1105,3,0
1094,307,1116,3,0
1095,307,1117,3,0
1099,307,1121,3,0
1102,308,1080,0,3
1103,308,1081,0,3
1105,308,1127,3,0
1117,308,1139,3,0
1102,309,1080,0,3
1103,309,1081,0,3
1105,309,1127,3,0
1117,309,1139,3,0
1102,310,1080,0,3
1103,310,1081,0,3
1105,310,1127,3,0
1117,310,1139,3,0
1103,311,1081,0,3
1105,311,1127,3,0
1117,311,1139,3,0
1105,312,1127,3,0
1105,313,1127,3,0
1105,314,1127,3,0
1105,315,1127,3,0
1107,315,1129,3,0
1114,315,1136,3,0
1105,316,1127,3,0
1107,316,1129,3,0
1113,316,1135,3,0
1114,316,1136,3,0
1105,317,1127,3,0
1107,317,1129,3,0
1113,317,1135,3,0
1114,317,1136,3,0
1105,318,1127,3,0
1107,318,1129,3,0
1110,318,1088,0,3
1113,318,1135,3,0
1114,318,1136,3,0
1105,319,1127,3,0
1107,319,1129,3,0
1113,319,1135,3,0
1114,319,1136,3,0
1105,320,1127,3,0
1107,320,1129,3,0
1113,320,1135,3,0
1114,320,1136,3,0
1105,321,1127,3,0
1107,321,1129,3,0
1113,321,1135,3,0
1114,321,1136,3,0
1105,322,1127,3,0
1114,322,1136,3,0
1105,323,1127,3,0
1105,325,1127,3,0
1117,325,1139,3,0
1103,326,1081,0,3
1105,326,1127,3,0
1117,326,1139,3,0
1102,327,1080,0,3
1103,327,1081,0,3
1105,327,1127,3,0
1117,327,1139,3,0
1102,328,1080,0,3
1103,328,1081,0,3
1105,328,1127,3,0
1117,328,1139,3,0
1102,329,1080,0,3
1103,329,1081,0,3
1105,329,1127,3,0
1117,329,1139,3,0
1121,329,1143,3,0
1124,330,1102,0,3
1125,330,1103,0,3
1127,330,1149,3,0
1138,330,1160,3,0
1139,330,1161,3,0
1124,331,1102,0,3
1125,331,1103,0,3
1127,331,1149,3,0
1138,331,1160,3,0
1139,331,1161,3,0
1124,332,1102,0,3
1125,332,1103,0,3
1127,332,1149,3,0
1138,332,1160,3,0
1139,332,1161,3,0
1125,333,1103,0,3
1127,333,1149,3,0
1138,333,1160,3,0
1139,333,1161,3,0
1127,334,1149,3,0
1138,334,1160,3,0
1127,335,1149,3,0
1138,335,1160,3,0
1127,336,1149,3,0
1128,336,1150,3,0
1138,336,1160,3,0
1127,337,1149,3,0
1128,337,1150,3,0
1129,337,1151,3,0
1136,337,1158,3,0
1138,337,1160,3,0
1127,338,1149,3,0
1128,338,1150,3,0
1129,338,1151,3,0
1136,338,1158,3,0
1138,338,1160,3,0
1127,339,1149,3,0
1128,339,1150,3,0
1129,339,1151,3,0
1136,339,1158,3,0
1138,339,1160,3,0
1127,340,1149,3,0
1128,340,1150,3,0
1129,340,1151,3,0
1132,340,1110,0,3
1136,340,1158,3,0
1138,340,1160,3,0
1127,341,1149,3,0
1128,341,1150,3,0
1129,341,1151,3,0
1136,341,1158,3,0
1138,341,1160,3,0
1127,342,1149,3,0
1128,342,1150,3,0
1129,342,1151,3,0
1136,342,1158,3,0
1138,342,1160,3,0
1127,343,1149,3,0
1128,343,1150,3,0
1129,343,1151,3,0
1136,343,1158,3,0
1138,343,1160,3,0
1127,344,1149,3,0
1128,344,1150,3,0
1136,344,1158,3,0
1138,344,1160,3,0
1127,345,1149,3,0
1138,345,1160,3,0
1138,346,1160,3,0
1127,347,1149,3,0
1138,347,1160,3,0
1139,347,1161,3,0
1125,348,1103,0,3
1127,348,1149,3,0
1138,348,1160,3,0
1139,348,1161,3,0
1124,349,1102,0,3
1125,349,1103,0,3
1127,349,1149,3,0
1138,349,1160,3,0
1139,349,1161,3,0
1124,350,1102,0,3
1125,350,1103,0,3
1127,350,1149,3,0
1138,350,1160,3,0
1139,350,1161,3,0
1124,351,1102,0,3
1125,351,1103,0,3
1127,351,1149,3,0
1138,351,1160,3,0
1139,351,1161,3,0
1143,351,1165,3,0
1146,352,1124,0,3
1147,352,1125,0,3
1149,352,1171,3,0
1160,352,1182,3,0
1161,352,1183,3,0
1164,352,1186,3,0
1146,353,1124,0,3
1147,353,1125,0,3
1149,353,1171,3,0
1160,353,1182,3,0
1161,353,1183,3,0
1146,354,1124,0,3
1147,354,1125,0,3
1149,354,1171,3,0
1160,354,1182,3,0
1161,354,1183,3,0
1147,355,1125,0,3
1149,355,1171,3,0
1160,355,1182,3,0
1161,355,1183,3,0
1149,356,1171,3,0
1160,356,1182,3,0
1149,357,1171,3,0
1160,357,1182,3,0
1149,358,1171,3,0
1150,358,1172,3,0
1160,358,1182,3,0
1149,359,1171,3,0
1150,359,1172,3,0
1151,359,1173,3,0
1158,359,1180,3,0
1160,359,1182,3,0
1149,360,1171,3,0
1150,360,1172,3,0
1151,360,1173,3,0
1152,360,1174,3,0
1158,360,1180,3,0
1160,360,1182,3,0
1149,361,1171,3,0
1150,361,1172,3,0
1151,361,1173,3,0
1152,361,1174,3,0
1156,361,1134,0,3
1158,361,1180,3,0
1160,361,1182,3,0
1149,362,1171,3,0
1150,362,1172,3,0
1151,362,1173,3,0
1152,362,1174,3,0
1154,362,1132,0,3
1156,362,1134,0,3
1158,362,1180,3,0
1160,362,1182,3,0
1149,363,1171,3,0
1150,363,1172,3,0
1151,363,1173,3,0
1152,363,1174,3,0
1156,363,1134,0,3
1158,363,1180,3,0
1160,363,1182,3,0
1149,364,1171,3,0
1150,364,1172,3,0
1151,364,1173,3,0
1152,364,1174,3,0
1156,364,1134,0,3
1158,364,1180,3,0
1160,364,1182,3,0
1149,365,1171,3,0
1150,365,1172,3,0
1151,365,1173,3,0
1158,365,1180,3,0
1160,365,1182,3,0
1149,366,1171,3,0
1150,366,1172,3,0
1158,366,1180,3,0
1160,366,1182,3,0
1149,367,1171,3,0
1160,367,1182,3,0
1160,368,1182,3,0
1149,369,1171,3,0
1160,369,1182,3,0
1161,369,1183,3,0
1147,370,1125,0,3
1149,370,1171,3,0
1160,370,1182,3,0
1161,370,1183,3,0
1146,371,1124,0,3
1147,371,1125,0,3
1149,371,1171,3,0
1160,371,1182,3,0
1161,371,1183,3,0
1146,372,1124,0,3
1147,372,1125,0,3
1149,372,1171,3,0
1160,372,1182,3,0
1161,372,1183,3,0
1164,372,1186,3,0
1146,373,1124,0,3
1147,373,1125,0,3
1149,373,1171,3,0
1160,373,1182,3,0
1161,373,1183,3,0
1164,373,1186,3,0
1165,373,1187,3,0
1168,374,1146,0,3
1169,374,1147,0,3
1170,374,1148,0,3
1171,374,1193,3,0
1182,374,1204,3,0
1183,374,1205,3,0
1186,374,1208,3,0
1168,375,1146,0,3
1169,375,1147,0,3
1170,375,1148,0,3
1171,375,1193,3,0
1182,375,1204,3,0
1183,375,1205,3,0
1168,376,1146,0,3
1169,376,1147,0,3
1170,376,1148,0,3
1171,376,1193,3,0
1182,376,1204,3,0
1183,376,1205,3,0
1169,377,1147,0,3
1170,377,1148,0,3
1171,377,1193,3,0
1182,377,1204,3,0
1183,377,1205,3,0
1170,378,1148,0,3
1171,378,1193,3,0
1182,378,1204,3,0
1171,379,1193,3,0
1182,379,1204,3,0
1171,380,1193,3,0
1182,380,1204,3,0
1171,381,1193,3,0
1173,381,1195,3,0
1180,381,1202,3,0
1182,381,1204,3,0
1171,382,1193,3,0
1173,382,1195,3,0
1174,382,1196,3,0
1180,382,1202,3,0
1182,382,1204,3,0
1171,383,1193,3,0
1173,383,1195,3,0
1174,383,1196,3,0
1180,383,1202,3,0
1182,383,1204,3,0
1171,384,1193,3,0
1173,384,1195,3,0
1174,384,1196,3,0
1176,384,1154,0,3
1180,384,1202,3,0
1182,384,1204,3,0
1171,385,1193,3,0
1173,385,1195,3,0
1174,385,1196,3,0
1180,385,1202,3,0
1182,385,1204,3,0
1171,386,1193,3,0
1173,386,1195,3,0
1174,386,1196,3,0
1180,386,1202,3,0
1182,386,1204,3,0
1171,387,1193,3,0
1173,387,1195,3,0
1180,387,1202,3,0
1182,387,1204,3,0
1171,388,1193,3,0
1180,388,1202,3,0
1182,388,1204,3,0
1171,389,1193,3,0
1182,389,1204,3,0
1182,390,1204,3,0
1170,391,1148,0,3
1171,391,1193,3,0
1182,391,1204,3,0
1183,391,1205,3,0
1169,392,1147,0,3
1170,392,1148,0,3
1171,392,1193,3,0
1182,392,1204,3,0
1183,392,1205,3,0
1168,393,1146,0,3
1169,393,1147,0,3
1170,393,1148,0,3
1171,393,1193,3,0
1182,393,1204,3,0
1183,393,1205,3,0
1168,394,1146,0,3
1169,394,1147,0,3
1170,394,1148,0,3
1171,394,1193,3,0
1182,394,1204,3,0
1183,394,1205,3,0
1186,394,1208,3,0
1168,395,1146,0,3
1169,395,1147,0,3
1170,395,1148,0,3
1171,395,1193,3,0
1182,395,1204,3,0
1183,395,1205,3,0
1186,395,1208,3,0
1187,395,1209,3,0
1190,396,1168,0,3
1191,396,1169,0,3
1192,396,1170,0,3
1193,396,1215,3,0
1204,396,1226,3,0
1205,396,1227,3,0
1208,396,1230,3,0
1190,397,1168,0,3
1191,397,1169,0,3
1192,397,1170,0,3
1193,397,1215,3,0
1204,397,1226,3,0
1205,397,1227,3,0
1190,398,1168,0,3
1191,398,1169,0,3
1192,398,1170,0,3
1193,398,1215,3,0
1204,398,1226,3,0
1205,398,1227,3,0
1191,399,1169,0,3
1192,399,1170,0,3
1193,399,1215,3,0
1204,399,1226,3,0
1205,399,1227,3,0
1192,400,1170,0,3
1193,400,1215,3,0
1204,400,1226,3,0
1193,401,1215,3,0
1204,401,1226,3,0
1193,402,1215,3,0
1204,402,1226,3,0
1193,403,1215,3,0
1195,403,1217,3,0
1202,403,1224,3,0
1204,403,1226,3,0
1193,404,1215,3,0
1195,404,1217,3,0
1202,404,1224,3,0
1204,404,1226,3,0
1193,405,1215,3,0
1195,405,1217,3,0
1202,405,1224,3,0
1204,405,1226,3,0
1193,406,1215,3,0
1195,406,1217,3,0
1198,406,1176,0,3
1202,406,1224,3,0
1204,406,1226,3,0
1193,407,1215,3,0
1195,407,1217,3,0
1202,407,1224,3,0
1204,407,1226,3,0
1193,408,1215,3,0
1195,408,1217,3,0
1202,408,1224,3,0
1204,408,1226,3,0
1193,409,1215,3,0
1195,409,1217,3,0
1202,409,1224,3,0
1204,409,1226,3,0
1193,410,1215,3,0
1202,410,1224,3,0
1204,410,1226,3,0
1193,411,1215,3,0
1204,411,1226,3,0
1204,412,1226,3,0
1192,413,1170,0,3
1193,413,1215,3,0
1204,413,1226,3,0
1205,413,1227,3,0
1191,414,1169,0,3
1192,414,1170,0,3
1193,414,1215,3,0
1204,414,1226,3,0
1205,414,1227,3,0
1190,415,1168,0,3
1191,415,1169,0,3
1192,415,1170,0,3
1193,415,1215,3,0
1204,415,1226,3,0
1205,415,1227,3,0
1190,416,1168,0,3
1191,416,1169,0,3
1192,416,1170,0,3
1193,416,1215,3,0
1204,416,1226,3,0
1205,416,1227,3,0
1208,416,1230,3,0
1190,417,1168,0,3
1191,417,1169,0,3
1192,417,1170,0,3
1193,417,1215,3,0
1204,417,1226,3,0
1205,417,1227,3,0
1208,417,1230,3,0
1209,417,1231,3,0
1212,418,1190,0,3
1213,418,1191,0,3
1214,418,1192,0,3
1215,418,1237,3,0
1226,418,1248,3,0
1227,418,1249,3,0
1230,418,1252,3,0
1212,419,1190,0,3
1213,419,1191,0,3
1214,419,1192,0,3
1215,419,1237,3,0
1226,419,1248,3,0
1227,419,1249,3,0
1212,420,1190,0,3
1213,420,1191,0,3
1214,420,1192,0,3
1215,420,1237,3,0
1226,420,1248,3,0
1227,420,1249,3,0
1213,421,1191,0,3
1214,421,1192,0,3
1215,421,1237,3,0
1226,421,1248,3,0
1227,421,1249,3,0
1214,422,1192,0,3
1215,422,1237,3,0
1226,422,1248,3,0
1215,423,1237,3,0
1226,423,1248,3,0
1215,424,1237,3,0
1226,424,1248,3,0
1215,425,1237,3,0
1217,425,1239,3,0
1224,425,1246,3,0
1226,425,1248,3,0
1215,426,1237,3,0
1217,426,1239,3,0
1218,426,1240,3,0
1224,426,1246,3,0
1226,426,1248,3,0
1215,427,1237,3,0
1217,427,1239,3,0
1218,427,1240,3,0
1224,427,1246,3,0
1226,427,1248,3,0
1215,428,1237,3,0
1217,428,1239,3,0
1218,428,1240,3,0
1220,428,1198,0,3
1224,428,1246,3,0
1226,428,1248,3,0
1215,429,1237,3,0
1217,429,1239,3,0
1218,429,1240,3,0
1224,429,1246,3,0
1226,429,1248,3,0
1215,430,1237,3,0
1217,430,1239,3,0
1218,430,1240,3,0
1224,430,1246,3,0
1226,430,1248,3,0
1215,431,1237,3,0
1217,431,1239,3,0
1224,431,1246,3,0
1226,431,1248,3,0
1215,432,1237,3,0
1224,432,1246,3,0
1226,432,1248,3,0
1215,433,1237,3,0
1226,433,1248,3,0
1226,434,1248,3,0
1214,435,1192,0,3
1215,435,1237,3,0
1226,435,1248,3,0
1227,435,1249,3,0
1213,436,1191,0,3
1214,436,1192,0,3
1215,436,1237,3,0
1226,436,1248,3,0
1227,436,1249,3,0
1212,437,1190,0,3
1213,437,1191,0,3
1214,437,1192,0,3
1215,437,1237,3,0
1226,437,1248,3,0
1227,437,1249,3,0
1212,438,1190,0,3
1213,438,1191,0,3
1214,438,1192,0,3
1215,438,1237,3,0
1226,438,1248,3,0
1227,438,1249,3,0
1230,438,1252,3,0
1212,439,1190,0,3
1213,439,1191,0,3
1214,439,1192,0,3
1215,439,1237,3,0
1226,439,1248,3,0
1227,439,1249,3,0
1230,439,1252,3,0
1231,439,1253,3,0
1234,440,1212,0,3
1235,440,1213,0,3
1236,440,1214,0,3
1237,440,1259,3,0
1248,440,1270,3,0
1249,440,1271,3,0
1252,440,1274,3,0
1234,441,1212,0,3
1235,441,1213,0,3
1236,441,1214,0,3
1237,441,1259,3,0
1248,441,1270,3,0
1249,441,1271,3,0
1234,442,1212,0,3
1235,442,1213,0,3
1236,442,1214,0,3
1237,442,1259,3,0
1248,442,1270,3,0
1249,442,1271,3,0
1235,443,1213,0,3
1236,443,1214,0,3
1237,443,1259,3,0
1248,443,1270,3,0
1249,443,1271,3,0
1236,444,1214,0,3
1237,444,1259,3,0
1248,444,1270,3,0
1237,445,1259,3,0
1248,445,1270,3,0
1237,446,1259,3,0
1238,446,1260,3,0
1248,446,1270,3,0
1237,447,1259,3,0
1238,447,1260,3,0
1239,447,1261,3,0
1246,447,1268,3,0
1248,447,1270,3,0
1237,448,1259,3,0
1238,448,1260,3,0
1239,448,1261,3,0
1240,448,1262,3,0
1246,448,1268,3,0
1248,448,1270,3,0
1237,449,1259,3,0
1238,449,1260,3,0
1239,449,1261,3,0
1240,449,1262,3,0
1246,449,1268,3,0
1248,449,1270,3,0
1237,450,1259,3,0
1238,450,1260,3,0
1239,450,1261,3,0
1240,450,1262,3,0
1242,450,1220,0,3
1246,450,1268,3,0
1248,450,1270,3,0
1237,451,1259,3,0
1238,451,1260,3,0
1239,451,1261,3,0
1240,451,1262,3,0
1246,451,1268,3,0
1248,451,1270,3,0
1237,452,1259,3,0
1238,452,1260,3,0
1239,452,1261,3,0
1240,452,1262,3,0
1246,452,1268,3,0
1248,452,1270,3,0
1237,453,1259,3,0
1238,453,1260,3,0
1239,453,1261,3,0
1246,453,1268,3,0
1248,453,1270,3,0
1237,454,1259,3,0
1238,454,1260,3,0
1246,454,1268,3,0
1248,454,1270,3,0
1237,455,1259,3,0
1248,455,1270,3,0
1248,456,1270,3,0
1236,457,1214,0,3
1237,457,1259,3,0
1248,457,1270,3,0
1249,457,1271,3,0
1235,458,1213,0,3
1236,458,1214,0,3
1237,458,1259,3,0
1248,458,1270,3,0
1249,458,1271,3,0
1234,459,1212,0,3
1235,459,1213,0,3
1236,459,1214,0,3
1237,459,1259,3,0
1248,459,1270,3,0
1249,459,1271,3,0
1234,460,1212,0,3
1235,460,1213,0,3
1236,460,1214,0,3
1237,460,1259,3,0
1248,460,1270,3,0
1249,460,1271,3,0
1252,460,1274,3,0
1234,461,1212,0,3
1235,461,1213,0,3
1236,461,1214,0,3
1237,461,1259,3,0
1248,461,1270,3,0
1249,461,1271,3,0
1252,461,1274,3,0
1253,461,1275,3,0
1256,462,1234,0,3
1257,462,1235,0,3
1258,462,1236,0,3
1259,462,1281,3,0
1271,462,1293,3,0
1274,462,1296,3,0
1256,463,1234,0,3
1257,463,1235,0,3
1258,463,1236,0,3
1259,463,1281,3,0
1271,463,1293,3,0
1256,464,1234,0,3
1257,464,1235,0,3
1258,464,1236,0,3
1259,464,1281,3,0
1271,464,1293,3,0
1257,465,1235,0,3
1258,465,1236,0,3
1259,465,1281,3,0
1271,465,1293,3,0
1258,466,1236,0,3
1259,466,1281,3,0
1259,467,1281,3,0
1259,468,1281,3,0
1260,468,1282,3,0
1259,469,1281,3,0
1260,469,1282,3,0
1261,469,1283,3,0
1268,469,1290,3,0
1259,470,1281,3,0
1260,470,1282,3,0
1261,470,1283,3,0
1262,470,1284,3,0
1268,470,1290,3,0
1259,471,1281,3,0
1260,471,1282,3,0
1261,471,1283,3,0
1262,471,1284,3,0
1268,471,1290,3,0
1259,472,1281,3,0
1260,472,1282,3,0
1261,472,1283,3,0
1262,472,1284,3,0
1264,472,1242,0,3
1268,472,1290,3,0
1259,473,1281,3,0
1260,473,1282,3,0
1261,473,1283,3,0
1262,473,1284,3,0
1268,473,1290,3,0
1259,474,1281,3,0
1260,474,1282,3,0
1261,474,1283,3,0
1262,474,1284,3,0
1268,474,1290,3,0
1259,475,1281,3,0
1260,475,1282,3,0
1261,475,1283,3,0
1268,475,1290,3,0
1259,476,1281,3,0
1260,476,1282,3,0
1268,476,1290,3,0
1259,477,1281,3,0
1258,479,1236,0,3
1259,479,1281,3,0
1271,479,1293,3,0
1257,480,1235,0,3
1258,480,1236,0,3
1259,480,1281,3,0
1271,480,1293,3,0
1256,481,1234,0,3
1257,481,1235,0,3
1258,481,1236,0,3
1259,481,1281,3,0
1271,481,1293,3,0
1256,482,1234,0,3
1257,482,1235,0,3
1258,482,1236,0,3
1259,482,1281,3,0
1271,482,1293,3,0
1274,482,1296,3,0
1256,483,1234,0,3
1257,483,1235,0,3
1258,483,1236,0,3
1259,483,1281,3,0
1271,483,1293,3,0
1274,483,1296,3,0
1275,483,1297,3,0
1278,484,1256,0,3
1279,484,1257,0,3
1280,484,1258,0,3
1281,484,1303,3,0
1293,484,1315,3,0
1296,484,1318,3,0
1278,485,1256,0,3
1279,485,1257,0,3
1280,485,1258,0,3
1281,485,1303,3,0
1293,485,1315,3,0
1278,486,1256,0,3
1279,486,1257,0,3
1280,486,1258,0,3
1281,486,1303,3,0
1293,486,1315,3,0
1279,487,1257,0,3
1280,487,1258,0,3
1281,487,1303,3,0
1293,487,1315,3,0
1280,488,1258,0,3
1281,488,1303,3,0
1281,489,1303,3,0
1281,490,1303,3,0
1282,490,1304,3,0
1281,491,1303,3,0
1282,491,1304,3,0
1283,491,1305,3,0
1290,491,1312,3,0
1281,492,1303,3,0
1282,492,1304,3,0
1283,492,1305,3,0
1284,492,1306,3,0
1290,492,1312,3,0
1281,493,1303,3,0
1282,493,1304,3,0
1283,493,1305,3,0
1284,493,1306,3,0
1290,493,1312,3,0
1281,494,1303,3,0
1282,494,1304,3,0
1283,494,1305,3,0
1284,494,1306,3,0
1286,494,1264,0,3
1290,494,1312,3,0
1281,495,1303,3,0
1282,495,1304,3,0
1283,495,1305,3,0
1284,495,1306,3,0
1290,495,1312,3,0
1281,496,1303,3,0
1282,496,1304,3,0
1283,496,1305,3,0
1284,496,1306,3,0
1290,496,1312,3,0
1281,497,1303,3,0
1282,497,1304,3,0
1283,497,1305,3,0
1290,497,1312,3,0
1281,498,1303,3,0
1282,498,1304,3,0
1290,498,1312,3,0
1281,499,1303,3,0
1280,501,1258,0,3
1281,501,1303,3,0
1293,501,1315,3,0
1279,502,1257,0,3
1280,502,1258,0,3
1281,502,1303,3,0
1293,502,1315,3,0
1278,503,1256,0,3
1279,503,1257,0,3
1280,503,1258,0,3
1281,503,1303,3,0
1293,503,1315,3,0
1278,504,1256,0,3
1279,504,1257,0,3
1280,504,1258,0,3
1281,504,1303,3,0
1293,504,1315,3,0
1296,504,1318,3,0
1278,505,1256,0,3
1279,505,1257,0,3
1280,505,1258,0,3
1281,505,1303,3,0
1293,505,1315,3,0
1296,505,1318,3,0
1297,505,1319,3,0
1300,506,1278,0,3
1302,506,1280,0,3
1303,506,1325,3,0
1318,506,1340,3,0
1300,507,1278,0,3
1302,507,1280,0,3
1303,507,1325,3,0
1300,508,1278,0,3
1302,508,1280,0,3
1303,508,1325,3,0
1302,509,1280,0,3
1303,509,1325,3,0
1302,510,1280,0,3
1303,510,1325,3,0
1303,511,1325,3,0
1303,512,1325,3,0
1303,513,1325,3,0
1305,513,1327,3,0
1312,513,1334,3,0
1303,514,1325,3,0
1305,514,1327,3,0
1306,514,1328,3,0
1312,514,1334,3,0
1303,515,1325,3,0
1305,515,1327,3,0
1306,515,1328,3,0
1310,515,1288,0,3
1312,515,1334,3,0
1303,516,1325,3,0
1305,516,1327,3,0
1306,516,1328,3,0
1308,516,1286,0,3
1310,516,1288,0,3
1312,516,1334,3,0
1303,517,1325,3,0
1305,517,1327,3,0
1306,517,1328,3,0
1310,517,1288,0,3
1312,517,1334,3,0
1303,518,1325,3,0
1305,518,1327,3,0
1306,518,1328,3,0
1310,518,1288,0,3
1312,518,1334,3,0
1303,519,1325,3,0
1305,519,1327,3,0
1312,519,1334,3,0
1303,520,1325,3,0
1312,520,1334,3,0
1303,521,1325,3,0
1302,523,1280,0,3
1303,523,1325,3,0
1302,524,1280,0,3
1303,524,1325,3,0
1300,525,1278,0,3
1302,525,1280,0,3
1303,525,1325,3,0
1300,526,1278,0,3
1302,526,1280,0,3
1303,526,1325,3,0
1318,526,1340,3,0
1300,527,1278,0,3
1302,527,1280,0,3
1303,527,1325,3,0
1318,527,1340,3,0
1319,527,1341,3,0
1322,528,1300,0,3
1324,528,1302,0,3
1325,528,1347,3,0
1340,528,1362,3,0
1322,529,1300,0,3
1324,529,1302,0,3
1325,529,1347,3,0
1322,530,1300,0,3
1324,530,1302,0,3
1325,530,1347,3,0
1324,531,1302,0,3
1325,531,1347,3,0
1324,532,1302,0,3
1325,532,1347,3,0
1325,533,1347,3,0
1325,534,1347,3,0
1326,534,1348,3,0
1325,535,1347,3,0
1326,535,1348,3,0
1327,535,1349,3,0
1334,535,1356,3,0
1325,536,1347,3,0
1326,536,1348,3,0
1327,536,1349,3,0
1328,536,1350,3,0
1334,536,1356,3,0
1325,537,1347,3,0
1326,537,1348,3,0
1327,537,1349,3,0
1328,537,1350,3,0
1332,537,1310,0,3
1334,537,1356,3,0
1325,538,1347,3,0
1326,538,1348,3,0
1327,538,1349,3,0
1328,538,1350,3,0
1330,538,1308,0,3
1332,538,1310,0,3
1334,538,1356,3,0
1325,539,1347,3,0
1326,539,1348,3,0
1327,539,1349,3,0
1328,539,1350,3,0
1332,539,1310,0,3
1334,539,1356,3,0
1325,540,1347,3,0
1326,540,1348,3,0
1327,540,1349,3,0
1328,540,1350,3,0
1332,540,1310,0,3
1334,540,1356,3,0
1325,541,1347,3,0
1326,541,1348,3,0
1327,541,1349,3,0
1334,541,1356,3,0
1325,542,1347,3,0
1326,542,1348,3,0
1334,542,1356,3,0
1325,543,1347,3,0
1324,545,1302,0,3
1325,545,1347,3,0
1324,546,1302,0,3
1325,546,1347,3,0
1322,547,1300,0,3
1324,547,1302,0,3
1325,547,1347,3,0
1322,548,1300,0,3
1324,548,1302,0,3
1325,548,1347,3,0
1340,548,1362,3,0
1322,549,1300,0,3
1324,549,1302,0,3
1325,549,1347,3,0
1340,549,1362,3,0
1341,549,1363,3,0
1344,550,1322,0,3
1346,550,1324,0,3
1344,551,1322,0,3
1346,551,1324,0,3
1344,552,1322,0,3
1346,552,1324,0,3
1346,553,1324,0,3
1346,554,1324,0,3
1348,556,1370,3,0
1348,557,1370,3,0
1349,557,1371,3,0
1356,557,1378,3,0
1348,558,1370,3,0
1349,558,1371,3,0
1350,558,1372,3,0
1356,558,1378,3,0
1348,559,1370,3,0
1349,559,1371,3,0
1350,559,1372,3,0
1354,559,1332,0,3
1356,559,1378,3,0
1348,560,1370,3,0
1349,560,1371,3,0
1350,560,1372,3,0
1352,560,1330,0,3
1354,560,1332,0,3
1356,560,1378,3,0
1348,561,1370,3,0
1349,561,1371,3,0
1350,561,1372,3,0
1354,561,1332,0,3
1356,561,1378,3,0
1348,562,1370,3,0
1349,562,1371,3,0
1350,562,1372,3,0
1354,562,1332,0,3
1356,562,1378,3,0
1348,563,1370,3,0
1349,563,1371,3,0
1356,563,1378,3,0
1348,564,1370,3,0
1356,564,1378,3,0
1346,567,1324,0,3
1346,568,1324,0,3
1344,569,1322,0,3
1346,569,1324,0,3
1344,570,1322,0,3
1346,570,1324,0,3
1344,571,1322,0,3
1346,571,1324,0,3
1363,571,1385,3,0
1366,572,1344,0,3
1368,572,1346,0,3
1366,573,1344,0,3
1368,573,1346,0,3
1366,574,1344,0,3
1368,574,1346,0,3
1368,575,1346,0,3
1368,576,1346,0,3
1370,578,1392,3,0
1370,579,1392,3,0
1371,579,1393,3,0
1378,579,1400,3,0
1370,580,1392,3,0
1371,580,1393,3,0
1372,580,1394,3,0
1378,580,1400,3,0
1370,581,1392,3,0
1371,581,1393,3,0
1372,581,1394,3,0
1376,581,1354,0,3
1378,581,1400,3,0
1370,582,1392,3,0
1371,582,1393,3,0
1372,582,1394,3,0
1374,582,1352,0,3
1376,582,1354,0,3
1378,582,1400,3,0
1370,583,1392,3,0
1371,583,1393,3,0
1372,583,1394,3,0
1376,583,1354,0,3
1378,583,1400,3,0
1370,584,1392,3,0
1371,584,1393,3,0
1372,584,1394,3,0
1376,584,1354,0,3
1378,584,1400,3,0
1370,585,1392,3,0
1371,585,1393,3,0
1378,585,1400,3,0
1370,586,1392,3,0
1378,586,1400,3,0
1368,589,1346,0,3
1368,590,1346,0,3
1366,591,1344,0,3
1368,591,1346,0,3
1366,592,1344,0,3
1368,592,1346,0,3
1366,593,1344,0,3
1368,593,1346,0,3
1385,593,1407,3,0
1388,594,1366,0,3
1390,594,1368,0,3
1388,595,1366,0,3
1390,595,1368,0,3
1388,596,1366,0,3
1390,596,1368,0,3
1390,597,1368,0,3
1390,598,1368,0,3
1393,601,1415,3,0
1400,601,1422,3,0
1393,602,1415,3,0
1394,602,1416,3,0
1400,602,1422,3,0
1393,603,1415,3,0
1394,603,1416,3,0
1398,603,1376,0,3
1400,603,1422,3,0
1393,604,1415,3,0
1394,604,1416,3,0
1396,604,1374,0,3
1398,604,1376,0,3
1400,604,1422,3,0
1393,605,1415,3,0
1394,605,1416,3,0
1398,605,1376,0,3
1400,605,1422,3,0
1393,606,1415,3,0
1394,606,1416,3,0
1398,606,1376,0,3
1400,606,1422,3,0
1393,607,1415,3,0
1400,607,1422,3,0
1400,608,1422,3,0
1390,611,1368,0,3
1390,612,1368,0,3
1388,613,1366,0,3
1390,613,1368,0,3
1388,614,1366,0,3
1390,614,1368,0,3
1388,615,1366,0,3
1390,615,1368,0,3
1407,615,1429,3,0
1410,616,1388,0,3
1411,616,1389,0,3
1412,616,1390,0,3
1410,617,1388,0,3
1411,617,1389,0,3
1412,617,1390,0,3
1410,618,1388,0,3
1411,618,1389,0,3
1412,618,1390,0,3
1411,619,1389,0,3
1412,619,1390,0,3
1412,620,1390,0,3
1414,622,1436,3,0
1414,623,1436,3,0
1415,623,1437,3,0
1414,624,1436,3,0
1415,624,1437,3,0
1416,624,1438,3,0
1414,625,1436,3,0
1415,625,1437,3,0
1416,625,1438,3,0
1420,625,1398,0,3
1414,626,1436,3,0
1415,626,1437,3,0
1416,626,1438,3,0
1418,626,1396,0,3
1420,626,1398,0,3
1414,627,1436,3,0
1415,627,1437,3,0
1416,627,1438,3,0
1420,627,1398,0,3
1414,628,1436,3,0
1415,628,1437,3,0
1416,628,1438,3,0
1420,628,1398,0,3
1414,629,1436,3,0
1415,629,1437,3,0
1414,630,1436,3,0
1412,633,1390,0,3
1411,634,1389,0,3
1412,634,1390,0,3
1410,635,1388,0,3
1411,635,1389,0,3
1412,635,1390,0,3
1410,636,1388,0,3
1411,636,1389,0,3
1412,636,1390,0,3
1410,637,1388,0,3
1411,637,1389,0,3
1412,637,1390,0,3
1432,638,1410,0,3
1433,638,1411,0,3
1432,639,1410,0,3
1433,639,1411,0,3
1432,640,1410,0,3
1433,640,1411,0,3
1433,641,1411,0,3
1436,644,1458,3,0
1445,644,1423,0,3
1436,645,1458,3,0
1437,645,1459,3,0
1445,645,1423,0,3
1436,646,1458,3,0
1437,646,1459,3,0
1438,646,1460,3,0
1445,646,1423,0,3
1436,647,1458,3,0
1437,647,1459,3,0
1438,647,1460,3,0
1442,647,1420,0,3
1445,647,1423,0,3
1436,648,1458,3,0
1437,648,1459,3,0
1438,648,1460,3,0
1440,648,1418,0,3
1442,648,1420,0,3
1445,648,1423,0,3
1436,649,1458,3,0
1437,649,1459,3,0
1438,649,1460,3,0
1442,649,1420,0,3
1445,649,1423,0,3
1436,650,1458,3,0
1437,650,1459,3,0
1438,650,1460,3,0
1442,650,1420,0,3
1445,650,1423,0,3
1436,651,1458,3,0
1437,651,1459,3,0
1445,651,1423,0,3
1436,652,1458,3,0
1445,652,1423,0,3
1445,653,1423,0,3
1433,656,1411,0,3
1432,657,1410,0,3
1433,657,1411,0,3
1432,658,1410,0,3
1433,658,1411,0,3
1432,659,1410,0,3
1433,659,1411,0,3
1454,660,1432,0,3
1455,660,1433,0,3
1454,661,1432,0,3
1455,661,1433,0,3
1454,662,1432,0,3
1455,662,1433,0,3
1455,663,1433,0,3
1458,666,1480,3,0
1467,666,1445,0,3
1458,667,1480,3,0
1467,667,1445,0,3
1458,668,1480,3,0
1460,668,1482,3,0
1467,668,1445,0,3
1458,669,1480,3,0
1460,669,1482,3,0
1467,669,1445,0,3
1458,670,1480,3,0
1460,670,1482,3,0
1462,670,1440,0,3
1467,670,1445,0,3
1458,671,1480,3,0
1460,671,1482,3,0
1467,671,1445,0,3
1458,672,1480,3,0
1460,672,1482,3,0
1467,672,1445,0,3
1458,673,1480,3,0
1467,673,1445,0,3
1458,674,1480,3,0
1467,674,1445,0,3
1467,675,1445,0,3
1455,678,1433,0,3
1454,679,1432,0,3
1455,679,1433,0,3
1454,680,1432,0,3
1455,680,1433,0,3
1454,681,1432,0,3
1455,681,1433,0,3
1476,682,1454,0,3
1477,682,1455,0,3
1476,683,1454,0,3
1477,683,1455,0,3
1476,684,1454,0,3
1477,684,1455,0,3
1477,685,1455,0,3
1489,688,1467,0,3
1489,689,1467,0,3
1489,690,1467,0,3
1489,691,1467,0,3
1484,692,1462,0,3
1489,692,1467,0,3
1489,693,1467,0,3
1489,694,1467,0,3
1489,695,1467,0,3
1489,696,1467,0,3
1489,697,1467,0,3
1477,700,1455,0,3
1476,701,1454,0,3
1477,701,1455,0,3
1476,702,1454,0,3
1477,702,1455,0,3
1476,703,1454,0,3
1477,703,1455,0,3
1498,704,1476,0,3
1499,704,1477,0,3
1500,704,1522,3,0
1498,705,1476,0,3
1499,705,1477,0,3
1500,705,1522,3,0
1498,706,1476,0,3
1499,706,1477,0,3
1500,706,1522,3,0
1499,707,1477,0,3
1500,707,1522,3,0
1500,708,1522,3,0
1511,710,1489,0,3
1503,711,1525,3,0
1511,711,1489,0,3
1503,712,1525,3,0
1511,712,1489,0,3
1503,713,1525,3,0
1511,713,1489,0,3
1503,714,1525,3,0
1511,714,1489,0,3
1503,715,1525,3,0
1511,715,1489,0,3
1503,716,1525,3,0
1511,716,1489,0,3
1503,717,1525,3,0
1511,717,1489,0,3
1511,718,1489,0,3
1511,719,1489,0,3
1500,721,1522,3,0
1499,722,1477,0,3
1500,722,1522,3,0
1498,723,1476,0,3
1499,723,1477,0,3
1500,723,1522,3,0
1498,724,1476,0,3
1499,724,1477,0,3
1500,724,1522,3,0
1498,725,1476,0,3
1499,725,1477,0,3
1500,725,1522,3,0
1520,726,1498,0,3
1522,726,1544,3,0
1536,726,1558,3,0
1537,726,1559,3,0
1538,726,1516,0,3
1520,727,1498,0,3
1522,727,1544,3,0
1536,727,1558,3,0
1537,727,1559,3,0
1520,728,1498,0,3
1522,728,1544,3,0
1536,728,1558,3,0
1522,729,1544,3,0
1522,730,1544,3,0
1532,733,1554,3,0
1532,734,1554,3,0
1527,735,1549,3,0
1532,735,1554,3,0
1527,736,1549,3,0
1532,736,1554,3,0
1527,737,1549,3,0
1532,737,1554,3,0
1532,738,1554,3,0
1532,739,1554,3,0
1532,740,1554,3,0
1522,743,1544,3,0
1522,744,1544,3,0
1536,744,1558,3,0
1520,745,1498,0,3
1522,745,1544,3,0
1536,745,1558,3,0
1537,745,1559,3,0
1520,746,1498,0,3
1522,746,1544,3,0
1536,746,1558,3,0
1537,746,1559,3,0
1538,746,1516,0,3
1520,747,1498,0,3
1522,747,1544,3,0
1536,747,1558,3,0
1537,747,1559,3,0
1538,747,1516,0,3
1542,748,1520,0,3
1543,748,1521,0,3
1544,748,1566,3,0
1557,748,1579,3,0
1558,748,1580,3,0
1559,748,1581,3,0
1560,748,1538,0,3
1542,749,1520,0,3
1543,749,1521,0,3
1544,749,1566,3,0
1557,749,1579,3,0
1558,749,1580,3,0
1559,749,1581,3,0
1542,750,1520,0,3
1543,750,1521,0,3
1544,750,1566,3,0
1557,750,1579,3,0
1558,750,1580,3,0
1543,751,1521,0,3
1544,751,1566,3,0
1557,751,1579,3,0
1544,752,1566,3,0
1554,755,1576,3,0
1553,756,1575,3,0
1554,756,1576,3,0
1553,757,1575,3,0
1554,757,1576,3,0
1551,758,1529,0,3
1553,758,1575,3,0
1554,758,1576,3,0
1551,759,1529,0,3
1553,759,1575,3,0
1554,759,1576,3,0
1553,760,1575,3,0
1554,760,1576,3,0
1553,761,1575,3,0
1554,761,1576,3,0
1554,762,1576,3,0
1544,765,1566,3,0
1557,765,1579,3,0
1543,766,1521,0,3
1544,766,1566,3,0
1557,766,1579,3,0
1558,766,1580,3,0
1542,767,1520,0,3
1543,767,1521,0,3
1544,767,1566,3,0
1557,767,1579,3,0
1558,767,1580,3,0
1559,767,1581,3,0
1542,768,1520,0,3
1543,768,1521,0,3
1544,768,1566,3,0
1557,768,1579,3,0
1558,768,1580,3,0
1559,768,1581,3,0
1560,768,1538,0,3
1542,769,1520,0,3
1543,769,1521,0,3
1544,769,1566,3,0
1557,769,1579,3,0
1558,769,1580,3,0
1559,769,1581,3,0
1560,769,1538,0,3
1564,770,1542,0,3
1566,770,4,3,3
1578,770,16,3,3
1580,770,18,3,3
1581,770,19,3,3
1582,770,1560,0,3
1564,771,1542,0,3
1566,771,4,3,3
1578,771,16,3,3
1580,771,18,3,3
1581,771,19,3,3
1564,772,1542,0,3
1566,772,4,3,3
1578,772,16,3,3
1580,772,18,3,3
1566,773,4,3,3
1578,773,16,3,3
1566,774,4,3,3
1578,774,16,3,3
1578,775,16,3,3
1568,776,6,3,3
1577,776,15,3,3
1578,776,16,3,3
1568,777,6,3,3
1576,777,14,3,3
1577,777,15,3,3
1578,777,16,3,3
1568,778,6,3,3
1570,778,8,3,3
1575,778,13,3,3
1576,778,14,3,3
1577,778,15,3,3
1578,778,16,3,3
1568,779,6,3,3
1570,779,8,3,3
1571,779,9,3,3
1575,779,13,3,3
1576,779,14,3,3
1577,779,15,3,3
1578,779,16,3,3
1568,780,6,3,3
1570,780,8,3,3
1571,780,9,3,3
1575,780,13,3,3
1576,780,14,3,3
1577,780,15,3,3
1578,780,16,3,3
1568,781,6,3,3
1570,781,8,3,3
1571,781,9,3,3
1575,781,13,3,3
1576,781,14,3,3
1577,781,15,3,3
1578,781,16,3,3
1568,782,6,3,3
1570,782,8,3,3
1575,782,13,3,3
1576,782,14,3,3
1577,782,15,3,3
1578,782,16,3,3
1568,783,6,3,3
1575,783,13,3,3
1576,783,14,3,3
1577,783,15,3,3
1578,783,16,3,3
1568,784,6,3,3
1576,784,14,3,3
1577,784,15,3,3
1578,784,16,3,3
1577,785,15,3,3
1578,785,16,3,3
1578,786,16,3,3
1566,787,4,3,3
1578,787,16,3,3
1566,788,4,3,3
1578,788,16,3,3
1580,788,18,3,3
1564,789,1542,0,3
1566,789,4,3,3
1578,789,16,3,3
1580,789,18,3,3
1581,789,19,3,3
1564,790,1542,0,3
1566,790,4,3,3
1578,790,16,3,3
1580,790,18,3,3
1581,790,19,3,3
1582,790,1560,0,3
1564,791,1542,0,3
1566,791,4,3,3
1578,791,16,3,3
1580,791,18,3,3
1581,791,19,3,3
1582,791,1560,0,3
2,792,1564,3,3
16,792,38,2,0
18,792,40,2,0
20,792,1582,3,3
2,793,1564,3,3
16,793,38,2,0
18,793,40,2,0
2,794,1564,3,3
16,794,38,2,0
18,794,40,2,0
16,795,38,2,0
16,796,38,2,0
16,797,38,2,0
15,798,37,2,0
16,798,38,2,0
14,799,36,2,0
15,799,37,2,0
16,799,38,2,0
8,800,30,2,0
13,800,35,2,0
14,800,36,2,0
15,800,37,2,0
16,800,38,2,0
8,801,30,2,0
13,801,35,2,0
14,801,36,2,0
15,801,37,2,0
16,801,38,2,0
8,802,30,2,0
13,802,35,2,0
14,802,36,2,0
15,802,37,2,0
16,802,38,2,0
8,803,30,2,0
13,803,35,2,0
14,803,36,2,0
15,803,37,2,0
16,803,38,2,0
8,804,30,2,0
13,804,35,2,0
14,804,36,2,0
15,804,37,2,0
16,804,38,2,0
13,805,35,2,0
14,805,36,2,0
15,805,37,2,0
16,805,38,2,0
14,806,36,2,0
15,806,37,2,0
16,806,38,2,0
15,807,37,2,0
16,807,38,2,0
16,808,38,2,0
16,809,38,2,0
16,810,38,2,0
18,810,40,2,0
2,811,1564,3,3
16,811,38,2,0
18,811,40,2,0
2,812,1564,3,3
16,812,38,2,0
18,812,40,2,0
20,812,1582,3,3
2,813,1564,3,3
16,813,38,2,0
18,813,40,2,0
20,813,1582,3,3
24,814,2,0,2
25,814,47,3,0
27,814,5,0,2
38,814,60,3,0
40,814,62,3,0
42,814,20,0,2
24,815,2,0,2
25,815,47,3,0
27,815,5,0,2
38,815,60,3,0
40,815,62,3,0
24,816,2,0,2
25,816,47,3,0
27,816,5,0,2
38,816,60,3,0
40,816,62,3,0
25,817,47,3,0
27,817,5,0,2
38,817,60,3,0
27,818,5,0,2
38,818,60,3,0
27,819,5,0,2
38,819,60,3,0
27,820,5,0,2
37,820,59,3,0
38,820,60,3,0
27,821,5,0,2
36,821,58,3,0
37,821,59,3,0
38,821,60,3,0
27,822,5,0,2
30,822,52,3,0
35,822,57,3,0
36,822,58,3,0
37,822,59,3,0
38,822,60,3,0
27,823,5,0,2
30,823,52,3,0
35,823,57,3,0
36,823,58,3,0
37,823,59,3,0
38,823,60,3,0
27,824,5,0,2
30,824,52,3,0
35,824,57,3,0
36,824,58,3,0
37,824,59,3,0
38,824,60,3,0
27,825,5,0,2
30,825,52,3,0
35,825,57,3,0
36,825,58,3,0
37,825,59,3,0
38,825,60,3,0
27,826,5,0,2
30,826,52,3,0
35,826,57,3,0
36,826,58,3,0
37,826,59,3,0
38,826,60,3,0
27,827,5,0,2
35,827,57,3,0
36,827,58,3,0
37,827,59,3,0
38,827,60,3,0
27,828,5,0,2
36,828,58,3,0
37,828,59,3,0
38,828,60,3,0
27,829,5,0,2
37,829,59,3,0
38,829,60,3,0
38,830,60,3,0
27,831,5,0,2
38,831,60,3,0
25,832,47,3,0
27,832,5,0,2
38,832,60,3,0
40,832,62,3,0
24,833,2,0,2
25,833,47,3,0
27,833,5,0,2
38,833,60,3,0
40,833,62,3,0
24,834,2,0,2
25,834,47,3,0
27,834,5,0,2
38,834,60,3,0
40,834,62,3,0
42,834,20,0,2
24,835,2,0,2
25,835,47,3,0
27,835,5,0,2
38,835,60,3,0
40,835,62,3,0
42,835,20,0,2
43,835,21,0,2
44,836,66,2,0
46,836,24,0,3
47,836,69,3,0
49,836,27,0,3
60,836,82,3,0
62,836,84,3,0
64,836,42,0,3
46,837,24,0,3
47,837,69,3,0
49,837,27,0,3
60,837,82,3,0
62,837,84,3,0
46,838,24,0,3
47,838,69,3,0
49,838,27,0,3
60,838,82,3,0
62,838,84,3,0
47,839,69,3,0
49,839,27,0,3
60,839,82,3,0
49,840,27,0,3
60,840,82,3,0
49,841,27,0,3
60,841,82,3,0
49,842,27,0,3
59,842,81,3,0
60,842,82,3,0
49,843,27,0,3
58,843,80,3,0
59,843,81,3,0
60,843,82,3,0
49,844,27,0,3
52,844,74,3,0
57,844,79,3,0
58,844,80,3,0
59,844,81,3,0
60,844,82,3,0
49,845,27,0,3
52,845,74,3,0
57,845,79,3,0
58,845,80,3,0
59,845,81,3,0
60,845,82,3,0
49,846,27,0,3
52,846,74,3,0
57,846,79,3,0
58,846,80,3,0
59,846,81,3,0
60,846,82,3,0
49,847,27,0,3
52,847,74,3,0
57,847,79,3,0
58,847,80,3,0
59,847,81,3,0
60,847,82,3,0
49,848,27,0,3
52,848,74,3,0
57,848,79,3,0
58,848,80,3,0
59,848,81,3,0
60,848,82,3,0
49,849,27,0,3
57,849,79,3,0
58,849,80,3,0
59,849,81,3,0
60,849,82,3,0
49,850,27,0,3
58,850,80,3,0
59,850,81,3,0
60,850,82,3,0
49,851,27,0,3
59,851,81,3,0
60,851,82,3,0
60,852,82,3,0
49,853,27,0,3
60,853,82,3,0
47,854,69,3,0
49,854,27,0,3
60,854,82,3,0
62,854,84,3,0
46,855,24,0,3
47,855,69,3,0
49,855,27,0,3
60,855,82,3,0
62,855,84,3,0
46,856,24,0,3
47,856,69,3,0
49,856,27,0,3
60,856,82,3,0
62,856,84,3,0
64,856,42,0,3
44,857,66,2,0
46,857,24,0,3
47,857,69,3,0
49,857,27,0,3
60,857,82,3,0
62,857,84,3,0
64,857,42,0,3
65,857,43,0,3
66,858,88,2,0
67,858,89,3,0
68,858,46,0,3
69,858,91,3,0
84,858,106,3,0
86,858,64,0,3
67,859,89,3,0
68,859,46,0,3
69,859,91,3,0
84,859,106,3,0
68,860,46,0,3
69,860,91,3,0
84,860,106,3,0
69,861,91,3,0
72,864,94,3,0
81,864,103,3,0
72,865,94,3,0
80,865,102,3,0
81,865,103,3,0
72,866,94,3,0
79,866,101,3,0
80,866,102,3,0
81,866,103,3,0
72,867,94,3,0
79,867,101,3,0
80,867,102,3,0
81,867,103,3,0
72,868,94,3,0
79,868,101,3,0
80,868,102,3,0
81,868,103,3,0
72,869,94,3,0
79,869,101,3,0
80,869,102,3,0
81,869,103,3,0
72,870,94,3,0
79,870,101,3,0
80,870,102,3,0
81,870,103,3,0
72,871,94,3,0
79,871,101,3,0
80,871,102,3,0
81,871,103,3,0
72,872,94,3,0
80,872,102,3,0
81,872,103,3,0
81,873,103,3,0
69,876,91,3,0
84,876,106,3,0
68,877,46,0,3
69,877,91,3,0
84,877,106,3,0
67,878,89,3,0
68,878,46,0,3
69,878,91,3,0
84,878,106,3,0
86,878,64,0,3
66,879,88,2,0
67,879,89,3,0
68,879,46,0,3
69,879,91,3,0
84,879,106,3,0
86,879,64,0,3
87,879,65,0,3
88,880,110,2,0
90,880,68,0,3
91,880,113,3,0
108,880,86,0,3
90,881,68,0,3
91,881,113,3,0
90,882,68,0,3
91,882,113,3,0
91,883,113,3,0
94,886,116,3,0
103,886,125,3,0
94,887,116,3,0
102,887,124,3,0
103,887,125,3,0
94,888,116,3,0
101,888,123,3,0
102,888,124,3,0
103,888,125,3,0
94,889,116,3,0
101,889,123,3,0
102,889,124,3,0
103,889,125,3,0
94,890,116,3,0
101,890,123,3,0
102,890,124,3,0
103,890,125,3,0
94,891,116,3,0
101,891,123,3,0
102,891,124,3,0
103,891,125,3,0
94,892,116,3,0
101,892,123,3,0
102,892,124,3,0
103,892,125,3,0
94,893,116,3,0
101,893,123,3,0
102,893,124,3,0
103,893,125,3,0
94,894,116,3,0
102,894,124,3,0
103,894,125,3,0
103,895,125,3,0
91,898,113,3,0
90,899,68,0,3
91,899,113,3,0
90,900,68,0,3
91,900,113,3,0
108,900,86,0,3
88,901,110,2,0
90,901,68,0,3
91,901,113,3,0
108,901,86,0,3
109,901,87,0,3
110,902,132,2,0
115,902,93,0,3
127,902,105,0,3
130,902,108,0,3
115,903,93,0,3
127,903,105,0,3
115,904,93,0,3
127,904,105,0,3
115,905,93,0,3
127,905,105,0,3
115,906,93,0,3
115,907,93,0,3
115,908,93,0,3
125,908,147,3,0
115,909,93,0,3
124,909,146,3,0
125,909,147,3,0
115,910,93,0,3
123,910,145,3,0
124,910,146,3,0
125,910,147,3,0
115,911,93,0,3
123,911,145,3,0
124,911,146,3,0
125,911,147,3,0
115,912,93,0,3
123,912,145,3,0
124,912,146,3,0
125,912,147,3,0
115,913,93,0,3
123,913,145,3,0
124,913,146,3,0
125,913,147,3,0
115,914,93,0,3
123,914,145,3,0
124,914,146,3,0
125,914,147,3,0
115,915,93,0,3
123,915,145,3,0
124,915,146,3,0
125,915,147,3,0
115,916,93,0,3
124,916,146,3,0
125,916,147,3,0
115,917,93,0,3
125,917,147,3,0
115,919,93,0,3
127,919,105,0,3
115,920,93,0,3
127,920,105,0,3
115,921,93,0,3
127,921,105,0,3
115,922,93,0,3
127,922,105,0,3
130,922,108,0,3
110,923,132,2,0
115,923,93,0,3
127,923,105,0,3
130,923,108,0,3
131,923,109,0,3
132,924,154,2,0
149,924,127,0,3
152,924,130,0,3
149,925,127,0,3
149,926,127,0,3
149,927,127,0,3
138,930,160,3,0
147,930,169,3,0
138,931,160,3,0
139,931,117,0,3
146,931,168,3,0
147,931,169,3,0
138,932,160,3,0
139,932,117,0,3
146,932,168,3,0
147,932,169,3,0
138,933,160,3,0
139,933,117,0,3
146,933,168,3,0
147,933,169,3,0
138,934,160,3,0
139,934,117,0,3
143,934,121,0,3
146,934,168,3,0
147,934,169,3,0
138,935,160,3,0
139,935,117,0,3
143,935,121,0,3
146,935,168,3,0
147,935,169,3,0
138,936,160,3,0
139,936,117,0,3
146,936,168,3,0
147,936,169,3,0
138,937,160,3,0
139,937,117,0,3
146,937,168,3,0
147,937,169,3,0
138,938,160,3,0
146,938,168,3,0
147,938,169,3,0
147,939,169,3,0
149,941,127,0,3
149,942,127,0,3
149,943,127,0,3
149,944,127,0,3
152,944,130,0,3
132,945,154,2,0
149,945,127,0,3
152,945,130,0,3
170,946,192,3,0
171,946,149,0,3
172,946,150,0,3
174,946,152,0,3
170,947,192,3,0
171,947,149,0,3
172,947,150,0,3
170,948,192,3,0
171,948,149,0,3
172,948,150,0,3
170,949,192,3,0
171,949,149,0,3
170,950,192,3,0
170,951,192,3,0
160,952,182,3,0
169,952,191,3,0
170,952,192,3,0
160,953,182,3,0
161,953,139,0,3
169,953,191,3,0
170,953,192,3,0
160,954,182,3,0
161,954,139,0,3
162,954,140,0,3
167,954,145,0,3
169,954,191,3,0
170,954,192,3,0
160,955,182,3,0
161,955,139,0,3
162,955,140,0,3
167,955,145,0,3
169,955,191,3,0
170,955,192,3,0
160,956,182,3,0
161,956,139,0,3
162,956,140,0,3
164,956,186,3,0
165,956,143,0,3
167,956,145,0,3
169,956,191,3,0
170,956,192,3,0
160,957,182,3,0
161,957,139,0,3
162,957,140,0,3
165,957,143,0,3
167,957,145,0,3
169,957,191,3,0
170,957,192,3,0
160,958,182,3,0
161,958,139,0,3
162,958,140,0,3
167,958,145,0,3
169,958,191,3,0
170,958,192,3,0
160,959,182,3,0
161,959,139,0,3
167,959,145,0,3
169,959,191,3,0
170,959,192,3,0
160,960,182,3,0
169,960,191,3,0
170,960,192,3,0
169,961,191,3,0
170,961,192,3,0
170,962,192,3,0
170,963,192,3,0
171,963,149,0,3
170,964,192,3,0
171,964,149,0,3
172,964,150,0,3
170,965,192,3,0
171,965,149,0,3
172,965,150,0,3
170,966,192,3,0
171,966,149,0,3
172,966,150,0,3
174,966,152,0,3
170,967,192,3,0
171,967,149,0,3
172,967,150,0,3
174,967,152,0,3
179,968,157,0,3
181,968,159,0,3
192,968,214,3,0
193,968,171,0,3
195,968,217,3,0
196,968,174,0,3
179,969,157,0,3
181,969,159,0,3
192,969,214,3,0
193,969,171,0,3
195,969,217,3,0
179,970,157,0,3
181,970,159,0,3
192,970,214,3,0
193,970,171,0,3
179,971,157,0,3
181,971,159,0,3
192,971,214,3,0
193,971,171,0,3
181,972,159,0,3
192,972,214,3,0
181,973,159,0,3
192,973,214,3,0
181,974,159,0,3
191,974,213,3,0
192,974,214,3,0
181,975,159,0,3
183,975,161,0,3
191,975,213,3,0
192,975,214,3,0
181,976,159,0,3
183,976,161,0,3
189,976,167,0,3
191,976,213,3,0
192,976,214,3,0
181,977,159,0,3
183,977,161,0,3
185,977,207,3,0
189,977,167,0,3
191,977,213,3,0
192,977,214,3,0
181,978,159,0,3
183,978,161,0,3
185,978,207,3,0
186,978,208,3,0
187,978,165,0,3
189,978,167,0,3
191,978,213,3,0
192,978,214,3,0
181,979,159,0,3
183,979,161,0,3
185,979,207,3,0
187,979,165,0,3
189,979,167,0,3
191,979,213,3,0
192,979,214,3,0
181,980,159,0,3
183,980,161,0,3
189,980,167,0,3
191,980,213,3,0
192,980,214,3,0
181,981,159,0,3
183,981,161,0,3
189,981,167,0,3
191,981,213,3,0
192,981,214,3,0
181,982,159,0,3
191,982,213,3,0
192,982,214,3,0
181,983,159,0,3
191,983,213,3,0
192,983,214,3,0
192,984,214,3,0
181,985,159,0,3
192,985,214,3,0
193,985,171,0,3
179,986,157,0,3
181,986,159,0,3
192,986,214,3,0
193,986,171,0,3
179,987,157,0,3
181,987,159,0,3
192,987,214,3,0
193,987,171,0,3
195,987,217,3,0
179,988,157,0,3
181,988,159,0,3
192,988,214,3,0
193,988,171,0,3
195,988,217,3,0
196,988,174,0,3
179,989,157,0,3
181,989,159,0,3
192,989,214,3,0
193,989,171,0,3
195,989,217,3,0
196,989,174,0,3
203,990,181,0,3
215,990,193,0,3
217,990,239,3,0
218,990,196,0,3
203,991,181,0,3
215,991,193,0,3
217,991,239,3,0
203,992,181,0,3
215,992,193,0,3
203,993,181,0,3
215,993,193,0,3
203,994,181,0,3
203,995,181,0,3
203,996,181,0,3
213,996,235,3,0
203,997,181,0,3
205,997,183,0,3
212,997,190,0,3
213,997,235,3,0
203,998,181,0,3
205,998,183,0,3
211,998,189,0,3
212,998,190,0,3
213,998,235,3,0
203,999,181,0,3
205,999,183,0,3
211,999,189,0,3
212,999,190,0,3
213,999,235,3,0
203,1000,181,0,3
205,1000,183,0,3
208,1000,230,3,0
209,1000,187,0,3
211,1000,189,0,3
212,1000,190,0,3
213,1000,235,3,0
203,1001,181,0,3
205,1001,183,0,3
209,1001,187,0,3
211,1001,189,0,3
212,1001,190,0,3
213,1001,235,3,0
203,1002,181,0,3
205,1002,183,0,3
211,1002,189,0,3
212,1002,190,0,3
213,1002,235,3,0
203,1003,181,0,3
205,1003,183,0,3
211,1003,189,0,3
212,1003,190,0,3
213,1003,235,3,0
203,1004,181,0,3
212,1004,190,0,3
213,1004,235,3,0
203,1005,181,0,3
213,1005,235,3,0
203,1007,181,0,3
215,1007,193,0,3
203,1008,181,0,3
215,1008,193,0,3
203,1009,181,0,3
215,1009,193,0,3
217,1009,239,3,0
203,1010,181,0,3
215,1010,193,0,3
217,1010,239,3,0
218,1010,196,0,3
203,1011,181,0,3
215,1011,193,0,3
217,1011,239,3,0
218,1011,196,0,3
236,1012,214,0,3
237,1012,215,0,3
240,1012,218,0,3
236,1013,214,0,3
237,1013,215,0,3
236,1014,214,0,3
237,1014,215,0,3
236,1015,214,0,3
237,1015,215,0,3
236,1016,214,0,3
236,1017,214,0,3
236,1018,214,0,3
234,1019,212,0,3
236,1019,214,0,3
233,1020,211,0,3
234,1020,212,0,3
236,1020,214,0,3
233,1021,211,0,3
234,1021,212,0,3
236,1021,214,0,3
230,1022,252,3,0
231,1022,209,0,3
233,1022,211,0,3
234,1022,212,0,3
236,1022,214,0,3
231,1023,209,0,3
233,1023,211,0,3
234,1023,212,0,3
236,1023,214,0,3
233,1024,211,0,3
234,1024,212,0,3
236,1024,214,0,3
233,1025,211,0,3
234,1025,212,0,3
236,1025,214,0,3
234,1026,212,0,3
236,1026,214,0,3
236,1027,214,0,3
236,1028,214,0,3
236,1029,214,0,3
237,1029,215,0,3
236,1030,214,0,3
237,1030,215,0,3
236,1031,214,0,3
237,1031,215,0,3
236,1032,214,0,3
237,1032,215,0,3
240,1032,218,0,3
236,1033,214,0,3
237,1033,215,0,3
240,1033,218,0,3
241,1033,219,0,3
258,1034,236,0,3
259,1034,237,0,3
262,1034,240,0,3
258,1035,236,0,3
259,1035,237,0,3
258,1036,236,0,3
259,1036,237,0,3
258,1037,236,0,3
259,1037,237,0,3
258,1038,236,0,3
258,1039,236,0,3
258,1040,236,0,3
249,1041,227,0,3
256,1041,234,0,3
258,1041,236,0,3
249,1042,227,0,3
255,1042,233,0,3
256,1042,234,0,3
258,1042,236,0,3
249,1043,227,0,3
255,1043,233,0,3
256,1043,234,0,3
258,1043,236,0,3
249,1044,227,0,3
252,1044,274,3,0
253,1044,231,0,3
255,1044,233,0,3
256,1044,234,0,3
258,1044,236,0,3
249,1045,227,0,3
253,1045,231,0,3
255,1045,233,0,3
256,1045,234,0,3
258,1045,236,0,3
249,1046,227,0,3
255,1046,233,0,3
256,1046,234,0,3
258,1046,236,0,3
249,1047,227,0,3
255,1047,233,0,3
256,1047,234,0,3
258,1047,236,0,3
256,1048,234,0,3
258,1048,236,0,3
258,1049,236,0,3
258,1050,236,0,3
258,1051,236,0,3
259,1051,237,0,3
258,1052,236,0,3
259,1052,237,0,3
258,1053,236,0,3
259,1053,237,0,3
258,1054,236,0,3
259,1054,237,0,3
262,1054,240,0,3
258,1055,236,0,3
259,1055,237,0,3
262,1055,240,0,3
263,1055,241,0,3
266,1056,288,3,0
267,1056,289,3,0
280,1056,258,0,3
281,1056,259,0,3
266,1057,288,3,0
267,1057,289,3,0
280,1057,258,0,3
281,1057,259,0,3
266,1058,288,3,0
267,1058,289,3,0
280,1058,258,0,3
281,1058,259,0,3
267,1059,289,3,0
280,1059,258,0,3
281,1059,259,0,3
280,1060,258,0,3
280,1061,258,0,3
270,1062,292,3,0
280,1062,258,0,3
270,1063,292,3,0
271,1063,249,0,3
278,1063,256,0,3
280,1063,258,0,3
270,1064,292,3,0
271,1064,249,0,3
272,1064,250,0,3
277,1064,255,0,3
278,1064,256,0,3
280,1064,258,0,3
270,1065,292,3,0
271,1065,249,0,3
272,1065,250,0,3
277,1065,255,0,3
278,1065,256,0,3
280,1065,258,0,3
270,1066,292,3,0
271,1066,249,0,3
272,1066,250,0,3
274,1066,296,3,0
277,1066,255,0,3
278,1066,256,0,3
280,1066,258,0,3
270,1067,292,3,0
271,1067,249,0,3
272,1067,250,0,3
277,1067,255,0,3
278,1067,256,0,3
280,1067,258,0,3
270,1068,292,3,0
271,1068,249,0,3
272,1068,250,0,3
277,1068,255,0,3
278,1068,256,0,3
280,1068,258,0,3
270,1069,292,3,0
271,1069,249,0,3
277,1069,255,0,3
278,1069,256,0,3
280,1069,258,0,3
270,1070,292,3,0
278,1070,256,0,3
280,1070,258,0,3
280,1071,258,0,3
280,1072,258,0,3
280,1073,258,0,3
281,1073,259,0,3
267,1074,289,3,0
280,1074,258,0,3
281,1074,259,0,3
266,1075,288,3,0
267,1075,289,3,0
280,1075,258,0,3
281,1075,259,0,3
266,1076,288,3,0
267,1076,289,3,0
280,1076,258,0,3
281,1076,259,0,3
266,1077,288,3,0
267,1077,289,3,0
280,1077,258,0,3
281,1077,259,0,3
285,1077,263,0,3
288,1078,310,3,0
289,1078,311,3,0
291,1078,269,0,3
302,1078,280,0,3
303,1078,281,0,3
288,1079,310,3,0
289,1079,311,3,0
291,1079,269,0,3
302,1079,280,0,3
303,1079,281,0,3
288,1080,310,3,0
289,1080,311,3,0
291,1080,269,0,3
302,1080,280,0,3
303,1080,281,0,3
289,1081,311,3,0
291,1081,269,0,3
302,1081,280,0,3
303,1081,281,0,3
291,1082,269,0,3
302,1082,280,0,3
291,1083,269,0,3
302,1083,280,0,3
291,1084,269,0,3
292,1084,314,3,0
302,1084,280,0,3
291,1085,269,0,3
292,1085,314,3,0
293,1085,271,0,3
300,1085,278,0,3
302,1085,280,0,3
291,1086,269,0,3
292,1086,314,3,0
293,1086,271,0,3
299,1086,277,0,3
300,1086,278,0,3
302,1086,280,0,3
291,1087,269,0,3
292,1087,314,3,0
293,1087,271,0,3
299,1087,277,0,3
300,1087,278,0,3
302,1087,280,0,3
291,1088,269,0,3
292,1088,314,3,0
293,1088,271,0,3
296,1088,318,3,0
299,1088,277,0,3
300,1088,278,0,3
302,1088,280,0,3
291,1089,269,0,3
292,1089,314,3,0
293,1089,271,0,3
299,1089,277,0,3
300,1089,278,0,3
302,1089,280,0,3
291,1090,269,0,3
292,1090,314,3,0
293,1090,271,0,3
299,1090,277,0,3
300,1090,278,0,3
302,1090,280,0,3
291,1091,269,0,3
292,1091,314,3,0
293,1091,271,0,3
299,1091,277,0,3
300,1091,278,0,3
302,1091,280,0,3
291,1092,269,0,3
292,1092,314,3,0
300,1092,278,0,3
302,1092,280,0,3
291,1093,269,0,3
302,1093,280,0,3
302,1094,280,0,3
291,1095,269,0,3
302,1095,280,0,3
303,1095,281,0,3
289,1096,311,3,0
291,1096,269,0,3
302,1096,280,0,3
303,1096,281,0,3
288,1097,310,3,0
289,1097,311,3,0
291,1097,269,0,3
302,1097,280,0,3
303,1097,281,0,3
288,1098,310,3,0
289,1098,311,3,0
291,1098,269,0,3
302,1098,280,0,3
303,1098,281,0,3
288,1099,310,3,0
289,1099,311,3,0
291,1099,269,0,3
302,1099,280,0,3
303,1099,281,0,3
307,1099,285,0,3
310,1100,332,3,0
311,1100,333,3,0
313,1100,291,0,3
325,1100,303,0,3
310,1101,332,3,0
311,1101,333,3,0
313,1101,291,0,3
325,1101,303,0,3
310,1102,332,3,0
311,1102,333,3,0
313,1102,291,0,3
325,1102,303,0,3
311,1103,333,3,0
313,1103,291,0,3
325,1103,303,0,3
313,1104,291,0,3
313,1105,291,0,3
313,1106,291,0,3
313,1107,291,0,3
315,1107,293,0,3
322,1107,300,0,3
313,1108,291,0,3
315,1108,293,0,3
321,1108,299,0,3
322,1108,300,0,3
313,1109,291,0,3
315,1109,293,0,3
321,1109,299,0,3
322,1109,300,0,3
313,1110,291,0,3
315,1110,293,0,3
318,1110,340,3,0
321,1110,299,0,3
322,1110,300,0,3
313,1111,291,0,3
315,1111,293,0,3
321,1111,299,0,3
322,1111,300,0,3
313,1112,291,0,3
315,1112,293,0,3
321,1112,299,0,3
322,1112,300,0,3
313,1113,291,0,3
315,1113,293,0,3
321,1113,299,0,3
322,1113,300,0,3
313,1114,291,0,3
322,1114,300,0,3
313,1115,291,0,3
313,1117,291,0,3
325,1117,303,0,3
311,1118,333,3,0
313,1118,291,0,3
325,1118,303,0,3
310,1119,332,3,0
311,1119,333,3,0
313,1119,291,0,3
325,1119,303,0,3
310,1120,332,3,0
311,1120,333,3,0
313,1120,291,0,3
325,1120,303,0,3
310,1121,332,3,0
311,1121,333,3,0
313,1121,291,0,3
325,1121,303,0,3
329,1121,307,0,3
332,1122,354,3,0
333,1122,355,3,0
335,1122,313,0,3
346,1122,324,0,3
347,1122,325,0,3
332,1123,354,3,0
333,1123,355,3,0
335,1123,313,0,3
346,1123,324,0,3
347,1123,325,0,3
332,1124,354,3,0
333,1124,355,3,0
335,1124,313,0,3
346,1124,324,0,3
347,1124,325,0,3
333,1125,355,3,0
335,1125,313,0,3
346,1125,324,0,3
347,1125,325,0,3
335,1126,313,0,3
346,1126,324,0,3
335,1127,313,0,3
346,1127,324,0,3
335,1128,313,0,3
336,1128,314,0,3
346,1128,324,0,3
335,1129,313,0,3
336,1129,314,0,3
337,1129,315,0,3
344,1129,322,0,3
346,1129,324,0,3
335,1130,313,0,3
336,1130,314,0,3
337,1130,315,0,3
344,1130,322,0,3
346,1130,324,0,3
335,1131,313,0,3
336,1131,314,0,3
337,1131,315,0,3
344,1131,322,0,3
346,1131,324,0,3
335,1132,313,0,3
336,1132,314,0,3
337,1132,315,0,3
340,1132,362,3,0
344,1132,322,0,3
346,1132,324,0,3
335,1133,313,0,3
336,1133,314,0,3
337,1133,315,0,3
344,1133,322,0,3
346,1133,324,0,3
335,1134,313,0,3
336,1134,314,0,3
337,1134,315,0,3
344,1134,322,0,3
346,1134,324,0,3
335,1135,313,0,3
336,1135,314,0,3
337,1135,315,0,3
344,1135,322,0,3
346,1135,324,0,3
335,1136,313,0,3
336,1136,314,0,3
344,1136,322,0,3
346,1136,324,0,3
335,1137,313,0,3
346,1137,324,0,3
346,1138,324,0,3
335,1139,313,0,3
346,1139,324,0,3
347,1139,325,0,3
333,1140,355,3,0
335,1140,313,0,3
346,1140,324,0,3
347,1140,325,0,3
332,1141,354,3,0
333,1141,355,3,0
335,1141,313,0,3
346,1141,324,0,3
347,1141,325,0,3
332,1142,354,3,0
333,1142,355,3,0
335,1142,313,0,3
346,1142,324,0,3
347,1142,325,0,3
332,1143,354,3,0
333,1143,355,3,0
335,1143,313,0,3
346,1143,324,0,3
347,1143,325,0,3
351,1143,329,0,3
354,1144,376,3,0
355,1144,377,3,0
357,1144,335,0,3
368,1144,346,0,3
369,1144,347,0,3
372,1144,350,0,3
354,1145,376,3,0
355,1145,377,3,0
357,1145,335,0,3
368,1145,346,0,3
369,1145,347,0,3
354,1146,376,3,0
355,1146,377,3,0
357,1146,335,0,3
368,1146,346,0,3
369,1146,347,0,3
355,1147,377,3,0
357,1147,335,0,3
368,1147,346,0,3
369,1147,347,0,3
357,1148,335,0,3
368,1148,346,0,3
357,1149,335,0,3
368,1149,346,0,3
357,1150,335,0,3
358,1150,336,0,3
368,1150,346,0,3
357,1151,335,0,3
358,1151,336,0,3
359,1151,337,0,3
366,1151,344,0,3
368,1151,346,0,3
357,1152,335,0,3
358,1152,336,0,3
359,1152,337,0,3
360,1152,338,0,3
366,1152,344,0,3
368,1152,346,0,3
357,1153,335,0,3
358,1153,336,0,3
359,1153,337,0,3
360,1153,338,0,3
364,1153,386,3,0
366,1153,344,0,3
368,1153,346,0,3
357,1154,335,0,3
358,1154,336,0,3
359,1154,337,0,3
360,1154,338,0,3
362,1154,384,3,0
364,1154,386,3,0
366,1154,344,0,3
368,1154,346,0,3
357,1155,335,0,3
358,1155,336,0,3
359,1155,337,0,3
360,1155,338,0,3
364,1155,386,3,0
366,1155,344,0,3
368,1155,346,0,3
357,1156,335,0,3
358,1156,336,0,3
359,1156,337,0,3
360,1156,338,0,3
364,1156,386,3,0
366,1156,344,0,3
368,1156,346,0,3
357,1157,335,0,3
358,1157,336,0,3
359,1157,337,0,3
366,1157,344,0,3
368,1157,346,0,3
357,1158,335,0,3
358,1158,336,0,3
366,1158,344,0,3
368,1158,346,0,3
357,1159,335,0,3
368,1159,346,0,3
368,1160,346,0,3
357,1161,335,0,3
368,1161,346,0,3
369,1161,347,0,3
355,1162,377,3,0
357,1162,335,0,3
368,1162,346,0,3
369,1162,347,0,3
354,1163,376,3,0
355,1163,377,3,0
357,1163,335,0,3
368,1163,346,0,3
369,1163,347,0,3
354,1164,376,3,0
355,1164,377,3,0
357,1164,335,0,3
368,1164,346,0,3
369,1164,347,0,3
372,1164,350,0,3
354,1165,376,3,0
355,1165,377,3,0
357,1165,335,0,3
368,1165,346,0,3
369,1165,347,0,3
372,1165,350,0,3
373,1165,351,0,3
376,1166,398,3,0
377,1166,399,3,0
378,1166,400,3,0
379,1166,357,0,3
390,1166,368,0,3
391,1166,369,0,3
394,1166,372,0,3
376,1167,398,3,0
377,1167,399,3,0
378,1167,400,3,0
379,1167,357,0,3
390,1167,368,0,3
391,1167,369,0,3
376,1168,398,3,0
377,1168,399,3,0
378,1168,400,3,0
379,1168,357,0,3
390,1168,368,0,3
391,1168,369,0,3
377,1169,399,3,0
378,1169,400,3,0
379,1169,357,0,3
390,1169,368,0,3
391,1169,369,0,3
378,1170,400,3,0
379,1170,357,0,3
390,1170,368,0,3
379,1171,357,0,3
390,1171,368,0,3
379,1172,357,0,3
390,1172,368,0,3
379,1173,357,0,3
381,1173,359,0,3
388,1173,366,0,3
390,1173,368,0,3
379,1174,357,0,3
381,1174,359,0,3
382,1174,360,0,3
388,1174,366,0,3
390,1174,368,0,3
379,1175,357,0,3
381,1175,359,0,3
382,1175,360,0,3
388,1175,366,0,3
390,1175,368,0,3
379,1176,357,0,3
381,1176,359,0,3
382,1176,360,0,3
384,1176,406,3,0
388,1176,366,0,3
390,1176,368,0,3
379,1177,357,0,3
381,1177,359,0,3
382,1177,360,0,3
388,1177,366,0,3
390,1177,368,0,3
379,1178,357,0,3
381,1178,359,0,3
382,1178,360,0,3
388,1178,366,0,3
390,1178,368,0,3
379,1179,357,0,3
381,1179,359,0,3
388,1179,366,0,3
390,1179,368,0,3
379,1180,357,0,3
388,1180,366,0,3
390,1180,368,0,3
379,1181,357,0,3
390,1181,368,0,3
390,1182,368,0,3
378,1183,400,3,0
379,1183,357,0,3
390,1183,368,0,3
391,1183,369,0,3
377,1184,399,3,0
378,1184,400,3,0
379,1184,357,0,3
390,1184,368,0,3
391,1184,369,0,3
376,1185,398,3,0
377,1185,399,3,0
378,1185,400,3,0
379,1185,357,0,3
390,1185,368,0,3
391,1185,369,0,3
376,1186,398,3,0
377,1186,399,3,0
378,1186,400,3,0
379,1186,357,0,3
390,1186,368,0,3
391,1186,369,0,3
394,1186,372,0,3
376,1187,398,3,0
377,1187,399,3,0
378,1187,400,3,0
379,1187,357,0,3
390,1187,368,0,3
391,1187,369,0,3
394,1187,372,0,3
395,1187,373,0,3
398,1188,420,3,0
399,1188,421,3,0
400,1188,422,3,0
401,1188,379,0,3
412,1188,390,0,3
413,1188,391,0,3
416,1188,394,0,3
398,1189,420,3,0
399,1189,421,3,0
400,1189,422,3,0
401,1189,379,0,3
412,1189,390,0,3
413,1189,391,0,3
398,1190,420,3,0
399,1190,421,3,0
400,1190,422,3,0
401,1190,379,0,3
412,1190,390,0,3
413,1190,391,0,3
399,1191,421,3,0
400,1191,422,3,0
401,1191,379,0,3
412,1191,390,0,3
413,1191,391,0,3
400,1192,422,3,0
401,1192,379,0,3
412,1192,390,0,3
401,1193,379,0,3
412,1193,390,0,3
401,1194,379,0,3
412,1194,390,0,3
401,1195,379,0,3
403,1195,381,0,3
410,1195,388,0,3
412,1195,390,0,3
401,1196,379,0,3
403,1196,381,0,3
410,1196,388,0,3
412,1196,390,0,3
401,1197,379,0,3
403,1197,381,0,3
410,1197,388,0,3
412,1197,390,0,3
401,1198,379,0,3
403,1198,381,0,3
406,1198,428,3,0
410,1198,388,0,3
412,1198,390,0,3
401,1199,379,0,3
403,1199,381,0,3
410,1199,388,0,3
412,1199,390,0,3
401,1200,379,0,3
403,1200,381,0,3
410,1200,388,0,3
412,1200,390,0,3
401,1201,379,0,3
403,1201,381,0,3
410,1201,388,0,3
412,1201,390,0,3
401,1202,379,0,3
410,1202,388,0,3
412,1202,390,0,3
401,1203,379,0,3
412,1203,390,0,3
412,1204,390,0,3
400,1205,422,3,0
401,1205,379,0,3
412,1205,390,0,3
413,1205,391,0,3
399,1206,421,3,0
400,1206,422,3,0
401,1206,379,0,3
412,1206,390,0,3
413,1206,391,0,3
398,1207,420,3,0
399,1207,421,3,0
400,1207,422,3,0
401,1207,379,0,3
412,1207,390,0,3
413,1207,391,0,3
398,1208,420,3,0
399,1208,421,3,0
400,1208,422,3,0
401,1208,379,0,3
412,1208,390,0,3
413,1208,391,0,3
416,1208,394,0,3
398,1209,420,3,0
399,1209,421,3,0
400,1209,422,3,0
401,1209,379,0,3
412,1209,390,0,3
413,1209,391,0,3
416,1209,394,0,3
417,1209,395,0,3
420,1210,442,3,0
421,1210,443,3,0
422,1210,444,3,0
423,1210,401,0,3
434,1210,412,0,3
435,1210,413,0,3
438,1210,416,0,3
420,1211,442,3,0
421,1211,443,3,0
422,1211,444,3,0
423,1211,401,0,3
434,1211,412,0,3
435,1211,413,0,3
420,1212,442,3,0
421,1212,443,3,0
422,1212,444,3,0
423,1212,401,0,3
434,1212,412,0,3
435,1212,413,0,3
421,1213,443,3,0
422,1213,444,3,0
423,1213,401,0,3
434,1213,412,0,3
435,1213,413,0,3
422,1214,444,3,0
423,1214,401,0,3
434,1214,412,0,3
423,1215,401,0,3
434,1215,412,0,3
423,1216,401,0,3
434,1216,412,0,3
423,1217,401,0,3
425,1217,403,0,3
432,1217,410,0,3
434,1217,412,0,3
423,1218,401,0,3
425,1218,403,0,3
426,1218,404,0,3
432,1218,410,0,3
434,1218,412,0,3
423,1219,401,0,3
425,1219,403,0,3
426,1219,404,0,3
432,1219,410,0,3
434,1219,412,0,3
423,1220,401,0,3
425,1220,403,0,3
426,1220,404,0,3
428,1220,450,3,0
432,1220,410,0,3
434,1220,412,0,3
423,1221,401,0,3
425,1221,403,0,3
426,1221,404,0,3
432,1221,410,0,3
434,1221,412,0,3
423,1222,401,0,3
425,1222,403,0,3
426,1222,404,0,3
432,1222,410,0,3
434,1222,412,0,3
423,1223,401,0,3
425,1223,403,0,3
432,1223,410,0,3
434,1223,412,0,3
423,1224,401,0,3
432,1224,410,0,3
434,1224,412,0,3
423,1225,401,0,3
434,1225,412,0,3
434,1226,412,0,3
422,1227,444,3,0
423,1227,401,0,3
434,1227,412,0,3
435,1227,413,0,3
421,1228,443,3,0
422,1228,444,3,0
423,1228,401,0,3
434,1228,412,0,3
435,1228,413,0,3
420,1229,442,3,0
421,1229,443,3,0
422,1229,444,3,0
423,1229,401,0,3
434,1229,412,0,3
435,1229,413,0,3
420,1230,442,3,0
421,1230,443,3,0
422,1230,444,3,0
423,1230,401,0,3
434,1230,412,0,3
435,1230,413,0,3
438,1230,416,0,3
420,1231,442,3,0
421,1231,443,3,0
422,1231,444,3,0
423,1231,401,0,3
434,1231,412,0,3
435,1231,413,0,3
438,1231,416,0,3
439,1231,417,0,3
442,1232,464,3,0
443,1232,465,3,0
444,1232,466,3,0
445,1232,423,0,3
456,1232,434,0,3
457,1232,435,0,3
460,1232,438,0,3
442,1233,464,3,0
443,1233,465,3,0
444,1233,466,3,0
445,1233,423,0,3
456,1233,434,0,3
457,1233,435,0,3
442,1234,464,3,0
443,1234,465,3,0
444,1234,466,3,0
445,1234,423,0,3
456,1234,434,0,3
457,1234,435,0,3
443,1235,465,3,0
444,1235,466,3,0
445,1235,423,0,3
456,1235,434,0,3
457,1235,435,0,3
444,1236,466,3,0
445,1236,423,0,3
456,1236,434,0,3
445,1237,423,0,3
456,1237,434,0,3
445,1238,423,0,3
446,1238,424,0,3
456,1238,434,0,3
445,1239,423,0,3
446,1239,424,0,3
447,1239,425,0,3
454,1239,432,0,3
456,1239,434,0,3
445,1240,423,0,3
446,1240,424,0,3
447,1240,425,0,3
448,1240,426,0,3
454,1240,432,0,3
456,1240,434,0,3
445,1241,423,0,3
446,1241,424,0,3
447,1241,425,0,3
448,1241,426,0,3
454,1241,432,0,3
456,1241,434,0,3
445,1242,423,0,3
446,1242,424,0,3
447,1242,425,0,3
448,1242,426,0,3
450,1242,472,3,0
454,1242,432,0,3
456,1242,434,0,3
445,1243,423,0,3
446,1243,424,0,3
447,1243,425,0,3
448,1243,426,0,3
454,1243,432,0,3
456,1243,434,0,3
445,1244,423,0,3
446,1244,424,0,3
447,1244,425,0,3
448,1244,426,0,3
454,1244,432,0,3
456,1244,434,0,3
445,1245,423,0,3
446,1245,424,0,3
447,1245,425,0,3
454,1245,432,0,3
456,1245,434,0,3
445,1246,423,0,3
446,1246,424,0,3
454,1246,432,0,3
456,1246,434,0,3
445,1247,423,0,3
456,1247,434,0,3
456,1248,434,0,3
444,1249,466,3,0
445,1249,423,0,3
456,1249,434,0,3
457,1249,435,0,3
443,1250,465,3,0
444,1250,466,3,0
445,1250,423,0,3
456,1250,434,0,3
457,1250,435,0,3
442,1251,464,3,0
443,1251,465,3,0
444,1251,466,3,0
445,1251,423,0,3
456,1251,434,0,3
457,1251,435,0,3
442,1252,464,3,0
443,1252,465,3,0
444,1252,466,3,0
445,1252,423,0,3
456,1252,434,0,3
457,1252,435,0,3
460,1252,438,0,3
442,1253,464,3,0
443,1253,465,3,0
444,1253,466,3,0
445,1253,423,0,3
456,1253,434,0,3
457,1253,435,0,3
460,1253,438,0,3
461,1253,439,0,3
464,1254,486,3,0
465,1254,487,3,0
466,1254,488,3,0
467,1254,445,0,3
479,1254,457,0,3
482,1254,460,0,3
464,1255,486,3,0
465,1255,487,3,0
466,1255,488,3,0
467,1255,445,0,3
479,1255,457,0,3
464,1256,486,3,0
465,1256,487,3,0
466,1256,488,3,0
467,1256,445,0,3
479,1256,457,0,3
465,1257,487,3,0
466,1257,488,3,0
467,1257,445,0,3
479,1257,457,0,3
466,1258,488,3,0
467,1258,445,0,3
467,1259,445,0,3
467,1260,445,0,3
468,1260,446,0,3
467,1261,445,0,3
468,1261,446,0,3
469,1261,447,0,3
476,1261,454,0,3
467,1262,445,0,3
468,1262,446,0,3
469,1262,447,0,3
470,1262,448,0,3
476,1262,454,0,3
467,1263,445,0,3
468,1263,446,0,3
469,1263,447,0,3
470,1263,448,0,3
476,1263,454,0,3
467,1264,445,0,3
468,1264,446,0,3
469,1264,447,0,3
470,1264,448,0,3
472,1264,494,3,0
476,1264,454,0,3
467,1265,445,0,3
468,1265,446,0,3
469,1265,447,0,3
470,1265,448,0,3
476,1265,454,0,3
467,1266,445,0,3
468,1266,446,0,3
469,1266,447,0,3
470,1266,448,0,3
476,1266,454,0,3
467,1267,445,0,3
468,1267,446,0,3
469,1267,447,0,3
476,1267,454,0,3
467,1268,445,0,3
468,1268,446,0,3
476,1268,454,0,3
467,1269,445,0,3
466,1271,488,3,0
467,1271,445,0,3
479,1271,457,0,3
465,1272,487,3,0
466,1272,488,3,0
467,1272,445,0,3
479,1272,457,0,3
464,1273,486,3,0
465,1273,487,3,0
466,1273,488,3,0
467,1273,445,0,3
479,1273,457,0,3
464,1274,486,3,0
465,1274,487,3,0
466,1274,488,3,0
467,1274,445,0,3
479,1274,457,0,3
482,1274,460,0,3
464,1275,486,3,0
465,1275,487,3,0
466,1275,488,3,0
467,1275,445,0,3
479,1275,457,0,3
482,1275,460,0,3
483,1275,461,0,3
486,1276,508,3,0
487,1276,509,3,0
488,1276,510,3,0
489,1276,467,0,3
501,1276,479,0,3
504,1276,482,0,3
486,1277,508,3,0
487,1277,509,3,0
488,1277,510,3,0
489,1277,467,0,3
501,1277,479,0,3
486,1278,508,3,0
487,1278,509,3,0
488,1278,510,3,0
489,1278,467,0,3
501,1278,479,0,3
487,1279,509,3,0
488,1279,510,3,0
489,1279,467,0,3
501,1279,479,0,3
488,1280,510,3,0
489,1280,467,0,3
489,1281,467,0,3
489,1282,467,0,3
490,1282,468,0,3
489,1283,467,0,3
490,1283,468,0,3
491,1283,469,0,3
498,1283,476,0,3
489,1284,467,0,3
490,1284,468,0,3
491,1284,469,0,3
492,1284,470,0,3
498,1284,476,0,3
489,1285,467,0,3
490,1285,468,0,3
491,1285,469,0,3
492,1285,470,0,3
498,1285,476,0,3
489,1286,467,0,3
490,1286,468,0,3
491,1286,469,0,3
492,1286,470,0,3
494,1286,516,3,0
498,1286,476,0,3
489,1287,467,0,3
490,1287,468,0,3
491,1287,469,0,3
492,1287,470,0,3
498,1287,476,0,3
489,1288,467,0,3
490,1288,468,0,3
491,1288,469,0,3
492,1288,470,0,3
498,1288,476,0,3
489,1289,467,0,3
490,1289,468,0,3
491,1289,469,0,3
498,1289,476,0,3
489,1290,467,0,3
490,1290,468,0,3
498,1290,476,0,3
489,1291,467,0,3
488,1293,510,3,0
489,1293,467,0,3
501,1293,479,0,3
487,1294,509,3,0
488,1294,510,3,0
489,1294,467,0,3
501,1294,479,0,3
486,1295,508,3,0
487,1295,509,3,0
488,1295,510,3,0
489,1295,467,0,3
501,1295,479,0,3
486,1296,508,3,0
487,1296,509,3,0
488,1296,510,3,0
489,1296,467,0,3
501,1296,479,0,3
504,1296,482,0,3
486,1297,508,3,0
487,1297,509,3,0
488,1297,510,3,0
489,1297,467,0,3
501,1297,479,0,3
504,1297,482,0,3
505,1297,483,0,3
508,1298,530,3,0
510,1298,532,3,0
511,1298,489,0,3
526,1298,504,0,3
508,1299,530,3,0
510,1299,532,3,0
511,1299,489,0,3
508,1300,530,3,0
510,1300,532,3,0
511,1300,489,0,3
510,1301,532,3,0
511,1301,489,0,3
510,1302,532,3,0
511,1302,489,0,3
511,1303,489,0,3
511,1304,489,0,3
511,1305,489,0,3
513,1305,491,0,3
520,1305,498,0,3
511,1306,489,0,3
513,1306,491,0,3
514,1306,492,0,3
520,1306,498,0,3
511,1307,489,0,3
513,1307,491,0,3
514,1307,492,0,3
518,1307,540,3,0
520,1307,498,0,3
511,1308,489,0,3
513,1308,491,0,3
514,1308,492,0,3
516,1308,538,3,0
518,1308,540,3,0
520,1308,498,0,3
511,1309,489,0,3
513,1309,491,0,3
514,1309,492,0,3
518,1309,540,3,0
520,1309,498,0,3
511,1310,489,0,3
513,1310,491,0,3
514,1310,492,0,3
518,1310,540,3,0
520,1310,498,0,3
511,1311,489,0,3
513,1311,491,0,3
520,1311,498,0,3
511,1312,489,0,3
520,1312,498,0,3
511,1313,489,0,3
510,1315,532,3,0
511,1315,489,0,3
510,1316,532,3,0
511,1316,489,0,3
508,1317,530,3,0
510,1317,532,3,0
511,1317,489,0,3
508,1318,530,3,0
510,1318,532,3,0
511,1318,489,0,3
526,1318,504,0,3
508,1319,530,3,0
510,1319,532,3,0
511,1319,489,0,3
526,1319,504,0,3
527,1319,505,0,3
530,1320,552,3,0
532,1320,554,3,0
533,1320,511,0,3
548,1320,526,0,3
530,1321,552,3,0
532,1321,554,3,0
533,1321,511,0,3
530,1322,552,3,0
532,1322,554,3,0
533,1322,511,0,3
532,1323,554,3,0
533,1323,511,0,3
532,1324,554,3,0
533,1324,511,0,3
533,1325,511,0,3
533,1326,511,0,3
534,1326,512,0,3
533,1327,511,0,3
534,1327,512,0,3
535,1327,513,0,3
542,1327,520,0,3
533,1328,511,0,3
534,1328,512,0,3
535,1328,513,0,3
536,1328,514,0,3
542,1328,520,0,3
533,1329,511,0,3
534,1329,512,0,3
535,1329,513,0,3
536,1329,514,0,3
540,1329,562,3,0
542,1329,520,0,3
533,1330,511,0,3
534,1330,512,0,3
535,1330,513,0,3
536,1330,514,0,3
538,1330,560,3,0
540,1330,562,3,0
542,1330,520,0,3
533,1331,511,0,3
534,1331,512,0,3
535,1331,513,0,3
536,1331,514,0,3
540,1331,562,3,0
542,1331,520,0,3
533,1332,511,0,3
534,1332,512,0,3
535,1332,513,0,3
536,1332,514,0,3
540,1332,562,3,0
542,1332,520,0,3
533,1333,511,0,3
534,1333,512,0,3
535,1333,513,0,3
542,1333,520,0,3
533,1334,511,0,3
534,1334,512,0,3
542,1334,520,0,3
533,1335,511,0,3
532,1337,554,3,0
533,1337,511,0,3
532,1338,554,3,0
533,1338,511,0,3
530,1339,552,3,0
532,1339,554,3,0
533,1339,511,0,3
530,1340,552,3,0
532,1340,554,3,0
533,1340,511,0,3
548,1340,526,0,3
530,1341,552,3,0
532,1341,554,3,0
533,1341,511,0,3
548,1341,526,0,3
549,1341,527,0,3
552,1342,574,3,0
554,1342,576,3,0
552,1343,574,3,0
554,1343,576,3,0
552,1344,574,3,0
554,1344,576,3,0
554,1345,576,3,0
554,1346,576,3,0
556,1348,534,0,3
556,1349,534,0,3
557,1349,535,0,3
564,1349,542,0,3
556,1350,534,0,3
557,1350,535,0,3
558,1350,536,0,3
564,1350,542,0,3
556,1351,534,0,3
557,1351,535,0,3
558,1351,536,0,3
562,1351,584,3,0
564,1351,542,0,3
556,1352,534,0,3
557,1352,535,0,3
558,1352,536,0,3
560,1352,582,3,0
562,1352,584,3,0
564,1352,542,0,3
556,1353,534,0,3
557,1353,535,0,3
558,1353,536,0,3
562,1353,584,3,0
564,1353,542,0,3
556,1354,534,0,3
557,1354,535,0,3
558,1354,536,0,3
562,1354,584,3,0
564,1354,542,0,3
556,1355,534,0,3
557,1355,535,0,3
564,1355,542,0,3
556,1356,534,0,3
564,1356,542,0,3
554,1359,576,3,0
554,1360,576,3,0
552,1361,574,3,0
554,1361,576,3,0
552,1362,574,3,0
554,1362,576,3,0
552,1363,574,3,0
554,1363,576,3,0
571,1363,549,0,3
574,1364,596,3,0
576,1364,598,3,0
574,1365,596,3,0
576,1365,598,3,0
574,1366,596,3,0
576,1366,598,3,0
576,1367,598,3,0
576,1368,598,3,0
578,1370,556,0,3
578,1371,556,0,3
579,1371,557,0,3
586,1371,564,0,3
578,1372,556,0,3
579,1372,557,0,3
580,1372,558,0,3
586,1372,564,0,3
578,1373,556,0,3
579,1373,557,0,3
580,1373,558,0,3
584,1373,606,3,0
586,1373,564,0,3
578,1374,556,0,3
579,1374,557,0,3
580,1374,558,0,3
582,1374,604,3,0
584,1374,606,3,0
586,1374,564,0,3
578,1375,556,0,3
579,1375,557,0,3
580,1375,558,0,3
584,1375,606,3,0
586,1375,564,0,3
578,1376,556,0,3
579,1376,557,0,3
580,1376,558,0,3
584,1376,606,3,0
586,1376,564,0,3
578,1377,556,0,3
579,1377,557,0,3
586,1377,564,0,3
578,1378,556,0,3
586,1378,564,0,3
576,1381,598,3,0
576,1382,598,3,0
574,1383,596,3,0
576,1383,598,3,0
574,1384,596,3,0
576,1384,598,3,0
574,1385,596,3,0
576,1385,598,3,0
593,1385,571,0,3
596,1386,618,3,0
598,1386,620,3,0
596,1387,618,3,0
598,1387,620,3,0
596,1388,618,3,0
598,1388,620,3,0
598,1389,620,3,0
598,1390,620,3,0
601,1393,579,0,3
608,1393,586,0,3
601,1394,579,0,3
602,1394,580,0,3
608,1394,586,0,3
601,1395,579,0,3
602,1395,580,0,3
606,1395,628,3,0
608,1395,586,0,3
601,1396,579,0,3
602,1396,580,0,3
604,1396,626,3,0
606,1396,628,3,0
608,1396,586,0,3
601,1397,579,0,3
602,1397,580,0,3
606,1397,628,3,0
608,1397,586,0,3
601,1398,579,0,3
602,1398,580,0,3
606,1398,628,3,0
608,1398,586,0,3
601,1399,579,0,3
608,1399,586,0,3
608,1400,586,0,3
598,1403,620,3,0
598,1404,620,3,0
596,1405,618,3,0
598,1405,620,3,0
596,1406,618,3,0
598,1406,620,3,0
596,1407,618,3,0
598,1407,620,3,0
615,1407,593,0,3
618,1408,640,3,0
619,1408,641,3,0
620,1408,642,3,0
618,1409,640,3,0
619,1409,641,3,0
620,1409,642,3,0
618,1410,640,3,0
619,1410,641,3,0
620,1410,642,3,0
619,1411,641,3,0
620,1411,642,3,0
620,1412,642,3,0
622,1414,600,0,3
622,1415,600,0,3
623,1415,601,0,3
622,1416,600,0,3
623,1416,601,0,3
624,1416,602,0,3
622,1417,600,0,3
623,1417,601,0,3
624,1417,602,0,3
628,1417,650,3,0
622,1418,600,0,3
623,1418,601,0,3
624,1418,602,0,3
626,1418,648,3,0
628,1418,650,3,0
622,1419,600,0,3
623,1419,601,0,3
624,1419,602,0,3
628,1419,650,3,0
622,1420,600,0,3
623,1420,601,0,3
624,1420,602,0,3
628,1420,650,3,0
622,1421,600,0,3
623,1421,601,0,3
622,1422,600,0,3
620,1425,642,3,0
619,1426,641,3,0
620,1426,642,3,0
618,1427,640,3,0
619,1427,641,3,0
620,1427,642,3,0
618,1428,640,3,0
619,1428,641,3,0
620,1428,642,3,0
618,1429,640,3,0
619,1429,641,3,0
620,1429,642,3,0
640,1430,662,3,0
641,1430,663,3,0
640,1431,662,3,0
641,1431,663,3,0
640,1432,662,3,0
641,1432,663,3,0
641,1433,663,3,0
644,1436,622,0,3
653,1436,675,3,0
644,1437,622,0,3
645,1437,623,0,3
653,1437,675,3,0
644,1438,622,0,3
645,1438,623,0,3
646,1438,624,0,3
653,1438,675,3,0
644,1439,622,0,3
645,1439,623,0,3
646,1439,624,0,3
650,1439,672,3,0
653,1439,675,3,0
644,1440,622,0,3
645,1440,623,0,3
646,1440,624,0,3
648,1440,670,3,0
650,1440,672,3,0
653,1440,675,3,0
644,1441,622,0,3
645,1441,623,0,3
646,1441,624,0,3
650,1441,672,3,0
653,1441,675,3,0
644,1442,622,0,3
645,1442,623,0,3
646,1442,624,0,3
650,1442,672,3,0
653,1442,675,3,0
644,1443,622,0,3
645,1443,623,0,3
653,1443,675,3,0
644,1444,622,0,3
653,1444,675,3,0
653,1445,675,3,0
641,1448,663,3,0
640,1449,662,3,0
641,1449,663,3,0
640,1450,662,3,0
641,1450,663,3,0
640,1451,662,3,0
641,1451,663,3,0
662,1452,684,3,0
663,1452,685,3,0
662,1453,684,3,0
663,1453,685,3,0
662,1454,684,3,0
663,1454,685,3,0
663,1455,685,3,0
666,1458,644,0,3
675,1458,697,3,0
666,1459,644,0,3
675,1459,697,3,0
666,1460,644,0,3
668,1460,646,0,3
675,1460,697,3,0
666,1461,644,0,3
668,1461,646,0,3
675,1461,697,3,0
666,1462,644,0,3
668,1462,646,0,3
670,1462,692,3,0
675,1462,697,3,0
666,1463,644,0,3
668,1463,646,0,3
675,1463,697,3,0
666,1464,644,0,3
668,1464,646,0,3
675,1464,697,3,0
666,1465,644,0,3
675,1465,697,3,0
666,1466,644,0,3
675,1466,697,3,0
675,1467,697,3,0
663,1470,685,3,0
662,1471,684,3,0
663,1471,685,3,0
662,1472,684,3,0
663,1472,685,3,0
662,1473,684,3,0
663,1473,685,3,0
684,1474,706,3,0
685,1474,707,3,0
684,1475,706,3,0
685,1475,707,3,0
684,1476,706,3,0
685,1476,707,3,0
685,1477,707,3,0
697,1480,719,3,0
697,1481,719,3,0
697,1482,719,3,0
697,1483,719,3,0
692,1484,714,3,0
697,1484,719,3,0
697,1485,719,3,0
697,1486,719,3,0
697,1487,719,3,0
697,1488,719,3,0
697,1489,719,3,0
685,1492,707,3,0
684,1493,706,3,0
685,1493,707,3,0
684,1494,706,3,0
685,1494,707,3,0
684,1495,706,3,0
685,1495,707,3,0
706,1496,728,3,0
707,1496,729,3,0
708,1496,686,0,3
706,1497,728,3,0
707,1497,729,3,0
708,1497,686,0,3
706,1498,728,3,0
707,1498,729,3,0
708,1498,686,0,3
707,1499,729,3,0
708,1499,686,0,3
708,1500,686,0,3
719,1502,741,3,0
711,1503,689,0,3
719,1503,741,3,0
711,1504,689,0,3
719,1504,741,3,0
711,1505,689,0,3
719,1505,741,3,0
711,1506,689,0,3
719,1506,741,3,0
711,1507,689,0,3
719,1507,741,3,0
711,1508,689,0,3
719,1508,741,3,0
711,1509,689,0,3
719,1509,741,3,0
719,1510,741,3,0
719,1511,741,3,0
708,1513,686,0,3
707,1514,729,3,0
708,1514,686,0,3
706,1515,728,3,0
707,1515,729,3,0
708,1515,686,0,3
706,1516,728,3,0
707,1516,729,3,0
708,1516,686,0,3
706,1517,728,3,0
707,1517,729,3,0
708,1517,686,0,3
728,1518,750,3,0
730,1518,708,0,3
744,1518,722,0,3
745,1518,723,0,3
746,1518,768,3,0
728,1519,750,3,0
730,1519,708,0,3
744,1519,722,0,3
745,1519,723,0,3
728,1520,750,3,0
730,1520,708,0,3
744,1520,722,0,3
730,1521,708,0,3
730,1522,708,0,3
740,1525,718,0,3
740,1526,718,0,3
735,1527,713,0,3
740,1527,718,0,3
735,1528,713,0,3
740,1528,718,0,3
735,1529,713,0,3
740,1529,718,0,3
740,1530,718,0,3
740,1531,718,0,3
740,1532,718,0,3
730,1535,708,0,3
730,1536,708,0,3
744,1536,722,0,3
728,1537,750,3,0
730,1537,708,0,3
744,1537,722,0,3
745,1537,723,0,3
728,1538,750,3,0
730,1538,708,0,3
744,1538,722,0,3
745,1538,723,0,3
746,1538,768,3,0
728,1539,750,3,0
730,1539,708,0,3
744,1539,722,0,3
745,1539,723,0,3
746,1539,768,3,0
750,1540,772,3,0
751,1540,773,3,0
752,1540,730,0,3
765,1540,743,0,3
766,1540,744,0,3
767,1540,745,0,3
768,1540,790,3,0
750,1541,772,3,0
751,1541,773,3,0
752,1541,730,0,3
765,1541,743,0,3
766,1541,744,0,3
767,1541,745,0,3
750,1542,772,3,0
751,1542,773,3,0
752,1542,730,0,3
765,1542,743,0,3
766,1542,744,0,3
751,1543,773,3,0
752,1543,730,0,3
765,1543,743,0,3
752,1544,730,0,3
762,1547,740,0,3
761,1548,739,0,3
762,1548,740,0,3
761,1549,739,0,3
762,1549,740,0,3
759,1550,781,3,0
761,1550,739,0,3
762,1550,740,0,3
759,1551,781,3,0
761,1551,739,0,3
762,1551,740,0,3
761,1552,739,0,3
762,1552,740,0,3
761,1553,739,0,3
762,1553,740,0,3
762,1554,740,0,3
752,1557,730,0,3
765,1557,743,0,3
751,1558,773,3,0
752,1558,730,0,3
765,1558,743,0,3
766,1558,744,0,3
750,1559,772,3,0
751,1559,773,3,0
752,1559,730,0,3
765,1559,743,0,3
766,1559,744,0,3
767,1559,745,0,3
750,1560,772,3,0
751,1560,773,3,0
752,1560,730,0,3
765,1560,743,0,3
766,1560,744,0,3
767,1560,745,0,3
768,1560,790,3,0
750,1561,772,3,0
751,1561,773,3,0
752,1561,730,0,3
765,1561,743,0,3
766,1561,744,0,3
767,1561,745,0,3
768,1561,790,3,0
772,1562,794,3,0
774,1562,752,0,3
786,1562,764,0,3
788,1562,766,0,3
789,1562,767,0,3
790,1562,812,3,0
772,1563,794,3,0
774,1563,752,0,3
786,1563,764,0,3
788,1563,766,0,3
789,1563,767,0,3
772,1564,794,3,0
774,1564,752,0,3
786,1564,764,0,3
788,1564,766,0,3
774,1565,752,0,3
786,1565,764,0,3
774,1566,752,0,3
786,1566,764,0,3
786,1567,764,0,3
776,1568,754,0,3
785,1568,763,0,3
786,1568,764,0,3
776,1569,754,0,3
784,1569,762,0,3
785,1569,763,0,3
786,1569,764,0,3
776,1570,754,0,3
778,1570,756,0,3
783,1570,761,0,3
784,1570,762,0,3
785,1570,763,0,3
786,1570,764,0,3
776,1571,754,0,3
778,1571,756,0,3
779,1571,757,0,3
783,1571,761,0,3
784,1571,762,0,3
785,1571,763,0,3
786,1571,764,0,3
776,1572,754,0,3
778,1572,756,0,3
779,1572,757,0,3
783,1572,761,0,3
784,1572,762,0,3
785,1572,763,0,3
786,1572,764,0,3
776,1573,754,0,3
778,1573,756,0,3
779,1573,757,0,3
783,1573,761,0,3
784,1573,762,0,3
785,1573,763,0,3
786,1573,764,0,3
776,1574,754,0,3
778,1574,756,0,3
783,1574,761,0,3
784,1574,762,0,3
785,1574,763,0,3
786,1574,764,0,3
776,1575,754,0,3
783,1575,761,0,3
784,1575,762,0,3
785,1575,763,0,3
786,1575,764,0,3
776,1576,754,0,3
784,1576,762,0,3
785,1576,763,0,3
786,1576,764,0,3
785,1577,763,0,3
786,1577,764,0,3
786,1578,764,0,3
774,1579,752,0,3
786,1579,764,0,3
774,1580,752,0,3
786,1580,764,0,3
788,1580,766,0,3
772,1581,794,3,0
774,1581,752,0,3
786,1581,764,0,3
788,1581,766,0,3
789,1581,767,0,3
772,1582,794,3,0
774,1582,752,0,3
786,1582,764,0,3
788,1582,766,0,3
789,1582,767,0,3
790,1582,812,3,0
772,1583,794,3,0
774,1583,752,0,3
786,1583,764,0,3
788,1583,766,0,3
789,1583,767,0,3
790,1583,812,3,0
160,1584,182,3,0
161,1584,139,0,3
162,1584,140,0,3
167,1584,145,0,3
169,1584,191,3,0
170,1584,192,3,0
1050,1585,1072,3,0
816,1586,838,3,0
817,1586,795,0,3
819,1586,841,3,0
830,1586,808,0,3
832,1586,810,0,3
834,1586,856,3,0
1300,1587,1278,0,3
1302,1587,1280,0,3
1303,1587,1325,3,0
1318,1587,1340,3,0
1319,1587,1341,3,0
685,1588,707,3,0
160,1590,182,3,0
169,1590,191,3,0
170,1590,192,3,0
1081,1591,1059,0,3
1083,1591,1105,3,0
1094,1591,1116,3,0
1095,1591,1117,3,0
445,1592,423,0,3
446,1592,424,0,3
447,1592,425,0,3
448,1592,426,0,3
450,1592,472,3,0
454,1592,432,0,3
456,1592,434,0,3
313,1593,291,0,3
315,1593,293,0,3
318,1593,340,3,0
321,1593,299,0,3
322,1593,300,0,3
94,1594,116,3,0
101,1594,123,3,0
102,1594,124,3,0
103,1594,125,3,0
794,1595,816,3,0
808,1595,786,0,3
810,1595,788,0,3
812,1595,834,3,0
