809,0,831,3,0
812,0,834,3,0
809,1,831,3,0
809,2,831,3,0
809,3,831,3,0
807,6,829,3,0
806,7,828,3,0
807,7,829,3,0
806,8,828,3,0
807,8,829,3,0
804,9,826,3,0
806,9,828,3,0
807,9,829,3,0
803,10,781,0,3
804,10,826,3,0
806,10,828,3,0
807,10,829,3,0
803,11,781,0,3
804,11,826,3,0
806,11,828,3,0
807,11,829,3,0
804,12,826,3,0
806,12,828,3,0
807,12,829,3,0
806,13,828,3,0
807,13,829,3,0
806,14,828,3,0
807,14,829,3,0
807,15,829,3,0
809,17,831,3,0
809,18,831,3,0
809,19,831,3,0
809,20,831,3,0
812,20,834,3,0
809,21,831,3,0
812,21,834,3,0
819,22,841,3,0
831,22,853,3,0
834,22,856,3,0
819,23,841,3,0
831,23,853,3,0
819,24,841,3,0
831,24,853,3,0
819,25,841,3,0
831,25,853,3,0
819,26,841,3,0
819,27,841,3,0
819,28,841,3,0
829,28,851,3,0
819,29,841,3,0
828,29,850,3,0
829,29,851,3,0
819,30,841,3,0
828,30,850,3,0
829,30,851,3,0
819,31,841,3,0
826,31,848,3,0
828,31,850,3,0
829,31,851,3,0
819,32,841,3,0
825,32,803,0,3
826,32,848,3,0
828,32,850,3,0
829,32,851,3,0
819,33,841,3,0
825,33,803,0,3
826,33,848,3,0
828,33,850,3,0
829,33,851,3,0
819,34,841,3,0
826,34,848,3,0
828,34,850,3,0
829,34,851,3,0
819,35,841,3,0
828,35,850,3,0
829,35,851,3,0
819,36,841,3,0
828,36,850,3,0
829,36,851,3,0
819,37,841,3,0
829,37,851,3,0
819,39,841,3,0
831,39,853,3,0
819,40,841,3,0
831,40,853,3,0
819,41,841,3,0
831,41,853,3,0
819,42,841,3,0
831,42,853,3,0
834,42,856,3,0
819,43,841,3,0
831,43,853,3,0
834,43,856,3,0
853,44,875,3,0
855,44,877,3,0
856,44,878,3,0
853,45,875,3,0
855,45,877,3,0
853,46,875,3,0
853,47,875,3,0
851,50,873,3,0
850,51,872,3,0
851,51,873,3,0
850,52,872,3,0
851,52,873,3,0
848,53,870,3,0
850,53,872,3,0
851,53,873,3,0
848,54,870,3,0
850,54,872,3,0
851,54,873,3,0
848,55,870,3,0
850,55,872,3,0
851,55,873,3,0
848,56,870,3,0
850,56,872,3,0
851,56,873,3,0
850,57,872,3,0
851,57,873,3,0
850,58,872,3,0
851,58,873,3,0
851,59,873,3,0
853,61,875,3,0
853,62,875,3,0
853,63,875,3,0
855,63,877,3,0
853,64,875,3,0
855,64,877,3,0
856,64,878,3,0
853,65,875,3,0
855,65,877,3,0
856,65,878,3,0
857,65,835,0,3
860,66,882,3,0
863,66,841,0,3
875,66,897,3,0
877,66,899,3,0
860,67,882,3,0
863,67,841,0,3
875,67,897,3,0
877,67,899,3,0
860,68,882,3,0
863,68,841,0,3
875,68,897,3,0
863,69,841,0,3
875,69,897,3,0
863,70,841,0,3
863,71,841,0,3
863,72,841,0,3
873,72,895,3,0
863,73,841,0,3
872,73,894,3,0
873,73,895,3,0
863,74,841,0,3
872,74,894,3,0
873,74,895,3,0
863,75,841,0,3
867,75,889,3,0
870,75,892,3,0
872,75,894,3,0
873,75,895,3,0
863,76,841,0,3
867,76,889,3,0
870,76,892,3,0
872,76,894,3,0
873,76,895,3,0
863,77,841,0,3
867,77,889,3,0
870,77,892,3,0
872,77,894,3,0
873,77,895,3,0
863,78,841,0,3
870,78,892,3,0
872,78,894,3,0
873,78,895,3,0
863,79,841,0,3
872,79,894,3,0
873,79,895,3,0
863,80,841,0,3
872,80,894,3,0
873,80,895,3,0
863,81,841,0,3
873,81,895,3,0
863,83,841,0,3
875,83,897,3,0
863,84,841,0,3
875,84,897,3,0
860,85,882,3,0
863,85,841,0,3
875,85,897,3,0
877,85,899,3,0
860,86,882,3,0
863,86,841,0,3
875,86,897,3,0
877,86,899,3,0
860,87,882,3,0
863,87,841,0,3
875,87,897,3,0
877,87,899,3,0
882,88,904,3,0
884,88,906,3,0
885,88,863,0,3
897,88,919,3,0
900,88,922,3,0
882,89,904,3,0
884,89,906,3,0
885,89,863,0,3
897,89,919,3,0
882,90,904,3,0
884,90,906,3,0
885,90,863,0,3
897,90,919,3,0
884,91,906,3,0
885,91,863,0,3
897,91,919,3,0
884,92,906,3,0
885,92,863,0,3
885,93,863,0,3
885,94,863,0,3
895,94,917,3,0
885,95,863,0,3
894,95,916,3,0
895,95,917,3,0
885,96,863,0,3
894,96,916,3,0
895,96,917,3,0
885,97,863,0,3
889,97,911,3,0
892,97,914,3,0
894,97,916,3,0
895,97,917,3,0
885,98,863,0,3
889,98,911,3,0
892,98,914,3,0
894,98,916,3,0
895,98,917,3,0
885,99,863,0,3
889,99,911,3,0
892,99,914,3,0
894,99,916,3,0
895,99,917,3,0
885,100,863,0,3
892,100,914,3,0
894,100,916,3,0
895,100,917,3,0
885,101,863,0,3
894,101,916,3,0
895,101,917,3,0
885,102,863,0,3
894,102,916,3,0
895,102,917,3,0
885,103,863,0,3
895,103,917,3,0
884,105,906,3,0
885,105,863,0,3
897,105,919,3,0
884,106,906,3,0
885,106,863,0,3
897,106,919,3,0
882,107,904,3,0
884,107,906,3,0
885,107,863,0,3
897,107,919,3,0
882,108,904,3,0
884,108,906,3,0
885,108,863,0,3
897,108,919,3,0
900,108,922,3,0
882,109,904,3,0
884,109,906,3,0
885,109,863,0,3
897,109,919,3,0
900,109,922,3,0
904,110,926,3,0
906,110,928,3,0
907,110,885,0,3
921,110,899,0,3
922,110,944,3,0
904,111,926,3,0
906,111,928,3,0
907,111,885,0,3
921,111,899,0,3
904,112,926,3,0
906,112,928,3,0
907,112,885,0,3
906,113,928,3,0
907,113,885,0,3
906,114,928,3,0
907,114,885,0,3
907,115,885,0,3
907,116,885,0,3
917,116,939,3,0
907,117,885,0,3
916,117,938,3,0
917,117,939,3,0
907,118,885,0,3
916,118,938,3,0
917,118,939,3,0
907,119,885,0,3
916,119,938,3,0
917,119,939,3,0
907,120,885,0,3
913,120,891,0,3
916,120,938,3,0
917,120,939,3,0
907,121,885,0,3
913,121,891,0,3
916,121,938,3,0
917,121,939,3,0
907,122,885,0,3
916,122,938,3,0
917,122,939,3,0
907,123,885,0,3
916,123,938,3,0
917,123,939,3,0
907,124,885,0,3
916,124,938,3,0
917,124,939,3,0
907,125,885,0,3
917,125,939,3,0
906,127,928,3,0
907,127,885,0,3
906,128,928,3,0
907,128,885,0,3
904,129,926,3,0
906,129,928,3,0
907,129,885,0,3
921,129,899,0,3
904,130,926,3,0
906,130,928,3,0
907,130,885,0,3
921,130,899,0,3
922,130,944,3,0
904,131,926,3,0
906,131,928,3,0
907,131,885,0,3
921,131,899,0,3
922,131,944,3,0
928,132,950,3,0
929,132,907,0,3
943,132,921,0,3
928,133,950,3,0
929,133,907,0,3
943,133,921,0,3
928,134,950,3,0
929,134,907,0,3
928,135,950,3,0
929,135,907,0,3
928,136,950,3,0
929,136,907,0,3
929,137,907,0,3
929,138,907,0,3
930,138,952,3,0
939,138,961,3,0
929,139,907,0,3
930,139,952,3,0
938,139,960,3,0
939,139,961,3,0
929,140,907,0,3
930,140,952,3,0
938,140,960,3,0
939,140,961,3,0
929,141,907,0,3
930,141,952,3,0
938,141,960,3,0
939,141,961,3,0
929,142,907,0,3
930,142,952,3,0
938,142,960,3,0
939,142,961,3,0
929,143,907,0,3
930,143,952,3,0
938,143,960,3,0
939,143,961,3,0
929,144,907,0,3
930,144,952,3,0
938,144,960,3,0
939,144,961,3,0
929,145,907,0,3
930,145,952,3,0
938,145,960,3,0
939,145,961,3,0
929,146,907,0,3
930,146,952,3,0
938,146,960,3,0
939,146,961,3,0
929,147,907,0,3
939,147,961,3,0
928,149,950,3,0
929,149,907,0,3
928,150,950,3,0
929,150,907,0,3
928,151,950,3,0
929,151,907,0,3
943,151,921,0,3
928,152,950,3,0
929,152,907,0,3
943,152,921,0,3
928,153,950,3,0
929,153,907,0,3
943,153,921,0,3
965,154,943,0,3
965,155,943,0,3
952,160,974,3,0
952,161,974,3,0
960,161,938,0,3
952,162,974,3,0
959,162,937,0,3
960,162,938,0,3
952,163,974,3,0
959,163,937,0,3
960,163,938,0,3
952,164,974,3,0
959,164,937,0,3
960,164,938,0,3
952,165,974,3,0
959,165,937,0,3
960,165,938,0,3
952,166,974,3,0
959,166,937,0,3
960,166,938,0,3
952,167,974,3,0
959,167,937,0,3
960,167,938,0,3
952,168,974,3,0
960,168,938,0,3
965,173,943,0,3
965,174,943,0,3
965,175,943,0,3
987,176,965,0,3
988,176,1010,3,0
987,177,965,0,3
974,182,996,3,0
974,183,996,3,0
982,183,960,0,3
974,184,996,3,0
981,184,959,0,3
982,184,960,0,3
974,185,996,3,0
981,185,959,0,3
982,185,960,0,3
974,186,996,3,0
981,186,959,0,3
982,186,960,0,3
974,187,996,3,0
981,187,959,0,3
982,187,960,0,3
974,188,996,3,0
981,188,959,0,3
982,188,960,0,3
974,189,996,3,0
981,189,959,0,3
982,189,960,0,3
974,190,996,3,0
982,190,960,0,3
987,195,965,0,3
987,196,965,0,3
988,196,1010,3,0
987,197,965,0,3
988,197,1010,3,0
995,198,1017,3,0
1009,198,987,0,3
1010,198,1032,3,0
995,199,1017,3,0
1009,199,987,0,3
995,200,1017,3,0
995,201,1017,3,0
995,202,1017,3,0
995,203,1017,3,0
995,204,1017,3,0
996,204,1018,3,0
995,205,1017,3,0
996,205,1018,3,0
1004,205,982,0,3
995,206,1017,3,0
996,206,1018,3,0
1003,206,981,0,3
1004,206,982,0,3
995,207,1017,3,0
996,207,1018,3,0
1003,207,981,0,3
1004,207,982,0,3
995,208,1017,3,0
996,208,1018,3,0
1003,208,981,0,3
1004,208,982,0,3
995,209,1017,3,0
996,209,1018,3,0
1003,209,981,0,3
1004,209,982,0,3
995,210,1017,3,0
996,210,1018,3,0
1003,210,981,0,3
1004,210,982,0,3
995,211,1017,3,0
996,211,1018,3,0
1003,211,981,0,3
1004,211,982,0,3
995,212,1017,3,0
996,212,1018,3,0
1004,212,982,0,3
995,213,1017,3,0
995,215,1017,3,0
995,216,1017,3,0
995,217,1017,3,0
1009,217,987,0,3
995,218,1017,3,0
1009,218,987,0,3
1010,218,1032,3,0
995,219,1017,3,0
1009,219,987,0,3
1010,219,1032,3,0
1015,220,1037,3,0
1017,220,1039,3,0
1031,220,1009,0,3
1015,221,1037,3,0
1017,221,1039,3,0
1031,221,1009,0,3
1015,222,1037,3,0
1017,222,1039,3,0
1015,223,1037,3,0
1017,223,1039,3,0
1017,224,1039,3,0
1017,225,1039,3,0
1017,226,1039,3,0
1018,226,1040,3,0
1017,227,1039,3,0
1018,227,1040,3,0
1026,227,1004,0,3
1017,228,1039,3,0
1018,228,1040,3,0
1025,228,1003,0,3
1026,228,1004,0,3
1017,229,1039,3,0
1018,229,1040,3,0
1025,229,1003,0,3
1026,229,1004,0,3
1017,230,1039,3,0
1018,230,1040,3,0
1022,230,1000,0,3
1025,230,1003,0,3
1026,230,1004,0,3
1017,231,1039,3,0
1018,231,1040,3,0
1025,231,1003,0,3
1026,231,1004,0,3
1017,232,1039,3,0
1018,232,1040,3,0
1025,232,1003,0,3
1026,232,1004,0,3
1017,233,1039,3,0
1018,233,1040,3,0
1025,233,1003,0,3
1026,233,1004,0,3
1017,234,1039,3,0
1018,234,1040,3,0
1026,234,1004,0,3
1017,235,1039,3,0
1017,237,1039,3,0
1015,238,1037,3,0
1017,238,1039,3,0
1015,239,1037,3,0
1017,239,1039,3,0
1031,239,1009,0,3
1015,240,1037,3,0
1017,240,1039,3,0
1031,240,1009,0,3
1015,241,1037,3,0
1017,241,1039,3,0
1031,241,1009,0,3
1037,242,1059,3,0
1039,242,1061,3,0
1053,242,1031,0,3
1037,243,1059,3,0
1039,243,1061,3,0
1053,243,1031,0,3
1037,244,1059,3,0
1039,244,1061,3,0
1037,245,1059,3,0
1039,245,1061,3,0
1039,246,1061,3,0
1039,247,1061,3,0
1039,248,1061,3,0
1040,248,1062,3,0
1039,249,1061,3,0
1040,249,1062,3,0
1048,249,1026,0,3
1039,250,1061,3,0
1040,250,1062,3,0
1047,250,1025,0,3
1048,250,1026,0,3
1039,251,1061,3,0
1040,251,1062,3,0
1047,251,1025,0,3
1048,251,1026,0,3
1039,252,1061,3,0
1040,252,1062,3,0
1047,252,1025,0,3
1048,252,1026,0,3
1039,253,1061,3,0
1040,253,1062,3,0
1047,253,1025,0,3
1048,253,1026,0,3
1039,254,1061,3,0
1040,254,1062,3,0
1047,254,1025,0,3
1048,254,1026,0,3
1039,255,1061,3,0
1040,255,1062,3,0
1047,255,1025,0,3
1048,255,1026,0,3
1039,256,1061,3,0
1040,256,1062,3,0
1048,256,1026,0,3
1039,257,1061,3,0
1039,259,1061,3,0
1037,260,1059,3,0
1039,260,1061,3,0
1037,261,1059,3,0
1039,261,1061,3,0
1053,261,1031,0,3
1037,262,1059,3,0
1039,262,1061,3,0
1053,262,1031,0,3
1037,263,1059,3,0
1039,263,1061,3,0
1053,263,1031,0,3
1059,264,1081,3,0
1061,264,1083,3,0
1075,264,1053,0,3
1059,265,1081,3,0
1061,265,1083,3,0
1075,265,1053,0,3
1059,266,1081,3,0
1061,266,1083,3,0
1059,267,1081,3,0
1061,267,1083,3,0
1061,268,1083,3,0
1061,269,1083,3,0
1061,270,1083,3,0
1062,270,1084,3,0
1061,271,1083,3,0
1062,271,1084,3,0
1063,271,1041,0,3
1070,271,1048,0,3
1061,272,1083,3,0
1062,272,1084,3,0
1063,272,1041,0,3
1069,272,1047,0,3
1070,272,1048,0,3
1061,273,1083,3,0
1062,273,1084,3,0
1063,273,1041,0,3
1069,273,1047,0,3
1070,273,1048,0,3
1061,274,1083,3,0
1062,274,1084,3,0
1063,274,1041,0,3
1069,274,1047,0,3
1070,274,1048,0,3
1061,275,1083,3,0
1062,275,1084,3,0
1063,275,1041,0,3
1069,275,1047,0,3
1070,275,1048,0,3
1061,276,1083,3,0
1062,276,1084,3,0
1063,276,1041,0,3
1069,276,1047,0,3
1070,276,1048,0,3
1061,277,1083,3,0
1062,277,1084,3,0
1063,277,1041,0,3
1069,277,1047,0,3
1070,277,1048,0,3
1061,278,1083,3,0
1062,278,1084,3,0
1070,278,1048,0,3
1061,279,1083,3,0
1061,281,1083,3,0
1059,282,1081,3,0
1061,282,1083,3,0
1059,283,1081,3,0
1061,283,1083,3,0
1075,283,1053,0,3
1059,284,1081,3,0
1061,284,1083,3,0
1075,284,1053,0,3
1059,285,1081,3,0
1061,285,1083,3,0
1075,285,1053,0,3
1081,286,1103,3,0
1083,286,1105,3,0
1095,286,1073,0,3
1097,286,1075,0,3
1081,287,1103,3,0
1083,287,1105,3,0
1095,287,1073,0,3
1097,287,1075,0,3
1081,288,1103,3,0
1083,288,1105,3,0
1095,288,1073,0,3
1081,289,1103,3,0
1083,289,1105,3,0
1095,289,1073,0,3
1083,290,1105,3,0
1083,291,1105,3,0
1083,292,1105,3,0
1084,292,1106,3,0
1083,293,1105,3,0
1084,293,1106,3,0
1085,293,1063,0,3
1092,293,1070,0,3
1083,294,1105,3,0
1084,294,1106,3,0
1085,294,1063,0,3
1091,294,1069,0,3
1092,294,1070,0,3
1083,295,1105,3,0
1084,295,1106,3,0
1085,295,1063,0,3
1091,295,1069,0,3
1092,295,1070,0,3
1083,296,1105,3,0
1084,296,1106,3,0
1085,296,1063,0,3
1091,296,1069,0,3
1092,296,1070,0,3
1083,297,1105,3,0
1084,297,1106,3,0
1085,297,1063,0,3
1091,297,1069,0,3
1092,297,1070,0,3
1083,298,1105,3,0
1084,298,1106,3,0
1085,298,1063,0,3
1091,298,1069,0,3
1092,298,1070,0,3
1083,299,1105,3,0
1084,299,1106,3,0
1085,299,1063,0,3
1091,299,1069,0,3
1092,299,1070,0,3
1083,300,1105,3,0
1084,300,1106,3,0
1092,300,1070,0,3
1083,301,1105,3,0
1083,303,1105,3,0
1095,303,1073,0,3
1081,304,1103,3,0
1083,304,1105,3,0
1095,304,1073,0,3
1081,305,1103,3,0
1083,305,1105,3,0
1095,305,1073,0,3
1097,305,1075,0,3
1081,306,1103,3,0
1083,306,1105,3,0
1095,306,1073,0,3
1097,306,1075,0,3
1081,307,1103,3,0
1083,307,1105,3,0
1095,307,1073,0,3
1097,307,1075,0,3
1099,307,1121,3,0
1103,308,1125,3,0
1105,308,1127,3,0
1117,308,1095,0,3
1119,308,1097,0,3
1120,308,1098,0,3
1103,309,1125,3,0
1105,309,1127,3,0
1117,309,1095,0,3
1119,309,1097,0,3
1103,310,1125,3,0
1105,310,1127,3,0
1117,310,1095,0,3
1103,311,1125,3,0
1105,311,1127,3,0
1117,311,1095,0,3
1105,312,1127,3,0
1105,313,1127,3,0
1105,314,1127,3,0
1106,314,1128,3,0
1105,315,1127,3,0
1106,315,1128,3,0
1107,315,1085,0,3
1114,315,1092,0,3
1105,316,1127,3,0
1106,316,1128,3,0
1107,316,1085,0,3
1108,316,1130,3,0
1113,316,1091,0,3
1114,316,1092,0,3
1105,317,1127,3,0
1106,317,1128,3,0
1107,317,1085,0,3
1108,317,1130,3,0
1113,317,1091,0,3
1114,317,1092,0,3
1105,318,1127,3,0
1106,318,1128,3,0
1107,318,1085,0,3
1108,318,1130,3,0
1113,318,1091,0,3
1114,318,1092,0,3
1105,319,1127,3,0
1106,319,1128,3,0
1107,319,1085,0,3
1108,319,1130,3,0
1113,319,1091,0,3
1114,319,1092,0,3
1105,320,1127,3,0
1106,320,1128,3,0
1107,320,1085,0,3
1108,320,1130,3,0
1113,320,1091,0,3
1114,320,1092,0,3
1105,321,1127,3,0
1106,321,1128,3,0
1107,321,1085,0,3
1113,321,1091,0,3
1114,321,1092,0,3
1105,322,1127,3,0
1106,322,1128,3,0
1114,322,1092,0,3
1105,323,1127,3,0
1105,325,1127,3,0
1117,325,1095,0,3
1103,326,1125,3,0
1105,326,1127,3,0
1117,326,1095,0,3
1103,327,1125,3,0
1105,327,1127,3,0
1117,327,1095,0,3
1119,327,1097,0,3
1103,328,1125,3,0
1105,328,1127,3,0
1117,328,1095,0,3
1119,328,1097,0,3
1120,328,1098,0,3
1103,329,1125,3,0
1105,329,1127,3,0
1117,329,1095,0,3
1119,329,1097,0,3
1120,329,1098,0,3
1121,329,1143,3,0
1126,330,1104,0,3
1127,330,1149,3,0
1139,330,1117,0,3
1141,330,1119,0,3
1142,330,1120,0,3
1126,331,1104,0,3
1127,331,1149,3,0
1139,331,1117,0,3
1141,331,1119,0,3
1126,332,1104,0,3
1127,332,1149,3,0
1139,332,1117,0,3
1126,333,1104,0,3
1127,333,1149,3,0
1139,333,1117,0,3
1126,334,1104,0,3
1127,334,1149,3,0
1127,335,1149,3,0
1127,336,1149,3,0
1127,337,1149,3,0
1129,337,1107,0,3
1136,337,1114,0,3
1127,338,1149,3,0
1129,338,1107,0,3
1130,338,1152,3,0
1135,338,1113,0,3
1136,338,1114,0,3
1127,339,1149,3,0
1129,339,1107,0,3
1130,339,1152,3,0
1135,339,1113,0,3
1136,339,1114,0,3
1127,340,1149,3,0
1129,340,1107,0,3
1130,340,1152,3,0
1135,340,1113,0,3
1136,340,1114,0,3
1127,341,1149,3,0
1129,341,1107,0,3
1130,341,1152,3,0
1135,341,1113,0,3
1136,341,1114,0,3
1127,342,1149,3,0
1129,342,1107,0,3
1130,342,1152,3,0
1135,342,1113,0,3
1136,342,1114,0,3
1127,343,1149,3,0
1129,343,1107,0,3
1135,343,1113,0,3
1136,343,1114,0,3
1127,344,1149,3,0
1136,344,1114,0,3
1127,345,1149,3,0
1126,347,1104,0,3
1127,347,1149,3,0
1139,347,1117,0,3
1126,348,1104,0,3
1127,348,1149,3,0
1139,348,1117,0,3
1126,349,1104,0,3
1127,349,1149,3,0
1139,349,1117,0,3
1141,349,1119,0,3
1126,350,1104,0,3
1127,350,1149,3,0
1139,350,1117,0,3
1141,350,1119,0,3
1142,350,1120,0,3
1126,351,1104,0,3
1127,351,1149,3,0
1139,351,1117,0,3
1141,351,1119,0,3
1142,351,1120,0,3
1143,351,1165,3,0
1148,352,1126,0,3
1149,352,1171,3,0
1161,352,1139,0,3
1163,352,1141,0,3
1164,352,1142,0,3
1148,353,1126,0,3
1149,353,1171,3,0
1161,353,1139,0,3
1163,353,1141,0,3
1148,354,1126,0,3
1149,354,1171,3,0
1161,354,1139,0,3
1148,355,1126,0,3
1149,355,1171,3,0
1161,355,1139,0,3
1148,356,1126,0,3
1149,356,1171,3,0
1149,357,1171,3,0
1149,358,1171,3,0
1149,359,1171,3,0
1151,359,1129,0,3
1158,359,1136,0,3
1149,360,1171,3,0
1151,360,1129,0,3
1152,360,1174,3,0
1157,360,1135,0,3
1158,360,1136,0,3
1149,361,1171,3,0
1151,361,1129,0,3
1152,361,1174,3,0
1157,361,1135,0,3
1158,361,1136,0,3
1149,362,1171,3,0
1151,362,1129,0,3
1152,362,1174,3,0
1157,362,1135,0,3
1158,362,1136,0,3
1149,363,1171,3,0
1151,363,1129,0,3
1152,363,1174,3,0
1157,363,1135,0,3
1158,363,1136,0,3
1149,364,1171,3,0
1151,364,1129,0,3
1152,364,1174,3,0
1157,364,1135,0,3
1158,364,1136,0,3
1149,365,1171,3,0
1151,365,1129,0,3
1157,365,1135,0,3
1158,365,1136,0,3
1149,366,1171,3,0
1158,366,1136,0,3
1149,367,1171,3,0
1148,369,1126,0,3
1149,369,1171,3,0
1161,369,1139,0,3
1148,370,1126,0,3
1149,370,1171,3,0
1161,370,1139,0,3
1148,371,1126,0,3
1149,371,1171,3,0
1161,371,1139,0,3
1163,371,1141,0,3
1148,372,1126,0,3
1149,372,1171,3,0
1161,372,1139,0,3
1163,372,1141,0,3
1164,372,1142,0,3
1148,373,1126,0,3
1149,373,1171,3,0
1161,373,1139,0,3
1163,373,1141,0,3
1164,373,1142,0,3
1170,374,1148,0,3
1171,374,1193,3,0
1183,374,1161,0,3
1185,374,1163,0,3
1186,374,1164,0,3
1170,375,1148,0,3
1171,375,1193,3,0
1183,375,1161,0,3
1185,375,1163,0,3
1170,376,1148,0,3
1171,376,1193,3,0
1183,376,1161,0,3
1170,377,1148,0,3
1171,377,1193,3,0
1183,377,1161,0,3
1170,378,1148,0,3
1171,378,1193,3,0
1171,379,1193,3,0
1171,380,1193,3,0
1171,381,1193,3,0
1173,381,1151,0,3
1180,381,1158,0,3
1171,382,1193,3,0
1173,382,1151,0,3
1174,382,1196,3,0
1179,382,1157,0,3
1180,382,1158,0,3
1171,383,1193,3,0
1173,383,1151,0,3
1174,383,1196,3,0
1179,383,1157,0,3
1180,383,1158,0,3
1171,384,1193,3,0
1173,384,1151,0,3
1174,384,1196,3,0
1179,384,1157,0,3
1180,384,1158,0,3
1171,385,1193,3,0
1173,385,1151,0,3
1174,385,1196,3,0
1179,385,1157,0,3
1180,385,1158,0,3
1171,386,1193,3,0
1173,386,1151,0,3
1174,386,1196,3,0
1179,386,1157,0,3
1180,386,1158,0,3
1171,387,1193,3,0
1173,387,1151,0,3
1179,387,1157,0,3
1180,387,1158,0,3
1171,388,1193,3,0
1180,388,1158,0,3
1171,389,1193,3,0
1170,391,1148,0,3
1171,391,1193,3,0
1183,391,1161,0,3
1170,392,1148,0,3
1171,392,1193,3,0
1183,392,1161,0,3
1170,393,1148,0,3
1171,393,1193,3,0
1183,393,1161,0,3
1185,393,1163,0,3
1170,394,1148,0,3
1171,394,1193,3,0
1183,394,1161,0,3
1185,394,1163,0,3
1186,394,1164,0,3
1170,395,1148,0,3
1171,395,1193,3,0
1183,395,1161,0,3
1185,395,1163,0,3
1186,395,1164,0,3
1192,396,1170,0,3
1193,396,1215,3,0
1205,396,1183,0,3
1207,396,1185,0,3
1208,396,1186,0,3
1192,397,1170,0,3
1193,397,1215,3,0
1205,397,1183,0,3
1207,397,1185,0,3
1192,398,1170,0,3
1193,398,1215,3,0
1205,398,1183,0,3
1192,399,1170,0,3
1193,399,1215,3,0
1205,399,1183,0,3
1192,400,1170,0,3
1193,400,1215,3,0
1193,401,1215,3,0
1193,402,1215,3,0
1194,402,1172,0,3
1193,403,1215,3,0
1194,403,1172,0,3
1195,403,1173,0,3
1202,403,1180,0,3
1193,404,1215,3,0
1194,404,1172,0,3
1195,404,1173,0,3
1196,404,1218,3,0
1201,404,1179,0,3
1202,404,1180,0,3
1193,405,1215,3,0
1194,405,1172,0,3
1195,405,1173,0,3
1196,405,1218,3,0
1201,405,1179,0,3
1202,405,1180,0,3
1193,406,1215,3,0
1194,406,1172,0,3
1195,406,1173,0,3
1196,406,1218,3,0
1201,406,1179,0,3
1202,406,1180,0,3
1193,407,1215,3,0
1194,407,1172,0,3
1195,407,1173,0,3
1196,407,1218,3,0
1201,407,1179,0,3
1202,407,1180,0,3
1193,408,1215,3,0
1194,408,1172,0,3
1195,408,1173,0,3
1196,408,1218,3,0
1201,408,1179,0,3
1202,408,1180,0,3
1193,409,1215,3,0
1194,409,1172,0,3
1195,409,1173,0,3
1201,409,1179,0,3
1202,409,1180,0,3
1193,410,1215,3,0
1194,410,1172,0,3
1202,410,1180,0,3
1193,411,1215,3,0
1192,413,1170,0,3
1193,413,1215,3,0
1205,413,1183,0,3
1192,414,1170,0,3
1193,414,1215,3,0
1205,414,1183,0,3
1192,415,1170,0,3
1193,415,1215,3,0
1205,415,1183,0,3
1207,415,1185,0,3
1192,416,1170,0,3
1193,416,1215,3,0
1205,416,1183,0,3
1207,416,1185,0,3
1208,416,1186,0,3
1192,417,1170,0,3
1193,417,1215,3,0
1205,417,1183,0,3
1207,417,1185,0,3
1208,417,1186,0,3
1215,418,1237,3,0
1227,418,1205,0,3
1229,418,1207,0,3
1230,418,1208,0,3
1215,419,1237,3,0
1227,419,1205,0,3
1229,419,1207,0,3
1215,420,1237,3,0
1227,420,1205,0,3
1215,421,1237,3,0
1227,421,1205,0,3
1215,422,1237,3,0
1215,423,1237,3,0
1215,424,1237,3,0
1215,425,1237,3,0
1217,425,1195,0,3
1224,425,1202,0,3
1215,426,1237,3,0
1217,426,1195,0,3
1218,426,1240,3,0
1223,426,1201,0,3
1224,426,1202,0,3
1215,427,1237,3,0
1217,427,1195,0,3
1218,427,1240,3,0
1223,427,1201,0,3
1224,427,1202,0,3
1215,428,1237,3,0
1217,428,1195,0,3
1218,428,1240,3,0
1223,428,1201,0,3
1224,428,1202,0,3
1215,429,1237,3,0
1217,429,1195,0,3
1218,429,1240,3,0
1223,429,1201,0,3
1224,429,1202,0,3
1215,430,1237,3,0
1217,430,1195,0,3
1218,430,1240,3,0
1223,430,1201,0,3
1224,430,1202,0,3
1215,431,1237,3,0
1217,431,1195,0,3
1223,431,1201,0,3
1224,431,1202,0,3
1215,432,1237,3,0
1224,432,1202,0,3
1215,433,1237,3,0
1215,435,1237,3,0
1227,435,1205,0,3
1215,436,1237,3,0
1227,436,1205,0,3
1215,437,1237,3,0
1227,437,1205,0,3
1229,437,1207,0,3
1215,438,1237,3,0
1227,438,1205,0,3
1229,438,1207,0,3
1230,438,1208,0,3
1215,439,1237,3,0
1227,439,1205,0,3
1229,439,1207,0,3
1230,439,1208,0,3
1236,440,1214,0,3
1237,440,1259,3,0
1249,440,1227,0,3
1251,440,1229,0,3
1252,440,1230,0,3
1236,441,1214,0,3
1237,441,1259,3,0
1249,441,1227,0,3
1251,441,1229,0,3
1236,442,1214,0,3
1237,442,1259,3,0
1249,442,1227,0,3
1236,443,1214,0,3
1237,443,1259,3,0
1249,443,1227,0,3
1236,444,1214,0,3
1237,444,1259,3,0
1237,445,1259,3,0
1237,446,1259,3,0
1237,447,1259,3,0
1239,447,1217,0,3
1246,447,1224,0,3
1237,448,1259,3,0
1239,448,1217,0,3
1240,448,1262,3,0
1245,448,1223,0,3
1246,448,1224,0,3
1237,449,1259,3,0
1239,449,1217,0,3
1240,449,1262,3,0
1245,449,1223,0,3
1246,449,1224,0,3
1237,450,1259,3,0
1239,450,1217,0,3
1240,450,1262,3,0
1245,450,1223,0,3
1246,450,1224,0,3
1237,451,1259,3,0
1239,451,1217,0,3
1240,451,1262,3,0
1245,451,1223,0,3
1246,451,1224,0,3
1237,452,1259,3,0
1239,452,1217,0,3
1240,452,1262,3,0
1245,452,1223,0,3
1246,452,1224,0,3
1237,453,1259,3,0
1239,453,1217,0,3
1245,453,1223,0,3
1246,453,1224,0,3
1237,454,1259,3,0
1246,454,1224,0,3
1237,455,1259,3,0
1236,457,1214,0,3
1237,457,1259,3,0
1249,457,1227,0,3
1236,458,1214,0,3
1237,458,1259,3,0
1249,458,1227,0,3
1236,459,1214,0,3
1237,459,1259,3,0
1249,459,1227,0,3
1251,459,1229,0,3
1236,460,1214,0,3
1237,460,1259,3,0
1249,460,1227,0,3
1251,460,1229,0,3
1252,460,1230,0,3
1236,461,1214,0,3
1237,461,1259,3,0
1249,461,1227,0,3
1251,461,1229,0,3
1252,461,1230,0,3
1258,462,1236,0,3
1259,462,1281,3,0
1271,462,1249,0,3
1273,462,1251,0,3
1274,462,1252,0,3
1258,463,1236,0,3
1259,463,1281,3,0
1271,463,1249,0,3
1273,463,1251,0,3
1258,464,1236,0,3
1259,464,1281,3,0
1271,464,1249,0,3
1258,465,1236,0,3
1259,465,1281,3,0
1271,465,1249,0,3
1258,466,1236,0,3
1259,466,1281,3,0
1259,467,1281,3,0
1259,468,1281,3,0
1259,469,1281,3,0
1261,469,1239,0,3
1268,469,1246,0,3
1259,470,1281,3,0
1261,470,1239,0,3
1262,470,1284,3,0
1267,470,1245,0,3
1268,470,1246,0,3
1259,471,1281,3,0
1261,471,1239,0,3
1262,471,1284,3,0
1267,471,1245,0,3
1268,471,1246,0,3
1259,472,1281,3,0
1261,472,1239,0,3
1262,472,1284,3,0
1267,472,1245,0,3
1268,472,1246,0,3
1259,473,1281,3,0
1261,473,1239,0,3
1262,473,1284,3,0
1267,473,1245,0,3
1268,473,1246,0,3
1259,474,1281,3,0
1261,474,1239,0,3
1262,474,1284,3,0
1267,474,1245,0,3
1268,474,1246,0,3
1259,475,1281,3,0
1261,475,1239,0,3
1267,475,1245,0,3
1268,475,1246,0,3
1259,476,1281,3,0
1268,476,1246,0,3
1259,477,1281,3,0
1258,479,1236,0,3
1259,479,1281,3,0
1271,479,1249,0,3
1258,480,1236,0,3
1259,480,1281,3,0
1271,480,1249,0,3
1258,481,1236,0,3
1259,481,1281,3,0
1271,481,1249,0,3
1273,481,1251,0,3
1258,482,1236,0,3
1259,482,1281,3,0
1271,482,1249,0,3
1273,482,1251,0,3
1274,482,1252,0,3
1258,483,1236,0,3
1259,483,1281,3,0
1271,483,1249,0,3
1273,483,1251,0,3
1274,483,1252,0,3
1281,484,1303,3,0
1293,484,1271,0,3
1295,484,1273,0,3
1296,484,1274,0,3
1281,485,1303,3,0
1293,485,1271,0,3
1295,485,1273,0,3
1281,486,1303,3,0
1293,486,1271,0,3
1281,487,1303,3,0
1293,487,1271,0,3
1281,488,1303,3,0
1281,489,1303,3,0
1281,490,1303,3,0
1281,491,1303,3,0
1283,491,1261,0,3
1290,491,1268,0,3
1281,492,1303,3,0
1283,492,1261,0,3
1284,492,1306,3,0
1289,492,1267,0,3
1290,492,1268,0,3
1281,493,1303,3,0
1283,493,1261,0,3
1284,493,1306,3,0
1289,493,1267,0,3
1290,493,1268,0,3
1281,494,1303,3,0
1283,494,1261,0,3
1284,494,1306,3,0
1289,494,1267,0,3
1290,494,1268,0,3
1281,495,1303,3,0
1283,495,1261,0,3
1284,495,1306,3,0
1289,495,1267,0,3
1290,495,1268,0,3
1281,496,1303,3,0
1283,496,1261,0,3
1284,496,1306,3,0
1289,496,1267,0,3
1290,496,1268,0,3
1281,497,1303,3,0
1283,497,1261,0,3
1289,497,1267,0,3
1290,497,1268,0,3
1281,498,1303,3,0
1290,498,1268,0,3
1281,499,1303,3,0
1281,501,1303,3,0
1293,501,1271,0,3
1281,502,1303,3,0
1293,502,1271,0,3
1281,503,1303,3,0
1293,503,1271,0,3
1295,503,1273,0,3
1281,504,1303,3,0
1293,504,1271,0,3
1295,504,1273,0,3
1296,504,1274,0,3
1281,505,1303,3,0
1293,505,1271,0,3
1295,505,1273,0,3
1296,505,1274,0,3
1301,506,1323,3,0
1303,506,1325,3,0
1315,506,1293,0,3
1317,506,1295,0,3
1318,506,1296,0,3
1301,507,1323,3,0
1303,507,1325,3,0
1315,507,1293,0,3
1317,507,1295,0,3
1301,508,1323,3,0
1303,508,1325,3,0
1315,508,1293,0,3
1301,509,1323,3,0
1303,509,1325,3,0
1315,509,1293,0,3
1303,510,1325,3,0
1303,511,1325,3,0
1303,512,1325,3,0
1303,513,1325,3,0
1305,513,1283,0,3
1312,513,1290,0,3
1303,514,1325,3,0
1305,514,1283,0,3
1306,514,1328,3,0
1311,514,1289,0,3
1312,514,1290,0,3
1303,515,1325,3,0
1305,515,1283,0,3
1306,515,1328,3,0
1311,515,1289,0,3
1312,515,1290,0,3
1303,516,1325,3,0
1305,516,1283,0,3
1306,516,1328,3,0
1311,516,1289,0,3
1312,516,1290,0,3
1303,517,1325,3,0
1305,517,1283,0,3
1306,517,1328,3,0
1311,517,1289,0,3
1312,517,1290,0,3
1303,518,1325,3,0
1305,518,1283,0,3
1306,518,1328,3,0
1311,518,1289,0,3
1312,518,1290,0,3
1303,519,1325,3,0
1305,519,1283,0,3
1311,519,1289,0,3
1312,519,1290,0,3
1303,520,1325,3,0
1312,520,1290,0,3
1303,521,1325,3,0
1303,523,1325,3,0
1315,523,1293,0,3
1301,524,1323,3,0
1303,524,1325,3,0
1315,524,1293,0,3
1301,525,1323,3,0
1303,525,1325,3,0
1315,525,1293,0,3
1317,525,1295,0,3
1301,526,1323,3,0
1303,526,1325,3,0
1315,526,1293,0,3
1317,526,1295,0,3
1318,526,1296,0,3
1301,527,1323,3,0
1303,527,1325,3,0
1315,527,1293,0,3
1317,527,1295,0,3
1318,527,1296,0,3
1323,528,1345,3,0
1325,528,1347,3,0
1336,528,1358,3,0
1337,528,1315,0,3
1339,528,1317,0,3
1340,528,1318,0,3
1323,529,1345,3,0
1325,529,1347,3,0
1336,529,1358,3,0
1337,529,1315,0,3
1339,529,1317,0,3
1323,530,1345,3,0
1325,530,1347,3,0
1336,530,1358,3,0
1337,530,1315,0,3
1323,531,1345,3,0
1325,531,1347,3,0
1336,531,1358,3,0
1337,531,1315,0,3
1325,532,1347,3,0
1336,532,1358,3,0
1325,533,1347,3,0
1336,533,1358,3,0
1325,534,1347,3,0
1336,534,1358,3,0
1325,535,1347,3,0
1327,535,1305,0,3
1334,535,1312,0,3
1336,535,1358,3,0
1325,536,1347,3,0
1327,536,1305,0,3
1328,536,1350,3,0
1333,536,1311,0,3
1334,536,1312,0,3
1336,536,1358,3,0
1325,537,1347,3,0
1327,537,1305,0,3
1328,537,1350,3,0
1333,537,1311,0,3
1334,537,1312,0,3
1336,537,1358,3,0
1325,538,1347,3,0
1327,538,1305,0,3
1328,538,1350,3,0
1333,538,1311,0,3
1334,538,1312,0,3
1336,538,1358,3,0
1325,539,1347,3,0
1327,539,1305,0,3
1328,539,1350,3,0
1333,539,1311,0,3
1334,539,1312,0,3
1336,539,1358,3,0
1325,540,1347,3,0
1327,540,1305,0,3
1328,540,1350,3,0
1333,540,1311,0,3
1334,540,1312,0,3
1336,540,1358,3,0
1325,541,1347,3,0
1327,541,1305,0,3
1333,541,1311,0,3
1334,541,1312,0,3
1336,541,1358,3,0
1325,542,1347,3,0
1334,542,1312,0,3
1336,542,1358,3,0
1325,543,1347,3,0
1336,543,1358,3,0
1336,544,1358,3,0
1325,545,1347,3,0
1336,545,1358,3,0
1337,545,1315,0,3
1323,546,1345,3,0
1325,546,1347,3,0
1336,546,1358,3,0
1337,546,1315,0,3
1323,547,1345,3,0
1325,547,1347,3,0
1336,547,1358,3,0
1337,547,1315,0,3
1339,547,1317,0,3
1323,548,1345,3,0
1325,548,1347,3,0
1336,548,1358,3,0
1337,548,1315,0,3
1339,548,1317,0,3
1340,548,1318,0,3
1323,549,1345,3,0
1325,549,1347,3,0
1336,549,1358,3,0
1337,549,1315,0,3
1339,549,1317,0,3
1340,549,1318,0,3
1344,550,1366,3,0
1345,550,1367,3,0
1347,550,1369,3,0
1358,550,1380,3,0
1359,550,1337,0,3
1361,550,1339,0,3
1362,550,1340,0,3
1344,551,1366,3,0
1345,551,1367,3,0
1347,551,1369,3,0
1358,551,1380,3,0
1359,551,1337,0,3
1361,551,1339,0,3
1344,552,1366,3,0
1345,552,1367,3,0
1347,552,1369,3,0
1358,552,1380,3,0
1359,552,1337,0,3
1345,553,1367,3,0
1347,553,1369,3,0
1358,553,1380,3,0
1359,553,1337,0,3
1347,554,1369,3,0
1358,554,1380,3,0
1347,555,1369,3,0
1358,555,1380,3,0
1347,556,1369,3,0
1358,556,1380,3,0
1347,557,1369,3,0
1349,557,1327,0,3
1356,557,1334,0,3
1358,557,1380,3,0
1347,558,1369,3,0
1349,558,1327,0,3
1355,558,1333,0,3
1356,558,1334,0,3
1358,558,1380,3,0
1347,559,1369,3,0
1349,559,1327,0,3
1355,559,1333,0,3
1356,559,1334,0,3
1358,559,1380,3,0
1347,560,1369,3,0
1349,560,1327,0,3
1355,560,1333,0,3
1356,560,1334,0,3
1358,560,1380,3,0
1347,561,1369,3,0
1349,561,1327,0,3
1355,561,1333,0,3
1356,561,1334,0,3
1358,561,1380,3,0
1347,562,1369,3,0
1349,562,1327,0,3
1355,562,1333,0,3
1356,562,1334,0,3
1358,562,1380,3,0
1347,563,1369,3,0
1349,563,1327,0,3
1355,563,1333,0,3
1356,563,1334,0,3
1358,563,1380,3,0
1347,564,1369,3,0
1356,564,1334,0,3
1358,564,1380,3,0
1347,565,1369,3,0
1358,565,1380,3,0
1358,566,1380,3,0
1347,567,1369,3,0
1358,567,1380,3,0
1359,567,1337,0,3
1345,568,1367,3,0
1347,568,1369,3,0
1358,568,1380,3,0
1359,568,1337,0,3
1344,569,1366,3,0
1345,569,1367,3,0
1347,569,1369,3,0
1358,569,1380,3,0
1359,569,1337,0,3
1361,569,1339,0,3
1344,570,1366,3,0
1345,570,1367,3,0
1347,570,1369,3,0
1358,570,1380,3,0
1359,570,1337,0,3
1361,570,1339,0,3
1362,570,1340,0,3
1344,571,1366,3,0
1345,571,1367,3,0
1347,571,1369,3,0
1358,571,1380,3,0
1359,571,1337,0,3
1361,571,1339,0,3
1362,571,1340,0,3
1366,572,1388,3,0
1367,572,1389,3,0
1369,572,1391,3,0
1380,572,1402,3,0
1381,572,1359,0,3
1383,572,1361,0,3
1384,572,1362,0,3
1366,573,1388,3,0
1367,573,1389,3,0
1369,573,1391,3,0
1380,573,1402,3,0
1381,573,1359,0,3
1383,573,1361,0,3
1366,574,1388,3,0
1367,574,1389,3,0
1369,574,1391,3,0
1380,574,1402,3,0
1381,574,1359,0,3
1367,575,1389,3,0
1369,575,1391,3,0
1380,575,1402,3,0
1381,575,1359,0,3
1369,576,1391,3,0
1380,576,1402,3,0
1369,577,1391,3,0
1380,577,1402,3,0
1369,578,1391,3,0
1380,578,1402,3,0
1369,579,1391,3,0
1371,579,1349,0,3
1378,579,1356,0,3
1380,579,1402,3,0
1369,580,1391,3,0
1371,580,1349,0,3
1377,580,1355,0,3
1378,580,1356,0,3
1380,580,1402,3,0
1369,581,1391,3,0
1371,581,1349,0,3
1376,581,1398,3,0
1377,581,1355,0,3
1378,581,1356,0,3
1380,581,1402,3,0
1369,582,1391,3,0
1371,582,1349,0,3
1376,582,1398,3,0
1377,582,1355,0,3
1378,582,1356,0,3
1380,582,1402,3,0
1369,583,1391,3,0
1371,583,1349,0,3
1376,583,1398,3,0
1377,583,1355,0,3
1378,583,1356,0,3
1380,583,1402,3,0
1369,584,1391,3,0
1371,584,1349,0,3
1376,584,1398,3,0
1377,584,1355,0,3
1378,584,1356,0,3
1380,584,1402,3,0
1369,585,1391,3,0
1371,585,1349,0,3
1377,585,1355,0,3
1378,585,1356,0,3
1380,585,1402,3,0
1369,586,1391,3,0
1378,586,1356,0,3
1380,586,1402,3,0
1369,587,1391,3,0
1380,587,1402,3,0
1380,588,1402,3,0
1369,589,1391,3,0
1380,589,1402,3,0
1381,589,1359,0,3
1367,590,1389,3,0
1369,590,1391,3,0
1380,590,1402,3,0
1381,590,1359,0,3
1366,591,1388,3,0
1367,591,1389,3,0
1369,591,1391,3,0
1380,591,1402,3,0
1381,591,1359,0,3
1383,591,1361,0,3
1366,592,1388,3,0
1367,592,1389,3,0
1369,592,1391,3,0
1380,592,1402,3,0
1381,592,1359,0,3
1383,592,1361,0,3
1384,592,1362,0,3
1366,593,1388,3,0
1367,593,1389,3,0
1369,593,1391,3,0
1380,593,1402,3,0
1381,593,1359,0,3
1383,593,1361,0,3
1384,593,1362,0,3
1388,594,1410,3,0
1389,594,1411,3,0
1391,594,1413,3,0
1402,594,1424,3,0
1403,594,1381,0,3
1405,594,1383,0,3
1406,594,1384,0,3
1388,595,1410,3,0
1389,595,1411,3,0
1391,595,1413,3,0
1402,595,1424,3,0
1403,595,1381,0,3
1405,595,1383,0,3
1388,596,1410,3,0
1389,596,1411,3,0
1391,596,1413,3,0
1402,596,1424,3,0
1403,596,1381,0,3
1389,597,1411,3,0
1391,597,1413,3,0
1402,597,1424,3,0
1403,597,1381,0,3
1391,598,1413,3,0
1402,598,1424,3,0
1391,599,1413,3,0
1402,599,1424,3,0
1391,600,1413,3,0
1402,600,1424,3,0
1391,601,1413,3,0
1393,601,1371,0,3
1400,601,1378,0,3
1402,601,1424,3,0
1391,602,1413,3,0
1393,602,1371,0,3
1399,602,1377,0,3
1400,602,1378,0,3
1402,602,1424,3,0
1391,603,1413,3,0
1393,603,1371,0,3
1398,603,1420,3,0
1399,603,1377,0,3
1400,603,1378,0,3
1402,603,1424,3,0
1391,604,1413,3,0
1393,604,1371,0,3
1398,604,1420,3,0
1399,604,1377,0,3
1400,604,1378,0,3
1402,604,1424,3,0
1391,605,1413,3,0
1393,605,1371,0,3
1398,605,1420,3,0
1399,605,1377,0,3
1400,605,1378,0,3
1402,605,1424,3,0
1391,606,1413,3,0
1393,606,1371,0,3
1398,606,1420,3,0
1399,606,1377,0,3
1400,606,1378,0,3
1402,606,1424,3,0
1391,607,1413,3,0
1393,607,1371,0,3
1399,607,1377,0,3
1400,607,1378,0,3
1402,607,1424,3,0
1391,608,1413,3,0
1400,608,1378,0,3
1402,608,1424,3,0
1391,609,1413,3,0
1402,609,1424,3,0
1402,610,1424,3,0
1391,611,1413,3,0
1402,611,1424,3,0
1403,611,1381,0,3
1389,612,1411,3,0
1391,612,1413,3,0
1402,612,1424,3,0
1403,612,1381,0,3
1388,613,1410,3,0
1389,613,1411,3,0
1391,613,1413,3,0
1402,613,1424,3,0
1403,613,1381,0,3
1405,613,1383,0,3
1388,614,1410,3,0
1389,614,1411,3,0
1391,614,1413,3,0
1402,614,1424,3,0
1403,614,1381,0,3
1405,614,1383,0,3
1406,614,1384,0,3
1388,615,1410,3,0
1389,615,1411,3,0
1391,615,1413,3,0
1402,615,1424,3,0
1403,615,1381,0,3
1405,615,1383,0,3
1406,615,1384,0,3
1409,616,1387,0,3
1411,616,1433,3,0
1413,616,1435,3,0
1424,616,1446,3,0
1425,616,1403,0,3
1427,616,1405,0,3
1428,616,1406,0,3
1409,617,1387,0,3
1411,617,1433,3,0
1413,617,1435,3,0
1424,617,1446,3,0
1425,617,1403,0,3
1427,617,1405,0,3
1411,618,1433,3,0
1413,618,1435,3,0
1424,618,1446,3,0
1425,618,1403,0,3
1411,619,1433,3,0
1413,619,1435,3,0
1424,619,1446,3,0
1425,619,1403,0,3
1413,620,1435,3,0
1424,620,1446,3,0
1413,621,1435,3,0
1424,621,1446,3,0
1413,622,1435,3,0
1424,622,1446,3,0
1413,623,1435,3,0
1415,623,1393,0,3
1422,623,1400,0,3
1424,623,1446,3,0
1413,624,1435,3,0
1415,624,1393,0,3
1421,624,1399,0,3
1422,624,1400,0,3
1424,624,1446,3,0
1413,625,1435,3,0
1415,625,1393,0,3
1420,625,1442,3,0
1421,625,1399,0,3
1422,625,1400,0,3
1424,625,1446,3,0
1413,626,1435,3,0
1415,626,1393,0,3
1418,626,1440,3,0
1420,626,1442,3,0
1421,626,1399,0,3
1422,626,1400,0,3
1424,626,1446,3,0
1413,627,1435,3,0
1415,627,1393,0,3
1420,627,1442,3,0
1421,627,1399,0,3
1422,627,1400,0,3
1424,627,1446,3,0
1413,628,1435,3,0
1415,628,1393,0,3
1420,628,1442,3,0
1421,628,1399,0,3
1422,628,1400,0,3
1424,628,1446,3,0
1413,629,1435,3,0
1415,629,1393,0,3
1421,629,1399,0,3
1422,629,1400,0,3
1424,629,1446,3,0
1413,630,1435,3,0
1422,630,1400,0,3
1424,630,1446,3,0
1413,631,1435,3,0
1424,631,1446,3,0
1424,632,1446,3,0
1413,633,1435,3,0
1424,633,1446,3,0
1425,633,1403,0,3
1411,634,1433,3,0
1413,634,1435,3,0
1424,634,1446,3,0
1425,634,1403,0,3
1411,635,1433,3,0
1413,635,1435,3,0
1424,635,1446,3,0
1425,635,1403,0,3
1427,635,1405,0,3
1409,636,1387,0,3
1411,636,1433,3,0
1413,636,1435,3,0
1424,636,1446,3,0
1425,636,1403,0,3
1427,636,1405,0,3
1428,636,1406,0,3
1409,637,1387,0,3
1411,637,1433,3,0
1413,637,1435,3,0
1424,637,1446,3,0
1425,637,1403,0,3
1427,637,1405,0,3
1428,637,1406,0,3
1431,638,1409,0,3
1433,638,1455,3,0
1434,638,1456,3,0
1435,638,1457,3,0
1446,638,1468,3,0
1447,638,1425,0,3
1449,638,1427,0,3
1450,638,1428,0,3
1431,639,1409,0,3
1433,639,1455,3,0
1434,639,1456,3,0
1435,639,1457,3,0
1446,639,1468,3,0
1447,639,1425,0,3
1449,639,1427,0,3
1433,640,1455,3,0
1434,640,1456,3,0
1435,640,1457,3,0
1446,640,1468,3,0
1447,640,1425,0,3
1433,641,1455,3,0
1434,641,1456,3,0
1435,641,1457,3,0
1446,641,1468,3,0
1447,641,1425,0,3
1434,642,1456,3,0
1435,642,1457,3,0
1446,642,1468,3,0
1435,643,1457,3,0
1446,643,1468,3,0
1435,644,1457,3,0
1446,644,1468,3,0
1435,645,1457,3,0
1437,645,1415,0,3
1444,645,1422,0,3
1446,645,1468,3,0
1435,646,1457,3,0
1437,646,1415,0,3
1443,646,1421,0,3
1444,646,1422,0,3
1446,646,1468,3,0
1435,647,1457,3,0
1437,647,1415,0,3
1442,647,1464,3,0
1443,647,1421,0,3
1444,647,1422,0,3
1446,647,1468,3,0
1435,648,1457,3,0
1437,648,1415,0,3
1440,648,1462,3,0
1442,648,1464,3,0
1443,648,1421,0,3
1444,648,1422,0,3
1446,648,1468,3,0
1435,649,1457,3,0
1437,649,1415,0,3
1442,649,1464,3,0
1443,649,1421,0,3
1444,649,1422,0,3
1446,649,1468,3,0
1435,650,1457,3,0
1437,650,1415,0,3
1442,650,1464,3,0
1443,650,1421,0,3
1444,650,1422,0,3
1446,650,1468,3,0
1435,651,1457,3,0
1437,651,1415,0,3
1443,651,1421,0,3
1444,651,1422,0,3
1446,651,1468,3,0
1435,652,1457,3,0
1444,652,1422,0,3
1446,652,1468,3,0
1435,653,1457,3,0
1446,653,1468,3,0
1446,654,1468,3,0
1434,655,1456,3,0
1435,655,1457,3,0
1446,655,1468,3,0
1447,655,1425,0,3
1433,656,1455,3,0
1434,656,1456,3,0
1435,656,1457,3,0
1446,656,1468,3,0
1447,656,1425,0,3
1433,657,1455,3,0
1434,657,1456,3,0
1435,657,1457,3,0
1446,657,1468,3,0
1447,657,1425,0,3
1449,657,1427,0,3
1431,658,1409,0,3
1433,658,1455,3,0
1434,658,1456,3,0
1435,658,1457,3,0
1446,658,1468,3,0
1447,658,1425,0,3
1449,658,1427,0,3
1450,658,1428,0,3
1431,659,1409,0,3
1433,659,1455,3,0
1434,659,1456,3,0
1435,659,1457,3,0
1446,659,1468,3,0
1447,659,1425,0,3
1449,659,1427,0,3
1450,659,1428,0,3
1453,660,1431,0,3
1455,660,1477,3,0
1456,660,1478,3,0
1457,660,1479,3,0
1468,660,1446,0,3
1471,660,1449,0,3
1472,660,1450,0,3
1453,661,1431,0,3
1455,661,1477,3,0
1456,661,1478,3,0
1457,661,1479,3,0
1468,661,1446,0,3
1471,661,1449,0,3
1455,662,1477,3,0
1456,662,1478,3,0
1457,662,1479,3,0
1468,662,1446,0,3
1455,663,1477,3,0
1456,663,1478,3,0
1457,663,1479,3,0
1468,663,1446,0,3
1456,664,1478,3,0
1457,664,1479,3,0
1468,664,1446,0,3
1457,665,1479,3,0
1468,665,1446,0,3
1457,666,1479,3,0
1468,666,1446,0,3
1457,667,1479,3,0
1459,667,1437,0,3
1466,667,1444,0,3
1468,667,1446,0,3
1457,668,1479,3,0
1459,668,1437,0,3
1465,668,1443,0,3
1466,668,1444,0,3
1468,668,1446,0,3
1457,669,1479,3,0
1459,669,1437,0,3
1465,669,1443,0,3
1466,669,1444,0,3
1468,669,1446,0,3
1457,670,1479,3,0
1459,670,1437,0,3
1465,670,1443,0,3
1466,670,1444,0,3
1468,670,1446,0,3
1457,671,1479,3,0
1459,671,1437,0,3
1465,671,1443,0,3
1466,671,1444,0,3
1468,671,1446,0,3
1457,672,1479,3,0
1459,672,1437,0,3
1465,672,1443,0,3
1466,672,1444,0,3
1468,672,1446,0,3
1457,673,1479,3,0
1459,673,1437,0,3
1465,673,1443,0,3
1466,673,1444,0,3
1468,673,1446,0,3
1457,674,1479,3,0
1466,674,1444,0,3
1468,674,1446,0,3
1457,675,1479,3,0
1468,675,1446,0,3
1468,676,1446,0,3
1456,677,1478,3,0
1457,677,1479,3,0
1468,677,1446,0,3
1455,678,1477,3,0
1456,678,1478,3,0
1457,678,1479,3,0
1468,678,1446,0,3
1455,679,1477,3,0
1456,679,1478,3,0
1457,679,1479,3,0
1468,679,1446,0,3
1471,679,1449,0,3
1453,680,1431,0,3
1455,680,1477,3,0
1456,680,1478,3,0
1457,680,1479,3,0
1468,680,1446,0,3
1471,680,1449,0,3
1472,680,1450,0,3
1453,681,1431,0,3
1455,681,1477,3,0
1456,681,1478,3,0
1457,681,1479,3,0
1468,681,1446,0,3
1471,681,1449,0,3
1472,681,1450,0,3
1475,682,1453,0,3
1476,682,1498,3,0
1477,682,1499,3,0
1479,682,1501,3,0
1490,682,1468,0,3
1493,682,1471,0,3
1494,682,1472,0,3
1475,683,1453,0,3
1476,683,1498,3,0
1477,683,1499,3,0
1479,683,1501,3,0
1490,683,1468,0,3
1493,683,1471,0,3
1476,684,1498,3,0
1477,684,1499,3,0
1479,684,1501,3,0
1490,684,1468,0,3
1477,685,1499,3,0
1479,685,1501,3,0
1490,685,1468,0,3
1479,686,1501,3,0
1490,686,1468,0,3
1479,687,1501,3,0
1490,687,1468,0,3
1479,688,1501,3,0
1490,688,1468,0,3
1479,689,1501,3,0
1488,689,1466,0,3
1490,689,1468,0,3
1479,690,1501,3,0
1487,690,1465,0,3
1488,690,1466,0,3
1490,690,1468,0,3
1479,691,1501,3,0
1487,691,1465,0,3
1488,691,1466,0,3
1490,691,1468,0,3
1479,692,1501,3,0
1487,692,1465,0,3
1488,692,1466,0,3
1490,692,1468,0,3
1479,693,1501,3,0
1487,693,1465,0,3
1488,693,1466,0,3
1490,693,1468,0,3
1479,694,1501,3,0
1487,694,1465,0,3
1488,694,1466,0,3
1490,694,1468,0,3
1479,695,1501,3,0
1487,695,1465,0,3
1488,695,1466,0,3
1490,695,1468,0,3
1479,696,1501,3,0
1488,696,1466,0,3
1490,696,1468,0,3
1479,697,1501,3,0
1490,697,1468,0,3
1490,698,1468,0,3
1479,699,1501,3,0
1490,699,1468,0,3
1477,700,1499,3,0
1479,700,1501,3,0
1490,700,1468,0,3
1476,701,1498,3,0
1477,701,1499,3,0
1479,701,1501,3,0
1490,701,1468,0,3
1493,701,1471,0,3
1475,702,1453,0,3
1476,702,1498,3,0
1477,702,1499,3,0
1479,702,1501,3,0
1490,702,1468,0,3
1493,702,1471,0,3
1494,702,1472,0,3
1475,703,1453,0,3
1476,703,1498,3,0
1477,703,1499,3,0
1479,703,1501,3,0
1490,703,1468,0,3
1493,703,1471,0,3
1494,703,1472,0,3
1512,704,1490,0,3
1515,704,1493,0,3
1516,704,1494,0,3
1512,705,1490,0,3
1515,705,1493,0,3
1512,706,1490,0,3
1512,707,1490,0,3
1512,708,1490,0,3
1512,709,1490,0,3
1512,710,1490,0,3
1510,711,1488,0,3
1512,711,1490,0,3
1509,712,1487,0,3
1510,712,1488,0,3
1512,712,1490,0,3
1509,713,1487,0,3
1510,713,1488,0,3
1512,713,1490,0,3
1506,714,1528,3,0
1507,714,1529,3,0
1509,714,1487,0,3
1510,714,1488,0,3
1512,714,1490,0,3
1507,715,1529,3,0
1509,715,1487,0,3
1510,715,1488,0,3
1512,715,1490,0,3
1509,716,1487,0,3
1510,716,1488,0,3
1512,716,1490,0,3
1509,717,1487,0,3
1510,717,1488,0,3
1512,717,1490,0,3
1510,718,1488,0,3
1512,718,1490,0,3
1512,719,1490,0,3
1512,720,1490,0,3
1512,721,1490,0,3
1512,722,1490,0,3
1512,723,1490,0,3
1515,723,1493,0,3
1512,724,1490,0,3
1515,724,1493,0,3
1516,724,1494,0,3
1512,725,1490,0,3
1515,725,1493,0,3
1516,725,1494,0,3
1519,726,1497,0,3
1521,726,1543,3,0
1523,726,1545,3,0
1535,726,1513,0,3
1536,726,1558,3,0
1538,726,1516,0,3
1519,727,1497,0,3
1521,727,1543,3,0
1523,727,1545,3,0
1535,727,1513,0,3
1536,727,1558,3,0
1521,728,1543,3,0
1523,728,1545,3,0
1535,728,1513,0,3
1536,728,1558,3,0
1521,729,1543,3,0
1523,729,1545,3,0
1535,729,1513,0,3
1523,730,1545,3,0
1523,731,1545,3,0
1523,732,1545,3,0
1523,733,1545,3,0
1523,734,1545,3,0
1526,734,1504,0,3
1523,735,1545,3,0
1526,735,1504,0,3
1527,735,1549,3,0
1530,735,1508,0,3
1523,736,1545,3,0
1526,736,1504,0,3
1527,736,1549,3,0
1529,736,1551,3,0
1530,736,1508,0,3
1523,737,1545,3,0
1526,737,1504,0,3
1527,737,1549,3,0
1529,737,1551,3,0
1530,737,1508,0,3
1523,738,1545,3,0
1526,738,1504,0,3
1530,738,1508,0,3
1523,739,1545,3,0
1523,740,1545,3,0
1523,741,1545,3,0
1523,743,1545,3,0
1535,743,1513,0,3
1521,744,1543,3,0
1523,744,1545,3,0
1535,744,1513,0,3
1536,744,1558,3,0
1521,745,1543,3,0
1523,745,1545,3,0
1535,745,1513,0,3
1536,745,1558,3,0
1519,746,1497,0,3
1521,746,1543,3,0
1523,746,1545,3,0
1535,746,1513,0,3
1536,746,1558,3,0
1538,746,1516,0,3
1519,747,1497,0,3
1521,747,1543,3,0
1523,747,1545,3,0
1535,747,1513,0,3
1536,747,1558,3,0
1538,747,1516,0,3
1539,747,1561,3,0
1540,748,1562,2,0
1543,748,1565,3,0
1545,748,1567,3,0
1557,748,1535,0,3
1558,748,1580,3,0
1560,748,1538,0,3
1543,749,1565,3,0
1545,749,1567,3,0
1557,749,1535,0,3
1558,749,1580,3,0
1543,750,1565,3,0
1545,750,1567,3,0
1557,750,1535,0,3
1558,750,1580,3,0
1543,751,1565,3,0
1545,751,1567,3,0
1557,751,1535,0,3
1545,752,1567,3,0
1545,753,1567,3,0
1545,754,1567,3,0
1555,754,1533,0,3
1545,755,1567,3,0
1555,755,1533,0,3
1545,756,1567,3,0
1548,756,1526,0,3
1555,756,1533,0,3
1545,757,1567,3,0
1548,757,1526,0,3
1555,757,1533,0,3
1545,758,1567,3,0
1548,758,1526,0,3
1551,758,1573,3,0
1555,758,1533,0,3
1545,759,1567,3,0
1548,759,1526,0,3
1551,759,1573,3,0
1555,759,1533,0,3
1545,760,1567,3,0
1548,760,1526,0,3
1555,760,1533,0,3
1545,761,1567,3,0
1555,761,1533,0,3
1545,762,1567,3,0
1555,762,1533,0,3
1545,763,1567,3,0
1555,763,1533,0,3
1545,765,1567,3,0
1557,765,1535,0,3
1543,766,1565,3,0
1545,766,1567,3,0
1557,766,1535,0,3
1558,766,1580,3,0
1543,767,1565,3,0
1545,767,1567,3,0
1557,767,1535,0,3
1558,767,1580,3,0
1543,768,1565,3,0
1545,768,1567,3,0
1557,768,1535,0,3
1558,768,1580,3,0
1560,768,1538,0,3
1540,769,1562,2,0
1543,769,1565,3,0
1545,769,1567,3,0
1557,769,1535,0,3
1558,769,1580,3,0
1560,769,1538,0,3
1561,769,1583,3,0
1579,770,1557,0,3
1580,770,18,3,3
1582,770,1560,0,3
1579,771,1557,0,3
1580,771,18,3,3
1579,772,1557,0,3
1580,772,18,3,3
1579,773,1557,0,3
1577,776,1555,0,3
1576,777,1554,0,3
1577,777,1555,0,3
1576,778,1554,0,3
1577,778,1555,0,3
1576,779,1554,0,3
1577,779,1555,0,3
1573,780,11,3,3
1576,780,1554,0,3
1577,780,1555,0,3
1573,781,11,3,3
1576,781,1554,0,3
1577,781,1555,0,3
1576,782,1554,0,3
1577,782,1555,0,3
1576,783,1554,0,3
1577,783,1555,0,3
1576,784,1554,0,3
1577,784,1555,0,3
1577,785,1555,0,3
1579,787,1557,0,3
1579,788,1557,0,3
1580,788,18,3,3
1579,789,1557,0,3
1580,789,18,3,3
1579,790,1557,0,3
1580,790,18,3,3
1582,790,1560,0,3
1579,791,1557,0,3
1580,791,18,3,3
1582,791,1560,0,3
17,792,1579,3,3
20,792,1582,3,3
17,793,1579,3,3
17,794,1579,3,3
17,795,1579,3,3
15,798,1577,3,3
14,799,1576,3,3
15,799,1577,3,3
14,800,1576,3,3
15,800,1577,3,3
12,801,1574,3,3
14,801,1576,3,3
15,801,1577,3,3
11,802,33,2,0
12,802,1574,3,3
14,802,1576,3,3
15,802,1577,3,3
11,803,33,2,0
12,803,1574,3,3
14,803,1576,3,3
15,803,1577,3,3
12,804,1574,3,3
14,804,1576,3,3
15,804,1577,3,3
14,805,1576,3,3
15,805,1577,3,3
14,806,1576,3,3
15,806,1577,3,3
15,807,1577,3,3
17,809,1579,3,3
17,810,1579,3,3
17,811,1579,3,3
17,812,1579,3,3
20,812,1582,3,3
17,813,1579,3,3
20,813,1582,3,3
27,814,5,0,2
39,814,17,0,2
42,814,20,0,2
27,815,5,0,2
39,815,17,0,2
27,816,5,0,2
39,816,17,0,2
27,817,5,0,2
39,817,17,0,2
27,818,5,0,2
27,819,5,0,2
27,820,5,0,2
37,820,15,0,2
27,821,5,0,2
36,821,14,0,2
37,821,15,0,2
27,822,5,0,2
36,822,14,0,2
37,822,15,0,2
27,823,5,0,2
34,823,12,0,2
36,823,14,0,2
37,823,15,0,2
27,824,5,0,2
33,824,55,3,0
34,824,12,0,2
36,824,14,0,2
37,824,15,0,2
27,825,5,0,2
33,825,55,3,0
34,825,12,0,2
36,825,14,0,2
37,825,15,0,2
27,826,5,0,2
34,826,12,0,2
36,826,14,0,2
37,826,15,0,2
27,827,5,0,2
36,827,14,0,2
37,827,15,0,2
27,828,5,0,2
36,828,14,0,2
37,828,15,0,2
27,829,5,0,2
37,829,15,0,2
27,831,5,0,2
39,831,17,0,2
27,832,5,0,2
39,832,17,0,2
27,833,5,0,2
39,833,17,0,2
27,834,5,0,2
39,834,17,0,2
42,834,20,0,2
27,835,5,0,2
39,835,17,0,2
42,835,20,0,2
61,836,39,0,3
63,836,41,0,3
64,836,42,0,3
61,837,39,0,3
63,837,41,0,3
61,838,39,0,3
61,839,39,0,3
59,842,37,0,3
58,843,36,0,3
59,843,37,0,3
58,844,36,0,3
59,844,37,0,3
56,845,34,0,3
58,845,36,0,3
59,845,37,0,3
56,846,34,0,3
58,846,36,0,3
59,846,37,0,3
56,847,34,0,3
58,847,36,0,3
59,847,37,0,3
56,848,34,0,3
58,848,36,0,3
59,848,37,0,3
58,849,36,0,3
59,849,37,0,3
58,850,36,0,3
59,850,37,0,3
59,851,37,0,3
61,853,39,0,3
61,854,39,0,3
61,855,39,0,3
63,855,41,0,3
61,856,39,0,3
63,856,41,0,3
64,856,42,0,3
61,857,39,0,3
63,857,41,0,3
64,857,42,0,3
65,857,87,3,0
68,858,46,0,3
71,858,93,3,0
83,858,61,0,3
85,858,63,0,3
68,859,46,0,3
71,859,93,3,0
83,859,61,0,3
85,859,63,0,3
68,860,46,0,3
71,860,93,3,0
83,860,61,0,3
71,861,93,3,0
83,861,61,0,3
71,862,93,3,0
71,863,93,3,0
71,864,93,3,0
81,864,59,0,3
71,865,93,3,0
80,865,58,0,3
81,865,59,0,3
71,866,93,3,0
80,866,58,0,3
81,866,59,0,3
71,867,93,3,0
75,867,53,0,3
78,867,56,0,3
80,867,58,0,3
81,867,59,0,3
71,868,93,3,0
75,868,53,0,3
78,868,56,0,3
80,868,58,0,3
81,868,59,0,3
71,869,93,3,0
75,869,53,0,3
78,869,56,0,3
80,869,58,0,3
81,869,59,0,3
71,870,93,3,0
78,870,56,0,3
80,870,58,0,3
81,870,59,0,3
71,871,93,3,0
80,871,58,0,3
81,871,59,0,3
71,872,93,3,0
80,872,58,0,3
81,872,59,0,3
71,873,93,3,0
81,873,59,0,3
71,875,93,3,0
83,875,61,0,3
71,876,93,3,0
83,876,61,0,3
68,877,46,0,3
71,877,93,3,0
83,877,61,0,3
85,877,63,0,3
68,878,46,0,3
71,878,93,3,0
83,878,61,0,3
85,878,63,0,3
68,879,46,0,3
71,879,93,3,0
83,879,61,0,3
85,879,63,0,3
90,880,68,0,3
92,880,70,0,3
93,880,115,3,0
105,880,83,0,3
108,880,86,0,3
90,881,68,0,3
92,881,70,0,3
93,881,115,3,0
105,881,83,0,3
90,882,68,0,3
92,882,70,0,3
93,882,115,3,0
105,882,83,0,3
92,883,70,0,3
93,883,115,3,0
105,883,83,0,3
92,884,70,0,3
93,884,115,3,0
93,885,115,3,0
93,886,115,3,0
103,886,81,0,3
93,887,115,3,0
102,887,80,0,3
103,887,81,0,3
93,888,115,3,0
102,888,80,0,3
103,888,81,0,3
93,889,115,3,0
97,889,75,0,3
100,889,78,0,3
102,889,80,0,3
103,889,81,0,3
93,890,115,3,0
97,890,75,0,3
100,890,78,0,3
102,890,80,0,3
103,890,81,0,3
93,891,115,3,0
97,891,75,0,3
100,891,78,0,3
102,891,80,0,3
103,891,81,0,3
93,892,115,3,0
100,892,78,0,3
102,892,80,0,3
103,892,81,0,3
93,893,115,3,0
102,893,80,0,3
103,893,81,0,3
93,894,115,3,0
102,894,80,0,3
103,894,81,0,3
93,895,115,3,0
103,895,81,0,3
92,897,70,0,3
93,897,115,3,0
105,897,83,0,3
92,898,70,0,3
93,898,115,3,0
105,898,83,0,3
90,899,68,0,3
92,899,70,0,3
93,899,115,3,0
105,899,83,0,3
90,900,68,0,3
92,900,70,0,3
93,900,115,3,0
105,900,83,0,3
108,900,86,0,3
90,901,68,0,3
92,901,70,0,3
93,901,115,3,0
105,901,83,0,3
108,901,86,0,3
112,902,90,0,3
114,902,92,0,3
115,902,137,3,0
129,902,151,3,0
130,902,108,0,3
112,903,90,0,3
114,903,92,0,3
115,903,137,3,0
129,903,151,3,0
112,904,90,0,3
114,904,92,0,3
115,904,137,3,0
114,905,92,0,3
115,905,137,3,0
114,906,92,0,3
115,906,137,3,0
115,907,137,3,0
115,908,137,3,0
125,908,103,0,3
115,909,137,3,0
124,909,102,0,3
125,909,103,0,3
115,910,137,3,0
124,910,102,0,3
125,910,103,0,3
115,911,137,3,0
124,911,102,0,3
125,911,103,0,3
115,912,137,3,0
121,912,143,3,0
124,912,102,0,3
125,912,103,0,3
115,913,137,3,0
121,913,143,3,0
124,913,102,0,3
125,913,103,0,3
115,914,137,3,0
124,914,102,0,3
125,914,103,0,3
115,915,137,3,0
124,915,102,0,3
125,915,103,0,3
115,916,137,3,0
124,916,102,0,3
125,916,103,0,3
115,917,137,3,0
125,917,103,0,3
114,919,92,0,3
115,919,137,3,0
114,920,92,0,3
115,920,137,3,0
112,921,90,0,3
114,921,92,0,3
115,921,137,3,0
129,921,151,3,0
112,922,90,0,3
114,922,92,0,3
115,922,137,3,0
129,922,151,3,0
130,922,108,0,3
112,923,90,0,3
114,923,92,0,3
115,923,137,3,0
129,923,151,3,0
130,923,108,0,3
136,924,114,0,3
137,924,159,3,0
151,924,173,3,0
136,925,114,0,3
137,925,159,3,0
151,925,173,3,0
136,926,114,0,3
137,926,159,3,0
136,927,114,0,3
137,927,159,3,0
136,928,114,0,3
137,928,159,3,0
137,929,159,3,0
137,930,159,3,0
138,930,116,0,3
147,930,125,0,3
137,931,159,3,0
138,931,116,0,3
146,931,124,0,3
147,931,125,0,3
137,932,159,3,0
138,932,116,0,3
146,932,124,0,3
147,932,125,0,3
137,933,159,3,0
138,933,116,0,3
146,933,124,0,3
147,933,125,0,3
137,934,159,3,0
138,934,116,0,3
146,934,124,0,3
147,934,125,0,3
137,935,159,3,0
138,935,116,0,3
146,935,124,0,3
147,935,125,0,3
137,936,159,3,0
138,936,116,0,3
146,936,124,0,3
147,936,125,0,3
137,937,159,3,0
138,937,116,0,3
146,937,124,0,3
147,937,125,0,3
137,938,159,3,0
138,938,116,0,3
146,938,124,0,3
147,938,125,0,3
137,939,159,3,0
147,939,125,0,3
136,941,114,0,3
137,941,159,3,0
136,942,114,0,3
137,942,159,3,0
136,943,114,0,3
137,943,159,3,0
151,943,173,3,0
136,944,114,0,3
137,944,159,3,0
151,944,173,3,0
136,945,114,0,3
137,945,159,3,0
151,945,173,3,0
173,946,195,3,0
173,947,195,3,0
160,952,138,0,3
160,953,138,0,3
168,953,190,3,0
160,954,138,0,3
167,954,189,3,0
168,954,190,3,0
160,955,138,0,3
167,955,189,3,0
168,955,190,3,0
160,956,138,0,3
167,956,189,3,0
168,956,190,3,0
160,957,138,0,3
167,957,189,3,0
168,957,190,3,0
160,958,138,0,3
167,958,189,3,0
168,958,190,3,0
160,959,138,0,3
167,959,189,3,0
168,959,190,3,0
160,960,138,0,3
168,960,190,3,0
173,965,195,3,0
173,966,195,3,0
173,967,195,3,0
195,968,217,3,0
196,968,174,0,3
195,969,217,3,0
182,974,160,0,3
182,975,160,0,3
190,975,212,3,0
182,976,160,0,3
189,976,211,3,0
190,976,212,3,0
182,977,160,0,3
189,977,211,3,0
190,977,212,3,0
182,978,160,0,3
189,978,211,3,0
190,978,212,3,0
182,979,160,0,3
189,979,211,3,0
190,979,212,3,0
182,980,160,0,3
189,980,211,3,0
190,980,212,3,0
182,981,160,0,3
189,981,211,3,0
190,981,212,3,0
182,982,160,0,3
190,982,212,3,0
195,987,217,3,0
195,988,217,3,0
196,988,174,0,3
195,989,217,3,0
196,989,174,0,3
203,990,181,0,3
217,990,239,3,0
218,990,196,0,3
203,991,181,0,3
217,991,239,3,0
203,992,181,0,3
203,993,181,0,3
203,994,181,0,3
203,995,181,0,3
203,996,181,0,3
204,996,182,0,3
203,997,181,0,3
204,997,182,0,3
212,997,234,3,0
203,998,181,0,3
204,998,182,0,3
211,998,233,3,0
212,998,234,3,0
203,999,181,0,3
204,999,182,0,3
211,999,233,3,0
212,999,234,3,0
203,1000,181,0,3
204,1000,182,0,3
211,1000,233,3,0
212,1000,234,3,0
203,1001,181,0,3
204,1001,182,0,3
211,1001,233,3,0
212,1001,234,3,0
203,1002,181,0,3
204,1002,182,0,3
211,1002,233,3,0
212,1002,234,3,0
203,1003,181,0,3
204,1003,182,0,3
211,1003,233,3,0
212,1003,234,3,0
203,1004,181,0,3
204,1004,182,0,3
212,1004,234,3,0
203,1005,181,0,3
203,1007,181,0,3
203,1008,181,0,3
203,1009,181,0,3
217,1009,239,3,0
203,1010,181,0,3
217,1010,239,3,0
218,1010,196,0,3
203,1011,181,0,3
217,1011,239,3,0
218,1011,196,0,3
223,1012,201,0,3
225,1012,203,0,3
239,1012,261,3,0
223,1013,201,0,3
225,1013,203,0,3
239,1013,261,3,0
223,1014,201,0,3
225,1014,203,0,3
223,1015,201,0,3
225,1015,203,0,3
225,1016,203,0,3
225,1017,203,0,3
225,1018,203,0,3
226,1018,204,0,3
225,1019,203,0,3
226,1019,204,0,3
234,1019,256,3,0
225,1020,203,0,3
226,1020,204,0,3
233,1020,255,3,0
234,1020,256,3,0
225,1021,203,0,3
226,1021,204,0,3
233,1021,255,3,0
234,1021,256,3,0
225,1022,203,0,3
226,1022,204,0,3
230,1022,252,3,0
233,1022,255,3,0
234,1022,256,3,0
225,1023,203,0,3
226,1023,204,0,3
233,1023,255,3,0
234,1023,256,3,0
225,1024,203,0,3
226,1024,204,0,3
233,1024,255,3,0
234,1024,256,3,0
225,1025,203,0,3
226,1025,204,0,3
233,1025,255,3,0
234,1025,256,3,0
225,1026,203,0,3
226,1026,204,0,3
234,1026,256,3,0
225,1027,203,0,3
225,1029,203,0,3
223,1030,201,0,3
225,1030,203,0,3
223,1031,201,0,3
225,1031,203,0,3
239,1031,261,3,0
223,1032,201,0,3
225,1032,203,0,3
239,1032,261,3,0
223,1033,201,0,3
225,1033,203,0,3
239,1033,261,3,0
245,1034,223,0,3
247,1034,225,0,3
261,1034,283,3,0
245,1035,223,0,3
247,1035,225,0,3
261,1035,283,3,0
245,1036,223,0,3
247,1036,225,0,3
245,1037,223,0,3
247,1037,225,0,3
247,1038,225,0,3
247,1039,225,0,3
247,1040,225,0,3
248,1040,226,0,3
247,1041,225,0,3
248,1041,226,0,3
256,1041,278,3,0
247,1042,225,0,3
248,1042,226,0,3
255,1042,277,3,0
256,1042,278,3,0
247,1043,225,0,3
248,1043,226,0,3
255,1043,277,3,0
256,1043,278,3,0
247,1044,225,0,3
248,1044,226,0,3
255,1044,277,3,0
256,1044,278,3,0
247,1045,225,0,3
248,1045,226,0,3
255,1045,277,3,0
256,1045,278,3,0
247,1046,225,0,3
248,1046,226,0,3
255,1046,277,3,0
256,1046,278,3,0
247,1047,225,0,3
248,1047,226,0,3
255,1047,277,3,0
256,1047,278,3,0
247,1048,225,0,3
248,1048,226,0,3
256,1048,278,3,0
247,1049,225,0,3
247,1051,225,0,3
245,1052,223,0,3
247,1052,225,0,3
245,1053,223,0,3
247,1053,225,0,3
261,1053,283,3,0
245,1054,223,0,3
247,1054,225,0,3
261,1054,283,3,0
245,1055,223,0,3
247,1055,225,0,3
261,1055,283,3,0
267,1056,245,0,3
269,1056,247,0,3
283,1056,305,3,0
267,1057,245,0,3
269,1057,247,0,3
283,1057,305,3,0
267,1058,245,0,3
269,1058,247,0,3
267,1059,245,0,3
269,1059,247,0,3
269,1060,247,0,3
269,1061,247,0,3
269,1062,247,0,3
270,1062,248,0,3
269,1063,247,0,3
270,1063,248,0,3
271,1063,293,3,0
278,1063,300,3,0
269,1064,247,0,3
270,1064,248,0,3
271,1064,293,3,0
277,1064,299,3,0
278,1064,300,3,0
269,1065,247,0,3
270,1065,248,0,3
271,1065,293,3,0
277,1065,299,3,0
278,1065,300,3,0
269,1066,247,0,3
270,1066,248,0,3
271,1066,293,3,0
277,1066,299,3,0
278,1066,300,3,0
269,1067,247,0,3
270,1067,248,0,3
271,1067,293,3,0
277,1067,299,3,0
278,1067,300,3,0
269,1068,247,0,3
270,1068,248,0,3
271,1068,293,3,0
277,1068,299,3,0
278,1068,300,3,0
269,1069,247,0,3
270,1069,248,0,3
271,1069,293,3,0
277,1069,299,3,0
278,1069,300,3,0
269,1070,247,0,3
270,1070,248,0,3
278,1070,300,3,0
269,1071,247,0,3
269,1073,247,0,3
267,1074,245,0,3
269,1074,247,0,3
267,1075,245,0,3
269,1075,247,0,3
283,1075,305,3,0
267,1076,245,0,3
269,1076,247,0,3
283,1076,305,3,0
267,1077,245,0,3
269,1077,247,0,3
283,1077,305,3,0
289,1078,267,0,3
291,1078,269,0,3
303,1078,325,3,0
305,1078,327,3,0
289,1079,267,0,3
291,1079,269,0,3
303,1079,325,3,0
305,1079,327,3,0
289,1080,267,0,3
291,1080,269,0,3
303,1080,325,3,0
289,1081,267,0,3
291,1081,269,0,3
303,1081,325,3,0
291,1082,269,0,3
291,1083,269,0,3
291,1084,269,0,3
292,1084,270,0,3
291,1085,269,0,3
292,1085,270,0,3
293,1085,315,3,0
300,1085,322,3,0
291,1086,269,0,3
292,1086,270,0,3
293,1086,315,3,0
299,1086,321,3,0
300,1086,322,3,0
291,1087,269,0,3
292,1087,270,0,3
293,1087,315,3,0
299,1087,321,3,0
300,1087,322,3,0
291,1088,269,0,3
292,1088,270,0,3
293,1088,315,3,0
299,1088,321,3,0
300,1088,322,3,0
291,1089,269,0,3
292,1089,270,0,3
293,1089,315,3,0
299,1089,321,3,0
300,1089,322,3,0
291,1090,269,0,3
292,1090,270,0,3
293,1090,315,3,0
299,1090,321,3,0
300,1090,322,3,0
291,1091,269,0,3
292,1091,270,0,3
293,1091,315,3,0
299,1091,321,3,0
300,1091,322,3,0
291,1092,269,0,3
292,1092,270,0,3
300,1092,322,3,0
291,1093,269,0,3
291,1095,269,0,3
303,1095,325,3,0
289,1096,267,0,3
291,1096,269,0,3
303,1096,325,3,0
289,1097,267,0,3
291,1097,269,0,3
303,1097,325,3,0
305,1097,327,3,0
289,1098,267,0,3
291,1098,269,0,3
303,1098,325,3,0
305,1098,327,3,0
289,1099,267,0,3
291,1099,269,0,3
303,1099,325,3,0
305,1099,327,3,0
307,1099,285,0,3
311,1100,289,0,3
313,1100,291,0,3
325,1100,347,3,0
327,1100,349,3,0
328,1100,350,3,0
311,1101,289,0,3
313,1101,291,0,3
325,1101,347,3,0
327,1101,349,3,0
311,1102,289,0,3
313,1102,291,0,3
325,1102,347,3,0
311,1103,289,0,3
313,1103,291,0,3
325,1103,347,3,0
313,1104,291,0,3
313,1105,291,0,3
313,1106,291,0,3
314,1106,292,0,3
313,1107,291,0,3
314,1107,292,0,3
315,1107,337,3,0
322,1107,344,3,0
313,1108,291,0,3
314,1108,292,0,3
315,1108,337,3,0
316,1108,294,0,3
321,1108,343,3,0
322,1108,344,3,0
313,1109,291,0,3
314,1109,292,0,3
315,1109,337,3,0
316,1109,294,0,3
321,1109,343,3,0
322,1109,344,3,0
313,1110,291,0,3
314,1110,292,0,3
315,1110,337,3,0
316,1110,294,0,3
321,1110,343,3,0
322,1110,344,3,0
313,1111,291,0,3
314,1111,292,0,3
315,1111,337,3,0
316,1111,294,0,3
321,1111,343,3,0
322,1111,344,3,0
313,1112,291,0,3
314,1112,292,0,3
315,1112,337,3,0
316,1112,294,0,3
321,1112,343,3,0
322,1112,344,3,0
313,1113,291,0,3
314,1113,292,0,3
315,1113,337,3,0
321,1113,343,3,0
322,1113,344,3,0
313,1114,291,0,3
314,1114,292,0,3
322,1114,344,3,0
313,1115,291,0,3
313,1117,291,0,3
325,1117,347,3,0
311,1118,289,0,3
313,1118,291,0,3
325,1118,347,3,0
311,1119,289,0,3
313,1119,291,0,3
325,1119,347,3,0
327,1119,349,3,0
311,1120,289,0,3
313,1120,291,0,3
325,1120,347,3,0
327,1120,349,3,0
328,1120,350,3,0
311,1121,289,0,3
313,1121,291,0,3
325,1121,347,3,0
327,1121,349,3,0
328,1121,350,3,0
329,1121,307,0,3
334,1122,356,3,0
335,1122,313,0,3
347,1122,369,3,0
349,1122,371,3,0
350,1122,372,3,0
334,1123,356,3,0
335,1123,313,0,3
347,1123,369,3,0
349,1123,371,3,0
334,1124,356,3,0
335,1124,313,0,3
347,1124,369,3,0
334,1125,356,3,0
335,1125,313,0,3
347,1125,369,3,0
334,1126,356,3,0
335,1126,313,0,3
335,1127,313,0,3
335,1128,313,0,3
335,1129,313,0,3
337,1129,359,3,0
344,1129,366,3,0
335,1130,313,0,3
337,1130,359,3,0
338,1130,316,0,3
343,1130,365,3,0
344,1130,366,3,0
335,1131,313,0,3
337,1131,359,3,0
338,1131,316,0,3
343,1131,365,3,0
344,1131,366,3,0
335,1132,313,0,3
337,1132,359,3,0
338,1132,316,0,3
343,1132,365,3,0
344,1132,366,3,0
335,1133,313,0,3
337,1133,359,3,0
338,1133,316,0,3
343,1133,365,3,0
344,1133,366,3,0
335,1134,313,0,3
337,1134,359,3,0
338,1134,316,0,3
343,1134,365,3,0
344,1134,366,3,0
335,1135,313,0,3
337,1135,359,3,0
343,1135,365,3,0
344,1135,366,3,0
335,1136,313,0,3
344,1136,366,3,0
335,1137,313,0,3
334,1139,356,3,0
335,1139,313,0,3
347,1139,369,3,0
334,1140,356,3,0
335,1140,313,0,3
347,1140,369,3,0
334,1141,356,3,0
335,1141,313,0,3
347,1141,369,3,0
349,1141,371,3,0
334,1142,356,3,0
335,1142,313,0,3
347,1142,369,3,0
349,1142,371,3,0
350,1142,372,3,0
334,1143,356,3,0
335,1143,313,0,3
347,1143,369,3,0
349,1143,371,3,0
350,1143,372,3,0
351,1143,329,0,3
356,1144,378,3,0
357,1144,335,0,3
369,1144,391,3,0
371,1144,393,3,0
372,1144,394,3,0
356,1145,378,3,0
357,1145,335,0,3
369,1145,391,3,0
371,1145,393,3,0
356,1146,378,3,0
357,1146,335,0,3
369,1146,391,3,0
356,1147,378,3,0
357,1147,335,0,3
369,1147,391,3,0
356,1148,378,3,0
357,1148,335,0,3
357,1149,335,0,3
357,1150,335,0,3
357,1151,335,0,3
359,1151,381,3,0
366,1151,388,3,0
357,1152,335,0,3
359,1152,381,3,0
360,1152,338,0,3
365,1152,387,3,0
366,1152,388,3,0
357,1153,335,0,3
359,1153,381,3,0
360,1153,338,0,3
365,1153,387,3,0
366,1153,388,3,0
357,1154,335,0,3
359,1154,381,3,0
360,1154,338,0,3
365,1154,387,3,0
366,1154,388,3,0
357,1155,335,0,3
359,1155,381,3,0
360,1155,338,0,3
365,1155,387,3,0
366,1155,388,3,0
357,1156,335,0,3
359,1156,381,3,0
360,1156,338,0,3
365,1156,387,3,0
366,1156,388,3,0
357,1157,335,0,3
359,1157,381,3,0
365,1157,387,3,0
366,1157,388,3,0
357,1158,335,0,3
366,1158,388,3,0
357,1159,335,0,3
356,1161,378,3,0
357,1161,335,0,3
369,1161,391,3,0
356,1162,378,3,0
357,1162,335,0,3
369,1162,391,3,0
356,1163,378,3,0
357,1163,335,0,3
369,1163,391,3,0
371,1163,393,3,0
356,1164,378,3,0
357,1164,335,0,3
369,1164,391,3,0
371,1164,393,3,0
372,1164,394,3,0
356,1165,378,3,0
357,1165,335,0,3
369,1165,391,3,0
371,1165,393,3,0
372,1165,394,3,0
378,1166,400,3,0
379,1166,357,0,3
391,1166,413,3,0
393,1166,415,3,0
394,1166,416,3,0
378,1167,400,3,0
379,1167,357,0,3
391,1167,413,3,0
393,1167,415,3,0
378,1168,400,3,0
379,1168,357,0,3
391,1168,413,3,0
378,1169,400,3,0
379,1169,357,0,3
391,1169,413,3,0
378,1170,400,3,0
379,1170,357,0,3
379,1171,357,0,3
379,1172,357,0,3
379,1173,357,0,3
381,1173,403,3,0
388,1173,410,3,0
379,1174,357,0,3
381,1174,403,3,0
382,1174,360,0,3
387,1174,409,3,0
388,1174,410,3,0
379,1175,357,0,3
381,1175,403,3,0
382,1175,360,0,3
387,1175,409,3,0
388,1175,410,3,0
379,1176,357,0,3
381,1176,403,3,0
382,1176,360,0,3
387,1176,409,3,0
388,1176,410,3,0
379,1177,357,0,3
381,1177,403,3,0
382,1177,360,0,3
387,1177,409,3,0
388,1177,410,3,0
379,1178,357,0,3
381,1178,403,3,0
382,1178,360,0,3
387,1178,409,3,0
388,1178,410,3,0
379,1179,357,0,3
381,1179,403,3,0
387,1179,409,3,0
388,1179,410,3,0
379,1180,357,0,3
388,1180,410,3,0
379,1181,357,0,3
378,1183,400,3,0
379,1183,357,0,3
391,1183,413,3,0
378,1184,400,3,0
379,1184,357,0,3
391,1184,413,3,0
378,1185,400,3,0
379,1185,357,0,3
391,1185,413,3,0
393,1185,415,3,0
378,1186,400,3,0
379,1186,357,0,3
391,1186,413,3,0
393,1186,415,3,0
394,1186,416,3,0
378,1187,400,3,0
379,1187,357,0,3
391,1187,413,3,0
393,1187,415,3,0
394,1187,416,3,0
400,1188,422,3,0
401,1188,379,0,3
413,1188,435,3,0
415,1188,437,3,0
416,1188,438,3,0
400,1189,422,3,0
401,1189,379,0,3
413,1189,435,3,0
415,1189,437,3,0
400,1190,422,3,0
401,1190,379,0,3
413,1190,435,3,0
400,1191,422,3,0
401,1191,379,0,3
413,1191,435,3,0
400,1192,422,3,0
401,1192,379,0,3
401,1193,379,0,3
401,1194,379,0,3
402,1194,424,3,0
401,1195,379,0,3
402,1195,424,3,0
403,1195,425,3,0
410,1195,432,3,0
401,1196,379,0,3
402,1196,424,3,0
403,1196,425,3,0
404,1196,382,0,3
409,1196,431,3,0
410,1196,432,3,0
401,1197,379,0,3
402,1197,424,3,0
403,1197,425,3,0
404,1197,382,0,3
409,1197,431,3,0
410,1197,432,3,0
401,1198,379,0,3
402,1198,424,3,0
403,1198,425,3,0
404,1198,382,0,3
409,1198,431,3,0
410,1198,432,3,0
401,1199,379,0,3
402,1199,424,3,0
403,1199,425,3,0
404,1199,382,0,3
409,1199,431,3,0
410,1199,432,3,0
401,1200,379,0,3
402,1200,424,3,0
403,1200,425,3,0
404,1200,382,0,3
409,1200,431,3,0
410,1200,432,3,0
401,1201,379,0,3
402,1201,424,3,0
403,1201,425,3,0
409,1201,431,3,0
410,1201,432,3,0
401,1202,379,0,3
402,1202,424,3,0
410,1202,432,3,0
401,1203,379,0,3
400,1205,422,3,0
401,1205,379,0,3
413,1205,435,3,0
400,1206,422,3,0
401,1206,379,0,3
413,1206,435,3,0
400,1207,422,3,0
401,1207,379,0,3
413,1207,435,3,0
415,1207,437,3,0
400,1208,422,3,0
401,1208,379,0,3
413,1208,435,3,0
415,1208,437,3,0
416,1208,438,3,0
400,1209,422,3,0
401,1209,379,0,3
413,1209,435,3,0
415,1209,437,3,0
416,1209,438,3,0
423,1210,401,0,3
435,1210,457,3,0
437,1210,459,3,0
438,1210,460,3,0
423,1211,401,0,3
435,1211,457,3,0
437,1211,459,3,0
423,1212,401,0,3
435,1212,457,3,0
423,1213,401,0,3
435,1213,457,3,0
423,1214,401,0,3
423,1215,401,0,3
423,1216,401,0,3
423,1217,401,0,3
425,1217,447,3,0
432,1217,454,3,0
423,1218,401,0,3
425,1218,447,3,0
426,1218,404,0,3
431,1218,453,3,0
432,1218,454,3,0
423,1219,401,0,3
425,1219,447,3,0
426,1219,404,0,3
431,1219,453,3,0
432,1219,454,3,0
423,1220,401,0,3
425,1220,447,3,0
426,1220,404,0,3
431,1220,453,3,0
432,1220,454,3,0
423,1221,401,0,3
425,1221,447,3,0
426,1221,404,0,3
431,1221,453,3,0
432,1221,454,3,0
423,1222,401,0,3
425,1222,447,3,0
426,1222,404,0,3
431,1222,453,3,0
432,1222,454,3,0
423,1223,401,0,3
425,1223,447,3,0
431,1223,453,3,0
432,1223,454,3,0
423,1224,401,0,3
432,1224,454,3,0
423,1225,401,0,3
423,1227,401,0,3
435,1227,457,3,0
423,1228,401,0,3
435,1228,457,3,0
423,1229,401,0,3
435,1229,457,3,0
437,1229,459,3,0
423,1230,401,0,3
435,1230,457,3,0
437,1230,459,3,0
438,1230,460,3,0
423,1231,401,0,3
435,1231,457,3,0
437,1231,459,3,0
438,1231,460,3,0
444,1232,466,3,0
445,1232,423,0,3
457,1232,479,3,0
459,1232,481,3,0
460,1232,482,3,0
444,1233,466,3,0
445,1233,423,0,3
457,1233,479,3,0
459,1233,481,3,0
444,1234,466,3,0
445,1234,423,0,3
457,1234,479,3,0
444,1235,466,3,0
445,1235,423,0,3
457,1235,479,3,0
444,1236,466,3,0
445,1236,423,0,3
445,1237,423,0,3
445,1238,423,0,3
445,1239,423,0,3
447,1239,469,3,0
454,1239,476,3,0
445,1240,423,0,3
447,1240,469,3,0
448,1240,426,0,3
453,1240,475,3,0
454,1240,476,3,0
445,1241,423,0,3
447,1241,469,3,0
448,1241,426,0,3
453,1241,475,3,0
454,1241,476,3,0
445,1242,423,0,3
447,1242,469,3,0
448,1242,426,0,3
453,1242,475,3,0
454,1242,476,3,0
445,1243,423,0,3
447,1243,469,3,0
448,1243,426,0,3
453,1243,475,3,0
454,1243,476,3,0
445,1244,423,0,3
447,1244,469,3,0
448,1244,426,0,3
453,1244,475,3,0
454,1244,476,3,0
445,1245,423,0,3
447,1245,469,3,0
453,1245,475,3,0
454,1245,476,3,0
445,1246,423,0,3
454,1246,476,3,0
445,1247,423,0,3
444,1249,466,3,0
445,1249,423,0,3
457,1249,479,3,0
444,1250,466,3,0
445,1250,423,0,3
457,1250,479,3,0
444,1251,466,3,0
445,1251,423,0,3
457,1251,479,3,0
459,1251,481,3,0
444,1252,466,3,0
445,1252,423,0,3
457,1252,479,3,0
459,1252,481,3,0
460,1252,482,3,0
444,1253,466,3,0
445,1253,423,0,3
457,1253,479,3,0
459,1253,481,3,0
460,1253,482,3,0
466,1254,488,3,0
467,1254,445,0,3
479,1254,501,3,0
481,1254,503,3,0
482,1254,504,3,0
466,1255,488,3,0
467,1255,445,0,3
479,1255,501,3,0
481,1255,503,3,0
466,1256,488,3,0
467,1256,445,0,3
479,1256,501,3,0
466,1257,488,3,0
467,1257,445,0,3
479,1257,501,3,0
466,1258,488,3,0
467,1258,445,0,3
467,1259,445,0,3
467,1260,445,0,3
467,1261,445,0,3
469,1261,491,3,0
476,1261,498,3,0
467,1262,445,0,3
469,1262,491,3,0
470,1262,448,0,3
475,1262,497,3,0
476,1262,498,3,0
467,1263,445,0,3
469,1263,491,3,0
470,1263,448,0,3
475,1263,497,3,0
476,1263,498,3,0
467,1264,445,0,3
469,1264,491,3,0
470,1264,448,0,3
475,1264,497,3,0
476,1264,498,3,0
467,1265,445,0,3
469,1265,491,3,0
470,1265,448,0,3
475,1265,497,3,0
476,1265,498,3,0
467,1266,445,0,3
469,1266,491,3,0
470,1266,448,0,3
475,1266,497,3,0
476,1266,498,3,0
467,1267,445,0,3
469,1267,491,3,0
475,1267,497,3,0
476,1267,498,3,0
467,1268,445,0,3
476,1268,498,3,0
467,1269,445,0,3
466,1271,488,3,0
467,1271,445,0,3
479,1271,501,3,0
466,1272,488,3,0
467,1272,445,0,3
479,1272,501,3,0
466,1273,488,3,0
467,1273,445,0,3
479,1273,501,3,0
481,1273,503,3,0
466,1274,488,3,0
467,1274,445,0,3
479,1274,501,3,0
481,1274,503,3,0
482,1274,504,3,0
466,1275,488,3,0
467,1275,445,0,3
479,1275,501,3,0
481,1275,503,3,0
482,1275,504,3,0
489,1276,467,0,3
501,1276,523,3,0
503,1276,525,3,0
504,1276,526,3,0
489,1277,467,0,3
501,1277,523,3,0
503,1277,525,3,0
489,1278,467,0,3
501,1278,523,3,0
489,1279,467,0,3
501,1279,523,3,0
489,1280,467,0,3
489,1281,467,0,3
489,1282,467,0,3
489,1283,467,0,3
491,1283,513,3,0
498,1283,520,3,0
489,1284,467,0,3
491,1284,513,3,0
492,1284,470,0,3
497,1284,519,3,0
498,1284,520,3,0
489,1285,467,0,3
491,1285,513,3,0
492,1285,470,0,3
497,1285,519,3,0
498,1285,520,3,0
489,1286,467,0,3
491,1286,513,3,0
492,1286,470,0,3
497,1286,519,3,0
498,1286,520,3,0
489,1287,467,0,3
491,1287,513,3,0
492,1287,470,0,3
497,1287,519,3,0
498,1287,520,3,0
489,1288,467,0,3
491,1288,513,3,0
492,1288,470,0,3
497,1288,519,3,0
498,1288,520,3,0
489,1289,467,0,3
491,1289,513,3,0
497,1289,519,3,0
498,1289,520,3,0
489,1290,467,0,3
498,1290,520,3,0
489,1291,467,0,3
489,1293,467,0,3
501,1293,523,3,0
489,1294,467,0,3
501,1294,523,3,0
489,1295,467,0,3
501,1295,523,3,0
503,1295,525,3,0
489,1296,467,0,3
501,1296,523,3,0
503,1296,525,3,0
504,1296,526,3,0
489,1297,467,0,3
501,1297,523,3,0
503,1297,525,3,0
504,1297,526,3,0
509,1298,487,0,3
511,1298,489,0,3
523,1298,545,3,0
525,1298,547,3,0
526,1298,548,3,0
509,1299,487,0,3
511,1299,489,0,3
523,1299,545,3,0
525,1299,547,3,0
509,1300,487,0,3
511,1300,489,0,3
523,1300,545,3,0
509,1301,487,0,3
511,1301,489,0,3
523,1301,545,3,0
511,1302,489,0,3
511,1303,489,0,3
511,1304,489,0,3
511,1305,489,0,3
513,1305,535,3,0
520,1305,542,3,0
511,1306,489,0,3
513,1306,535,3,0
514,1306,492,0,3
519,1306,541,3,0
520,1306,542,3,0
511,1307,489,0,3
513,1307,535,3,0
514,1307,492,0,3
519,1307,541,3,0
520,1307,542,3,0
511,1308,489,0,3
513,1308,535,3,0
514,1308,492,0,3
519,1308,541,3,0
520,1308,542,3,0
511,1309,489,0,3
513,1309,535,3,0
514,1309,492,0,3
519,1309,541,3,0
520,1309,542,3,0
511,1310,489,0,3
513,1310,535,3,0
514,1310,492,0,3
519,1310,541,3,0
520,1310,542,3,0
511,1311,489,0,3
513,1311,535,3,0
519,1311,541,3,0
520,1311,542,3,0
511,1312,489,0,3
520,1312,542,3,0
511,1313,489,0,3
511,1315,489,0,3
523,1315,545,3,0
509,1316,487,0,3
511,1316,489,0,3
523,1316,545,3,0
509,1317,487,0,3
511,1317,489,0,3
523,1317,545,3,0
525,1317,547,3,0
509,1318,487,0,3
511,1318,489,0,3
523,1318,545,3,0
525,1318,547,3,0
526,1318,548,3,0
509,1319,487,0,3
511,1319,489,0,3
523,1319,545,3,0
525,1319,547,3,0
526,1319,548,3,0
531,1320,509,0,3
533,1320,511,0,3
544,1320,522,0,3
545,1320,567,3,0
547,1320,569,3,0
548,1320,570,3,0
531,1321,509,0,3
533,1321,511,0,3
544,1321,522,0,3
545,1321,567,3,0
547,1321,569,3,0
531,1322,509,0,3
533,1322,511,0,3
544,1322,522,0,3
545,1322,567,3,0
531,1323,509,0,3
533,1323,511,0,3
544,1323,522,0,3
545,1323,567,3,0
533,1324,511,0,3
544,1324,522,0,3
533,1325,511,0,3
544,1325,522,0,3
533,1326,511,0,3
544,1326,522,0,3
533,1327,511,0,3
535,1327,557,3,0
542,1327,564,3,0
544,1327,522,0,3
533,1328,511,0,3
535,1328,557,3,0
536,1328,514,0,3
541,1328,563,3,0
542,1328,564,3,0
544,1328,522,0,3
533,1329,511,0,3
535,1329,557,3,0
536,1329,514,0,3
541,1329,563,3,0
542,1329,564,3,0
544,1329,522,0,3
533,1330,511,0,3
535,1330,557,3,0
536,1330,514,0,3
541,1330,563,3,0
542,1330,564,3,0
544,1330,522,0,3
533,1331,511,0,3
535,1331,557,3,0
536,1331,514,0,3
541,1331,563,3,0
542,1331,564,3,0
544,1331,522,0,3
533,1332,511,0,3
535,1332,557,3,0
536,1332,514,0,3
541,1332,563,3,0
542,1332,564,3,0
544,1332,522,0,3
533,1333,511,0,3
535,1333,557,3,0
541,1333,563,3,0
542,1333,564,3,0
544,1333,522,0,3
533,1334,511,0,3
542,1334,564,3,0
544,1334,522,0,3
533,1335,511,0,3
544,1335,522,0,3
544,1336,522,0,3
533,1337,511,0,3
544,1337,522,0,3
545,1337,567,3,0
531,1338,509,0,3
533,1338,511,0,3
544,1338,522,0,3
545,1338,567,3,0
531,1339,509,0,3
533,1339,511,0,3
544,1339,522,0,3
545,1339,567,3,0
547,1339,569,3,0
531,1340,509,0,3
533,1340,511,0,3
544,1340,522,0,3
545,1340,567,3,0
547,1340,569,3,0
548,1340,570,3,0
531,1341,509,0,3
533,1341,511,0,3
544,1341,522,0,3
545,1341,567,3,0
547,1341,569,3,0
548,1341,570,3,0
552,1342,530,0,3
553,1342,531,0,3
555,1342,533,0,3
566,1342,544,0,3
567,1342,589,3,0
569,1342,591,3,0
570,1342,592,3,0
552,1343,530,0,3
553,1343,531,0,3
555,1343,533,0,3
566,1343,544,0,3
567,1343,589,3,0
569,1343,591,3,0
552,1344,530,0,3
553,1344,531,0,3
555,1344,533,0,3
566,1344,544,0,3
567,1344,589,3,0
553,1345,531,0,3
555,1345,533,0,3
566,1345,544,0,3
567,1345,589,3,0
555,1346,533,0,3
566,1346,544,0,3
555,1347,533,0,3
566,1347,544,0,3
555,1348,533,0,3
566,1348,544,0,3
555,1349,533,0,3
557,1349,579,3,0
564,1349,586,3,0
566,1349,544,0,3
555,1350,533,0,3
557,1350,579,3,0
563,1350,585,3,0
564,1350,586,3,0
566,1350,544,0,3
555,1351,533,0,3
557,1351,579,3,0
563,1351,585,3,0
564,1351,586,3,0
566,1351,544,0,3
555,1352,533,0,3
557,1352,579,3,0
563,1352,585,3,0
564,1352,586,3,0
566,1352,544,0,3
555,1353,533,0,3
557,1353,579,3,0
563,1353,585,3,0
564,1353,586,3,0
566,1353,544,0,3
555,1354,533,0,3
557,1354,579,3,0
563,1354,585,3,0
564,1354,586,3,0
566,1354,544,0,3
555,1355,533,0,3
557,1355,579,3,0
563,1355,585,3,0
564,1355,586,3,0
566,1355,544,0,3
555,1356,533,0,3
564,1356,586,3,0
566,1356,544,0,3
555,1357,533,0,3
566,1357,544,0,3
566,1358,544,0,3
555,1359,533,0,3
566,1359,544,0,3
567,1359,589,3,0
553,1360,531,0,3
555,1360,533,0,3
566,1360,544,0,3
567,1360,589,3,0
552,1361,530,0,3
553,1361,531,0,3
555,1361,533,0,3
566,1361,544,0,3
567,1361,589,3,0
569,1361,591,3,0
552,1362,530,0,3
553,1362,531,0,3
555,1362,533,0,3
566,1362,544,0,3
567,1362,589,3,0
569,1362,591,3,0
570,1362,592,3,0
552,1363,530,0,3
553,1363,531,0,3
555,1363,533,0,3
566,1363,544,0,3
567,1363,589,3,0
569,1363,591,3,0
570,1363,592,3,0
574,1364,552,0,3
575,1364,553,0,3
577,1364,555,0,3
588,1364,566,0,3
589,1364,611,3,0
591,1364,613,3,0
592,1364,614,3,0
574,1365,552,0,3
575,1365,553,0,3
577,1365,555,0,3
588,1365,566,0,3
589,1365,611,3,0
591,1365,613,3,0
574,1366,552,0,3
575,1366,553,0,3
577,1366,555,0,3
588,1366,566,0,3
589,1366,611,3,0
575,1367,553,0,3
577,1367,555,0,3
588,1367,566,0,3
589,1367,611,3,0
577,1368,555,0,3
588,1368,566,0,3
577,1369,555,0,3
588,1369,566,0,3
577,1370,555,0,3
588,1370,566,0,3
577,1371,555,0,3
579,1371,601,3,0
586,1371,608,3,0
588,1371,566,0,3
577,1372,555,0,3
579,1372,601,3,0
585,1372,607,3,0
586,1372,608,3,0
588,1372,566,0,3
577,1373,555,0,3
579,1373,601,3,0
584,1373,562,0,3
585,1373,607,3,0
586,1373,608,3,0
588,1373,566,0,3
577,1374,555,0,3
579,1374,601,3,0
584,1374,562,0,3
585,1374,607,3,0
586,1374,608,3,0
588,1374,566,0,3
577,1375,555,0,3
579,1375,601,3,0
584,1375,562,0,3
585,1375,607,3,0
586,1375,608,3,0
588,1375,566,0,3
577,1376,555,0,3
579,1376,601,3,0
584,1376,562,0,3
585,1376,607,3,0
586,1376,608,3,0
588,1376,566,0,3
577,1377,555,0,3
579,1377,601,3,0
585,1377,607,3,0
586,1377,608,3,0
588,1377,566,0,3
577,1378,555,0,3
586,1378,608,3,0
588,1378,566,0,3
577,1379,555,0,3
588,1379,566,0,3
588,1380,566,0,3
577,1381,555,0,3
588,1381,566,0,3
589,1381,611,3,0
575,1382,553,0,3
577,1382,555,0,3
588,1382,566,0,3
589,1382,611,3,0
574,1383,552,0,3
575,1383,553,0,3
577,1383,555,0,3
588,1383,566,0,3
589,1383,611,3,0
591,1383,613,3,0
574,1384,552,0,3
575,1384,553,0,3
577,1384,555,0,3
588,1384,566,0,3
589,1384,611,3,0
591,1384,613,3,0
592,1384,614,3,0
574,1385,552,0,3
575,1385,553,0,3
577,1385,555,0,3
588,1385,566,0,3
589,1385,611,3,0
591,1385,613,3,0
592,1385,614,3,0
596,1386,574,0,3
597,1386,575,0,3
599,1386,577,0,3
610,1386,588,0,3
611,1386,633,3,0
613,1386,635,3,0
614,1386,636,3,0
596,1387,574,0,3
597,1387,575,0,3
599,1387,577,0,3
610,1387,588,0,3
611,1387,633,3,0
613,1387,635,3,0
596,1388,574,0,3
597,1388,575,0,3
599,1388,577,0,3
610,1388,588,0,3
611,1388,633,3,0
597,1389,575,0,3
599,1389,577,0,3
610,1389,588,0,3
611,1389,633,3,0
599,1390,577,0,3
610,1390,588,0,3
599,1391,577,0,3
610,1391,588,0,3
599,1392,577,0,3
610,1392,588,0,3
599,1393,577,0,3
601,1393,623,3,0
608,1393,630,3,0
610,1393,588,0,3
599,1394,577,0,3
601,1394,623,3,0
607,1394,629,3,0
608,1394,630,3,0
610,1394,588,0,3
599,1395,577,0,3
601,1395,623,3,0
606,1395,584,0,3
607,1395,629,3,0
608,1395,630,3,0
610,1395,588,0,3
599,1396,577,0,3
601,1396,623,3,0
606,1396,584,0,3
607,1396,629,3,0
608,1396,630,3,0
610,1396,588,0,3
599,1397,577,0,3
601,1397,623,3,0
606,1397,584,0,3
607,1397,629,3,0
608,1397,630,3,0
610,1397,588,0,3
599,1398,577,0,3
601,1398,623,3,0
606,1398,584,0,3
607,1398,629,3,0
608,1398,630,3,0
610,1398,588,0,3
599,1399,577,0,3
601,1399,623,3,0
607,1399,629,3,0
608,1399,630,3,0
610,1399,588,0,3
599,1400,577,0,3
608,1400,630,3,0
610,1400,588,0,3
599,1401,577,0,3
610,1401,588,0,3
610,1402,588,0,3
599,1403,577,0,3
610,1403,588,0,3
611,1403,633,3,0
597,1404,575,0,3
599,1404,577,0,3
610,1404,588,0,3
611,1404,633,3,0
596,1405,574,0,3
597,1405,575,0,3
599,1405,577,0,3
610,1405,588,0,3
611,1405,633,3,0
613,1405,635,3,0
596,1406,574,0,3
597,1406,575,0,3
599,1406,577,0,3
610,1406,588,0,3
611,1406,633,3,0
613,1406,635,3,0
614,1406,636,3,0
596,1407,574,0,3
597,1407,575,0,3
599,1407,577,0,3
610,1407,588,0,3
611,1407,633,3,0
613,1407,635,3,0
614,1407,636,3,0
617,1408,639,3,0
619,1408,597,0,3
621,1408,599,0,3
632,1408,610,0,3
633,1408,655,3,0
635,1408,657,3,0
636,1408,658,3,0
617,1409,639,3,0
619,1409,597,0,3
621,1409,599,0,3
632,1409,610,0,3
633,1409,655,3,0
635,1409,657,3,0
619,1410,597,0,3
621,1410,599,0,3
632,1410,610,0,3
633,1410,655,3,0
619,1411,597,0,3
621,1411,599,0,3
632,1411,610,0,3
633,1411,655,3,0
621,1412,599,0,3
632,1412,610,0,3
621,1413,599,0,3
632,1413,610,0,3
621,1414,599,0,3
632,1414,610,0,3
621,1415,599,0,3
623,1415,645,3,0
630,1415,652,3,0
632,1415,610,0,3
621,1416,599,0,3
623,1416,645,3,0
629,1416,651,3,0
630,1416,652,3,0
632,1416,610,0,3
621,1417,599,0,3
623,1417,645,3,0
628,1417,606,0,3
629,1417,651,3,0
630,1417,652,3,0
632,1417,610,0,3
621,1418,599,0,3
623,1418,645,3,0
626,1418,604,0,3
628,1418,606,0,3
629,1418,651,3,0
630,1418,652,3,0
632,1418,610,0,3
621,1419,599,0,3
623,1419,645,3,0
628,1419,606,0,3
629,1419,651,3,0
630,1419,652,3,0
632,1419,610,0,3
621,1420,599,0,3
623,1420,645,3,0
628,1420,606,0,3
629,1420,651,3,0
630,1420,652,3,0
632,1420,610,0,3
621,1421,599,0,3
623,1421,645,3,0
629,1421,651,3,0
630,1421,652,3,0
632,1421,610,0,3
621,1422,599,0,3
630,1422,652,3,0
632,1422,610,0,3
621,1423,599,0,3
632,1423,610,0,3
632,1424,610,0,3
621,1425,599,0,3
632,1425,610,0,3
633,1425,655,3,0
619,1426,597,0,3
621,1426,599,0,3
632,1426,610,0,3
633,1426,655,3,0
619,1427,597,0,3
621,1427,599,0,3
632,1427,610,0,3
633,1427,655,3,0
635,1427,657,3,0
617,1428,639,3,0
619,1428,597,0,3
621,1428,599,0,3
632,1428,610,0,3
633,1428,655,3,0
635,1428,657,3,0
636,1428,658,3,0
617,1429,639,3,0
619,1429,597,0,3
621,1429,599,0,3
632,1429,610,0,3
633,1429,655,3,0
635,1429,657,3,0
636,1429,658,3,0
639,1430,661,3,0
641,1430,619,0,3
642,1430,620,0,3
643,1430,621,0,3
654,1430,632,0,3
655,1430,677,3,0
657,1430,679,3,0
658,1430,680,3,0
639,1431,661,3,0
641,1431,619,0,3
642,1431,620,0,3
643,1431,621,0,3
654,1431,632,0,3
655,1431,677,3,0
657,1431,679,3,0
641,1432,619,0,3
642,1432,620,0,3
643,1432,621,0,3
654,1432,632,0,3
655,1432,677,3,0
641,1433,619,0,3
642,1433,620,0,3
643,1433,621,0,3
654,1433,632,0,3
655,1433,677,3,0
642,1434,620,0,3
643,1434,621,0,3
654,1434,632,0,3
643,1435,621,0,3
654,1435,632,0,3
643,1436,621,0,3
654,1436,632,0,3
643,1437,621,0,3
645,1437,667,3,0
652,1437,674,3,0
654,1437,632,0,3
643,1438,621,0,3
645,1438,667,3,0
651,1438,673,3,0
652,1438,674,3,0
654,1438,632,0,3
643,1439,621,0,3
645,1439,667,3,0
650,1439,628,0,3
651,1439,673,3,0
652,1439,674,3,0
654,1439,632,0,3
643,1440,621,0,3
645,1440,667,3,0
648,1440,626,0,3
650,1440,628,0,3
651,1440,673,3,0
652,1440,674,3,0
654,1440,632,0,3
643,1441,621,0,3
645,1441,667,3,0
650,1441,628,0,3
651,1441,673,3,0
652,1441,674,3,0
654,1441,632,0,3
643,1442,621,0,3
645,1442,667,3,0
650,1442,628,0,3
651,1442,673,3,0
652,1442,674,3,0
654,1442,632,0,3
643,1443,621,0,3
645,1443,667,3,0
651,1443,673,3,0
652,1443,674,3,0
654,1443,632,0,3
643,1444,621,0,3
652,1444,674,3,0
654,1444,632,0,3
643,1445,621,0,3
654,1445,632,0,3
654,1446,632,0,3
642,1447,620,0,3
643,1447,621,0,3
654,1447,632,0,3
655,1447,677,3,0
641,1448,619,0,3
642,1448,620,0,3
643,1448,621,0,3
654,1448,632,0,3
655,1448,677,3,0
641,1449,619,0,3
642,1449,620,0,3
643,1449,621,0,3
654,1449,632,0,3
655,1449,677,3,0
657,1449,679,3,0
639,1450,661,3,0
641,1450,619,0,3
642,1450,620,0,3
643,1450,621,0,3
654,1450,632,0,3
655,1450,677,3,0
657,1450,679,3,0
658,1450,680,3,0
639,1451,661,3,0
641,1451,619,0,3
642,1451,620,0,3
643,1451,621,0,3
654,1451,632,0,3
655,1451,677,3,0
657,1451,679,3,0
658,1451,680,3,0
661,1452,683,3,0
663,1452,641,0,3
664,1452,642,0,3
665,1452,643,0,3
676,1452,698,3,0
679,1452,701,3,0
680,1452,702,3,0
661,1453,683,3,0
663,1453,641,0,3
664,1453,642,0,3
665,1453,643,0,3
676,1453,698,3,0
679,1453,701,3,0
663,1454,641,0,3
664,1454,642,0,3
665,1454,643,0,3
676,1454,698,3,0
663,1455,641,0,3
664,1455,642,0,3
665,1455,643,0,3
676,1455,698,3,0
664,1456,642,0,3
665,1456,643,0,3
676,1456,698,3,0
665,1457,643,0,3
676,1457,698,3,0
665,1458,643,0,3
676,1458,698,3,0
665,1459,643,0,3
667,1459,689,3,0
674,1459,696,3,0
676,1459,698,3,0
665,1460,643,0,3
667,1460,689,3,0
673,1460,695,3,0
674,1460,696,3,0
676,1460,698,3,0
665,1461,643,0,3
667,1461,689,3,0
673,1461,695,3,0
674,1461,696,3,0
676,1461,698,3,0
665,1462,643,0,3
667,1462,689,3,0
673,1462,695,3,0
674,1462,696,3,0
676,1462,698,3,0
665,1463,643,0,3
667,1463,689,3,0
673,1463,695,3,0
674,1463,696,3,0
676,1463,698,3,0
665,1464,643,0,3
667,1464,689,3,0
673,1464,695,3,0
674,1464,696,3,0
676,1464,698,3,0
665,1465,643,0,3
667,1465,689,3,0
673,1465,695,3,0
674,1465,696,3,0
676,1465,698,3,0
665,1466,643,0,3
674,1466,696,3,0
676,1466,698,3,0
665,1467,643,0,3
676,1467,698,3,0
676,1468,698,3,0
664,1469,642,0,3
665,1469,643,0,3
676,1469,698,3,0
663,1470,641,0,3
664,1470,642,0,3
665,1470,643,0,3
676,1470,698,3,0
663,1471,641,0,3
664,1471,642,0,3
665,1471,643,0,3
676,1471,698,3,0
679,1471,701,3,0
661,1472,683,3,0
663,1472,641,0,3
664,1472,642,0,3
665,1472,643,0,3
676,1472,698,3,0
679,1472,701,3,0
680,1472,702,3,0
661,1473,683,3,0
663,1473,641,0,3
664,1473,642,0,3
665,1473,643,0,3
676,1473,698,3,0
679,1473,701,3,0
680,1473,702,3,0
683,1474,705,3,0
684,1474,662,0,3
685,1474,663,0,3
687,1474,665,0,3
698,1474,720,3,0
701,1474,723,3,0
702,1474,724,3,0
683,1475,705,3,0
684,1475,662,0,3
685,1475,663,0,3
687,1475,665,0,3
698,1475,720,3,0
701,1475,723,3,0
684,1476,662,0,3
685,1476,663,0,3
687,1476,665,0,3
698,1476,720,3,0
685,1477,663,0,3
687,1477,665,0,3
698,1477,720,3,0
687,1478,665,0,3
698,1478,720,3,0
687,1479,665,0,3
698,1479,720,3,0
687,1480,665,0,3
698,1480,720,3,0
687,1481,665,0,3
696,1481,718,3,0
698,1481,720,3,0
687,1482,665,0,3
695,1482,717,3,0
696,1482,718,3,0
698,1482,720,3,0
687,1483,665,0,3
695,1483,717,3,0
696,1483,718,3,0
698,1483,720,3,0
687,1484,665,0,3
695,1484,717,3,0
696,1484,718,3,0
698,1484,720,3,0
687,1485,665,0,3
695,1485,717,3,0
696,1485,718,3,0
698,1485,720,3,0
687,1486,665,0,3
695,1486,717,3,0
696,1486,718,3,0
698,1486,720,3,0
687,1487,665,0,3
695,1487,717,3,0
696,1487,718,3,0
698,1487,720,3,0
687,1488,665,0,3
696,1488,718,3,0
698,1488,720,3,0
687,1489,665,0,3
698,1489,720,3,0
698,1490,720,3,0
687,1491,665,0,3
698,1491,720,3,0
685,1492,663,0,3
687,1492,665,0,3
698,1492,720,3,0
684,1493,662,0,3
685,1493,663,0,3
687,1493,665,0,3
698,1493,720,3,0
701,1493,723,3,0
683,1494,705,3,0
684,1494,662,0,3
685,1494,663,0,3
687,1494,665,0,3
698,1494,720,3,0
701,1494,723,3,0
702,1494,724,3,0
683,1495,705,3,0
684,1495,662,0,3
685,1495,663,0,3
687,1495,665,0,3
698,1495,720,3,0
701,1495,723,3,0
702,1495,724,3,0
720,1496,742,3,0
723,1496,745,3,0
724,1496,746,3,0
720,1497,742,3,0
723,1497,745,3,0
720,1498,742,3,0
720,1499,742,3,0
720,1500,742,3,0
720,1501,742,3,0
720,1502,742,3,0
718,1503,740,3,0
720,1503,742,3,0
717,1504,739,3,0
718,1504,740,3,0
720,1504,742,3,0
717,1505,739,3,0
718,1505,740,3,0
720,1505,742,3,0
714,1506,692,0,3
715,1506,693,0,3
717,1506,739,3,0
718,1506,740,3,0
720,1506,742,3,0
715,1507,693,0,3
717,1507,739,3,0
718,1507,740,3,0
720,1507,742,3,0
717,1508,739,3,0
718,1508,740,3,0
720,1508,742,3,0
717,1509,739,3,0
718,1509,740,3,0
720,1509,742,3,0
718,1510,740,3,0
720,1510,742,3,0
720,1511,742,3,0
720,1512,742,3,0
720,1513,742,3,0
720,1514,742,3,0
720,1515,742,3,0
723,1515,745,3,0
720,1516,742,3,0
723,1516,745,3,0
724,1516,746,3,0
720,1517,742,3,0
723,1517,745,3,0
724,1517,746,3,0
727,1518,749,3,0
729,1518,707,0,3
731,1518,709,0,3
743,1518,765,3,0
744,1518,722,0,3
746,1518,768,3,0
727,1519,749,3,0
729,1519,707,0,3
731,1519,709,0,3
743,1519,765,3,0
744,1519,722,0,3
729,1520,707,0,3
731,1520,709,0,3
743,1520,765,3,0
744,1520,722,0,3
729,1521,707,0,3
731,1521,709,0,3
743,1521,765,3,0
731,1522,709,0,3
731,1523,709,0,3
731,1524,709,0,3
731,1525,709,0,3
731,1526,709,0,3
734,1526,756,3,0
731,1527,709,0,3
734,1527,756,3,0
735,1527,713,0,3
738,1527,760,3,0
731,1528,709,0,3
734,1528,756,3,0
735,1528,713,0,3
737,1528,715,0,3
738,1528,760,3,0
731,1529,709,0,3
734,1529,756,3,0
735,1529,713,0,3
737,1529,715,0,3
738,1529,760,3,0
731,1530,709,0,3
734,1530,756,3,0
738,1530,760,3,0
731,1531,709,0,3
731,1532,709,0,3
731,1533,709,0,3
731,1535,709,0,3
743,1535,765,3,0
729,1536,707,0,3
731,1536,709,0,3
743,1536,765,3,0
744,1536,722,0,3
729,1537,707,0,3
731,1537,709,0,3
743,1537,765,3,0
744,1537,722,0,3
727,1538,749,3,0
729,1538,707,0,3
731,1538,709,0,3
743,1538,765,3,0
744,1538,722,0,3
746,1538,768,3,0
727,1539,749,3,0
729,1539,707,0,3
731,1539,709,0,3
743,1539,765,3,0
744,1539,722,0,3
746,1539,768,3,0
747,1539,725,0,3
748,1540,726,0,2
751,1540,729,0,3
753,1540,731,0,3
765,1540,787,3,0
766,1540,744,0,3
768,1540,790,3,0
751,1541,729,0,3
753,1541,731,0,3
765,1541,787,3,0
766,1541,744,0,3
751,1542,729,0,3
753,1542,731,0,3
765,1542,787,3,0
766,1542,744,0,3
751,1543,729,0,3
753,1543,731,0,3
765,1543,787,3,0
753,1544,731,0,3
753,1545,731,0,3
753,1546,731,0,3
763,1546,785,3,0
753,1547,731,0,3
763,1547,785,3,0
753,1548,731,0,3
756,1548,778,3,0
763,1548,785,3,0
753,1549,731,0,3
756,1549,778,3,0
763,1549,785,3,0
753,1550,731,0,3
756,1550,778,3,0
759,1550,737,0,3
763,1550,785,3,0
753,1551,731,0,3
756,1551,778,3,0
759,1551,737,0,3
763,1551,785,3,0
753,1552,731,0,3
756,1552,778,3,0
763,1552,785,3,0
753,1553,731,0,3
763,1553,785,3,0
753,1554,731,0,3
763,1554,785,3,0
753,1555,731,0,3
763,1555,785,3,0
753,1557,731,0,3
765,1557,787,3,0
751,1558,729,0,3
753,1558,731,0,3
765,1558,787,3,0
766,1558,744,0,3
751,1559,729,0,3
753,1559,731,0,3
765,1559,787,3,0
766,1559,744,0,3
751,1560,729,0,3
753,1560,731,0,3
765,1560,787,3,0
766,1560,744,0,3
768,1560,790,3,0
748,1561,726,0,2
751,1561,729,0,3
753,1561,731,0,3
765,1561,787,3,0
766,1561,744,0,3
768,1561,790,3,0
769,1561,747,0,3
787,1562,809,3,0
788,1562,766,0,3
790,1562,812,3,0
787,1563,809,3,0
788,1563,766,0,3
787,1564,809,3,0
788,1564,766,0,3
787,1565,809,3,0
785,1568,807,3,0
784,1569,806,3,0
785,1569,807,3,0
784,1570,806,3,0
785,1570,807,3,0
784,1571,806,3,0
785,1571,807,3,0
781,1572,759,0,3
784,1572,806,3,0
785,1572,807,3,0
781,1573,759,0,3
784,1573,806,3,0
785,1573,807,3,0
784,1574,806,3,0
785,1574,807,3,0
784,1575,806,3,0
785,1575,807,3,0
784,1576,806,3,0
785,1576,807,3,0
785,1577,807,3,0
787,1579,809,3,0
787,1580,809,3,0
788,1580,766,0,3
787,1581,809,3,0
788,1581,766,0,3
787,1582,809,3,0
788,1582,766,0,3
790,1582,812,3,0
787,1583,809,3,0
788,1583,766,0,3
790,1583,812,3,0
160,1584,138,0,3
167,1584,189,3,0
168,1584,190,3,0
1039,1585,1061,3,0
819,1586,841,3,0
831,1586,853,3,0
834,1586,856,3,0
1301,1587,1323,3,0
1303,1587,1325,3,0
1315,1587,1293,0,3
1317,1587,1295,0,3
1318,1587,1296,0,3
685,1588,663,0,3
687,1588,665,0,3
698,1588,720,3,0
1336,1589,1358,3,0
160,1590,138,0,3
1081,1591,1103,3,0
1083,1591,1105,3,0
1095,1591,1073,0,3
445,1592,423,0,3
447,1592,469,3,0
448,1592,426,0,3
453,1592,475,3,0
454,1592,476,3,0
313,1593,291,0,3
314,1593,292,0,3
315,1593,337,3,0
316,1593,294,0,3
321,1593,343,3,0
322,1593,344,3,0
93,1594,115,3,0
97,1594,75,0,3
100,1594,78,0,3
102,1594,80,0,3
103,1594,81,0,3
809,1595,831,3,0
812,1595,834,3,0
