793,0,815,3,0
795,0,773,0,3
797,0,775,0,3
810,0,832,3,0
811,0,833,3,0
812,0,834,3,0
793,1,815,3,0
795,1,773,0,3
797,1,775,0,3
810,1,832,3,0
811,1,833,3,0
812,1,834,3,0
795,2,773,0,3
797,2,775,0,3
810,2,832,3,0
811,2,833,3,0
795,3,773,0,3
797,3,775,0,3
810,3,832,3,0
797,4,775,0,3
797,5,775,0,3
797,6,775,0,3
797,7,775,0,3
799,7,777,0,3
797,8,775,0,3
799,8,777,0,3
806,8,784,0,3
797,9,775,0,3
799,9,777,0,3
801,9,823,3,0
806,9,784,0,3
797,10,775,0,3
799,10,777,0,3
801,10,823,3,0
804,10,782,0,3
806,10,784,0,3
797,11,775,0,3
799,11,777,0,3
801,11,823,3,0
803,11,825,3,0
804,11,782,0,3
806,11,784,0,3
797,12,775,0,3
799,12,777,0,3
801,12,823,3,0
804,12,782,0,3
806,12,784,0,3
797,13,775,0,3
799,13,777,0,3
806,13,784,0,3
797,14,775,0,3
799,14,777,0,3
806,14,784,0,3
797,15,775,0,3
797,17,775,0,3
797,18,775,0,3
810,18,832,3,0
795,19,773,0,3
797,19,775,0,3
810,19,832,3,0
811,19,833,3,0
795,20,773,0,3
797,20,775,0,3
810,20,832,3,0
811,20,833,3,0
812,20,834,3,0
793,21,815,3,0
795,21,773,0,3
797,21,775,0,3
810,21,832,3,0
811,21,833,3,0
812,21,834,3,0
816,22,794,0,3
817,22,795,0,3
832,22,854,3,0
833,22,855,3,0
816,23,794,0,3
817,23,795,0,3
832,23,854,3,0
833,23,855,3,0
816,24,794,0,3
817,24,795,0,3
832,24,854,3,0
833,24,855,3,0
817,25,795,0,3
832,25,854,3,0
820,28,798,0,3
820,29,798,0,3
820,30,798,0,3
828,30,806,0,3
820,31,798,0,3
823,31,845,3,0
828,31,806,0,3
820,32,798,0,3
823,32,845,3,0
826,32,804,0,3
828,32,806,0,3
820,33,798,0,3
823,33,845,3,0
825,33,847,3,0
826,33,804,0,3
828,33,806,0,3
820,34,798,0,3
823,34,845,3,0
826,34,804,0,3
828,34,806,0,3
820,35,798,0,3
828,35,806,0,3
820,36,798,0,3
828,36,806,0,3
820,37,798,0,3
832,40,854,3,0
817,41,795,0,3
832,41,854,3,0
833,41,855,3,0
816,42,794,0,3
817,42,795,0,3
832,42,854,3,0
833,42,855,3,0
816,43,794,0,3
817,43,795,0,3
832,43,854,3,0
833,43,855,3,0
839,44,817,0,3
840,44,862,3,0
841,44,863,3,0
854,44,876,3,0
855,44,877,3,0
856,44,834,0,3
839,45,817,0,3
840,45,862,3,0
841,45,863,3,0
854,45,876,3,0
855,45,877,3,0
856,45,834,0,3
839,46,817,0,3
840,46,862,3,0
841,46,863,3,0
854,46,876,3,0
855,46,877,3,0
839,47,817,0,3
840,47,862,3,0
841,47,863,3,0
854,47,876,3,0
840,48,862,3,0
841,48,863,3,0
841,49,863,3,0
841,50,863,3,0
842,50,820,0,3
841,51,863,3,0
842,51,820,0,3
841,52,863,3,0
842,52,820,0,3
844,52,866,3,0
850,52,828,0,3
841,53,863,3,0
842,53,820,0,3
844,53,866,3,0
845,53,867,3,0
850,53,828,0,3
841,54,863,3,0
842,54,820,0,3
844,54,866,3,0
845,54,867,3,0
850,54,828,0,3
841,55,863,3,0
842,55,820,0,3
844,55,866,3,0
845,55,867,3,0
847,55,869,3,0
850,55,828,0,3
841,56,863,3,0
842,56,820,0,3
844,56,866,3,0
845,56,867,3,0
850,56,828,0,3
841,57,863,3,0
842,57,820,0,3
844,57,866,3,0
850,57,828,0,3
841,58,863,3,0
842,58,820,0,3
850,58,828,0,3
841,59,863,3,0
842,59,820,0,3
841,61,863,3,0
840,62,862,3,0
841,62,863,3,0
854,62,876,3,0
839,63,817,0,3
840,63,862,3,0
841,63,863,3,0
854,63,876,3,0
855,63,877,3,0
839,64,817,0,3
840,64,862,3,0
841,64,863,3,0
854,64,876,3,0
855,64,877,3,0
856,64,834,0,3
839,65,817,0,3
840,65,862,3,0
841,65,863,3,0
854,65,876,3,0
855,65,877,3,0
856,65,834,0,3
861,66,839,0,3
862,66,884,3,0
876,66,898,3,0
877,66,899,3,0
878,66,856,0,3
861,67,839,0,3
862,67,884,3,0
876,67,898,3,0
877,67,899,3,0
878,67,856,0,3
861,68,839,0,3
862,68,884,3,0
876,68,898,3,0
877,68,899,3,0
861,69,839,0,3
862,69,884,3,0
876,69,898,3,0
862,70,884,3,0
864,72,842,0,3
864,73,842,0,3
873,73,851,0,3
864,74,842,0,3
866,74,888,3,0
873,74,851,0,3
864,75,842,0,3
866,75,888,3,0
867,75,889,3,0
873,75,851,0,3
864,76,842,0,3
866,76,888,3,0
867,76,889,3,0
873,76,851,0,3
864,77,842,0,3
866,77,888,3,0
867,77,889,3,0
869,77,891,3,0
873,77,851,0,3
864,78,842,0,3
866,78,888,3,0
867,78,889,3,0
873,78,851,0,3
864,79,842,0,3
866,79,888,3,0
873,79,851,0,3
864,80,842,0,3
873,80,851,0,3
864,81,842,0,3
873,81,851,0,3
862,84,884,3,0
876,84,898,3,0
861,85,839,0,3
862,85,884,3,0
876,85,898,3,0
877,85,899,3,0
861,86,839,0,3
862,86,884,3,0
876,86,898,3,0
877,86,899,3,0
878,86,856,0,3
861,87,839,0,3
862,87,884,3,0
876,87,898,3,0
877,87,899,3,0
878,87,856,0,3
883,88,861,0,3
884,88,906,3,0
883,89,861,0,3
884,89,906,3,0
883,90,861,0,3
884,90,906,3,0
883,91,861,0,3
884,91,906,3,0
884,92,906,3,0
895,95,873,0,3
895,96,873,0,3
889,97,911,3,0
893,97,915,3,0
895,97,873,0,3
889,98,911,3,0
893,98,915,3,0
895,98,873,0,3
889,99,911,3,0
891,99,913,3,0
893,99,915,3,0
895,99,873,0,3
889,100,911,3,0
893,100,915,3,0
895,100,873,0,3
893,101,915,3,0
895,101,873,0,3
895,102,873,0,3
895,103,873,0,3
884,106,906,3,0
883,107,861,0,3
884,107,906,3,0
883,108,861,0,3
884,108,906,3,0
883,109,861,0,3
884,109,906,3,0
905,110,883,0,3
906,110,928,3,0
920,110,942,3,0
905,111,883,0,3
906,111,928,3,0
920,111,942,3,0
905,112,883,0,3
906,112,928,3,0
920,112,942,3,0
905,113,883,0,3
906,113,928,3,0
920,113,942,3,0
906,114,928,3,0
908,116,930,3,0
908,117,930,3,0
917,117,895,0,3
908,118,930,3,0
910,118,932,3,0
917,118,895,0,3
908,119,930,3,0
910,119,932,3,0
915,119,937,3,0
917,119,895,0,3
908,120,930,3,0
910,120,932,3,0
915,120,937,3,0
917,120,895,0,3
908,121,930,3,0
910,121,932,3,0
913,121,935,3,0
915,121,937,3,0
917,121,895,0,3
908,122,930,3,0
910,122,932,3,0
915,122,937,3,0
917,122,895,0,3
908,123,930,3,0
910,123,932,3,0
915,123,937,3,0
917,123,895,0,3
908,124,930,3,0
917,124,895,0,3
908,125,930,3,0
917,125,895,0,3
906,128,928,3,0
920,128,942,3,0
905,129,883,0,3
906,129,928,3,0
920,129,942,3,0
905,130,883,0,3
906,130,928,3,0
920,130,942,3,0
905,131,883,0,3
906,131,928,3,0
920,131,942,3,0
925,132,947,3,0
928,132,950,3,0
941,132,919,0,3
942,132,964,3,0
945,132,923,0,3
925,133,947,3,0
928,133,950,3,0
941,133,919,0,3
942,133,964,3,0
928,134,950,3,0
941,134,919,0,3
942,134,964,3,0
928,135,950,3,0
941,135,919,0,3
942,135,964,3,0
928,136,950,3,0
941,136,919,0,3
930,138,952,3,0
930,139,952,3,0
939,139,917,0,3
930,140,952,3,0
939,140,917,0,3
930,141,952,3,0
937,141,959,3,0
939,141,917,0,3
930,142,952,3,0
934,142,912,0,3
937,142,959,3,0
939,142,917,0,3
930,143,952,3,0
934,143,912,0,3
935,143,957,3,0
937,143,959,3,0
939,143,917,0,3
930,144,952,3,0
937,144,959,3,0
939,144,917,0,3
930,145,952,3,0
937,145,959,3,0
939,145,917,0,3
930,146,952,3,0
939,146,917,0,3
930,147,952,3,0
939,147,917,0,3
941,149,919,0,3
928,150,950,3,0
941,150,919,0,3
942,150,964,3,0
928,151,950,3,0
941,151,919,0,3
942,151,964,3,0
928,152,950,3,0
941,152,919,0,3
942,152,964,3,0
925,153,947,3,0
928,153,950,3,0
941,153,919,0,3
942,153,964,3,0
945,153,923,0,3
947,154,969,3,0
963,154,941,0,3
964,154,986,3,0
967,154,945,0,3
947,155,969,3,0
963,155,941,0,3
964,155,986,3,0
963,156,941,0,3
964,156,986,3,0
963,157,941,0,3
964,157,986,3,0
963,158,941,0,3
952,160,974,3,0
952,161,974,3,0
961,161,939,0,3
952,162,974,3,0
960,162,938,0,3
961,162,939,0,3
952,163,974,3,0
959,163,981,3,0
960,163,938,0,3
961,163,939,0,3
952,164,974,3,0
956,164,934,0,3
959,164,981,3,0
960,164,938,0,3
961,164,939,0,3
952,165,974,3,0
956,165,934,0,3
957,165,979,3,0
959,165,981,3,0
960,165,938,0,3
961,165,939,0,3
952,166,974,3,0
959,166,981,3,0
960,166,938,0,3
961,166,939,0,3
952,167,974,3,0
959,167,981,3,0
960,167,938,0,3
961,167,939,0,3
952,168,974,3,0
960,168,938,0,3
961,168,939,0,3
952,169,974,3,0
961,169,939,0,3
963,171,941,0,3
963,172,941,0,3
964,172,986,3,0
963,173,941,0,3
964,173,986,3,0
963,174,941,0,3
964,174,986,3,0
947,175,969,3,0
963,175,941,0,3
964,175,986,3,0
967,175,945,0,3
986,176,1008,3,0
989,176,967,0,3
986,177,1008,3,0
986,178,1008,3,0
986,179,1008,3,0
974,182,996,3,0
974,183,996,3,0
983,183,961,0,3
974,184,996,3,0
982,184,960,0,3
983,184,961,0,3
974,185,996,3,0
981,185,1003,3,0
982,185,960,0,3
983,185,961,0,3
974,186,996,3,0
978,186,956,0,3
981,186,1003,3,0
982,186,960,0,3
983,186,961,0,3
974,187,996,3,0
978,187,956,0,3
981,187,1003,3,0
982,187,960,0,3
983,187,961,0,3
974,188,996,3,0
981,188,1003,3,0
982,188,960,0,3
983,188,961,0,3
974,189,996,3,0
981,189,1003,3,0
982,189,960,0,3
983,189,961,0,3
974,190,996,3,0
982,190,960,0,3
983,190,961,0,3
974,191,996,3,0
983,191,961,0,3
986,194,1008,3,0
986,195,1008,3,0
986,196,1008,3,0
986,197,1008,3,0
989,197,967,0,3
1008,198,1030,3,0
1011,198,989,0,3
1008,199,1030,3,0
1008,200,1030,3,0
1008,201,1030,3,0
996,204,974,0,3
996,205,974,0,3
1005,205,983,0,3
996,206,974,0,3
1005,206,983,0,3
996,207,974,0,3
1003,207,1025,3,0
1005,207,983,0,3
996,208,974,0,3
1000,208,978,0,3
1003,208,1025,3,0
1005,208,983,0,3
996,209,974,0,3
1000,209,978,0,3
1003,209,1025,3,0
1005,209,983,0,3
996,210,974,0,3
1003,210,1025,3,0
1005,210,983,0,3
996,211,974,0,3
1003,211,1025,3,0
1005,211,983,0,3
996,212,974,0,3
1005,212,983,0,3
996,213,974,0,3
1005,213,983,0,3
1008,216,1030,3,0
1008,217,1030,3,0
1008,218,1030,3,0
1008,219,1030,3,0
1011,219,989,0,3
1017,220,995,0,3
1030,220,1052,3,0
1031,220,1009,0,3
1033,220,1011,0,3
1017,221,995,0,3
1030,221,1052,3,0
1031,221,1009,0,3
1017,222,995,0,3
1030,222,1052,3,0
1031,222,1009,0,3
1017,223,995,0,3
1030,223,1052,3,0
1017,224,995,0,3
1017,225,995,0,3
1017,226,995,0,3
1018,226,996,0,3
1017,227,995,0,3
1018,227,996,0,3
1027,227,1005,0,3
1017,228,995,0,3
1018,228,996,0,3
1027,228,1005,0,3
1017,229,995,0,3
1018,229,996,0,3
1021,229,999,0,3
1025,229,1047,3,0
1027,229,1005,0,3
1017,230,995,0,3
1018,230,996,0,3
1021,230,999,0,3
1025,230,1047,3,0
1027,230,1005,0,3
1017,231,995,0,3
1018,231,996,0,3
1021,231,999,0,3
1025,231,1047,3,0
1027,231,1005,0,3
1017,232,995,0,3
1018,232,996,0,3
1021,232,999,0,3
1025,232,1047,3,0
1027,232,1005,0,3
1017,233,995,0,3
1018,233,996,0,3
1025,233,1047,3,0
1027,233,1005,0,3
1017,234,995,0,3
1018,234,996,0,3
1027,234,1005,0,3
1017,235,995,0,3
1018,235,996,0,3
1027,235,1005,0,3
1017,237,995,0,3
1017,238,995,0,3
1030,238,1052,3,0
1017,239,995,0,3
1030,239,1052,3,0
1031,239,1009,0,3
1017,240,995,0,3
1030,240,1052,3,0
1031,240,1009,0,3
1017,241,995,0,3
1030,241,1052,3,0
1031,241,1009,0,3
1033,241,1011,0,3
1035,242,1057,3,0
1039,242,1017,0,3
1052,242,1074,3,0
1053,242,1031,0,3
1055,242,1033,0,3
1035,243,1057,3,0
1039,243,1017,0,3
1052,243,1074,3,0
1053,243,1031,0,3
1039,244,1017,0,3
1052,244,1074,3,0
1053,244,1031,0,3
1039,245,1017,0,3
1052,245,1074,3,0
1039,246,1017,0,3
1039,247,1017,0,3
1039,248,1017,0,3
1040,248,1018,0,3
1039,249,1017,0,3
1040,249,1018,0,3
1049,249,1027,0,3
1039,250,1017,0,3
1040,250,1018,0,3
1048,250,1026,0,3
1049,250,1027,0,3
1039,251,1017,0,3
1040,251,1018,0,3
1043,251,1021,0,3
1047,251,1069,3,0
1048,251,1026,0,3
1049,251,1027,0,3
1039,252,1017,0,3
1040,252,1018,0,3
1043,252,1021,0,3
1047,252,1069,3,0
1048,252,1026,0,3
1049,252,1027,0,3
1039,253,1017,0,3
1040,253,1018,0,3
1043,253,1021,0,3
1047,253,1069,3,0
1048,253,1026,0,3
1049,253,1027,0,3
1039,254,1017,0,3
1040,254,1018,0,3
1043,254,1021,0,3
1047,254,1069,3,0
1048,254,1026,0,3
1049,254,1027,0,3
1039,255,1017,0,3
1040,255,1018,0,3
1047,255,1069,3,0
1048,255,1026,0,3
1049,255,1027,0,3
1039,256,1017,0,3
1040,256,1018,0,3
1048,256,1026,0,3
1049,256,1027,0,3
1039,257,1017,0,3
1040,257,1018,0,3
1049,257,1027,0,3
1039,259,1017,0,3
1039,260,1017,0,3
1052,260,1074,3,0
1039,261,1017,0,3
1052,261,1074,3,0
1053,261,1031,0,3
1039,262,1017,0,3
1052,262,1074,3,0
1053,262,1031,0,3
1035,263,1057,3,0
1039,263,1017,0,3
1052,263,1074,3,0
1053,263,1031,0,3
1055,263,1033,0,3
1061,264,1039,0,3
1074,264,1096,3,0
1075,264,1053,0,3
1077,264,1055,0,3
1061,265,1039,0,3
1074,265,1096,3,0
1075,265,1053,0,3
1061,266,1039,0,3
1074,266,1096,3,0
1075,266,1053,0,3
1061,267,1039,0,3
1074,267,1096,3,0
1061,268,1039,0,3
1061,269,1039,0,3
1061,270,1039,0,3
1062,270,1040,0,3
1061,271,1039,0,3
1062,271,1040,0,3
1071,271,1049,0,3
1061,272,1039,0,3
1062,272,1040,0,3
1070,272,1048,0,3
1071,272,1049,0,3
1061,273,1039,0,3
1062,273,1040,0,3
1065,273,1043,0,3
1069,273,1091,3,0
1070,273,1048,0,3
1071,273,1049,0,3
1061,274,1039,0,3
1062,274,1040,0,3
1065,274,1043,0,3
1069,274,1091,3,0
1070,274,1048,0,3
1071,274,1049,0,3
1061,275,1039,0,3
1062,275,1040,0,3
1065,275,1043,0,3
1069,275,1091,3,0
1070,275,1048,0,3
1071,275,1049,0,3
1061,276,1039,0,3
1062,276,1040,0,3
1065,276,1043,0,3
1069,276,1091,3,0
1070,276,1048,0,3
1071,276,1049,0,3
1061,277,1039,0,3
1062,277,1040,0,3
1069,277,1091,3,0
1070,277,1048,0,3
1071,277,1049,0,3
1061,278,1039,0,3
1062,278,1040,0,3
1070,278,1048,0,3
1071,278,1049,0,3
1061,279,1039,0,3
1062,279,1040,0,3
1071,279,1049,0,3
1061,281,1039,0,3
1061,282,1039,0,3
1074,282,1096,3,0
1061,283,1039,0,3
1074,283,1096,3,0
1075,283,1053,0,3
1061,284,1039,0,3
1074,284,1096,3,0
1075,284,1053,0,3
1061,285,1039,0,3
1074,285,1096,3,0
1075,285,1053,0,3
1077,285,1055,0,3
1096,286,1118,3,0
1097,286,1075,0,3
1099,286,1077,0,3
1096,287,1118,3,0
1097,287,1075,0,3
1096,288,1118,3,0
1097,288,1075,0,3
1096,289,1118,3,0
1084,292,1062,0,3
1084,293,1062,0,3
1093,293,1071,0,3
1084,294,1062,0,3
1093,294,1071,0,3
1084,295,1062,0,3
1087,295,1065,0,3
1091,295,1113,3,0
1093,295,1071,0,3
1084,296,1062,0,3
1087,296,1065,0,3
1091,296,1113,3,0
1093,296,1071,0,3
1084,297,1062,0,3
1087,297,1065,0,3
1091,297,1113,3,0
1093,297,1071,0,3
1084,298,1062,0,3
1087,298,1065,0,3
1091,298,1113,3,0
1093,298,1071,0,3
1084,299,1062,0,3
1091,299,1113,3,0
1093,299,1071,0,3
1084,300,1062,0,3
1093,300,1071,0,3
1084,301,1062,0,3
1093,301,1071,0,3
1096,304,1118,3,0
1096,305,1118,3,0
1097,305,1075,0,3
1096,306,1118,3,0
1097,306,1075,0,3
1096,307,1118,3,0
1097,307,1075,0,3
1099,307,1077,0,3
1118,308,1140,3,0
1119,308,1097,0,3
1121,308,1099,0,3
1118,309,1140,3,0
1119,309,1097,0,3
1118,310,1140,3,0
1119,310,1097,0,3
1118,311,1140,3,0
1106,314,1084,0,3
1106,315,1084,0,3
1115,315,1093,0,3
1106,316,1084,0,3
1115,316,1093,0,3
1106,317,1084,0,3
1109,317,1087,0,3
1113,317,1135,3,0
1115,317,1093,0,3
1106,318,1084,0,3
1109,318,1087,0,3
1113,318,1135,3,0
1115,318,1093,0,3
1106,319,1084,0,3
1109,319,1087,0,3
1113,319,1135,3,0
1115,319,1093,0,3
1106,320,1084,0,3
1109,320,1087,0,3
1113,320,1135,3,0
1115,320,1093,0,3
1106,321,1084,0,3
1113,321,1135,3,0
1115,321,1093,0,3
1106,322,1084,0,3
1115,322,1093,0,3
1106,323,1084,0,3
1115,323,1093,0,3
1118,326,1140,3,0
1118,327,1140,3,0
1119,327,1097,0,3
1118,328,1140,3,0
1119,328,1097,0,3
1118,329,1140,3,0
1119,329,1097,0,3
1121,329,1099,0,3
1140,330,1162,3,0
1141,330,1119,0,3
1143,330,1121,0,3
1140,331,1162,3,0
1141,331,1119,0,3
1140,332,1162,3,0
1141,332,1119,0,3
1140,333,1162,3,0
1128,336,1106,0,3
1128,337,1106,0,3
1137,337,1115,0,3
1128,338,1106,0,3
1137,338,1115,0,3
1128,339,1106,0,3
1131,339,1109,0,3
1135,339,1157,3,0
1137,339,1115,0,3
1128,340,1106,0,3
1131,340,1109,0,3
1135,340,1157,3,0
1137,340,1115,0,3
1128,341,1106,0,3
1131,341,1109,0,3
1135,341,1157,3,0
1137,341,1115,0,3
1128,342,1106,0,3
1131,342,1109,0,3
1135,342,1157,3,0
1137,342,1115,0,3
1128,343,1106,0,3
1135,343,1157,3,0
1137,343,1115,0,3
1128,344,1106,0,3
1137,344,1115,0,3
1128,345,1106,0,3
1137,345,1115,0,3
1140,348,1162,3,0
1140,349,1162,3,0
1141,349,1119,0,3
1140,350,1162,3,0
1141,350,1119,0,3
1140,351,1162,3,0
1141,351,1119,0,3
1143,351,1121,0,3
1144,352,1122,0,2
1162,352,1184,3,0
1163,352,1141,0,3
1165,352,1143,0,3
1162,353,1184,3,0
1163,353,1141,0,3
1162,354,1184,3,0
1163,354,1141,0,3
1162,355,1184,3,0
1150,358,1128,0,3
1150,359,1128,0,3
1159,359,1137,0,3
1150,360,1128,0,3
1159,360,1137,0,3
1150,361,1128,0,3
1153,361,1131,0,3
1157,361,1179,3,0
1159,361,1137,0,3
1150,362,1128,0,3
1153,362,1131,0,3
1157,362,1179,3,0
1159,362,1137,0,3
1150,363,1128,0,3
1153,363,1131,0,3
1157,363,1179,3,0
1159,363,1137,0,3
1150,364,1128,0,3
1153,364,1131,0,3
1157,364,1179,3,0
1159,364,1137,0,3
1150,365,1128,0,3
1157,365,1179,3,0
1159,365,1137,0,3
1150,366,1128,0,3
1159,366,1137,0,3
1150,367,1128,0,3
1159,367,1137,0,3
1162,370,1184,3,0
1162,371,1184,3,0
1163,371,1141,0,3
1162,372,1184,3,0
1163,372,1141,0,3
1162,373,1184,3,0
1163,373,1141,0,3
1165,373,1143,0,3
1166,374,1144,0,2
1167,374,1189,3,0
1184,374,1206,3,0
1185,374,1163,0,3
1187,374,1165,0,3
1167,375,1189,3,0
1184,375,1206,3,0
1185,375,1163,0,3
1184,376,1206,3,0
1185,376,1163,0,3
1184,377,1206,3,0
1172,380,1150,0,3
1172,381,1150,0,3
1181,381,1159,0,3
1172,382,1150,0,3
1181,382,1159,0,3
1172,383,1150,0,3
1175,383,1153,0,3
1179,383,1201,3,0
1181,383,1159,0,3
1172,384,1150,0,3
1175,384,1153,0,3
1179,384,1201,3,0
1181,384,1159,0,3
1172,385,1150,0,3
1175,385,1153,0,3
1179,385,1201,3,0
1181,385,1159,0,3
1172,386,1150,0,3
1175,386,1153,0,3
1179,386,1201,3,0
1181,386,1159,0,3
1172,387,1150,0,3
1179,387,1201,3,0
1181,387,1159,0,3
1172,388,1150,0,3
1181,388,1159,0,3
1172,389,1150,0,3
1181,389,1159,0,3
1184,392,1206,3,0
1184,393,1206,3,0
1185,393,1163,0,3
1184,394,1206,3,0
1185,394,1163,0,3
1167,395,1189,3,0
1184,395,1206,3,0
1185,395,1163,0,3
1187,395,1165,0,3
1188,396,1166,0,2
1189,396,1211,3,0
1206,396,1228,3,0
1207,396,1185,0,3
1209,396,1187,0,3
1189,397,1211,3,0
1206,397,1228,3,0
1207,397,1185,0,3
1206,398,1228,3,0
1207,398,1185,0,3
1206,399,1228,3,0
1194,402,1172,0,3
1194,403,1172,0,3
1203,403,1181,0,3
1194,404,1172,0,3
1203,404,1181,0,3
1194,405,1172,0,3
1201,405,1223,3,0
1203,405,1181,0,3
1194,406,1172,0,3
1198,406,1220,3,0
1201,406,1223,3,0
1203,406,1181,0,3
1194,407,1172,0,3
1198,407,1220,3,0
1201,407,1223,3,0
1203,407,1181,0,3
1194,408,1172,0,3
1201,408,1223,3,0
1203,408,1181,0,3
1194,409,1172,0,3
1201,409,1223,3,0
1203,409,1181,0,3
1194,410,1172,0,3
1203,410,1181,0,3
1194,411,1172,0,3
1203,411,1181,0,3
1206,414,1228,3,0
1206,415,1228,3,0
1207,415,1185,0,3
1206,416,1228,3,0
1207,416,1185,0,3
1189,417,1211,3,0
1206,417,1228,3,0
1207,417,1185,0,3
1209,417,1187,0,3
1210,418,1188,0,2
1211,418,1233,3,0
1228,418,1250,3,0
1229,418,1207,0,3
1231,418,1209,0,3
1211,419,1233,3,0
1228,419,1250,3,0
1229,419,1207,0,3
1228,420,1250,3,0
1229,420,1207,0,3
1228,421,1250,3,0
1216,424,1194,0,3
1216,425,1194,0,3
1225,425,1203,0,3
1216,426,1194,0,3
1224,426,1246,3,0
1225,426,1203,0,3
1216,427,1194,0,3
1219,427,1197,0,3
1223,427,1245,3,0
1224,427,1246,3,0
1225,427,1203,0,3
1216,428,1194,0,3
1219,428,1197,0,3
1220,428,1242,3,0
1223,428,1245,3,0
1224,428,1246,3,0
1225,428,1203,0,3
1216,429,1194,0,3
1219,429,1197,0,3
1220,429,1242,3,0
1223,429,1245,3,0
1224,429,1246,3,0
1225,429,1203,0,3
1216,430,1194,0,3
1219,430,1197,0,3
1223,430,1245,3,0
1224,430,1246,3,0
1225,430,1203,0,3
1216,431,1194,0,3
1223,431,1245,3,0
1224,431,1246,3,0
1225,431,1203,0,3
1216,432,1194,0,3
1224,432,1246,3,0
1225,432,1203,0,3
1216,433,1194,0,3
1225,433,1203,0,3
1228,436,1250,3,0
1228,437,1250,3,0
1229,437,1207,0,3
1228,438,1250,3,0
1229,438,1207,0,3
1211,439,1233,3,0
1228,439,1250,3,0
1229,439,1207,0,3
1231,439,1209,0,3
1232,440,1210,0,2
1250,440,1272,3,0
1251,440,1229,0,3
1253,440,1231,0,3
1250,441,1272,3,0
1251,441,1229,0,3
1250,442,1272,3,0
1251,442,1229,0,3
1250,443,1272,3,0
1238,446,1216,0,3
1238,447,1216,0,3
1247,447,1225,0,3
1238,448,1216,0,3
1247,448,1225,0,3
1238,449,1216,0,3
1245,449,1267,3,0
1247,449,1225,0,3
1238,450,1216,0,3
1242,450,1264,3,0
1245,450,1267,3,0
1247,450,1225,0,3
1238,451,1216,0,3
1242,451,1264,3,0
1245,451,1267,3,0
1247,451,1225,0,3
1238,452,1216,0,3
1245,452,1267,3,0
1247,452,1225,0,3
1238,453,1216,0,3
1245,453,1267,3,0
1247,453,1225,0,3
1238,454,1216,0,3
1247,454,1225,0,3
1238,455,1216,0,3
1247,455,1225,0,3
1250,458,1272,3,0
1250,459,1272,3,0
1251,459,1229,0,3
1250,460,1272,3,0
1251,460,1229,0,3
1250,461,1272,3,0
1251,461,1229,0,3
1253,461,1231,0,3
1254,462,1232,0,2
1255,462,1277,3,0
1272,462,1294,3,0
1273,462,1251,0,3
1275,462,1253,0,3
1255,463,1277,3,0
1272,463,1294,3,0
1273,463,1251,0,3
1272,464,1294,3,0
1273,464,1251,0,3
1272,465,1294,3,0
1260,468,1238,0,3
1260,469,1238,0,3
1269,469,1247,0,3
1260,470,1238,0,3
1269,470,1247,0,3
1260,471,1238,0,3
1267,471,1289,3,0
1269,471,1247,0,3
1260,472,1238,0,3
1264,472,1286,3,0
1267,472,1289,3,0
1269,472,1247,0,3
1260,473,1238,0,3
1264,473,1286,3,0
1267,473,1289,3,0
1269,473,1247,0,3
1260,474,1238,0,3
1267,474,1289,3,0
1269,474,1247,0,3
1260,475,1238,0,3
1267,475,1289,3,0
1269,475,1247,0,3
1260,476,1238,0,3
1269,476,1247,0,3
1260,477,1238,0,3
1269,477,1247,0,3
1272,480,1294,3,0
1272,481,1294,3,0
1273,481,1251,0,3
1272,482,1294,3,0
1273,482,1251,0,3
1255,483,1277,3,0
1272,483,1294,3,0
1273,483,1251,0,3
1275,483,1253,0,3
1276,484,1254,0,2
1277,484,1299,3,0
1294,484,1316,3,0
1295,484,1273,0,3
1297,484,1275,0,3
1277,485,1299,3,0
1294,485,1316,3,0
1295,485,1273,0,3
1294,486,1316,3,0
1295,486,1273,0,3
1294,487,1316,3,0
1282,490,1260,0,3
1282,491,1260,0,3
1291,491,1269,0,3
1282,492,1260,0,3
1291,492,1269,0,3
1282,493,1260,0,3
1289,493,1311,3,0
1291,493,1269,0,3
1282,494,1260,0,3
1286,494,1308,3,0
1289,494,1311,3,0
1291,494,1269,0,3
1282,495,1260,0,3
1286,495,1308,3,0
1289,495,1311,3,0
1291,495,1269,0,3
1282,496,1260,0,3
1289,496,1311,3,0
1291,496,1269,0,3
1282,497,1260,0,3
1289,497,1311,3,0
1291,497,1269,0,3
1282,498,1260,0,3
1291,498,1269,0,3
1282,499,1260,0,3
1291,499,1269,0,3
1294,502,1316,3,0
1294,503,1316,3,0
1295,503,1273,0,3
1294,504,1316,3,0
1295,504,1273,0,3
1277,505,1299,3,0
1294,505,1316,3,0
1295,505,1273,0,3
1297,505,1275,0,3
1317,506,1295,0,3
1319,506,1297,0,3
1317,507,1295,0,3
1317,508,1295,0,3
1304,512,1282,0,3
1304,513,1282,0,3
1313,513,1291,0,3
1304,514,1282,0,3
1313,514,1291,0,3
1304,515,1282,0,3
1311,515,1333,3,0
1313,515,1291,0,3
1304,516,1282,0,3
1311,516,1333,3,0
1313,516,1291,0,3
1304,517,1282,0,3
1311,517,1333,3,0
1313,517,1291,0,3
1304,518,1282,0,3
1311,518,1333,3,0
1313,518,1291,0,3
1304,519,1282,0,3
1311,519,1333,3,0
1313,519,1291,0,3
1304,520,1282,0,3
1313,520,1291,0,3
1304,521,1282,0,3
1313,521,1291,0,3
1317,525,1295,0,3
1317,526,1295,0,3
1317,527,1295,0,3
1319,527,1297,0,3
1339,528,1317,0,3
1341,528,1319,0,3
1339,529,1317,0,3
1339,530,1317,0,3
1326,534,1304,0,3
1326,535,1304,0,3
1335,535,1313,0,3
1326,536,1304,0,3
1334,536,1312,0,3
1335,536,1313,0,3
1326,537,1304,0,3
1329,537,1307,0,3
1333,537,1355,3,0
1334,537,1312,0,3
1335,537,1313,0,3
1326,538,1304,0,3
1329,538,1307,0,3
1333,538,1355,3,0
1334,538,1312,0,3
1335,538,1313,0,3
1326,539,1304,0,3
1329,539,1307,0,3
1333,539,1355,3,0
1334,539,1312,0,3
1335,539,1313,0,3
1326,540,1304,0,3
1329,540,1307,0,3
1333,540,1355,3,0
1334,540,1312,0,3
1335,540,1313,0,3
1326,541,1304,0,3
1333,541,1355,3,0
1334,541,1312,0,3
1335,541,1313,0,3
1326,542,1304,0,3
1334,542,1312,0,3
1335,542,1313,0,3
1326,543,1304,0,3
1335,543,1313,0,3
1339,547,1317,0,3
1339,548,1317,0,3
1339,549,1317,0,3
1341,549,1319,0,3
1359,550,1381,3,0
1363,550,1341,0,3
1359,551,1381,3,0
1359,552,1381,3,0
1359,553,1381,3,0
1359,554,1381,3,0
1348,556,1326,0,3
1348,557,1326,0,3
1357,557,1335,0,3
1348,558,1326,0,3
1356,558,1334,0,3
1357,558,1335,0,3
1348,559,1326,0,3
1351,559,1329,0,3
1355,559,1377,3,0
1356,559,1334,0,3
1357,559,1335,0,3
1348,560,1326,0,3
1351,560,1329,0,3
1355,560,1377,3,0
1356,560,1334,0,3
1357,560,1335,0,3
1348,561,1326,0,3
1351,561,1329,0,3
1355,561,1377,3,0
1356,561,1334,0,3
1357,561,1335,0,3
1348,562,1326,0,3
1351,562,1329,0,3
1355,562,1377,3,0
1356,562,1334,0,3
1357,562,1335,0,3
1348,563,1326,0,3
1355,563,1377,3,0
1356,563,1334,0,3
1357,563,1335,0,3
1348,564,1326,0,3
1356,564,1334,0,3
1357,564,1335,0,3
1348,565,1326,0,3
1357,565,1335,0,3
1359,567,1381,3,0
1359,568,1381,3,0
1359,569,1381,3,0
1359,570,1381,3,0
1359,571,1381,3,0
1363,571,1341,0,3
1365,572,1387,3,0
1381,572,1403,3,0
1383,572,1361,0,3
1385,572,1363,0,3
1365,573,1387,3,0
1381,573,1403,3,0
1383,573,1361,0,3
1381,574,1403,3,0
1383,574,1361,0,3
1381,575,1403,3,0
1381,576,1403,3,0
1370,578,1348,0,3
1370,579,1348,0,3
1379,579,1357,0,3
1370,580,1348,0,3
1378,580,1356,0,3
1379,580,1357,0,3
1370,581,1348,0,3
1373,581,1351,0,3
1377,581,1399,3,0
1378,581,1356,0,3
1379,581,1357,0,3
1370,582,1348,0,3
1373,582,1351,0,3
1374,582,1352,0,3
1377,582,1399,3,0
1378,582,1356,0,3
1379,582,1357,0,3
1370,583,1348,0,3
1373,583,1351,0,3
1374,583,1352,0,3
1377,583,1399,3,0
1378,583,1356,0,3
1379,583,1357,0,3
1370,584,1348,0,3
1373,584,1351,0,3
1377,584,1399,3,0
1378,584,1356,0,3
1379,584,1357,0,3
1370,585,1348,0,3
1377,585,1399,3,0
1378,585,1356,0,3
1379,585,1357,0,3
1370,586,1348,0,3
1378,586,1356,0,3
1379,586,1357,0,3
1370,587,1348,0,3
1379,587,1357,0,3
1381,589,1403,3,0
1381,590,1403,3,0
1381,591,1403,3,0
1383,591,1361,0,3
1381,592,1403,3,0
1383,592,1361,0,3
1365,593,1387,3,0
1381,593,1403,3,0
1383,593,1361,0,3
1385,593,1363,0,3
1387,594,1409,3,0
1403,594,1425,3,0
1405,594,1383,0,3
1407,594,1385,0,3
1387,595,1409,3,0
1403,595,1425,3,0
1405,595,1383,0,3
1403,596,1425,3,0
1405,596,1383,0,3
1403,597,1425,3,0
1403,598,1425,3,0
1392,600,1370,0,3
1392,601,1370,0,3
1401,601,1379,0,3
1392,602,1370,0,3
1400,602,1378,0,3
1401,602,1379,0,3
1392,603,1370,0,3
1395,603,1373,0,3
1399,603,1421,3,0
1400,603,1378,0,3
1401,603,1379,0,3
1392,604,1370,0,3
1395,604,1373,0,3
1396,604,1374,0,3
1399,604,1421,3,0
1400,604,1378,0,3
1401,604,1379,0,3
1392,605,1370,0,3
1395,605,1373,0,3
1396,605,1374,0,3
1399,605,1421,3,0
1400,605,1378,0,3
1401,605,1379,0,3
1392,606,1370,0,3
1395,606,1373,0,3
1399,606,1421,3,0
1400,606,1378,0,3
1401,606,1379,0,3
1392,607,1370,0,3
1399,607,1421,3,0
1400,607,1378,0,3
1401,607,1379,0,3
1392,608,1370,0,3
1400,608,1378,0,3
1401,608,1379,0,3
1392,609,1370,0,3
1401,609,1379,0,3
1403,611,1425,3,0
1403,612,1425,3,0
1403,613,1425,3,0
1405,613,1383,0,3
1403,614,1425,3,0
1405,614,1383,0,3
1387,615,1409,3,0
1403,615,1425,3,0
1405,615,1383,0,3
1407,615,1385,0,3
1425,616,1447,3,0
1427,616,1405,0,3
1429,616,1407,0,3
1425,617,1447,3,0
1427,617,1405,0,3
1425,618,1447,3,0
1427,618,1405,0,3
1425,619,1447,3,0
1425,620,1447,3,0
1414,622,1392,0,3
1414,623,1392,0,3
1423,623,1401,0,3
1414,624,1392,0,3
1423,624,1401,0,3
1414,625,1392,0,3
1417,625,1395,0,3
1421,625,1443,3,0
1423,625,1401,0,3
1414,626,1392,0,3
1417,626,1395,0,3
1418,626,1396,0,3
1421,626,1443,3,0
1423,626,1401,0,3
1414,627,1392,0,3
1417,627,1395,0,3
1418,627,1396,0,3
1421,627,1443,3,0
1423,627,1401,0,3
1414,628,1392,0,3
1417,628,1395,0,3
1421,628,1443,3,0
1423,628,1401,0,3
1414,629,1392,0,3
1421,629,1443,3,0
1423,629,1401,0,3
1414,630,1392,0,3
1423,630,1401,0,3
1414,631,1392,0,3
1423,631,1401,0,3
1425,633,1447,3,0
1425,634,1447,3,0
1425,635,1447,3,0
1427,635,1405,0,3
1425,636,1447,3,0
1427,636,1405,0,3
1425,637,1447,3,0
1427,637,1405,0,3
1429,637,1407,0,3
1447,638,1469,3,0
1449,638,1427,0,3
1451,638,1429,0,3
1447,639,1469,3,0
1449,639,1427,0,3
1447,640,1469,3,0
1449,640,1427,0,3
1447,641,1469,3,0
1447,642,1469,3,0
1445,645,1423,0,3
1444,646,1466,3,0
1445,646,1423,0,3
1439,647,1417,0,3
1443,647,1465,3,0
1444,647,1466,3,0
1445,647,1423,0,3
1439,648,1417,0,3
1440,648,1418,0,3
1443,648,1465,3,0
1444,648,1466,3,0
1445,648,1423,0,3
1439,649,1417,0,3
1440,649,1418,0,3
1443,649,1465,3,0
1444,649,1466,3,0
1445,649,1423,0,3
1439,650,1417,0,3
1443,650,1465,3,0
1444,650,1466,3,0
1445,650,1423,0,3
1443,651,1465,3,0
1444,651,1466,3,0
1445,651,1423,0,3
1444,652,1466,3,0
1445,652,1423,0,3
1445,653,1423,0,3
1447,655,1469,3,0
1447,656,1469,3,0
1447,657,1469,3,0
1449,657,1427,0,3
1447,658,1469,3,0
1449,658,1427,0,3
1447,659,1469,3,0
1449,659,1427,0,3
1451,659,1429,0,3
1452,660,1474,2,0
1454,660,1432,0,3
1469,660,1491,3,0
1471,660,1449,0,3
1473,660,1451,0,3
1454,661,1432,0,3
1469,661,1491,3,0
1471,661,1449,0,3
1454,662,1432,0,3
1469,662,1491,3,0
1471,662,1449,0,3
1469,663,1491,3,0
1469,664,1491,3,0
1467,667,1445,0,3
1466,668,1488,3,0
1467,668,1445,0,3
1465,669,1487,3,0
1466,669,1488,3,0
1467,669,1445,0,3
1465,670,1487,3,0
1466,670,1488,3,0
1467,670,1445,0,3
1465,671,1487,3,0
1466,671,1488,3,0
1467,671,1445,0,3
1465,672,1487,3,0
1466,672,1488,3,0
1467,672,1445,0,3
1465,673,1487,3,0
1466,673,1488,3,0
1467,673,1445,0,3
1466,674,1488,3,0
1467,674,1445,0,3
1467,675,1445,0,3
1469,677,1491,3,0
1469,678,1491,3,0
1469,679,1491,3,0
1471,679,1449,0,3
1454,680,1432,0,3
1469,680,1491,3,0
1471,680,1449,0,3
1454,681,1432,0,3
1469,681,1491,3,0
1471,681,1449,0,3
1473,681,1451,0,3
1474,682,1496,2,0
1475,682,1453,0,3
1476,682,1454,0,3
1479,682,1501,3,0
1491,682,1513,3,0
1493,682,1471,0,3
1495,682,1473,0,3
1475,683,1453,0,3
1476,683,1454,0,3
1479,683,1501,3,0
1491,683,1513,3,0
1493,683,1471,0,3
1476,684,1454,0,3
1479,684,1501,3,0
1491,684,1513,3,0
1493,684,1471,0,3
1479,685,1501,3,0
1491,685,1513,3,0
1479,686,1501,3,0
1491,686,1513,3,0
1479,687,1501,3,0
1479,688,1501,3,0
1480,688,1458,0,3
1479,689,1501,3,0
1480,689,1458,0,3
1489,689,1467,0,3
1479,690,1501,3,0
1480,690,1458,0,3
1488,690,1510,3,0
1489,690,1467,0,3
1479,691,1501,3,0
1480,691,1458,0,3
1487,691,1509,3,0
1488,691,1510,3,0
1489,691,1467,0,3
1479,692,1501,3,0
1480,692,1458,0,3
1487,692,1509,3,0
1488,692,1510,3,0
1489,692,1467,0,3
1479,693,1501,3,0
1480,693,1458,0,3
1487,693,1509,3,0
1488,693,1510,3,0
1489,693,1467,0,3
1479,694,1501,3,0
1480,694,1458,0,3
1487,694,1509,3,0
1488,694,1510,3,0
1489,694,1467,0,3
1479,695,1501,3,0
1480,695,1458,0,3
1487,695,1509,3,0
1488,695,1510,3,0
1489,695,1467,0,3
1479,696,1501,3,0
1480,696,1458,0,3
1488,696,1510,3,0
1489,696,1467,0,3
1479,697,1501,3,0
1480,697,1458,0,3
1489,697,1467,0,3
1479,699,1501,3,0
1491,699,1513,3,0
1479,700,1501,3,0
1491,700,1513,3,0
1479,701,1501,3,0
1491,701,1513,3,0
1493,701,1471,0,3
1476,702,1454,0,3
1479,702,1501,3,0
1491,702,1513,3,0
1493,702,1471,0,3
1475,703,1453,0,3
1476,703,1454,0,3
1479,703,1501,3,0
1491,703,1513,3,0
1493,703,1471,0,3
1495,703,1473,0,3
1497,704,1475,0,3
1498,704,1476,0,3
1513,704,1535,3,0
1515,704,1493,0,3
1517,704,1495,0,3
1497,705,1475,0,3
1498,705,1476,0,3
1513,705,1535,3,0
1515,705,1493,0,3
1498,706,1476,0,3
1513,706,1535,3,0
1515,706,1493,0,3
1513,707,1535,3,0
1513,708,1535,3,0
1502,710,1480,0,3
1502,711,1480,0,3
1511,711,1489,0,3
1502,712,1480,0,3
1510,712,1532,3,0
1511,712,1489,0,3
1502,713,1480,0,3
1505,713,1483,0,3
1509,713,1531,3,0
1510,713,1532,3,0
1511,713,1489,0,3
1502,714,1480,0,3
1505,714,1483,0,3
1509,714,1531,3,0
1510,714,1532,3,0
1511,714,1489,0,3
1502,715,1480,0,3
1505,715,1483,0,3
1509,715,1531,3,0
1510,715,1532,3,0
1511,715,1489,0,3
1502,716,1480,0,3
1505,716,1483,0,3
1509,716,1531,3,0
1510,716,1532,3,0
1511,716,1489,0,3
1502,717,1480,0,3
1509,717,1531,3,0
1510,717,1532,3,0
1511,717,1489,0,3
1502,718,1480,0,3
1510,718,1532,3,0
1511,718,1489,0,3
1502,719,1480,0,3
1511,719,1489,0,3
1513,721,1535,3,0
1513,722,1535,3,0
1513,723,1535,3,0
1515,723,1493,0,3
1498,724,1476,0,3
1513,724,1535,3,0
1515,724,1493,0,3
1497,725,1475,0,3
1498,725,1476,0,3
1513,725,1535,3,0
1515,725,1493,0,3
1517,725,1495,0,3
1518,726,1540,2,0
1519,726,1497,0,3
1520,726,1498,0,3
1523,726,1545,3,0
1535,726,1557,3,0
1537,726,1515,0,3
1538,726,1516,0,3
1519,727,1497,0,3
1520,727,1498,0,3
1523,727,1545,3,0
1535,727,1557,3,0
1537,727,1515,0,3
1538,727,1516,0,3
1520,728,1498,0,3
1523,728,1545,3,0
1535,728,1557,3,0
1537,728,1515,0,3
1523,729,1545,3,0
1535,729,1557,3,0
1523,730,1545,3,0
1535,730,1557,3,0
1523,731,1545,3,0
1523,732,1545,3,0
1524,732,1502,0,3
1523,733,1545,3,0
1524,733,1502,0,3
1525,733,1503,0,3
1523,734,1545,3,0
1524,734,1502,0,3
1525,734,1503,0,3
1523,735,1545,3,0
1524,735,1502,0,3
1525,735,1503,0,3
1527,735,1505,0,3
1531,735,1553,3,0
1523,736,1545,3,0
1524,736,1502,0,3
1525,736,1503,0,3
1527,736,1505,0,3
1530,736,1552,3,0
1531,736,1553,3,0
1523,737,1545,3,0
1524,737,1502,0,3
1525,737,1503,0,3
1527,737,1505,0,3
1529,737,1507,0,3
1530,737,1552,3,0
1531,737,1553,3,0
1523,738,1545,3,0
1524,738,1502,0,3
1525,738,1503,0,3
1527,738,1505,0,3
1530,738,1552,3,0
1531,738,1553,3,0
1523,739,1545,3,0
1524,739,1502,0,3
1525,739,1503,0,3
1531,739,1553,3,0
1523,740,1545,3,0
1524,740,1502,0,3
1525,740,1503,0,3
1523,741,1545,3,0
1524,741,1502,0,3
1523,743,1545,3,0
1535,743,1557,3,0
1523,744,1545,3,0
1535,744,1557,3,0
1523,745,1545,3,0
1535,745,1557,3,0
1537,745,1515,0,3
1520,746,1498,0,3
1523,746,1545,3,0
1535,746,1557,3,0
1537,746,1515,0,3
1538,746,1516,0,3
1519,747,1497,0,3
1520,747,1498,0,3
1523,747,1545,3,0
1535,747,1557,3,0
1537,747,1515,0,3
1538,747,1516,0,3
1541,748,1519,0,3
1542,748,1520,0,3
1545,748,1567,3,0
1557,748,1579,3,0
1558,748,1536,0,3
1559,748,1537,0,3
1560,748,1538,0,3
1541,749,1519,0,3
1542,749,1520,0,3
1545,749,1567,3,0
1557,749,1579,3,0
1558,749,1536,0,3
1559,749,1537,0,3
1560,749,1538,0,3
1542,750,1520,0,3
1545,750,1567,3,0
1557,750,1579,3,0
1558,750,1536,0,3
1559,750,1537,0,3
1545,751,1567,3,0
1557,751,1579,3,0
1558,751,1536,0,3
1545,752,1567,3,0
1557,752,1579,3,0
1545,753,1567,3,0
1545,754,1567,3,0
1546,754,1524,0,3
1545,755,1567,3,0
1546,755,1524,0,3
1547,755,1525,0,3
1545,756,1567,3,0
1546,756,1524,0,3
1547,756,1525,0,3
1554,756,1576,3,0
1545,757,1567,3,0
1546,757,1524,0,3
1547,757,1525,0,3
1549,757,1527,0,3
1554,757,1576,3,0
1545,758,1567,3,0
1546,758,1524,0,3
1547,758,1525,0,3
1549,758,1527,0,3
1552,758,1574,3,0
1554,758,1576,3,0
1545,759,1567,3,0
1546,759,1524,0,3
1547,759,1525,0,3
1549,759,1527,0,3
1551,759,1529,0,3
1552,759,1574,3,0
1554,759,1576,3,0
1545,760,1567,3,0
1546,760,1524,0,3
1547,760,1525,0,3
1549,760,1527,0,3
1552,760,1574,3,0
1554,760,1576,3,0
1545,761,1567,3,0
1546,761,1524,0,3
1547,761,1525,0,3
1554,761,1576,3,0
1545,762,1567,3,0
1546,762,1524,0,3
1547,762,1525,0,3
1554,762,1576,3,0
1545,763,1567,3,0
1546,763,1524,0,3
1545,765,1567,3,0
1557,765,1579,3,0
1545,766,1567,3,0
1557,766,1579,3,0
1558,766,1536,0,3
1545,767,1567,3,0
1557,767,1579,3,0
1558,767,1536,0,3
1559,767,1537,0,3
1542,768,1520,0,3
1545,768,1567,3,0
1557,768,1579,3,0
1558,768,1536,0,3
1559,768,1537,0,3
1560,768,1538,0,3
1541,769,1519,0,3
1542,769,1520,0,3
1545,769,1567,3,0
1557,769,1579,3,0
1558,769,1536,0,3
1559,769,1537,0,3
1560,769,1538,0,3
1563,770,1541,0,3
1564,770,1542,0,3
1567,770,5,3,3
1579,770,17,3,3
1580,770,1558,0,3
1581,770,1559,0,3
1582,770,1560,0,3
1563,771,1541,0,3
1564,771,1542,0,3
1567,771,5,3,3
1579,771,17,3,3
1580,771,1558,0,3
1581,771,1559,0,3
1582,771,1560,0,3
1564,772,1542,0,3
1567,772,5,3,3
1579,772,17,3,3
1580,772,1558,0,3
1581,772,1559,0,3
1567,773,5,3,3
1579,773,17,3,3
1580,773,1558,0,3
1567,774,5,3,3
1579,774,17,3,3
1567,775,5,3,3
1567,776,5,3,3
1567,777,5,3,3
1567,778,5,3,3
1576,778,14,3,3
1567,779,5,3,3
1571,779,1549,0,3
1576,779,14,3,3
1567,780,5,3,3
1571,780,1549,0,3
1574,780,12,3,3
1576,780,14,3,3
1567,781,5,3,3
1571,781,1549,0,3
1573,781,1551,0,3
1574,781,12,3,3
1576,781,14,3,3
1567,782,5,3,3
1571,782,1549,0,3
1574,782,12,3,3
1576,782,14,3,3
1567,783,5,3,3
1576,783,14,3,3
1567,784,5,3,3
1576,784,14,3,3
1567,785,5,3,3
1567,787,5,3,3
1579,787,17,3,3
1567,788,5,3,3
1579,788,17,3,3
1580,788,1558,0,3
1567,789,5,3,3
1579,789,17,3,3
1580,789,1558,0,3
1581,789,1559,0,3
1564,790,1542,0,3
1567,790,5,3,3
1579,790,17,3,3
1580,790,1558,0,3
1581,790,1559,0,3
1582,790,1560,0,3
1563,791,1541,0,3
1564,791,1542,0,3
1567,791,5,3,3
1579,791,17,3,3
1580,791,1558,0,3
1581,791,1559,0,3
1582,791,1560,0,3
1,792,1563,3,3
3,792,25,2,0
5,792,27,2,0
18,792,1580,3,3
19,792,1581,3,3
20,792,1582,3,3
1,793,1563,3,3
3,793,25,2,0
5,793,27,2,0
18,793,1580,3,3
19,793,1581,3,3
20,793,1582,3,3
3,794,25,2,0
5,794,27,2,0
18,794,1580,3,3
19,794,1581,3,3
3,795,25,2,0
5,795,27,2,0
18,795,1580,3,3
5,796,27,2,0
5,797,27,2,0
5,798,27,2,0
5,799,27,2,0
7,799,29,2,0
5,800,27,2,0
7,800,29,2,0
14,800,36,2,0
5,801,27,2,0
7,801,29,2,0
9,801,1571,3,3
14,801,36,2,0
5,802,27,2,0
7,802,29,2,0
9,802,1571,3,3
12,802,34,2,0
14,802,36,2,0
5,803,27,2,0
7,803,29,2,0
9,803,1571,3,3
11,803,1573,3,3
12,803,34,2,0
14,803,36,2,0
5,804,27,2,0
7,804,29,2,0
9,804,1571,3,3
12,804,34,2,0
14,804,36,2,0
5,805,27,2,0
7,805,29,2,0
14,805,36,2,0
5,806,27,2,0
7,806,29,2,0
14,806,36,2,0
5,807,27,2,0
5,809,27,2,0
5,810,27,2,0
18,810,1580,3,3
3,811,25,2,0
5,811,27,2,0
18,811,1580,3,3
19,811,1581,3,3
3,812,25,2,0
5,812,27,2,0
18,812,1580,3,3
19,812,1581,3,3
20,812,1582,3,3
1,813,1563,3,3
3,813,25,2,0
5,813,27,2,0
18,813,1580,3,3
19,813,1581,3,3
20,813,1582,3,3
24,814,46,3,0
25,814,47,3,0
40,814,18,0,2
41,814,19,0,2
24,815,46,3,0
25,815,47,3,0
40,815,18,0,2
41,815,19,0,2
24,816,46,3,0
25,816,47,3,0
40,816,18,0,2
41,816,19,0,2
25,817,47,3,0
40,817,18,0,2
28,820,50,3,0
28,821,50,3,0
28,822,50,3,0
36,822,58,3,0
28,823,50,3,0
31,823,9,0,2
36,823,58,3,0
28,824,50,3,0
31,824,9,0,2
34,824,56,3,0
36,824,58,3,0
28,825,50,3,0
31,825,9,0,2
33,825,11,0,2
34,825,56,3,0
36,825,58,3,0
28,826,50,3,0
31,826,9,0,2
34,826,56,3,0
36,826,58,3,0
28,827,50,3,0
36,827,58,3,0
28,828,50,3,0
36,828,58,3,0
28,829,50,3,0
40,832,18,0,2
25,833,47,3,0
40,833,18,0,2
41,833,19,0,2
24,834,46,3,0
25,834,47,3,0
40,834,18,0,2
41,834,19,0,2
24,835,46,3,0
25,835,47,3,0
40,835,18,0,2
41,835,19,0,2
47,836,69,3,0
48,836,26,0,3
49,836,27,0,3
62,836,40,0,3
63,836,41,0,3
64,836,86,3,0
47,837,69,3,0
48,837,26,0,3
49,837,27,0,3
62,837,40,0,3
63,837,41,0,3
64,837,86,3,0
47,838,69,3,0
48,838,26,0,3
49,838,27,0,3
62,838,40,0,3
63,838,41,0,3
47,839,69,3,0
48,839,26,0,3
49,839,27,0,3
62,839,40,0,3
48,840,26,0,3
49,840,27,0,3
49,841,27,0,3
49,842,27,0,3
50,842,72,3,0
49,843,27,0,3
50,843,72,3,0
49,844,27,0,3
50,844,72,3,0
52,844,30,0,3
58,844,80,3,0
49,845,27,0,3
50,845,72,3,0
52,845,30,0,3
53,845,31,0,3
58,845,80,3,0
49,846,27,0,3
50,846,72,3,0
52,846,30,0,3
53,846,31,0,3
58,846,80,3,0
49,847,27,0,3
50,847,72,3,0
52,847,30,0,3
53,847,31,0,3
55,847,33,0,3
58,847,80,3,0
49,848,27,0,3
50,848,72,3,0
52,848,30,0,3
53,848,31,0,3
58,848,80,3,0
49,849,27,0,3
50,849,72,3,0
52,849,30,0,3
58,849,80,3,0
49,850,27,0,3
50,850,72,3,0
58,850,80,3,0
49,851,27,0,3
50,851,72,3,0
49,853,27,0,3
48,854,26,0,3
49,854,27,0,3
62,854,40,0,3
47,855,69,3,0
48,855,26,0,3
49,855,27,0,3
62,855,40,0,3
63,855,41,0,3
47,856,69,3,0
48,856,26,0,3
49,856,27,0,3
62,856,40,0,3
63,856,41,0,3
64,856,86,3,0
47,857,69,3,0
48,857,26,0,3
49,857,27,0,3
62,857,40,0,3
63,857,41,0,3
64,857,86,3,0
69,858,91,3,0
70,858,48,0,3
84,858,62,0,3
85,858,63,0,3
86,858,108,3,0
69,859,91,3,0
70,859,48,0,3
84,859,62,0,3
85,859,63,0,3
86,859,108,3,0
69,860,91,3,0
70,860,48,0,3
84,860,62,0,3
85,860,63,0,3
69,861,91,3,0
70,861,48,0,3
84,861,62,0,3
70,862,48,0,3
72,864,94,3,0
72,865,94,3,0
81,865,103,3,0
72,866,94,3,0
74,866,52,0,3
81,866,103,3,0
72,867,94,3,0
74,867,52,0,3
75,867,53,0,3
81,867,103,3,0
72,868,94,3,0
74,868,52,0,3
75,868,53,0,3
81,868,103,3,0
72,869,94,3,0
74,869,52,0,3
75,869,53,0,3
77,869,55,0,3
81,869,103,3,0
72,870,94,3,0
74,870,52,0,3
75,870,53,0,3
81,870,103,3,0
72,871,94,3,0
74,871,52,0,3
81,871,103,3,0
72,872,94,3,0
81,872,103,3,0
72,873,94,3,0
81,873,103,3,0
70,876,48,0,3
84,876,62,0,3
69,877,91,3,0
70,877,48,0,3
84,877,62,0,3
85,877,63,0,3
69,878,91,3,0
70,878,48,0,3
84,878,62,0,3
85,878,63,0,3
86,878,108,3,0
69,879,91,3,0
70,879,48,0,3
84,879,62,0,3
85,879,63,0,3
86,879,108,3,0
91,880,113,3,0
92,880,70,0,3
91,881,113,3,0
92,881,70,0,3
91,882,113,3,0
92,882,70,0,3
91,883,113,3,0
92,883,70,0,3
92,884,70,0,3
103,887,125,3,0
103,888,125,3,0
97,889,75,0,3
101,889,79,0,3
103,889,125,3,0
97,890,75,0,3
101,890,79,0,3
103,890,125,3,0
97,891,75,0,3
99,891,77,0,3
101,891,79,0,3
103,891,125,3,0
97,892,75,0,3
101,892,79,0,3
103,892,125,3,0
101,893,79,0,3
103,893,125,3,0
103,894,125,3,0
103,895,125,3,0
92,898,70,0,3
91,899,113,3,0
92,899,70,0,3
91,900,113,3,0
92,900,70,0,3
91,901,113,3,0
92,901,70,0,3
113,902,135,3,0
114,902,92,0,3
128,902,106,0,3
113,903,135,3,0
114,903,92,0,3
128,903,106,0,3
113,904,135,3,0
114,904,92,0,3
128,904,106,0,3
113,905,135,3,0
114,905,92,0,3
128,905,106,0,3
114,906,92,0,3
116,908,94,0,3
116,909,94,0,3
125,909,147,3,0
116,910,94,0,3
118,910,96,0,3
125,910,147,3,0
116,911,94,0,3
118,911,96,0,3
123,911,101,0,3
125,911,147,3,0
116,912,94,0,3
118,912,96,0,3
123,912,101,0,3
125,912,147,3,0
116,913,94,0,3
118,913,96,0,3
121,913,99,0,3
123,913,101,0,3
125,913,147,3,0
116,914,94,0,3
118,914,96,0,3
123,914,101,0,3
125,914,147,3,0
116,915,94,0,3
118,915,96,0,3
123,915,101,0,3
125,915,147,3,0
116,916,94,0,3
125,916,147,3,0
116,917,94,0,3
125,917,147,3,0
114,920,92,0,3
128,920,106,0,3
113,921,135,3,0
114,921,92,0,3
128,921,106,0,3
113,922,135,3,0
114,922,92,0,3
128,922,106,0,3
113,923,135,3,0
114,923,92,0,3
128,923,106,0,3
133,924,111,0,3
136,924,114,0,3
149,924,171,3,0
150,924,128,0,3
153,924,175,3,0
133,925,111,0,3
136,925,114,0,3
149,925,171,3,0
150,925,128,0,3
136,926,114,0,3
149,926,171,3,0
150,926,128,0,3
136,927,114,0,3
149,927,171,3,0
150,927,128,0,3
136,928,114,0,3
149,928,171,3,0
138,930,116,0,3
138,931,116,0,3
147,931,169,3,0
138,932,116,0,3
147,932,169,3,0
138,933,116,0,3
145,933,123,0,3
147,933,169,3,0
138,934,116,0,3
142,934,164,3,0
145,934,123,0,3
147,934,169,3,0
138,935,116,0,3
142,935,164,3,0
143,935,121,0,3
145,935,123,0,3
147,935,169,3,0
138,936,116,0,3
145,936,123,0,3
147,936,169,3,0
138,937,116,0,3
145,937,123,0,3
147,937,169,3,0
138,938,116,0,3
147,938,169,3,0
138,939,116,0,3
147,939,169,3,0
149,941,171,3,0
136,942,114,0,3
149,942,171,3,0
150,942,128,0,3
136,943,114,0,3
149,943,171,3,0
150,943,128,0,3
136,944,114,0,3
149,944,171,3,0
150,944,128,0,3
133,945,111,0,3
136,945,114,0,3
149,945,171,3,0
150,945,128,0,3
153,945,175,3,0
155,946,133,0,3
171,946,193,3,0
172,946,150,0,3
175,946,197,3,0
155,947,133,0,3
171,947,193,3,0
172,947,150,0,3
171,948,193,3,0
172,948,150,0,3
171,949,193,3,0
172,949,150,0,3
171,950,193,3,0
160,952,138,0,3
160,953,138,0,3
169,953,191,3,0
160,954,138,0,3
168,954,190,3,0
169,954,191,3,0
160,955,138,0,3
167,955,145,0,3
168,955,190,3,0
169,955,191,3,0
160,956,138,0,3
164,956,186,3,0
167,956,145,0,3
168,956,190,3,0
169,956,191,3,0
160,957,138,0,3
164,957,186,3,0
165,957,143,0,3
167,957,145,0,3
168,957,190,3,0
169,957,191,3,0
160,958,138,0,3
167,958,145,0,3
168,958,190,3,0
169,958,191,3,0
160,959,138,0,3
167,959,145,0,3
168,959,190,3,0
169,959,191,3,0
160,960,138,0,3
168,960,190,3,0
169,960,191,3,0
160,961,138,0,3
169,961,191,3,0
171,963,193,3,0
171,964,193,3,0
172,964,150,0,3
171,965,193,3,0
172,965,150,0,3
171,966,193,3,0
172,966,150,0,3
155,967,133,0,3
171,967,193,3,0
172,967,150,0,3
175,967,197,3,0
194,968,172,0,3
197,968,219,3,0
194,969,172,0,3
194,970,172,0,3
194,971,172,0,3
182,974,160,0,3
182,975,160,0,3
191,975,213,3,0
182,976,160,0,3
190,976,212,3,0
191,976,213,3,0
182,977,160,0,3
189,977,167,0,3
190,977,212,3,0
191,977,213,3,0
182,978,160,0,3
186,978,208,3,0
189,978,167,0,3
190,978,212,3,0
191,978,213,3,0
182,979,160,0,3
186,979,208,3,0
189,979,167,0,3
190,979,212,3,0
191,979,213,3,0
182,980,160,0,3
189,980,167,0,3
190,980,212,3,0
191,980,213,3,0
182,981,160,0,3
189,981,167,0,3
190,981,212,3,0
191,981,213,3,0
182,982,160,0,3
190,982,212,3,0
191,982,213,3,0
182,983,160,0,3
191,983,213,3,0
194,986,172,0,3
194,987,172,0,3
194,988,172,0,3
194,989,172,0,3
197,989,219,3,0
216,990,194,0,3
219,990,241,3,0
216,991,194,0,3
216,992,194,0,3
216,993,194,0,3
204,996,226,3,0
204,997,226,3,0
213,997,235,3,0
204,998,226,3,0
213,998,235,3,0
204,999,226,3,0
211,999,189,0,3
213,999,235,3,0
204,1000,226,3,0
208,1000,230,3,0
211,1000,189,0,3
213,1000,235,3,0
204,1001,226,3,0
208,1001,230,3,0
211,1001,189,0,3
213,1001,235,3,0
204,1002,226,3,0
211,1002,189,0,3
213,1002,235,3,0
204,1003,226,3,0
211,1003,189,0,3
213,1003,235,3,0
204,1004,226,3,0
213,1004,235,3,0
204,1005,226,3,0
213,1005,235,3,0
216,1008,194,0,3
216,1009,194,0,3
216,1010,194,0,3
216,1011,194,0,3
219,1011,241,3,0
225,1012,247,3,0
238,1012,216,0,3
239,1012,261,3,0
241,1012,263,3,0
225,1013,247,3,0
238,1013,216,0,3
239,1013,261,3,0
225,1014,247,3,0
238,1014,216,0,3
239,1014,261,3,0
225,1015,247,3,0
238,1015,216,0,3
225,1016,247,3,0
225,1017,247,3,0
225,1018,247,3,0
226,1018,248,3,0
225,1019,247,3,0
226,1019,248,3,0
235,1019,257,3,0
225,1020,247,3,0
226,1020,248,3,0
235,1020,257,3,0
225,1021,247,3,0
226,1021,248,3,0
229,1021,251,3,0
233,1021,211,0,3
235,1021,257,3,0
225,1022,247,3,0
226,1022,248,3,0
229,1022,251,3,0
233,1022,211,0,3
235,1022,257,3,0
225,1023,247,3,0
226,1023,248,3,0
229,1023,251,3,0
233,1023,211,0,3
235,1023,257,3,0
225,1024,247,3,0
226,1024,248,3,0
229,1024,251,3,0
233,1024,211,0,3
235,1024,257,3,0
225,1025,247,3,0
226,1025,248,3,0
233,1025,211,0,3
235,1025,257,3,0
225,1026,247,3,0
226,1026,248,3,0
235,1026,257,3,0
225,1027,247,3,0
226,1027,248,3,0
235,1027,257,3,0
225,1029,247,3,0
225,1030,247,3,0
238,1030,216,0,3
225,1031,247,3,0
238,1031,216,0,3
239,1031,261,3,0
225,1032,247,3,0
238,1032,216,0,3
239,1032,261,3,0
225,1033,247,3,0
238,1033,216,0,3
239,1033,261,3,0
241,1033,263,3,0
243,1034,221,0,3
247,1034,269,3,0
260,1034,238,0,3
261,1034,283,3,0
263,1034,285,3,0
243,1035,221,0,3
247,1035,269,3,0
260,1035,238,0,3
261,1035,283,3,0
247,1036,269,3,0
260,1036,238,0,3
261,1036,283,3,0
247,1037,269,3,0
260,1037,238,0,3
247,1038,269,3,0
247,1039,269,3,0
247,1040,269,3,0
248,1040,270,3,0
247,1041,269,3,0
248,1041,270,3,0
257,1041,279,3,0
247,1042,269,3,0
248,1042,270,3,0
256,1042,278,3,0
257,1042,279,3,0
247,1043,269,3,0
248,1043,270,3,0
251,1043,273,3,0
255,1043,233,0,3
256,1043,278,3,0
257,1043,279,3,0
247,1044,269,3,0
248,1044,270,3,0
251,1044,273,3,0
255,1044,233,0,3
256,1044,278,3,0
257,1044,279,3,0
247,1045,269,3,0
248,1045,270,3,0
251,1045,273,3,0
255,1045,233,0,3
256,1045,278,3,0
257,1045,279,3,0
247,1046,269,3,0
248,1046,270,3,0
251,1046,273,3,0
255,1046,233,0,3
256,1046,278,3,0
257,1046,279,3,0
247,1047,269,3,0
248,1047,270,3,0
255,1047,233,0,3
256,1047,278,3,0
257,1047,279,3,0
247,1048,269,3,0
248,1048,270,3,0
256,1048,278,3,0
257,1048,279,3,0
247,1049,269,3,0
248,1049,270,3,0
257,1049,279,3,0
247,1051,269,3,0
247,1052,269,3,0
260,1052,238,0,3
247,1053,269,3,0
260,1053,238,0,3
261,1053,283,3,0
247,1054,269,3,0
260,1054,238,0,3
261,1054,283,3,0
243,1055,221,0,3
247,1055,269,3,0
260,1055,238,0,3
261,1055,283,3,0
263,1055,285,3,0
269,1056,291,3,0
282,1056,260,0,3
283,1056,305,3,0
285,1056,307,3,0
269,1057,291,3,0
282,1057,260,0,3
283,1057,305,3,0
269,1058,291,3,0
282,1058,260,0,3
283,1058,305,3,0
269,1059,291,3,0
282,1059,260,0,3
269,1060,291,3,0
269,1061,291,3,0
269,1062,291,3,0
270,1062,292,3,0
269,1063,291,3,0
270,1063,292,3,0
279,1063,301,3,0
269,1064,291,3,0
270,1064,292,3,0
278,1064,300,3,0
279,1064,301,3,0
269,1065,291,3,0
270,1065,292,3,0
273,1065,295,3,0
277,1065,255,0,3
278,1065,300,3,0
279,1065,301,3,0
269,1066,291,3,0
270,1066,292,3,0
273,1066,295,3,0
277,1066,255,0,3
278,1066,300,3,0
279,1066,301,3,0
269,1067,291,3,0
270,1067,292,3,0
273,1067,295,3,0
277,1067,255,0,3
278,1067,300,3,0
279,1067,301,3,0
269,1068,291,3,0
270,1068,292,3,0
273,1068,295,3,0
277,1068,255,0,3
278,1068,300,3,0
279,1068,301,3,0
269,1069,291,3,0
270,1069,292,3,0
277,1069,255,0,3
278,1069,300,3,0
279,1069,301,3,0
269,1070,291,3,0
270,1070,292,3,0
278,1070,300,3,0
279,1070,301,3,0
269,1071,291,3,0
270,1071,292,3,0
279,1071,301,3,0
269,1073,291,3,0
269,1074,291,3,0
282,1074,260,0,3
269,1075,291,3,0
282,1075,260,0,3
283,1075,305,3,0
269,1076,291,3,0
282,1076,260,0,3
283,1076,305,3,0
269,1077,291,3,0
282,1077,260,0,3
283,1077,305,3,0
285,1077,307,3,0
304,1078,282,0,3
305,1078,327,3,0
307,1078,329,3,0
304,1079,282,0,3
305,1079,327,3,0
304,1080,282,0,3
305,1080,327,3,0
304,1081,282,0,3
292,1084,314,3,0
292,1085,314,3,0
301,1085,323,3,0
292,1086,314,3,0
301,1086,323,3,0
292,1087,314,3,0
295,1087,317,3,0
299,1087,277,0,3
301,1087,323,3,0
292,1088,314,3,0
295,1088,317,3,0
299,1088,277,0,3
301,1088,323,3,0
292,1089,314,3,0
295,1089,317,3,0
299,1089,277,0,3
301,1089,323,3,0
292,1090,314,3,0
295,1090,317,3,0
299,1090,277,0,3
301,1090,323,3,0
292,1091,314,3,0
299,1091,277,0,3
301,1091,323,3,0
292,1092,314,3,0
301,1092,323,3,0
292,1093,314,3,0
301,1093,323,3,0
304,1096,282,0,3
304,1097,282,0,3
305,1097,327,3,0
304,1098,282,0,3
305,1098,327,3,0
304,1099,282,0,3
305,1099,327,3,0
307,1099,329,3,0
326,1100,304,0,3
327,1100,349,3,0
329,1100,351,3,0
326,1101,304,0,3
327,1101,349,3,0
326,1102,304,0,3
327,1102,349,3,0
326,1103,304,0,3
314,1106,336,3,0
314,1107,336,3,0
323,1107,345,3,0
314,1108,336,3,0
323,1108,345,3,0
314,1109,336,3,0
317,1109,339,3,0
321,1109,299,0,3
323,1109,345,3,0
314,1110,336,3,0
317,1110,339,3,0
321,1110,299,0,3
323,1110,345,3,0
314,1111,336,3,0
317,1111,339,3,0
321,1111,299,0,3
323,1111,345,3,0
314,1112,336,3,0
317,1112,339,3,0
321,1112,299,0,3
323,1112,345,3,0
314,1113,336,3,0
321,1113,299,0,3
323,1113,345,3,0
314,1114,336,3,0
323,1114,345,3,0
314,1115,336,3,0
323,1115,345,3,0
326,1118,304,0,3
326,1119,304,0,3
327,1119,349,3,0
326,1120,304,0,3
327,1120,349,3,0
326,1121,304,0,3
327,1121,349,3,0
329,1121,351,3,0
348,1122,326,0,3
349,1122,371,3,0
351,1122,373,3,0
348,1123,326,0,3
349,1123,371,3,0
348,1124,326,0,3
349,1124,371,3,0
348,1125,326,0,3
336,1128,358,3,0
336,1129,358,3,0
345,1129,367,3,0
336,1130,358,3,0
345,1130,367,3,0
336,1131,358,3,0
339,1131,361,3,0
343,1131,321,0,3
345,1131,367,3,0
336,1132,358,3,0
339,1132,361,3,0
343,1132,321,0,3
345,1132,367,3,0
336,1133,358,3,0
339,1133,361,3,0
343,1133,321,0,3
345,1133,367,3,0
336,1134,358,3,0
339,1134,361,3,0
343,1134,321,0,3
345,1134,367,3,0
336,1135,358,3,0
343,1135,321,0,3
345,1135,367,3,0
336,1136,358,3,0
345,1136,367,3,0
336,1137,358,3,0
345,1137,367,3,0
348,1140,326,0,3
348,1141,326,0,3
349,1141,371,3,0
348,1142,326,0,3
349,1142,371,3,0
348,1143,326,0,3
349,1143,371,3,0
351,1143,373,3,0
352,1144,374,2,0
370,1144,348,0,3
371,1144,393,3,0
373,1144,395,3,0
370,1145,348,0,3
371,1145,393,3,0
370,1146,348,0,3
371,1146,393,3,0
370,1147,348,0,3
358,1150,380,3,0
358,1151,380,3,0
367,1151,389,3,0
358,1152,380,3,0
367,1152,389,3,0
358,1153,380,3,0
361,1153,383,3,0
365,1153,343,0,3
367,1153,389,3,0
358,1154,380,3,0
361,1154,383,3,0
365,1154,343,0,3
367,1154,389,3,0
358,1155,380,3,0
361,1155,383,3,0
365,1155,343,0,3
367,1155,389,3,0
358,1156,380,3,0
361,1156,383,3,0
365,1156,343,0,3
367,1156,389,3,0
358,1157,380,3,0
365,1157,343,0,3
367,1157,389,3,0
358,1158,380,3,0
367,1158,389,3,0
358,1159,380,3,0
367,1159,389,3,0
370,1162,348,0,3
370,1163,348,0,3
371,1163,393,3,0
370,1164,348,0,3
371,1164,393,3,0
370,1165,348,0,3
371,1165,393,3,0
373,1165,395,3,0
374,1166,396,2,0
375,1166,353,0,3
392,1166,370,0,3
393,1166,415,3,0
395,1166,417,3,0
375,1167,353,0,3
392,1167,370,0,3
393,1167,415,3,0
392,1168,370,0,3
393,1168,415,3,0
392,1169,370,0,3
380,1172,402,3,0
380,1173,402,3,0
389,1173,411,3,0
380,1174,402,3,0
389,1174,411,3,0
380,1175,402,3,0
383,1175,405,3,0
387,1175,365,0,3
389,1175,411,3,0
380,1176,402,3,0
383,1176,405,3,0
387,1176,365,0,3
389,1176,411,3,0
380,1177,402,3,0
383,1177,405,3,0
387,1177,365,0,3
389,1177,411,3,0
380,1178,402,3,0
383,1178,405,3,0
387,1178,365,0,3
389,1178,411,3,0
380,1179,402,3,0
387,1179,365,0,3
389,1179,411,3,0
380,1180,402,3,0
389,1180,411,3,0
380,1181,402,3,0
389,1181,411,3,0
392,1184,370,0,3
392,1185,370,0,3
393,1185,415,3,0
392,1186,370,0,3
393,1186,415,3,0
375,1187,353,0,3
392,1187,370,0,3
393,1187,415,3,0
395,1187,417,3,0
396,1188,418,2,0
397,1188,375,0,3
414,1188,392,0,3
415,1188,437,3,0
417,1188,439,3,0
397,1189,375,0,3
414,1189,392,0,3
415,1189,437,3,0
414,1190,392,0,3
415,1190,437,3,0
414,1191,392,0,3
402,1194,424,3,0
402,1195,424,3,0
411,1195,433,3,0
402,1196,424,3,0
411,1196,433,3,0
402,1197,424,3,0
409,1197,387,0,3
411,1197,433,3,0
402,1198,424,3,0
406,1198,384,0,3
409,1198,387,0,3
411,1198,433,3,0
402,1199,424,3,0
406,1199,384,0,3
409,1199,387,0,3
411,1199,433,3,0
402,1200,424,3,0
409,1200,387,0,3
411,1200,433,3,0
402,1201,424,3,0
409,1201,387,0,3
411,1201,433,3,0
402,1202,424,3,0
411,1202,433,3,0
402,1203,424,3,0
411,1203,433,3,0
414,1206,392,0,3
414,1207,392,0,3
415,1207,437,3,0
414,1208,392,0,3
415,1208,437,3,0
397,1209,375,0,3
414,1209,392,0,3
415,1209,437,3,0
417,1209,439,3,0
418,1210,440,2,0
419,1210,397,0,3
436,1210,414,0,3
437,1210,459,3,0
439,1210,461,3,0
419,1211,397,0,3
436,1211,414,0,3
437,1211,459,3,0
436,1212,414,0,3
437,1212,459,3,0
436,1213,414,0,3
424,1216,446,3,0
424,1217,446,3,0
433,1217,455,3,0
424,1218,446,3,0
432,1218,410,0,3
433,1218,455,3,0
424,1219,446,3,0
427,1219,449,3,0
431,1219,409,0,3
432,1219,410,0,3
433,1219,455,3,0
424,1220,446,3,0
427,1220,449,3,0
428,1220,406,0,3
431,1220,409,0,3
432,1220,410,0,3
433,1220,455,3,0
424,1221,446,3,0
427,1221,449,3,0
428,1221,406,0,3
431,1221,409,0,3
432,1221,410,0,3
433,1221,455,3,0
424,1222,446,3,0
427,1222,449,3,0
431,1222,409,0,3
432,1222,410,0,3
433,1222,455,3,0
424,1223,446,3,0
431,1223,409,0,3
432,1223,410,0,3
433,1223,455,3,0
424,1224,446,3,0
432,1224,410,0,3
433,1224,455,3,0
424,1225,446,3,0
433,1225,455,3,0
436,1228,414,0,3
436,1229,414,0,3
437,1229,459,3,0
436,1230,414,0,3
437,1230,459,3,0
419,1231,397,0,3
436,1231,414,0,3
437,1231,459,3,0
439,1231,461,3,0
440,1232,462,2,0
458,1232,436,0,3
459,1232,481,3,0
461,1232,483,3,0
458,1233,436,0,3
459,1233,481,3,0
458,1234,436,0,3
459,1234,481,3,0
458,1235,436,0,3
446,1238,468,3,0
446,1239,468,3,0
455,1239,477,3,0
446,1240,468,3,0
455,1240,477,3,0
446,1241,468,3,0
453,1241,431,0,3
455,1241,477,3,0
446,1242,468,3,0
450,1242,428,0,3
453,1242,431,0,3
455,1242,477,3,0
446,1243,468,3,0
450,1243,428,0,3
453,1243,431,0,3
455,1243,477,3,0
446,1244,468,3,0
453,1244,431,0,3
455,1244,477,3,0
446,1245,468,3,0
453,1245,431,0,3
455,1245,477,3,0
446,1246,468,3,0
455,1246,477,3,0
446,1247,468,3,0
455,1247,477,3,0
458,1250,436,0,3
458,1251,436,0,3
459,1251,481,3,0
458,1252,436,0,3
459,1252,481,3,0
458,1253,436,0,3
459,1253,481,3,0
461,1253,483,3,0
462,1254,484,2,0
463,1254,441,0,3
480,1254,458,0,3
481,1254,503,3,0
483,1254,505,3,0
463,1255,441,0,3
480,1255,458,0,3
481,1255,503,3,0
480,1256,458,0,3
481,1256,503,3,0
480,1257,458,0,3
468,1260,490,3,0
468,1261,490,3,0
477,1261,499,3,0
468,1262,490,3,0
477,1262,499,3,0
468,1263,490,3,0
475,1263,453,0,3
477,1263,499,3,0
468,1264,490,3,0
472,1264,450,0,3
475,1264,453,0,3
477,1264,499,3,0
468,1265,490,3,0
472,1265,450,0,3
475,1265,453,0,3
477,1265,499,3,0
468,1266,490,3,0
475,1266,453,0,3
477,1266,499,3,0
468,1267,490,3,0
475,1267,453,0,3
477,1267,499,3,0
468,1268,490,3,0
477,1268,499,3,0
468,1269,490,3,0
477,1269,499,3,0
480,1272,458,0,3
480,1273,458,0,3
481,1273,503,3,0
480,1274,458,0,3
481,1274,503,3,0
463,1275,441,0,3
480,1275,458,0,3
481,1275,503,3,0
483,1275,505,3,0
484,1276,506,2,0
485,1276,463,0,3
502,1276,480,0,3
503,1276,525,3,0
505,1276,527,3,0
485,1277,463,0,3
502,1277,480,0,3
503,1277,525,3,0
502,1278,480,0,3
503,1278,525,3,0
502,1279,480,0,3
490,1282,512,3,0
490,1283,512,3,0
499,1283,521,3,0
490,1284,512,3,0
499,1284,521,3,0
490,1285,512,3,0
497,1285,475,0,3
499,1285,521,3,0
490,1286,512,3,0
494,1286,472,0,3
497,1286,475,0,3
499,1286,521,3,0
490,1287,512,3,0
494,1287,472,0,3
497,1287,475,0,3
499,1287,521,3,0
490,1288,512,3,0
497,1288,475,0,3
499,1288,521,3,0
490,1289,512,3,0
497,1289,475,0,3
499,1289,521,3,0
490,1290,512,3,0
499,1290,521,3,0
490,1291,512,3,0
499,1291,521,3,0
502,1294,480,0,3
502,1295,480,0,3
503,1295,525,3,0
502,1296,480,0,3
503,1296,525,3,0
485,1297,463,0,3
502,1297,480,0,3
503,1297,525,3,0
505,1297,527,3,0
525,1298,547,3,0
527,1298,549,3,0
525,1299,547,3,0
525,1300,547,3,0
512,1304,534,3,0
512,1305,534,3,0
521,1305,543,3,0
512,1306,534,3,0
521,1306,543,3,0
512,1307,534,3,0
519,1307,497,0,3
521,1307,543,3,0
512,1308,534,3,0
519,1308,497,0,3
521,1308,543,3,0
512,1309,534,3,0
519,1309,497,0,3
521,1309,543,3,0
512,1310,534,3,0
519,1310,497,0,3
521,1310,543,3,0
512,1311,534,3,0
519,1311,497,0,3
521,1311,543,3,0
512,1312,534,3,0
521,1312,543,3,0
512,1313,534,3,0
521,1313,543,3,0
525,1317,547,3,0
525,1318,547,3,0
525,1319,547,3,0
527,1319,549,3,0
547,1320,569,3,0
549,1320,571,3,0
547,1321,569,3,0
547,1322,569,3,0
534,1326,556,3,0
534,1327,556,3,0
543,1327,565,3,0
534,1328,556,3,0
542,1328,564,3,0
543,1328,565,3,0
534,1329,556,3,0
537,1329,559,3,0
541,1329,519,0,3
542,1329,564,3,0
543,1329,565,3,0
534,1330,556,3,0
537,1330,559,3,0
541,1330,519,0,3
542,1330,564,3,0
543,1330,565,3,0
534,1331,556,3,0
537,1331,559,3,0
541,1331,519,0,3
542,1331,564,3,0
543,1331,565,3,0
534,1332,556,3,0
537,1332,559,3,0
541,1332,519,0,3
542,1332,564,3,0
543,1332,565,3,0
534,1333,556,3,0
541,1333,519,0,3
542,1333,564,3,0
543,1333,565,3,0
534,1334,556,3,0
542,1334,564,3,0
543,1334,565,3,0
534,1335,556,3,0
543,1335,565,3,0
547,1339,569,3,0
547,1340,569,3,0
547,1341,569,3,0
549,1341,571,3,0
567,1342,545,0,3
571,1342,593,3,0
567,1343,545,0,3
567,1344,545,0,3
567,1345,545,0,3
567,1346,545,0,3
556,1348,578,3,0
556,1349,578,3,0
565,1349,587,3,0
556,1350,578,3,0
564,1350,586,3,0
565,1350,587,3,0
556,1351,578,3,0
559,1351,581,3,0
563,1351,541,0,3
564,1351,586,3,0
565,1351,587,3,0
556,1352,578,3,0
559,1352,581,3,0
563,1352,541,0,3
564,1352,586,3,0
565,1352,587,3,0
556,1353,578,3,0
559,1353,581,3,0
563,1353,541,0,3
564,1353,586,3,0
565,1353,587,3,0
556,1354,578,3,0
559,1354,581,3,0
563,1354,541,0,3
564,1354,586,3,0
565,1354,587,3,0
556,1355,578,3,0
563,1355,541,0,3
564,1355,586,3,0
565,1355,587,3,0
556,1356,578,3,0
564,1356,586,3,0
565,1356,587,3,0
556,1357,578,3,0
565,1357,587,3,0
567,1359,545,0,3
567,1360,545,0,3
567,1361,545,0,3
567,1362,545,0,3
567,1363,545,0,3
571,1363,593,3,0
573,1364,551,0,3
589,1364,567,0,3
591,1364,613,3,0
593,1364,615,3,0
573,1365,551,0,3
589,1365,567,0,3
591,1365,613,3,0
589,1366,567,0,3
591,1366,613,3,0
589,1367,567,0,3
589,1368,567,0,3
578,1370,600,3,0
578,1371,600,3,0
587,1371,609,3,0
578,1372,600,3,0
586,1372,608,3,0
587,1372,609,3,0
578,1373,600,3,0
581,1373,603,3,0
585,1373,563,0,3
586,1373,608,3,0
587,1373,609,3,0
578,1374,600,3,0
581,1374,603,3,0
582,1374,604,3,0
585,1374,563,0,3
586,1374,608,3,0
587,1374,609,3,0
578,1375,600,3,0
581,1375,603,3,0
582,1375,604,3,0
585,1375,563,0,3
586,1375,608,3,0
587,1375,609,3,0
578,1376,600,3,0
581,1376,603,3,0
585,1376,563,0,3
586,1376,608,3,0
587,1376,609,3,0
578,1377,600,3,0
585,1377,563,0,3
586,1377,608,3,0
587,1377,609,3,0
578,1378,600,3,0
586,1378,608,3,0
587,1378,609,3,0
578,1379,600,3,0
587,1379,609,3,0
589,1381,567,0,3
589,1382,567,0,3
589,1383,567,0,3
591,1383,613,3,0
589,1384,567,0,3
591,1384,613,3,0
573,1385,551,0,3
589,1385,567,0,3
591,1385,613,3,0
593,1385,615,3,0
595,1386,573,0,3
611,1386,589,0,3
613,1386,635,3,0
615,1386,637,3,0
595,1387,573,0,3
611,1387,589,0,3
613,1387,635,3,0
611,1388,589,0,3
613,1388,635,3,0
611,1389,589,0,3
611,1390,589,0,3
600,1392,622,3,0
600,1393,622,3,0
609,1393,631,3,0
600,1394,622,3,0
608,1394,630,3,0
609,1394,631,3,0
600,1395,622,3,0
603,1395,625,3,0
607,1395,585,0,3
608,1395,630,3,0
609,1395,631,3,0
600,1396,622,3,0
603,1396,625,3,0
604,1396,626,3,0
607,1396,585,0,3
608,1396,630,3,0
609,1396,631,3,0
600,1397,622,3,0
603,1397,625,3,0
604,1397,626,3,0
607,1397,585,0,3
608,1397,630,3,0
609,1397,631,3,0
600,1398,622,3,0
603,1398,625,3,0
607,1398,585,0,3
608,1398,630,3,0
609,1398,631,3,0
600,1399,622,3,0
607,1399,585,0,3
608,1399,630,3,0
609,1399,631,3,0
600,1400,622,3,0
608,1400,630,3,0
609,1400,631,3,0
600,1401,622,3,0
609,1401,631,3,0
611,1403,589,0,3
611,1404,589,0,3
611,1405,589,0,3
613,1405,635,3,0
611,1406,589,0,3
613,1406,635,3,0
595,1407,573,0,3
611,1407,589,0,3
613,1407,635,3,0
615,1407,637,3,0
633,1408,611,0,3
635,1408,657,3,0
637,1408,659,3,0
633,1409,611,0,3
635,1409,657,3,0
633,1410,611,0,3
635,1410,657,3,0
633,1411,611,0,3
633,1412,611,0,3
622,1414,644,3,0
622,1415,644,3,0
631,1415,653,3,0
622,1416,644,3,0
631,1416,653,3,0
622,1417,644,3,0
625,1417,647,3,0
629,1417,607,0,3
631,1417,653,3,0
622,1418,644,3,0
625,1418,647,3,0
626,1418,648,3,0
629,1418,607,0,3
631,1418,653,3,0
622,1419,644,3,0
625,1419,647,3,0
626,1419,648,3,0
629,1419,607,0,3
631,1419,653,3,0
622,1420,644,3,0
625,1420,647,3,0
629,1420,607,0,3
631,1420,653,3,0
622,1421,644,3,0
629,1421,607,0,3
631,1421,653,3,0
622,1422,644,3,0
631,1422,653,3,0
622,1423,644,3,0
631,1423,653,3,0
633,1425,611,0,3
633,1426,611,0,3
633,1427,611,0,3
635,1427,657,3,0
633,1428,611,0,3
635,1428,657,3,0
633,1429,611,0,3
635,1429,657,3,0
637,1429,659,3,0
655,1430,633,0,3
657,1430,679,3,0
659,1430,681,3,0
655,1431,633,0,3
657,1431,679,3,0
655,1432,633,0,3
657,1432,679,3,0
655,1433,633,0,3
655,1434,633,0,3
653,1437,675,3,0
652,1438,630,0,3
653,1438,675,3,0
647,1439,669,3,0
651,1439,629,0,3
652,1439,630,0,3
653,1439,675,3,0
647,1440,669,3,0
648,1440,670,3,0
651,1440,629,0,3
652,1440,630,0,3
653,1440,675,3,0
647,1441,669,3,0
648,1441,670,3,0
651,1441,629,0,3
652,1441,630,0,3
653,1441,675,3,0
647,1442,669,3,0
651,1442,629,0,3
652,1442,630,0,3
653,1442,675,3,0
651,1443,629,0,3
652,1443,630,0,3
653,1443,675,3,0
652,1444,630,0,3
653,1444,675,3,0
653,1445,675,3,0
655,1447,633,0,3
655,1448,633,0,3
655,1449,633,0,3
657,1449,679,3,0
655,1450,633,0,3
657,1450,679,3,0
655,1451,633,0,3
657,1451,679,3,0
659,1451,681,3,0
660,1452,638,0,2
662,1452,684,3,0
677,1452,655,0,3
679,1452,701,3,0
681,1452,703,3,0
662,1453,684,3,0
677,1453,655,0,3
679,1453,701,3,0
662,1454,684,3,0
677,1454,655,0,3
679,1454,701,3,0
677,1455,655,0,3
677,1456,655,0,3
675,1459,697,3,0
674,1460,652,0,3
675,1460,697,3,0
673,1461,651,0,3
674,1461,652,0,3
675,1461,697,3,0
673,1462,651,0,3
674,1462,652,0,3
675,1462,697,3,0
673,1463,651,0,3
674,1463,652,0,3
675,1463,697,3,0
673,1464,651,0,3
674,1464,652,0,3
675,1464,697,3,0
673,1465,651,0,3
674,1465,652,0,3
675,1465,697,3,0
674,1466,652,0,3
675,1466,697,3,0
675,1467,697,3,0
677,1469,655,0,3
677,1470,655,0,3
677,1471,655,0,3
679,1471,701,3,0
662,1472,684,3,0
677,1472,655,0,3
679,1472,701,3,0
662,1473,684,3,0
677,1473,655,0,3
679,1473,701,3,0
681,1473,703,3,0
682,1474,660,0,2
683,1474,705,3,0
684,1474,706,3,0
687,1474,665,0,3
699,1474,677,0,3
701,1474,723,3,0
703,1474,725,3,0
683,1475,705,3,0
684,1475,706,3,0
687,1475,665,0,3
699,1475,677,0,3
701,1475,723,3,0
684,1476,706,3,0
687,1476,665,0,3
699,1476,677,0,3
701,1476,723,3,0
687,1477,665,0,3
699,1477,677,0,3
687,1478,665,0,3
699,1478,677,0,3
687,1479,665,0,3
687,1480,665,0,3
688,1480,710,3,0
687,1481,665,0,3
688,1481,710,3,0
697,1481,719,3,0
687,1482,665,0,3
688,1482,710,3,0
696,1482,674,0,3
697,1482,719,3,0
687,1483,665,0,3
688,1483,710,3,0
695,1483,673,0,3
696,1483,674,0,3
697,1483,719,3,0
687,1484,665,0,3
688,1484,710,3,0
695,1484,673,0,3
696,1484,674,0,3
697,1484,719,3,0
687,1485,665,0,3
688,1485,710,3,0
695,1485,673,0,3
696,1485,674,0,3
697,1485,719,3,0
687,1486,665,0,3
688,1486,710,3,0
695,1486,673,0,3
696,1486,674,0,3
697,1486,719,3,0
687,1487,665,0,3
688,1487,710,3,0
695,1487,673,0,3
696,1487,674,0,3
697,1487,719,3,0
687,1488,665,0,3
688,1488,710,3,0
696,1488,674,0,3
697,1488,719,3,0
687,1489,665,0,3
688,1489,710,3,0
697,1489,719,3,0
687,1491,665,0,3
699,1491,677,0,3
687,1492,665,0,3
699,1492,677,0,3
687,1493,665,0,3
699,1493,677,0,3
701,1493,723,3,0
684,1494,706,3,0
687,1494,665,0,3
699,1494,677,0,3
701,1494,723,3,0
683,1495,705,3,0
684,1495,706,3,0
687,1495,665,0,3
699,1495,677,0,3
701,1495,723,3,0
703,1495,725,3,0
705,1496,727,3,0
706,1496,728,3,0
721,1496,699,0,3
723,1496,745,3,0
725,1496,747,3,0
705,1497,727,3,0
706,1497,728,3,0
721,1497,699,0,3
723,1497,745,3,0
706,1498,728,3,0
721,1498,699,0,3
723,1498,745,3,0
721,1499,699,0,3
721,1500,699,0,3
710,1502,732,3,0
710,1503,732,3,0
719,1503,741,3,0
710,1504,732,3,0
718,1504,696,0,3
719,1504,741,3,0
710,1505,732,3,0
713,1505,735,3,0
717,1505,695,0,3
718,1505,696,0,3
719,1505,741,3,0
710,1506,732,3,0
713,1506,735,3,0
717,1506,695,0,3
718,1506,696,0,3
719,1506,741,3,0
710,1507,732,3,0
713,1507,735,3,0
717,1507,695,0,3
718,1507,696,0,3
719,1507,741,3,0
710,1508,732,3,0
713,1508,735,3,0
717,1508,695,0,3
718,1508,696,0,3
719,1508,741,3,0
710,1509,732,3,0
717,1509,695,0,3
718,1509,696,0,3
719,1509,741,3,0
710,1510,732,3,0
718,1510,696,0,3
719,1510,741,3,0
710,1511,732,3,0
719,1511,741,3,0
721,1513,699,0,3
721,1514,699,0,3
721,1515,699,0,3
723,1515,745,3,0
706,1516,728,3,0
721,1516,699,0,3
723,1516,745,3,0
705,1517,727,3,0
706,1517,728,3,0
721,1517,699,0,3
723,1517,745,3,0
725,1517,747,3,0
726,1518,704,0,2
727,1518,749,3,0
728,1518,750,3,0
731,1518,709,0,3
743,1518,721,0,3
745,1518,767,3,0
746,1518,768,3,0
727,1519,749,3,0
728,1519,750,3,0
731,1519,709,0,3
743,1519,721,0,3
745,1519,767,3,0
746,1519,768,3,0
728,1520,750,3,0
731,1520,709,0,3
743,1520,721,0,3
745,1520,767,3,0
731,1521,709,0,3
743,1521,721,0,3
731,1522,709,0,3
743,1522,721,0,3
731,1523,709,0,3
731,1524,709,0,3
732,1524,754,3,0
731,1525,709,0,3
732,1525,754,3,0
733,1525,755,3,0
731,1526,709,0,3
732,1526,754,3,0
733,1526,755,3,0
731,1527,709,0,3
732,1527,754,3,0
733,1527,755,3,0
735,1527,757,3,0
739,1527,717,0,3
731,1528,709,0,3
732,1528,754,3,0
733,1528,755,3,0
735,1528,757,3,0
738,1528,716,0,3
739,1528,717,0,3
731,1529,709,0,3
732,1529,754,3,0
733,1529,755,3,0
735,1529,757,3,0
737,1529,759,3,0
738,1529,716,0,3
739,1529,717,0,3
731,1530,709,0,3
732,1530,754,3,0
733,1530,755,3,0
735,1530,757,3,0
738,1530,716,0,3
739,1530,717,0,3
731,1531,709,0,3
732,1531,754,3,0
733,1531,755,3,0
739,1531,717,0,3
731,1532,709,0,3
732,1532,754,3,0
733,1532,755,3,0
731,1533,709,0,3
732,1533,754,3,0
731,1535,709,0,3
743,1535,721,0,3
731,1536,709,0,3
743,1536,721,0,3
731,1537,709,0,3
743,1537,721,0,3
745,1537,767,3,0
728,1538,750,3,0
731,1538,709,0,3
743,1538,721,0,3
745,1538,767,3,0
746,1538,768,3,0
727,1539,749,3,0
728,1539,750,3,0
731,1539,709,0,3
743,1539,721,0,3
745,1539,767,3,0
746,1539,768,3,0
749,1540,771,3,0
750,1540,772,3,0
753,1540,731,0,3
765,1540,743,0,3
766,1540,788,3,0
767,1540,789,3,0
768,1540,790,3,0
749,1541,771,3,0
750,1541,772,3,0
753,1541,731,0,3
765,1541,743,0,3
766,1541,788,3,0
767,1541,789,3,0
768,1541,790,3,0
750,1542,772,3,0
753,1542,731,0,3
765,1542,743,0,3
766,1542,788,3,0
767,1542,789,3,0
753,1543,731,0,3
765,1543,743,0,3
766,1543,788,3,0
753,1544,731,0,3
765,1544,743,0,3
753,1545,731,0,3
753,1546,731,0,3
754,1546,776,3,0
753,1547,731,0,3
754,1547,776,3,0
755,1547,777,3,0
753,1548,731,0,3
754,1548,776,3,0
755,1548,777,3,0
762,1548,740,0,3
753,1549,731,0,3
754,1549,776,3,0
755,1549,777,3,0
757,1549,779,3,0
762,1549,740,0,3
753,1550,731,0,3
754,1550,776,3,0
755,1550,777,3,0
757,1550,779,3,0
760,1550,738,0,3
762,1550,740,0,3
753,1551,731,0,3
754,1551,776,3,0
755,1551,777,3,0
757,1551,779,3,0
759,1551,781,3,0
760,1551,738,0,3
762,1551,740,0,3
753,1552,731,0,3
754,1552,776,3,0
755,1552,777,3,0
757,1552,779,3,0
760,1552,738,0,3
762,1552,740,0,3
753,1553,731,0,3
754,1553,776,3,0
755,1553,777,3,0
762,1553,740,0,3
753,1554,731,0,3
754,1554,776,3,0
755,1554,777,3,0
762,1554,740,0,3
753,1555,731,0,3
754,1555,776,3,0
753,1557,731,0,3
765,1557,743,0,3
753,1558,731,0,3
765,1558,743,0,3
766,1558,788,3,0
753,1559,731,0,3
765,1559,743,0,3
766,1559,788,3,0
767,1559,789,3,0
750,1560,772,3,0
753,1560,731,0,3
765,1560,743,0,3
766,1560,788,3,0
767,1560,789,3,0
768,1560,790,3,0
749,1561,771,3,0
750,1561,772,3,0
753,1561,731,0,3
765,1561,743,0,3
766,1561,788,3,0
767,1561,789,3,0
768,1561,790,3,0
771,1562,793,3,0
772,1562,794,3,0
775,1562,753,0,3
787,1562,765,0,3
788,1562,810,3,0
789,1562,811,3,0
790,1562,812,3,0
771,1563,793,3,0
772,1563,794,3,0
775,1563,753,0,3
787,1563,765,0,3
788,1563,810,3,0
789,1563,811,3,0
790,1563,812,3,0
772,1564,794,3,0
775,1564,753,0,3
787,1564,765,0,3
788,1564,810,3,0
789,1564,811,3,0
775,1565,753,0,3
787,1565,765,0,3
788,1565,810,3,0
775,1566,753,0,3
787,1566,765,0,3
775,1567,753,0,3
775,1568,753,0,3
775,1569,753,0,3
775,1570,753,0,3
784,1570,762,0,3
775,1571,753,0,3
779,1571,801,3,0
784,1571,762,0,3
775,1572,753,0,3
779,1572,801,3,0
782,1572,760,0,3
784,1572,762,0,3
775,1573,753,0,3
779,1573,801,3,0
781,1573,803,3,0
782,1573,760,0,3
784,1573,762,0,3
775,1574,753,0,3
779,1574,801,3,0
782,1574,760,0,3
784,1574,762,0,3
775,1575,753,0,3
784,1575,762,0,3
775,1576,753,0,3
784,1576,762,0,3
775,1577,753,0,3
775,1579,753,0,3
787,1579,765,0,3
775,1580,753,0,3
787,1580,765,0,3
788,1580,810,3,0
775,1581,753,0,3
787,1581,765,0,3
788,1581,810,3,0
789,1581,811,3,0
772,1582,794,3,0
775,1582,753,0,3
787,1582,765,0,3
788,1582,810,3,0
789,1582,811,3,0
790,1582,812,3,0
771,1583,793,3,0
772,1583,794,3,0
775,1583,753,0,3
787,1583,765,0,3
788,1583,810,3,0
789,1583,811,3,0
790,1583,812,3,0
138,1584,116,0,3
145,1584,123,0,3
147,1584,169,3,0
1017,1585,995,0,3
138,1586,116,0,3
142,1586,164,3,0
145,1586,123,0,3
147,1586,169,3,0
490,1587,512,3,0
494,1587,472,0,3
497,1587,475,0,3
499,1587,521,3,0
358,1588,380,3,0
367,1588,389,3,0
1545,1591,1567,3,0
1546,1591,1524,0,3
1547,1591,1525,0,3
1554,1591,1576,3,0
1166,1592,1144,0,2
1167,1592,1189,3,0
1184,1592,1206,3,0
1185,1592,1163,0,3
1187,1592,1165,0,3
1096,1593,1118,3,0
1097,1593,1075,0,3
1099,1593,1077,0,3
947,1594,969,3,0
963,1594,941,0,3
964,1594,986,3,0
967,1594,945,0,3
28,1595,50,3,0
31,1595,9,0,2
34,1595,56,3,0
36,1595,58,3,0
