792,0,770,0,2
794,0,772,0,3
797,0,819,3,0
809,0,831,3,0
810,0,832,3,0
811,0,833,3,0
794,1,772,0,3
797,1,819,3,0
809,1,831,3,0
810,1,832,3,0
811,1,833,3,0
794,2,772,0,3
797,2,819,3,0
809,2,831,3,0
810,2,832,3,0
797,3,819,3,0
809,3,831,3,0
797,4,819,3,0
797,5,819,3,0
797,6,819,3,0
807,6,829,3,0
797,7,819,3,0
799,7,821,3,0
806,7,784,0,3
807,7,829,3,0
797,8,819,3,0
799,8,821,3,0
800,8,822,3,0
805,8,783,0,3
806,8,784,0,3
807,8,829,3,0
797,9,819,3,0
799,9,821,3,0
800,9,822,3,0
801,9,823,3,0
805,9,783,0,3
806,9,784,0,3
807,9,829,3,0
797,10,819,3,0
799,10,821,3,0
800,10,822,3,0
801,10,823,3,0
803,10,825,3,0
805,10,783,0,3
806,10,784,0,3
807,10,829,3,0
797,11,819,3,0
799,11,821,3,0
800,11,822,3,0
801,11,823,3,0
803,11,825,3,0
805,11,783,0,3
806,11,784,0,3
807,11,829,3,0
797,12,819,3,0
799,12,821,3,0
800,12,822,3,0
805,12,783,0,3
806,12,784,0,3
807,12,829,3,0
797,13,819,3,0
799,13,821,3,0
805,13,783,0,3
806,13,784,0,3
807,13,829,3,0
797,14,819,3,0
806,14,784,0,3
807,14,829,3,0
797,15,819,3,0
807,15,829,3,0
797,17,819,3,0
809,17,831,3,0
797,18,819,3,0
809,18,831,3,0
810,18,832,3,0
794,19,772,0,3
797,19,819,3,0
809,19,831,3,0
810,19,832,3,0
811,19,833,3,0
794,20,772,0,3
797,20,819,3,0
809,20,831,3,0
810,20,832,3,0
811,20,833,3,0
792,21,770,0,2
794,21,772,0,3
797,21,819,3,0
809,21,831,3,0
810,21,832,3,0
811,21,833,3,0
813,21,791,0,3
814,22,792,0,2
819,22,841,3,0
831,22,853,3,0
832,22,854,3,0
833,22,855,3,0
819,23,841,3,0
831,23,853,3,0
832,23,854,3,0
833,23,855,3,0
819,24,841,3,0
831,24,853,3,0
832,24,854,3,0
819,25,841,3,0
831,25,853,3,0
819,26,841,3,0
819,27,841,3,0
819,28,841,3,0
820,28,798,0,3
829,28,851,3,0
819,29,841,3,0
820,29,798,0,3
821,29,843,3,0
828,29,806,0,3
829,29,851,3,0
819,30,841,3,0
820,30,798,0,3
821,30,843,3,0
822,30,844,3,0
827,30,805,0,3
828,30,806,0,3
829,30,851,3,0
819,31,841,3,0
820,31,798,0,3
821,31,843,3,0
822,31,844,3,0
823,31,845,3,0
827,31,805,0,3
828,31,806,0,3
829,31,851,3,0
819,32,841,3,0
820,32,798,0,3
821,32,843,3,0
822,32,844,3,0
823,32,845,3,0
827,32,805,0,3
828,32,806,0,3
829,32,851,3,0
819,33,841,3,0
820,33,798,0,3
821,33,843,3,0
822,33,844,3,0
823,33,845,3,0
827,33,805,0,3
828,33,806,0,3
829,33,851,3,0
819,34,841,3,0
820,34,798,0,3
821,34,843,3,0
822,34,844,3,0
827,34,805,0,3
828,34,806,0,3
829,34,851,3,0
819,35,841,3,0
820,35,798,0,3
821,35,843,3,0
827,35,805,0,3
828,35,806,0,3
829,35,851,3,0
819,36,841,3,0
820,36,798,0,3
828,36,806,0,3
829,36,851,3,0
819,37,841,3,0
829,37,851,3,0
819,39,841,3,0
831,39,853,3,0
819,40,841,3,0
831,40,853,3,0
832,40,854,3,0
819,41,841,3,0
831,41,853,3,0
832,41,854,3,0
833,41,855,3,0
819,42,841,3,0
831,42,853,3,0
832,42,854,3,0
833,42,855,3,0
814,43,792,0,2
819,43,841,3,0
831,43,853,3,0
832,43,854,3,0
833,43,855,3,0
835,43,813,0,3
836,44,814,0,2
838,44,816,0,3
839,44,861,3,0
841,44,863,3,0
853,44,875,3,0
854,44,876,3,0
856,44,878,3,0
838,45,816,0,3
839,45,861,3,0
841,45,863,3,0
853,45,875,3,0
854,45,876,3,0
838,46,816,0,3
839,46,861,3,0
841,46,863,3,0
853,46,875,3,0
854,46,876,3,0
839,47,861,3,0
841,47,863,3,0
853,47,875,3,0
841,48,863,3,0
841,49,863,3,0
841,50,863,3,0
842,50,820,0,3
851,50,873,3,0
841,51,863,3,0
842,51,820,0,3
843,51,865,3,0
850,51,828,0,3
851,51,873,3,0
841,52,863,3,0
842,52,820,0,3
843,52,865,3,0
849,52,827,0,3
850,52,828,0,3
851,52,873,3,0
841,53,863,3,0
842,53,820,0,3
843,53,865,3,0
848,53,826,0,3
849,53,827,0,3
850,53,828,0,3
851,53,873,3,0
841,54,863,3,0
842,54,820,0,3
843,54,865,3,0
848,54,826,0,3
849,54,827,0,3
850,54,828,0,3
851,54,873,3,0
841,55,863,3,0
842,55,820,0,3
843,55,865,3,0
848,55,826,0,3
849,55,827,0,3
850,55,828,0,3
851,55,873,3,0
841,56,863,3,0
842,56,820,0,3
843,56,865,3,0
848,56,826,0,3
849,56,827,0,3
850,56,828,0,3
851,56,873,3,0
841,57,863,3,0
842,57,820,0,3
843,57,865,3,0
849,57,827,0,3
850,57,828,0,3
851,57,873,3,0
841,58,863,3,0
842,58,820,0,3
850,58,828,0,3
851,58,873,3,0
841,59,863,3,0
851,59,873,3,0
841,61,863,3,0
853,61,875,3,0
839,62,861,3,0
841,62,863,3,0
853,62,875,3,0
854,62,876,3,0
838,63,816,0,3
839,63,861,3,0
841,63,863,3,0
853,63,875,3,0
854,63,876,3,0
838,64,816,0,3
839,64,861,3,0
841,64,863,3,0
853,64,875,3,0
854,64,876,3,0
856,64,878,3,0
836,65,814,0,2
838,65,816,0,3
839,65,861,3,0
841,65,863,3,0
853,65,875,3,0
854,65,876,3,0
856,65,878,3,0
857,65,835,0,3
860,66,838,0,3
861,66,883,3,0
863,66,885,3,0
875,66,897,3,0
876,66,898,3,0
878,66,900,3,0
860,67,838,0,3
861,67,883,3,0
863,67,885,3,0
875,67,897,3,0
876,67,898,3,0
860,68,838,0,3
861,68,883,3,0
863,68,885,3,0
875,68,897,3,0
876,68,898,3,0
861,69,883,3,0
863,69,885,3,0
875,69,897,3,0
863,70,885,3,0
863,71,885,3,0
863,72,885,3,0
864,72,842,0,3
873,72,895,3,0
863,73,885,3,0
864,73,842,0,3
865,73,887,3,0
872,73,850,0,3
873,73,895,3,0
863,74,885,3,0
864,74,842,0,3
865,74,887,3,0
871,74,849,0,3
872,74,850,0,3
873,74,895,3,0
863,75,885,3,0
864,75,842,0,3
865,75,887,3,0
870,75,848,0,3
871,75,849,0,3
872,75,850,0,3
873,75,895,3,0
863,76,885,3,0
864,76,842,0,3
865,76,887,3,0
870,76,848,0,3
871,76,849,0,3
872,76,850,0,3
873,76,895,3,0
863,77,885,3,0
864,77,842,0,3
865,77,887,3,0
870,77,848,0,3
871,77,849,0,3
872,77,850,0,3
873,77,895,3,0
863,78,885,3,0
864,78,842,0,3
865,78,887,3,0
870,78,848,0,3
871,78,849,0,3
872,78,850,0,3
873,78,895,3,0
863,79,885,3,0
864,79,842,0,3
865,79,887,3,0
871,79,849,0,3
872,79,850,0,3
873,79,895,3,0
863,80,885,3,0
864,80,842,0,3
872,80,850,0,3
873,80,895,3,0
863,81,885,3,0
873,81,895,3,0
863,83,885,3,0
875,83,897,3,0
861,84,883,3,0
863,84,885,3,0
875,84,897,3,0
876,84,898,3,0
860,85,838,0,3
861,85,883,3,0
863,85,885,3,0
875,85,897,3,0
876,85,898,3,0
860,86,838,0,3
861,86,883,3,0
863,86,885,3,0
875,86,897,3,0
876,86,898,3,0
878,86,900,3,0
860,87,838,0,3
861,87,883,3,0
863,87,885,3,0
875,87,897,3,0
876,87,898,3,0
878,87,900,3,0
879,87,857,0,3
883,88,905,3,0
896,88,874,0,3
898,88,920,3,0
900,88,922,3,0
883,89,905,3,0
896,89,874,0,3
898,89,920,3,0
883,90,905,3,0
896,90,874,0,3
898,90,920,3,0
883,91,905,3,0
896,91,874,0,3
896,92,874,0,3
886,94,864,0,3
895,94,917,3,0
896,94,874,0,3
886,95,864,0,3
894,95,872,0,3
895,95,917,3,0
896,95,874,0,3
886,96,864,0,3
893,96,871,0,3
894,96,872,0,3
895,96,917,3,0
896,96,874,0,3
886,97,864,0,3
892,97,870,0,3
893,97,871,0,3
894,97,872,0,3
895,97,917,3,0
896,97,874,0,3
886,98,864,0,3
892,98,870,0,3
893,98,871,0,3
894,98,872,0,3
895,98,917,3,0
896,98,874,0,3
886,99,864,0,3
892,99,870,0,3
893,99,871,0,3
894,99,872,0,3
895,99,917,3,0
896,99,874,0,3
886,100,864,0,3
892,100,870,0,3
893,100,871,0,3
894,100,872,0,3
895,100,917,3,0
896,100,874,0,3
886,101,864,0,3
893,101,871,0,3
894,101,872,0,3
895,101,917,3,0
896,101,874,0,3
886,102,864,0,3
894,102,872,0,3
895,102,917,3,0
896,102,874,0,3
895,103,917,3,0
896,103,874,0,3
896,104,874,0,3
896,105,874,0,3
883,106,905,3,0
896,106,874,0,3
898,106,920,3,0
883,107,905,3,0
896,107,874,0,3
898,107,920,3,0
883,108,905,3,0
896,108,874,0,3
898,108,920,3,0
900,108,922,3,0
883,109,905,3,0
896,109,874,0,3
898,109,920,3,0
900,109,922,3,0
901,109,879,0,3
905,110,927,3,0
918,110,896,0,3
920,110,942,3,0
922,110,944,3,0
905,111,927,3,0
918,111,896,0,3
920,111,942,3,0
905,112,927,3,0
918,112,896,0,3
920,112,942,3,0
905,113,927,3,0
918,113,896,0,3
918,114,896,0,3
918,115,896,0,3
917,116,939,3,0
918,116,896,0,3
909,117,931,3,0
916,117,894,0,3
917,117,939,3,0
918,117,896,0,3
909,118,931,3,0
916,118,894,0,3
917,118,939,3,0
918,118,896,0,3
909,119,931,3,0
914,119,892,0,3
916,119,894,0,3
917,119,939,3,0
918,119,896,0,3
909,120,931,3,0
914,120,892,0,3
916,120,894,0,3
917,120,939,3,0
918,120,896,0,3
909,121,931,3,0
914,121,892,0,3
916,121,894,0,3
917,121,939,3,0
918,121,896,0,3
909,122,931,3,0
914,122,892,0,3
916,122,894,0,3
917,122,939,3,0
918,122,896,0,3
909,123,931,3,0
916,123,894,0,3
917,123,939,3,0
918,123,896,0,3
916,124,894,0,3
917,124,939,3,0
918,124,896,0,3
917,125,939,3,0
918,125,896,0,3
918,126,896,0,3
918,127,896,0,3
905,128,927,3,0
918,128,896,0,3
920,128,942,3,0
905,129,927,3,0
918,129,896,0,3
920,129,942,3,0
905,130,927,3,0
918,130,896,0,3
920,130,942,3,0
922,130,944,3,0
905,131,927,3,0
918,131,896,0,3
920,131,942,3,0
922,131,944,3,0
923,131,901,0,3
924,132,946,2,0
927,132,949,3,0
929,132,951,3,0
940,132,918,0,3
941,132,963,3,0
942,132,964,3,0
944,132,966,3,0
927,133,949,3,0
929,133,951,3,0
940,133,918,0,3
941,133,963,3,0
942,133,964,3,0
927,134,949,3,0
929,134,951,3,0
940,134,918,0,3
941,134,963,3,0
942,134,964,3,0
927,135,949,3,0
929,135,951,3,0
940,135,918,0,3
941,135,963,3,0
929,136,951,3,0
940,136,918,0,3
929,137,951,3,0
929,138,951,3,0
939,138,961,3,0
940,138,918,0,3
929,139,951,3,0
931,139,953,3,0
939,139,961,3,0
940,139,918,0,3
929,140,951,3,0
931,140,953,3,0
939,140,961,3,0
940,140,918,0,3
929,141,951,3,0
931,141,953,3,0
939,141,961,3,0
940,141,918,0,3
929,142,951,3,0
931,142,953,3,0
939,142,961,3,0
940,142,918,0,3
929,143,951,3,0
931,143,953,3,0
939,143,961,3,0
940,143,918,0,3
929,144,951,3,0
931,144,953,3,0
939,144,961,3,0
940,144,918,0,3
929,145,951,3,0
931,145,953,3,0
939,145,961,3,0
940,145,918,0,3
929,146,951,3,0
939,146,961,3,0
940,146,918,0,3
929,147,951,3,0
939,147,961,3,0
940,147,918,0,3
940,148,918,0,3
929,149,951,3,0
940,149,918,0,3
941,149,963,3,0
927,150,949,3,0
929,150,951,3,0
940,150,918,0,3
941,150,963,3,0
942,150,964,3,0
927,151,949,3,0
929,151,951,3,0
940,151,918,0,3
941,151,963,3,0
942,151,964,3,0
927,152,949,3,0
929,152,951,3,0
940,152,918,0,3
941,152,963,3,0
942,152,964,3,0
944,152,966,3,0
924,153,946,2,0
927,153,949,3,0
929,153,951,3,0
940,153,918,0,3
941,153,963,3,0
942,153,964,3,0
944,153,966,3,0
945,153,923,0,3
946,154,968,2,0
951,154,973,3,0
962,154,940,0,3
963,154,985,3,0
964,154,986,3,0
966,154,988,3,0
951,155,973,3,0
962,155,940,0,3
963,155,985,3,0
964,155,986,3,0
951,156,973,3,0
962,156,940,0,3
963,156,985,3,0
964,156,986,3,0
951,157,973,3,0
962,157,940,0,3
963,157,985,3,0
951,158,973,3,0
962,158,940,0,3
951,159,973,3,0
962,159,940,0,3
951,160,973,3,0
961,160,983,3,0
962,160,940,0,3
951,161,973,3,0
953,161,975,3,0
961,161,983,3,0
962,161,940,0,3
951,162,973,3,0
953,162,975,3,0
961,162,983,3,0
962,162,940,0,3
951,163,973,3,0
953,163,975,3,0
958,163,936,0,3
961,163,983,3,0
962,163,940,0,3
951,164,973,3,0
953,164,975,3,0
958,164,936,0,3
961,164,983,3,0
962,164,940,0,3
951,165,973,3,0
953,165,975,3,0
958,165,936,0,3
961,165,983,3,0
962,165,940,0,3
951,166,973,3,0
953,166,975,3,0
958,166,936,0,3
961,166,983,3,0
962,166,940,0,3
951,167,973,3,0
953,167,975,3,0
961,167,983,3,0
962,167,940,0,3
951,168,973,3,0
961,168,983,3,0
962,168,940,0,3
951,169,973,3,0
961,169,983,3,0
962,169,940,0,3
962,170,940,0,3
951,171,973,3,0
962,171,940,0,3
963,171,985,3,0
951,172,973,3,0
962,172,940,0,3
963,172,985,3,0
964,172,986,3,0
951,173,973,3,0
962,173,940,0,3
963,173,985,3,0
964,173,986,3,0
951,174,973,3,0
962,174,940,0,3
963,174,985,3,0
964,174,986,3,0
966,174,988,3,0
946,175,968,2,0
951,175,973,3,0
962,175,940,0,3
963,175,985,3,0
964,175,986,3,0
966,175,988,3,0
967,175,945,0,3
971,176,993,3,0
972,176,950,0,3
973,176,995,3,0
984,176,962,0,3
985,176,1007,3,0
988,176,1010,3,0
971,177,993,3,0
972,177,950,0,3
973,177,995,3,0
984,177,962,0,3
985,177,1007,3,0
971,178,993,3,0
972,178,950,0,3
973,178,995,3,0
984,178,962,0,3
985,178,1007,3,0
971,179,993,3,0
972,179,950,0,3
973,179,995,3,0
984,179,962,0,3
985,179,1007,3,0
972,180,950,0,3
973,180,995,3,0
984,180,962,0,3
973,181,995,3,0
973,182,995,3,0
983,182,1005,3,0
984,182,962,0,3
973,183,995,3,0
975,183,997,3,0
983,183,1005,3,0
984,183,962,0,3
973,184,995,3,0
975,184,997,3,0
983,184,1005,3,0
984,184,962,0,3
973,185,995,3,0
975,185,997,3,0
977,185,955,0,3
980,185,958,0,3
983,185,1005,3,0
984,185,962,0,3
973,186,995,3,0
975,186,997,3,0
977,186,955,0,3
978,186,956,0,3
980,186,958,0,3
983,186,1005,3,0
984,186,962,0,3
973,187,995,3,0
975,187,997,3,0
977,187,955,0,3
980,187,958,0,3
983,187,1005,3,0
984,187,962,0,3
973,188,995,3,0
975,188,997,3,0
980,188,958,0,3
983,188,1005,3,0
984,188,962,0,3
973,189,995,3,0
975,189,997,3,0
983,189,1005,3,0
984,189,962,0,3
973,190,995,3,0
983,190,1005,3,0
984,190,962,0,3
973,191,995,3,0
983,191,1005,3,0
984,191,962,0,3
984,192,962,0,3
972,193,950,0,3
973,193,995,3,0
984,193,962,0,3
985,193,1007,3,0
971,194,993,3,0
972,194,950,0,3
973,194,995,3,0
984,194,962,0,3
985,194,1007,3,0
971,195,993,3,0
972,195,950,0,3
973,195,995,3,0
984,195,962,0,3
985,195,1007,3,0
971,196,993,3,0
972,196,950,0,3
973,196,995,3,0
984,196,962,0,3
985,196,1007,3,0
988,196,1010,3,0
971,197,993,3,0
972,197,950,0,3
973,197,995,3,0
984,197,962,0,3
985,197,1007,3,0
988,197,1010,3,0
989,197,967,0,3
993,198,1015,3,0
994,198,972,0,3
995,198,1017,3,0
1006,198,984,0,3
1007,198,1029,3,0
1008,198,1030,3,0
1010,198,1032,3,0
993,199,1015,3,0
994,199,972,0,3
995,199,1017,3,0
1006,199,984,0,3
1007,199,1029,3,0
1008,199,1030,3,0
993,200,1015,3,0
994,200,972,0,3
995,200,1017,3,0
1006,200,984,0,3
1007,200,1029,3,0
1008,200,1030,3,0
993,201,1015,3,0
994,201,972,0,3
995,201,1017,3,0
1006,201,984,0,3
1007,201,1029,3,0
994,202,972,0,3
995,202,1017,3,0
1006,202,984,0,3
995,203,1017,3,0
1006,203,984,0,3
995,204,1017,3,0
996,204,1018,3,0
1005,204,1027,3,0
1006,204,984,0,3
995,205,1017,3,0
996,205,1018,3,0
997,205,1019,3,0
1004,205,982,0,3
1005,205,1027,3,0
1006,205,984,0,3
995,206,1017,3,0
996,206,1018,3,0
997,206,1019,3,0
1004,206,982,0,3
1005,206,1027,3,0
1006,206,984,0,3
995,207,1017,3,0
996,207,1018,3,0
997,207,1019,3,0
999,207,977,0,3
1002,207,980,0,3
1004,207,982,0,3
1005,207,1027,3,0
1006,207,984,0,3
995,208,1017,3,0
996,208,1018,3,0
997,208,1019,3,0
999,208,977,0,3
1000,208,978,0,3
1002,208,980,0,3
1004,208,982,0,3
1005,208,1027,3,0
1006,208,984,0,3
995,209,1017,3,0
996,209,1018,3,0
997,209,1019,3,0
999,209,977,0,3
1002,209,980,0,3
1004,209,982,0,3
1005,209,1027,3,0
1006,209,984,0,3
995,210,1017,3,0
996,210,1018,3,0
997,210,1019,3,0
1002,210,980,0,3
1004,210,982,0,3
1005,210,1027,3,0
1006,210,984,0,3
995,211,1017,3,0
996,211,1018,3,0
997,211,1019,3,0
1004,211,982,0,3
1005,211,1027,3,0
1006,211,984,0,3
995,212,1017,3,0
996,212,1018,3,0
1004,212,982,0,3
1005,212,1027,3,0
1006,212,984,0,3
995,213,1017,3,0
1005,213,1027,3,0
1006,213,984,0,3
1006,214,984,0,3
994,215,972,0,3
995,215,1017,3,0
1006,215,984,0,3
1007,215,1029,3,0
993,216,1015,3,0
994,216,972,0,3
995,216,1017,3,0
1006,216,984,0,3
1007,216,1029,3,0
1008,216,1030,3,0
993,217,1015,3,0
994,217,972,0,3
995,217,1017,3,0
1006,217,984,0,3
1007,217,1029,3,0
1008,217,1030,3,0
993,218,1015,3,0
994,218,972,0,3
995,218,1017,3,0
1006,218,984,0,3
1007,218,1029,3,0
1008,218,1030,3,0
1010,218,1032,3,0
993,219,1015,3,0
994,219,972,0,3
995,219,1017,3,0
1006,219,984,0,3
1007,219,1029,3,0
1008,219,1030,3,0
1010,219,1032,3,0
1011,219,989,0,3
1016,220,994,0,3
1017,220,1039,3,0
1028,220,1006,0,3
1029,220,1051,3,0
1032,220,1054,3,0
1016,221,994,0,3
1017,221,1039,3,0
1028,221,1006,0,3
1029,221,1051,3,0
1016,222,994,0,3
1017,222,1039,3,0
1028,222,1006,0,3
1029,222,1051,3,0
1016,223,994,0,3
1017,223,1039,3,0
1028,223,1006,0,3
1029,223,1051,3,0
1016,224,994,0,3
1017,224,1039,3,0
1028,224,1006,0,3
1017,225,1039,3,0
1017,226,1039,3,0
1018,226,1040,3,0
1027,226,1049,3,0
1028,226,1006,0,3
1017,227,1039,3,0
1018,227,1040,3,0
1019,227,1041,3,0
1027,227,1049,3,0
1028,227,1006,0,3
1017,228,1039,3,0
1018,228,1040,3,0
1019,228,1041,3,0
1027,228,1049,3,0
1028,228,1006,0,3
1017,229,1039,3,0
1018,229,1040,3,0
1019,229,1041,3,0
1021,229,999,0,3
1024,229,1002,0,3
1027,229,1049,3,0
1028,229,1006,0,3
1017,230,1039,3,0
1018,230,1040,3,0
1019,230,1041,3,0
1021,230,999,0,3
1022,230,1000,0,3
1023,230,1045,3,0
1024,230,1002,0,3
1027,230,1049,3,0
1028,230,1006,0,3
1017,231,1039,3,0
1018,231,1040,3,0
1019,231,1041,3,0
1021,231,999,0,3
1023,231,1045,3,0
1024,231,1002,0,3
1027,231,1049,3,0
1028,231,1006,0,3
1017,232,1039,3,0
1018,232,1040,3,0
1019,232,1041,3,0
1024,232,1002,0,3
1027,232,1049,3,0
1028,232,1006,0,3
1017,233,1039,3,0
1018,233,1040,3,0
1019,233,1041,3,0
1027,233,1049,3,0
1028,233,1006,0,3
1017,234,1039,3,0
1018,234,1040,3,0
1027,234,1049,3,0
1028,234,1006,0,3
1017,235,1039,3,0
1027,235,1049,3,0
1028,235,1006,0,3
1028,236,1006,0,3
1016,237,994,0,3
1017,237,1039,3,0
1028,237,1006,0,3
1029,237,1051,3,0
1016,238,994,0,3
1017,238,1039,3,0
1028,238,1006,0,3
1029,238,1051,3,0
1016,239,994,0,3
1017,239,1039,3,0
1028,239,1006,0,3
1029,239,1051,3,0
1016,240,994,0,3
1017,240,1039,3,0
1028,240,1006,0,3
1029,240,1051,3,0
1032,240,1054,3,0
1016,241,994,0,3
1017,241,1039,3,0
1028,241,1006,0,3
1029,241,1051,3,0
1032,241,1054,3,0
1034,242,1056,2,0
1038,242,1016,0,3
1039,242,1061,3,0
1050,242,1028,0,3
1051,242,1073,3,0
1054,242,1076,3,0
1038,243,1016,0,3
1039,243,1061,3,0
1050,243,1028,0,3
1051,243,1073,3,0
1038,244,1016,0,3
1039,244,1061,3,0
1050,244,1028,0,3
1051,244,1073,3,0
1038,245,1016,0,3
1039,245,1061,3,0
1050,245,1028,0,3
1051,245,1073,3,0
1038,246,1016,0,3
1039,246,1061,3,0
1050,246,1028,0,3
1039,247,1061,3,0
1050,247,1028,0,3
1039,248,1061,3,0
1040,248,1062,3,0
1049,248,1071,3,0
1050,248,1028,0,3
1039,249,1061,3,0
1040,249,1062,3,0
1041,249,1063,3,0
1049,249,1071,3,0
1050,249,1028,0,3
1039,250,1061,3,0
1040,250,1062,3,0
1041,250,1063,3,0
1049,250,1071,3,0
1050,250,1028,0,3
1039,251,1061,3,0
1040,251,1062,3,0
1041,251,1063,3,0
1043,251,1021,0,3
1046,251,1024,0,3
1049,251,1071,3,0
1050,251,1028,0,3
1039,252,1061,3,0
1040,252,1062,3,0
1041,252,1063,3,0
1043,252,1021,0,3
1044,252,1022,0,3
1045,252,1067,3,0
1046,252,1024,0,3
1049,252,1071,3,0
1050,252,1028,0,3
1039,253,1061,3,0
1040,253,1062,3,0
1041,253,1063,3,0
1043,253,1021,0,3
1045,253,1067,3,0
1046,253,1024,0,3
1049,253,1071,3,0
1050,253,1028,0,3
1039,254,1061,3,0
1040,254,1062,3,0
1041,254,1063,3,0
1046,254,1024,0,3
1049,254,1071,3,0
1050,254,1028,0,3
1039,255,1061,3,0
1040,255,1062,3,0
1041,255,1063,3,0
1049,255,1071,3,0
1050,255,1028,0,3
1039,256,1061,3,0
1040,256,1062,3,0
1049,256,1071,3,0
1050,256,1028,0,3
1039,257,1061,3,0
1049,257,1071,3,0
1050,257,1028,0,3
1050,258,1028,0,3
1038,259,1016,0,3
1039,259,1061,3,0
1050,259,1028,0,3
1051,259,1073,3,0
1038,260,1016,0,3
1039,260,1061,3,0
1050,260,1028,0,3
1051,260,1073,3,0
1038,261,1016,0,3
1039,261,1061,3,0
1050,261,1028,0,3
1051,261,1073,3,0
1038,262,1016,0,3
1039,262,1061,3,0
1050,262,1028,0,3
1051,262,1073,3,0
1054,262,1076,3,0
1034,263,1056,2,0
1038,263,1016,0,3
1039,263,1061,3,0
1050,263,1028,0,3
1051,263,1073,3,0
1054,263,1076,3,0
1056,264,1078,2,0
1060,264,1038,0,3
1061,264,1083,3,0
1072,264,1050,0,3
1073,264,1095,3,0
1076,264,1098,3,0
1060,265,1038,0,3
1061,265,1083,3,0
1072,265,1050,0,3
1073,265,1095,3,0
1060,266,1038,0,3
1061,266,1083,3,0
1072,266,1050,0,3
1073,266,1095,3,0
1060,267,1038,0,3
1061,267,1083,3,0
1072,267,1050,0,3
1073,267,1095,3,0
1060,268,1038,0,3
1061,268,1083,3,0
1072,268,1050,0,3
1061,269,1083,3,0
1061,270,1083,3,0
1062,270,1084,3,0
1071,270,1093,3,0
1072,270,1050,0,3
1061,271,1083,3,0
1062,271,1084,3,0
1071,271,1093,3,0
1072,271,1050,0,3
1061,272,1083,3,0
1062,272,1084,3,0
1071,272,1093,3,0
1072,272,1050,0,3
1061,273,1083,3,0
1062,273,1084,3,0
1065,273,1043,0,3
1068,273,1046,0,3
1071,273,1093,3,0
1072,273,1050,0,3
1061,274,1083,3,0
1062,274,1084,3,0
1065,274,1043,0,3
1066,274,1044,0,3
1068,274,1046,0,3
1071,274,1093,3,0
1072,274,1050,0,3
1061,275,1083,3,0
1062,275,1084,3,0
1065,275,1043,0,3
1068,275,1046,0,3
1071,275,1093,3,0
1072,275,1050,0,3
1061,276,1083,3,0
1062,276,1084,3,0
1068,276,1046,0,3
1071,276,1093,3,0
1072,276,1050,0,3
1061,277,1083,3,0
1062,277,1084,3,0
1071,277,1093,3,0
1072,277,1050,0,3
1061,278,1083,3,0
1062,278,1084,3,0
1071,278,1093,3,0
1072,278,1050,0,3
1061,279,1083,3,0
1071,279,1093,3,0
1072,279,1050,0,3
1072,280,1050,0,3
1060,281,1038,0,3
1061,281,1083,3,0
1072,281,1050,0,3
1073,281,1095,3,0
1060,282,1038,0,3
1061,282,1083,3,0
1072,282,1050,0,3
1073,282,1095,3,0
1060,283,1038,0,3
1061,283,1083,3,0
1072,283,1050,0,3
1073,283,1095,3,0
1060,284,1038,0,3
1061,284,1083,3,0
1072,284,1050,0,3
1073,284,1095,3,0
1076,284,1098,3,0
1056,285,1078,2,0
1060,285,1038,0,3
1061,285,1083,3,0
1072,285,1050,0,3
1073,285,1095,3,0
1076,285,1098,3,0
1078,286,1100,2,0
1082,286,1060,0,3
1094,286,1072,0,3
1095,286,1117,3,0
1098,286,1120,3,0
1082,287,1060,0,3
1094,287,1072,0,3
1095,287,1117,3,0
1082,288,1060,0,3
1094,288,1072,0,3
1095,288,1117,3,0
1082,289,1060,0,3
1094,289,1072,0,3
1095,289,1117,3,0
1082,290,1060,0,3
1094,290,1072,0,3
1094,291,1072,0,3
1084,292,1106,3,0
1093,292,1115,3,0
1094,292,1072,0,3
1084,293,1106,3,0
1093,293,1115,3,0
1094,293,1072,0,3
1084,294,1106,3,0
1093,294,1115,3,0
1094,294,1072,0,3
1084,295,1106,3,0
1087,295,1065,0,3
1090,295,1068,0,3
1093,295,1115,3,0
1094,295,1072,0,3
1084,296,1106,3,0
1087,296,1065,0,3
1088,296,1066,0,3
1090,296,1068,0,3
1093,296,1115,3,0
1094,296,1072,0,3
1084,297,1106,3,0
1087,297,1065,0,3
1090,297,1068,0,3
1093,297,1115,3,0
1094,297,1072,0,3
1084,298,1106,3,0
1090,298,1068,0,3
1093,298,1115,3,0
1094,298,1072,0,3
1084,299,1106,3,0
1093,299,1115,3,0
1094,299,1072,0,3
1084,300,1106,3,0
1093,300,1115,3,0
1094,300,1072,0,3
1093,301,1115,3,0
1094,301,1072,0,3
1094,302,1072,0,3
1082,303,1060,0,3
1094,303,1072,0,3
1095,303,1117,3,0
1082,304,1060,0,3
1094,304,1072,0,3
1095,304,1117,3,0
1082,305,1060,0,3
1094,305,1072,0,3
1095,305,1117,3,0
1082,306,1060,0,3
1094,306,1072,0,3
1095,306,1117,3,0
1098,306,1120,3,0
1078,307,1100,2,0
1082,307,1060,0,3
1094,307,1072,0,3
1095,307,1117,3,0
1098,307,1120,3,0
1100,308,1122,2,0
1104,308,1082,0,3
1116,308,1094,0,3
1118,308,1096,0,3
1120,308,1142,3,0
1104,309,1082,0,3
1116,309,1094,0,3
1118,309,1096,0,3
1104,310,1082,0,3
1116,310,1094,0,3
1118,310,1096,0,3
1104,311,1082,0,3
1116,311,1094,0,3
1104,312,1082,0,3
1116,312,1094,0,3
1106,314,1128,3,0
1115,314,1137,3,0
1116,314,1094,0,3
1106,315,1128,3,0
1115,315,1137,3,0
1116,315,1094,0,3
1106,316,1128,3,0
1115,316,1137,3,0
1116,316,1094,0,3
1106,317,1128,3,0
1109,317,1087,0,3
1112,317,1090,0,3
1115,317,1137,3,0
1116,317,1094,0,3
1106,318,1128,3,0
1109,318,1087,0,3
1112,318,1090,0,3
1115,318,1137,3,0
1116,318,1094,0,3
1106,319,1128,3,0
1109,319,1087,0,3
1112,319,1090,0,3
1115,319,1137,3,0
1116,319,1094,0,3
1106,320,1128,3,0
1112,320,1090,0,3
1115,320,1137,3,0
1116,320,1094,0,3
1106,321,1128,3,0
1115,321,1137,3,0
1116,321,1094,0,3
1106,322,1128,3,0
1115,322,1137,3,0
1116,322,1094,0,3
1115,323,1137,3,0
1116,323,1094,0,3
1116,324,1094,0,3
1104,325,1082,0,3
1116,325,1094,0,3
1104,326,1082,0,3
1116,326,1094,0,3
1118,326,1096,0,3
1104,327,1082,0,3
1116,327,1094,0,3
1118,327,1096,0,3
1104,328,1082,0,3
1116,328,1094,0,3
1118,328,1096,0,3
1120,328,1142,3,0
1100,329,1122,2,0
1104,329,1082,0,3
1116,329,1094,0,3
1118,329,1096,0,3
1120,329,1142,3,0
1122,330,1144,2,0
1126,330,1104,0,3
1138,330,1116,0,3
1140,330,1118,0,3
1142,330,1164,3,0
1126,331,1104,0,3
1138,331,1116,0,3
1140,331,1118,0,3
1126,332,1104,0,3
1138,332,1116,0,3
1140,332,1118,0,3
1126,333,1104,0,3
1138,333,1116,0,3
1126,334,1104,0,3
1138,334,1116,0,3
1138,335,1116,0,3
1128,336,1150,3,0
1137,336,1159,3,0
1138,336,1116,0,3
1128,337,1150,3,0
1137,337,1159,3,0
1138,337,1116,0,3
1128,338,1150,3,0
1137,338,1159,3,0
1138,338,1116,0,3
1128,339,1150,3,0
1131,339,1109,0,3
1137,339,1159,3,0
1138,339,1116,0,3
1128,340,1150,3,0
1131,340,1109,0,3
1133,340,1111,0,3
1137,340,1159,3,0
1138,340,1116,0,3
1128,341,1150,3,0
1131,341,1109,0,3
1133,341,1111,0,3
1137,341,1159,3,0
1138,341,1116,0,3
1128,342,1150,3,0
1137,342,1159,3,0
1138,342,1116,0,3
1128,343,1150,3,0
1137,343,1159,3,0
1138,343,1116,0,3
1128,344,1150,3,0
1137,344,1159,3,0
1138,344,1116,0,3
1137,345,1159,3,0
1138,345,1116,0,3
1138,346,1116,0,3
1126,347,1104,0,3
1138,347,1116,0,3
1126,348,1104,0,3
1138,348,1116,0,3
1140,348,1118,0,3
1126,349,1104,0,3
1138,349,1116,0,3
1140,349,1118,0,3
1126,350,1104,0,3
1138,350,1116,0,3
1140,350,1118,0,3
1142,350,1164,3,0
1122,351,1144,2,0
1126,351,1104,0,3
1138,351,1116,0,3
1140,351,1118,0,3
1142,351,1164,3,0
1144,352,1166,2,0
1148,352,1126,0,3
1160,352,1138,0,3
1164,352,1186,3,0
1148,353,1126,0,3
1160,353,1138,0,3
1148,354,1126,0,3
1160,354,1138,0,3
1148,355,1126,0,3
1160,355,1138,0,3
1148,356,1126,0,3
1160,356,1138,0,3
1150,358,1172,3,0
1159,358,1181,3,0
1160,358,1138,0,3
1150,359,1172,3,0
1159,359,1181,3,0
1160,359,1138,0,3
1150,360,1172,3,0
1159,360,1181,3,0
1160,360,1138,0,3
1150,361,1172,3,0
1153,361,1131,0,3
1159,361,1181,3,0
1160,361,1138,0,3
1150,362,1172,3,0
1153,362,1131,0,3
1155,362,1133,0,3
1159,362,1181,3,0
1160,362,1138,0,3
1150,363,1172,3,0
1153,363,1131,0,3
1155,363,1133,0,3
1159,363,1181,3,0
1160,363,1138,0,3
1150,364,1172,3,0
1159,364,1181,3,0
1160,364,1138,0,3
1150,365,1172,3,0
1159,365,1181,3,0
1160,365,1138,0,3
1150,366,1172,3,0
1159,366,1181,3,0
1160,366,1138,0,3
1159,367,1181,3,0
1160,367,1138,0,3
1160,368,1138,0,3
1148,369,1126,0,3
1160,369,1138,0,3
1148,370,1126,0,3
1160,370,1138,0,3
1148,371,1126,0,3
1160,371,1138,0,3
1148,372,1126,0,3
1160,372,1138,0,3
1164,372,1186,3,0
1144,373,1166,2,0
1148,373,1126,0,3
1160,373,1138,0,3
1164,373,1186,3,0
1165,373,1187,3,0
1166,374,1188,2,0
1168,374,1190,3,0
1170,374,1148,0,3
1182,374,1160,0,3
1186,374,1208,3,0
1168,375,1190,3,0
1170,375,1148,0,3
1182,375,1160,0,3
1168,376,1190,3,0
1170,376,1148,0,3
1182,376,1160,0,3
1170,377,1148,0,3
1182,377,1160,0,3
1170,378,1148,0,3
1182,378,1160,0,3
1182,379,1160,0,3
1172,380,1194,3,0
1181,380,1203,3,0
1182,380,1160,0,3
1172,381,1194,3,0
1181,381,1203,3,0
1182,381,1160,0,3
1172,382,1194,3,0
1181,382,1203,3,0
1182,382,1160,0,3
1172,383,1194,3,0
1175,383,1153,0,3
1181,383,1203,3,0
1182,383,1160,0,3
1172,384,1194,3,0
1175,384,1153,0,3
1181,384,1203,3,0
1182,384,1160,0,3
1172,385,1194,3,0
1175,385,1153,0,3
1181,385,1203,3,0
1182,385,1160,0,3
1172,386,1194,3,0
1181,386,1203,3,0
1182,386,1160,0,3
1172,387,1194,3,0
1181,387,1203,3,0
1182,387,1160,0,3
1172,388,1194,3,0
1181,388,1203,3,0
1182,388,1160,0,3
1181,389,1203,3,0
1182,389,1160,0,3
1182,390,1160,0,3
1170,391,1148,0,3
1182,391,1160,0,3
1170,392,1148,0,3
1182,392,1160,0,3
1168,393,1190,3,0
1170,393,1148,0,3
1182,393,1160,0,3
1168,394,1190,3,0
1170,394,1148,0,3
1182,394,1160,0,3
1186,394,1208,3,0
1166,395,1188,2,0
1168,395,1190,3,0
1170,395,1148,0,3
1182,395,1160,0,3
1186,395,1208,3,0
1187,395,1209,3,0
1188,396,1210,2,0
1190,396,1212,3,0
1192,396,1170,0,3
1204,396,1182,0,3
1206,396,1228,3,0
1207,396,1229,3,0
1208,396,1230,3,0
1190,397,1212,3,0
1192,397,1170,0,3
1204,397,1182,0,3
1206,397,1228,3,0
1207,397,1229,3,0
1190,398,1212,3,0
1192,398,1170,0,3
1204,398,1182,0,3
1206,398,1228,3,0
1192,399,1170,0,3
1204,399,1182,0,3
1192,400,1170,0,3
1204,400,1182,0,3
1203,402,1225,3,0
1204,402,1182,0,3
1203,403,1225,3,0
1204,403,1182,0,3
1203,404,1225,3,0
1204,404,1182,0,3
1197,405,1175,0,3
1203,405,1225,3,0
1204,405,1182,0,3
1197,406,1175,0,3
1203,406,1225,3,0
1204,406,1182,0,3
1197,407,1175,0,3
1203,407,1225,3,0
1204,407,1182,0,3
1203,408,1225,3,0
1204,408,1182,0,3
1203,409,1225,3,0
1204,409,1182,0,3
1203,410,1225,3,0
1204,410,1182,0,3
1203,411,1225,3,0
1204,411,1182,0,3
1204,412,1182,0,3
1192,413,1170,0,3
1204,413,1182,0,3
1192,414,1170,0,3
1204,414,1182,0,3
1206,414,1228,3,0
1190,415,1212,3,0
1192,415,1170,0,3
1204,415,1182,0,3
1206,415,1228,3,0
1207,415,1229,3,0
1190,416,1212,3,0
1192,416,1170,0,3
1204,416,1182,0,3
1206,416,1228,3,0
1207,416,1229,3,0
1208,416,1230,3,0
1188,417,1210,2,0
1190,417,1212,3,0
1192,417,1170,0,3
1204,417,1182,0,3
1206,417,1228,3,0
1207,417,1229,3,0
1208,417,1230,3,0
1209,417,1231,3,0
1210,418,1232,2,0
1211,418,1233,3,0
1212,418,1234,3,0
1214,418,1192,0,3
1226,418,1204,0,3
1229,418,1251,3,0
1230,418,1252,3,0
1211,419,1233,3,0
1212,419,1234,3,0
1214,419,1192,0,3
1226,419,1204,0,3
1229,419,1251,3,0
1212,420,1234,3,0
1214,420,1192,0,3
1226,420,1204,0,3
1214,421,1192,0,3
1226,421,1204,0,3
1214,422,1192,0,3
1226,422,1204,0,3
1226,423,1204,0,3
1225,424,1247,3,0
1226,424,1204,0,3
1225,425,1247,3,0
1226,425,1204,0,3
1225,426,1247,3,0
1226,426,1204,0,3
1219,427,1197,0,3
1225,427,1247,3,0
1226,427,1204,0,3
1219,428,1197,0,3
1225,428,1247,3,0
1226,428,1204,0,3
1219,429,1197,0,3
1225,429,1247,3,0
1226,429,1204,0,3
1225,430,1247,3,0
1226,430,1204,0,3
1225,431,1247,3,0
1226,431,1204,0,3
1225,432,1247,3,0
1226,432,1204,0,3
1225,433,1247,3,0
1226,433,1204,0,3
1226,434,1204,0,3
1214,435,1192,0,3
1226,435,1204,0,3
1214,436,1192,0,3
1226,436,1204,0,3
1212,437,1234,3,0
1214,437,1192,0,3
1226,437,1204,0,3
1229,437,1251,3,0
1211,438,1233,3,0
1212,438,1234,3,0
1214,438,1192,0,3
1226,438,1204,0,3
1229,438,1251,3,0
1230,438,1252,3,0
1210,439,1232,2,0
1211,439,1233,3,0
1212,439,1234,3,0
1214,439,1192,0,3
1226,439,1204,0,3
1229,439,1251,3,0
1230,439,1252,3,0
1231,439,1253,3,0
1232,440,1254,2,0
1233,440,1255,3,0
1234,440,1256,3,0
1236,440,1214,0,3
1248,440,1226,0,3
1251,440,1273,3,0
1252,440,1274,3,0
1233,441,1255,3,0
1234,441,1256,3,0
1236,441,1214,0,3
1248,441,1226,0,3
1251,441,1273,3,0
1234,442,1256,3,0
1236,442,1214,0,3
1248,442,1226,0,3
1236,443,1214,0,3
1248,443,1226,0,3
1236,444,1214,0,3
1248,444,1226,0,3
1238,446,1216,0,3
1247,446,1269,3,0
1248,446,1226,0,3
1238,447,1216,0,3
1247,447,1269,3,0
1248,447,1226,0,3
1238,448,1216,0,3
1247,448,1269,3,0
1248,448,1226,0,3
1238,449,1216,0,3
1241,449,1219,0,3
1247,449,1269,3,0
1248,449,1226,0,3
1238,450,1216,0,3
1241,450,1219,0,3
1247,450,1269,3,0
1248,450,1226,0,3
1238,451,1216,0,3
1241,451,1219,0,3
1247,451,1269,3,0
1248,451,1226,0,3
1238,452,1216,0,3
1247,452,1269,3,0
1248,452,1226,0,3
1238,453,1216,0,3
1247,453,1269,3,0
1248,453,1226,0,3
1238,454,1216,0,3
1247,454,1269,3,0
1248,454,1226,0,3
1247,455,1269,3,0
1248,455,1226,0,3
1248,456,1226,0,3
1236,457,1214,0,3
1248,457,1226,0,3
1236,458,1214,0,3
1248,458,1226,0,3
1234,459,1256,3,0
1236,459,1214,0,3
1248,459,1226,0,3
1251,459,1273,3,0
1233,460,1255,3,0
1234,460,1256,3,0
1236,460,1214,0,3
1248,460,1226,0,3
1251,460,1273,3,0
1252,460,1274,3,0
1232,461,1254,2,0
1233,461,1255,3,0
1234,461,1256,3,0
1236,461,1214,0,3
1248,461,1226,0,3
1251,461,1273,3,0
1252,461,1274,3,0
1253,461,1275,3,0
1254,462,1276,2,0
1255,462,1277,3,0
1256,462,1278,3,0
1258,462,1236,0,3
1270,462,1248,0,3
1273,462,1295,3,0
1274,462,1296,3,0
1255,463,1277,3,0
1256,463,1278,3,0
1258,463,1236,0,3
1270,463,1248,0,3
1273,463,1295,3,0
1256,464,1278,3,0
1258,464,1236,0,3
1270,464,1248,0,3
1258,465,1236,0,3
1270,465,1248,0,3
1258,466,1236,0,3
1270,466,1248,0,3
1270,467,1248,0,3
1260,468,1238,0,3
1269,468,1291,3,0
1270,468,1248,0,3
1260,469,1238,0,3
1261,469,1283,3,0
1269,469,1291,3,0
1270,469,1248,0,3
1260,470,1238,0,3
1261,470,1283,3,0
1269,470,1291,3,0
1270,470,1248,0,3
1260,471,1238,0,3
1261,471,1283,3,0
1263,471,1241,0,3
1269,471,1291,3,0
1270,471,1248,0,3
1260,472,1238,0,3
1261,472,1283,3,0
1263,472,1241,0,3
1269,472,1291,3,0
1270,472,1248,0,3
1260,473,1238,0,3
1261,473,1283,3,0
1263,473,1241,0,3
1269,473,1291,3,0
1270,473,1248,0,3
1260,474,1238,0,3
1261,474,1283,3,0
1269,474,1291,3,0
1270,474,1248,0,3
1260,475,1238,0,3
1261,475,1283,3,0
1269,475,1291,3,0
1270,475,1248,0,3
1260,476,1238,0,3
1269,476,1291,3,0
1270,476,1248,0,3
1269,477,1291,3,0
1270,477,1248,0,3
1270,478,1248,0,3
1258,479,1236,0,3
1270,479,1248,0,3
1258,480,1236,0,3
1270,480,1248,0,3
1256,481,1278,3,0
1258,481,1236,0,3
1270,481,1248,0,3
1273,481,1295,3,0
1255,482,1277,3,0
1256,482,1278,3,0
1258,482,1236,0,3
1270,482,1248,0,3
1273,482,1295,3,0
1274,482,1296,3,0
1254,483,1276,2,0
1255,483,1277,3,0
1256,483,1278,3,0
1258,483,1236,0,3
1270,483,1248,0,3
1273,483,1295,3,0
1274,483,1296,3,0
1275,483,1297,3,0
1277,484,1299,3,0
1278,484,1300,3,0
1280,484,1258,0,3
1292,484,1270,0,3
1294,484,1272,0,3
1295,484,1317,3,0
1296,484,1318,3,0
1277,485,1299,3,0
1278,485,1300,3,0
1280,485,1258,0,3
1292,485,1270,0,3
1294,485,1272,0,3
1295,485,1317,3,0
1278,486,1300,3,0
1280,486,1258,0,3
1292,486,1270,0,3
1294,486,1272,0,3
1280,487,1258,0,3
1292,487,1270,0,3
1280,488,1258,0,3
1292,488,1270,0,3
1291,490,1313,3,0
1292,490,1270,0,3
1291,491,1313,3,0
1292,491,1270,0,3
1291,492,1313,3,0
1292,492,1270,0,3
1285,493,1263,0,3
1291,493,1313,3,0
1292,493,1270,0,3
1285,494,1263,0,3
1291,494,1313,3,0
1292,494,1270,0,3
1285,495,1263,0,3
1291,495,1313,3,0
1292,495,1270,0,3
1291,496,1313,3,0
1292,496,1270,0,3
1291,497,1313,3,0
1292,497,1270,0,3
1291,498,1313,3,0
1292,498,1270,0,3
1291,499,1313,3,0
1292,499,1270,0,3
1292,500,1270,0,3
1280,501,1258,0,3
1292,501,1270,0,3
1280,502,1258,0,3
1292,502,1270,0,3
1294,502,1272,0,3
1278,503,1300,3,0
1280,503,1258,0,3
1292,503,1270,0,3
1294,503,1272,0,3
1295,503,1317,3,0
1277,504,1299,3,0
1278,504,1300,3,0
1280,504,1258,0,3
1292,504,1270,0,3
1294,504,1272,0,3
1295,504,1317,3,0
1296,504,1318,3,0
1277,505,1299,3,0
1278,505,1300,3,0
1280,505,1258,0,3
1292,505,1270,0,3
1294,505,1272,0,3
1295,505,1317,3,0
1296,505,1318,3,0
1297,505,1319,3,0
1298,506,1320,2,0
1299,506,1321,3,0
1300,506,1322,3,0
1302,506,1280,0,3
1314,506,1292,0,3
1317,506,1339,3,0
1318,506,1340,3,0
1299,507,1321,3,0
1300,507,1322,3,0
1302,507,1280,0,3
1314,507,1292,0,3
1317,507,1339,3,0
1300,508,1322,3,0
1302,508,1280,0,3
1314,508,1292,0,3
1302,509,1280,0,3
1314,509,1292,0,3
1302,510,1280,0,3
1314,510,1292,0,3
1314,511,1292,0,3
1313,512,1335,3,0
1314,512,1292,0,3
1313,513,1335,3,0
1314,513,1292,0,3
1313,514,1335,3,0
1314,514,1292,0,3
1307,515,1285,0,3
1313,515,1335,3,0
1314,515,1292,0,3
1307,516,1285,0,3
1313,516,1335,3,0
1314,516,1292,0,3
1307,517,1285,0,3
1313,517,1335,3,0
1314,517,1292,0,3
1313,518,1335,3,0
1314,518,1292,0,3
1313,519,1335,3,0
1314,519,1292,0,3
1313,520,1335,3,0
1314,520,1292,0,3
1313,521,1335,3,0
1314,521,1292,0,3
1314,522,1292,0,3
1302,523,1280,0,3
1314,523,1292,0,3
1302,524,1280,0,3
1314,524,1292,0,3
1300,525,1322,3,0
1302,525,1280,0,3
1314,525,1292,0,3
1317,525,1339,3,0
1299,526,1321,3,0
1300,526,1322,3,0
1302,526,1280,0,3
1314,526,1292,0,3
1317,526,1339,3,0
1318,526,1340,3,0
1298,527,1320,2,0
1299,527,1321,3,0
1300,527,1322,3,0
1302,527,1280,0,3
1314,527,1292,0,3
1317,527,1339,3,0
1318,527,1340,3,0
1319,527,1341,3,0
1320,528,1342,2,0
1321,528,1343,3,0
1322,528,1344,3,0
1323,528,1345,3,0
1324,528,1302,0,3
1336,528,1314,0,3
1339,528,1361,3,0
1340,528,1362,3,0
1321,529,1343,3,0
1322,529,1344,3,0
1323,529,1345,3,0
1324,529,1302,0,3
1336,529,1314,0,3
1339,529,1361,3,0
1322,530,1344,3,0
1323,530,1345,3,0
1324,530,1302,0,3
1336,530,1314,0,3
1323,531,1345,3,0
1324,531,1302,0,3
1336,531,1314,0,3
1324,532,1302,0,3
1336,532,1314,0,3
1326,534,1348,3,0
1335,534,1357,3,0
1336,534,1314,0,3
1326,535,1348,3,0
1335,535,1357,3,0
1336,535,1314,0,3
1326,536,1348,3,0
1335,536,1357,3,0
1336,536,1314,0,3
1326,537,1348,3,0
1329,537,1307,0,3
1335,537,1357,3,0
1336,537,1314,0,3
1326,538,1348,3,0
1329,538,1307,0,3
1335,538,1357,3,0
1336,538,1314,0,3
1326,539,1348,3,0
1329,539,1307,0,3
1335,539,1357,3,0
1336,539,1314,0,3
1326,540,1348,3,0
1335,540,1357,3,0
1336,540,1314,0,3
1326,541,1348,3,0
1335,541,1357,3,0
1336,541,1314,0,3
1326,542,1348,3,0
1335,542,1357,3,0
1336,542,1314,0,3
1335,543,1357,3,0
1336,543,1314,0,3
1336,544,1314,0,3
1324,545,1302,0,3
1336,545,1314,0,3
1323,546,1345,3,0
1324,546,1302,0,3
1336,546,1314,0,3
1322,547,1344,3,0
1323,547,1345,3,0
1324,547,1302,0,3
1336,547,1314,0,3
1339,547,1361,3,0
1321,548,1343,3,0
1322,548,1344,3,0
1323,548,1345,3,0
1324,548,1302,0,3
1336,548,1314,0,3
1339,548,1361,3,0
1340,548,1362,3,0
1320,549,1342,2,0
1321,549,1343,3,0
1322,549,1344,3,0
1323,549,1345,3,0
1324,549,1302,0,3
1336,549,1314,0,3
1339,549,1361,3,0
1340,549,1362,3,0
1341,549,1363,3,0
1342,550,1364,2,0
1343,550,1365,3,0
1344,550,1366,3,0
1345,550,1367,3,0
1346,550,1324,0,3
1358,550,1336,0,3
1360,550,1338,0,3
1361,550,1383,3,0
1362,550,1384,3,0
1343,551,1365,3,0
1344,551,1366,3,0
1345,551,1367,3,0
1346,551,1324,0,3
1358,551,1336,0,3
1360,551,1338,0,3
1361,551,1383,3,0
1344,552,1366,3,0
1345,552,1367,3,0
1346,552,1324,0,3
1358,552,1336,0,3
1360,552,1338,0,3
1345,553,1367,3,0
1346,553,1324,0,3
1358,553,1336,0,3
1346,554,1324,0,3
1358,554,1336,0,3
1358,555,1336,0,3
1348,556,1370,3,0
1357,556,1379,3,0
1358,556,1336,0,3
1348,557,1370,3,0
1357,557,1379,3,0
1358,557,1336,0,3
1348,558,1370,3,0
1357,558,1379,3,0
1358,558,1336,0,3
1348,559,1370,3,0
1351,559,1329,0,3
1357,559,1379,3,0
1358,559,1336,0,3
1348,560,1370,3,0
1351,560,1329,0,3
1357,560,1379,3,0
1358,560,1336,0,3
1348,561,1370,3,0
1351,561,1329,0,3
1357,561,1379,3,0
1358,561,1336,0,3
1348,562,1370,3,0
1357,562,1379,3,0
1358,562,1336,0,3
1348,563,1370,3,0
1357,563,1379,3,0
1358,563,1336,0,3
1348,564,1370,3,0
1357,564,1379,3,0
1358,564,1336,0,3
1357,565,1379,3,0
1358,565,1336,0,3
1358,566,1336,0,3
1346,567,1324,0,3
1358,567,1336,0,3
1345,568,1367,3,0
1346,568,1324,0,3
1358,568,1336,0,3
1360,568,1338,0,3
1344,569,1366,3,0
1345,569,1367,3,0
1346,569,1324,0,3
1358,569,1336,0,3
1360,569,1338,0,3
1361,569,1383,3,0
1343,570,1365,3,0
1344,570,1366,3,0
1345,570,1367,3,0
1346,570,1324,0,3
1358,570,1336,0,3
1360,570,1338,0,3
1361,570,1383,3,0
1362,570,1384,3,0
1342,571,1364,2,0
1343,571,1365,3,0
1344,571,1366,3,0
1345,571,1367,3,0
1346,571,1324,0,3
1358,571,1336,0,3
1360,571,1338,0,3
1361,571,1383,3,0
1362,571,1384,3,0
1363,571,1385,3,0
1364,572,1386,2,0
1365,572,1387,3,0
1366,572,1388,3,0
1367,572,1389,3,0
1368,572,1346,0,3
1380,572,1358,0,3
1382,572,1360,0,3
1383,572,1405,3,0
1384,572,1406,3,0
1365,573,1387,3,0
1366,573,1388,3,0
1367,573,1389,3,0
1368,573,1346,0,3
1380,573,1358,0,3
1382,573,1360,0,3
1383,573,1405,3,0
1366,574,1388,3,0
1367,574,1389,3,0
1368,574,1346,0,3
1380,574,1358,0,3
1382,574,1360,0,3
1367,575,1389,3,0
1368,575,1346,0,3
1380,575,1358,0,3
1368,576,1346,0,3
1380,576,1358,0,3
1370,578,1392,3,0
1379,578,1401,3,0
1380,578,1358,0,3
1370,579,1392,3,0
1378,579,1400,3,0
1379,579,1401,3,0
1380,579,1358,0,3
1370,580,1392,3,0
1378,580,1400,3,0
1379,580,1401,3,0
1380,580,1358,0,3
1370,581,1392,3,0
1373,581,1351,0,3
1378,581,1400,3,0
1379,581,1401,3,0
1380,581,1358,0,3
1370,582,1392,3,0
1373,582,1351,0,3
1378,582,1400,3,0
1379,582,1401,3,0
1380,582,1358,0,3
1370,583,1392,3,0
1373,583,1351,0,3
1378,583,1400,3,0
1379,583,1401,3,0
1380,583,1358,0,3
1370,584,1392,3,0
1378,584,1400,3,0
1379,584,1401,3,0
1380,584,1358,0,3
1370,585,1392,3,0
1378,585,1400,3,0
1379,585,1401,3,0
1380,585,1358,0,3
1370,586,1392,3,0
1378,586,1400,3,0
1379,586,1401,3,0
1380,586,1358,0,3
1379,587,1401,3,0
1380,587,1358,0,3
1380,588,1358,0,3
1368,589,1346,0,3
1380,589,1358,0,3
1367,590,1389,3,0
1368,590,1346,0,3
1380,590,1358,0,3
1382,590,1360,0,3
1366,591,1388,3,0
1367,591,1389,3,0
1368,591,1346,0,3
1380,591,1358,0,3
1382,591,1360,0,3
1383,591,1405,3,0
1365,592,1387,3,0
1366,592,1388,3,0
1367,592,1389,3,0
1368,592,1346,0,3
1380,592,1358,0,3
1382,592,1360,0,3
1383,592,1405,3,0
1384,592,1406,3,0
1364,593,1386,2,0
1365,593,1387,3,0
1366,593,1388,3,0
1367,593,1389,3,0
1368,593,1346,0,3
1380,593,1358,0,3
1382,593,1360,0,3
1383,593,1405,3,0
1384,593,1406,3,0
1385,593,1407,3,0
1386,594,1408,2,0
1387,594,1409,3,0
1388,594,1410,3,0
1389,594,1411,3,0
1390,594,1368,0,3
1404,594,1382,0,3
1405,594,1427,3,0
1406,594,1428,3,0
1387,595,1409,3,0
1388,595,1410,3,0
1389,595,1411,3,0
1390,595,1368,0,3
1404,595,1382,0,3
1405,595,1427,3,0
1388,596,1410,3,0
1389,596,1411,3,0
1390,596,1368,0,3
1404,596,1382,0,3
1389,597,1411,3,0
1390,597,1368,0,3
1390,598,1368,0,3
1392,600,1414,3,0
1401,600,1423,3,0
1392,601,1414,3,0
1393,601,1415,3,0
1401,601,1423,3,0
1392,602,1414,3,0
1393,602,1415,3,0
1401,602,1423,3,0
1392,603,1414,3,0
1393,603,1415,3,0
1395,603,1373,0,3
1401,603,1423,3,0
1392,604,1414,3,0
1393,604,1415,3,0
1395,604,1373,0,3
1401,604,1423,3,0
1392,605,1414,3,0
1393,605,1415,3,0
1395,605,1373,0,3
1401,605,1423,3,0
1392,606,1414,3,0
1393,606,1415,3,0
1401,606,1423,3,0
1392,607,1414,3,0
1393,607,1415,3,0
1401,607,1423,3,0
1392,608,1414,3,0
1401,608,1423,3,0
1401,609,1423,3,0
1390,611,1368,0,3
1389,612,1411,3,0
1390,612,1368,0,3
1404,612,1382,0,3
1388,613,1410,3,0
1389,613,1411,3,0
1390,613,1368,0,3
1404,613,1382,0,3
1405,613,1427,3,0
1387,614,1409,3,0
1388,614,1410,3,0
1389,614,1411,3,0
1390,614,1368,0,3
1404,614,1382,0,3
1405,614,1427,3,0
1406,614,1428,3,0
1386,615,1408,2,0
1387,615,1409,3,0
1388,615,1410,3,0
1389,615,1411,3,0
1390,615,1368,0,3
1404,615,1382,0,3
1405,615,1427,3,0
1406,615,1428,3,0
1407,615,1429,3,0
1408,616,1430,2,0
1409,616,1431,3,0
1410,616,1432,3,0
1411,616,1433,3,0
1412,616,1390,0,3
1427,616,1449,3,0
1428,616,1450,3,0
1409,617,1431,3,0
1410,617,1432,3,0
1411,617,1433,3,0
1412,617,1390,0,3
1427,617,1449,3,0
1410,618,1432,3,0
1411,618,1433,3,0
1412,618,1390,0,3
1411,619,1433,3,0
1412,619,1390,0,3
1412,620,1390,0,3
1415,623,1437,3,0
1415,624,1437,3,0
1415,625,1437,3,0
1415,626,1437,3,0
1415,627,1437,3,0
1415,628,1437,3,0
1415,629,1437,3,0
1412,633,1390,0,3
1411,634,1433,3,0
1412,634,1390,0,3
1410,635,1432,3,0
1411,635,1433,3,0
1412,635,1390,0,3
1427,635,1449,3,0
1409,636,1431,3,0
1410,636,1432,3,0
1411,636,1433,3,0
1412,636,1390,0,3
1427,636,1449,3,0
1428,636,1450,3,0
1408,637,1430,2,0
1409,637,1431,3,0
1410,637,1432,3,0
1411,637,1433,3,0
1412,637,1390,0,3
1427,637,1449,3,0
1428,637,1450,3,0
1429,637,1451,3,0
1430,638,1452,2,0
1431,638,1453,3,0
1432,638,1454,3,0
1433,638,1455,3,0
1434,638,1412,0,3
1448,638,1426,0,3
1449,638,1471,3,0
1431,639,1453,3,0
1432,639,1454,3,0
1433,639,1455,3,0
1434,639,1412,0,3
1448,639,1426,0,3
1449,639,1471,3,0
1432,640,1454,3,0
1433,640,1455,3,0
1434,640,1412,0,3
1448,640,1426,0,3
1433,641,1455,3,0
1434,641,1412,0,3
1434,642,1412,0,3
1444,645,1466,3,0
1444,646,1466,3,0
1444,647,1466,3,0
1444,648,1466,3,0
1444,649,1466,3,0
1444,650,1466,3,0
1444,651,1466,3,0
1444,652,1466,3,0
1434,655,1412,0,3
1433,656,1455,3,0
1434,656,1412,0,3
1448,656,1426,0,3
1432,657,1454,3,0
1433,657,1455,3,0
1434,657,1412,0,3
1448,657,1426,0,3
1449,657,1471,3,0
1431,658,1453,3,0
1432,658,1454,3,0
1433,658,1455,3,0
1434,658,1412,0,3
1448,658,1426,0,3
1449,658,1471,3,0
1430,659,1452,2,0
1431,659,1453,3,0
1432,659,1454,3,0
1433,659,1455,3,0
1434,659,1412,0,3
1448,659,1426,0,3
1449,659,1471,3,0
1451,659,1473,3,0
1452,660,1474,2,0
1453,660,1475,3,0
1454,660,1476,3,0
1456,660,1434,0,3
1457,660,1479,3,0
1469,660,1447,0,3
1470,660,1448,0,3
1471,660,1493,3,0
1453,661,1475,3,0
1454,661,1476,3,0
1456,661,1434,0,3
1457,661,1479,3,0
1469,661,1447,0,3
1470,661,1448,0,3
1471,661,1493,3,0
1454,662,1476,3,0
1456,662,1434,0,3
1457,662,1479,3,0
1469,662,1447,0,3
1470,662,1448,0,3
1456,663,1434,0,3
1457,663,1479,3,0
1469,663,1447,0,3
1456,664,1434,0,3
1457,664,1479,3,0
1457,665,1479,3,0
1457,666,1479,3,0
1457,667,1479,3,0
1459,667,1437,0,3
1466,667,1488,3,0
1457,668,1479,3,0
1459,668,1437,0,3
1466,668,1488,3,0
1457,669,1479,3,0
1459,669,1437,0,3
1466,669,1488,3,0
1457,670,1479,3,0
1459,670,1437,0,3
1466,670,1488,3,0
1457,671,1479,3,0
1459,671,1437,0,3
1466,671,1488,3,0
1457,672,1479,3,0
1459,672,1437,0,3
1466,672,1488,3,0
1457,673,1479,3,0
1459,673,1437,0,3
1466,673,1488,3,0
1457,674,1479,3,0
1466,674,1488,3,0
1457,675,1479,3,0
1456,677,1434,0,3
1457,677,1479,3,0
1469,677,1447,0,3
1456,678,1434,0,3
1457,678,1479,3,0
1469,678,1447,0,3
1470,678,1448,0,3
1454,679,1476,3,0
1456,679,1434,0,3
1457,679,1479,3,0
1469,679,1447,0,3
1470,679,1448,0,3
1471,679,1493,3,0
1453,680,1475,3,0
1454,680,1476,3,0
1456,680,1434,0,3
1457,680,1479,3,0
1469,680,1447,0,3
1470,680,1448,0,3
1471,680,1493,3,0
1452,681,1474,2,0
1453,681,1475,3,0
1454,681,1476,3,0
1456,681,1434,0,3
1457,681,1479,3,0
1469,681,1447,0,3
1470,681,1448,0,3
1471,681,1493,3,0
1473,681,1495,3,0
1474,682,1496,2,0
1475,682,1497,3,0
1476,682,1498,3,0
1491,682,1469,0,3
1492,682,1470,0,3
1493,682,1515,3,0
1494,682,1516,3,0
1475,683,1497,3,0
1476,683,1498,3,0
1491,683,1469,0,3
1492,683,1470,0,3
1493,683,1515,3,0
1476,684,1498,3,0
1491,684,1469,0,3
1492,684,1470,0,3
1491,685,1469,0,3
1481,689,1459,0,3
1488,689,1510,3,0
1481,690,1459,0,3
1488,690,1510,3,0
1481,691,1459,0,3
1488,691,1510,3,0
1481,692,1459,0,3
1488,692,1510,3,0
1481,693,1459,0,3
1488,693,1510,3,0
1481,694,1459,0,3
1488,694,1510,3,0
1481,695,1459,0,3
1488,695,1510,3,0
1488,696,1510,3,0
1491,699,1469,0,3
1491,700,1469,0,3
1492,700,1470,0,3
1476,701,1498,3,0
1491,701,1469,0,3
1492,701,1470,0,3
1493,701,1515,3,0
1475,702,1497,3,0
1476,702,1498,3,0
1491,702,1469,0,3
1492,702,1470,0,3
1493,702,1515,3,0
1494,702,1516,3,0
1474,703,1496,2,0
1475,703,1497,3,0
1476,703,1498,3,0
1491,703,1469,0,3
1492,703,1470,0,3
1493,703,1515,3,0
1494,703,1516,3,0
1495,703,1517,3,0
1496,704,1518,2,0
1498,704,1520,3,0
1513,704,1491,0,3
1515,704,1537,3,0
1516,704,1538,3,0
1498,705,1520,3,0
1513,705,1491,0,3
1515,705,1537,3,0
1498,706,1520,3,0
1513,706,1491,0,3
1513,707,1491,0,3
1503,711,1481,0,3
1510,711,1532,3,0
1503,712,1481,0,3
1510,712,1532,3,0
1503,713,1481,0,3
1505,713,1483,0,3
1510,713,1532,3,0
1503,714,1481,0,3
1505,714,1483,0,3
1510,714,1532,3,0
1503,715,1481,0,3
1505,715,1483,0,3
1510,715,1532,3,0
1503,716,1481,0,3
1510,716,1532,3,0
1503,717,1481,0,3
1510,717,1532,3,0
1510,718,1532,3,0
1513,721,1491,0,3
1513,722,1491,0,3
1498,723,1520,3,0
1513,723,1491,0,3
1515,723,1537,3,0
1498,724,1520,3,0
1513,724,1491,0,3
1515,724,1537,3,0
1516,724,1538,3,0
1496,725,1518,2,0
1498,725,1520,3,0
1513,725,1491,0,3
1515,725,1537,3,0
1516,725,1538,3,0
1517,725,1539,3,0
1520,726,1542,3,0
1523,726,1501,0,3
1535,726,1513,0,3
1538,726,1560,3,0
1520,727,1542,3,0
1523,727,1501,0,3
1535,727,1513,0,3
1520,728,1542,3,0
1523,728,1501,0,3
1535,728,1513,0,3
1523,729,1501,0,3
1535,729,1513,0,3
1523,730,1501,0,3
1523,731,1501,0,3
1523,732,1501,0,3
1533,732,1511,0,3
1523,733,1501,0,3
1525,733,1503,0,3
1532,733,1554,3,0
1533,733,1511,0,3
1523,734,1501,0,3
1525,734,1503,0,3
1526,734,1504,0,3
1531,734,1553,3,0
1532,734,1554,3,0
1533,734,1511,0,3
1523,735,1501,0,3
1525,735,1503,0,3
1526,735,1504,0,3
1531,735,1553,3,0
1532,735,1554,3,0
1533,735,1511,0,3
1523,736,1501,0,3
1525,736,1503,0,3
1526,736,1504,0,3
1528,736,1506,0,3
1529,736,1551,3,0
1531,736,1553,3,0
1532,736,1554,3,0
1533,736,1511,0,3
1523,737,1501,0,3
1525,737,1503,0,3
1526,737,1504,0,3
1529,737,1551,3,0
1531,737,1553,3,0
1532,737,1554,3,0
1533,737,1511,0,3
1523,738,1501,0,3
1525,738,1503,0,3
1526,738,1504,0,3
1531,738,1553,3,0
1532,738,1554,3,0
1533,738,1511,0,3
1523,739,1501,0,3
1525,739,1503,0,3
1531,739,1553,3,0
1532,739,1554,3,0
1533,739,1511,0,3
1523,740,1501,0,3
1532,740,1554,3,0
1533,740,1511,0,3
1523,741,1501,0,3
1533,741,1511,0,3
1523,743,1501,0,3
1535,743,1513,0,3
1523,744,1501,0,3
1535,744,1513,0,3
1520,745,1542,3,0
1523,745,1501,0,3
1535,745,1513,0,3
1520,746,1542,3,0
1523,746,1501,0,3
1535,746,1513,0,3
1538,746,1560,3,0
1520,747,1542,3,0
1523,747,1501,0,3
1535,747,1513,0,3
1538,747,1560,3,0
1539,747,1561,3,0
1540,748,1562,2,0
1542,748,1564,3,0
1545,748,1523,0,3
1557,748,1535,0,3
1542,749,1564,3,0
1545,749,1523,0,3
1557,749,1535,0,3
1542,750,1564,3,0
1545,750,1523,0,3
1557,750,1535,0,3
1545,751,1523,0,3
1557,751,1535,0,3
1545,752,1523,0,3
1545,753,1523,0,3
1545,754,1523,0,3
1555,754,1533,0,3
1545,755,1523,0,3
1547,755,1525,0,3
1555,755,1533,0,3
1545,756,1523,0,3
1547,756,1525,0,3
1548,756,1526,0,3
1553,756,1575,3,0
1555,756,1533,0,3
1545,757,1523,0,3
1547,757,1525,0,3
1548,757,1526,0,3
1549,757,1527,0,3
1553,757,1575,3,0
1555,757,1533,0,3
1545,758,1523,0,3
1547,758,1525,0,3
1548,758,1526,0,3
1549,758,1527,0,3
1550,758,1528,0,3
1553,758,1575,3,0
1555,758,1533,0,3
1545,759,1523,0,3
1547,759,1525,0,3
1548,759,1526,0,3
1549,759,1527,0,3
1553,759,1575,3,0
1555,759,1533,0,3
1545,760,1523,0,3
1547,760,1525,0,3
1548,760,1526,0,3
1553,760,1575,3,0
1555,760,1533,0,3
1545,761,1523,0,3
1547,761,1525,0,3
1553,761,1575,3,0
1555,761,1533,0,3
1545,762,1523,0,3
1555,762,1533,0,3
1545,763,1523,0,3
1555,763,1533,0,3
1545,765,1523,0,3
1557,765,1535,0,3
1545,766,1523,0,3
1557,766,1535,0,3
1542,767,1564,3,0
1545,767,1523,0,3
1557,767,1535,0,3
1542,768,1564,3,0
1545,768,1523,0,3
1557,768,1535,0,3
1540,769,1562,2,0
1542,769,1564,3,0
1545,769,1523,0,3
1557,769,1535,0,3
1561,769,1583,3,0
1562,770,0,2,3
1564,770,2,3,3
1567,770,1545,0,3
1579,770,1557,0,3
1580,770,1558,0,3
1581,770,1559,0,3
1582,770,20,3,3
1564,771,2,3,3
1567,771,1545,0,3
1579,771,1557,0,3
1580,771,1558,0,3
1581,771,1559,0,3
1564,772,2,3,3
1567,772,1545,0,3
1579,772,1557,0,3
1580,772,1558,0,3
1567,773,1545,0,3
1579,773,1557,0,3
1567,774,1545,0,3
1567,775,1545,0,3
1567,776,1545,0,3
1577,776,1555,0,3
1567,777,1545,0,3
1569,777,1547,0,3
1577,777,1555,0,3
1567,778,1545,0,3
1569,778,1547,0,3
1570,778,1548,0,3
1575,778,13,3,3
1577,778,1555,0,3
1567,779,1545,0,3
1569,779,1547,0,3
1570,779,1548,0,3
1575,779,13,3,3
1577,779,1555,0,3
1567,780,1545,0,3
1569,780,1547,0,3
1570,780,1548,0,3
1573,780,1551,0,3
1575,780,13,3,3
1577,780,1555,0,3
1567,781,1545,0,3
1569,781,1547,0,3
1570,781,1548,0,3
1573,781,1551,0,3
1575,781,13,3,3
1577,781,1555,0,3
1567,782,1545,0,3
1569,782,1547,0,3
1570,782,1548,0,3
1575,782,13,3,3
1577,782,1555,0,3
1567,783,1545,0,3
1569,783,1547,0,3
1575,783,13,3,3
1577,783,1555,0,3
1567,784,1545,0,3
1577,784,1555,0,3
1567,785,1545,0,3
1577,785,1555,0,3
1567,787,1545,0,3
1579,787,1557,0,3
1567,788,1545,0,3
1579,788,1557,0,3
1580,788,1558,0,3
1564,789,2,3,3
1567,789,1545,0,3
1579,789,1557,0,3
1580,789,1558,0,3
1581,789,1559,0,3
1564,790,2,3,3
1567,790,1545,0,3
1579,790,1557,0,3
1580,790,1558,0,3
1581,790,1559,0,3
1582,790,20,3,3
1562,791,0,2,3
1564,791,2,3,3
1567,791,1545,0,3
1579,791,1557,0,3
1580,791,1558,0,3
1581,791,1559,0,3
1582,791,20,3,3
1583,791,21,3,3
0,792,22,1,0
2,792,24,2,0
5,792,1567,3,3
17,792,1579,3,3
18,792,1580,3,3
19,792,1581,3,3
2,793,24,2,0
5,793,1567,3,3
17,793,1579,3,3
18,793,1580,3,3
19,793,1581,3,3
2,794,24,2,0
5,794,1567,3,3
17,794,1579,3,3
18,794,1580,3,3
5,795,1567,3,3
17,795,1579,3,3
5,796,1567,3,3
5,797,1567,3,3
5,798,1567,3,3
15,798,1577,3,3
5,799,1567,3,3
7,799,1569,3,3
14,799,36,2,0
15,799,1577,3,3
5,800,1567,3,3
7,800,1569,3,3
8,800,1570,3,3
13,800,35,2,0
14,800,36,2,0
15,800,1577,3,3
5,801,1567,3,3
7,801,1569,3,3
8,801,1570,3,3
9,801,1571,3,3
13,801,35,2,0
14,801,36,2,0
15,801,1577,3,3
5,802,1567,3,3
7,802,1569,3,3
8,802,1570,3,3
9,802,1571,3,3
11,802,1573,3,3
13,802,35,2,0
14,802,36,2,0
15,802,1577,3,3
5,803,1567,3,3
7,803,1569,3,3
8,803,1570,3,3
9,803,1571,3,3
11,803,1573,3,3
13,803,35,2,0
14,803,36,2,0
15,803,1577,3,3
5,804,1567,3,3
7,804,1569,3,3
8,804,1570,3,3
13,804,35,2,0
14,804,36,2,0
15,804,1577,3,3
5,805,1567,3,3
7,805,1569,3,3
13,805,35,2,0
14,805,36,2,0
15,805,1577,3,3
5,806,1567,3,3
14,806,36,2,0
15,806,1577,3,3
5,807,1567,3,3
15,807,1577,3,3
5,809,1567,3,3
17,809,1579,3,3
5,810,1567,3,3
17,810,1579,3,3
18,810,1580,3,3
2,811,24,2,0
5,811,1567,3,3
17,811,1579,3,3
18,811,1580,3,3
19,811,1581,3,3
2,812,24,2,0
5,812,1567,3,3
17,812,1579,3,3
18,812,1580,3,3
19,812,1581,3,3
0,813,22,1,0
2,813,24,2,0
5,813,1567,3,3
17,813,1579,3,3
18,813,1580,3,3
19,813,1581,3,3
21,813,43,2,0
22,814,44,2,0
27,814,5,0,2
39,814,17,0,2
40,814,18,0,2
41,814,19,0,2
27,815,5,0,2
39,815,17,0,2
40,815,18,0,2
41,815,19,0,2
27,816,5,0,2
39,816,17,0,2
40,816,18,0,2
27,817,5,0,2
39,817,17,0,2
27,818,5,0,2
27,819,5,0,2
27,820,5,0,2
28,820,50,3,0
37,820,15,0,2
27,821,5,0,2
28,821,50,3,0
29,821,7,0,2
36,821,58,3,0
37,821,15,0,2
27,822,5,0,2
28,822,50,3,0
29,822,7,0,2
30,822,8,0,2
35,822,57,3,0
36,822,58,3,0
37,822,15,0,2
27,823,5,0,2
28,823,50,3,0
29,823,7,0,2
30,823,8,0,2
31,823,9,0,2
35,823,57,3,0
36,823,58,3,0
37,823,15,0,2
27,824,5,0,2
28,824,50,3,0
29,824,7,0,2
30,824,8,0,2
31,824,9,0,2
35,824,57,3,0
36,824,58,3,0
37,824,15,0,2
27,825,5,0,2
28,825,50,3,0
29,825,7,0,2
30,825,8,0,2
31,825,9,0,2
35,825,57,3,0
36,825,58,3,0
37,825,15,0,2
27,826,5,0,2
28,826,50,3,0
29,826,7,0,2
30,826,8,0,2
35,826,57,3,0
36,826,58,3,0
37,826,15,0,2
27,827,5,0,2
28,827,50,3,0
29,827,7,0,2
35,827,57,3,0
36,827,58,3,0
37,827,15,0,2
27,828,5,0,2
28,828,50,3,0
36,828,58,3,0
37,828,15,0,2
27,829,5,0,2
37,829,15,0,2
27,831,5,0,2
39,831,17,0,2
27,832,5,0,2
39,832,17,0,2
40,832,18,0,2
27,833,5,0,2
39,833,17,0,2
40,833,18,0,2
41,833,19,0,2
27,834,5,0,2
39,834,17,0,2
40,834,18,0,2
41,834,19,0,2
22,835,44,2,0
27,835,5,0,2
39,835,17,0,2
40,835,18,0,2
41,835,19,0,2
43,835,65,3,0
44,836,66,2,0
46,836,68,3,0
47,836,25,0,3
49,836,27,0,3
61,836,39,0,3
62,836,40,0,3
64,836,42,0,3
46,837,68,3,0
47,837,25,0,3
49,837,27,0,3
61,837,39,0,3
62,837,40,0,3
46,838,68,3,0
47,838,25,0,3
49,838,27,0,3
61,838,39,0,3
62,838,40,0,3
47,839,25,0,3
49,839,27,0,3
61,839,39,0,3
49,840,27,0,3
49,841,27,0,3
49,842,27,0,3
50,842,72,3,0
59,842,37,0,3
49,843,27,0,3
50,843,72,3,0
51,843,29,0,3
58,843,80,3,0
59,843,37,0,3
49,844,27,0,3
50,844,72,3,0
51,844,29,0,3
57,844,79,3,0
58,844,80,3,0
59,844,37,0,3
49,845,27,0,3
50,845,72,3,0
51,845,29,0,3
56,845,78,3,0
57,845,79,3,0
58,845,80,3,0
59,845,37,0,3
49,846,27,0,3
50,846,72,3,0
51,846,29,0,3
56,846,78,3,0
57,846,79,3,0
58,846,80,3,0
59,846,37,0,3
49,847,27,0,3
50,847,72,3,0
51,847,29,0,3
56,847,78,3,0
57,847,79,3,0
58,847,80,3,0
59,847,37,0,3
49,848,27,0,3
50,848,72,3,0
51,848,29,0,3
56,848,78,3,0
57,848,79,3,0
58,848,80,3,0
59,848,37,0,3
49,849,27,0,3
50,849,72,3,0
51,849,29,0,3
57,849,79,3,0
58,849,80,3,0
59,849,37,0,3
49,850,27,0,3
50,850,72,3,0
58,850,80,3,0
59,850,37,0,3
49,851,27,0,3
59,851,37,0,3
49,853,27,0,3
61,853,39,0,3
47,854,25,0,3
49,854,27,0,3
61,854,39,0,3
62,854,40,0,3
46,855,68,3,0
47,855,25,0,3
49,855,27,0,3
61,855,39,0,3
62,855,40,0,3
46,856,68,3,0
47,856,25,0,3
49,856,27,0,3
61,856,39,0,3
62,856,40,0,3
64,856,42,0,3
44,857,66,2,0
46,857,68,3,0
47,857,25,0,3
49,857,27,0,3
61,857,39,0,3
62,857,40,0,3
64,857,42,0,3
65,857,87,3,0
68,858,90,3,0
69,858,47,0,3
71,858,49,0,3
83,858,61,0,3
84,858,62,0,3
86,858,64,0,3
68,859,90,3,0
69,859,47,0,3
71,859,49,0,3
83,859,61,0,3
84,859,62,0,3
68,860,90,3,0
69,860,47,0,3
71,860,49,0,3
83,860,61,0,3
84,860,62,0,3
69,861,47,0,3
71,861,49,0,3
83,861,61,0,3
71,862,49,0,3
71,863,49,0,3
71,864,49,0,3
72,864,94,3,0
81,864,59,0,3
71,865,49,0,3
72,865,94,3,0
73,865,51,0,3
80,865,102,3,0
81,865,59,0,3
71,866,49,0,3
72,866,94,3,0
73,866,51,0,3
79,866,101,3,0
80,866,102,3,0
81,866,59,0,3
71,867,49,0,3
72,867,94,3,0
73,867,51,0,3
78,867,100,3,0
79,867,101,3,0
80,867,102,3,0
81,867,59,0,3
71,868,49,0,3
72,868,94,3,0
73,868,51,0,3
78,868,100,3,0
79,868,101,3,0
80,868,102,3,0
81,868,59,0,3
71,869,49,0,3
72,869,94,3,0
73,869,51,0,3
78,869,100,3,0
79,869,101,3,0
80,869,102,3,0
81,869,59,0,3
71,870,49,0,3
72,870,94,3,0
73,870,51,0,3
78,870,100,3,0
79,870,101,3,0
80,870,102,3,0
81,870,59,0,3
71,871,49,0,3
72,871,94,3,0
73,871,51,0,3
79,871,101,3,0
80,871,102,3,0
81,871,59,0,3
71,872,49,0,3
72,872,94,3,0
80,872,102,3,0
81,872,59,0,3
71,873,49,0,3
81,873,59,0,3
71,875,49,0,3
83,875,61,0,3
69,876,47,0,3
71,876,49,0,3
83,876,61,0,3
84,876,62,0,3
68,877,90,3,0
69,877,47,0,3
71,877,49,0,3
83,877,61,0,3
84,877,62,0,3
68,878,90,3,0
69,878,47,0,3
71,878,49,0,3
83,878,61,0,3
84,878,62,0,3
86,878,64,0,3
68,879,90,3,0
69,879,47,0,3
71,879,49,0,3
83,879,61,0,3
84,879,62,0,3
86,879,64,0,3
87,879,109,3,0
91,880,69,0,3
104,880,126,3,0
106,880,84,0,3
108,880,86,0,3
91,881,69,0,3
104,881,126,3,0
106,881,84,0,3
91,882,69,0,3
104,882,126,3,0
106,882,84,0,3
91,883,69,0,3
104,883,126,3,0
104,884,126,3,0
94,886,116,3,0
103,886,81,0,3
104,886,126,3,0
94,887,116,3,0
102,887,124,3,0
103,887,81,0,3
104,887,126,3,0
94,888,116,3,0
101,888,123,3,0
102,888,124,3,0
103,888,81,0,3
104,888,126,3,0
94,889,116,3,0
100,889,122,3,0
101,889,123,3,0
102,889,124,3,0
103,889,81,0,3
104,889,126,3,0
94,890,116,3,0
100,890,122,3,0
101,890,123,3,0
102,890,124,3,0
103,890,81,0,3
104,890,126,3,0
94,891,116,3,0
100,891,122,3,0
101,891,123,3,0
102,891,124,3,0
103,891,81,0,3
104,891,126,3,0
94,892,116,3,0
100,892,122,3,0
101,892,123,3,0
102,892,124,3,0
103,892,81,0,3
104,892,126,3,0
94,893,116,3,0
101,893,123,3,0
102,893,124,3,0
103,893,81,0,3
104,893,126,3,0
94,894,116,3,0
102,894,124,3,0
103,894,81,0,3
104,894,126,3,0
103,895,81,0,3
104,895,126,3,0
104,896,126,3,0
104,897,126,3,0
91,898,69,0,3
104,898,126,3,0
106,898,84,0,3
91,899,69,0,3
104,899,126,3,0
106,899,84,0,3
91,900,69,0,3
104,900,126,3,0
106,900,84,0,3
108,900,86,0,3
91,901,69,0,3
104,901,126,3,0
106,901,84,0,3
108,901,86,0,3
109,901,131,3,0
113,902,91,0,3
126,902,148,3,0
128,902,106,0,3
130,902,108,0,3
113,903,91,0,3
126,903,148,3,0
128,903,106,0,3
113,904,91,0,3
126,904,148,3,0
128,904,106,0,3
113,905,91,0,3
126,905,148,3,0
126,906,148,3,0
126,907,148,3,0
125,908,103,0,3
126,908,148,3,0
117,909,95,0,3
124,909,146,3,0
125,909,103,0,3
126,909,148,3,0
117,910,95,0,3
124,910,146,3,0
125,910,103,0,3
126,910,148,3,0
117,911,95,0,3
122,911,144,3,0
124,911,146,3,0
125,911,103,0,3
126,911,148,3,0
117,912,95,0,3
122,912,144,3,0
124,912,146,3,0
125,912,103,0,3
126,912,148,3,0
117,913,95,0,3
122,913,144,3,0
124,913,146,3,0
125,913,103,0,3
126,913,148,3,0
117,914,95,0,3
122,914,144,3,0
124,914,146,3,0
125,914,103,0,3
126,914,148,3,0
117,915,95,0,3
124,915,146,3,0
125,915,103,0,3
126,915,148,3,0
124,916,146,3,0
125,916,103,0,3
126,916,148,3,0
125,917,103,0,3
126,917,148,3,0
126,918,148,3,0
126,919,148,3,0
113,920,91,0,3
126,920,148,3,0
128,920,106,0,3
113,921,91,0,3
126,921,148,3,0
128,921,106,0,3
113,922,91,0,3
126,922,148,3,0
128,922,106,0,3
130,922,108,0,3
113,923,91,0,3
126,923,148,3,0
128,923,106,0,3
130,923,108,0,3
131,923,153,3,0
132,924,110,0,2
135,924,113,0,3
137,924,115,0,3
148,924,170,3,0
149,924,127,0,3
150,924,128,0,3
152,924,130,0,3
135,925,113,0,3
137,925,115,0,3
148,925,170,3,0
149,925,127,0,3
150,925,128,0,3
135,926,113,0,3
137,926,115,0,3
148,926,170,3,0
149,926,127,0,3
150,926,128,0,3
135,927,113,0,3
137,927,115,0,3
148,927,170,3,0
149,927,127,0,3
137,928,115,0,3
148,928,170,3,0
137,929,115,0,3
137,930,115,0,3
147,930,125,0,3
148,930,170,3,0
137,931,115,0,3
139,931,117,0,3
147,931,125,0,3
148,931,170,3,0
137,932,115,0,3
139,932,117,0,3
147,932,125,0,3
148,932,170,3,0
137,933,115,0,3
139,933,117,0,3
147,933,125,0,3
148,933,170,3,0
137,934,115,0,3
139,934,117,0,3
147,934,125,0,3
148,934,170,3,0
137,935,115,0,3
139,935,117,0,3
147,935,125,0,3
148,935,170,3,0
137,936,115,0,3
139,936,117,0,3
147,936,125,0,3
148,936,170,3,0
137,937,115,0,3
139,937,117,0,3
147,937,125,0,3
148,937,170,3,0
137,938,115,0,3
147,938,125,0,3
148,938,170,3,0
137,939,115,0,3
147,939,125,0,3
148,939,170,3,0
148,940,170,3,0
137,941,115,0,3
148,941,170,3,0
149,941,127,0,3
135,942,113,0,3
137,942,115,0,3
148,942,170,3,0
149,942,127,0,3
150,942,128,0,3
135,943,113,0,3
137,943,115,0,3
148,943,170,3,0
149,943,127,0,3
150,943,128,0,3
135,944,113,0,3
137,944,115,0,3
148,944,170,3,0
149,944,127,0,3
150,944,128,0,3
152,944,130,0,3
132,945,110,0,2
135,945,113,0,3
137,945,115,0,3
148,945,170,3,0
149,945,127,0,3
150,945,128,0,3
152,945,130,0,3
153,945,175,3,0
154,946,132,0,2
159,946,137,0,3
170,946,192,3,0
171,946,149,0,3
172,946,150,0,3
174,946,152,0,3
159,947,137,0,3
170,947,192,3,0
171,947,149,0,3
172,947,150,0,3
159,948,137,0,3
170,948,192,3,0
171,948,149,0,3
172,948,150,0,3
159,949,137,0,3
170,949,192,3,0
171,949,149,0,3
159,950,137,0,3
170,950,192,3,0
159,951,137,0,3
170,951,192,3,0
159,952,137,0,3
169,952,147,0,3
170,952,192,3,0
159,953,137,0,3
161,953,139,0,3
169,953,147,0,3
170,953,192,3,0
159,954,137,0,3
161,954,139,0,3
169,954,147,0,3
170,954,192,3,0
159,955,137,0,3
161,955,139,0,3
166,955,188,3,0
169,955,147,0,3
170,955,192,3,0
159,956,137,0,3
161,956,139,0,3
166,956,188,3,0
169,956,147,0,3
170,956,192,3,0
159,957,137,0,3
161,957,139,0,3
166,957,188,3,0
169,957,147,0,3
170,957,192,3,0
159,958,137,0,3
161,958,139,0,3
166,958,188,3,0
169,958,147,0,3
170,958,192,3,0
159,959,137,0,3
161,959,139,0,3
169,959,147,0,3
170,959,192,3,0
159,960,137,0,3
169,960,147,0,3
170,960,192,3,0
159,961,137,0,3
169,961,147,0,3
170,961,192,3,0
170,962,192,3,0
159,963,137,0,3
170,963,192,3,0
171,963,149,0,3
159,964,137,0,3
170,964,192,3,0
171,964,149,0,3
172,964,150,0,3
159,965,137,0,3
170,965,192,3,0
171,965,149,0,3
172,965,150,0,3
159,966,137,0,3
170,966,192,3,0
171,966,149,0,3
172,966,150,0,3
174,966,152,0,3
154,967,132,0,2
159,967,137,0,3
170,967,192,3,0
171,967,149,0,3
172,967,150,0,3
174,967,152,0,3
175,967,197,3,0
179,968,157,0,3
180,968,202,3,0
181,968,159,0,3
192,968,214,3,0
193,968,171,0,3
196,968,174,0,3
179,969,157,0,3
180,969,202,3,0
181,969,159,0,3
192,969,214,3,0
193,969,171,0,3
179,970,157,0,3
180,970,202,3,0
181,970,159,0,3
192,970,214,3,0
193,970,171,0,3
179,971,157,0,3
180,971,202,3,0
181,971,159,0,3
192,971,214,3,0
193,971,171,0,3
180,972,202,3,0
181,972,159,0,3
192,972,214,3,0
181,973,159,0,3
181,974,159,0,3
191,974,169,0,3
192,974,214,3,0
181,975,159,0,3
183,975,161,0,3
191,975,169,0,3
192,975,214,3,0
181,976,159,0,3
183,976,161,0,3
191,976,169,0,3
192,976,214,3,0
181,977,159,0,3
183,977,161,0,3
185,977,207,3,0
188,977,210,3,0
191,977,169,0,3
192,977,214,3,0
181,978,159,0,3
183,978,161,0,3
185,978,207,3,0
186,978,208,3,0
188,978,210,3,0
191,978,169,0,3
192,978,214,3,0
181,979,159,0,3
183,979,161,0,3
185,979,207,3,0
188,979,210,3,0
191,979,169,0,3
192,979,214,3,0
181,980,159,0,3
183,980,161,0,3
188,980,210,3,0
191,980,169,0,3
192,980,214,3,0
181,981,159,0,3
183,981,161,0,3
191,981,169,0,3
192,981,214,3,0
181,982,159,0,3
191,982,169,0,3
192,982,214,3,0
181,983,159,0,3
191,983,169,0,3
192,983,214,3,0
192,984,214,3,0
180,985,202,3,0
181,985,159,0,3
192,985,214,3,0
193,985,171,0,3
179,986,157,0,3
180,986,202,3,0
181,986,159,0,3
192,986,214,3,0
193,986,171,0,3
179,987,157,0,3
180,987,202,3,0
181,987,159,0,3
192,987,214,3,0
193,987,171,0,3
179,988,157,0,3
180,988,202,3,0
181,988,159,0,3
192,988,214,3,0
193,988,171,0,3
196,988,174,0,3
179,989,157,0,3
180,989,202,3,0
181,989,159,0,3
192,989,214,3,0
193,989,171,0,3
196,989,174,0,3
197,989,219,3,0
201,990,179,0,3
202,990,224,3,0
203,990,181,0,3
214,990,236,3,0
215,990,193,0,3
216,990,194,0,3
218,990,196,0,3
201,991,179,0,3
202,991,224,3,0
203,991,181,0,3
214,991,236,3,0
215,991,193,0,3
216,991,194,0,3
201,992,179,0,3
202,992,224,3,0
203,992,181,0,3
214,992,236,3,0
215,992,193,0,3
216,992,194,0,3
201,993,179,0,3
202,993,224,3,0
203,993,181,0,3
214,993,236,3,0
215,993,193,0,3
202,994,224,3,0
203,994,181,0,3
214,994,236,3,0
203,995,181,0,3
214,995,236,3,0
203,996,181,0,3
204,996,182,0,3
213,996,191,0,3
214,996,236,3,0
203,997,181,0,3
204,997,182,0,3
205,997,183,0,3
212,997,234,3,0
213,997,191,0,3
214,997,236,3,0
203,998,181,0,3
204,998,182,0,3
205,998,183,0,3
212,998,234,3,0
213,998,191,0,3
214,998,236,3,0
203,999,181,0,3
204,999,182,0,3
205,999,183,0,3
207,999,229,3,0
210,999,232,3,0
212,999,234,3,0
213,999,191,0,3
214,999,236,3,0
203,1000,181,0,3
204,1000,182,0,3
205,1000,183,0,3
207,1000,229,3,0
208,1000,230,3,0
210,1000,232,3,0
212,1000,234,3,0
213,1000,191,0,3
214,1000,236,3,0
203,1001,181,0,3
204,1001,182,0,3
205,1001,183,0,3
207,1001,229,3,0
210,1001,232,3,0
212,1001,234,3,0
213,1001,191,0,3
214,1001,236,3,0
203,1002,181,0,3
204,1002,182,0,3
205,1002,183,0,3
210,1002,232,3,0
212,1002,234,3,0
213,1002,191,0,3
214,1002,236,3,0
203,1003,181,0,3
204,1003,182,0,3
205,1003,183,0,3
212,1003,234,3,0
213,1003,191,0,3
214,1003,236,3,0
203,1004,181,0,3
204,1004,182,0,3
212,1004,234,3,0
213,1004,191,0,3
214,1004,236,3,0
203,1005,181,0,3
213,1005,191,0,3
214,1005,236,3,0
214,1006,236,3,0
202,1007,224,3,0
203,1007,181,0,3
214,1007,236,3,0
215,1007,193,0,3
201,1008,179,0,3
202,1008,224,3,0
203,1008,181,0,3
214,1008,236,3,0
215,1008,193,0,3
216,1008,194,0,3
201,1009,179,0,3
202,1009,224,3,0
203,1009,181,0,3
214,1009,236,3,0
215,1009,193,0,3
216,1009,194,0,3
201,1010,179,0,3
202,1010,224,3,0
203,1010,181,0,3
214,1010,236,3,0
215,1010,193,0,3
216,1010,194,0,3
218,1010,196,0,3
201,1011,179,0,3
202,1011,224,3,0
203,1011,181,0,3
214,1011,236,3,0
215,1011,193,0,3
216,1011,194,0,3
218,1011,196,0,3
219,1011,241,3,0
224,1012,246,3,0
225,1012,203,0,3
236,1012,258,3,0
237,1012,215,0,3
240,1012,218,0,3
224,1013,246,3,0
225,1013,203,0,3
236,1013,258,3,0
237,1013,215,0,3
224,1014,246,3,0
225,1014,203,0,3
236,1014,258,3,0
237,1014,215,0,3
224,1015,246,3,0
225,1015,203,0,3
236,1015,258,3,0
237,1015,215,0,3
224,1016,246,3,0
225,1016,203,0,3
236,1016,258,3,0
225,1017,203,0,3
225,1018,203,0,3
226,1018,204,0,3
235,1018,213,0,3
236,1018,258,3,0
225,1019,203,0,3
226,1019,204,0,3
227,1019,205,0,3
235,1019,213,0,3
236,1019,258,3,0
225,1020,203,0,3
226,1020,204,0,3
227,1020,205,0,3
235,1020,213,0,3
236,1020,258,3,0
225,1021,203,0,3
226,1021,204,0,3
227,1021,205,0,3
229,1021,251,3,0
232,1021,254,3,0
235,1021,213,0,3
236,1021,258,3,0
225,1022,203,0,3
226,1022,204,0,3
227,1022,205,0,3
229,1022,251,3,0
230,1022,252,3,0
231,1022,209,0,3
232,1022,254,3,0
235,1022,213,0,3
236,1022,258,3,0
225,1023,203,0,3
226,1023,204,0,3
227,1023,205,0,3
229,1023,251,3,0
231,1023,209,0,3
232,1023,254,3,0
235,1023,213,0,3
236,1023,258,3,0
225,1024,203,0,3
226,1024,204,0,3
227,1024,205,0,3
232,1024,254,3,0
235,1024,213,0,3
236,1024,258,3,0
225,1025,203,0,3
226,1025,204,0,3
227,1025,205,0,3
235,1025,213,0,3
236,1025,258,3,0
225,1026,203,0,3
226,1026,204,0,3
235,1026,213,0,3
236,1026,258,3,0
225,1027,203,0,3
235,1027,213,0,3
236,1027,258,3,0
236,1028,258,3,0
224,1029,246,3,0
225,1029,203,0,3
236,1029,258,3,0
237,1029,215,0,3
224,1030,246,3,0
225,1030,203,0,3
236,1030,258,3,0
237,1030,215,0,3
224,1031,246,3,0
225,1031,203,0,3
236,1031,258,3,0
237,1031,215,0,3
224,1032,246,3,0
225,1032,203,0,3
236,1032,258,3,0
237,1032,215,0,3
240,1032,218,0,3
224,1033,246,3,0
225,1033,203,0,3
236,1033,258,3,0
237,1033,215,0,3
240,1033,218,0,3
242,1034,220,0,2
246,1034,268,3,0
247,1034,225,0,3
258,1034,280,3,0
259,1034,237,0,3
262,1034,240,0,3
246,1035,268,3,0
247,1035,225,0,3
258,1035,280,3,0
259,1035,237,0,3
246,1036,268,3,0
247,1036,225,0,3
258,1036,280,3,0
259,1036,237,0,3
246,1037,268,3,0
247,1037,225,0,3
258,1037,280,3,0
259,1037,237,0,3
246,1038,268,3,0
247,1038,225,0,3
258,1038,280,3,0
247,1039,225,0,3
258,1039,280,3,0
247,1040,225,0,3
248,1040,226,0,3
257,1040,235,0,3
258,1040,280,3,0
247,1041,225,0,3
248,1041,226,0,3
249,1041,227,0,3
257,1041,235,0,3
258,1041,280,3,0
247,1042,225,0,3
248,1042,226,0,3
249,1042,227,0,3
257,1042,235,0,3
258,1042,280,3,0
247,1043,225,0,3
248,1043,226,0,3
249,1043,227,0,3
251,1043,273,3,0
254,1043,276,3,0
257,1043,235,0,3
258,1043,280,3,0
247,1044,225,0,3
248,1044,226,0,3
249,1044,227,0,3
251,1044,273,3,0
252,1044,274,3,0
253,1044,231,0,3
254,1044,276,3,0
257,1044,235,0,3
258,1044,280,3,0
247,1045,225,0,3
248,1045,226,0,3
249,1045,227,0,3
251,1045,273,3,0
253,1045,231,0,3
254,1045,276,3,0
257,1045,235,0,3
258,1045,280,3,0
247,1046,225,0,3
248,1046,226,0,3
249,1046,227,0,3
254,1046,276,3,0
257,1046,235,0,3
258,1046,280,3,0
247,1047,225,0,3
248,1047,226,0,3
249,1047,227,0,3
257,1047,235,0,3
258,1047,280,3,0
247,1048,225,0,3
248,1048,226,0,3
257,1048,235,0,3
258,1048,280,3,0
247,1049,225,0,3
257,1049,235,0,3
258,1049,280,3,0
258,1050,280,3,0
246,1051,268,3,0
247,1051,225,0,3
258,1051,280,3,0
259,1051,237,0,3
246,1052,268,3,0
247,1052,225,0,3
258,1052,280,3,0
259,1052,237,0,3
246,1053,268,3,0
247,1053,225,0,3
258,1053,280,3,0
259,1053,237,0,3
246,1054,268,3,0
247,1054,225,0,3
258,1054,280,3,0
259,1054,237,0,3
262,1054,240,0,3
242,1055,220,0,2
246,1055,268,3,0
247,1055,225,0,3
258,1055,280,3,0
259,1055,237,0,3
262,1055,240,0,3
264,1056,242,0,2
268,1056,290,3,0
269,1056,247,0,3
280,1056,302,3,0
281,1056,259,0,3
284,1056,262,0,3
268,1057,290,3,0
269,1057,247,0,3
280,1057,302,3,0
281,1057,259,0,3
268,1058,290,3,0
269,1058,247,0,3
280,1058,302,3,0
281,1058,259,0,3
268,1059,290,3,0
269,1059,247,0,3
280,1059,302,3,0
281,1059,259,0,3
268,1060,290,3,0
269,1060,247,0,3
280,1060,302,3,0
269,1061,247,0,3
269,1062,247,0,3
270,1062,248,0,3
279,1062,257,0,3
280,1062,302,3,0
269,1063,247,0,3
270,1063,248,0,3
279,1063,257,0,3
280,1063,302,3,0
269,1064,247,0,3
270,1064,248,0,3
279,1064,257,0,3
280,1064,302,3,0
269,1065,247,0,3
270,1065,248,0,3
273,1065,295,3,0
276,1065,298,3,0
279,1065,257,0,3
280,1065,302,3,0
269,1066,247,0,3
270,1066,248,0,3
273,1066,295,3,0
274,1066,296,3,0
276,1066,298,3,0
279,1066,257,0,3
280,1066,302,3,0
269,1067,247,0,3
270,1067,248,0,3
273,1067,295,3,0
276,1067,298,3,0
279,1067,257,0,3
280,1067,302,3,0
269,1068,247,0,3
270,1068,248,0,3
276,1068,298,3,0
279,1068,257,0,3
280,1068,302,3,0
269,1069,247,0,3
270,1069,248,0,3
279,1069,257,0,3
280,1069,302,3,0
269,1070,247,0,3
270,1070,248,0,3
279,1070,257,0,3
280,1070,302,3,0
269,1071,247,0,3
279,1071,257,0,3
280,1071,302,3,0
280,1072,302,3,0
268,1073,290,3,0
269,1073,247,0,3
280,1073,302,3,0
281,1073,259,0,3
268,1074,290,3,0
269,1074,247,0,3
280,1074,302,3,0
281,1074,259,0,3
268,1075,290,3,0
269,1075,247,0,3
280,1075,302,3,0
281,1075,259,0,3
268,1076,290,3,0
269,1076,247,0,3
280,1076,302,3,0
281,1076,259,0,3
284,1076,262,0,3
264,1077,242,0,2
268,1077,290,3,0
269,1077,247,0,3
280,1077,302,3,0
281,1077,259,0,3
284,1077,262,0,3
286,1078,264,0,2
290,1078,312,3,0
302,1078,324,3,0
303,1078,281,0,3
306,1078,284,0,3
290,1079,312,3,0
302,1079,324,3,0
303,1079,281,0,3
290,1080,312,3,0
302,1080,324,3,0
303,1080,281,0,3
290,1081,312,3,0
302,1081,324,3,0
303,1081,281,0,3
290,1082,312,3,0
302,1082,324,3,0
302,1083,324,3,0
292,1084,270,0,3
301,1084,279,0,3
302,1084,324,3,0
292,1085,270,0,3
301,1085,279,0,3
302,1085,324,3,0
292,1086,270,0,3
301,1086,279,0,3
302,1086,324,3,0
292,1087,270,0,3
295,1087,317,3,0
298,1087,320,3,0
301,1087,279,0,3
302,1087,324,3,0
292,1088,270,0,3
295,1088,317,3,0
296,1088,318,3,0
298,1088,320,3,0
301,1088,279,0,3
302,1088,324,3,0
292,1089,270,0,3
295,1089,317,3,0
298,1089,320,3,0
301,1089,279,0,3
302,1089,324,3,0
292,1090,270,0,3
298,1090,320,3,0
301,1090,279,0,3
302,1090,324,3,0
292,1091,270,0,3
301,1091,279,0,3
302,1091,324,3,0
292,1092,270,0,3
301,1092,279,0,3
302,1092,324,3,0
301,1093,279,0,3
302,1093,324,3,0
302,1094,324,3,0
290,1095,312,3,0
302,1095,324,3,0
303,1095,281,0,3
290,1096,312,3,0
302,1096,324,3,0
303,1096,281,0,3
290,1097,312,3,0
302,1097,324,3,0
303,1097,281,0,3
290,1098,312,3,0
302,1098,324,3,0
303,1098,281,0,3
306,1098,284,0,3
286,1099,264,0,2
290,1099,312,3,0
302,1099,324,3,0
303,1099,281,0,3
306,1099,284,0,3
308,1100,286,0,2
312,1100,334,3,0
324,1100,346,3,0
326,1100,348,3,0
328,1100,306,0,3
312,1101,334,3,0
324,1101,346,3,0
326,1101,348,3,0
312,1102,334,3,0
324,1102,346,3,0
326,1102,348,3,0
312,1103,334,3,0
324,1103,346,3,0
312,1104,334,3,0
324,1104,346,3,0
314,1106,292,0,3
323,1106,301,0,3
324,1106,346,3,0
314,1107,292,0,3
323,1107,301,0,3
324,1107,346,3,0
314,1108,292,0,3
323,1108,301,0,3
324,1108,346,3,0
314,1109,292,0,3
317,1109,339,3,0
320,1109,342,3,0
323,1109,301,0,3
324,1109,346,3,0
314,1110,292,0,3
317,1110,339,3,0
320,1110,342,3,0
323,1110,301,0,3
324,1110,346,3,0
314,1111,292,0,3
317,1111,339,3,0
320,1111,342,3,0
323,1111,301,0,3
324,1111,346,3,0
314,1112,292,0,3
320,1112,342,3,0
323,1112,301,0,3
324,1112,346,3,0
314,1113,292,0,3
323,1113,301,0,3
324,1113,346,3,0
314,1114,292,0,3
323,1114,301,0,3
324,1114,346,3,0
323,1115,301,0,3
324,1115,346,3,0
324,1116,346,3,0
312,1117,334,3,0
324,1117,346,3,0
312,1118,334,3,0
324,1118,346,3,0
326,1118,348,3,0
312,1119,334,3,0
324,1119,346,3,0
326,1119,348,3,0
312,1120,334,3,0
324,1120,346,3,0
326,1120,348,3,0
328,1120,306,0,3
308,1121,286,0,2
312,1121,334,3,0
324,1121,346,3,0
326,1121,348,3,0
328,1121,306,0,3
330,1122,308,0,2
334,1122,356,3,0
346,1122,368,3,0
348,1122,370,3,0
350,1122,328,0,3
334,1123,356,3,0
346,1123,368,3,0
348,1123,370,3,0
334,1124,356,3,0
346,1124,368,3,0
348,1124,370,3,0
334,1125,356,3,0
346,1125,368,3,0
334,1126,356,3,0
346,1126,368,3,0
346,1127,368,3,0
336,1128,314,0,3
345,1128,323,0,3
346,1128,368,3,0
336,1129,314,0,3
345,1129,323,0,3
346,1129,368,3,0
336,1130,314,0,3
345,1130,323,0,3
346,1130,368,3,0
336,1131,314,0,3
339,1131,361,3,0
345,1131,323,0,3
346,1131,368,3,0
336,1132,314,0,3
339,1132,361,3,0
341,1132,363,3,0
345,1132,323,0,3
346,1132,368,3,0
336,1133,314,0,3
339,1133,361,3,0
341,1133,363,3,0
345,1133,323,0,3
346,1133,368,3,0
336,1134,314,0,3
345,1134,323,0,3
346,1134,368,3,0
336,1135,314,0,3
345,1135,323,0,3
346,1135,368,3,0
336,1136,314,0,3
345,1136,323,0,3
346,1136,368,3,0
345,1137,323,0,3
346,1137,368,3,0
346,1138,368,3,0
334,1139,356,3,0
346,1139,368,3,0
334,1140,356,3,0
346,1140,368,3,0
348,1140,370,3,0
334,1141,356,3,0
346,1141,368,3,0
348,1141,370,3,0
334,1142,356,3,0
346,1142,368,3,0
348,1142,370,3,0
350,1142,328,0,3
330,1143,308,0,2
334,1143,356,3,0
346,1143,368,3,0
348,1143,370,3,0
350,1143,328,0,3
352,1144,330,0,2
356,1144,378,3,0
368,1144,390,3,0
372,1144,350,0,3
356,1145,378,3,0
368,1145,390,3,0
356,1146,378,3,0
368,1146,390,3,0
356,1147,378,3,0
368,1147,390,3,0
356,1148,378,3,0
368,1148,390,3,0
358,1150,336,0,3
367,1150,345,0,3
368,1150,390,3,0
358,1151,336,0,3
367,1151,345,0,3
368,1151,390,3,0
358,1152,336,0,3
367,1152,345,0,3
368,1152,390,3,0
358,1153,336,0,3
361,1153,383,3,0
367,1153,345,0,3
368,1153,390,3,0
358,1154,336,0,3
361,1154,383,3,0
363,1154,385,3,0
367,1154,345,0,3
368,1154,390,3,0
358,1155,336,0,3
361,1155,383,3,0
363,1155,385,3,0
367,1155,345,0,3
368,1155,390,3,0
358,1156,336,0,3
367,1156,345,0,3
368,1156,390,3,0
358,1157,336,0,3
367,1157,345,0,3
368,1157,390,3,0
358,1158,336,0,3
367,1158,345,0,3
368,1158,390,3,0
367,1159,345,0,3
368,1159,390,3,0
368,1160,390,3,0
356,1161,378,3,0
368,1161,390,3,0
356,1162,378,3,0
368,1162,390,3,0
356,1163,378,3,0
368,1163,390,3,0
356,1164,378,3,0
368,1164,390,3,0
372,1164,350,0,3
352,1165,330,0,2
356,1165,378,3,0
368,1165,390,3,0
372,1165,350,0,3
373,1165,351,0,3
374,1166,352,0,2
376,1166,354,0,3
378,1166,400,3,0
390,1166,412,3,0
394,1166,372,0,3
376,1167,354,0,3
378,1167,400,3,0
390,1167,412,3,0
376,1168,354,0,3
378,1168,400,3,0
390,1168,412,3,0
378,1169,400,3,0
390,1169,412,3,0
378,1170,400,3,0
390,1170,412,3,0
390,1171,412,3,0
380,1172,358,0,3
389,1172,367,0,3
390,1172,412,3,0
380,1173,358,0,3
389,1173,367,0,3
390,1173,412,3,0
380,1174,358,0,3
389,1174,367,0,3
390,1174,412,3,0
380,1175,358,0,3
383,1175,405,3,0
389,1175,367,0,3
390,1175,412,3,0
380,1176,358,0,3
383,1176,405,3,0
389,1176,367,0,3
390,1176,412,3,0
380,1177,358,0,3
383,1177,405,3,0
389,1177,367,0,3
390,1177,412,3,0
380,1178,358,0,3
389,1178,367,0,3
390,1178,412,3,0
380,1179,358,0,3
389,1179,367,0,3
390,1179,412,3,0
380,1180,358,0,3
389,1180,367,0,3
390,1180,412,3,0
389,1181,367,0,3
390,1181,412,3,0
390,1182,412,3,0
378,1183,400,3,0
390,1183,412,3,0
378,1184,400,3,0
390,1184,412,3,0
376,1185,354,0,3
378,1185,400,3,0
390,1185,412,3,0
376,1186,354,0,3
378,1186,400,3,0
390,1186,412,3,0
394,1186,372,0,3
374,1187,352,0,2
376,1187,354,0,3
378,1187,400,3,0
390,1187,412,3,0
394,1187,372,0,3
395,1187,373,0,3
396,1188,374,0,2
398,1188,376,0,3
400,1188,422,3,0
412,1188,434,3,0
414,1188,392,0,3
415,1188,393,0,3
416,1188,394,0,3
398,1189,376,0,3
400,1189,422,3,0
412,1189,434,3,0
414,1189,392,0,3
415,1189,393,0,3
398,1190,376,0,3
400,1190,422,3,0
412,1190,434,3,0
414,1190,392,0,3
400,1191,422,3,0
412,1191,434,3,0
400,1192,422,3,0
412,1192,434,3,0
411,1194,389,0,3
412,1194,434,3,0
411,1195,389,0,3
412,1195,434,3,0
411,1196,389,0,3
412,1196,434,3,0
405,1197,427,3,0
411,1197,389,0,3
412,1197,434,3,0
405,1198,427,3,0
411,1198,389,0,3
412,1198,434,3,0
405,1199,427,3,0
411,1199,389,0,3
412,1199,434,3,0
411,1200,389,0,3
412,1200,434,3,0
411,1201,389,0,3
412,1201,434,3,0
411,1202,389,0,3
412,1202,434,3,0
411,1203,389,0,3
412,1203,434,3,0
412,1204,434,3,0
400,1205,422,3,0
412,1205,434,3,0
400,1206,422,3,0
412,1206,434,3,0
414,1206,392,0,3
398,1207,376,0,3
400,1207,422,3,0
412,1207,434,3,0
414,1207,392,0,3
415,1207,393,0,3
398,1208,376,0,3
400,1208,422,3,0
412,1208,434,3,0
414,1208,392,0,3
415,1208,393,0,3
416,1208,394,0,3
396,1209,374,0,2
398,1209,376,0,3
400,1209,422,3,0
412,1209,434,3,0
414,1209,392,0,3
415,1209,393,0,3
416,1209,394,0,3
417,1209,395,0,3
418,1210,396,0,2
419,1210,397,0,3
420,1210,398,0,3
422,1210,444,3,0
434,1210,456,3,0
437,1210,415,0,3
438,1210,416,0,3
419,1211,397,0,3
420,1211,398,0,3
422,1211,444,3,0
434,1211,456,3,0
437,1211,415,0,3
420,1212,398,0,3
422,1212,444,3,0
434,1212,456,3,0
422,1213,444,3,0
434,1213,456,3,0
422,1214,444,3,0
434,1214,456,3,0
434,1215,456,3,0
433,1216,411,0,3
434,1216,456,3,0
433,1217,411,0,3
434,1217,456,3,0
433,1218,411,0,3
434,1218,456,3,0
427,1219,449,3,0
433,1219,411,0,3
434,1219,456,3,0
427,1220,449,3,0
433,1220,411,0,3
434,1220,456,3,0
427,1221,449,3,0
433,1221,411,0,3
434,1221,456,3,0
433,1222,411,0,3
434,1222,456,3,0
433,1223,411,0,3
434,1223,456,3,0
433,1224,411,0,3
434,1224,456,3,0
433,1225,411,0,3
434,1225,456,3,0
434,1226,456,3,0
422,1227,444,3,0
434,1227,456,3,0
422,1228,444,3,0
434,1228,456,3,0
420,1229,398,0,3
422,1229,444,3,0
434,1229,456,3,0
437,1229,415,0,3
419,1230,397,0,3
420,1230,398,0,3
422,1230,444,3,0
434,1230,456,3,0
437,1230,415,0,3
438,1230,416,0,3
418,1231,396,0,2
419,1231,397,0,3
420,1231,398,0,3
422,1231,444,3,0
434,1231,456,3,0
437,1231,415,0,3
438,1231,416,0,3
439,1231,417,0,3
440,1232,418,0,2
441,1232,419,0,3
442,1232,420,0,3
444,1232,466,3,0
456,1232,478,3,0
459,1232,437,0,3
460,1232,438,0,3
441,1233,419,0,3
442,1233,420,0,3
444,1233,466,3,0
456,1233,478,3,0
459,1233,437,0,3
442,1234,420,0,3
444,1234,466,3,0
456,1234,478,3,0
444,1235,466,3,0
456,1235,478,3,0
444,1236,466,3,0
456,1236,478,3,0
446,1238,468,3,0
455,1238,433,0,3
456,1238,478,3,0
446,1239,468,3,0
455,1239,433,0,3
456,1239,478,3,0
446,1240,468,3,0
455,1240,433,0,3
456,1240,478,3,0
446,1241,468,3,0
449,1241,471,3,0
455,1241,433,0,3
456,1241,478,3,0
446,1242,468,3,0
449,1242,471,3,0
455,1242,433,0,3
456,1242,478,3,0
446,1243,468,3,0
449,1243,471,3,0
455,1243,433,0,3
456,1243,478,3,0
446,1244,468,3,0
455,1244,433,0,3
456,1244,478,3,0
446,1245,468,3,0
455,1245,433,0,3
456,1245,478,3,0
446,1246,468,3,0
455,1246,433,0,3
456,1246,478,3,0
455,1247,433,0,3
456,1247,478,3,0
456,1248,478,3,0
444,1249,466,3,0
456,1249,478,3,0
444,1250,466,3,0
456,1250,478,3,0
442,1251,420,0,3
444,1251,466,3,0
456,1251,478,3,0
459,1251,437,0,3
441,1252,419,0,3
442,1252,420,0,3
444,1252,466,3,0
456,1252,478,3,0
459,1252,437,0,3
460,1252,438,0,3
440,1253,418,0,2
441,1253,419,0,3
442,1253,420,0,3
444,1253,466,3,0
456,1253,478,3,0
459,1253,437,0,3
460,1253,438,0,3
461,1253,439,0,3
462,1254,440,0,2
463,1254,441,0,3
464,1254,442,0,3
466,1254,488,3,0
478,1254,500,3,0
481,1254,459,0,3
482,1254,460,0,3
463,1255,441,0,3
464,1255,442,0,3
466,1255,488,3,0
478,1255,500,3,0
481,1255,459,0,3
464,1256,442,0,3
466,1256,488,3,0
478,1256,500,3,0
466,1257,488,3,0
478,1257,500,3,0
466,1258,488,3,0
478,1258,500,3,0
478,1259,500,3,0
468,1260,490,3,0
477,1260,455,0,3
478,1260,500,3,0
468,1261,490,3,0
469,1261,447,0,3
477,1261,455,0,3
478,1261,500,3,0
468,1262,490,3,0
469,1262,447,0,3
477,1262,455,0,3
478,1262,500,3,0
468,1263,490,3,0
469,1263,447,0,3
471,1263,493,3,0
477,1263,455,0,3
478,1263,500,3,0
468,1264,490,3,0
469,1264,447,0,3
471,1264,493,3,0
477,1264,455,0,3
478,1264,500,3,0
468,1265,490,3,0
469,1265,447,0,3
471,1265,493,3,0
477,1265,455,0,3
478,1265,500,3,0
468,1266,490,3,0
469,1266,447,0,3
477,1266,455,0,3
478,1266,500,3,0
468,1267,490,3,0
469,1267,447,0,3
477,1267,455,0,3
478,1267,500,3,0
468,1268,490,3,0
477,1268,455,0,3
478,1268,500,3,0
477,1269,455,0,3
478,1269,500,3,0
478,1270,500,3,0
466,1271,488,3,0
478,1271,500,3,0
466,1272,488,3,0
478,1272,500,3,0
464,1273,442,0,3
466,1273,488,3,0
478,1273,500,3,0
481,1273,459,0,3
463,1274,441,0,3
464,1274,442,0,3
466,1274,488,3,0
478,1274,500,3,0
481,1274,459,0,3
482,1274,460,0,3
462,1275,440,0,2
463,1275,441,0,3
464,1275,442,0,3
466,1275,488,3,0
478,1275,500,3,0
481,1275,459,0,3
482,1275,460,0,3
483,1275,461,0,3
485,1276,463,0,3
486,1276,464,0,3
488,1276,510,3,0
500,1276,522,3,0
502,1276,524,3,0
503,1276,481,0,3
504,1276,482,0,3
485,1277,463,0,3
486,1277,464,0,3
488,1277,510,3,0
500,1277,522,3,0
502,1277,524,3,0
503,1277,481,0,3
486,1278,464,0,3
488,1278,510,3,0
500,1278,522,3,0
502,1278,524,3,0
488,1279,510,3,0
500,1279,522,3,0
488,1280,510,3,0
500,1280,522,3,0
499,1282,477,0,3
500,1282,522,3,0
499,1283,477,0,3
500,1283,522,3,0
499,1284,477,0,3
500,1284,522,3,0
493,1285,515,3,0
499,1285,477,0,3
500,1285,522,3,0
493,1286,515,3,0
499,1286,477,0,3
500,1286,522,3,0
493,1287,515,3,0
499,1287,477,0,3
500,1287,522,3,0
499,1288,477,0,3
500,1288,522,3,0
499,1289,477,0,3
500,1289,522,3,0
499,1290,477,0,3
500,1290,522,3,0
499,1291,477,0,3
500,1291,522,3,0
500,1292,522,3,0
488,1293,510,3,0
500,1293,522,3,0
488,1294,510,3,0
500,1294,522,3,0
502,1294,524,3,0
486,1295,464,0,3
488,1295,510,3,0
500,1295,522,3,0
502,1295,524,3,0
503,1295,481,0,3
485,1296,463,0,3
486,1296,464,0,3
488,1296,510,3,0
500,1296,522,3,0
502,1296,524,3,0
503,1296,481,0,3
504,1296,482,0,3
485,1297,463,0,3
486,1297,464,0,3
488,1297,510,3,0
500,1297,522,3,0
502,1297,524,3,0
503,1297,481,0,3
504,1297,482,0,3
505,1297,483,0,3
506,1298,484,0,2
507,1298,485,0,3
508,1298,486,0,3
510,1298,532,3,0
522,1298,544,3,0
525,1298,503,0,3
526,1298,504,0,3
507,1299,485,0,3
508,1299,486,0,3
510,1299,532,3,0
522,1299,544,3,0
525,1299,503,0,3
508,1300,486,0,3
510,1300,532,3,0
522,1300,544,3,0
510,1301,532,3,0
522,1301,544,3,0
510,1302,532,3,0
522,1302,544,3,0
522,1303,544,3,0
521,1304,499,0,3
522,1304,544,3,0
521,1305,499,0,3
522,1305,544,3,0
521,1306,499,0,3
522,1306,544,3,0
515,1307,537,3,0
521,1307,499,0,3
522,1307,544,3,0
515,1308,537,3,0
521,1308,499,0,3
522,1308,544,3,0
515,1309,537,3,0
521,1309,499,0,3
522,1309,544,3,0
521,1310,499,0,3
522,1310,544,3,0
521,1311,499,0,3
522,1311,544,3,0
521,1312,499,0,3
522,1312,544,3,0
521,1313,499,0,3
522,1313,544,3,0
522,1314,544,3,0
510,1315,532,3,0
522,1315,544,3,0
510,1316,532,3,0
522,1316,544,3,0
508,1317,486,0,3
510,1317,532,3,0
522,1317,544,3,0
525,1317,503,0,3
507,1318,485,0,3
508,1318,486,0,3
510,1318,532,3,0
522,1318,544,3,0
525,1318,503,0,3
526,1318,504,0,3
506,1319,484,0,2
507,1319,485,0,3
508,1319,486,0,3
510,1319,532,3,0
522,1319,544,3,0
525,1319,503,0,3
526,1319,504,0,3
527,1319,505,0,3
528,1320,506,0,2
529,1320,507,0,3
530,1320,508,0,3
531,1320,509,0,3
532,1320,554,3,0
544,1320,566,3,0
547,1320,525,0,3
548,1320,526,0,3
529,1321,507,0,3
530,1321,508,0,3
531,1321,509,0,3
532,1321,554,3,0
544,1321,566,3,0
547,1321,525,0,3
530,1322,508,0,3
531,1322,509,0,3
532,1322,554,3,0
544,1322,566,3,0
531,1323,509,0,3
532,1323,554,3,0
544,1323,566,3,0
532,1324,554,3,0
544,1324,566,3,0
534,1326,512,0,3
543,1326,521,0,3
544,1326,566,3,0
534,1327,512,0,3
543,1327,521,0,3
544,1327,566,3,0
534,1328,512,0,3
543,1328,521,0,3
544,1328,566,3,0
534,1329,512,0,3
537,1329,559,3,0
543,1329,521,0,3
544,1329,566,3,0
534,1330,512,0,3
537,1330,559,3,0
543,1330,521,0,3
544,1330,566,3,0
534,1331,512,0,3
537,1331,559,3,0
543,1331,521,0,3
544,1331,566,3,0
534,1332,512,0,3
543,1332,521,0,3
544,1332,566,3,0
534,1333,512,0,3
543,1333,521,0,3
544,1333,566,3,0
534,1334,512,0,3
543,1334,521,0,3
544,1334,566,3,0
543,1335,521,0,3
544,1335,566,3,0
544,1336,566,3,0
532,1337,554,3,0
544,1337,566,3,0
531,1338,509,0,3
532,1338,554,3,0
544,1338,566,3,0
530,1339,508,0,3
531,1339,509,0,3
532,1339,554,3,0
544,1339,566,3,0
547,1339,525,0,3
529,1340,507,0,3
530,1340,508,0,3
531,1340,509,0,3
532,1340,554,3,0
544,1340,566,3,0
547,1340,525,0,3
548,1340,526,0,3
528,1341,506,0,2
529,1341,507,0,3
530,1341,508,0,3
531,1341,509,0,3
532,1341,554,3,0
544,1341,566,3,0
547,1341,525,0,3
548,1341,526,0,3
549,1341,527,0,3
550,1342,528,0,2
551,1342,529,0,3
552,1342,530,0,3
553,1342,531,0,3
554,1342,576,3,0
566,1342,588,3,0
568,1342,590,3,0
569,1342,547,0,3
570,1342,548,0,3
551,1343,529,0,3
552,1343,530,0,3
553,1343,531,0,3
554,1343,576,3,0
566,1343,588,3,0
568,1343,590,3,0
569,1343,547,0,3
552,1344,530,0,3
553,1344,531,0,3
554,1344,576,3,0
566,1344,588,3,0
568,1344,590,3,0
553,1345,531,0,3
554,1345,576,3,0
566,1345,588,3,0
554,1346,576,3,0
566,1346,588,3,0
566,1347,588,3,0
556,1348,534,0,3
565,1348,543,0,3
566,1348,588,3,0
556,1349,534,0,3
565,1349,543,0,3
566,1349,588,3,0
556,1350,534,0,3
565,1350,543,0,3
566,1350,588,3,0
556,1351,534,0,3
559,1351,581,3,0
565,1351,543,0,3
566,1351,588,3,0
556,1352,534,0,3
559,1352,581,3,0
565,1352,543,0,3
566,1352,588,3,0
556,1353,534,0,3
559,1353,581,3,0
565,1353,543,0,3
566,1353,588,3,0
556,1354,534,0,3
565,1354,543,0,3
566,1354,588,3,0
556,1355,534,0,3
565,1355,543,0,3
566,1355,588,3,0
556,1356,534,0,3
565,1356,543,0,3
566,1356,588,3,0
565,1357,543,0,3
566,1357,588,3,0
566,1358,588,3,0
554,1359,576,3,0
566,1359,588,3,0
553,1360,531,0,3
554,1360,576,3,0
566,1360,588,3,0
568,1360,590,3,0
552,1361,530,0,3
553,1361,531,0,3
554,1361,576,3,0
566,1361,588,3,0
568,1361,590,3,0
569,1361,547,0,3
551,1362,529,0,3
552,1362,530,0,3
553,1362,531,0,3
554,1362,576,3,0
566,1362,588,3,0
568,1362,590,3,0
569,1362,547,0,3
570,1362,548,0,3
550,1363,528,0,2
551,1363,529,0,3
552,1363,530,0,3
553,1363,531,0,3
554,1363,576,3,0
566,1363,588,3,0
568,1363,590,3,0
569,1363,547,0,3
570,1363,548,0,3
571,1363,549,0,3
572,1364,550,0,2
573,1364,551,0,3
574,1364,552,0,3
575,1364,553,0,3
576,1364,598,3,0
588,1364,610,3,0
590,1364,612,3,0
591,1364,569,0,3
592,1364,570,0,3
573,1365,551,0,3
574,1365,552,0,3
575,1365,553,0,3
576,1365,598,3,0
588,1365,610,3,0
590,1365,612,3,0
591,1365,569,0,3
574,1366,552,0,3
575,1366,553,0,3
576,1366,598,3,0
588,1366,610,3,0
590,1366,612,3,0
575,1367,553,0,3
576,1367,598,3,0
588,1367,610,3,0
576,1368,598,3,0
588,1368,610,3,0
578,1370,556,0,3
587,1370,565,0,3
588,1370,610,3,0
578,1371,556,0,3
586,1371,564,0,3
587,1371,565,0,3
588,1371,610,3,0
578,1372,556,0,3
586,1372,564,0,3
587,1372,565,0,3
588,1372,610,3,0
578,1373,556,0,3
581,1373,603,3,0
586,1373,564,0,3
587,1373,565,0,3
588,1373,610,3,0
578,1374,556,0,3
581,1374,603,3,0
586,1374,564,0,3
587,1374,565,0,3
588,1374,610,3,0
578,1375,556,0,3
581,1375,603,3,0
586,1375,564,0,3
587,1375,565,0,3
588,1375,610,3,0
578,1376,556,0,3
586,1376,564,0,3
587,1376,565,0,3
588,1376,610,3,0
578,1377,556,0,3
586,1377,564,0,3
587,1377,565,0,3
588,1377,610,3,0
578,1378,556,0,3
586,1378,564,0,3
587,1378,565,0,3
588,1378,610,3,0
587,1379,565,0,3
588,1379,610,3,0
588,1380,610,3,0
576,1381,598,3,0
588,1381,610,3,0
575,1382,553,0,3
576,1382,598,3,0
588,1382,610,3,0
590,1382,612,3,0
574,1383,552,0,3
575,1383,553,0,3
576,1383,598,3,0
588,1383,610,3,0
590,1383,612,3,0
591,1383,569,0,3
573,1384,551,0,3
574,1384,552,0,3
575,1384,553,0,3
576,1384,598,3,0
588,1384,610,3,0
590,1384,612,3,0
591,1384,569,0,3
592,1384,570,0,3
572,1385,550,0,2
573,1385,551,0,3
574,1385,552,0,3
575,1385,553,0,3
576,1385,598,3,0
588,1385,610,3,0
590,1385,612,3,0
591,1385,569,0,3
592,1385,570,0,3
593,1385,571,0,3
594,1386,572,0,2
595,1386,573,0,3
596,1386,574,0,3
597,1386,575,0,3
598,1386,620,3,0
612,1386,634,3,0
613,1386,591,0,3
614,1386,592,0,3
595,1387,573,0,3
596,1387,574,0,3
597,1387,575,0,3
598,1387,620,3,0
612,1387,634,3,0
613,1387,591,0,3
596,1388,574,0,3
597,1388,575,0,3
598,1388,620,3,0
612,1388,634,3,0
597,1389,575,0,3
598,1389,620,3,0
598,1390,620,3,0
600,1392,578,0,3
609,1392,587,0,3
600,1393,578,0,3
601,1393,579,0,3
609,1393,587,0,3
600,1394,578,0,3
601,1394,579,0,3
609,1394,587,0,3
600,1395,578,0,3
601,1395,579,0,3
603,1395,625,3,0
609,1395,587,0,3
600,1396,578,0,3
601,1396,579,0,3
603,1396,625,3,0
609,1396,587,0,3
600,1397,578,0,3
601,1397,579,0,3
603,1397,625,3,0
609,1397,587,0,3
600,1398,578,0,3
601,1398,579,0,3
609,1398,587,0,3
600,1399,578,0,3
601,1399,579,0,3
609,1399,587,0,3
600,1400,578,0,3
609,1400,587,0,3
609,1401,587,0,3
598,1403,620,3,0
597,1404,575,0,3
598,1404,620,3,0
612,1404,634,3,0
596,1405,574,0,3
597,1405,575,0,3
598,1405,620,3,0
612,1405,634,3,0
613,1405,591,0,3
595,1406,573,0,3
596,1406,574,0,3
597,1406,575,0,3
598,1406,620,3,0
612,1406,634,3,0
613,1406,591,0,3
614,1406,592,0,3
594,1407,572,0,2
595,1407,573,0,3
596,1407,574,0,3
597,1407,575,0,3
598,1407,620,3,0
612,1407,634,3,0
613,1407,591,0,3
614,1407,592,0,3
615,1407,593,0,3
616,1408,594,0,2
617,1408,595,0,3
618,1408,596,0,3
619,1408,597,0,3
620,1408,642,3,0
635,1408,613,0,3
636,1408,614,0,3
617,1409,595,0,3
618,1409,596,0,3
619,1409,597,0,3
620,1409,642,3,0
635,1409,613,0,3
618,1410,596,0,3
619,1410,597,0,3
620,1410,642,3,0
619,1411,597,0,3
620,1411,642,3,0
620,1412,642,3,0
623,1415,601,0,3
623,1416,601,0,3
623,1417,601,0,3
623,1418,601,0,3
623,1419,601,0,3
623,1420,601,0,3
623,1421,601,0,3
620,1425,642,3,0
619,1426,597,0,3
620,1426,642,3,0
618,1427,596,0,3
619,1427,597,0,3
620,1427,642,3,0
635,1427,613,0,3
617,1428,595,0,3
618,1428,596,0,3
619,1428,597,0,3
620,1428,642,3,0
635,1428,613,0,3
636,1428,614,0,3
616,1429,594,0,2
617,1429,595,0,3
618,1429,596,0,3
619,1429,597,0,3
620,1429,642,3,0
635,1429,613,0,3
636,1429,614,0,3
637,1429,615,0,3
638,1430,616,0,2
639,1430,617,0,3
640,1430,618,0,3
641,1430,619,0,3
642,1430,664,3,0
656,1430,678,3,0
657,1430,635,0,3
639,1431,617,0,3
640,1431,618,0,3
641,1431,619,0,3
642,1431,664,3,0
656,1431,678,3,0
657,1431,635,0,3
640,1432,618,0,3
641,1432,619,0,3
642,1432,664,3,0
656,1432,678,3,0
641,1433,619,0,3
642,1433,664,3,0
642,1434,664,3,0
652,1437,630,0,3
652,1438,630,0,3
652,1439,630,0,3
652,1440,630,0,3
652,1441,630,0,3
652,1442,630,0,3
652,1443,630,0,3
652,1444,630,0,3
642,1447,664,3,0
641,1448,619,0,3
642,1448,664,3,0
656,1448,678,3,0
640,1449,618,0,3
641,1449,619,0,3
642,1449,664,3,0
656,1449,678,3,0
657,1449,635,0,3
639,1450,617,0,3
640,1450,618,0,3
641,1450,619,0,3
642,1450,664,3,0
656,1450,678,3,0
657,1450,635,0,3
638,1451,616,0,2
639,1451,617,0,3
640,1451,618,0,3
641,1451,619,0,3
642,1451,664,3,0
656,1451,678,3,0
657,1451,635,0,3
659,1451,637,0,3
660,1452,638,0,2
661,1452,639,0,3
662,1452,640,0,3
664,1452,686,3,0
665,1452,643,0,3
677,1452,699,3,0
678,1452,700,3,0
679,1452,657,0,3
661,1453,639,0,3
662,1453,640,0,3
664,1453,686,3,0
665,1453,643,0,3
677,1453,699,3,0
678,1453,700,3,0
679,1453,657,0,3
662,1454,640,0,3
664,1454,686,3,0
665,1454,643,0,3
677,1454,699,3,0
678,1454,700,3,0
664,1455,686,3,0
665,1455,643,0,3
677,1455,699,3,0
664,1456,686,3,0
665,1456,643,0,3
665,1457,643,0,3
665,1458,643,0,3
665,1459,643,0,3
667,1459,689,3,0
674,1459,652,0,3
665,1460,643,0,3
667,1460,689,3,0
674,1460,652,0,3
665,1461,643,0,3
667,1461,689,3,0
674,1461,652,0,3
665,1462,643,0,3
667,1462,689,3,0
674,1462,652,0,3
665,1463,643,0,3
667,1463,689,3,0
674,1463,652,0,3
665,1464,643,0,3
667,1464,689,3,0
674,1464,652,0,3
665,1465,643,0,3
667,1465,689,3,0
674,1465,652,0,3
665,1466,643,0,3
674,1466,652,0,3
665,1467,643,0,3
664,1469,686,3,0
665,1469,643,0,3
677,1469,699,3,0
664,1470,686,3,0
665,1470,643,0,3
677,1470,699,3,0
678,1470,700,3,0
662,1471,640,0,3
664,1471,686,3,0
665,1471,643,0,3
677,1471,699,3,0
678,1471,700,3,0
679,1471,657,0,3
661,1472,639,0,3
662,1472,640,0,3
664,1472,686,3,0
665,1472,643,0,3
677,1472,699,3,0
678,1472,700,3,0
679,1472,657,0,3
660,1473,638,0,2
661,1473,639,0,3
662,1473,640,0,3
664,1473,686,3,0
665,1473,643,0,3
677,1473,699,3,0
678,1473,700,3,0
679,1473,657,0,3
681,1473,659,0,3
682,1474,660,0,2
683,1474,661,0,3
684,1474,662,0,3
699,1474,721,3,0
700,1474,722,3,0
701,1474,679,0,3
702,1474,680,0,3
683,1475,661,0,3
684,1475,662,0,3
699,1475,721,3,0
700,1475,722,3,0
701,1475,679,0,3
684,1476,662,0,3
699,1476,721,3,0
700,1476,722,3,0
699,1477,721,3,0
689,1481,711,3,0
696,1481,674,0,3
689,1482,711,3,0
696,1482,674,0,3
689,1483,711,3,0
696,1483,674,0,3
689,1484,711,3,0
696,1484,674,0,3
689,1485,711,3,0
696,1485,674,0,3
689,1486,711,3,0
696,1486,674,0,3
689,1487,711,3,0
696,1487,674,0,3
696,1488,674,0,3
699,1491,721,3,0
699,1492,721,3,0
700,1492,722,3,0
684,1493,662,0,3
699,1493,721,3,0
700,1493,722,3,0
701,1493,679,0,3
683,1494,661,0,3
684,1494,662,0,3
699,1494,721,3,0
700,1494,722,3,0
701,1494,679,0,3
702,1494,680,0,3
682,1495,660,0,2
683,1495,661,0,3
684,1495,662,0,3
699,1495,721,3,0
700,1495,722,3,0
701,1495,679,0,3
702,1495,680,0,3
703,1495,681,0,3
704,1496,682,0,2
706,1496,684,0,3
721,1496,743,3,0
723,1496,701,0,3
724,1496,702,0,3
706,1497,684,0,3
721,1497,743,3,0
723,1497,701,0,3
706,1498,684,0,3
721,1498,743,3,0
721,1499,743,3,0
711,1503,733,3,0
718,1503,696,0,3
711,1504,733,3,0
718,1504,696,0,3
711,1505,733,3,0
713,1505,735,3,0
718,1505,696,0,3
711,1506,733,3,0
713,1506,735,3,0
718,1506,696,0,3
711,1507,733,3,0
713,1507,735,3,0
718,1507,696,0,3
711,1508,733,3,0
718,1508,696,0,3
711,1509,733,3,0
718,1509,696,0,3
718,1510,696,0,3
721,1513,743,3,0
721,1514,743,3,0
706,1515,684,0,3
721,1515,743,3,0
723,1515,701,0,3
706,1516,684,0,3
721,1516,743,3,0
723,1516,701,0,3
724,1516,702,0,3
704,1517,682,0,2
706,1517,684,0,3
721,1517,743,3,0
723,1517,701,0,3
724,1517,702,0,3
725,1517,703,0,3
728,1518,706,0,3
731,1518,753,3,0
743,1518,765,3,0
746,1518,724,0,3
728,1519,706,0,3
731,1519,753,3,0
743,1519,765,3,0
728,1520,706,0,3
731,1520,753,3,0
743,1520,765,3,0
731,1521,753,3,0
743,1521,765,3,0
731,1522,753,3,0
731,1523,753,3,0
731,1524,753,3,0
741,1524,763,3,0
731,1525,753,3,0
733,1525,755,3,0
740,1525,718,0,3
741,1525,763,3,0
731,1526,753,3,0
733,1526,755,3,0
734,1526,756,3,0
739,1526,717,0,3
740,1526,718,0,3
741,1526,763,3,0
731,1527,753,3,0
733,1527,755,3,0
734,1527,756,3,0
739,1527,717,0,3
740,1527,718,0,3
741,1527,763,3,0
731,1528,753,3,0
733,1528,755,3,0
734,1528,756,3,0
736,1528,758,3,0
737,1528,715,0,3
739,1528,717,0,3
740,1528,718,0,3
741,1528,763,3,0
731,1529,753,3,0
733,1529,755,3,0
734,1529,756,3,0
737,1529,715,0,3
739,1529,717,0,3
740,1529,718,0,3
741,1529,763,3,0
731,1530,753,3,0
733,1530,755,3,0
734,1530,756,3,0
739,1530,717,0,3
740,1530,718,0,3
741,1530,763,3,0
731,1531,753,3,0
733,1531,755,3,0
739,1531,717,0,3
740,1531,718,0,3
741,1531,763,3,0
731,1532,753,3,0
740,1532,718,0,3
741,1532,763,3,0
731,1533,753,3,0
741,1533,763,3,0
731,1535,753,3,0
743,1535,765,3,0
731,1536,753,3,0
743,1536,765,3,0
728,1537,706,0,3
731,1537,753,3,0
743,1537,765,3,0
728,1538,706,0,3
731,1538,753,3,0
743,1538,765,3,0
746,1538,724,0,3
728,1539,706,0,3
731,1539,753,3,0
743,1539,765,3,0
746,1539,724,0,3
747,1539,725,0,3
748,1540,726,0,2
750,1540,728,0,3
753,1540,775,3,0
765,1540,787,3,0
750,1541,728,0,3
753,1541,775,3,0
765,1541,787,3,0
750,1542,728,0,3
753,1542,775,3,0
765,1542,787,3,0
753,1543,775,3,0
765,1543,787,3,0
753,1544,775,3,0
753,1545,775,3,0
753,1546,775,3,0
763,1546,785,3,0
753,1547,775,3,0
755,1547,777,3,0
763,1547,785,3,0
753,1548,775,3,0
755,1548,777,3,0
756,1548,778,3,0
761,1548,739,0,3
763,1548,785,3,0
753,1549,775,3,0
755,1549,777,3,0
756,1549,778,3,0
757,1549,779,3,0
761,1549,739,0,3
763,1549,785,3,0
753,1550,775,3,0
755,1550,777,3,0
756,1550,778,3,0
757,1550,779,3,0
758,1550,780,3,0
761,1550,739,0,3
763,1550,785,3,0
753,1551,775,3,0
755,1551,777,3,0
756,1551,778,3,0
757,1551,779,3,0
761,1551,739,0,3
763,1551,785,3,0
753,1552,775,3,0
755,1552,777,3,0
756,1552,778,3,0
761,1552,739,0,3
763,1552,785,3,0
753,1553,775,3,0
755,1553,777,3,0
761,1553,739,0,3
763,1553,785,3,0
753,1554,775,3,0
763,1554,785,3,0
753,1555,775,3,0
763,1555,785,3,0
753,1557,775,3,0
765,1557,787,3,0
753,1558,775,3,0
765,1558,787,3,0
750,1559,728,0,3
753,1559,775,3,0
765,1559,787,3,0
750,1560,728,0,3
753,1560,775,3,0
765,1560,787,3,0
748,1561,726,0,2
750,1561,728,0,3
753,1561,775,3,0
765,1561,787,3,0
769,1561,747,0,3
770,1562,748,0,2
772,1562,750,0,3
775,1562,797,3,0
787,1562,809,3,0
788,1562,810,3,0
789,1562,811,3,0
790,1562,768,0,3
772,1563,750,0,3
775,1563,797,3,0
787,1563,809,3,0
788,1563,810,3,0
789,1563,811,3,0
772,1564,750,0,3
775,1564,797,3,0
787,1564,809,3,0
788,1564,810,3,0
775,1565,797,3,0
787,1565,809,3,0
775,1566,797,3,0
775,1567,797,3,0
775,1568,797,3,0
785,1568,807,3,0
775,1569,797,3,0
777,1569,799,3,0
785,1569,807,3,0
775,1570,797,3,0
777,1570,799,3,0
778,1570,800,3,0
783,1570,761,0,3
785,1570,807,3,0
775,1571,797,3,0
777,1571,799,3,0
778,1571,800,3,0
783,1571,761,0,3
785,1571,807,3,0
775,1572,797,3,0
777,1572,799,3,0
778,1572,800,3,0
781,1572,803,3,0
783,1572,761,0,3
785,1572,807,3,0
775,1573,797,3,0
777,1573,799,3,0
778,1573,800,3,0
781,1573,803,3,0
783,1573,761,0,3
785,1573,807,3,0
775,1574,797,3,0
777,1574,799,3,0
778,1574,800,3,0
783,1574,761,0,3
785,1574,807,3,0
775,1575,797,3,0
777,1575,799,3,0
783,1575,761,0,3
785,1575,807,3,0
775,1576,797,3,0
785,1576,807,3,0
775,1577,797,3,0
785,1577,807,3,0
775,1579,797,3,0
787,1579,809,3,0
775,1580,797,3,0
787,1580,809,3,0
788,1580,810,3,0
772,1581,750,0,3
775,1581,797,3,0
787,1581,809,3,0
788,1581,810,3,0
789,1581,811,3,0
772,1582,750,0,3
775,1582,797,3,0
787,1582,809,3,0
788,1582,810,3,0
789,1582,811,3,0
790,1582,768,0,3
770,1583,748,0,2
772,1583,750,0,3
775,1583,797,3,0
787,1583,809,3,0
788,1583,810,3,0
789,1583,811,3,0
790,1583,768,0,3
791,1583,769,0,3
159,1584,137,0,3
161,1584,139,0,3
166,1584,188,3,0
169,1584,147,0,3
170,1584,192,3,0
918,1585,896,0,3
814,1586,792,0,2
819,1586,841,3,0
831,1586,853,3,0
832,1586,854,3,0
833,1586,855,3,0
1298,1587,1320,2,0
1299,1587,1321,3,0
1300,1587,1322,3,0
1302,1587,1280,0,3
1314,1587,1292,0,3
1317,1587,1339,3,0
1318,1587,1340,3,0
1319,1587,1341,3,0
699,1588,721,3,0
1270,1589,1248,0,3
466,1590,488,3,0
478,1590,500,3,0
1082,1591,1060,0,3
1094,1591,1072,0,3
1095,1591,1117,3,0
446,1592,468,3,0
449,1592,471,3,0
455,1592,433,0,3
456,1592,478,3,0
314,1593,292,0,3
317,1593,339,3,0
320,1593,342,3,0
323,1593,301,0,3
324,1593,346,3,0
94,1594,116,3,0
100,1594,122,3,0
101,1594,123,3,0
102,1594,124,3,0
103,1594,81,0,3
104,1594,126,3,0
792,1595,770,0,2
794,1595,772,0,3
797,1595,819,3,0
809,1595,831,3,0
810,1595,832,3,0
811,1595,833,3,0
