792,0,770,0,2
793,0,815,3,0
794,0,816,3,0
795,0,817,3,0
797,0,775,0,3
811,0,833,3,0
793,1,815,3,0
794,1,816,3,0
795,1,817,3,0
797,1,775,0,3
811,1,833,3,0
794,2,816,3,0
795,2,817,3,0
797,2,775,0,3
795,3,817,3,0
797,3,775,0,3
797,4,775,0,3
797,5,775,0,3
797,6,775,0,3
798,6,776,0,3
797,7,775,0,3
798,7,776,0,3
806,7,784,0,3
797,8,775,0,3
798,8,776,0,3
806,8,784,0,3
797,9,775,0,3
798,9,776,0,3
804,9,782,0,3
806,9,784,0,3
797,10,775,0,3
798,10,776,0,3
803,10,825,3,0
804,10,782,0,3
806,10,784,0,3
797,11,775,0,3
798,11,776,0,3
803,11,825,3,0
804,11,782,0,3
806,11,784,0,3
797,12,775,0,3
798,12,776,0,3
804,12,782,0,3
806,12,784,0,3
797,13,775,0,3
798,13,776,0,3
806,13,784,0,3
797,14,775,0,3
798,14,776,0,3
806,14,784,0,3
797,17,775,0,3
795,18,817,3,0
797,18,775,0,3
794,19,816,3,0
795,19,817,3,0
797,19,775,0,3
811,19,833,3,0
793,20,815,3,0
794,20,816,3,0
795,20,817,3,0
797,20,775,0,3
811,20,833,3,0
792,21,770,0,2
793,21,815,3,0
794,21,816,3,0
795,21,817,3,0
797,21,775,0,3
811,21,833,3,0
813,21,791,0,3
815,22,837,3,0
816,22,838,3,0
817,22,839,3,0
833,22,855,3,0
815,23,837,3,0
816,23,838,3,0
817,23,839,3,0
833,23,855,3,0
816,24,838,3,0
817,24,839,3,0
817,25,839,3,0
820,28,798,0,3
820,29,798,0,3
828,29,806,0,3
820,30,798,0,3
828,30,806,0,3
820,31,798,0,3
826,31,804,0,3
828,31,806,0,3
820,32,798,0,3
825,32,847,3,0
826,32,804,0,3
828,32,806,0,3
820,33,798,0,3
825,33,847,3,0
826,33,804,0,3
828,33,806,0,3
820,34,798,0,3
826,34,804,0,3
828,34,806,0,3
820,35,798,0,3
828,35,806,0,3
820,36,798,0,3
828,36,806,0,3
817,40,839,3,0
816,41,838,3,0
817,41,839,3,0
833,41,855,3,0
815,42,837,3,0
816,42,838,3,0
817,42,839,3,0
833,42,855,3,0
815,43,837,3,0
816,43,838,3,0
817,43,839,3,0
833,43,855,3,0
835,43,813,0,3
837,44,859,3,0
838,44,860,3,0
841,44,863,3,0
854,44,832,0,3
837,45,859,3,0
838,45,860,3,0
841,45,863,3,0
854,45,832,0,3
838,46,860,3,0
841,46,863,3,0
854,46,832,0,3
841,47,863,3,0
841,48,863,3,0
841,49,863,3,0
841,50,863,3,0
842,50,820,0,3
841,51,863,3,0
842,51,820,0,3
850,51,828,0,3
841,52,863,3,0
842,52,820,0,3
849,52,827,0,3
850,52,828,0,3
841,53,863,3,0
842,53,820,0,3
849,53,827,0,3
850,53,828,0,3
841,54,863,3,0
842,54,820,0,3
847,54,869,3,0
849,54,827,0,3
850,54,828,0,3
841,55,863,3,0
842,55,820,0,3
847,55,869,3,0
849,55,827,0,3
850,55,828,0,3
841,56,863,3,0
842,56,820,0,3
849,56,827,0,3
850,56,828,0,3
841,57,863,3,0
842,57,820,0,3
849,57,827,0,3
850,57,828,0,3
841,58,863,3,0
842,58,820,0,3
850,58,828,0,3
841,61,863,3,0
841,62,863,3,0
854,62,832,0,3
838,63,860,3,0
841,63,863,3,0
854,63,832,0,3
837,64,859,3,0
838,64,860,3,0
841,64,863,3,0
854,64,832,0,3
837,65,859,3,0
838,65,860,3,0
841,65,863,3,0
854,65,832,0,3
857,65,835,0,3
858,66,836,0,2
859,66,881,3,0
860,66,882,3,0
863,66,885,3,0
874,66,852,0,3
877,66,855,0,3
859,67,881,3,0
860,67,882,3,0
863,67,885,3,0
874,67,852,0,3
877,67,855,0,3
860,68,882,3,0
863,68,885,3,0
874,68,852,0,3
863,69,885,3,0
874,69,852,0,3
863,70,885,3,0
874,70,852,0,3
863,71,885,3,0
874,71,852,0,3
863,72,885,3,0
874,72,852,0,3
863,73,885,3,0
865,73,887,3,0
872,73,850,0,3
874,73,852,0,3
863,74,885,3,0
865,74,887,3,0
872,74,850,0,3
874,74,852,0,3
863,75,885,3,0
865,75,887,3,0
872,75,850,0,3
874,75,852,0,3
863,76,885,3,0
865,76,887,3,0
868,76,846,0,3
869,76,891,3,0
872,76,850,0,3
874,76,852,0,3
863,77,885,3,0
865,77,887,3,0
869,77,891,3,0
872,77,850,0,3
874,77,852,0,3
863,78,885,3,0
865,78,887,3,0
872,78,850,0,3
874,78,852,0,3
863,79,885,3,0
865,79,887,3,0
872,79,850,0,3
874,79,852,0,3
863,80,885,3,0
872,80,850,0,3
874,80,852,0,3
863,81,885,3,0
874,81,852,0,3
874,82,852,0,3
863,83,885,3,0
874,83,852,0,3
863,84,885,3,0
874,84,852,0,3
860,85,882,3,0
863,85,885,3,0
874,85,852,0,3
877,85,855,0,3
859,86,881,3,0
860,86,882,3,0
863,86,885,3,0
874,86,852,0,3
877,86,855,0,3
858,87,836,0,2
859,87,881,3,0
860,87,882,3,0
863,87,885,3,0
874,87,852,0,3
877,87,855,0,3
880,88,858,0,2
881,88,903,3,0
882,88,904,3,0
885,88,907,3,0
896,88,874,0,3
899,88,877,0,3
881,89,903,3,0
882,89,904,3,0
885,89,907,3,0
896,89,874,0,3
899,89,877,0,3
882,90,904,3,0
885,90,907,3,0
896,90,874,0,3
885,91,907,3,0
896,91,874,0,3
885,92,907,3,0
896,92,874,0,3
885,93,907,3,0
885,94,907,3,0
896,94,874,0,3
885,95,907,3,0
887,95,909,3,0
894,95,872,0,3
896,95,874,0,3
885,96,907,3,0
887,96,909,3,0
888,96,866,0,3
893,96,871,0,3
894,96,872,0,3
896,96,874,0,3
885,97,907,3,0
887,97,909,3,0
888,97,866,0,3
893,97,871,0,3
894,97,872,0,3
896,97,874,0,3
885,98,907,3,0
887,98,909,3,0
888,98,866,0,3
890,98,868,0,3
891,98,913,3,0
893,98,871,0,3
894,98,872,0,3
896,98,874,0,3
885,99,907,3,0
887,99,909,3,0
888,99,866,0,3
891,99,913,3,0
893,99,871,0,3
894,99,872,0,3
896,99,874,0,3
885,100,907,3,0
887,100,909,3,0
888,100,866,0,3
893,100,871,0,3
894,100,872,0,3
896,100,874,0,3
885,101,907,3,0
887,101,909,3,0
893,101,871,0,3
894,101,872,0,3
896,101,874,0,3
885,102,907,3,0
894,102,872,0,3
896,102,874,0,3
896,103,874,0,3
896,104,874,0,3
885,105,907,3,0
896,105,874,0,3
885,106,907,3,0
896,106,874,0,3
882,107,904,3,0
885,107,907,3,0
896,107,874,0,3
899,107,877,0,3
881,108,903,3,0
882,108,904,3,0
885,108,907,3,0
896,108,874,0,3
899,108,877,0,3
880,109,858,0,2
881,109,903,3,0
882,109,904,3,0
885,109,907,3,0
896,109,874,0,3
899,109,877,0,3
902,110,880,0,2
903,110,925,3,0
906,110,928,3,0
918,110,896,0,3
921,110,899,0,3
903,111,925,3,0
906,111,928,3,0
918,111,896,0,3
921,111,899,0,3
906,112,928,3,0
918,112,896,0,3
906,113,928,3,0
918,113,896,0,3
906,114,928,3,0
918,114,896,0,3
918,115,896,0,3
908,116,886,0,3
918,116,896,0,3
908,117,886,0,3
909,117,931,3,0
916,117,894,0,3
918,117,896,0,3
908,118,886,0,3
909,118,931,3,0
910,118,888,0,3
915,118,893,0,3
916,118,894,0,3
918,118,896,0,3
908,119,886,0,3
909,119,931,3,0
910,119,888,0,3
915,119,893,0,3
916,119,894,0,3
918,119,896,0,3
908,120,886,0,3
909,120,931,3,0
910,120,888,0,3
913,120,935,3,0
915,120,893,0,3
916,120,894,0,3
918,120,896,0,3
908,121,886,0,3
909,121,931,3,0
910,121,888,0,3
913,121,935,3,0
915,121,893,0,3
916,121,894,0,3
918,121,896,0,3
908,122,886,0,3
909,122,931,3,0
910,122,888,0,3
915,122,893,0,3
916,122,894,0,3
918,122,896,0,3
908,123,886,0,3
909,123,931,3,0
915,123,893,0,3
916,123,894,0,3
918,123,896,0,3
908,124,886,0,3
916,124,894,0,3
918,124,896,0,3
918,125,896,0,3
918,126,896,0,3
906,127,928,3,0
918,127,896,0,3
906,128,928,3,0
918,128,896,0,3
906,129,928,3,0
918,129,896,0,3
921,129,899,0,3
903,130,925,3,0
906,130,928,3,0
918,130,896,0,3
921,130,899,0,3
902,131,880,0,2
903,131,925,3,0
906,131,928,3,0
918,131,896,0,3
921,131,899,0,3
924,132,902,0,2
928,132,950,3,0
940,132,918,0,3
943,132,921,0,3
928,133,950,3,0
940,133,918,0,3
943,133,921,0,3
928,134,950,3,0
940,134,918,0,3
928,135,950,3,0
940,135,918,0,3
928,136,950,3,0
940,136,918,0,3
930,138,908,0,3
940,138,918,0,3
930,139,908,0,3
931,139,953,3,0
940,139,918,0,3
930,140,908,0,3
931,140,953,3,0
932,140,910,0,3
940,140,918,0,3
930,141,908,0,3
931,141,953,3,0
932,141,910,0,3
940,141,918,0,3
930,142,908,0,3
931,142,953,3,0
932,142,910,0,3
934,142,956,3,0
935,142,957,3,0
940,142,918,0,3
930,143,908,0,3
931,143,953,3,0
932,143,910,0,3
935,143,957,3,0
940,143,918,0,3
930,144,908,0,3
931,144,953,3,0
932,144,910,0,3
940,144,918,0,3
930,145,908,0,3
931,145,953,3,0
940,145,918,0,3
930,146,908,0,3
940,146,918,0,3
940,147,918,0,3
940,148,918,0,3
928,149,950,3,0
940,149,918,0,3
928,150,950,3,0
940,150,918,0,3
928,151,950,3,0
940,151,918,0,3
943,151,921,0,3
928,152,950,3,0
940,152,918,0,3
943,152,921,0,3
924,153,902,0,2
928,153,950,3,0
940,153,918,0,3
943,153,921,0,3
950,154,972,3,0
962,154,940,0,3
964,154,986,3,0
965,154,943,0,3
950,155,972,3,0
962,155,940,0,3
964,155,986,3,0
965,155,943,0,3
950,156,972,3,0
962,156,940,0,3
964,156,986,3,0
950,157,972,3,0
962,157,940,0,3
950,158,972,3,0
962,158,940,0,3
962,159,940,0,3
952,160,930,0,3
962,160,940,0,3
952,161,930,0,3
953,161,975,3,0
962,161,940,0,3
952,162,930,0,3
953,162,975,3,0
954,162,932,0,3
962,162,940,0,3
952,163,930,0,3
953,163,975,3,0
954,163,932,0,3
962,163,940,0,3
952,164,930,0,3
953,164,975,3,0
954,164,932,0,3
956,164,978,3,0
957,164,979,3,0
962,164,940,0,3
952,165,930,0,3
953,165,975,3,0
954,165,932,0,3
957,165,979,3,0
962,165,940,0,3
952,166,930,0,3
953,166,975,3,0
954,166,932,0,3
962,166,940,0,3
952,167,930,0,3
953,167,975,3,0
962,167,940,0,3
952,168,930,0,3
962,168,940,0,3
962,169,940,0,3
962,170,940,0,3
950,171,972,3,0
962,171,940,0,3
950,172,972,3,0
962,172,940,0,3
964,172,986,3,0
950,173,972,3,0
962,173,940,0,3
964,173,986,3,0
965,173,943,0,3
950,174,972,3,0
962,174,940,0,3
964,174,986,3,0
965,174,943,0,3
950,175,972,3,0
962,175,940,0,3
964,175,986,3,0
965,175,943,0,3
972,176,994,3,0
973,176,995,3,0
986,176,1008,3,0
987,176,965,0,3
972,177,994,3,0
973,177,995,3,0
986,177,1008,3,0
987,177,965,0,3
972,178,994,3,0
973,178,995,3,0
986,178,1008,3,0
972,179,994,3,0
973,179,995,3,0
972,180,994,3,0
973,180,995,3,0
973,181,995,3,0
973,182,995,3,0
974,182,952,0,3
983,182,1005,3,0
973,183,995,3,0
974,183,952,0,3
975,183,997,3,0
983,183,1005,3,0
973,184,995,3,0
974,184,952,0,3
975,184,997,3,0
976,184,954,0,3
983,184,1005,3,0
973,185,995,3,0
974,185,952,0,3
975,185,997,3,0
976,185,954,0,3
983,185,1005,3,0
973,186,995,3,0
974,186,952,0,3
975,186,997,3,0
976,186,954,0,3
983,186,1005,3,0
973,187,995,3,0
974,187,952,0,3
975,187,997,3,0
976,187,954,0,3
983,187,1005,3,0
973,188,995,3,0
974,188,952,0,3
975,188,997,3,0
976,188,954,0,3
983,188,1005,3,0
973,189,995,3,0
974,189,952,0,3
975,189,997,3,0
983,189,1005,3,0
973,190,995,3,0
974,190,952,0,3
983,190,1005,3,0
983,191,1005,3,0
972,193,994,3,0
973,193,995,3,0
972,194,994,3,0
973,194,995,3,0
986,194,1008,3,0
972,195,994,3,0
973,195,995,3,0
986,195,1008,3,0
987,195,965,0,3
972,196,994,3,0
973,196,995,3,0
986,196,1008,3,0
987,196,965,0,3
972,197,994,3,0
973,197,995,3,0
986,197,1008,3,0
987,197,965,0,3
989,197,967,0,3
990,198,1012,2,0
992,198,970,0,3
994,198,1016,3,0
995,198,1017,3,0
1008,198,1030,3,0
1009,198,987,0,3
1010,198,1032,3,0
992,199,970,0,3
994,199,1016,3,0
995,199,1017,3,0
1008,199,1030,3,0
1009,199,987,0,3
992,200,970,0,3
994,200,1016,3,0
995,200,1017,3,0
1008,200,1030,3,0
994,201,1016,3,0
995,201,1017,3,0
994,202,1016,3,0
995,202,1017,3,0
995,203,1017,3,0
995,204,1017,3,0
996,204,974,0,3
1005,204,1027,3,0
995,205,1017,3,0
996,205,974,0,3
997,205,1019,3,0
1004,205,1026,3,0
1005,205,1027,3,0
995,206,1017,3,0
996,206,974,0,3
997,206,1019,3,0
998,206,976,0,3
1003,206,1025,3,0
1004,206,1026,3,0
1005,206,1027,3,0
995,207,1017,3,0
996,207,974,0,3
997,207,1019,3,0
998,207,976,0,3
999,207,977,0,3
1003,207,1025,3,0
1004,207,1026,3,0
1005,207,1027,3,0
995,208,1017,3,0
996,208,974,0,3
997,208,1019,3,0
998,208,976,0,3
999,208,977,0,3
1001,208,979,0,3
1003,208,1025,3,0
1004,208,1026,3,0
1005,208,1027,3,0
995,209,1017,3,0
996,209,974,0,3
997,209,1019,3,0
998,209,976,0,3
999,209,977,0,3
1001,209,979,0,3
1003,209,1025,3,0
1004,209,1026,3,0
1005,209,1027,3,0
995,210,1017,3,0
996,210,974,0,3
997,210,1019,3,0
998,210,976,0,3
1003,210,1025,3,0
1004,210,1026,3,0
1005,210,1027,3,0
995,211,1017,3,0
996,211,974,0,3
997,211,1019,3,0
1003,211,1025,3,0
1004,211,1026,3,0
1005,211,1027,3,0
995,212,1017,3,0
996,212,974,0,3
1004,212,1026,3,0
1005,212,1027,3,0
995,213,1017,3,0
1005,213,1027,3,0
994,215,1016,3,0
995,215,1017,3,0
994,216,1016,3,0
995,216,1017,3,0
1008,216,1030,3,0
992,217,970,0,3
994,217,1016,3,0
995,217,1017,3,0
1008,217,1030,3,0
1009,217,987,0,3
992,218,970,0,3
994,218,1016,3,0
995,218,1017,3,0
1008,218,1030,3,0
1009,218,987,0,3
1010,218,1032,3,0
990,219,1012,2,0
992,219,970,0,3
994,219,1016,3,0
995,219,1017,3,0
1008,219,1030,3,0
1009,219,987,0,3
1010,219,1032,3,0
1017,220,1039,3,0
1030,220,1052,3,0
1031,220,1009,0,3
1017,221,1039,3,0
1030,221,1052,3,0
1031,221,1009,0,3
1017,222,1039,3,0
1030,222,1052,3,0
1017,223,1039,3,0
1017,224,1039,3,0
1017,225,1039,3,0
1017,226,1039,3,0
1018,226,996,0,3
1017,227,1039,3,0
1018,227,996,0,3
1019,227,1041,3,0
1026,227,1048,3,0
1017,228,1039,3,0
1018,228,996,0,3
1019,228,1041,3,0
1026,228,1048,3,0
1017,229,1039,3,0
1018,229,996,0,3
1019,229,1041,3,0
1026,229,1048,3,0
1017,230,1039,3,0
1018,230,996,0,3
1019,230,1041,3,0
1026,230,1048,3,0
1017,231,1039,3,0
1018,231,996,0,3
1019,231,1041,3,0
1026,231,1048,3,0
1017,232,1039,3,0
1018,232,996,0,3
1019,232,1041,3,0
1026,232,1048,3,0
1017,233,1039,3,0
1018,233,996,0,3
1019,233,1041,3,0
1026,233,1048,3,0
1017,234,1039,3,0
1018,234,996,0,3
1026,234,1048,3,0
1017,237,1039,3,0
1017,238,1039,3,0
1030,238,1052,3,0
1017,239,1039,3,0
1030,239,1052,3,0
1031,239,1009,0,3
1017,240,1039,3,0
1030,240,1052,3,0
1031,240,1009,0,3
1017,241,1039,3,0
1030,241,1052,3,0
1031,241,1009,0,3
1034,242,1056,2,0
1039,242,1061,3,0
1052,242,1074,3,0
1053,242,1031,0,3
1039,243,1061,3,0
1052,243,1074,3,0
1053,243,1031,0,3
1039,244,1061,3,0
1052,244,1074,3,0
1039,245,1061,3,0
1039,246,1061,3,0
1039,247,1061,3,0
1039,248,1061,3,0
1040,248,1018,0,3
1039,249,1061,3,0
1040,249,1018,0,3
1041,249,1063,3,0
1048,249,1070,3,0
1039,250,1061,3,0
1040,250,1018,0,3
1041,250,1063,3,0
1047,250,1069,3,0
1048,250,1070,3,0
1039,251,1061,3,0
1040,251,1018,0,3
1041,251,1063,3,0
1047,251,1069,3,0
1048,251,1070,3,0
1039,252,1061,3,0
1040,252,1018,0,3
1041,252,1063,3,0
1047,252,1069,3,0
1048,252,1070,3,0
1039,253,1061,3,0
1040,253,1018,0,3
1041,253,1063,3,0
1047,253,1069,3,0
1048,253,1070,3,0
1039,254,1061,3,0
1040,254,1018,0,3
1041,254,1063,3,0
1047,254,1069,3,0
1048,254,1070,3,0
1039,255,1061,3,0
1040,255,1018,0,3
1041,255,1063,3,0
1047,255,1069,3,0
1048,255,1070,3,0
1039,256,1061,3,0
1040,256,1018,0,3
1048,256,1070,3,0
1039,257,1061,3,0
1039,259,1061,3,0
1039,260,1061,3,0
1052,260,1074,3,0
1039,261,1061,3,0
1052,261,1074,3,0
1053,261,1031,0,3
1039,262,1061,3,0
1052,262,1074,3,0
1053,262,1031,0,3
1034,263,1056,2,0
1039,263,1061,3,0
1052,263,1074,3,0
1053,263,1031,0,3
1058,264,1036,0,3
1061,264,1083,3,0
1074,264,1096,3,0
1075,264,1053,0,3
1058,265,1036,0,3
1061,265,1083,3,0
1074,265,1096,3,0
1075,265,1053,0,3
1058,266,1036,0,3
1061,266,1083,3,0
1074,266,1096,3,0
1061,267,1083,3,0
1061,268,1083,3,0
1061,269,1083,3,0
1061,270,1083,3,0
1062,270,1040,0,3
1061,271,1083,3,0
1062,271,1040,0,3
1063,271,1085,3,0
1070,271,1092,3,0
1061,272,1083,3,0
1062,272,1040,0,3
1063,272,1085,3,0
1069,272,1091,3,0
1070,272,1092,3,0
1061,273,1083,3,0
1062,273,1040,0,3
1063,273,1085,3,0
1065,273,1043,0,3
1069,273,1091,3,0
1070,273,1092,3,0
1061,274,1083,3,0
1062,274,1040,0,3
1063,274,1085,3,0
1065,274,1043,0,3
1069,274,1091,3,0
1070,274,1092,3,0
1061,275,1083,3,0
1062,275,1040,0,3
1063,275,1085,3,0
1065,275,1043,0,3
1069,275,1091,3,0
1070,275,1092,3,0
1061,276,1083,3,0
1062,276,1040,0,3
1063,276,1085,3,0
1069,276,1091,3,0
1070,276,1092,3,0
1061,277,1083,3,0
1062,277,1040,0,3
1063,277,1085,3,0
1069,277,1091,3,0
1070,277,1092,3,0
1061,278,1083,3,0
1062,278,1040,0,3
1070,278,1092,3,0
1061,281,1083,3,0
1061,282,1083,3,0
1074,282,1096,3,0
1058,283,1036,0,3
1061,283,1083,3,0
1074,283,1096,3,0
1075,283,1053,0,3
1058,284,1036,0,3
1061,284,1083,3,0
1074,284,1096,3,0
1075,284,1053,0,3
1058,285,1036,0,3
1061,285,1083,3,0
1074,285,1096,3,0
1075,285,1053,0,3
1077,285,1099,3,0
1080,286,1058,0,3
1083,286,1105,3,0
1096,286,1118,3,0
1097,286,1075,0,3
1080,287,1058,0,3
1083,287,1105,3,0
1096,287,1118,3,0
1097,287,1075,0,3
1080,288,1058,0,3
1083,288,1105,3,0
1096,288,1118,3,0
1083,289,1105,3,0
1083,290,1105,3,0
1083,291,1105,3,0
1083,292,1105,3,0
1084,292,1062,0,3
1083,293,1105,3,0
1084,293,1062,0,3
1085,293,1107,3,0
1092,293,1114,3,0
1083,294,1105,3,0
1084,294,1062,0,3
1085,294,1107,3,0
1091,294,1113,3,0
1092,294,1114,3,0
1083,295,1105,3,0
1084,295,1062,0,3
1085,295,1107,3,0
1087,295,1065,0,3
1090,295,1068,0,3
1091,295,1113,3,0
1092,295,1114,3,0
1083,296,1105,3,0
1084,296,1062,0,3
1085,296,1107,3,0
1087,296,1065,0,3
1090,296,1068,0,3
1091,296,1113,3,0
1092,296,1114,3,0
1083,297,1105,3,0
1084,297,1062,0,3
1085,297,1107,3,0
1087,297,1065,0,3
1090,297,1068,0,3
1091,297,1113,3,0
1092,297,1114,3,0
1083,298,1105,3,0
1084,298,1062,0,3
1085,298,1107,3,0
1090,298,1068,0,3
1091,298,1113,3,0
1092,298,1114,3,0
1083,299,1105,3,0
1084,299,1062,0,3
1085,299,1107,3,0
1091,299,1113,3,0
1092,299,1114,3,0
1083,300,1105,3,0
1084,300,1062,0,3
1092,300,1114,3,0
1083,301,1105,3,0
1083,303,1105,3,0
1083,304,1105,3,0
1096,304,1118,3,0
1080,305,1058,0,3
1083,305,1105,3,0
1096,305,1118,3,0
1097,305,1075,0,3
1080,306,1058,0,3
1083,306,1105,3,0
1096,306,1118,3,0
1097,306,1075,0,3
1080,307,1058,0,3
1083,307,1105,3,0
1096,307,1118,3,0
1097,307,1075,0,3
1099,307,1121,3,0
1102,308,1080,0,3
1105,308,1127,3,0
1119,308,1097,0,3
1120,308,1142,3,0
1102,309,1080,0,3
1105,309,1127,3,0
1119,309,1097,0,3
1102,310,1080,0,3
1105,310,1127,3,0
1105,311,1127,3,0
1105,312,1127,3,0
1105,313,1127,3,0
1105,314,1127,3,0
1106,314,1084,0,3
1105,315,1127,3,0
1106,315,1084,0,3
1107,315,1129,3,0
1114,315,1136,3,0
1105,316,1127,3,0
1106,316,1084,0,3
1107,316,1129,3,0
1108,316,1086,0,3
1113,316,1135,3,0
1114,316,1136,3,0
1105,317,1127,3,0
1106,317,1084,0,3
1107,317,1129,3,0
1108,317,1086,0,3
1112,317,1090,0,3
1113,317,1135,3,0
1114,317,1136,3,0
1105,318,1127,3,0
1106,318,1084,0,3
1107,318,1129,3,0
1108,318,1086,0,3
1112,318,1090,0,3
1113,318,1135,3,0
1114,318,1136,3,0
1105,319,1127,3,0
1106,319,1084,0,3
1107,319,1129,3,0
1108,319,1086,0,3
1112,319,1090,0,3
1113,319,1135,3,0
1114,319,1136,3,0
1105,320,1127,3,0
1106,320,1084,0,3
1107,320,1129,3,0
1108,320,1086,0,3
1112,320,1090,0,3
1113,320,1135,3,0
1114,320,1136,3,0
1105,321,1127,3,0
1106,321,1084,0,3
1107,321,1129,3,0
1113,321,1135,3,0
1114,321,1136,3,0
1105,322,1127,3,0
1106,322,1084,0,3
1114,322,1136,3,0
1105,325,1127,3,0
1105,326,1127,3,0
1102,327,1080,0,3
1105,327,1127,3,0
1119,327,1097,0,3
1102,328,1080,0,3
1105,328,1127,3,0
1119,328,1097,0,3
1120,328,1142,3,0
1102,329,1080,0,3
1105,329,1127,3,0
1119,329,1097,0,3
1120,329,1142,3,0
1121,329,1143,3,0
1124,330,1102,0,3
1127,330,1149,3,0
1138,330,1160,3,0
1141,330,1119,0,3
1142,330,1164,3,0
1124,331,1102,0,3
1127,331,1149,3,0
1138,331,1160,3,0
1141,331,1119,0,3
1124,332,1102,0,3
1127,332,1149,3,0
1138,332,1160,3,0
1127,333,1149,3,0
1138,333,1160,3,0
1127,334,1149,3,0
1138,334,1160,3,0
1127,335,1149,3,0
1138,335,1160,3,0
1127,336,1149,3,0
1128,336,1106,0,3
1138,336,1160,3,0
1127,337,1149,3,0
1128,337,1106,0,3
1129,337,1151,3,0
1136,337,1158,3,0
1138,337,1160,3,0
1127,338,1149,3,0
1128,338,1106,0,3
1129,338,1151,3,0
1130,338,1108,0,3
1135,338,1157,3,0
1136,338,1158,3,0
1138,338,1160,3,0
1127,339,1149,3,0
1128,339,1106,0,3
1129,339,1151,3,0
1130,339,1108,0,3
1134,339,1112,0,3
1135,339,1157,3,0
1136,339,1158,3,0
1138,339,1160,3,0
1127,340,1149,3,0
1128,340,1106,0,3
1129,340,1151,3,0
1130,340,1108,0,3
1134,340,1112,0,3
1135,340,1157,3,0
1136,340,1158,3,0
1138,340,1160,3,0
1127,341,1149,3,0
1128,341,1106,0,3
1129,341,1151,3,0
1130,341,1108,0,3
1134,341,1112,0,3
1135,341,1157,3,0
1136,341,1158,3,0
1138,341,1160,3,0
1127,342,1149,3,0
1128,342,1106,0,3
1129,342,1151,3,0
1130,342,1108,0,3
1134,342,1112,0,3
1135,342,1157,3,0
1136,342,1158,3,0
1138,342,1160,3,0
1127,343,1149,3,0
1128,343,1106,0,3
1129,343,1151,3,0
1135,343,1157,3,0
1136,343,1158,3,0
1138,343,1160,3,0
1127,344,1149,3,0
1128,344,1106,0,3
1136,344,1158,3,0
1138,344,1160,3,0
1127,345,1149,3,0
1138,345,1160,3,0
1138,346,1160,3,0
1127,347,1149,3,0
1138,347,1160,3,0
1127,348,1149,3,0
1138,348,1160,3,0
1124,349,1102,0,3
1127,349,1149,3,0
1138,349,1160,3,0
1141,349,1119,0,3
1124,350,1102,0,3
1127,350,1149,3,0
1138,350,1160,3,0
1141,350,1119,0,3
1142,350,1164,3,0
1124,351,1102,0,3
1127,351,1149,3,0
1138,351,1160,3,0
1141,351,1119,0,3
1142,351,1164,3,0
1143,351,1165,3,0
1144,352,1166,2,0
1146,352,1124,0,3
1160,352,1182,3,0
1161,352,1139,0,3
1163,352,1141,0,3
1146,353,1124,0,3
1160,353,1182,3,0
1161,353,1139,0,3
1163,353,1141,0,3
1146,354,1124,0,3
1160,354,1182,3,0
1161,354,1139,0,3
1160,355,1182,3,0
1161,355,1139,0,3
1160,356,1182,3,0
1150,358,1128,0,3
1160,358,1182,3,0
1150,359,1128,0,3
1158,359,1180,3,0
1160,359,1182,3,0
1150,360,1128,0,3
1152,360,1130,0,3
1157,360,1179,3,0
1158,360,1180,3,0
1160,360,1182,3,0
1150,361,1128,0,3
1152,361,1130,0,3
1156,361,1134,0,3
1157,361,1179,3,0
1158,361,1180,3,0
1160,361,1182,3,0
1150,362,1128,0,3
1152,362,1130,0,3
1156,362,1134,0,3
1157,362,1179,3,0
1158,362,1180,3,0
1160,362,1182,3,0
1150,363,1128,0,3
1152,363,1130,0,3
1156,363,1134,0,3
1157,363,1179,3,0
1158,363,1180,3,0
1160,363,1182,3,0
1150,364,1128,0,3
1152,364,1130,0,3
1156,364,1134,0,3
1157,364,1179,3,0
1158,364,1180,3,0
1160,364,1182,3,0
1150,365,1128,0,3
1157,365,1179,3,0
1158,365,1180,3,0
1160,365,1182,3,0
1150,366,1128,0,3
1158,366,1180,3,0
1160,366,1182,3,0
1160,367,1182,3,0
1160,368,1182,3,0
1160,369,1182,3,0
1161,369,1139,0,3
1160,370,1182,3,0
1161,370,1139,0,3
1146,371,1124,0,3
1160,371,1182,3,0
1161,371,1139,0,3
1163,371,1141,0,3
1146,372,1124,0,3
1160,372,1182,3,0
1161,372,1139,0,3
1163,372,1141,0,3
1144,373,1166,2,0
1146,373,1124,0,3
1160,373,1182,3,0
1161,373,1139,0,3
1163,373,1141,0,3
1165,373,1187,3,0
1166,374,1188,2,0
1182,374,1204,3,0
1185,374,1163,0,3
1182,375,1204,3,0
1185,375,1163,0,3
1182,376,1204,3,0
1182,377,1204,3,0
1182,378,1204,3,0
1182,379,1204,3,0
1172,380,1150,0,3
1182,380,1204,3,0
1172,381,1150,0,3
1180,381,1202,3,0
1182,381,1204,3,0
1172,382,1150,0,3
1174,382,1152,0,3
1179,382,1201,3,0
1180,382,1202,3,0
1182,382,1204,3,0
1172,383,1150,0,3
1174,383,1152,0,3
1178,383,1156,0,3
1179,383,1201,3,0
1180,383,1202,3,0
1182,383,1204,3,0
1172,384,1150,0,3
1174,384,1152,0,3
1178,384,1156,0,3
1179,384,1201,3,0
1180,384,1202,3,0
1182,384,1204,3,0
1172,385,1150,0,3
1174,385,1152,0,3
1178,385,1156,0,3
1179,385,1201,3,0
1180,385,1202,3,0
1182,385,1204,3,0
1172,386,1150,0,3
1174,386,1152,0,3
1178,386,1156,0,3
1179,386,1201,3,0
1180,386,1202,3,0
1182,386,1204,3,0
1172,387,1150,0,3
1179,387,1201,3,0
1180,387,1202,3,0
1182,387,1204,3,0
1172,388,1150,0,3
1180,388,1202,3,0
1182,388,1204,3,0
1182,389,1204,3,0
1182,390,1204,3,0
1182,391,1204,3,0
1182,392,1204,3,0
1182,393,1204,3,0
1185,393,1163,0,3
1182,394,1204,3,0
1185,394,1163,0,3
1166,395,1188,2,0
1182,395,1204,3,0
1185,395,1163,0,3
1187,395,1209,3,0
1188,396,1210,2,0
1193,396,1215,3,0
1204,396,1226,3,0
1207,396,1185,0,3
1193,397,1215,3,0
1204,397,1226,3,0
1207,397,1185,0,3
1193,398,1215,3,0
1204,398,1226,3,0
1193,399,1215,3,0
1204,399,1226,3,0
1193,400,1215,3,0
1204,400,1226,3,0
1193,401,1215,3,0
1193,402,1215,3,0
1194,402,1172,0,3
1204,402,1226,3,0
1193,403,1215,3,0
1194,403,1172,0,3
1202,403,1224,3,0
1204,403,1226,3,0
1193,404,1215,3,0
1194,404,1172,0,3
1196,404,1174,0,3
1201,404,1223,3,0
1202,404,1224,3,0
1204,404,1226,3,0
1193,405,1215,3,0
1194,405,1172,0,3
1196,405,1174,0,3
1200,405,1178,0,3
1201,405,1223,3,0
1202,405,1224,3,0
1204,405,1226,3,0
1193,406,1215,3,0
1194,406,1172,0,3
1196,406,1174,0,3
1200,406,1178,0,3
1201,406,1223,3,0
1202,406,1224,3,0
1204,406,1226,3,0
1193,407,1215,3,0
1194,407,1172,0,3
1196,407,1174,0,3
1200,407,1178,0,3
1201,407,1223,3,0
1202,407,1224,3,0
1204,407,1226,3,0
1193,408,1215,3,0
1194,408,1172,0,3
1196,408,1174,0,3
1200,408,1178,0,3
1201,408,1223,3,0
1202,408,1224,3,0
1204,408,1226,3,0
1193,409,1215,3,0
1194,409,1172,0,3
1201,409,1223,3,0
1202,409,1224,3,0
1204,409,1226,3,0
1193,410,1215,3,0
1194,410,1172,0,3
1202,410,1224,3,0
1204,410,1226,3,0
1204,411,1226,3,0
1204,412,1226,3,0
1193,413,1215,3,0
1204,413,1226,3,0
1193,414,1215,3,0
1204,414,1226,3,0
1193,415,1215,3,0
1204,415,1226,3,0
1207,415,1185,0,3
1193,416,1215,3,0
1204,416,1226,3,0
1207,416,1185,0,3
1188,417,1210,2,0
1193,417,1215,3,0
1204,417,1226,3,0
1207,417,1185,0,3
1209,417,1231,3,0
1210,418,1232,2,0
1215,418,1237,3,0
1226,418,1248,3,0
1229,418,1207,0,3
1215,419,1237,3,0
1226,419,1248,3,0
1229,419,1207,0,3
1215,420,1237,3,0
1226,420,1248,3,0
1215,421,1237,3,0
1226,421,1248,3,0
1215,422,1237,3,0
1226,422,1248,3,0
1215,423,1237,3,0
1226,423,1248,3,0
1215,424,1237,3,0
1216,424,1194,0,3
1226,424,1248,3,0
1215,425,1237,3,0
1216,425,1194,0,3
1224,425,1246,3,0
1226,425,1248,3,0
1215,426,1237,3,0
1216,426,1194,0,3
1218,426,1196,0,3
1223,426,1245,3,0
1224,426,1246,3,0
1226,426,1248,3,0
1215,427,1237,3,0
1216,427,1194,0,3
1218,427,1196,0,3
1222,427,1200,0,3
1223,427,1245,3,0
1224,427,1246,3,0
1226,427,1248,3,0
1215,428,1237,3,0
1216,428,1194,0,3
1218,428,1196,0,3
1222,428,1200,0,3
1223,428,1245,3,0
1224,428,1246,3,0
1226,428,1248,3,0
1215,429,1237,3,0
1216,429,1194,0,3
1218,429,1196,0,3
1222,429,1200,0,3
1223,429,1245,3,0
1224,429,1246,3,0
1226,429,1248,3,0
1215,430,1237,3,0
1216,430,1194,0,3
1218,430,1196,0,3
1222,430,1200,0,3
1223,430,1245,3,0
1224,430,1246,3,0
1226,430,1248,3,0
1215,431,1237,3,0
1216,431,1194,0,3
1223,431,1245,3,0
1224,431,1246,3,0
1226,431,1248,3,0
1215,432,1237,3,0
1216,432,1194,0,3
1224,432,1246,3,0
1226,432,1248,3,0
1215,433,1237,3,0
1226,433,1248,3,0
1226,434,1248,3,0
1215,435,1237,3,0
1226,435,1248,3,0
1215,436,1237,3,0
1226,436,1248,3,0
1215,437,1237,3,0
1226,437,1248,3,0
1229,437,1207,0,3
1215,438,1237,3,0
1226,438,1248,3,0
1229,438,1207,0,3
1210,439,1232,2,0
1215,439,1237,3,0
1226,439,1248,3,0
1229,439,1207,0,3
1231,439,1253,3,0
1232,440,1254,2,0
1237,440,1259,3,0
1248,440,1270,3,0
1251,440,1229,0,3
1237,441,1259,3,0
1248,441,1270,3,0
1251,441,1229,0,3
1237,442,1259,3,0
1248,442,1270,3,0
1237,443,1259,3,0
1248,443,1270,3,0
1237,444,1259,3,0
1248,444,1270,3,0
1237,445,1259,3,0
1237,446,1259,3,0
1238,446,1216,0,3
1248,446,1270,3,0
1237,447,1259,3,0
1238,447,1216,0,3
1246,447,1268,3,0
1248,447,1270,3,0
1237,448,1259,3,0
1238,448,1216,0,3
1240,448,1218,0,3
1245,448,1267,3,0
1246,448,1268,3,0
1248,448,1270,3,0
1237,449,1259,3,0
1238,449,1216,0,3
1240,449,1218,0,3
1244,449,1222,0,3
1245,449,1267,3,0
1246,449,1268,3,0
1248,449,1270,3,0
1237,450,1259,3,0
1238,450,1216,0,3
1240,450,1218,0,3
1244,450,1222,0,3
1245,450,1267,3,0
1246,450,1268,3,0
1248,450,1270,3,0
1237,451,1259,3,0
1238,451,1216,0,3
1240,451,1218,0,3
1244,451,1222,0,3
1245,451,1267,3,0
1246,451,1268,3,0
1248,451,1270,3,0
1237,452,1259,3,0
1238,452,1216,0,3
1240,452,1218,0,3
1244,452,1222,0,3
1245,452,1267,3,0
1246,452,1268,3,0
1248,452,1270,3,0
1237,453,1259,3,0
1238,453,1216,0,3
1245,453,1267,3,0
1246,453,1268,3,0
1248,453,1270,3,0
1237,454,1259,3,0
1238,454,1216,0,3
1246,454,1268,3,0
1248,454,1270,3,0
1248,455,1270,3,0
1248,456,1270,3,0
1237,457,1259,3,0
1248,457,1270,3,0
1237,458,1259,3,0
1248,458,1270,3,0
1237,459,1259,3,0
1248,459,1270,3,0
1251,459,1229,0,3
1237,460,1259,3,0
1248,460,1270,3,0
1251,460,1229,0,3
1232,461,1254,2,0
1237,461,1259,3,0
1248,461,1270,3,0
1251,461,1229,0,3
1253,461,1275,3,0
1254,462,1276,2,0
1256,462,1234,0,3
1259,462,1281,3,0
1270,462,1292,3,0
1273,462,1251,0,3
1256,463,1234,0,3
1259,463,1281,3,0
1270,463,1292,3,0
1273,463,1251,0,3
1256,464,1234,0,3
1259,464,1281,3,0
1270,464,1292,3,0
1259,465,1281,3,0
1270,465,1292,3,0
1259,466,1281,3,0
1270,466,1292,3,0
1259,467,1281,3,0
1270,467,1292,3,0
1259,468,1281,3,0
1260,468,1238,0,3
1269,468,1291,3,0
1270,468,1292,3,0
1259,469,1281,3,0
1260,469,1238,0,3
1268,469,1290,3,0
1269,469,1291,3,0
1270,469,1292,3,0
1259,470,1281,3,0
1260,470,1238,0,3
1262,470,1240,0,3
1267,470,1289,3,0
1268,470,1290,3,0
1269,470,1291,3,0
1270,470,1292,3,0
1259,471,1281,3,0
1260,471,1238,0,3
1262,471,1240,0,3
1266,471,1244,0,3
1267,471,1289,3,0
1268,471,1290,3,0
1269,471,1291,3,0
1270,471,1292,3,0
1259,472,1281,3,0
1260,472,1238,0,3
1262,472,1240,0,3
1266,472,1244,0,3
1267,472,1289,3,0
1268,472,1290,3,0
1269,472,1291,3,0
1270,472,1292,3,0
1259,473,1281,3,0
1260,473,1238,0,3
1262,473,1240,0,3
1266,473,1244,0,3
1267,473,1289,3,0
1268,473,1290,3,0
1269,473,1291,3,0
1270,473,1292,3,0
1259,474,1281,3,0
1260,474,1238,0,3
1262,474,1240,0,3
1266,474,1244,0,3
1267,474,1289,3,0
1268,474,1290,3,0
1269,474,1291,3,0
1270,474,1292,3,0
1259,475,1281,3,0
1260,475,1238,0,3
1267,475,1289,3,0
1268,475,1290,3,0
1269,475,1291,3,0
1270,475,1292,3,0
1259,476,1281,3,0
1260,476,1238,0,3
1268,476,1290,3,0
1269,476,1291,3,0
1270,476,1292,3,0
1259,477,1281,3,0
1269,477,1291,3,0
1270,477,1292,3,0
1270,478,1292,3,0
1259,479,1281,3,0
1270,479,1292,3,0
1259,480,1281,3,0
1270,480,1292,3,0
1256,481,1234,0,3
1259,481,1281,3,0
1270,481,1292,3,0
1273,481,1251,0,3
1256,482,1234,0,3
1259,482,1281,3,0
1270,482,1292,3,0
1273,482,1251,0,3
1254,483,1276,2,0
1256,483,1234,0,3
1259,483,1281,3,0
1270,483,1292,3,0
1273,483,1251,0,3
1275,483,1297,3,0
1276,484,1298,2,0
1278,484,1256,0,3
1281,484,1303,3,0
1292,484,1314,3,0
1295,484,1273,0,3
1278,485,1256,0,3
1281,485,1303,3,0
1292,485,1314,3,0
1295,485,1273,0,3
1278,486,1256,0,3
1281,486,1303,3,0
1292,486,1314,3,0
1281,487,1303,3,0
1292,487,1314,3,0
1281,488,1303,3,0
1292,488,1314,3,0
1281,489,1303,3,0
1281,490,1303,3,0
1282,490,1260,0,3
1291,490,1313,3,0
1292,490,1314,3,0
1281,491,1303,3,0
1282,491,1260,0,3
1290,491,1312,3,0
1291,491,1313,3,0
1292,491,1314,3,0
1281,492,1303,3,0
1282,492,1260,0,3
1284,492,1262,0,3
1290,492,1312,3,0
1291,492,1313,3,0
1292,492,1314,3,0
1281,493,1303,3,0
1282,493,1260,0,3
1284,493,1262,0,3
1288,493,1266,0,3
1290,493,1312,3,0
1291,493,1313,3,0
1292,493,1314,3,0
1281,494,1303,3,0
1282,494,1260,0,3
1284,494,1262,0,3
1288,494,1266,0,3
1290,494,1312,3,0
1291,494,1313,3,0
1292,494,1314,3,0
1281,495,1303,3,0
1282,495,1260,0,3
1284,495,1262,0,3
1288,495,1266,0,3
1290,495,1312,3,0
1291,495,1313,3,0
1292,495,1314,3,0
1281,496,1303,3,0
1282,496,1260,0,3
1284,496,1262,0,3
1288,496,1266,0,3
1290,496,1312,3,0
1291,496,1313,3,0
1292,496,1314,3,0
1281,497,1303,3,0
1282,497,1260,0,3
1290,497,1312,3,0
1291,497,1313,3,0
1292,497,1314,3,0
1281,498,1303,3,0
1282,498,1260,0,3
1290,498,1312,3,0
1291,498,1313,3,0
1292,498,1314,3,0
1291,499,1313,3,0
1292,499,1314,3,0
1292,500,1314,3,0
1281,501,1303,3,0
1292,501,1314,3,0
1281,502,1303,3,0
1292,502,1314,3,0
1278,503,1256,0,3
1281,503,1303,3,0
1292,503,1314,3,0
1295,503,1273,0,3
1278,504,1256,0,3
1281,504,1303,3,0
1292,504,1314,3,0
1295,504,1273,0,3
1276,505,1298,2,0
1278,505,1256,0,3
1281,505,1303,3,0
1292,505,1314,3,0
1295,505,1273,0,3
1297,505,1319,3,0
1298,506,1320,2,0
1300,506,1278,0,3
1303,506,1325,3,0
1314,506,1336,3,0
1315,506,1293,0,3
1317,506,1295,0,3
1318,506,1340,3,0
1300,507,1278,0,3
1303,507,1325,3,0
1314,507,1336,3,0
1315,507,1293,0,3
1317,507,1295,0,3
1300,508,1278,0,3
1303,508,1325,3,0
1314,508,1336,3,0
1315,508,1293,0,3
1303,509,1325,3,0
1314,509,1336,3,0
1315,509,1293,0,3
1303,510,1325,3,0
1314,510,1336,3,0
1303,511,1325,3,0
1314,511,1336,3,0
1303,512,1325,3,0
1304,512,1282,0,3
1314,512,1336,3,0
1303,513,1325,3,0
1304,513,1282,0,3
1312,513,1334,3,0
1314,513,1336,3,0
1303,514,1325,3,0
1304,514,1282,0,3
1306,514,1284,0,3
1312,514,1334,3,0
1314,514,1336,3,0
1303,515,1325,3,0
1304,515,1282,0,3
1306,515,1284,0,3
1310,515,1288,0,3
1312,515,1334,3,0
1314,515,1336,3,0
1303,516,1325,3,0
1304,516,1282,0,3
1306,516,1284,0,3
1310,516,1288,0,3
1312,516,1334,3,0
1314,516,1336,3,0
1303,517,1325,3,0
1304,517,1282,0,3
1306,517,1284,0,3
1310,517,1288,0,3
1312,517,1334,3,0
1314,517,1336,3,0
1303,518,1325,3,0
1304,518,1282,0,3
1306,518,1284,0,3
1310,518,1288,0,3
1312,518,1334,3,0
1314,518,1336,3,0
1303,519,1325,3,0
1304,519,1282,0,3
1312,519,1334,3,0
1314,519,1336,3,0
1303,520,1325,3,0
1304,520,1282,0,3
1312,520,1334,3,0
1314,520,1336,3,0
1303,521,1325,3,0
1314,521,1336,3,0
1314,522,1336,3,0
1303,523,1325,3,0
1314,523,1336,3,0
1315,523,1293,0,3
1303,524,1325,3,0
1314,524,1336,3,0
1315,524,1293,0,3
1300,525,1278,0,3
1303,525,1325,3,0
1314,525,1336,3,0
1315,525,1293,0,3
1317,525,1295,0,3
1300,526,1278,0,3
1303,526,1325,3,0
1314,526,1336,3,0
1315,526,1293,0,3
1317,526,1295,0,3
1318,526,1340,3,0
1298,527,1320,2,0
1300,527,1278,0,3
1303,527,1325,3,0
1314,527,1336,3,0
1315,527,1293,0,3
1317,527,1295,0,3
1318,527,1340,3,0
1319,527,1341,3,0
1320,528,1342,2,0
1325,528,1347,3,0
1336,528,1358,3,0
1337,528,1315,0,3
1339,528,1317,0,3
1340,528,1362,3,0
1325,529,1347,3,0
1336,529,1358,3,0
1337,529,1315,0,3
1339,529,1317,0,3
1325,530,1347,3,0
1336,530,1358,3,0
1337,530,1315,0,3
1325,531,1347,3,0
1336,531,1358,3,0
1337,531,1315,0,3
1325,532,1347,3,0
1336,532,1358,3,0
1325,533,1347,3,0
1325,534,1347,3,0
1326,534,1304,0,3
1335,534,1357,3,0
1336,534,1358,3,0
1325,535,1347,3,0
1326,535,1304,0,3
1334,535,1356,3,0
1335,535,1357,3,0
1336,535,1358,3,0
1325,536,1347,3,0
1326,536,1304,0,3
1328,536,1306,0,3
1334,536,1356,3,0
1335,536,1357,3,0
1336,536,1358,3,0
1325,537,1347,3,0
1326,537,1304,0,3
1328,537,1306,0,3
1332,537,1310,0,3
1334,537,1356,3,0
1335,537,1357,3,0
1336,537,1358,3,0
1325,538,1347,3,0
1326,538,1304,0,3
1328,538,1306,0,3
1332,538,1310,0,3
1334,538,1356,3,0
1335,538,1357,3,0
1336,538,1358,3,0
1325,539,1347,3,0
1326,539,1304,0,3
1328,539,1306,0,3
1332,539,1310,0,3
1334,539,1356,3,0
1335,539,1357,3,0
1336,539,1358,3,0
1325,540,1347,3,0
1326,540,1304,0,3
1328,540,1306,0,3
1332,540,1310,0,3
1334,540,1356,3,0
1335,540,1357,3,0
1336,540,1358,3,0
1325,541,1347,3,0
1326,541,1304,0,3
1334,541,1356,3,0
1335,541,1357,3,0
1336,541,1358,3,0
1325,542,1347,3,0
1326,542,1304,0,3
1334,542,1356,3,0
1335,542,1357,3,0
1336,542,1358,3,0
1335,543,1357,3,0
1336,543,1358,3,0
1336,544,1358,3,0
1325,545,1347,3,0
1336,545,1358,3,0
1337,545,1315,0,3
1325,546,1347,3,0
1336,546,1358,3,0
1337,546,1315,0,3
1325,547,1347,3,0
1336,547,1358,3,0
1337,547,1315,0,3
1339,547,1317,0,3
1325,548,1347,3,0
1336,548,1358,3,0
1337,548,1315,0,3
1339,548,1317,0,3
1340,548,1362,3,0
1320,549,1342,2,0
1325,549,1347,3,0
1336,549,1358,3,0
1337,549,1315,0,3
1339,549,1317,0,3
1340,549,1362,3,0
1341,549,1363,3,0
1342,550,1364,2,0
1344,550,1322,0,3
1347,550,1369,3,0
1358,550,1380,3,0
1359,550,1337,0,3
1361,550,1339,0,3
1344,551,1322,0,3
1347,551,1369,3,0
1358,551,1380,3,0
1359,551,1337,0,3
1361,551,1339,0,3
1344,552,1322,0,3
1347,552,1369,3,0
1358,552,1380,3,0
1359,552,1337,0,3
1347,553,1369,3,0
1358,553,1380,3,0
1359,553,1337,0,3
1347,554,1369,3,0
1358,554,1380,3,0
1347,555,1369,3,0
1358,555,1380,3,0
1347,556,1369,3,0
1348,556,1326,0,3
1358,556,1380,3,0
1347,557,1369,3,0
1348,557,1326,0,3
1356,557,1378,3,0
1358,557,1380,3,0
1347,558,1369,3,0
1348,558,1326,0,3
1356,558,1378,3,0
1358,558,1380,3,0
1347,559,1369,3,0
1348,559,1326,0,3
1354,559,1332,0,3
1356,559,1378,3,0
1358,559,1380,3,0
1347,560,1369,3,0
1348,560,1326,0,3
1354,560,1332,0,3
1356,560,1378,3,0
1358,560,1380,3,0
1347,561,1369,3,0
1348,561,1326,0,3
1354,561,1332,0,3
1356,561,1378,3,0
1358,561,1380,3,0
1347,562,1369,3,0
1348,562,1326,0,3
1354,562,1332,0,3
1356,562,1378,3,0
1358,562,1380,3,0
1347,563,1369,3,0
1348,563,1326,0,3
1356,563,1378,3,0
1358,563,1380,3,0
1347,564,1369,3,0
1348,564,1326,0,3
1356,564,1378,3,0
1358,564,1380,3,0
1347,565,1369,3,0
1358,565,1380,3,0
1358,566,1380,3,0
1347,567,1369,3,0
1358,567,1380,3,0
1359,567,1337,0,3
1347,568,1369,3,0
1358,568,1380,3,0
1359,568,1337,0,3
1344,569,1322,0,3
1347,569,1369,3,0
1358,569,1380,3,0
1359,569,1337,0,3
1361,569,1339,0,3
1344,570,1322,0,3
1347,570,1369,3,0
1358,570,1380,3,0
1359,570,1337,0,3
1361,570,1339,0,3
1342,571,1364,2,0
1344,571,1322,0,3
1347,571,1369,3,0
1358,571,1380,3,0
1359,571,1337,0,3
1361,571,1339,0,3
1363,571,1385,3,0
1364,572,1386,2,0
1366,572,1344,0,3
1369,572,1391,3,0
1380,572,1402,3,0
1381,572,1359,0,3
1383,572,1361,0,3
1366,573,1344,0,3
1369,573,1391,3,0
1380,573,1402,3,0
1381,573,1359,0,3
1383,573,1361,0,3
1366,574,1344,0,3
1369,574,1391,3,0
1380,574,1402,3,0
1381,574,1359,0,3
1369,575,1391,3,0
1380,575,1402,3,0
1381,575,1359,0,3
1369,576,1391,3,0
1380,576,1402,3,0
1369,577,1391,3,0
1369,578,1391,3,0
1370,578,1348,0,3
1380,578,1402,3,0
1369,579,1391,3,0
1370,579,1348,0,3
1380,579,1402,3,0
1369,580,1391,3,0
1370,580,1348,0,3
1372,580,1350,0,3
1380,580,1402,3,0
1369,581,1391,3,0
1370,581,1348,0,3
1372,581,1350,0,3
1376,581,1354,0,3
1380,581,1402,3,0
1369,582,1391,3,0
1370,582,1348,0,3
1372,582,1350,0,3
1376,582,1354,0,3
1380,582,1402,3,0
1369,583,1391,3,0
1370,583,1348,0,3
1372,583,1350,0,3
1376,583,1354,0,3
1380,583,1402,3,0
1369,584,1391,3,0
1370,584,1348,0,3
1372,584,1350,0,3
1376,584,1354,0,3
1380,584,1402,3,0
1369,585,1391,3,0
1370,585,1348,0,3
1380,585,1402,3,0
1369,586,1391,3,0
1370,586,1348,0,3
1380,586,1402,3,0
1380,587,1402,3,0
1380,588,1402,3,0
1369,589,1391,3,0
1380,589,1402,3,0
1381,589,1359,0,3
1369,590,1391,3,0
1380,590,1402,3,0
1381,590,1359,0,3
1366,591,1344,0,3
1369,591,1391,3,0
1380,591,1402,3,0
1381,591,1359,0,3
1383,591,1361,0,3
1366,592,1344,0,3
1369,592,1391,3,0
1380,592,1402,3,0
1381,592,1359,0,3
1383,592,1361,0,3
1364,593,1386,2,0
1366,593,1344,0,3
1369,593,1391,3,0
1380,593,1402,3,0
1381,593,1359,0,3
1383,593,1361,0,3
1385,593,1407,3,0
1388,594,1366,0,3
1391,594,1413,3,0
1402,594,1424,3,0
1403,594,1381,0,3
1405,594,1383,0,3
1388,595,1366,0,3
1391,595,1413,3,0
1402,595,1424,3,0
1403,595,1381,0,3
1405,595,1383,0,3
1388,596,1366,0,3
1391,596,1413,3,0
1402,596,1424,3,0
1403,596,1381,0,3
1391,597,1413,3,0
1402,597,1424,3,0
1403,597,1381,0,3
1391,598,1413,3,0
1402,598,1424,3,0
1391,599,1413,3,0
1402,599,1424,3,0
1391,600,1413,3,0
1392,600,1370,0,3
1401,600,1379,0,3
1402,600,1424,3,0
1391,601,1413,3,0
1392,601,1370,0,3
1401,601,1379,0,3
1402,601,1424,3,0
1391,602,1413,3,0
1392,602,1370,0,3
1394,602,1372,0,3
1401,602,1379,0,3
1402,602,1424,3,0
1391,603,1413,3,0
1392,603,1370,0,3
1394,603,1372,0,3
1398,603,1376,0,3
1401,603,1379,0,3
1402,603,1424,3,0
1391,604,1413,3,0
1392,604,1370,0,3
1394,604,1372,0,3
1398,604,1376,0,3
1401,604,1379,0,3
1402,604,1424,3,0
1391,605,1413,3,0
1392,605,1370,0,3
1394,605,1372,0,3
1398,605,1376,0,3
1401,605,1379,0,3
1402,605,1424,3,0
1391,606,1413,3,0
1392,606,1370,0,3
1394,606,1372,0,3
1398,606,1376,0,3
1401,606,1379,0,3
1402,606,1424,3,0
1391,607,1413,3,0
1392,607,1370,0,3
1401,607,1379,0,3
1402,607,1424,3,0
1391,608,1413,3,0
1392,608,1370,0,3
1401,608,1379,0,3
1402,608,1424,3,0
1391,609,1413,3,0
1401,609,1379,0,3
1402,609,1424,3,0
1402,610,1424,3,0
1391,611,1413,3,0
1402,611,1424,3,0
1403,611,1381,0,3
1391,612,1413,3,0
1402,612,1424,3,0
1403,612,1381,0,3
1388,613,1366,0,3
1391,613,1413,3,0
1402,613,1424,3,0
1403,613,1381,0,3
1405,613,1383,0,3
1388,614,1366,0,3
1391,614,1413,3,0
1402,614,1424,3,0
1403,614,1381,0,3
1405,614,1383,0,3
1388,615,1366,0,3
1391,615,1413,3,0
1402,615,1424,3,0
1403,615,1381,0,3
1405,615,1383,0,3
1407,615,1429,3,0
1413,616,1435,3,0
1424,616,1446,3,0
1427,616,1405,0,3
1413,617,1435,3,0
1424,617,1446,3,0
1427,617,1405,0,3
1413,618,1435,3,0
1424,618,1446,3,0
1413,619,1435,3,0
1424,619,1446,3,0
1413,620,1435,3,0
1424,620,1446,3,0
1413,621,1435,3,0
1413,622,1435,3,0
1414,622,1392,0,3
1424,622,1446,3,0
1413,623,1435,3,0
1414,623,1392,0,3
1424,623,1446,3,0
1413,624,1435,3,0
1414,624,1392,0,3
1416,624,1394,0,3
1424,624,1446,3,0
1413,625,1435,3,0
1414,625,1392,0,3
1416,625,1394,0,3
1424,625,1446,3,0
1413,626,1435,3,0
1414,626,1392,0,3
1416,626,1394,0,3
1419,626,1397,0,3
1424,626,1446,3,0
1413,627,1435,3,0
1414,627,1392,0,3
1416,627,1394,0,3
1419,627,1397,0,3
1424,627,1446,3,0
1413,628,1435,3,0
1414,628,1392,0,3
1416,628,1394,0,3
1424,628,1446,3,0
1413,629,1435,3,0
1414,629,1392,0,3
1424,629,1446,3,0
1413,630,1435,3,0
1414,630,1392,0,3
1424,630,1446,3,0
1424,631,1446,3,0
1424,632,1446,3,0
1413,633,1435,3,0
1424,633,1446,3,0
1413,634,1435,3,0
1424,634,1446,3,0
1413,635,1435,3,0
1424,635,1446,3,0
1427,635,1405,0,3
1413,636,1435,3,0
1424,636,1446,3,0
1427,636,1405,0,3
1413,637,1435,3,0
1424,637,1446,3,0
1427,637,1405,0,3
1429,637,1451,3,0
1446,638,1468,3,0
1447,638,1425,0,3
1449,638,1427,0,3
1450,638,1472,3,0
1446,639,1468,3,0
1447,639,1425,0,3
1449,639,1427,0,3
1446,640,1468,3,0
1447,640,1425,0,3
1446,641,1468,3,0
1447,641,1425,0,3
1446,642,1468,3,0
1446,643,1468,3,0
1436,644,1414,0,3
1446,644,1468,3,0
1436,645,1414,0,3
1446,645,1468,3,0
1436,646,1414,0,3
1438,646,1416,0,3
1446,646,1468,3,0
1436,647,1414,0,3
1438,647,1416,0,3
1442,647,1420,0,3
1446,647,1468,3,0
1436,648,1414,0,3
1438,648,1416,0,3
1441,648,1419,0,3
1442,648,1420,0,3
1446,648,1468,3,0
1436,649,1414,0,3
1438,649,1416,0,3
1441,649,1419,0,3
1442,649,1420,0,3
1446,649,1468,3,0
1436,650,1414,0,3
1438,650,1416,0,3
1442,650,1420,0,3
1446,650,1468,3,0
1436,651,1414,0,3
1446,651,1468,3,0
1436,652,1414,0,3
1446,652,1468,3,0
1446,653,1468,3,0
1446,654,1468,3,0
1446,655,1468,3,0
1447,655,1425,0,3
1446,656,1468,3,0
1447,656,1425,0,3
1446,657,1468,3,0
1447,657,1425,0,3
1449,657,1427,0,3
1446,658,1468,3,0
1447,658,1425,0,3
1449,658,1427,0,3
1450,658,1472,3,0
1446,659,1468,3,0
1447,659,1425,0,3
1449,659,1427,0,3
1450,659,1472,3,0
1451,659,1473,3,0
1452,660,1474,2,0
1455,660,1477,3,0
1469,660,1447,0,3
1471,660,1449,0,3
1472,660,1494,3,0
1455,661,1477,3,0
1469,661,1447,0,3
1471,661,1449,0,3
1455,662,1477,3,0
1469,662,1447,0,3
1455,663,1477,3,0
1469,663,1447,0,3
1458,666,1436,0,3
1458,667,1436,0,3
1458,668,1436,0,3
1460,668,1438,0,3
1458,669,1436,0,3
1460,669,1438,0,3
1464,669,1442,0,3
1458,670,1436,0,3
1460,670,1438,0,3
1463,670,1441,0,3
1464,670,1442,0,3
1458,671,1436,0,3
1460,671,1438,0,3
1463,671,1441,0,3
1464,671,1442,0,3
1458,672,1436,0,3
1460,672,1438,0,3
1464,672,1442,0,3
1458,673,1436,0,3
1458,674,1436,0,3
1469,677,1447,0,3
1455,678,1477,3,0
1469,678,1447,0,3
1455,679,1477,3,0
1469,679,1447,0,3
1471,679,1449,0,3
1455,680,1477,3,0
1469,680,1447,0,3
1471,680,1449,0,3
1472,680,1494,3,0
1452,681,1474,2,0
1455,681,1477,3,0
1469,681,1447,0,3
1471,681,1449,0,3
1472,681,1494,3,0
1473,681,1495,3,0
1474,682,1496,2,0
1491,682,1469,0,3
1493,682,1471,0,3
1491,683,1469,0,3
1493,683,1471,0,3
1491,684,1469,0,3
1491,685,1469,0,3
1480,688,1458,0,3
1480,689,1458,0,3
1480,690,1458,0,3
1482,690,1460,0,3
1480,691,1458,0,3
1482,691,1460,0,3
1486,691,1464,0,3
1480,692,1458,0,3
1482,692,1460,0,3
1485,692,1463,0,3
1486,692,1464,0,3
1480,693,1458,0,3
1482,693,1460,0,3
1485,693,1463,0,3
1486,693,1464,0,3
1480,694,1458,0,3
1482,694,1460,0,3
1486,694,1464,0,3
1480,695,1458,0,3
1480,696,1458,0,3
1491,699,1469,0,3
1491,700,1469,0,3
1491,701,1469,0,3
1493,701,1471,0,3
1491,702,1469,0,3
1493,702,1471,0,3
1474,703,1496,2,0
1491,703,1469,0,3
1493,703,1471,0,3
1495,703,1517,3,0
1513,704,1491,0,3
1514,704,1492,0,3
1513,705,1491,0,3
1514,705,1492,0,3
1513,706,1491,0,3
1514,706,1492,0,3
1513,707,1491,0,3
1502,710,1480,0,3
1502,711,1480,0,3
1502,712,1480,0,3
1504,712,1482,0,3
1502,713,1480,0,3
1504,713,1482,0,3
1502,714,1480,0,3
1504,714,1482,0,3
1507,714,1485,0,3
1502,715,1480,0,3
1504,715,1482,0,3
1507,715,1485,0,3
1502,716,1480,0,3
1504,716,1482,0,3
1502,717,1480,0,3
1502,718,1480,0,3
1513,721,1491,0,3
1513,722,1491,0,3
1514,722,1492,0,3
1513,723,1491,0,3
1514,723,1492,0,3
1513,724,1491,0,3
1514,724,1492,0,3
1513,725,1491,0,3
1514,725,1492,0,3
1517,725,1539,3,0
1518,726,1540,2,0
1523,726,1545,3,0
1536,726,1514,0,3
1537,726,1515,0,3
1523,727,1545,3,0
1536,727,1514,0,3
1537,727,1515,0,3
1523,728,1545,3,0
1536,728,1514,0,3
1523,729,1545,3,0
1523,730,1545,3,0
1523,731,1545,3,0
1523,732,1545,3,0
1524,732,1502,0,3
1523,733,1545,3,0
1524,733,1502,0,3
1523,734,1545,3,0
1524,734,1502,0,3
1523,735,1545,3,0
1524,735,1502,0,3
1530,735,1508,0,3
1523,736,1545,3,0
1524,736,1502,0,3
1529,736,1507,0,3
1530,736,1508,0,3
1523,737,1545,3,0
1524,737,1502,0,3
1529,737,1507,0,3
1530,737,1508,0,3
1523,738,1545,3,0
1524,738,1502,0,3
1530,738,1508,0,3
1523,739,1545,3,0
1524,739,1502,0,3
1523,740,1545,3,0
1524,740,1502,0,3
1523,741,1545,3,0
1523,743,1545,3,0
1523,744,1545,3,0
1536,744,1514,0,3
1523,745,1545,3,0
1536,745,1514,0,3
1537,745,1515,0,3
1523,746,1545,3,0
1536,746,1514,0,3
1537,746,1515,0,3
1518,747,1540,2,0
1523,747,1545,3,0
1536,747,1514,0,3
1537,747,1515,0,3
1539,747,1561,3,0
1540,748,1562,2,0
1541,748,1519,0,3
1543,748,1521,0,3
1545,748,1567,3,0
1558,748,1536,0,3
1559,748,1537,0,3
1541,749,1519,0,3
1543,749,1521,0,3
1545,749,1567,3,0
1558,749,1536,0,3
1559,749,1537,0,3
1543,750,1521,0,3
1545,750,1567,3,0
1558,750,1536,0,3
1543,751,1521,0,3
1545,751,1567,3,0
1545,752,1567,3,0
1545,753,1567,3,0
1545,754,1567,3,0
1545,755,1567,3,0
1545,756,1567,3,0
1545,757,1567,3,0
1545,758,1567,3,0
1551,758,1529,0,3
1545,759,1567,3,0
1551,759,1529,0,3
1545,760,1567,3,0
1545,761,1567,3,0
1545,762,1567,3,0
1545,765,1567,3,0
1543,766,1521,0,3
1545,766,1567,3,0
1558,766,1536,0,3
1543,767,1521,0,3
1545,767,1567,3,0
1558,767,1536,0,3
1559,767,1537,0,3
1541,768,1519,0,3
1543,768,1521,0,3
1545,768,1567,3,0
1558,768,1536,0,3
1559,768,1537,0,3
1540,769,1562,2,0
1541,769,1519,0,3
1543,769,1521,0,3
1545,769,1567,3,0
1558,769,1536,0,3
1559,769,1537,0,3
1561,769,1583,3,0
1562,770,0,2,3
1563,770,1541,0,3
1565,770,1543,0,3
1567,770,5,3,3
1563,771,1541,0,3
1565,771,1543,0,3
1567,771,5,3,3
1565,772,1543,0,3
1567,772,5,3,3
1565,773,1543,0,3
1567,773,5,3,3
1567,774,5,3,3
1567,775,5,3,3
1567,776,5,3,3
1567,777,5,3,3
1576,777,14,3,3
1567,778,5,3,3
1575,778,1553,0,3
1576,778,14,3,3
1567,779,5,3,3
1575,779,1553,0,3
1576,779,14,3,3
1567,780,5,3,3
1573,780,1551,0,3
1575,780,1553,0,3
1576,780,14,3,3
1567,781,5,3,3
1573,781,1551,0,3
1575,781,1553,0,3
1576,781,14,3,3
1567,782,5,3,3
1575,782,1553,0,3
1576,782,14,3,3
1567,783,5,3,3
1575,783,1553,0,3
1576,783,14,3,3
1567,784,5,3,3
1576,784,14,3,3
1567,785,5,3,3
1567,787,5,3,3
1565,788,1543,0,3
1567,788,5,3,3
1565,789,1543,0,3
1567,789,5,3,3
1563,790,1541,0,3
1565,790,1543,0,3
1567,790,5,3,3
1562,791,0,2,3
1563,791,1541,0,3
1565,791,1543,0,3
1567,791,5,3,3
1583,791,21,3,3
0,792,22,1,0
1,792,1563,3,3
2,792,1564,3,3
3,792,1565,3,3
5,792,27,2,0
19,792,1581,3,3
1,793,1563,3,3
2,793,1564,3,3
3,793,1565,3,3
5,793,27,2,0
19,793,1581,3,3
2,794,1564,3,3
3,794,1565,3,3
5,794,27,2,0
3,795,1565,3,3
5,795,27,2,0
5,796,27,2,0
5,797,27,2,0
5,798,27,2,0
6,798,28,2,0
5,799,27,2,0
6,799,28,2,0
14,799,36,2,0
5,800,27,2,0
6,800,28,2,0
14,800,36,2,0
5,801,27,2,0
6,801,28,2,0
12,801,34,2,0
14,801,36,2,0
5,802,27,2,0
6,802,28,2,0
11,802,1573,3,3
12,802,34,2,0
14,802,36,2,0
5,803,27,2,0
6,803,28,2,0
11,803,1573,3,3
12,803,34,2,0
14,803,36,2,0
5,804,27,2,0
6,804,28,2,0
12,804,34,2,0
14,804,36,2,0
5,805,27,2,0
6,805,28,2,0
14,805,36,2,0
5,806,27,2,0
6,806,28,2,0
14,806,36,2,0
5,809,27,2,0
3,810,1565,3,3
5,810,27,2,0
2,811,1564,3,3
3,811,1565,3,3
5,811,27,2,0
19,811,1581,3,3
1,812,1563,3,3
2,812,1564,3,3
3,812,1565,3,3
5,812,27,2,0
19,812,1581,3,3
0,813,22,1,0
1,813,1563,3,3
2,813,1564,3,3
3,813,1565,3,3
5,813,27,2,0
19,813,1581,3,3
21,813,43,2,0
23,814,1,0,2
24,814,2,0,2
25,814,3,0,2
41,814,19,0,2
23,815,1,0,2
24,815,2,0,2
25,815,3,0,2
41,815,19,0,2
24,816,2,0,2
25,816,3,0,2
25,817,3,0,2
28,820,50,3,0
28,821,50,3,0
36,821,58,3,0
28,822,50,3,0
36,822,58,3,0
28,823,50,3,0
34,823,56,3,0
36,823,58,3,0
28,824,50,3,0
33,824,11,0,2
34,824,56,3,0
36,824,58,3,0
28,825,50,3,0
33,825,11,0,2
34,825,56,3,0
36,825,58,3,0
28,826,50,3,0
34,826,56,3,0
36,826,58,3,0
28,827,50,3,0
36,827,58,3,0
28,828,50,3,0
36,828,58,3,0
25,832,3,0,2
24,833,2,0,2
25,833,3,0,2
41,833,19,0,2
23,834,1,0,2
24,834,2,0,2
25,834,3,0,2
41,834,19,0,2
23,835,1,0,2
24,835,2,0,2
25,835,3,0,2
41,835,19,0,2
43,835,65,3,0
45,836,23,0,3
46,836,24,0,3
49,836,27,0,3
62,836,84,3,0
45,837,23,0,3
46,837,24,0,3
49,837,27,0,3
62,837,84,3,0
46,838,24,0,3
49,838,27,0,3
62,838,84,3,0
49,839,27,0,3
49,840,27,0,3
49,841,27,0,3
49,842,27,0,3
50,842,72,3,0
49,843,27,0,3
50,843,72,3,0
58,843,80,3,0
49,844,27,0,3
50,844,72,3,0
57,844,79,3,0
58,844,80,3,0
49,845,27,0,3
50,845,72,3,0
57,845,79,3,0
58,845,80,3,0
49,846,27,0,3
50,846,72,3,0
55,846,33,0,3
57,846,79,3,0
58,846,80,3,0
49,847,27,0,3
50,847,72,3,0
55,847,33,0,3
57,847,79,3,0
58,847,80,3,0
49,848,27,0,3
50,848,72,3,0
57,848,79,3,0
58,848,80,3,0
49,849,27,0,3
50,849,72,3,0
57,849,79,3,0
58,849,80,3,0
49,850,27,0,3
50,850,72,3,0
58,850,80,3,0
49,853,27,0,3
49,854,27,0,3
62,854,84,3,0
46,855,24,0,3
49,855,27,0,3
62,855,84,3,0
45,856,23,0,3
46,856,24,0,3
49,856,27,0,3
62,856,84,3,0
45,857,23,0,3
46,857,24,0,3
49,857,27,0,3
62,857,84,3,0
65,857,87,3,0
66,858,88,2,0
67,858,45,0,3
68,858,46,0,3
71,858,49,0,3
82,858,104,3,0
85,858,107,3,0
67,859,45,0,3
68,859,46,0,3
71,859,49,0,3
82,859,104,3,0
85,859,107,3,0
68,860,46,0,3
71,860,49,0,3
82,860,104,3,0
71,861,49,0,3
82,861,104,3,0
71,862,49,0,3
82,862,104,3,0
71,863,49,0,3
82,863,104,3,0
71,864,49,0,3
82,864,104,3,0
71,865,49,0,3
73,865,51,0,3
80,865,102,3,0
82,865,104,3,0
71,866,49,0,3
73,866,51,0,3
80,866,102,3,0
82,866,104,3,0
71,867,49,0,3
73,867,51,0,3
80,867,102,3,0
82,867,104,3,0
71,868,49,0,3
73,868,51,0,3
76,868,98,3,0
77,868,55,0,3
80,868,102,3,0
82,868,104,3,0
71,869,49,0,3
73,869,51,0,3
77,869,55,0,3
80,869,102,3,0
82,869,104,3,0
71,870,49,0,3
73,870,51,0,3
80,870,102,3,0
82,870,104,3,0
71,871,49,0,3
73,871,51,0,3
80,871,102,3,0
82,871,104,3,0
71,872,49,0,3
80,872,102,3,0
82,872,104,3,0
71,873,49,0,3
82,873,104,3,0
82,874,104,3,0
71,875,49,0,3
82,875,104,3,0
71,876,49,0,3
82,876,104,3,0
68,877,46,0,3
71,877,49,0,3
82,877,104,3,0
85,877,107,3,0
67,878,45,0,3
68,878,46,0,3
71,878,49,0,3
82,878,104,3,0
85,878,107,3,0
66,879,88,2,0
67,879,45,0,3
68,879,46,0,3
71,879,49,0,3
82,879,104,3,0
85,879,107,3,0
88,880,110,2,0
89,880,67,0,3
90,880,68,0,3
93,880,71,0,3
104,880,126,3,0
107,880,129,3,0
89,881,67,0,3
90,881,68,0,3
93,881,71,0,3
104,881,126,3,0
107,881,129,3,0
90,882,68,0,3
93,882,71,0,3
104,882,126,3,0
93,883,71,0,3
104,883,126,3,0
93,884,71,0,3
104,884,126,3,0
93,885,71,0,3
93,886,71,0,3
104,886,126,3,0
93,887,71,0,3
95,887,73,0,3
102,887,124,3,0
104,887,126,3,0
93,888,71,0,3
95,888,73,0,3
96,888,118,3,0
101,888,123,3,0
102,888,124,3,0
104,888,126,3,0
93,889,71,0,3
95,889,73,0,3
96,889,118,3,0
101,889,123,3,0
102,889,124,3,0
104,889,126,3,0
93,890,71,0,3
95,890,73,0,3
96,890,118,3,0
98,890,120,3,0
99,890,77,0,3
101,890,123,3,0
102,890,124,3,0
104,890,126,3,0
93,891,71,0,3
95,891,73,0,3
96,891,118,3,0
99,891,77,0,3
101,891,123,3,0
102,891,124,3,0
104,891,126,3,0
93,892,71,0,3
95,892,73,0,3
96,892,118,3,0
101,892,123,3,0
102,892,124,3,0
104,892,126,3,0
93,893,71,0,3
95,893,73,0,3
101,893,123,3,0
102,893,124,3,0
104,893,126,3,0
93,894,71,0,3
102,894,124,3,0
104,894,126,3,0
104,895,126,3,0
104,896,126,3,0
93,897,71,0,3
104,897,126,3,0
93,898,71,0,3
104,898,126,3,0
90,899,68,0,3
93,899,71,0,3
104,899,126,3,0
107,899,129,3,0
89,900,67,0,3
90,900,68,0,3
93,900,71,0,3
104,900,126,3,0
107,900,129,3,0
88,901,110,2,0
89,901,67,0,3
90,901,68,0,3
93,901,71,0,3
104,901,126,3,0
107,901,129,3,0
110,902,132,2,0
111,902,89,0,3
114,902,92,0,3
126,902,148,3,0
129,902,151,3,0
111,903,89,0,3
114,903,92,0,3
126,903,148,3,0
129,903,151,3,0
114,904,92,0,3
126,904,148,3,0
114,905,92,0,3
126,905,148,3,0
114,906,92,0,3
126,906,148,3,0
126,907,148,3,0
116,908,138,3,0
126,908,148,3,0
116,909,138,3,0
117,909,95,0,3
124,909,146,3,0
126,909,148,3,0
116,910,138,3,0
117,910,95,0,3
118,910,140,3,0
123,910,145,3,0
124,910,146,3,0
126,910,148,3,0
116,911,138,3,0
117,911,95,0,3
118,911,140,3,0
123,911,145,3,0
124,911,146,3,0
126,911,148,3,0
116,912,138,3,0
117,912,95,0,3
118,912,140,3,0
121,912,99,0,3
123,912,145,3,0
124,912,146,3,0
126,912,148,3,0
116,913,138,3,0
117,913,95,0,3
118,913,140,3,0
121,913,99,0,3
123,913,145,3,0
124,913,146,3,0
126,913,148,3,0
116,914,138,3,0
117,914,95,0,3
118,914,140,3,0
123,914,145,3,0
124,914,146,3,0
126,914,148,3,0
116,915,138,3,0
117,915,95,0,3
123,915,145,3,0
124,915,146,3,0
126,915,148,3,0
116,916,138,3,0
124,916,146,3,0
126,916,148,3,0
126,917,148,3,0
126,918,148,3,0
114,919,92,0,3
126,919,148,3,0
114,920,92,0,3
126,920,148,3,0
114,921,92,0,3
126,921,148,3,0
129,921,151,3,0
111,922,89,0,3
114,922,92,0,3
126,922,148,3,0
129,922,151,3,0
110,923,132,2,0
111,923,89,0,3
114,923,92,0,3
126,923,148,3,0
129,923,151,3,0
132,924,154,2,0
136,924,114,0,3
148,924,170,3,0
151,924,173,3,0
136,925,114,0,3
148,925,170,3,0
151,925,173,3,0
136,926,114,0,3
148,926,170,3,0
136,927,114,0,3
148,927,170,3,0
136,928,114,0,3
148,928,170,3,0
138,930,160,3,0
148,930,170,3,0
138,931,160,3,0
139,931,117,0,3
148,931,170,3,0
138,932,160,3,0
139,932,117,0,3
140,932,162,3,0
148,932,170,3,0
138,933,160,3,0
139,933,117,0,3
140,933,162,3,0
148,933,170,3,0
138,934,160,3,0
139,934,117,0,3
140,934,162,3,0
142,934,120,0,3
143,934,121,0,3
148,934,170,3,0
138,935,160,3,0
139,935,117,0,3
140,935,162,3,0
143,935,121,0,3
148,935,170,3,0
138,936,160,3,0
139,936,117,0,3
140,936,162,3,0
148,936,170,3,0
138,937,160,3,0
139,937,117,0,3
148,937,170,3,0
138,938,160,3,0
148,938,170,3,0
148,939,170,3,0
148,940,170,3,0
136,941,114,0,3
148,941,170,3,0
136,942,114,0,3
148,942,170,3,0
136,943,114,0,3
148,943,170,3,0
151,943,173,3,0
136,944,114,0,3
148,944,170,3,0
151,944,173,3,0
132,945,154,2,0
136,945,114,0,3
148,945,170,3,0
151,945,173,3,0
158,946,136,0,3
170,946,192,3,0
172,946,150,0,3
173,946,195,3,0
158,947,136,0,3
170,947,192,3,0
172,947,150,0,3
173,947,195,3,0
158,948,136,0,3
170,948,192,3,0
172,948,150,0,3
158,949,136,0,3
170,949,192,3,0
158,950,136,0,3
170,950,192,3,0
170,951,192,3,0
160,952,182,3,0
170,952,192,3,0
160,953,182,3,0
161,953,139,0,3
170,953,192,3,0
160,954,182,3,0
161,954,139,0,3
162,954,184,3,0
170,954,192,3,0
160,955,182,3,0
161,955,139,0,3
162,955,184,3,0
170,955,192,3,0
160,956,182,3,0
161,956,139,0,3
162,956,184,3,0
164,956,142,0,3
165,956,143,0,3
170,956,192,3,0
160,957,182,3,0
161,957,139,0,3
162,957,184,3,0
165,957,143,0,3
170,957,192,3,0
160,958,182,3,0
161,958,139,0,3
162,958,184,3,0
170,958,192,3,0
160,959,182,3,0
161,959,139,0,3
170,959,192,3,0
160,960,182,3,0
170,960,192,3,0
170,961,192,3,0
170,962,192,3,0
158,963,136,0,3
170,963,192,3,0
158,964,136,0,3
170,964,192,3,0
172,964,150,0,3
158,965,136,0,3
170,965,192,3,0
172,965,150,0,3
173,965,195,3,0
158,966,136,0,3
170,966,192,3,0
172,966,150,0,3
173,966,195,3,0
158,967,136,0,3
170,967,192,3,0
172,967,150,0,3
173,967,195,3,0
180,968,158,0,3
181,968,159,0,3
194,968,172,0,3
195,968,217,3,0
180,969,158,0,3
181,969,159,0,3
194,969,172,0,3
195,969,217,3,0
180,970,158,0,3
181,970,159,0,3
194,970,172,0,3
180,971,158,0,3
181,971,159,0,3
180,972,158,0,3
181,972,159,0,3
181,973,159,0,3
181,974,159,0,3
182,974,204,3,0
191,974,169,0,3
181,975,159,0,3
182,975,204,3,0
183,975,161,0,3
191,975,169,0,3
181,976,159,0,3
182,976,204,3,0
183,976,161,0,3
184,976,206,3,0
191,976,169,0,3
181,977,159,0,3
182,977,204,3,0
183,977,161,0,3
184,977,206,3,0
191,977,169,0,3
181,978,159,0,3
182,978,204,3,0
183,978,161,0,3
184,978,206,3,0
191,978,169,0,3
181,979,159,0,3
182,979,204,3,0
183,979,161,0,3
184,979,206,3,0
191,979,169,0,3
181,980,159,0,3
182,980,204,3,0
183,980,161,0,3
184,980,206,3,0
191,980,169,0,3
181,981,159,0,3
182,981,204,3,0
183,981,161,0,3
191,981,169,0,3
181,982,159,0,3
182,982,204,3,0
191,982,169,0,3
191,983,169,0,3
180,985,158,0,3
181,985,159,0,3
180,986,158,0,3
181,986,159,0,3
194,986,172,0,3
180,987,158,0,3
181,987,159,0,3
194,987,172,0,3
195,987,217,3,0
180,988,158,0,3
181,988,159,0,3
194,988,172,0,3
195,988,217,3,0
180,989,158,0,3
181,989,159,0,3
194,989,172,0,3
195,989,217,3,0
197,989,219,3,0
198,990,176,0,2
200,990,222,3,0
202,990,180,0,3
203,990,181,0,3
216,990,194,0,3
217,990,239,3,0
218,990,196,0,3
200,991,222,3,0
202,991,180,0,3
203,991,181,0,3
216,991,194,0,3
217,991,239,3,0
200,992,222,3,0
202,992,180,0,3
203,992,181,0,3
216,992,194,0,3
202,993,180,0,3
203,993,181,0,3
202,994,180,0,3
203,994,181,0,3
203,995,181,0,3
203,996,181,0,3
204,996,226,3,0
213,996,191,0,3
203,997,181,0,3
204,997,226,3,0
205,997,183,0,3
212,997,190,0,3
213,997,191,0,3
203,998,181,0,3
204,998,226,3,0
205,998,183,0,3
206,998,228,3,0
211,998,189,0,3
212,998,190,0,3
213,998,191,0,3
203,999,181,0,3
204,999,226,3,0
205,999,183,0,3
206,999,228,3,0
207,999,229,3,0
211,999,189,0,3
212,999,190,0,3
213,999,191,0,3
203,1000,181,0,3
204,1000,226,3,0
205,1000,183,0,3
206,1000,228,3,0
207,1000,229,3,0
209,1000,231,3,0
211,1000,189,0,3
212,1000,190,0,3
213,1000,191,0,3
203,1001,181,0,3
204,1001,226,3,0
205,1001,183,0,3
206,1001,228,3,0
207,1001,229,3,0
209,1001,231,3,0
211,1001,189,0,3
212,1001,190,0,3
213,1001,191,0,3
203,1002,181,0,3
204,1002,226,3,0
205,1002,183,0,3
206,1002,228,3,0
211,1002,189,0,3
212,1002,190,0,3
213,1002,191,0,3
203,1003,181,0,3
204,1003,226,3,0
205,1003,183,0,3
211,1003,189,0,3
212,1003,190,0,3
213,1003,191,0,3
203,1004,181,0,3
204,1004,226,3,0
212,1004,190,0,3
213,1004,191,0,3
203,1005,181,0,3
213,1005,191,0,3
202,1007,180,0,3
203,1007,181,0,3
202,1008,180,0,3
203,1008,181,0,3
216,1008,194,0,3
200,1009,222,3,0
202,1009,180,0,3
203,1009,181,0,3
216,1009,194,0,3
217,1009,239,3,0
200,1010,222,3,0
202,1010,180,0,3
203,1010,181,0,3
216,1010,194,0,3
217,1010,239,3,0
218,1010,196,0,3
198,1011,176,0,2
200,1011,222,3,0
202,1011,180,0,3
203,1011,181,0,3
216,1011,194,0,3
217,1011,239,3,0
218,1011,196,0,3
225,1012,203,0,3
238,1012,216,0,3
239,1012,261,3,0
225,1013,203,0,3
238,1013,216,0,3
239,1013,261,3,0
225,1014,203,0,3
238,1014,216,0,3
225,1015,203,0,3
225,1016,203,0,3
225,1017,203,0,3
225,1018,203,0,3
226,1018,248,3,0
225,1019,203,0,3
226,1019,248,3,0
227,1019,205,0,3
234,1019,212,0,3
225,1020,203,0,3
226,1020,248,3,0
227,1020,205,0,3
234,1020,212,0,3
225,1021,203,0,3
226,1021,248,3,0
227,1021,205,0,3
234,1021,212,0,3
225,1022,203,0,3
226,1022,248,3,0
227,1022,205,0,3
234,1022,212,0,3
225,1023,203,0,3
226,1023,248,3,0
227,1023,205,0,3
234,1023,212,0,3
225,1024,203,0,3
226,1024,248,3,0
227,1024,205,0,3
234,1024,212,0,3
225,1025,203,0,3
226,1025,248,3,0
227,1025,205,0,3
234,1025,212,0,3
225,1026,203,0,3
226,1026,248,3,0
234,1026,212,0,3
225,1029,203,0,3
225,1030,203,0,3
238,1030,216,0,3
225,1031,203,0,3
238,1031,216,0,3
239,1031,261,3,0
225,1032,203,0,3
238,1032,216,0,3
239,1032,261,3,0
225,1033,203,0,3
238,1033,216,0,3
239,1033,261,3,0
242,1034,220,0,2
247,1034,225,0,3
260,1034,238,0,3
261,1034,283,3,0
247,1035,225,0,3
260,1035,238,0,3
261,1035,283,3,0
247,1036,225,0,3
260,1036,238,0,3
247,1037,225,0,3
247,1038,225,0,3
247,1039,225,0,3
247,1040,225,0,3
248,1040,270,3,0
247,1041,225,0,3
248,1041,270,3,0
249,1041,227,0,3
256,1041,234,0,3
247,1042,225,0,3
248,1042,270,3,0
249,1042,227,0,3
255,1042,233,0,3
256,1042,234,0,3
247,1043,225,0,3
248,1043,270,3,0
249,1043,227,0,3
255,1043,233,0,3
256,1043,234,0,3
247,1044,225,0,3
248,1044,270,3,0
249,1044,227,0,3
255,1044,233,0,3
256,1044,234,0,3
247,1045,225,0,3
248,1045,270,3,0
249,1045,227,0,3
255,1045,233,0,3
256,1045,234,0,3
247,1046,225,0,3
248,1046,270,3,0
249,1046,227,0,3
255,1046,233,0,3
256,1046,234,0,3
247,1047,225,0,3
248,1047,270,3,0
249,1047,227,0,3
255,1047,233,0,3
256,1047,234,0,3
247,1048,225,0,3
248,1048,270,3,0
256,1048,234,0,3
247,1049,225,0,3
247,1051,225,0,3
247,1052,225,0,3
260,1052,238,0,3
247,1053,225,0,3
260,1053,238,0,3
261,1053,283,3,0
247,1054,225,0,3
260,1054,238,0,3
261,1054,283,3,0
242,1055,220,0,2
247,1055,225,0,3
260,1055,238,0,3
261,1055,283,3,0
266,1056,288,3,0
269,1056,247,0,3
282,1056,260,0,3
283,1056,305,3,0
266,1057,288,3,0
269,1057,247,0,3
282,1057,260,0,3
283,1057,305,3,0
266,1058,288,3,0
269,1058,247,0,3
282,1058,260,0,3
269,1059,247,0,3
269,1060,247,0,3
269,1061,247,0,3
269,1062,247,0,3
270,1062,292,3,0
269,1063,247,0,3
270,1063,292,3,0
271,1063,249,0,3
278,1063,256,0,3
269,1064,247,0,3
270,1064,292,3,0
271,1064,249,0,3
277,1064,255,0,3
278,1064,256,0,3
269,1065,247,0,3
270,1065,292,3,0
271,1065,249,0,3
273,1065,295,3,0
277,1065,255,0,3
278,1065,256,0,3
269,1066,247,0,3
270,1066,292,3,0
271,1066,249,0,3
273,1066,295,3,0
277,1066,255,0,3
278,1066,256,0,3
269,1067,247,0,3
270,1067,292,3,0
271,1067,249,0,3
273,1067,295,3,0
277,1067,255,0,3
278,1067,256,0,3
269,1068,247,0,3
270,1068,292,3,0
271,1068,249,0,3
277,1068,255,0,3
278,1068,256,0,3
269,1069,247,0,3
270,1069,292,3,0
271,1069,249,0,3
277,1069,255,0,3
278,1069,256,0,3
269,1070,247,0,3
270,1070,292,3,0
278,1070,256,0,3
269,1073,247,0,3
269,1074,247,0,3
282,1074,260,0,3
266,1075,288,3,0
269,1075,247,0,3
282,1075,260,0,3
283,1075,305,3,0
266,1076,288,3,0
269,1076,247,0,3
282,1076,260,0,3
283,1076,305,3,0
266,1077,288,3,0
269,1077,247,0,3
282,1077,260,0,3
283,1077,305,3,0
285,1077,263,0,3
288,1078,310,3,0
291,1078,269,0,3
304,1078,282,0,3
305,1078,327,3,0
288,1079,310,3,0
291,1079,269,0,3
304,1079,282,0,3
305,1079,327,3,0
288,1080,310,3,0
291,1080,269,0,3
304,1080,282,0,3
291,1081,269,0,3
291,1082,269,0,3
291,1083,269,0,3
291,1084,269,0,3
292,1084,314,3,0
291,1085,269,0,3
292,1085,314,3,0
293,1085,271,0,3
300,1085,278,0,3
291,1086,269,0,3
292,1086,314,3,0
293,1086,271,0,3
299,1086,277,0,3
300,1086,278,0,3
291,1087,269,0,3
292,1087,314,3,0
293,1087,271,0,3
295,1087,317,3,0
298,1087,320,3,0
299,1087,277,0,3
300,1087,278,0,3
291,1088,269,0,3
292,1088,314,3,0
293,1088,271,0,3
295,1088,317,3,0
298,1088,320,3,0
299,1088,277,0,3
300,1088,278,0,3
291,1089,269,0,3
292,1089,314,3,0
293,1089,271,0,3
295,1089,317,3,0
298,1089,320,3,0
299,1089,277,0,3
300,1089,278,0,3
291,1090,269,0,3
292,1090,314,3,0
293,1090,271,0,3
298,1090,320,3,0
299,1090,277,0,3
300,1090,278,0,3
291,1091,269,0,3
292,1091,314,3,0
293,1091,271,0,3
299,1091,277,0,3
300,1091,278,0,3
291,1092,269,0,3
292,1092,314,3,0
300,1092,278,0,3
291,1093,269,0,3
291,1095,269,0,3
291,1096,269,0,3
304,1096,282,0,3
288,1097,310,3,0
291,1097,269,0,3
304,1097,282,0,3
305,1097,327,3,0
288,1098,310,3,0
291,1098,269,0,3
304,1098,282,0,3
305,1098,327,3,0
288,1099,310,3,0
291,1099,269,0,3
304,1099,282,0,3
305,1099,327,3,0
307,1099,285,0,3
310,1100,332,3,0
313,1100,291,0,3
327,1100,349,3,0
328,1100,306,0,3
310,1101,332,3,0
313,1101,291,0,3
327,1101,349,3,0
310,1102,332,3,0
313,1102,291,0,3
313,1103,291,0,3
313,1104,291,0,3
313,1105,291,0,3
313,1106,291,0,3
314,1106,336,3,0
313,1107,291,0,3
314,1107,336,3,0
315,1107,293,0,3
322,1107,300,0,3
313,1108,291,0,3
314,1108,336,3,0
315,1108,293,0,3
316,1108,338,3,0
321,1108,299,0,3
322,1108,300,0,3
313,1109,291,0,3
314,1109,336,3,0
315,1109,293,0,3
316,1109,338,3,0
320,1109,342,3,0
321,1109,299,0,3
322,1109,300,0,3
313,1110,291,0,3
314,1110,336,3,0
315,1110,293,0,3
316,1110,338,3,0
320,1110,342,3,0
321,1110,299,0,3
322,1110,300,0,3
313,1111,291,0,3
314,1111,336,3,0
315,1111,293,0,3
316,1111,338,3,0
320,1111,342,3,0
321,1111,299,0,3
322,1111,300,0,3
313,1112,291,0,3
314,1112,336,3,0
315,1112,293,0,3
316,1112,338,3,0
320,1112,342,3,0
321,1112,299,0,3
322,1112,300,0,3
313,1113,291,0,3
314,1113,336,3,0
315,1113,293,0,3
321,1113,299,0,3
322,1113,300,0,3
313,1114,291,0,3
314,1114,336,3,0
322,1114,300,0,3
313,1117,291,0,3
313,1118,291,0,3
310,1119,332,3,0
313,1119,291,0,3
327,1119,349,3,0
310,1120,332,3,0
313,1120,291,0,3
327,1120,349,3,0
328,1120,306,0,3
310,1121,332,3,0
313,1121,291,0,3
327,1121,349,3,0
328,1121,306,0,3
329,1121,307,0,3
332,1122,354,3,0
335,1122,313,0,3
346,1122,324,0,3
349,1122,371,3,0
350,1122,328,0,3
332,1123,354,3,0
335,1123,313,0,3
346,1123,324,0,3
349,1123,371,3,0
332,1124,354,3,0
335,1124,313,0,3
346,1124,324,0,3
335,1125,313,0,3
346,1125,324,0,3
335,1126,313,0,3
346,1126,324,0,3
335,1127,313,0,3
346,1127,324,0,3
335,1128,313,0,3
336,1128,358,3,0
346,1128,324,0,3
335,1129,313,0,3
336,1129,358,3,0
337,1129,315,0,3
344,1129,322,0,3
346,1129,324,0,3
335,1130,313,0,3
336,1130,358,3,0
337,1130,315,0,3
338,1130,360,3,0
343,1130,321,0,3
344,1130,322,0,3
346,1130,324,0,3
335,1131,313,0,3
336,1131,358,3,0
337,1131,315,0,3
338,1131,360,3,0
342,1131,364,3,0
343,1131,321,0,3
344,1131,322,0,3
346,1131,324,0,3
335,1132,313,0,3
336,1132,358,3,0
337,1132,315,0,3
338,1132,360,3,0
342,1132,364,3,0
343,1132,321,0,3
344,1132,322,0,3
346,1132,324,0,3
335,1133,313,0,3
336,1133,358,3,0
337,1133,315,0,3
338,1133,360,3,0
342,1133,364,3,0
343,1133,321,0,3
344,1133,322,0,3
346,1133,324,0,3
335,1134,313,0,3
336,1134,358,3,0
337,1134,315,0,3
338,1134,360,3,0
342,1134,364,3,0
343,1134,321,0,3
344,1134,322,0,3
346,1134,324,0,3
335,1135,313,0,3
336,1135,358,3,0
337,1135,315,0,3
343,1135,321,0,3
344,1135,322,0,3
346,1135,324,0,3
335,1136,313,0,3
336,1136,358,3,0
344,1136,322,0,3
346,1136,324,0,3
335,1137,313,0,3
346,1137,324,0,3
346,1138,324,0,3
335,1139,313,0,3
346,1139,324,0,3
335,1140,313,0,3
346,1140,324,0,3
332,1141,354,3,0
335,1141,313,0,3
346,1141,324,0,3
349,1141,371,3,0
332,1142,354,3,0
335,1142,313,0,3
346,1142,324,0,3
349,1142,371,3,0
350,1142,328,0,3
332,1143,354,3,0
335,1143,313,0,3
346,1143,324,0,3
349,1143,371,3,0
350,1143,328,0,3
351,1143,329,0,3
352,1144,330,0,2
354,1144,376,3,0
368,1144,346,0,3
369,1144,391,3,0
371,1144,393,3,0
354,1145,376,3,0
368,1145,346,0,3
369,1145,391,3,0
371,1145,393,3,0
354,1146,376,3,0
368,1146,346,0,3
369,1146,391,3,0
368,1147,346,0,3
369,1147,391,3,0
368,1148,346,0,3
358,1150,380,3,0
368,1150,346,0,3
358,1151,380,3,0
366,1151,344,0,3
368,1151,346,0,3
358,1152,380,3,0
360,1152,382,3,0
365,1152,343,0,3
366,1152,344,0,3
368,1152,346,0,3
358,1153,380,3,0
360,1153,382,3,0
364,1153,386,3,0
365,1153,343,0,3
366,1153,344,0,3
368,1153,346,0,3
358,1154,380,3,0
360,1154,382,3,0
364,1154,386,3,0
365,1154,343,0,3
366,1154,344,0,3
368,1154,346,0,3
358,1155,380,3,0
360,1155,382,3,0
364,1155,386,3,0
365,1155,343,0,3
366,1155,344,0,3
368,1155,346,0,3
358,1156,380,3,0
360,1156,382,3,0
364,1156,386,3,0
365,1156,343,0,3
366,1156,344,0,3
368,1156,346,0,3
358,1157,380,3,0
365,1157,343,0,3
366,1157,344,0,3
368,1157,346,0,3
358,1158,380,3,0
366,1158,344,0,3
368,1158,346,0,3
368,1159,346,0,3
368,1160,346,0,3
368,1161,346,0,3
369,1161,391,3,0
368,1162,346,0,3
369,1162,391,3,0
354,1163,376,3,0
368,1163,346,0,3
369,1163,391,3,0
371,1163,393,3,0
354,1164,376,3,0
368,1164,346,0,3
369,1164,391,3,0
371,1164,393,3,0
352,1165,330,0,2
354,1165,376,3,0
368,1165,346,0,3
369,1165,391,3,0
371,1165,393,3,0
373,1165,351,0,3
374,1166,352,0,2
390,1166,368,0,3
393,1166,415,3,0
390,1167,368,0,3
393,1167,415,3,0
390,1168,368,0,3
390,1169,368,0,3
390,1170,368,0,3
390,1171,368,0,3
380,1172,402,3,0
390,1172,368,0,3
380,1173,402,3,0
388,1173,366,0,3
390,1173,368,0,3
380,1174,402,3,0
382,1174,404,3,0
387,1174,365,0,3
388,1174,366,0,3
390,1174,368,0,3
380,1175,402,3,0
382,1175,404,3,0
386,1175,408,3,0
387,1175,365,0,3
388,1175,366,0,3
390,1175,368,0,3
380,1176,402,3,0
382,1176,404,3,0
386,1176,408,3,0
387,1176,365,0,3
388,1176,366,0,3
390,1176,368,0,3
380,1177,402,3,0
382,1177,404,3,0
386,1177,408,3,0
387,1177,365,0,3
388,1177,366,0,3
390,1177,368,0,3
380,1178,402,3,0
382,1178,404,3,0
386,1178,408,3,0
387,1178,365,0,3
388,1178,366,0,3
390,1178,368,0,3
380,1179,402,3,0
387,1179,365,0,3
388,1179,366,0,3
390,1179,368,0,3
380,1180,402,3,0
388,1180,366,0,3
390,1180,368,0,3
390,1181,368,0,3
390,1182,368,0,3
390,1183,368,0,3
390,1184,368,0,3
390,1185,368,0,3
393,1185,415,3,0
390,1186,368,0,3
393,1186,415,3,0
374,1187,352,0,2
390,1187,368,0,3
393,1187,415,3,0
395,1187,373,0,3
396,1188,374,0,2
401,1188,379,0,3
412,1188,390,0,3
415,1188,437,3,0
401,1189,379,0,3
412,1189,390,0,3
415,1189,437,3,0
401,1190,379,0,3
412,1190,390,0,3
401,1191,379,0,3
412,1191,390,0,3
401,1192,379,0,3
412,1192,390,0,3
401,1193,379,0,3
401,1194,379,0,3
402,1194,424,3,0
412,1194,390,0,3
401,1195,379,0,3
402,1195,424,3,0
410,1195,388,0,3
412,1195,390,0,3
401,1196,379,0,3
402,1196,424,3,0
404,1196,426,3,0
409,1196,387,0,3
410,1196,388,0,3
412,1196,390,0,3
401,1197,379,0,3
402,1197,424,3,0
404,1197,426,3,0
408,1197,430,3,0
409,1197,387,0,3
410,1197,388,0,3
412,1197,390,0,3
401,1198,379,0,3
402,1198,424,3,0
404,1198,426,3,0
408,1198,430,3,0
409,1198,387,0,3
410,1198,388,0,3
412,1198,390,0,3
401,1199,379,0,3
402,1199,424,3,0
404,1199,426,3,0
408,1199,430,3,0
409,1199,387,0,3
410,1199,388,0,3
412,1199,390,0,3
401,1200,379,0,3
402,1200,424,3,0
404,1200,426,3,0
408,1200,430,3,0
409,1200,387,0,3
410,1200,388,0,3
412,1200,390,0,3
401,1201,379,0,3
402,1201,424,3,0
409,1201,387,0,3
410,1201,388,0,3
412,1201,390,0,3
401,1202,379,0,3
402,1202,424,3,0
410,1202,388,0,3
412,1202,390,0,3
412,1203,390,0,3
412,1204,390,0,3
401,1205,379,0,3
412,1205,390,0,3
401,1206,379,0,3
412,1206,390,0,3
401,1207,379,0,3
412,1207,390,0,3
415,1207,437,3,0
401,1208,379,0,3
412,1208,390,0,3
415,1208,437,3,0
396,1209,374,0,2
401,1209,379,0,3
412,1209,390,0,3
415,1209,437,3,0
417,1209,395,0,3
418,1210,396,0,2
423,1210,401,0,3
434,1210,412,0,3
437,1210,459,3,0
423,1211,401,0,3
434,1211,412,0,3
437,1211,459,3,0
423,1212,401,0,3
434,1212,412,0,3
423,1213,401,0,3
434,1213,412,0,3
423,1214,401,0,3
434,1214,412,0,3
423,1215,401,0,3
434,1215,412,0,3
423,1216,401,0,3
424,1216,446,3,0
434,1216,412,0,3
423,1217,401,0,3
424,1217,446,3,0
432,1217,410,0,3
434,1217,412,0,3
423,1218,401,0,3
424,1218,446,3,0
426,1218,448,3,0
431,1218,409,0,3
432,1218,410,0,3
434,1218,412,0,3
423,1219,401,0,3
424,1219,446,3,0
426,1219,448,3,0
430,1219,452,3,0
431,1219,409,0,3
432,1219,410,0,3
434,1219,412,0,3
423,1220,401,0,3
424,1220,446,3,0
426,1220,448,3,0
430,1220,452,3,0
431,1220,409,0,3
432,1220,410,0,3
434,1220,412,0,3
423,1221,401,0,3
424,1221,446,3,0
426,1221,448,3,0
430,1221,452,3,0
431,1221,409,0,3
432,1221,410,0,3
434,1221,412,0,3
423,1222,401,0,3
424,1222,446,3,0
426,1222,448,3,0
430,1222,452,3,0
431,1222,409,0,3
432,1222,410,0,3
434,1222,412,0,3
423,1223,401,0,3
424,1223,446,3,0
431,1223,409,0,3
432,1223,410,0,3
434,1223,412,0,3
423,1224,401,0,3
424,1224,446,3,0
432,1224,410,0,3
434,1224,412,0,3
423,1225,401,0,3
434,1225,412,0,3
434,1226,412,0,3
423,1227,401,0,3
434,1227,412,0,3
423,1228,401,0,3
434,1228,412,0,3
423,1229,401,0,3
434,1229,412,0,3
437,1229,459,3,0
423,1230,401,0,3
434,1230,412,0,3
437,1230,459,3,0
418,1231,396,0,2
423,1231,401,0,3
434,1231,412,0,3
437,1231,459,3,0
439,1231,417,0,3
440,1232,418,0,2
445,1232,423,0,3
456,1232,434,0,3
459,1232,481,3,0
445,1233,423,0,3
456,1233,434,0,3
459,1233,481,3,0
445,1234,423,0,3
456,1234,434,0,3
445,1235,423,0,3
456,1235,434,0,3
445,1236,423,0,3
456,1236,434,0,3
445,1237,423,0,3
445,1238,423,0,3
446,1238,468,3,0
456,1238,434,0,3
445,1239,423,0,3
446,1239,468,3,0
454,1239,432,0,3
456,1239,434,0,3
445,1240,423,0,3
446,1240,468,3,0
448,1240,470,3,0
453,1240,431,0,3
454,1240,432,0,3
456,1240,434,0,3
445,1241,423,0,3
446,1241,468,3,0
448,1241,470,3,0
452,1241,474,3,0
453,1241,431,0,3
454,1241,432,0,3
456,1241,434,0,3
445,1242,423,0,3
446,1242,468,3,0
448,1242,470,3,0
452,1242,474,3,0
453,1242,431,0,3
454,1242,432,0,3
456,1242,434,0,3
445,1243,423,0,3
446,1243,468,3,0
448,1243,470,3,0
452,1243,474,3,0
453,1243,431,0,3
454,1243,432,0,3
456,1243,434,0,3
445,1244,423,0,3
446,1244,468,3,0
448,1244,470,3,0
452,1244,474,3,0
453,1244,431,0,3
454,1244,432,0,3
456,1244,434,0,3
445,1245,423,0,3
446,1245,468,3,0
453,1245,431,0,3
454,1245,432,0,3
456,1245,434,0,3
445,1246,423,0,3
446,1246,468,3,0
454,1246,432,0,3
456,1246,434,0,3
456,1247,434,0,3
456,1248,434,0,3
445,1249,423,0,3
456,1249,434,0,3
445,1250,423,0,3
456,1250,434,0,3
445,1251,423,0,3
456,1251,434,0,3
459,1251,481,3,0
445,1252,423,0,3
456,1252,434,0,3
459,1252,481,3,0
440,1253,418,0,2
445,1253,423,0,3
456,1253,434,0,3
459,1253,481,3,0
461,1253,439,0,3
462,1254,440,0,2
464,1254,486,3,0
467,1254,445,0,3
478,1254,456,0,3
481,1254,503,3,0
464,1255,486,3,0
467,1255,445,0,3
478,1255,456,0,3
481,1255,503,3,0
464,1256,486,3,0
467,1256,445,0,3
478,1256,456,0,3
467,1257,445,0,3
478,1257,456,0,3
467,1258,445,0,3
478,1258,456,0,3
467,1259,445,0,3
478,1259,456,0,3
467,1260,445,0,3
468,1260,490,3,0
477,1260,455,0,3
478,1260,456,0,3
467,1261,445,0,3
468,1261,490,3,0
476,1261,454,0,3
477,1261,455,0,3
478,1261,456,0,3
467,1262,445,0,3
468,1262,490,3,0
470,1262,492,3,0
475,1262,453,0,3
476,1262,454,0,3
477,1262,455,0,3
478,1262,456,0,3
467,1263,445,0,3
468,1263,490,3,0
470,1263,492,3,0
474,1263,496,3,0
475,1263,453,0,3
476,1263,454,0,3
477,1263,455,0,3
478,1263,456,0,3
467,1264,445,0,3
468,1264,490,3,0
470,1264,492,3,0
474,1264,496,3,0
475,1264,453,0,3
476,1264,454,0,3
477,1264,455,0,3
478,1264,456,0,3
467,1265,445,0,3
468,1265,490,3,0
470,1265,492,3,0
474,1265,496,3,0
475,1265,453,0,3
476,1265,454,0,3
477,1265,455,0,3
478,1265,456,0,3
467,1266,445,0,3
468,1266,490,3,0
470,1266,492,3,0
474,1266,496,3,0
475,1266,453,0,3
476,1266,454,0,3
477,1266,455,0,3
478,1266,456,0,3
467,1267,445,0,3
468,1267,490,3,0
475,1267,453,0,3
476,1267,454,0,3
477,1267,455,0,3
478,1267,456,0,3
467,1268,445,0,3
468,1268,490,3,0
476,1268,454,0,3
477,1268,455,0,3
478,1268,456,0,3
467,1269,445,0,3
477,1269,455,0,3
478,1269,456,0,3
478,1270,456,0,3
467,1271,445,0,3
478,1271,456,0,3
467,1272,445,0,3
478,1272,456,0,3
464,1273,486,3,0
467,1273,445,0,3
478,1273,456,0,3
481,1273,503,3,0
464,1274,486,3,0
467,1274,445,0,3
478,1274,456,0,3
481,1274,503,3,0
462,1275,440,0,2
464,1275,486,3,0
467,1275,445,0,3
478,1275,456,0,3
481,1275,503,3,0
483,1275,461,0,3
484,1276,462,0,2
486,1276,508,3,0
489,1276,467,0,3
500,1276,478,0,3
503,1276,525,3,0
486,1277,508,3,0
489,1277,467,0,3
500,1277,478,0,3
503,1277,525,3,0
486,1278,508,3,0
489,1278,467,0,3
500,1278,478,0,3
489,1279,467,0,3
500,1279,478,0,3
489,1280,467,0,3
500,1280,478,0,3
489,1281,467,0,3
489,1282,467,0,3
490,1282,512,3,0
499,1282,477,0,3
500,1282,478,0,3
489,1283,467,0,3
490,1283,512,3,0
498,1283,476,0,3
499,1283,477,0,3
500,1283,478,0,3
489,1284,467,0,3
490,1284,512,3,0
492,1284,514,3,0
498,1284,476,0,3
499,1284,477,0,3
500,1284,478,0,3
489,1285,467,0,3
490,1285,512,3,0
492,1285,514,3,0
496,1285,518,3,0
498,1285,476,0,3
499,1285,477,0,3
500,1285,478,0,3
489,1286,467,0,3
490,1286,512,3,0
492,1286,514,3,0
496,1286,518,3,0
498,1286,476,0,3
499,1286,477,0,3
500,1286,478,0,3
489,1287,467,0,3
490,1287,512,3,0
492,1287,514,3,0
496,1287,518,3,0
498,1287,476,0,3
499,1287,477,0,3
500,1287,478,0,3
489,1288,467,0,3
490,1288,512,3,0
492,1288,514,3,0
496,1288,518,3,0
498,1288,476,0,3
499,1288,477,0,3
500,1288,478,0,3
489,1289,467,0,3
490,1289,512,3,0
498,1289,476,0,3
499,1289,477,0,3
500,1289,478,0,3
489,1290,467,0,3
490,1290,512,3,0
498,1290,476,0,3
499,1290,477,0,3
500,1290,478,0,3
499,1291,477,0,3
500,1291,478,0,3
500,1292,478,0,3
489,1293,467,0,3
500,1293,478,0,3
489,1294,467,0,3
500,1294,478,0,3
486,1295,508,3,0
489,1295,467,0,3
500,1295,478,0,3
503,1295,525,3,0
486,1296,508,3,0
489,1296,467,0,3
500,1296,478,0,3
503,1296,525,3,0
484,1297,462,0,2
486,1297,508,3,0
489,1297,467,0,3
500,1297,478,0,3
503,1297,525,3,0
505,1297,483,0,3
506,1298,484,0,2
508,1298,530,3,0
511,1298,489,0,3
522,1298,500,0,3
523,1298,545,3,0
525,1298,547,3,0
526,1298,504,0,3
508,1299,530,3,0
511,1299,489,0,3
522,1299,500,0,3
523,1299,545,3,0
525,1299,547,3,0
508,1300,530,3,0
511,1300,489,0,3
522,1300,500,0,3
523,1300,545,3,0
511,1301,489,0,3
522,1301,500,0,3
523,1301,545,3,0
511,1302,489,0,3
522,1302,500,0,3
511,1303,489,0,3
522,1303,500,0,3
511,1304,489,0,3
512,1304,534,3,0
522,1304,500,0,3
511,1305,489,0,3
512,1305,534,3,0
520,1305,498,0,3
522,1305,500,0,3
511,1306,489,0,3
512,1306,534,3,0
514,1306,536,3,0
520,1306,498,0,3
522,1306,500,0,3
511,1307,489,0,3
512,1307,534,3,0
514,1307,536,3,0
518,1307,540,3,0
520,1307,498,0,3
522,1307,500,0,3
511,1308,489,0,3
512,1308,534,3,0
514,1308,536,3,0
518,1308,540,3,0
520,1308,498,0,3
522,1308,500,0,3
511,1309,489,0,3
512,1309,534,3,0
514,1309,536,3,0
518,1309,540,3,0
520,1309,498,0,3
522,1309,500,0,3
511,1310,489,0,3
512,1310,534,3,0
514,1310,536,3,0
518,1310,540,3,0
520,1310,498,0,3
522,1310,500,0,3
511,1311,489,0,3
512,1311,534,3,0
520,1311,498,0,3
522,1311,500,0,3
511,1312,489,0,3
512,1312,534,3,0
520,1312,498,0,3
522,1312,500,0,3
511,1313,489,0,3
522,1313,500,0,3
522,1314,500,0,3
511,1315,489,0,3
522,1315,500,0,3
523,1315,545,3,0
511,1316,489,0,3
522,1316,500,0,3
523,1316,545,3,0
508,1317,530,3,0
511,1317,489,0,3
522,1317,500,0,3
523,1317,545,3,0
525,1317,547,3,0
508,1318,530,3,0
511,1318,489,0,3
522,1318,500,0,3
523,1318,545,3,0
525,1318,547,3,0
526,1318,504,0,3
506,1319,484,0,2
508,1319,530,3,0
511,1319,489,0,3
522,1319,500,0,3
523,1319,545,3,0
525,1319,547,3,0
526,1319,504,0,3
527,1319,505,0,3
528,1320,506,0,2
533,1320,511,0,3
544,1320,522,0,3
545,1320,567,3,0
547,1320,569,3,0
548,1320,526,0,3
533,1321,511,0,3
544,1321,522,0,3
545,1321,567,3,0
547,1321,569,3,0
533,1322,511,0,3
544,1322,522,0,3
545,1322,567,3,0
533,1323,511,0,3
544,1323,522,0,3
545,1323,567,3,0
533,1324,511,0,3
544,1324,522,0,3
533,1325,511,0,3
533,1326,511,0,3
534,1326,556,3,0
543,1326,521,0,3
544,1326,522,0,3
533,1327,511,0,3
534,1327,556,3,0
542,1327,520,0,3
543,1327,521,0,3
544,1327,522,0,3
533,1328,511,0,3
534,1328,556,3,0
536,1328,558,3,0
542,1328,520,0,3
543,1328,521,0,3
544,1328,522,0,3
533,1329,511,0,3
534,1329,556,3,0
536,1329,558,3,0
540,1329,562,3,0
542,1329,520,0,3
543,1329,521,0,3
544,1329,522,0,3
533,1330,511,0,3
534,1330,556,3,0
536,1330,558,3,0
540,1330,562,3,0
542,1330,520,0,3
543,1330,521,0,3
544,1330,522,0,3
533,1331,511,0,3
534,1331,556,3,0
536,1331,558,3,0
540,1331,562,3,0
542,1331,520,0,3
543,1331,521,0,3
544,1331,522,0,3
533,1332,511,0,3
534,1332,556,3,0
536,1332,558,3,0
540,1332,562,3,0
542,1332,520,0,3
543,1332,521,0,3
544,1332,522,0,3
533,1333,511,0,3
534,1333,556,3,0
542,1333,520,0,3
543,1333,521,0,3
544,1333,522,0,3
533,1334,511,0,3
534,1334,556,3,0
542,1334,520,0,3
543,1334,521,0,3
544,1334,522,0,3
543,1335,521,0,3
544,1335,522,0,3
544,1336,522,0,3
533,1337,511,0,3
544,1337,522,0,3
545,1337,567,3,0
533,1338,511,0,3
544,1338,522,0,3
545,1338,567,3,0
533,1339,511,0,3
544,1339,522,0,3
545,1339,567,3,0
547,1339,569,3,0
533,1340,511,0,3
544,1340,522,0,3
545,1340,567,3,0
547,1340,569,3,0
548,1340,526,0,3
528,1341,506,0,2
533,1341,511,0,3
544,1341,522,0,3
545,1341,567,3,0
547,1341,569,3,0
548,1341,526,0,3
549,1341,527,0,3
550,1342,528,0,2
552,1342,574,3,0
555,1342,533,0,3
566,1342,544,0,3
567,1342,589,3,0
569,1342,591,3,0
552,1343,574,3,0
555,1343,533,0,3
566,1343,544,0,3
567,1343,589,3,0
569,1343,591,3,0
552,1344,574,3,0
555,1344,533,0,3
566,1344,544,0,3
567,1344,589,3,0
555,1345,533,0,3
566,1345,544,0,3
567,1345,589,3,0
555,1346,533,0,3
566,1346,544,0,3
555,1347,533,0,3
566,1347,544,0,3
555,1348,533,0,3
556,1348,578,3,0
566,1348,544,0,3
555,1349,533,0,3
556,1349,578,3,0
564,1349,542,0,3
566,1349,544,0,3
555,1350,533,0,3
556,1350,578,3,0
564,1350,542,0,3
566,1350,544,0,3
555,1351,533,0,3
556,1351,578,3,0
562,1351,584,3,0
564,1351,542,0,3
566,1351,544,0,3
555,1352,533,0,3
556,1352,578,3,0
562,1352,584,3,0
564,1352,542,0,3
566,1352,544,0,3
555,1353,533,0,3
556,1353,578,3,0
562,1353,584,3,0
564,1353,542,0,3
566,1353,544,0,3
555,1354,533,0,3
556,1354,578,3,0
562,1354,584,3,0
564,1354,542,0,3
566,1354,544,0,3
555,1355,533,0,3
556,1355,578,3,0
564,1355,542,0,3
566,1355,544,0,3
555,1356,533,0,3
556,1356,578,3,0
564,1356,542,0,3
566,1356,544,0,3
555,1357,533,0,3
566,1357,544,0,3
566,1358,544,0,3
555,1359,533,0,3
566,1359,544,0,3
567,1359,589,3,0
555,1360,533,0,3
566,1360,544,0,3
567,1360,589,3,0
552,1361,574,3,0
555,1361,533,0,3
566,1361,544,0,3
567,1361,589,3,0
569,1361,591,3,0
552,1362,574,3,0
555,1362,533,0,3
566,1362,544,0,3
567,1362,589,3,0
569,1362,591,3,0
550,1363,528,0,2
552,1363,574,3,0
555,1363,533,0,3
566,1363,544,0,3
567,1363,589,3,0
569,1363,591,3,0
571,1363,549,0,3
572,1364,550,0,2
574,1364,596,3,0
577,1364,555,0,3
588,1364,566,0,3
589,1364,611,3,0
591,1364,613,3,0
574,1365,596,3,0
577,1365,555,0,3
588,1365,566,0,3
589,1365,611,3,0
591,1365,613,3,0
574,1366,596,3,0
577,1366,555,0,3
588,1366,566,0,3
589,1366,611,3,0
577,1367,555,0,3
588,1367,566,0,3
589,1367,611,3,0
577,1368,555,0,3
588,1368,566,0,3
577,1369,555,0,3
577,1370,555,0,3
578,1370,600,3,0
588,1370,566,0,3
577,1371,555,0,3
578,1371,600,3,0
588,1371,566,0,3
577,1372,555,0,3
578,1372,600,3,0
580,1372,602,3,0
588,1372,566,0,3
577,1373,555,0,3
578,1373,600,3,0
580,1373,602,3,0
584,1373,606,3,0
588,1373,566,0,3
577,1374,555,0,3
578,1374,600,3,0
580,1374,602,3,0
584,1374,606,3,0
588,1374,566,0,3
577,1375,555,0,3
578,1375,600,3,0
580,1375,602,3,0
584,1375,606,3,0
588,1375,566,0,3
577,1376,555,0,3
578,1376,600,3,0
580,1376,602,3,0
584,1376,606,3,0
588,1376,566,0,3
577,1377,555,0,3
578,1377,600,3,0
588,1377,566,0,3
577,1378,555,0,3
578,1378,600,3,0
588,1378,566,0,3
588,1379,566,0,3
588,1380,566,0,3
577,1381,555,0,3
588,1381,566,0,3
589,1381,611,3,0
577,1382,555,0,3
588,1382,566,0,3
589,1382,611,3,0
574,1383,596,3,0
577,1383,555,0,3
588,1383,566,0,3
589,1383,611,3,0
591,1383,613,3,0
574,1384,596,3,0
577,1384,555,0,3
588,1384,566,0,3
589,1384,611,3,0
591,1384,613,3,0
572,1385,550,0,2
574,1385,596,3,0
577,1385,555,0,3
588,1385,566,0,3
589,1385,611,3,0
591,1385,613,3,0
593,1385,571,0,3
596,1386,618,3,0
599,1386,577,0,3
610,1386,588,0,3
611,1386,633,3,0
613,1386,635,3,0
596,1387,618,3,0
599,1387,577,0,3
610,1387,588,0,3
611,1387,633,3,0
613,1387,635,3,0
596,1388,618,3,0
599,1388,577,0,3
610,1388,588,0,3
611,1388,633,3,0
599,1389,577,0,3
610,1389,588,0,3
611,1389,633,3,0
599,1390,577,0,3
610,1390,588,0,3
599,1391,577,0,3
610,1391,588,0,3
599,1392,577,0,3
600,1392,622,3,0
609,1392,631,3,0
610,1392,588,0,3
599,1393,577,0,3
600,1393,622,3,0
609,1393,631,3,0
610,1393,588,0,3
599,1394,577,0,3
600,1394,622,3,0
602,1394,624,3,0
609,1394,631,3,0
610,1394,588,0,3
599,1395,577,0,3
600,1395,622,3,0
602,1395,624,3,0
606,1395,628,3,0
609,1395,631,3,0
610,1395,588,0,3
599,1396,577,0,3
600,1396,622,3,0
602,1396,624,3,0
606,1396,628,3,0
609,1396,631,3,0
610,1396,588,0,3
599,1397,577,0,3
600,1397,622,3,0
602,1397,624,3,0
606,1397,628,3,0
609,1397,631,3,0
610,1397,588,0,3
599,1398,577,0,3
600,1398,622,3,0
602,1398,624,3,0
606,1398,628,3,0
609,1398,631,3,0
610,1398,588,0,3
599,1399,577,0,3
600,1399,622,3,0
609,1399,631,3,0
610,1399,588,0,3
599,1400,577,0,3
600,1400,622,3,0
609,1400,631,3,0
610,1400,588,0,3
599,1401,577,0,3
609,1401,631,3,0
610,1401,588,0,3
610,1402,588,0,3
599,1403,577,0,3
610,1403,588,0,3
611,1403,633,3,0
599,1404,577,0,3
610,1404,588,0,3
611,1404,633,3,0
596,1405,618,3,0
599,1405,577,0,3
610,1405,588,0,3
611,1405,633,3,0
613,1405,635,3,0
596,1406,618,3,0
599,1406,577,0,3
610,1406,588,0,3
611,1406,633,3,0
613,1406,635,3,0
596,1407,618,3,0
599,1407,577,0,3
610,1407,588,0,3
611,1407,633,3,0
613,1407,635,3,0
615,1407,593,0,3
621,1408,599,0,3
632,1408,610,0,3
635,1408,657,3,0
621,1409,599,0,3
632,1409,610,0,3
635,1409,657,3,0
621,1410,599,0,3
632,1410,610,0,3
621,1411,599,0,3
632,1411,610,0,3
621,1412,599,0,3
632,1412,610,0,3
621,1413,599,0,3
621,1414,599,0,3
622,1414,644,3,0
632,1414,610,0,3
621,1415,599,0,3
622,1415,644,3,0
632,1415,610,0,3
621,1416,599,0,3
622,1416,644,3,0
624,1416,646,3,0
632,1416,610,0,3
621,1417,599,0,3
622,1417,644,3,0
624,1417,646,3,0
632,1417,610,0,3
621,1418,599,0,3
622,1418,644,3,0
624,1418,646,3,0
627,1418,649,3,0
632,1418,610,0,3
621,1419,599,0,3
622,1419,644,3,0
624,1419,646,3,0
627,1419,649,3,0
632,1419,610,0,3
621,1420,599,0,3
622,1420,644,3,0
624,1420,646,3,0
632,1420,610,0,3
621,1421,599,0,3
622,1421,644,3,0
632,1421,610,0,3
621,1422,599,0,3
622,1422,644,3,0
632,1422,610,0,3
632,1423,610,0,3
632,1424,610,0,3
621,1425,599,0,3
632,1425,610,0,3
621,1426,599,0,3
632,1426,610,0,3
621,1427,599,0,3
632,1427,610,0,3
635,1427,657,3,0
621,1428,599,0,3
632,1428,610,0,3
635,1428,657,3,0
621,1429,599,0,3
632,1429,610,0,3
635,1429,657,3,0
637,1429,615,0,3
654,1430,632,0,3
655,1430,677,3,0
657,1430,679,3,0
658,1430,636,0,3
654,1431,632,0,3
655,1431,677,3,0
657,1431,679,3,0
654,1432,632,0,3
655,1432,677,3,0
654,1433,632,0,3
655,1433,677,3,0
654,1434,632,0,3
654,1435,632,0,3
644,1436,666,3,0
654,1436,632,0,3
644,1437,666,3,0
654,1437,632,0,3
644,1438,666,3,0
646,1438,668,3,0
654,1438,632,0,3
644,1439,666,3,0
646,1439,668,3,0
650,1439,672,3,0
654,1439,632,0,3
644,1440,666,3,0
646,1440,668,3,0
649,1440,671,3,0
650,1440,672,3,0
654,1440,632,0,3
644,1441,666,3,0
646,1441,668,3,0
649,1441,671,3,0
650,1441,672,3,0
654,1441,632,0,3
644,1442,666,3,0
646,1442,668,3,0
650,1442,672,3,0
654,1442,632,0,3
644,1443,666,3,0
654,1443,632,0,3
644,1444,666,3,0
654,1444,632,0,3
654,1445,632,0,3
654,1446,632,0,3
654,1447,632,0,3
655,1447,677,3,0
654,1448,632,0,3
655,1448,677,3,0
654,1449,632,0,3
655,1449,677,3,0
657,1449,679,3,0
654,1450,632,0,3
655,1450,677,3,0
657,1450,679,3,0
658,1450,636,0,3
654,1451,632,0,3
655,1451,677,3,0
657,1451,679,3,0
658,1451,636,0,3
659,1451,637,0,3
660,1452,638,0,2
663,1452,641,0,3
677,1452,699,3,0
679,1452,701,3,0
680,1452,658,0,3
663,1453,641,0,3
677,1453,699,3,0
679,1453,701,3,0
663,1454,641,0,3
677,1454,699,3,0
663,1455,641,0,3
677,1455,699,3,0
666,1458,688,3,0
666,1459,688,3,0
666,1460,688,3,0
668,1460,690,3,0
666,1461,688,3,0
668,1461,690,3,0
672,1461,694,3,0
666,1462,688,3,0
668,1462,690,3,0
671,1462,693,3,0
672,1462,694,3,0
666,1463,688,3,0
668,1463,690,3,0
671,1463,693,3,0
672,1463,694,3,0
666,1464,688,3,0
668,1464,690,3,0
672,1464,694,3,0
666,1465,688,3,0
666,1466,688,3,0
677,1469,699,3,0
663,1470,641,0,3
677,1470,699,3,0
663,1471,641,0,3
677,1471,699,3,0
679,1471,701,3,0
663,1472,641,0,3
677,1472,699,3,0
679,1472,701,3,0
680,1472,658,0,3
660,1473,638,0,2
663,1473,641,0,3
677,1473,699,3,0
679,1473,701,3,0
680,1473,658,0,3
681,1473,659,0,3
682,1474,660,0,2
699,1474,721,3,0
701,1474,723,3,0
699,1475,721,3,0
701,1475,723,3,0
699,1476,721,3,0
699,1477,721,3,0
688,1480,710,3,0
688,1481,710,3,0
688,1482,710,3,0
690,1482,712,3,0
688,1483,710,3,0
690,1483,712,3,0
694,1483,716,3,0
688,1484,710,3,0
690,1484,712,3,0
693,1484,715,3,0
694,1484,716,3,0
688,1485,710,3,0
690,1485,712,3,0
693,1485,715,3,0
694,1485,716,3,0
688,1486,710,3,0
690,1486,712,3,0
694,1486,716,3,0
688,1487,710,3,0
688,1488,710,3,0
699,1491,721,3,0
699,1492,721,3,0
699,1493,721,3,0
701,1493,723,3,0
699,1494,721,3,0
701,1494,723,3,0
682,1495,660,0,2
699,1495,721,3,0
701,1495,723,3,0
703,1495,681,0,3
721,1496,743,3,0
722,1496,744,3,0
721,1497,743,3,0
722,1497,744,3,0
721,1498,743,3,0
722,1498,744,3,0
721,1499,743,3,0
710,1502,732,3,0
710,1503,732,3,0
710,1504,732,3,0
712,1504,734,3,0
710,1505,732,3,0
712,1505,734,3,0
710,1506,732,3,0
712,1506,734,3,0
715,1506,737,3,0
710,1507,732,3,0
712,1507,734,3,0
715,1507,737,3,0
710,1508,732,3,0
712,1508,734,3,0
710,1509,732,3,0
710,1510,732,3,0
721,1513,743,3,0
721,1514,743,3,0
722,1514,744,3,0
721,1515,743,3,0
722,1515,744,3,0
721,1516,743,3,0
722,1516,744,3,0
721,1517,743,3,0
722,1517,744,3,0
725,1517,703,0,3
726,1518,704,0,2
731,1518,709,0,3
744,1518,766,3,0
745,1518,767,3,0
731,1519,709,0,3
744,1519,766,3,0
745,1519,767,3,0
731,1520,709,0,3
744,1520,766,3,0
731,1521,709,0,3
731,1522,709,0,3
731,1523,709,0,3
731,1524,709,0,3
732,1524,754,3,0
731,1525,709,0,3
732,1525,754,3,0
731,1526,709,0,3
732,1526,754,3,0
731,1527,709,0,3
732,1527,754,3,0
738,1527,760,3,0
731,1528,709,0,3
732,1528,754,3,0
737,1528,759,3,0
738,1528,760,3,0
731,1529,709,0,3
732,1529,754,3,0
737,1529,759,3,0
738,1529,760,3,0
731,1530,709,0,3
732,1530,754,3,0
738,1530,760,3,0
731,1531,709,0,3
732,1531,754,3,0
731,1532,709,0,3
732,1532,754,3,0
731,1533,709,0,3
731,1535,709,0,3
731,1536,709,0,3
744,1536,766,3,0
731,1537,709,0,3
744,1537,766,3,0
745,1537,767,3,0
731,1538,709,0,3
744,1538,766,3,0
745,1538,767,3,0
726,1539,704,0,2
731,1539,709,0,3
744,1539,766,3,0
745,1539,767,3,0
747,1539,725,0,3
748,1540,726,0,2
749,1540,771,3,0
751,1540,773,3,0
753,1540,731,0,3
766,1540,788,3,0
767,1540,789,3,0
749,1541,771,3,0
751,1541,773,3,0
753,1541,731,0,3
766,1541,788,3,0
767,1541,789,3,0
751,1542,773,3,0
753,1542,731,0,3
766,1542,788,3,0
751,1543,773,3,0
753,1543,731,0,3
753,1544,731,0,3
753,1545,731,0,3
753,1546,731,0,3
753,1547,731,0,3
753,1548,731,0,3
753,1549,731,0,3
753,1550,731,0,3
759,1550,781,3,0
753,1551,731,0,3
759,1551,781,3,0
753,1552,731,0,3
753,1553,731,0,3
753,1554,731,0,3
753,1557,731,0,3
751,1558,773,3,0
753,1558,731,0,3
766,1558,788,3,0
751,1559,773,3,0
753,1559,731,0,3
766,1559,788,3,0
767,1559,789,3,0
749,1560,771,3,0
751,1560,773,3,0
753,1560,731,0,3
766,1560,788,3,0
767,1560,789,3,0
748,1561,726,0,2
749,1561,771,3,0
751,1561,773,3,0
753,1561,731,0,3
766,1561,788,3,0
767,1561,789,3,0
769,1561,747,0,3
770,1562,748,0,2
771,1562,793,3,0
773,1562,795,3,0
775,1562,753,0,3
771,1563,793,3,0
773,1563,795,3,0
775,1563,753,0,3
773,1564,795,3,0
775,1564,753,0,3
773,1565,795,3,0
775,1565,753,0,3
775,1566,753,0,3
775,1567,753,0,3
775,1568,753,0,3
775,1569,753,0,3
784,1569,762,0,3
775,1570,753,0,3
783,1570,805,3,0
784,1570,762,0,3
775,1571,753,0,3
783,1571,805,3,0
784,1571,762,0,3
775,1572,753,0,3
781,1572,803,3,0
783,1572,805,3,0
784,1572,762,0,3
775,1573,753,0,3
781,1573,803,3,0
783,1573,805,3,0
784,1573,762,0,3
775,1574,753,0,3
783,1574,805,3,0
784,1574,762,0,3
775,1575,753,0,3
783,1575,805,3,0
784,1575,762,0,3
775,1576,753,0,3
784,1576,762,0,3
775,1577,753,0,3
775,1579,753,0,3
773,1580,795,3,0
775,1580,753,0,3
773,1581,795,3,0
775,1581,753,0,3
771,1582,793,3,0
773,1582,795,3,0
775,1582,753,0,3
770,1583,748,0,2
771,1583,793,3,0
773,1583,795,3,0
775,1583,753,0,3
791,1583,769,0,3
1124,1584,1102,0,3
1127,1584,1149,3,0
1138,1584,1160,3,0
1141,1584,1119,0,3
918,1585,896,0,3
116,1586,138,3,0
117,1586,95,0,3
118,1586,140,3,0
123,1586,145,3,0
124,1586,146,3,0
126,1586,148,3,0
511,1587,489,0,3
512,1587,534,3,0
514,1587,536,3,0
518,1587,540,3,0
520,1587,498,0,3
522,1587,500,0,3
335,1588,313,0,3
336,1588,358,3,0
346,1588,324,0,3
1347,1589,1369,3,0
1358,1589,1380,3,0
181,1590,159,0,3
182,1590,204,3,0
191,1590,169,0,3
1105,1591,1127,3,0
1188,1592,1210,2,0
1193,1592,1215,3,0
1204,1592,1226,3,0
1207,1592,1185,0,3
313,1593,291,0,3
314,1593,336,3,0
315,1593,293,0,3
316,1593,338,3,0
320,1593,342,3,0
321,1593,299,0,3
322,1593,300,0,3
924,1594,902,0,2
928,1594,950,3,0
940,1594,918,0,3
943,1594,921,0,3
49,1595,27,0,3
50,1595,72,3,0
55,1595,33,0,3
57,1595,79,3,0
58,1595,80,3,0
