794,0,816,3,0
795,0,773,0,3
796,0,818,3,0
797,0,775,0,3
811,0,789,0,3
794,1,816,3,0
795,1,773,0,3
796,1,818,3,0
797,1,775,0,3
811,1,789,0,3
794,2,816,3,0
795,2,773,0,3
796,2,818,3,0
797,2,775,0,3
795,3,773,0,3
796,3,818,3,0
797,3,775,0,3
796,4,818,3,0
797,4,775,0,3
797,5,775,0,3
797,6,775,0,3
798,6,776,0,3
797,7,775,0,3
798,7,776,0,3
799,7,777,0,3
806,7,828,3,0
797,8,775,0,3
798,8,776,0,3
799,8,777,0,3
800,8,822,3,0
805,8,827,3,0
806,8,828,3,0
797,9,775,0,3
798,9,776,0,3
799,9,777,0,3
800,9,822,3,0
801,9,779,0,3
804,9,826,3,0
805,9,827,3,0
806,9,828,3,0
797,10,775,0,3
798,10,776,0,3
799,10,777,0,3
800,10,822,3,0
801,10,779,0,3
802,10,824,3,0
804,10,826,3,0
805,10,827,3,0
806,10,828,3,0
797,11,775,0,3
798,11,776,0,3
799,11,777,0,3
800,11,822,3,0
801,11,779,0,3
804,11,826,3,0
805,11,827,3,0
806,11,828,3,0
797,12,775,0,3
798,12,776,0,3
799,12,777,0,3
800,12,822,3,0
804,12,826,3,0
805,12,827,3,0
806,12,828,3,0
797,13,775,0,3
798,13,776,0,3
799,13,777,0,3
805,13,827,3,0
806,13,828,3,0
797,14,775,0,3
798,14,776,0,3
806,14,828,3,0
796,17,818,3,0
797,17,775,0,3
795,18,773,0,3
796,18,818,3,0
797,18,775,0,3
794,19,816,3,0
795,19,773,0,3
796,19,818,3,0
797,19,775,0,3
811,19,789,0,3
794,20,816,3,0
795,20,773,0,3
796,20,818,3,0
797,20,775,0,3
811,20,789,0,3
794,21,816,3,0
795,21,773,0,3
796,21,818,3,0
797,21,775,0,3
811,21,789,0,3
816,22,838,3,0
817,22,795,0,3
818,22,840,3,0
819,22,841,3,0
834,22,812,0,3
816,23,838,3,0
817,23,795,0,3
818,23,840,3,0
819,23,841,3,0
816,24,838,3,0
817,24,795,0,3
818,24,840,3,0
819,24,841,3,0
817,25,795,0,3
818,25,840,3,0
819,25,841,3,0
818,26,840,3,0
819,26,841,3,0
819,27,841,3,0
819,28,841,3,0
819,29,841,3,0
828,29,850,3,0
819,30,841,3,0
822,30,844,3,0
827,30,849,3,0
828,30,850,3,0
819,31,841,3,0
822,31,844,3,0
823,31,801,0,3
826,31,848,3,0
827,31,849,3,0
828,31,850,3,0
819,32,841,3,0
822,32,844,3,0
823,32,801,0,3
824,32,846,3,0
826,32,848,3,0
827,32,849,3,0
828,32,850,3,0
819,33,841,3,0
822,33,844,3,0
823,33,801,0,3
826,33,848,3,0
827,33,849,3,0
828,33,850,3,0
819,34,841,3,0
822,34,844,3,0
826,34,848,3,0
827,34,849,3,0
828,34,850,3,0
819,35,841,3,0
827,35,849,3,0
828,35,850,3,0
819,36,841,3,0
828,36,850,3,0
819,37,841,3,0
818,39,840,3,0
819,39,841,3,0
817,40,795,0,3
818,40,840,3,0
819,40,841,3,0
816,41,838,3,0
817,41,795,0,3
818,41,840,3,0
819,41,841,3,0
816,42,838,3,0
817,42,795,0,3
818,42,840,3,0
819,42,841,3,0
834,42,812,0,3
816,43,838,3,0
817,43,795,0,3
818,43,840,3,0
819,43,841,3,0
834,43,812,0,3
836,44,858,2,0
838,44,860,3,0
839,44,817,0,3
841,44,863,3,0
856,44,834,0,3
838,45,860,3,0
839,45,817,0,3
841,45,863,3,0
838,46,860,3,0
839,46,817,0,3
841,46,863,3,0
839,47,817,0,3
841,47,863,3,0
841,48,863,3,0
841,49,863,3,0
841,50,863,3,0
841,51,863,3,0
850,51,872,3,0
841,52,863,3,0
844,52,866,3,0
849,52,871,3,0
850,52,872,3,0
841,53,863,3,0
844,53,866,3,0
845,53,823,0,3
848,53,870,3,0
849,53,871,3,0
850,53,872,3,0
841,54,863,3,0
844,54,866,3,0
845,54,823,0,3
848,54,870,3,0
849,54,871,3,0
850,54,872,3,0
841,55,863,3,0
844,55,866,3,0
845,55,823,0,3
848,55,870,3,0
849,55,871,3,0
850,55,872,3,0
841,56,863,3,0
844,56,866,3,0
848,56,870,3,0
849,56,871,3,0
850,56,872,3,0
841,57,863,3,0
849,57,871,3,0
850,57,872,3,0
841,58,863,3,0
850,58,872,3,0
841,61,863,3,0
839,62,817,0,3
841,62,863,3,0
838,63,860,3,0
839,63,817,0,3
841,63,863,3,0
838,64,860,3,0
839,64,817,0,3
841,64,863,3,0
856,64,834,0,3
836,65,858,2,0
838,65,860,3,0
839,65,817,0,3
841,65,863,3,0
856,65,834,0,3
858,66,880,2,0
860,66,882,3,0
861,66,839,0,3
877,66,855,0,3
878,66,856,0,3
860,67,882,3,0
861,67,839,0,3
877,67,855,0,3
860,68,882,3,0
861,68,839,0,3
861,69,839,0,3
864,72,842,0,3
873,72,895,3,0
864,73,842,0,3
865,73,843,0,3
872,73,894,3,0
873,73,895,3,0
864,74,842,0,3
865,74,843,0,3
866,74,888,3,0
871,74,893,3,0
872,74,894,3,0
873,74,895,3,0
864,75,842,0,3
865,75,843,0,3
866,75,888,3,0
867,75,845,0,3
870,75,892,3,0
871,75,893,3,0
872,75,894,3,0
873,75,895,3,0
864,76,842,0,3
865,76,843,0,3
866,76,888,3,0
867,76,845,0,3
868,76,846,0,3
870,76,892,3,0
871,76,893,3,0
872,76,894,3,0
873,76,895,3,0
864,77,842,0,3
865,77,843,0,3
866,77,888,3,0
867,77,845,0,3
870,77,892,3,0
871,77,893,3,0
872,77,894,3,0
873,77,895,3,0
864,78,842,0,3
865,78,843,0,3
866,78,888,3,0
870,78,892,3,0
871,78,893,3,0
872,78,894,3,0
873,78,895,3,0
864,79,842,0,3
865,79,843,0,3
871,79,893,3,0
872,79,894,3,0
873,79,895,3,0
864,80,842,0,3
872,80,894,3,0
873,80,895,3,0
873,81,895,3,0
861,84,839,0,3
860,85,882,3,0
861,85,839,0,3
877,85,855,0,3
860,86,882,3,0
861,86,839,0,3
877,86,855,0,3
878,86,856,0,3
858,87,880,2,0
860,87,882,3,0
861,87,839,0,3
877,87,855,0,3
878,87,856,0,3
880,88,902,2,0
882,88,904,3,0
883,88,861,0,3
897,88,875,0,3
900,88,878,0,3
882,89,904,3,0
883,89,861,0,3
897,89,875,0,3
882,90,904,3,0
883,90,861,0,3
897,90,875,0,3
883,91,861,0,3
897,91,875,0,3
886,94,864,0,3
895,94,917,3,0
886,95,864,0,3
887,95,865,0,3
894,95,916,3,0
895,95,917,3,0
886,96,864,0,3
887,96,865,0,3
888,96,910,3,0
893,96,915,3,0
894,96,916,3,0
895,96,917,3,0
886,97,864,0,3
887,97,865,0,3
888,97,910,3,0
889,97,867,0,3
892,97,914,3,0
893,97,915,3,0
894,97,916,3,0
895,97,917,3,0
886,98,864,0,3
887,98,865,0,3
888,98,910,3,0
889,98,867,0,3
890,98,868,0,3
892,98,914,3,0
893,98,915,3,0
894,98,916,3,0
895,98,917,3,0
886,99,864,0,3
887,99,865,0,3
888,99,910,3,0
889,99,867,0,3
892,99,914,3,0
893,99,915,3,0
894,99,916,3,0
895,99,917,3,0
886,100,864,0,3
887,100,865,0,3
888,100,910,3,0
892,100,914,3,0
893,100,915,3,0
894,100,916,3,0
895,100,917,3,0
886,101,864,0,3
887,101,865,0,3
893,101,915,3,0
894,101,916,3,0
895,101,917,3,0
886,102,864,0,3
894,102,916,3,0
895,102,917,3,0
895,103,917,3,0
897,105,875,0,3
883,106,861,0,3
897,106,875,0,3
882,107,904,3,0
883,107,861,0,3
897,107,875,0,3
882,108,904,3,0
883,108,861,0,3
897,108,875,0,3
900,108,878,0,3
880,109,902,2,0
882,109,904,3,0
883,109,861,0,3
897,109,875,0,3
900,109,878,0,3
901,109,879,0,3
902,110,924,2,0
904,110,926,3,0
905,110,883,0,3
919,110,897,0,3
922,110,900,0,3
904,111,926,3,0
905,111,883,0,3
919,111,897,0,3
904,112,926,3,0
905,112,883,0,3
919,112,897,0,3
905,113,883,0,3
919,113,897,0,3
908,116,886,0,3
917,116,939,3,0
908,117,886,0,3
909,117,887,0,3
916,117,938,3,0
917,117,939,3,0
908,118,886,0,3
909,118,887,0,3
910,118,932,3,0
915,118,937,3,0
916,118,938,3,0
917,118,939,3,0
908,119,886,0,3
909,119,887,0,3
910,119,932,3,0
914,119,936,3,0
915,119,937,3,0
916,119,938,3,0
917,119,939,3,0
908,120,886,0,3
909,120,887,0,3
910,120,932,3,0
912,120,890,0,3
914,120,936,3,0
915,120,937,3,0
916,120,938,3,0
917,120,939,3,0
908,121,886,0,3
909,121,887,0,3
910,121,932,3,0
914,121,936,3,0
915,121,937,3,0
916,121,938,3,0
917,121,939,3,0
908,122,886,0,3
909,122,887,0,3
910,122,932,3,0
914,122,936,3,0
915,122,937,3,0
916,122,938,3,0
917,122,939,3,0
908,123,886,0,3
909,123,887,0,3
915,123,937,3,0
916,123,938,3,0
917,123,939,3,0
908,124,886,0,3
916,124,938,3,0
917,124,939,3,0
917,125,939,3,0
919,127,897,0,3
905,128,883,0,3
919,128,897,0,3
904,129,926,3,0
905,129,883,0,3
919,129,897,0,3
904,130,926,3,0
905,130,883,0,3
919,130,897,0,3
922,130,900,0,3
902,131,924,2,0
904,131,926,3,0
905,131,883,0,3
919,131,897,0,3
922,131,900,0,3
924,132,946,2,0
926,132,948,3,0
941,132,919,0,3
926,133,948,3,0
941,133,919,0,3
926,134,948,3,0
941,134,919,0,3
941,135,919,0,3
930,138,908,0,3
939,138,961,3,0
930,139,908,0,3
931,139,909,0,3
938,139,960,3,0
939,139,961,3,0
930,140,908,0,3
931,140,909,0,3
932,140,954,3,0
937,140,959,3,0
938,140,960,3,0
939,140,961,3,0
930,141,908,0,3
931,141,909,0,3
932,141,954,3,0
936,141,958,3,0
937,141,959,3,0
938,141,960,3,0
939,141,961,3,0
930,142,908,0,3
931,142,909,0,3
932,142,954,3,0
934,142,912,0,3
936,142,958,3,0
937,142,959,3,0
938,142,960,3,0
939,142,961,3,0
930,143,908,0,3
931,143,909,0,3
932,143,954,3,0
936,143,958,3,0
937,143,959,3,0
938,143,960,3,0
939,143,961,3,0
930,144,908,0,3
931,144,909,0,3
932,144,954,3,0
936,144,958,3,0
937,144,959,3,0
938,144,960,3,0
939,144,961,3,0
930,145,908,0,3
931,145,909,0,3
937,145,959,3,0
938,145,960,3,0
939,145,961,3,0
930,146,908,0,3
938,146,960,3,0
939,146,961,3,0
939,147,961,3,0
941,149,919,0,3
941,150,919,0,3
926,151,948,3,0
941,151,919,0,3
926,152,948,3,0
941,152,919,0,3
924,153,946,2,0
926,153,948,3,0
941,153,919,0,3
946,154,968,2,0
948,154,970,3,0
963,154,941,0,3
966,154,988,3,0
948,155,970,3,0
963,155,941,0,3
948,156,970,3,0
963,156,941,0,3
963,157,941,0,3
952,160,930,0,3
961,160,983,3,0
952,161,930,0,3
953,161,931,0,3
960,161,982,3,0
961,161,983,3,0
952,162,930,0,3
953,162,931,0,3
954,162,976,3,0
960,162,982,3,0
961,162,983,3,0
952,163,930,0,3
953,163,931,0,3
954,163,976,3,0
958,163,980,3,0
960,163,982,3,0
961,163,983,3,0
952,164,930,0,3
953,164,931,0,3
954,164,976,3,0
956,164,934,0,3
958,164,980,3,0
960,164,982,3,0
961,164,983,3,0
952,165,930,0,3
953,165,931,0,3
954,165,976,3,0
958,165,980,3,0
960,165,982,3,0
961,165,983,3,0
952,166,930,0,3
953,166,931,0,3
954,166,976,3,0
958,166,980,3,0
960,166,982,3,0
961,166,983,3,0
952,167,930,0,3
953,167,931,0,3
960,167,982,3,0
961,167,983,3,0
952,168,930,0,3
960,168,982,3,0
961,168,983,3,0
961,169,983,3,0
963,171,941,0,3
963,172,941,0,3
948,173,970,3,0
963,173,941,0,3
948,174,970,3,0
963,174,941,0,3
966,174,988,3,0
946,175,968,2,0
948,175,970,3,0
963,175,941,0,3
966,175,988,3,0
968,176,990,2,0
985,176,963,0,3
987,176,965,0,3
988,176,1010,3,0
985,177,963,0,3
987,177,965,0,3
985,178,963,0,3
985,179,963,0,3
974,182,952,0,3
983,182,1005,3,0
974,183,952,0,3
982,183,1004,3,0
983,183,1005,3,0
974,184,952,0,3
982,184,1004,3,0
983,184,1005,3,0
974,185,952,0,3
980,185,1002,3,0
982,185,1004,3,0
983,185,1005,3,0
974,186,952,0,3
979,186,957,0,3
980,186,1002,3,0
982,186,1004,3,0
983,186,1005,3,0
974,187,952,0,3
979,187,957,0,3
980,187,1002,3,0
982,187,1004,3,0
983,187,1005,3,0
974,188,952,0,3
980,188,1002,3,0
982,188,1004,3,0
983,188,1005,3,0
974,189,952,0,3
982,189,1004,3,0
983,189,1005,3,0
974,190,952,0,3
982,190,1004,3,0
983,190,1005,3,0
983,191,1005,3,0
985,193,963,0,3
985,194,963,0,3
985,195,963,0,3
987,195,965,0,3
985,196,963,0,3
987,196,965,0,3
988,196,1010,3,0
968,197,990,2,0
985,197,963,0,3
987,197,965,0,3
988,197,1010,3,0
990,198,1012,2,0
1007,198,985,0,3
1009,198,987,0,3
1010,198,1032,3,0
1007,199,985,0,3
1009,199,987,0,3
1007,200,985,0,3
1007,201,985,0,3
996,204,974,0,3
996,205,974,0,3
1004,205,1026,3,0
996,206,974,0,3
1003,206,1025,3,0
1004,206,1026,3,0
996,207,974,0,3
1002,207,1024,3,0
1003,207,1025,3,0
1004,207,1026,3,0
996,208,974,0,3
1000,208,978,0,3
1001,208,979,0,3
1002,208,1024,3,0
1003,208,1025,3,0
1004,208,1026,3,0
996,209,974,0,3
1001,209,979,0,3
1002,209,1024,3,0
1003,209,1025,3,0
1004,209,1026,3,0
996,210,974,0,3
1002,210,1024,3,0
1003,210,1025,3,0
1004,210,1026,3,0
996,211,974,0,3
1003,211,1025,3,0
1004,211,1026,3,0
996,212,974,0,3
1004,212,1026,3,0
1007,215,985,0,3
1007,216,985,0,3
1007,217,985,0,3
1009,217,987,0,3
1007,218,985,0,3
1009,218,987,0,3
1010,218,1032,3,0
990,219,1012,2,0
1007,219,985,0,3
1009,219,987,0,3
1010,219,1032,3,0
1012,220,1034,2,0
1028,220,1050,3,0
1029,220,1007,0,3
1032,220,1054,3,0
1028,221,1050,3,0
1029,221,1007,0,3
1028,222,1050,3,0
1029,222,1007,0,3
1028,223,1050,3,0
1029,223,1007,0,3
1028,224,1050,3,0
1028,226,1050,3,0
1026,227,1048,3,0
1028,227,1050,3,0
1025,228,1047,3,0
1026,228,1048,3,0
1028,228,1050,3,0
1024,229,1046,3,0
1025,229,1047,3,0
1026,229,1048,3,0
1028,229,1050,3,0
1022,230,1000,0,3
1023,230,1001,0,3
1024,230,1046,3,0
1025,230,1047,3,0
1026,230,1048,3,0
1028,230,1050,3,0
1023,231,1001,0,3
1024,231,1046,3,0
1025,231,1047,3,0
1026,231,1048,3,0
1028,231,1050,3,0
1024,232,1046,3,0
1025,232,1047,3,0
1026,232,1048,3,0
1028,232,1050,3,0
1025,233,1047,3,0
1026,233,1048,3,0
1028,233,1050,3,0
1026,234,1048,3,0
1028,234,1050,3,0
1028,235,1050,3,0
1028,236,1050,3,0
1028,237,1050,3,0
1029,237,1007,0,3
1028,238,1050,3,0
1029,238,1007,0,3
1028,239,1050,3,0
1029,239,1007,0,3
1028,240,1050,3,0
1029,240,1007,0,3
1032,240,1054,3,0
1012,241,1034,2,0
1028,241,1050,3,0
1029,241,1007,0,3
1032,241,1054,3,0
1034,242,1056,2,0
1050,242,1072,3,0
1051,242,1029,0,3
1054,242,1076,3,0
1050,243,1072,3,0
1051,243,1029,0,3
1050,244,1072,3,0
1051,244,1029,0,3
1050,245,1072,3,0
1051,245,1029,0,3
1050,246,1072,3,0
1050,247,1072,3,0
1050,248,1072,3,0
1041,249,1019,0,3
1048,249,1070,3,0
1050,249,1072,3,0
1041,250,1019,0,3
1048,250,1070,3,0
1050,250,1072,3,0
1041,251,1019,0,3
1046,251,1068,3,0
1048,251,1070,3,0
1050,251,1072,3,0
1041,252,1019,0,3
1044,252,1022,0,3
1045,252,1023,0,3
1046,252,1068,3,0
1048,252,1070,3,0
1050,252,1072,3,0
1041,253,1019,0,3
1045,253,1023,0,3
1046,253,1068,3,0
1048,253,1070,3,0
1050,253,1072,3,0
1041,254,1019,0,3
1046,254,1068,3,0
1048,254,1070,3,0
1050,254,1072,3,0
1041,255,1019,0,3
1048,255,1070,3,0
1050,255,1072,3,0
1048,256,1070,3,0
1050,256,1072,3,0
1050,257,1072,3,0
1050,258,1072,3,0
1050,259,1072,3,0
1051,259,1029,0,3
1050,260,1072,3,0
1051,260,1029,0,3
1050,261,1072,3,0
1051,261,1029,0,3
1050,262,1072,3,0
1051,262,1029,0,3
1054,262,1076,3,0
1034,263,1056,2,0
1050,263,1072,3,0
1051,263,1029,0,3
1054,263,1076,3,0
1056,264,1078,2,0
1072,264,1094,3,0
1073,264,1051,0,3
1076,264,1098,3,0
1072,265,1094,3,0
1073,265,1051,0,3
1072,266,1094,3,0
1073,266,1051,0,3
1072,267,1094,3,0
1073,267,1051,0,3
1072,268,1094,3,0
1072,270,1094,3,0
1070,271,1092,3,0
1072,271,1094,3,0
1070,272,1092,3,0
1072,272,1094,3,0
1068,273,1090,3,0
1070,273,1092,3,0
1072,273,1094,3,0
1067,274,1045,0,3
1068,274,1090,3,0
1070,274,1092,3,0
1072,274,1094,3,0
1067,275,1045,0,3
1068,275,1090,3,0
1070,275,1092,3,0
1072,275,1094,3,0
1068,276,1090,3,0
1070,276,1092,3,0
1072,276,1094,3,0
1070,277,1092,3,0
1072,277,1094,3,0
1070,278,1092,3,0
1072,278,1094,3,0
1072,279,1094,3,0
1072,280,1094,3,0
1072,281,1094,3,0
1073,281,1051,0,3
1072,282,1094,3,0
1073,282,1051,0,3
1072,283,1094,3,0
1073,283,1051,0,3
1072,284,1094,3,0
1073,284,1051,0,3
1076,284,1098,3,0
1056,285,1078,2,0
1072,285,1094,3,0
1073,285,1051,0,3
1076,285,1098,3,0
1078,286,1100,2,0
1094,286,1116,3,0
1095,286,1073,0,3
1098,286,1120,3,0
1094,287,1116,3,0
1095,287,1073,0,3
1094,288,1116,3,0
1095,288,1073,0,3
1094,289,1116,3,0
1095,289,1073,0,3
1094,290,1116,3,0
1094,291,1116,3,0
1094,292,1116,3,0
1085,293,1107,3,0
1094,293,1116,3,0
1085,294,1107,3,0
1094,294,1116,3,0
1085,295,1107,3,0
1090,295,1112,3,0
1094,295,1116,3,0
1085,296,1107,3,0
1089,296,1067,0,3
1090,296,1112,3,0
1094,296,1116,3,0
1085,297,1107,3,0
1089,297,1067,0,3
1090,297,1112,3,0
1094,297,1116,3,0
1085,298,1107,3,0
1090,298,1112,3,0
1094,298,1116,3,0
1085,299,1107,3,0
1094,299,1116,3,0
1094,300,1116,3,0
1094,301,1116,3,0
1094,302,1116,3,0
1094,303,1116,3,0
1095,303,1073,0,3
1094,304,1116,3,0
1095,304,1073,0,3
1094,305,1116,3,0
1095,305,1073,0,3
1094,306,1116,3,0
1095,306,1073,0,3
1098,306,1120,3,0
1078,307,1100,2,0
1094,307,1116,3,0
1095,307,1073,0,3
1098,307,1120,3,0
1100,308,1122,2,0
1116,308,1138,3,0
1117,308,1095,0,3
1120,308,1142,3,0
1116,309,1138,3,0
1117,309,1095,0,3
1116,310,1138,3,0
1117,310,1095,0,3
1116,311,1138,3,0
1117,311,1095,0,3
1116,312,1138,3,0
1106,314,1128,3,0
1116,314,1138,3,0
1106,315,1128,3,0
1107,315,1129,3,0
1116,315,1138,3,0
1106,316,1128,3,0
1107,316,1129,3,0
1108,316,1130,3,0
1116,316,1138,3,0
1106,317,1128,3,0
1107,317,1129,3,0
1108,317,1130,3,0
1112,317,1134,3,0
1116,317,1138,3,0
1106,318,1128,3,0
1107,318,1129,3,0
1108,318,1130,3,0
1110,318,1088,0,3
1111,318,1089,0,3
1112,318,1134,3,0
1116,318,1138,3,0
1106,319,1128,3,0
1107,319,1129,3,0
1108,319,1130,3,0
1111,319,1089,0,3
1112,319,1134,3,0
1116,319,1138,3,0
1106,320,1128,3,0
1107,320,1129,3,0
1108,320,1130,3,0
1112,320,1134,3,0
1116,320,1138,3,0
1106,321,1128,3,0
1107,321,1129,3,0
1116,321,1138,3,0
1106,322,1128,3,0
1116,322,1138,3,0
1116,323,1138,3,0
1116,324,1138,3,0
1116,325,1138,3,0
1117,325,1095,0,3
1116,326,1138,3,0
1117,326,1095,0,3
1116,327,1138,3,0
1117,327,1095,0,3
1116,328,1138,3,0
1117,328,1095,0,3
1120,328,1142,3,0
1100,329,1122,2,0
1116,329,1138,3,0
1117,329,1095,0,3
1120,329,1142,3,0
1122,330,1144,2,0
1125,330,1147,3,0
1139,330,1117,0,3
1142,330,1164,3,0
1125,331,1147,3,0
1139,331,1117,0,3
1125,332,1147,3,0
1139,332,1117,0,3
1125,333,1147,3,0
1139,333,1117,0,3
1129,337,1151,3,0
1129,338,1151,3,0
1130,338,1152,3,0
1135,338,1157,3,0
1129,339,1151,3,0
1130,339,1152,3,0
1134,339,1156,3,0
1135,339,1157,3,0
1129,340,1151,3,0
1130,340,1152,3,0
1132,340,1110,0,3
1133,340,1111,0,3
1134,340,1156,3,0
1135,340,1157,3,0
1129,341,1151,3,0
1130,341,1152,3,0
1133,341,1111,0,3
1134,341,1156,3,0
1135,341,1157,3,0
1129,342,1151,3,0
1130,342,1152,3,0
1134,342,1156,3,0
1135,342,1157,3,0
1129,343,1151,3,0
1135,343,1157,3,0
1139,347,1117,0,3
1125,348,1147,3,0
1139,348,1117,0,3
1125,349,1147,3,0
1139,349,1117,0,3
1125,350,1147,3,0
1139,350,1117,0,3
1142,350,1164,3,0
1122,351,1144,2,0
1125,351,1147,3,0
1139,351,1117,0,3
1142,351,1164,3,0
1144,352,1166,2,0
1147,352,1169,3,0
1161,352,1139,0,3
1163,352,1141,0,3
1164,352,1186,3,0
1147,353,1169,3,0
1161,353,1139,0,3
1163,353,1141,0,3
1147,354,1169,3,0
1161,354,1139,0,3
1147,355,1169,3,0
1161,355,1139,0,3
1151,359,1173,3,0
1151,360,1173,3,0
1151,361,1173,3,0
1156,361,1178,3,0
1151,362,1173,3,0
1154,362,1132,0,3
1155,362,1133,0,3
1156,362,1178,3,0
1151,363,1173,3,0
1155,363,1133,0,3
1156,363,1178,3,0
1151,364,1173,3,0
1156,364,1178,3,0
1151,365,1173,3,0
1161,369,1139,0,3
1147,370,1169,3,0
1161,370,1139,0,3
1147,371,1169,3,0
1161,371,1139,0,3
1163,371,1141,0,3
1147,372,1169,3,0
1161,372,1139,0,3
1163,372,1141,0,3
1164,372,1186,3,0
1144,373,1166,2,0
1147,373,1169,3,0
1161,373,1139,0,3
1163,373,1141,0,3
1164,373,1186,3,0
1169,374,1191,3,0
1183,374,1161,0,3
1185,374,1163,0,3
1186,374,1208,3,0
1169,375,1191,3,0
1183,375,1161,0,3
1185,375,1163,0,3
1169,376,1191,3,0
1183,376,1161,0,3
1169,377,1191,3,0
1183,377,1161,0,3
1173,381,1195,3,0
1173,382,1195,3,0
1179,382,1201,3,0
1173,383,1195,3,0
1179,383,1201,3,0
1173,384,1195,3,0
1176,384,1154,0,3
1177,384,1155,0,3
1179,384,1201,3,0
1173,385,1195,3,0
1177,385,1155,0,3
1179,385,1201,3,0
1173,386,1195,3,0
1179,386,1201,3,0
1173,387,1195,3,0
1179,387,1201,3,0
1183,391,1161,0,3
1169,392,1191,3,0
1183,392,1161,0,3
1169,393,1191,3,0
1183,393,1161,0,3
1185,393,1163,0,3
1169,394,1191,3,0
1183,394,1161,0,3
1185,394,1163,0,3
1186,394,1208,3,0
1169,395,1191,3,0
1183,395,1161,0,3
1185,395,1163,0,3
1186,395,1208,3,0
1191,396,1213,3,0
1205,396,1183,0,3
1207,396,1185,0,3
1208,396,1230,3,0
1191,397,1213,3,0
1205,397,1183,0,3
1207,397,1185,0,3
1191,398,1213,3,0
1205,398,1183,0,3
1191,399,1213,3,0
1205,399,1183,0,3
1195,403,1217,3,0
1202,403,1180,0,3
1195,404,1217,3,0
1201,404,1223,3,0
1202,404,1180,0,3
1195,405,1217,3,0
1201,405,1223,3,0
1202,405,1180,0,3
1195,406,1217,3,0
1198,406,1176,0,3
1199,406,1177,0,3
1201,406,1223,3,0
1202,406,1180,0,3
1195,407,1217,3,0
1199,407,1177,0,3
1201,407,1223,3,0
1202,407,1180,0,3
1195,408,1217,3,0
1201,408,1223,3,0
1202,408,1180,0,3
1195,409,1217,3,0
1201,409,1223,3,0
1202,409,1180,0,3
1202,410,1180,0,3
1205,413,1183,0,3
1191,414,1213,3,0
1205,414,1183,0,3
1191,415,1213,3,0
1205,415,1183,0,3
1207,415,1185,0,3
1191,416,1213,3,0
1205,416,1183,0,3
1207,416,1185,0,3
1208,416,1230,3,0
1191,417,1213,3,0
1205,417,1183,0,3
1207,417,1185,0,3
1208,417,1230,3,0
1211,418,1233,3,0
1213,418,1235,3,0
1215,418,1237,3,0
1227,418,1205,0,3
1229,418,1207,0,3
1230,418,1252,3,0
1211,419,1233,3,0
1213,419,1235,3,0
1215,419,1237,3,0
1227,419,1205,0,3
1229,419,1207,0,3
1213,420,1235,3,0
1215,420,1237,3,0
1227,420,1205,0,3
1213,421,1235,3,0
1215,421,1237,3,0
1227,421,1205,0,3
1215,422,1237,3,0
1215,423,1237,3,0
1215,424,1237,3,0
1215,425,1237,3,0
1217,425,1239,3,0
1215,426,1237,3,0
1217,426,1239,3,0
1223,426,1245,3,0
1215,427,1237,3,0
1217,427,1239,3,0
1223,427,1245,3,0
1215,428,1237,3,0
1217,428,1239,3,0
1220,428,1198,0,3
1221,428,1199,0,3
1223,428,1245,3,0
1215,429,1237,3,0
1217,429,1239,3,0
1221,429,1199,0,3
1223,429,1245,3,0
1215,430,1237,3,0
1217,430,1239,3,0
1223,430,1245,3,0
1215,431,1237,3,0
1217,431,1239,3,0
1223,431,1245,3,0
1215,432,1237,3,0
1215,433,1237,3,0
1215,435,1237,3,0
1227,435,1205,0,3
1213,436,1235,3,0
1215,436,1237,3,0
1227,436,1205,0,3
1213,437,1235,3,0
1215,437,1237,3,0
1227,437,1205,0,3
1229,437,1207,0,3
1211,438,1233,3,0
1213,438,1235,3,0
1215,438,1237,3,0
1227,438,1205,0,3
1229,438,1207,0,3
1230,438,1252,3,0
1211,439,1233,3,0
1213,439,1235,3,0
1215,439,1237,3,0
1227,439,1205,0,3
1229,439,1207,0,3
1230,439,1252,3,0
1233,440,1255,3,0
1235,440,1257,3,0
1237,440,1259,3,0
1249,440,1227,0,3
1251,440,1229,0,3
1252,440,1274,3,0
1233,441,1255,3,0
1235,441,1257,3,0
1237,441,1259,3,0
1249,441,1227,0,3
1251,441,1229,0,3
1235,442,1257,3,0
1237,442,1259,3,0
1249,442,1227,0,3
1235,443,1257,3,0
1237,443,1259,3,0
1249,443,1227,0,3
1237,444,1259,3,0
1237,445,1259,3,0
1237,446,1259,3,0
1247,446,1269,3,0
1237,447,1259,3,0
1239,447,1261,3,0
1247,447,1269,3,0
1237,448,1259,3,0
1239,448,1261,3,0
1245,448,1267,3,0
1247,448,1269,3,0
1237,449,1259,3,0
1239,449,1261,3,0
1245,449,1267,3,0
1247,449,1269,3,0
1237,450,1259,3,0
1239,450,1261,3,0
1242,450,1220,0,3
1243,450,1221,0,3
1245,450,1267,3,0
1247,450,1269,3,0
1237,451,1259,3,0
1239,451,1261,3,0
1243,451,1221,0,3
1245,451,1267,3,0
1247,451,1269,3,0
1237,452,1259,3,0
1239,452,1261,3,0
1245,452,1267,3,0
1247,452,1269,3,0
1237,453,1259,3,0
1239,453,1261,3,0
1245,453,1267,3,0
1247,453,1269,3,0
1237,454,1259,3,0
1247,454,1269,3,0
1247,455,1269,3,0
1237,457,1259,3,0
1249,457,1227,0,3
1235,458,1257,3,0
1237,458,1259,3,0
1249,458,1227,0,3
1235,459,1257,3,0
1237,459,1259,3,0
1249,459,1227,0,3
1251,459,1229,0,3
1233,460,1255,3,0
1235,460,1257,3,0
1237,460,1259,3,0
1249,460,1227,0,3
1251,460,1229,0,3
1252,460,1274,3,0
1233,461,1255,3,0
1235,461,1257,3,0
1237,461,1259,3,0
1249,461,1227,0,3
1251,461,1229,0,3
1252,461,1274,3,0
1257,462,1279,3,0
1259,462,1281,3,0
1271,462,1249,0,3
1273,462,1251,0,3
1274,462,1296,3,0
1257,463,1279,3,0
1259,463,1281,3,0
1271,463,1249,0,3
1273,463,1251,0,3
1257,464,1279,3,0
1259,464,1281,3,0
1271,464,1249,0,3
1257,465,1279,3,0
1259,465,1281,3,0
1271,465,1249,0,3
1259,466,1281,3,0
1259,467,1281,3,0
1259,468,1281,3,0
1269,468,1291,3,0
1259,469,1281,3,0
1261,469,1283,3,0
1269,469,1291,3,0
1259,470,1281,3,0
1261,470,1283,3,0
1267,470,1289,3,0
1269,470,1291,3,0
1259,471,1281,3,0
1261,471,1283,3,0
1267,471,1289,3,0
1269,471,1291,3,0
1259,472,1281,3,0
1261,472,1283,3,0
1264,472,1242,0,3
1265,472,1243,0,3
1267,472,1289,3,0
1269,472,1291,3,0
1259,473,1281,3,0
1261,473,1283,3,0
1265,473,1243,0,3
1267,473,1289,3,0
1269,473,1291,3,0
1259,474,1281,3,0
1261,474,1283,3,0
1267,474,1289,3,0
1269,474,1291,3,0
1259,475,1281,3,0
1261,475,1283,3,0
1267,475,1289,3,0
1269,475,1291,3,0
1259,476,1281,3,0
1269,476,1291,3,0
1259,477,1281,3,0
1269,477,1291,3,0
1259,479,1281,3,0
1271,479,1249,0,3
1257,480,1279,3,0
1259,480,1281,3,0
1271,480,1249,0,3
1257,481,1279,3,0
1259,481,1281,3,0
1271,481,1249,0,3
1273,481,1251,0,3
1257,482,1279,3,0
1259,482,1281,3,0
1271,482,1249,0,3
1273,482,1251,0,3
1274,482,1296,3,0
1257,483,1279,3,0
1259,483,1281,3,0
1271,483,1249,0,3
1273,483,1251,0,3
1274,483,1296,3,0
1281,484,1303,3,0
1293,484,1271,0,3
1295,484,1273,0,3
1296,484,1318,3,0
1281,485,1303,3,0
1293,485,1271,0,3
1295,485,1273,0,3
1281,486,1303,3,0
1293,486,1271,0,3
1281,487,1303,3,0
1293,487,1271,0,3
1281,488,1303,3,0
1281,489,1303,3,0
1281,490,1303,3,0
1291,490,1313,3,0
1281,491,1303,3,0
1283,491,1305,3,0
1291,491,1313,3,0
1281,492,1303,3,0
1283,492,1305,3,0
1289,492,1311,3,0
1291,492,1313,3,0
1281,493,1303,3,0
1283,493,1305,3,0
1289,493,1311,3,0
1291,493,1313,3,0
1281,494,1303,3,0
1283,494,1305,3,0
1286,494,1264,0,3
1287,494,1265,0,3
1289,494,1311,3,0
1291,494,1313,3,0
1281,495,1303,3,0
1283,495,1305,3,0
1287,495,1265,0,3
1289,495,1311,3,0
1291,495,1313,3,0
1281,496,1303,3,0
1283,496,1305,3,0
1289,496,1311,3,0
1291,496,1313,3,0
1281,497,1303,3,0
1283,497,1305,3,0
1289,497,1311,3,0
1291,497,1313,3,0
1281,498,1303,3,0
1291,498,1313,3,0
1291,499,1313,3,0
1281,501,1303,3,0
1293,501,1271,0,3
1281,502,1303,3,0
1293,502,1271,0,3
1281,503,1303,3,0
1293,503,1271,0,3
1295,503,1273,0,3
1281,504,1303,3,0
1293,504,1271,0,3
1295,504,1273,0,3
1296,504,1318,3,0
1281,505,1303,3,0
1293,505,1271,0,3
1295,505,1273,0,3
1296,505,1318,3,0
1315,506,1293,0,3
1318,506,1340,3,0
1315,507,1293,0,3
1315,508,1293,0,3
1315,509,1293,0,3
1305,513,1327,3,0
1305,514,1327,3,0
1311,514,1333,3,0
1305,515,1327,3,0
1311,515,1333,3,0
1305,516,1327,3,0
1308,516,1286,0,3
1309,516,1287,0,3
1311,516,1333,3,0
1305,517,1327,3,0
1309,517,1287,0,3
1311,517,1333,3,0
1305,518,1327,3,0
1311,518,1333,3,0
1305,519,1327,3,0
1311,519,1333,3,0
1315,523,1293,0,3
1315,524,1293,0,3
1315,525,1293,0,3
1315,526,1293,0,3
1318,526,1340,3,0
1315,527,1293,0,3
1318,527,1340,3,0
1321,528,1299,0,3
1337,528,1315,0,3
1340,528,1362,3,0
1321,529,1299,0,3
1337,529,1315,0,3
1337,530,1315,0,3
1337,531,1315,0,3
1327,535,1349,3,0
1327,536,1349,3,0
1333,536,1355,3,0
1327,537,1349,3,0
1333,537,1355,3,0
1327,538,1349,3,0
1330,538,1308,0,3
1331,538,1309,0,3
1333,538,1355,3,0
1327,539,1349,3,0
1331,539,1309,0,3
1333,539,1355,3,0
1327,540,1349,3,0
1333,540,1355,3,0
1327,541,1349,3,0
1333,541,1355,3,0
1337,545,1315,0,3
1337,546,1315,0,3
1337,547,1315,0,3
1321,548,1299,0,3
1337,548,1315,0,3
1340,548,1362,3,0
1321,549,1299,0,3
1337,549,1315,0,3
1340,549,1362,3,0
1342,550,1364,2,0
1343,550,1321,0,3
1346,550,1368,3,0
1359,550,1337,0,3
1362,550,1384,3,0
1343,551,1321,0,3
1346,551,1368,3,0
1359,551,1337,0,3
1346,552,1368,3,0
1359,552,1337,0,3
1346,553,1368,3,0
1359,553,1337,0,3
1346,554,1368,3,0
1349,557,1371,3,0
1349,558,1371,3,0
1355,558,1377,3,0
1349,559,1371,3,0
1355,559,1377,3,0
1349,560,1371,3,0
1352,560,1330,0,3
1353,560,1331,0,3
1355,560,1377,3,0
1349,561,1371,3,0
1353,561,1331,0,3
1355,561,1377,3,0
1349,562,1371,3,0
1355,562,1377,3,0
1349,563,1371,3,0
1355,563,1377,3,0
1346,567,1368,3,0
1359,567,1337,0,3
1346,568,1368,3,0
1359,568,1337,0,3
1346,569,1368,3,0
1359,569,1337,0,3
1343,570,1321,0,3
1346,570,1368,3,0
1359,570,1337,0,3
1362,570,1384,3,0
1342,571,1364,2,0
1343,571,1321,0,3
1346,571,1368,3,0
1359,571,1337,0,3
1362,571,1384,3,0
1364,572,1386,2,0
1368,572,1390,3,0
1381,572,1359,0,3
1384,572,1406,3,0
1368,573,1390,3,0
1381,573,1359,0,3
1368,574,1390,3,0
1381,574,1359,0,3
1368,575,1390,3,0
1381,575,1359,0,3
1368,576,1390,3,0
1371,579,1393,3,0
1378,579,1356,0,3
1371,580,1393,3,0
1378,580,1356,0,3
1371,581,1393,3,0
1378,581,1356,0,3
1371,582,1393,3,0
1374,582,1352,0,3
1375,582,1353,0,3
1378,582,1356,0,3
1371,583,1393,3,0
1375,583,1353,0,3
1378,583,1356,0,3
1371,584,1393,3,0
1378,584,1356,0,3
1371,585,1393,3,0
1378,585,1356,0,3
1378,586,1356,0,3
1368,589,1390,3,0
1381,589,1359,0,3
1368,590,1390,3,0
1381,590,1359,0,3
1368,591,1390,3,0
1381,591,1359,0,3
1368,592,1390,3,0
1381,592,1359,0,3
1384,592,1406,3,0
1364,593,1386,2,0
1368,593,1390,3,0
1381,593,1359,0,3
1384,593,1406,3,0
1386,594,1408,2,0
1390,594,1412,3,0
1403,594,1381,0,3
1406,594,1428,3,0
1390,595,1412,3,0
1403,595,1381,0,3
1390,596,1412,3,0
1403,596,1381,0,3
1390,597,1412,3,0
1403,597,1381,0,3
1390,598,1412,3,0
1393,601,1415,3,0
1393,602,1415,3,0
1393,603,1415,3,0
1393,604,1415,3,0
1396,604,1374,0,3
1397,604,1375,0,3
1393,605,1415,3,0
1397,605,1375,0,3
1393,606,1415,3,0
1393,607,1415,3,0
1390,611,1412,3,0
1403,611,1381,0,3
1390,612,1412,3,0
1403,612,1381,0,3
1390,613,1412,3,0
1403,613,1381,0,3
1390,614,1412,3,0
1403,614,1381,0,3
1406,614,1428,3,0
1386,615,1408,2,0
1390,615,1412,3,0
1403,615,1381,0,3
1406,615,1428,3,0
1412,616,1434,3,0
1425,616,1403,0,3
1428,616,1450,3,0
1412,617,1434,3,0
1425,617,1403,0,3
1412,618,1434,3,0
1425,618,1403,0,3
1412,619,1434,3,0
1425,619,1403,0,3
1412,620,1434,3,0
1415,623,1437,3,0
1415,624,1437,3,0
1415,625,1437,3,0
1415,626,1437,3,0
1418,626,1396,0,3
1419,626,1397,0,3
1415,627,1437,3,0
1419,627,1397,0,3
1415,628,1437,3,0
1415,629,1437,3,0
1412,633,1434,3,0
1425,633,1403,0,3
1412,634,1434,3,0
1425,634,1403,0,3
1412,635,1434,3,0
1425,635,1403,0,3
1412,636,1434,3,0
1425,636,1403,0,3
1428,636,1450,3,0
1412,637,1434,3,0
1425,637,1403,0,3
1428,637,1450,3,0
1434,638,1456,3,0
1447,638,1425,0,3
1450,638,1472,3,0
1434,639,1456,3,0
1447,639,1425,0,3
1434,640,1456,3,0
1447,640,1425,0,3
1434,641,1456,3,0
1447,641,1425,0,3
1434,642,1456,3,0
1445,644,1467,3,0
1437,645,1459,3,0
1445,645,1467,3,0
1437,646,1459,3,0
1445,646,1467,3,0
1437,647,1459,3,0
1445,647,1467,3,0
1437,648,1459,3,0
1440,648,1418,0,3
1441,648,1419,0,3
1445,648,1467,3,0
1437,649,1459,3,0
1441,649,1419,0,3
1445,649,1467,3,0
1437,650,1459,3,0
1445,650,1467,3,0
1437,651,1459,3,0
1445,651,1467,3,0
1445,652,1467,3,0
1445,653,1467,3,0
1434,655,1456,3,0
1447,655,1425,0,3
1434,656,1456,3,0
1447,656,1425,0,3
1434,657,1456,3,0
1447,657,1425,0,3
1434,658,1456,3,0
1447,658,1425,0,3
1450,658,1472,3,0
1434,659,1456,3,0
1447,659,1425,0,3
1450,659,1472,3,0
1452,660,1430,0,2
1455,660,1477,3,0
1456,660,1478,3,0
1469,660,1447,0,3
1472,660,1494,3,0
1455,661,1477,3,0
1456,661,1478,3,0
1469,661,1447,0,3
1455,662,1477,3,0
1456,662,1478,3,0
1469,662,1447,0,3
1455,663,1477,3,0
1456,663,1478,3,0
1469,663,1447,0,3
1456,664,1478,3,0
1458,666,1480,3,0
1458,667,1480,3,0
1459,667,1481,3,0
1458,668,1480,3,0
1459,668,1481,3,0
1458,669,1480,3,0
1459,669,1481,3,0
1458,670,1480,3,0
1459,670,1481,3,0
1462,670,1440,0,3
1463,670,1441,0,3
1458,671,1480,3,0
1459,671,1481,3,0
1463,671,1441,0,3
1458,672,1480,3,0
1459,672,1481,3,0
1458,673,1480,3,0
1459,673,1481,3,0
1458,674,1480,3,0
1456,677,1478,3,0
1469,677,1447,0,3
1455,678,1477,3,0
1456,678,1478,3,0
1469,678,1447,0,3
1455,679,1477,3,0
1456,679,1478,3,0
1469,679,1447,0,3
1455,680,1477,3,0
1456,680,1478,3,0
1469,680,1447,0,3
1472,680,1494,3,0
1452,681,1430,0,2
1455,681,1477,3,0
1456,681,1478,3,0
1469,681,1447,0,3
1472,681,1494,3,0
1474,682,1452,0,2
1477,682,1499,3,0
1478,682,1500,3,0
1491,682,1469,0,3
1492,682,1470,0,3
1494,682,1516,3,0
1477,683,1499,3,0
1478,683,1500,3,0
1491,683,1469,0,3
1492,683,1470,0,3
1477,684,1499,3,0
1478,684,1500,3,0
1491,684,1469,0,3
1492,684,1470,0,3
1477,685,1499,3,0
1478,685,1500,3,0
1491,685,1469,0,3
1478,686,1500,3,0
1480,688,1502,3,0
1480,689,1502,3,0
1481,689,1503,3,0
1480,690,1502,3,0
1481,690,1503,3,0
1480,691,1502,3,0
1481,691,1503,3,0
1483,691,1505,3,0
1480,692,1502,3,0
1481,692,1503,3,0
1483,692,1505,3,0
1480,693,1502,3,0
1481,693,1503,3,0
1483,693,1505,3,0
1480,694,1502,3,0
1481,694,1503,3,0
1480,695,1502,3,0
1481,695,1503,3,0
1480,696,1502,3,0
1478,699,1500,3,0
1491,699,1469,0,3
1477,700,1499,3,0
1478,700,1500,3,0
1491,700,1469,0,3
1492,700,1470,0,3
1477,701,1499,3,0
1478,701,1500,3,0
1491,701,1469,0,3
1492,701,1470,0,3
1477,702,1499,3,0
1478,702,1500,3,0
1491,702,1469,0,3
1492,702,1470,0,3
1494,702,1516,3,0
1474,703,1452,0,2
1477,703,1499,3,0
1478,703,1500,3,0
1491,703,1469,0,3
1492,703,1470,0,3
1494,703,1516,3,0
1496,704,1474,0,2
1499,704,1521,3,0
1500,704,1522,3,0
1513,704,1491,0,3
1514,704,1492,0,3
1516,704,1538,3,0
1499,705,1521,3,0
1500,705,1522,3,0
1513,705,1491,0,3
1514,705,1492,0,3
1499,706,1521,3,0
1500,706,1522,3,0
1513,706,1491,0,3
1514,706,1492,0,3
1499,707,1521,3,0
1500,707,1522,3,0
1513,707,1491,0,3
1500,708,1522,3,0
1502,710,1524,3,0
1502,711,1524,3,0
1503,711,1525,3,0
1502,712,1524,3,0
1503,712,1525,3,0
1502,713,1524,3,0
1503,713,1525,3,0
1502,714,1524,3,0
1503,714,1525,3,0
1502,715,1524,3,0
1503,715,1525,3,0
1502,716,1524,3,0
1503,716,1525,3,0
1502,717,1524,3,0
1503,717,1525,3,0
1502,718,1524,3,0
1500,721,1522,3,0
1513,721,1491,0,3
1499,722,1521,3,0
1500,722,1522,3,0
1513,722,1491,0,3
1514,722,1492,0,3
1499,723,1521,3,0
1500,723,1522,3,0
1513,723,1491,0,3
1514,723,1492,0,3
1499,724,1521,3,0
1500,724,1522,3,0
1513,724,1491,0,3
1514,724,1492,0,3
1516,724,1538,3,0
1496,725,1474,0,2
1499,725,1521,3,0
1500,725,1522,3,0
1513,725,1491,0,3
1514,725,1492,0,3
1516,725,1538,3,0
1521,726,1543,3,0
1523,726,1545,3,0
1535,726,1513,0,3
1537,726,1559,3,0
1521,727,1543,3,0
1523,727,1545,3,0
1535,727,1513,0,3
1537,727,1559,3,0
1521,728,1543,3,0
1523,728,1545,3,0
1535,728,1513,0,3
1521,729,1543,3,0
1523,729,1545,3,0
1535,729,1513,0,3
1523,730,1545,3,0
1523,731,1545,3,0
1523,732,1545,3,0
1524,732,1546,3,0
1523,733,1545,3,0
1524,733,1546,3,0
1525,733,1547,3,0
1532,733,1510,0,3
1523,734,1545,3,0
1524,734,1546,3,0
1525,734,1547,3,0
1526,734,1504,0,3
1531,734,1509,0,3
1532,734,1510,0,3
1523,735,1545,3,0
1524,735,1546,3,0
1525,735,1547,3,0
1526,735,1504,0,3
1531,735,1509,0,3
1532,735,1510,0,3
1523,736,1545,3,0
1524,736,1546,3,0
1525,736,1547,3,0
1526,736,1504,0,3
1531,736,1509,0,3
1532,736,1510,0,3
1523,737,1545,3,0
1524,737,1546,3,0
1525,737,1547,3,0
1526,737,1504,0,3
1531,737,1509,0,3
1532,737,1510,0,3
1523,738,1545,3,0
1524,738,1546,3,0
1525,738,1547,3,0
1526,738,1504,0,3
1531,738,1509,0,3
1532,738,1510,0,3
1523,739,1545,3,0
1524,739,1546,3,0
1525,739,1547,3,0
1531,739,1509,0,3
1532,739,1510,0,3
1523,740,1545,3,0
1524,740,1546,3,0
1532,740,1510,0,3
1523,741,1545,3,0
1523,743,1545,3,0
1535,743,1513,0,3
1521,744,1543,3,0
1523,744,1545,3,0
1535,744,1513,0,3
1521,745,1543,3,0
1523,745,1545,3,0
1535,745,1513,0,3
1537,745,1559,3,0
1521,746,1543,3,0
1523,746,1545,3,0
1535,746,1513,0,3
1537,746,1559,3,0
1521,747,1543,3,0
1523,747,1545,3,0
1535,747,1513,0,3
1537,747,1559,3,0
1543,748,1565,3,0
1544,748,1522,0,3
1545,748,1567,3,0
1556,748,1534,0,3
1557,748,1535,0,3
1559,748,1581,3,0
1543,749,1565,3,0
1544,749,1522,0,3
1545,749,1567,3,0
1556,749,1534,0,3
1557,749,1535,0,3
1559,749,1581,3,0
1543,750,1565,3,0
1544,750,1522,0,3
1545,750,1567,3,0
1556,750,1534,0,3
1557,750,1535,0,3
1543,751,1565,3,0
1544,751,1522,0,3
1545,751,1567,3,0
1556,751,1534,0,3
1557,751,1535,0,3
1544,752,1522,0,3
1545,752,1567,3,0
1556,752,1534,0,3
1545,753,1567,3,0
1545,754,1567,3,0
1546,754,1568,3,0
1556,754,1534,0,3
1545,755,1567,3,0
1546,755,1568,3,0
1547,755,1569,3,0
1554,755,1532,0,3
1556,755,1534,0,3
1545,756,1567,3,0
1546,756,1568,3,0
1547,756,1569,3,0
1548,756,1526,0,3
1553,756,1531,0,3
1554,756,1532,0,3
1556,756,1534,0,3
1545,757,1567,3,0
1546,757,1568,3,0
1547,757,1569,3,0
1548,757,1526,0,3
1549,757,1571,3,0
1553,757,1531,0,3
1554,757,1532,0,3
1556,757,1534,0,3
1545,758,1567,3,0
1546,758,1568,3,0
1547,758,1569,3,0
1548,758,1526,0,3
1549,758,1571,3,0
1553,758,1531,0,3
1554,758,1532,0,3
1556,758,1534,0,3
1545,759,1567,3,0
1546,759,1568,3,0
1547,759,1569,3,0
1548,759,1526,0,3
1549,759,1571,3,0
1553,759,1531,0,3
1554,759,1532,0,3
1556,759,1534,0,3
1545,760,1567,3,0
1546,760,1568,3,0
1547,760,1569,3,0
1548,760,1526,0,3
1553,760,1531,0,3
1554,760,1532,0,3
1556,760,1534,0,3
1545,761,1567,3,0
1546,761,1568,3,0
1547,761,1569,3,0
1553,761,1531,0,3
1554,761,1532,0,3
1556,761,1534,0,3
1545,762,1567,3,0
1546,762,1568,3,0
1554,762,1532,0,3
1556,762,1534,0,3
1556,763,1534,0,3
1556,764,1534,0,3
1544,765,1522,0,3
1545,765,1567,3,0
1556,765,1534,0,3
1557,765,1535,0,3
1543,766,1565,3,0
1544,766,1522,0,3
1545,766,1567,3,0
1556,766,1534,0,3
1557,766,1535,0,3
1543,767,1565,3,0
1544,767,1522,0,3
1545,767,1567,3,0
1556,767,1534,0,3
1557,767,1535,0,3
1559,767,1581,3,0
1543,768,1565,3,0
1544,768,1522,0,3
1545,768,1567,3,0
1556,768,1534,0,3
1557,768,1535,0,3
1559,768,1581,3,0
1543,769,1565,3,0
1544,769,1522,0,3
1545,769,1567,3,0
1556,769,1534,0,3
1557,769,1535,0,3
1559,769,1581,3,0
1565,770,3,3,3
1566,770,1544,0,3
1567,770,5,3,3
1579,770,1557,0,3
1581,770,19,3,3
1582,770,20,3,3
1565,771,3,3,3
1566,771,1544,0,3
1567,771,5,3,3
1579,771,1557,0,3
1581,771,19,3,3
1565,772,3,3,3
1566,772,1544,0,3
1567,772,5,3,3
1579,772,1557,0,3
1565,773,3,3,3
1566,773,1544,0,3
1567,773,5,3,3
1579,773,1557,0,3
1566,774,1544,0,3
1567,774,5,3,3
1567,775,5,3,3
1567,776,5,3,3
1568,776,6,3,3
1567,777,5,3,3
1568,777,6,3,3
1569,777,7,3,3
1576,777,1554,0,3
1567,778,5,3,3
1568,778,6,3,3
1569,778,7,3,3
1570,778,1548,0,3
1575,778,1553,0,3
1576,778,1554,0,3
1567,779,5,3,3
1568,779,6,3,3
1569,779,7,3,3
1570,779,1548,0,3
1575,779,1553,0,3
1576,779,1554,0,3
1567,780,5,3,3
1568,780,6,3,3
1569,780,7,3,3
1570,780,1548,0,3
1573,780,1551,0,3
1575,780,1553,0,3
1576,780,1554,0,3
1567,781,5,3,3
1568,781,6,3,3
1569,781,7,3,3
1570,781,1548,0,3
1573,781,1551,0,3
1575,781,1553,0,3
1576,781,1554,0,3
1567,782,5,3,3
1568,782,6,3,3
1569,782,7,3,3
1570,782,1548,0,3
1575,782,1553,0,3
1576,782,1554,0,3
1567,783,5,3,3
1568,783,6,3,3
1569,783,7,3,3
1575,783,1553,0,3
1576,783,1554,0,3
1567,784,5,3,3
1568,784,6,3,3
1576,784,1554,0,3
1567,785,5,3,3
1566,787,1544,0,3
1567,787,5,3,3
1579,787,1557,0,3
1565,788,3,3,3
1566,788,1544,0,3
1567,788,5,3,3
1579,788,1557,0,3
1565,789,3,3,3
1566,789,1544,0,3
1567,789,5,3,3
1579,789,1557,0,3
1581,789,19,3,3
1565,790,3,3,3
1566,790,1544,0,3
1567,790,5,3,3
1579,790,1557,0,3
1581,790,19,3,3
1582,790,20,3,3
1565,791,3,3,3
1566,791,1544,0,3
1567,791,5,3,3
1579,791,1557,0,3
1581,791,19,3,3
1582,791,20,3,3
2,792,1564,3,3
3,792,25,2,0
4,792,1566,3,3
5,792,27,2,0
19,792,41,2,0
2,793,1564,3,3
3,793,25,2,0
4,793,1566,3,3
5,793,27,2,0
19,793,41,2,0
2,794,1564,3,3
3,794,25,2,0
4,794,1566,3,3
5,794,27,2,0
3,795,25,2,0
4,795,1566,3,3
5,795,27,2,0
4,796,1566,3,3
5,796,27,2,0
5,797,27,2,0
5,798,27,2,0
6,798,28,2,0
5,799,27,2,0
6,799,28,2,0
7,799,29,2,0
14,799,1576,3,3
5,800,27,2,0
6,800,28,2,0
7,800,29,2,0
8,800,1570,3,3
13,800,1575,3,3
14,800,1576,3,3
5,801,27,2,0
6,801,28,2,0
7,801,29,2,0
8,801,1570,3,3
9,801,31,2,0
12,801,1574,3,3
13,801,1575,3,3
14,801,1576,3,3
5,802,27,2,0
6,802,28,2,0
7,802,29,2,0
8,802,1570,3,3
9,802,31,2,0
10,802,1572,3,3
12,802,1574,3,3
13,802,1575,3,3
14,802,1576,3,3
5,803,27,2,0
6,803,28,2,0
7,803,29,2,0
8,803,1570,3,3
9,803,31,2,0
12,803,1574,3,3
13,803,1575,3,3
14,803,1576,3,3
5,804,27,2,0
6,804,28,2,0
7,804,29,2,0
8,804,1570,3,3
12,804,1574,3,3
13,804,1575,3,3
14,804,1576,3,3
5,805,27,2,0
6,805,28,2,0
7,805,29,2,0
13,805,1575,3,3
14,805,1576,3,3
5,806,27,2,0
6,806,28,2,0
14,806,1576,3,3
4,809,1566,3,3
5,809,27,2,0
3,810,25,2,0
4,810,1566,3,3
5,810,27,2,0
2,811,1564,3,3
3,811,25,2,0
4,811,1566,3,3
5,811,27,2,0
19,811,41,2,0
2,812,1564,3,3
3,812,25,2,0
4,812,1566,3,3
5,812,27,2,0
19,812,41,2,0
2,813,1564,3,3
3,813,25,2,0
4,813,1566,3,3
5,813,27,2,0
19,813,41,2,0
24,814,2,0,2
25,814,47,3,0
26,814,4,0,2
27,814,5,0,2
42,814,64,3,0
24,815,2,0,2
25,815,47,3,0
26,815,4,0,2
27,815,5,0,2
24,816,2,0,2
25,816,47,3,0
26,816,4,0,2
27,816,5,0,2
25,817,47,3,0
26,817,4,0,2
27,817,5,0,2
26,818,4,0,2
27,818,5,0,2
27,819,5,0,2
27,820,5,0,2
27,821,5,0,2
36,821,14,0,2
27,822,5,0,2
30,822,8,0,2
35,822,13,0,2
36,822,14,0,2
27,823,5,0,2
30,823,8,0,2
31,823,53,3,0
34,823,12,0,2
35,823,13,0,2
36,823,14,0,2
27,824,5,0,2
30,824,8,0,2
31,824,53,3,0
32,824,10,0,2
34,824,12,0,2
35,824,13,0,2
36,824,14,0,2
27,825,5,0,2
30,825,8,0,2
31,825,53,3,0
34,825,12,0,2
35,825,13,0,2
36,825,14,0,2
27,826,5,0,2
30,826,8,0,2
34,826,12,0,2
35,826,13,0,2
36,826,14,0,2
27,827,5,0,2
35,827,13,0,2
36,827,14,0,2
27,828,5,0,2
36,828,14,0,2
27,829,5,0,2
26,831,4,0,2
27,831,5,0,2
25,832,47,3,0
26,832,4,0,2
27,832,5,0,2
24,833,2,0,2
25,833,47,3,0
26,833,4,0,2
27,833,5,0,2
24,834,2,0,2
25,834,47,3,0
26,834,4,0,2
27,834,5,0,2
42,834,64,3,0
24,835,2,0,2
25,835,47,3,0
26,835,4,0,2
27,835,5,0,2
42,835,64,3,0
44,836,22,0,2
46,836,24,0,3
47,836,69,3,0
49,836,27,0,3
64,836,86,3,0
46,837,24,0,3
47,837,69,3,0
49,837,27,0,3
46,838,24,0,3
47,838,69,3,0
49,838,27,0,3
47,839,69,3,0
49,839,27,0,3
49,840,27,0,3
49,841,27,0,3
49,842,27,0,3
49,843,27,0,3
58,843,36,0,3
49,844,27,0,3
52,844,30,0,3
57,844,35,0,3
58,844,36,0,3
49,845,27,0,3
52,845,30,0,3
53,845,75,3,0
56,845,34,0,3
57,845,35,0,3
58,845,36,0,3
49,846,27,0,3
52,846,30,0,3
53,846,75,3,0
56,846,34,0,3
57,846,35,0,3
58,846,36,0,3
49,847,27,0,3
52,847,30,0,3
53,847,75,3,0
56,847,34,0,3
57,847,35,0,3
58,847,36,0,3
49,848,27,0,3
52,848,30,0,3
56,848,34,0,3
57,848,35,0,3
58,848,36,0,3
49,849,27,0,3
57,849,35,0,3
58,849,36,0,3
49,850,27,0,3
58,850,36,0,3
49,853,27,0,3
47,854,69,3,0
49,854,27,0,3
46,855,24,0,3
47,855,69,3,0
49,855,27,0,3
46,856,24,0,3
47,856,69,3,0
49,856,27,0,3
64,856,86,3,0
44,857,22,0,2
46,857,24,0,3
47,857,69,3,0
49,857,27,0,3
64,857,86,3,0
66,858,44,0,2
68,858,46,0,3
69,858,91,3,0
85,858,107,3,0
86,858,108,3,0
68,859,46,0,3
69,859,91,3,0
85,859,107,3,0
68,860,46,0,3
69,860,91,3,0
69,861,91,3,0
72,864,94,3,0
81,864,59,0,3
72,865,94,3,0
73,865,95,3,0
80,865,58,0,3
81,865,59,0,3
72,866,94,3,0
73,866,95,3,0
74,866,52,0,3
79,866,57,0,3
80,866,58,0,3
81,866,59,0,3
72,867,94,3,0
73,867,95,3,0
74,867,52,0,3
75,867,97,3,0
78,867,56,0,3
79,867,57,0,3
80,867,58,0,3
81,867,59,0,3
72,868,94,3,0
73,868,95,3,0
74,868,52,0,3
75,868,97,3,0
76,868,98,3,0
78,868,56,0,3
79,868,57,0,3
80,868,58,0,3
81,868,59,0,3
72,869,94,3,0
73,869,95,3,0
74,869,52,0,3
75,869,97,3,0
78,869,56,0,3
79,869,57,0,3
80,869,58,0,3
81,869,59,0,3
72,870,94,3,0
73,870,95,3,0
74,870,52,0,3
78,870,56,0,3
79,870,57,0,3
80,870,58,0,3
81,870,59,0,3
72,871,94,3,0
73,871,95,3,0
79,871,57,0,3
80,871,58,0,3
81,871,59,0,3
72,872,94,3,0
80,872,58,0,3
81,872,59,0,3
81,873,59,0,3
69,876,91,3,0
68,877,46,0,3
69,877,91,3,0
85,877,107,3,0
68,878,46,0,3
69,878,91,3,0
85,878,107,3,0
86,878,108,3,0
66,879,44,0,2
68,879,46,0,3
69,879,91,3,0
85,879,107,3,0
86,879,108,3,0
88,880,66,0,2
90,880,68,0,3
91,880,113,3,0
105,880,127,3,0
108,880,130,3,0
90,881,68,0,3
91,881,113,3,0
105,881,127,3,0
90,882,68,0,3
91,882,113,3,0
105,882,127,3,0
91,883,113,3,0
105,883,127,3,0
94,886,116,3,0
103,886,81,0,3
94,887,116,3,0
95,887,117,3,0
102,887,80,0,3
103,887,81,0,3
94,888,116,3,0
95,888,117,3,0
96,888,74,0,3
101,888,79,0,3
102,888,80,0,3
103,888,81,0,3
94,889,116,3,0
95,889,117,3,0
96,889,74,0,3
97,889,119,3,0
100,889,78,0,3
101,889,79,0,3
102,889,80,0,3
103,889,81,0,3
94,890,116,3,0
95,890,117,3,0
96,890,74,0,3
97,890,119,3,0
98,890,120,3,0
100,890,78,0,3
101,890,79,0,3
102,890,80,0,3
103,890,81,0,3
94,891,116,3,0
95,891,117,3,0
96,891,74,0,3
97,891,119,3,0
100,891,78,0,3
101,891,79,0,3
102,891,80,0,3
103,891,81,0,3
94,892,116,3,0
95,892,117,3,0
96,892,74,0,3
100,892,78,0,3
101,892,79,0,3
102,892,80,0,3
103,892,81,0,3
94,893,116,3,0
95,893,117,3,0
101,893,79,0,3
102,893,80,0,3
103,893,81,0,3
94,894,116,3,0
102,894,80,0,3
103,894,81,0,3
103,895,81,0,3
105,897,127,3,0
91,898,113,3,0
105,898,127,3,0
90,899,68,0,3
91,899,113,3,0
105,899,127,3,0
90,900,68,0,3
91,900,113,3,0
105,900,127,3,0
108,900,130,3,0
88,901,66,0,2
90,901,68,0,3
91,901,113,3,0
105,901,127,3,0
108,901,130,3,0
109,901,131,3,0
110,902,88,0,2
112,902,90,0,3
113,902,135,3,0
127,902,149,3,0
130,902,152,3,0
112,903,90,0,3
113,903,135,3,0
127,903,149,3,0
112,904,90,0,3
113,904,135,3,0
127,904,149,3,0
113,905,135,3,0
127,905,149,3,0
116,908,138,3,0
125,908,103,0,3
116,909,138,3,0
117,909,139,3,0
124,909,102,0,3
125,909,103,0,3
116,910,138,3,0
117,910,139,3,0
118,910,96,0,3
123,910,101,0,3
124,910,102,0,3
125,910,103,0,3
116,911,138,3,0
117,911,139,3,0
118,911,96,0,3
122,911,100,0,3
123,911,101,0,3
124,911,102,0,3
125,911,103,0,3
116,912,138,3,0
117,912,139,3,0
118,912,96,0,3
120,912,142,3,0
122,912,100,0,3
123,912,101,0,3
124,912,102,0,3
125,912,103,0,3
116,913,138,3,0
117,913,139,3,0
118,913,96,0,3
122,913,100,0,3
123,913,101,0,3
124,913,102,0,3
125,913,103,0,3
116,914,138,3,0
117,914,139,3,0
118,914,96,0,3
122,914,100,0,3
123,914,101,0,3
124,914,102,0,3
125,914,103,0,3
116,915,138,3,0
117,915,139,3,0
123,915,101,0,3
124,915,102,0,3
125,915,103,0,3
116,916,138,3,0
124,916,102,0,3
125,916,103,0,3
125,917,103,0,3
127,919,149,3,0
113,920,135,3,0
127,920,149,3,0
112,921,90,0,3
113,921,135,3,0
127,921,149,3,0
112,922,90,0,3
113,922,135,3,0
127,922,149,3,0
130,922,152,3,0
110,923,88,0,2
112,923,90,0,3
113,923,135,3,0
127,923,149,3,0
130,923,152,3,0
132,924,110,0,2
134,924,112,0,3
149,924,171,3,0
134,925,112,0,3
149,925,171,3,0
134,926,112,0,3
149,926,171,3,0
149,927,171,3,0
138,930,160,3,0
147,930,125,0,3
138,931,160,3,0
139,931,161,3,0
146,931,124,0,3
147,931,125,0,3
138,932,160,3,0
139,932,161,3,0
140,932,118,0,3
145,932,123,0,3
146,932,124,0,3
147,932,125,0,3
138,933,160,3,0
139,933,161,3,0
140,933,118,0,3
144,933,122,0,3
145,933,123,0,3
146,933,124,0,3
147,933,125,0,3
138,934,160,3,0
139,934,161,3,0
140,934,118,0,3
142,934,164,3,0
144,934,122,0,3
145,934,123,0,3
146,934,124,0,3
147,934,125,0,3
138,935,160,3,0
139,935,161,3,0
140,935,118,0,3
144,935,122,0,3
145,935,123,0,3
146,935,124,0,3
147,935,125,0,3
138,936,160,3,0
139,936,161,3,0
140,936,118,0,3
144,936,122,0,3
145,936,123,0,3
146,936,124,0,3
147,936,125,0,3
138,937,160,3,0
139,937,161,3,0
145,937,123,0,3
146,937,124,0,3
147,937,125,0,3
138,938,160,3,0
146,938,124,0,3
147,938,125,0,3
147,939,125,0,3
149,941,171,3,0
149,942,171,3,0
134,943,112,0,3
149,943,171,3,0
134,944,112,0,3
149,944,171,3,0
132,945,110,0,2
134,945,112,0,3
149,945,171,3,0
154,946,132,0,2
156,946,134,0,3
171,946,193,3,0
174,946,152,0,3
156,947,134,0,3
171,947,193,3,0
156,948,134,0,3
171,948,193,3,0
171,949,193,3,0
160,952,182,3,0
169,952,147,0,3
160,953,182,3,0
161,953,183,3,0
168,953,146,0,3
169,953,147,0,3
160,954,182,3,0
161,954,183,3,0
162,954,140,0,3
168,954,146,0,3
169,954,147,0,3
160,955,182,3,0
161,955,183,3,0
162,955,140,0,3
166,955,144,0,3
168,955,146,0,3
169,955,147,0,3
160,956,182,3,0
161,956,183,3,0
162,956,140,0,3
164,956,186,3,0
166,956,144,0,3
168,956,146,0,3
169,956,147,0,3
160,957,182,3,0
161,957,183,3,0
162,957,140,0,3
166,957,144,0,3
168,957,146,0,3
169,957,147,0,3
160,958,182,3,0
161,958,183,3,0
162,958,140,0,3
166,958,144,0,3
168,958,146,0,3
169,958,147,0,3
160,959,182,3,0
161,959,183,3,0
168,959,146,0,3
169,959,147,0,3
160,960,182,3,0
168,960,146,0,3
169,960,147,0,3
169,961,147,0,3
171,963,193,3,0
171,964,193,3,0
156,965,134,0,3
171,965,193,3,0
156,966,134,0,3
171,966,193,3,0
174,966,152,0,3
154,967,132,0,2
156,967,134,0,3
171,967,193,3,0
174,967,152,0,3
176,968,154,0,2
193,968,215,3,0
195,968,217,3,0
196,968,174,0,3
193,969,215,3,0
195,969,217,3,0
193,970,215,3,0
193,971,215,3,0
182,974,204,3,0
191,974,169,0,3
182,975,204,3,0
190,975,168,0,3
191,975,169,0,3
182,976,204,3,0
190,976,168,0,3
191,976,169,0,3
182,977,204,3,0
188,977,166,0,3
190,977,168,0,3
191,977,169,0,3
182,978,204,3,0
187,978,209,3,0
188,978,166,0,3
190,978,168,0,3
191,978,169,0,3
182,979,204,3,0
187,979,209,3,0
188,979,166,0,3
190,979,168,0,3
191,979,169,0,3
182,980,204,3,0
188,980,166,0,3
190,980,168,0,3
191,980,169,0,3
182,981,204,3,0
190,981,168,0,3
191,981,169,0,3
182,982,204,3,0
190,982,168,0,3
191,982,169,0,3
191,983,169,0,3
193,985,215,3,0
193,986,215,3,0
193,987,215,3,0
195,987,217,3,0
193,988,215,3,0
195,988,217,3,0
196,988,174,0,3
176,989,154,0,2
193,989,215,3,0
195,989,217,3,0
196,989,174,0,3
198,990,176,0,2
215,990,237,3,0
217,990,239,3,0
218,990,196,0,3
215,991,237,3,0
217,991,239,3,0
215,992,237,3,0
215,993,237,3,0
204,996,226,3,0
204,997,226,3,0
212,997,190,0,3
204,998,226,3,0
211,998,189,0,3
212,998,190,0,3
204,999,226,3,0
210,999,188,0,3
211,999,189,0,3
212,999,190,0,3
204,1000,226,3,0
208,1000,230,3,0
209,1000,231,3,0
210,1000,188,0,3
211,1000,189,0,3
212,1000,190,0,3
204,1001,226,3,0
209,1001,231,3,0
210,1001,188,0,3
211,1001,189,0,3
212,1001,190,0,3
204,1002,226,3,0
210,1002,188,0,3
211,1002,189,0,3
212,1002,190,0,3
204,1003,226,3,0
211,1003,189,0,3
212,1003,190,0,3
204,1004,226,3,0
212,1004,190,0,3
215,1007,237,3,0
215,1008,237,3,0
215,1009,237,3,0
217,1009,239,3,0
215,1010,237,3,0
217,1010,239,3,0
218,1010,196,0,3
198,1011,176,0,2
215,1011,237,3,0
217,1011,239,3,0
218,1011,196,0,3
220,1012,198,0,2
236,1012,214,0,3
237,1012,259,3,0
240,1012,218,0,3
236,1013,214,0,3
237,1013,259,3,0
236,1014,214,0,3
237,1014,259,3,0
236,1015,214,0,3
237,1015,259,3,0
236,1016,214,0,3
236,1018,214,0,3
234,1019,212,0,3
236,1019,214,0,3
233,1020,211,0,3
234,1020,212,0,3
236,1020,214,0,3
232,1021,210,0,3
233,1021,211,0,3
234,1021,212,0,3
236,1021,214,0,3
230,1022,252,3,0
231,1022,253,3,0
232,1022,210,0,3
233,1022,211,0,3
234,1022,212,0,3
236,1022,214,0,3
231,1023,253,3,0
232,1023,210,0,3
233,1023,211,0,3
234,1023,212,0,3
236,1023,214,0,3
232,1024,210,0,3
233,1024,211,0,3
234,1024,212,0,3
236,1024,214,0,3
233,1025,211,0,3
234,1025,212,0,3
236,1025,214,0,3
234,1026,212,0,3
236,1026,214,0,3
236,1027,214,0,3
236,1028,214,0,3
236,1029,214,0,3
237,1029,259,3,0
236,1030,214,0,3
237,1030,259,3,0
236,1031,214,0,3
237,1031,259,3,0
236,1032,214,0,3
237,1032,259,3,0
240,1032,218,0,3
220,1033,198,0,2
236,1033,214,0,3
237,1033,259,3,0
240,1033,218,0,3
242,1034,220,0,2
258,1034,236,0,3
259,1034,281,3,0
262,1034,240,0,3
258,1035,236,0,3
259,1035,281,3,0
258,1036,236,0,3
259,1036,281,3,0
258,1037,236,0,3
259,1037,281,3,0
258,1038,236,0,3
258,1039,236,0,3
258,1040,236,0,3
249,1041,271,3,0
256,1041,234,0,3
258,1041,236,0,3
249,1042,271,3,0
256,1042,234,0,3
258,1042,236,0,3
249,1043,271,3,0
254,1043,232,0,3
256,1043,234,0,3
258,1043,236,0,3
249,1044,271,3,0
252,1044,274,3,0
253,1044,275,3,0
254,1044,232,0,3
256,1044,234,0,3
258,1044,236,0,3
249,1045,271,3,0
253,1045,275,3,0
254,1045,232,0,3
256,1045,234,0,3
258,1045,236,0,3
249,1046,271,3,0
254,1046,232,0,3
256,1046,234,0,3
258,1046,236,0,3
249,1047,271,3,0
256,1047,234,0,3
258,1047,236,0,3
256,1048,234,0,3
258,1048,236,0,3
258,1049,236,0,3
258,1050,236,0,3
258,1051,236,0,3
259,1051,281,3,0
258,1052,236,0,3
259,1052,281,3,0
258,1053,236,0,3
259,1053,281,3,0
258,1054,236,0,3
259,1054,281,3,0
262,1054,240,0,3
242,1055,220,0,2
258,1055,236,0,3
259,1055,281,3,0
262,1055,240,0,3
264,1056,242,0,2
280,1056,258,0,3
281,1056,303,3,0
284,1056,262,0,3
280,1057,258,0,3
281,1057,303,3,0
280,1058,258,0,3
281,1058,303,3,0
280,1059,258,0,3
281,1059,303,3,0
280,1060,258,0,3
280,1062,258,0,3
278,1063,256,0,3
280,1063,258,0,3
278,1064,256,0,3
280,1064,258,0,3
276,1065,254,0,3
278,1065,256,0,3
280,1065,258,0,3
275,1066,297,3,0
276,1066,254,0,3
278,1066,256,0,3
280,1066,258,0,3
275,1067,297,3,0
276,1067,254,0,3
278,1067,256,0,3
280,1067,258,0,3
276,1068,254,0,3
278,1068,256,0,3
280,1068,258,0,3
278,1069,256,0,3
280,1069,258,0,3
278,1070,256,0,3
280,1070,258,0,3
280,1071,258,0,3
280,1072,258,0,3
280,1073,258,0,3
281,1073,303,3,0
280,1074,258,0,3
281,1074,303,3,0
280,1075,258,0,3
281,1075,303,3,0
280,1076,258,0,3
281,1076,303,3,0
284,1076,262,0,3
264,1077,242,0,2
280,1077,258,0,3
281,1077,303,3,0
284,1077,262,0,3
286,1078,264,0,2
302,1078,280,0,3
303,1078,325,3,0
306,1078,284,0,3
302,1079,280,0,3
303,1079,325,3,0
302,1080,280,0,3
303,1080,325,3,0
302,1081,280,0,3
303,1081,325,3,0
302,1082,280,0,3
302,1083,280,0,3
302,1084,280,0,3
293,1085,271,0,3
302,1085,280,0,3
293,1086,271,0,3
302,1086,280,0,3
293,1087,271,0,3
298,1087,276,0,3
302,1087,280,0,3
293,1088,271,0,3
297,1088,319,3,0
298,1088,276,0,3
302,1088,280,0,3
293,1089,271,0,3
297,1089,319,3,0
298,1089,276,0,3
302,1089,280,0,3
293,1090,271,0,3
298,1090,276,0,3
302,1090,280,0,3
293,1091,271,0,3
302,1091,280,0,3
302,1092,280,0,3
302,1093,280,0,3
302,1094,280,0,3
302,1095,280,0,3
303,1095,325,3,0
302,1096,280,0,3
303,1096,325,3,0
302,1097,280,0,3
303,1097,325,3,0
302,1098,280,0,3
303,1098,325,3,0
306,1098,284,0,3
286,1099,264,0,2
302,1099,280,0,3
303,1099,325,3,0
306,1099,284,0,3
308,1100,286,0,2
324,1100,302,0,3
325,1100,347,3,0
328,1100,306,0,3
324,1101,302,0,3
325,1101,347,3,0
324,1102,302,0,3
325,1102,347,3,0
324,1103,302,0,3
325,1103,347,3,0
324,1104,302,0,3
314,1106,292,0,3
324,1106,302,0,3
314,1107,292,0,3
315,1107,293,0,3
324,1107,302,0,3
314,1108,292,0,3
315,1108,293,0,3
316,1108,294,0,3
324,1108,302,0,3
314,1109,292,0,3
315,1109,293,0,3
316,1109,294,0,3
320,1109,298,0,3
324,1109,302,0,3
314,1110,292,0,3
315,1110,293,0,3
316,1110,294,0,3
318,1110,340,3,0
319,1110,341,3,0
320,1110,298,0,3
324,1110,302,0,3
314,1111,292,0,3
315,1111,293,0,3
316,1111,294,0,3
319,1111,341,3,0
320,1111,298,0,3
324,1111,302,0,3
314,1112,292,0,3
315,1112,293,0,3
316,1112,294,0,3
320,1112,298,0,3
324,1112,302,0,3
314,1113,292,0,3
315,1113,293,0,3
324,1113,302,0,3
314,1114,292,0,3
324,1114,302,0,3
324,1115,302,0,3
324,1116,302,0,3
324,1117,302,0,3
325,1117,347,3,0
324,1118,302,0,3
325,1118,347,3,0
324,1119,302,0,3
325,1119,347,3,0
324,1120,302,0,3
325,1120,347,3,0
328,1120,306,0,3
308,1121,286,0,2
324,1121,302,0,3
325,1121,347,3,0
328,1121,306,0,3
330,1122,308,0,2
333,1122,311,0,3
347,1122,369,3,0
350,1122,328,0,3
333,1123,311,0,3
347,1123,369,3,0
333,1124,311,0,3
347,1124,369,3,0
333,1125,311,0,3
347,1125,369,3,0
337,1129,315,0,3
337,1130,315,0,3
338,1130,316,0,3
343,1130,321,0,3
337,1131,315,0,3
338,1131,316,0,3
342,1131,320,0,3
343,1131,321,0,3
337,1132,315,0,3
338,1132,316,0,3
340,1132,362,3,0
341,1132,363,3,0
342,1132,320,0,3
343,1132,321,0,3
337,1133,315,0,3
338,1133,316,0,3
341,1133,363,3,0
342,1133,320,0,3
343,1133,321,0,3
337,1134,315,0,3
338,1134,316,0,3
342,1134,320,0,3
343,1134,321,0,3
337,1135,315,0,3
343,1135,321,0,3
347,1139,369,3,0
333,1140,311,0,3
347,1140,369,3,0
333,1141,311,0,3
347,1141,369,3,0
333,1142,311,0,3
347,1142,369,3,0
350,1142,328,0,3
330,1143,308,0,2
333,1143,311,0,3
347,1143,369,3,0
350,1143,328,0,3
352,1144,330,0,2
355,1144,333,0,3
369,1144,391,3,0
371,1144,393,3,0
372,1144,350,0,3
355,1145,333,0,3
369,1145,391,3,0
371,1145,393,3,0
355,1146,333,0,3
369,1146,391,3,0
355,1147,333,0,3
369,1147,391,3,0
359,1151,337,0,3
359,1152,337,0,3
359,1153,337,0,3
364,1153,342,0,3
359,1154,337,0,3
362,1154,384,3,0
363,1154,385,3,0
364,1154,342,0,3
359,1155,337,0,3
363,1155,385,3,0
364,1155,342,0,3
359,1156,337,0,3
364,1156,342,0,3
359,1157,337,0,3
369,1161,391,3,0
355,1162,333,0,3
369,1162,391,3,0
355,1163,333,0,3
369,1163,391,3,0
371,1163,393,3,0
355,1164,333,0,3
369,1164,391,3,0
371,1164,393,3,0
372,1164,350,0,3
352,1165,330,0,2
355,1165,333,0,3
369,1165,391,3,0
371,1165,393,3,0
372,1165,350,0,3
377,1166,355,0,3
391,1166,413,3,0
393,1166,415,3,0
394,1166,372,0,3
377,1167,355,0,3
391,1167,413,3,0
393,1167,415,3,0
377,1168,355,0,3
391,1168,413,3,0
377,1169,355,0,3
391,1169,413,3,0
381,1173,359,0,3
381,1174,359,0,3
387,1174,365,0,3
381,1175,359,0,3
387,1175,365,0,3
381,1176,359,0,3
384,1176,406,3,0
385,1176,407,3,0
387,1176,365,0,3
381,1177,359,0,3
385,1177,407,3,0
387,1177,365,0,3
381,1178,359,0,3
387,1178,365,0,3
381,1179,359,0,3
387,1179,365,0,3
391,1183,413,3,0
377,1184,355,0,3
391,1184,413,3,0
377,1185,355,0,3
391,1185,413,3,0
393,1185,415,3,0
377,1186,355,0,3
391,1186,413,3,0
393,1186,415,3,0
394,1186,372,0,3
377,1187,355,0,3
391,1187,413,3,0
393,1187,415,3,0
394,1187,372,0,3
399,1188,377,0,3
413,1188,435,3,0
415,1188,437,3,0
416,1188,394,0,3
399,1189,377,0,3
413,1189,435,3,0
415,1189,437,3,0
399,1190,377,0,3
413,1190,435,3,0
399,1191,377,0,3
413,1191,435,3,0
403,1195,381,0,3
410,1195,432,3,0
403,1196,381,0,3
409,1196,387,0,3
410,1196,432,3,0
403,1197,381,0,3
409,1197,387,0,3
410,1197,432,3,0
403,1198,381,0,3
406,1198,428,3,0
407,1198,429,3,0
409,1198,387,0,3
410,1198,432,3,0
403,1199,381,0,3
407,1199,429,3,0
409,1199,387,0,3
410,1199,432,3,0
403,1200,381,0,3
409,1200,387,0,3
410,1200,432,3,0
403,1201,381,0,3
409,1201,387,0,3
410,1201,432,3,0
410,1202,432,3,0
413,1205,435,3,0
399,1206,377,0,3
413,1206,435,3,0
399,1207,377,0,3
413,1207,435,3,0
415,1207,437,3,0
399,1208,377,0,3
413,1208,435,3,0
415,1208,437,3,0
416,1208,394,0,3
399,1209,377,0,3
413,1209,435,3,0
415,1209,437,3,0
416,1209,394,0,3
419,1210,397,0,3
421,1210,399,0,3
423,1210,401,0,3
435,1210,457,3,0
437,1210,459,3,0
438,1210,416,0,3
419,1211,397,0,3
421,1211,399,0,3
423,1211,401,0,3
435,1211,457,3,0
437,1211,459,3,0
421,1212,399,0,3
423,1212,401,0,3
435,1212,457,3,0
421,1213,399,0,3
423,1213,401,0,3
435,1213,457,3,0
423,1214,401,0,3
423,1215,401,0,3
423,1216,401,0,3
423,1217,401,0,3
425,1217,403,0,3
423,1218,401,0,3
425,1218,403,0,3
431,1218,409,0,3
423,1219,401,0,3
425,1219,403,0,3
431,1219,409,0,3
423,1220,401,0,3
425,1220,403,0,3
428,1220,450,3,0
429,1220,451,3,0
431,1220,409,0,3
423,1221,401,0,3
425,1221,403,0,3
429,1221,451,3,0
431,1221,409,0,3
423,1222,401,0,3
425,1222,403,0,3
431,1222,409,0,3
423,1223,401,0,3
425,1223,403,0,3
431,1223,409,0,3
423,1224,401,0,3
423,1225,401,0,3
423,1227,401,0,3
435,1227,457,3,0
421,1228,399,0,3
423,1228,401,0,3
435,1228,457,3,0
421,1229,399,0,3
423,1229,401,0,3
435,1229,457,3,0
437,1229,459,3,0
419,1230,397,0,3
421,1230,399,0,3
423,1230,401,0,3
435,1230,457,3,0
437,1230,459,3,0
438,1230,416,0,3
419,1231,397,0,3
421,1231,399,0,3
423,1231,401,0,3
435,1231,457,3,0
437,1231,459,3,0
438,1231,416,0,3
441,1232,419,0,3
443,1232,421,0,3
445,1232,423,0,3
457,1232,479,3,0
459,1232,481,3,0
460,1232,438,0,3
441,1233,419,0,3
443,1233,421,0,3
445,1233,423,0,3
457,1233,479,3,0
459,1233,481,3,0
443,1234,421,0,3
445,1234,423,0,3
457,1234,479,3,0
443,1235,421,0,3
445,1235,423,0,3
457,1235,479,3,0
445,1236,423,0,3
445,1237,423,0,3
445,1238,423,0,3
455,1238,433,0,3
445,1239,423,0,3
447,1239,425,0,3
455,1239,433,0,3
445,1240,423,0,3
447,1240,425,0,3
453,1240,431,0,3
455,1240,433,0,3
445,1241,423,0,3
447,1241,425,0,3
453,1241,431,0,3
455,1241,433,0,3
445,1242,423,0,3
447,1242,425,0,3
450,1242,472,3,0
451,1242,473,3,0
453,1242,431,0,3
455,1242,433,0,3
445,1243,423,0,3
447,1243,425,0,3
451,1243,473,3,0
453,1243,431,0,3
455,1243,433,0,3
445,1244,423,0,3
447,1244,425,0,3
453,1244,431,0,3
455,1244,433,0,3
445,1245,423,0,3
447,1245,425,0,3
453,1245,431,0,3
455,1245,433,0,3
445,1246,423,0,3
455,1246,433,0,3
455,1247,433,0,3
445,1249,423,0,3
457,1249,479,3,0
443,1250,421,0,3
445,1250,423,0,3
457,1250,479,3,0
443,1251,421,0,3
445,1251,423,0,3
457,1251,479,3,0
459,1251,481,3,0
441,1252,419,0,3
443,1252,421,0,3
445,1252,423,0,3
457,1252,479,3,0
459,1252,481,3,0
460,1252,438,0,3
441,1253,419,0,3
443,1253,421,0,3
445,1253,423,0,3
457,1253,479,3,0
459,1253,481,3,0
460,1253,438,0,3
465,1254,443,0,3
467,1254,445,0,3
479,1254,501,3,0
481,1254,503,3,0
482,1254,460,0,3
465,1255,443,0,3
467,1255,445,0,3
479,1255,501,3,0
481,1255,503,3,0
465,1256,443,0,3
467,1256,445,0,3
479,1256,501,3,0
465,1257,443,0,3
467,1257,445,0,3
479,1257,501,3,0
467,1258,445,0,3
467,1259,445,0,3
467,1260,445,0,3
477,1260,455,0,3
467,1261,445,0,3
469,1261,447,0,3
477,1261,455,0,3
467,1262,445,0,3
469,1262,447,0,3
475,1262,453,0,3
477,1262,455,0,3
467,1263,445,0,3
469,1263,447,0,3
475,1263,453,0,3
477,1263,455,0,3
467,1264,445,0,3
469,1264,447,0,3
472,1264,494,3,0
473,1264,495,3,0
475,1264,453,0,3
477,1264,455,0,3
467,1265,445,0,3
469,1265,447,0,3
473,1265,495,3,0
475,1265,453,0,3
477,1265,455,0,3
467,1266,445,0,3
469,1266,447,0,3
475,1266,453,0,3
477,1266,455,0,3
467,1267,445,0,3
469,1267,447,0,3
475,1267,453,0,3
477,1267,455,0,3
467,1268,445,0,3
477,1268,455,0,3
467,1269,445,0,3
477,1269,455,0,3
467,1271,445,0,3
479,1271,501,3,0
465,1272,443,0,3
467,1272,445,0,3
479,1272,501,3,0
465,1273,443,0,3
467,1273,445,0,3
479,1273,501,3,0
481,1273,503,3,0
465,1274,443,0,3
467,1274,445,0,3
479,1274,501,3,0
481,1274,503,3,0
482,1274,460,0,3
465,1275,443,0,3
467,1275,445,0,3
479,1275,501,3,0
481,1275,503,3,0
482,1275,460,0,3
489,1276,467,0,3
501,1276,523,3,0
503,1276,525,3,0
504,1276,482,0,3
489,1277,467,0,3
501,1277,523,3,0
503,1277,525,3,0
489,1278,467,0,3
501,1278,523,3,0
489,1279,467,0,3
501,1279,523,3,0
489,1280,467,0,3
489,1281,467,0,3
489,1282,467,0,3
499,1282,477,0,3
489,1283,467,0,3
491,1283,469,0,3
499,1283,477,0,3
489,1284,467,0,3
491,1284,469,0,3
497,1284,475,0,3
499,1284,477,0,3
489,1285,467,0,3
491,1285,469,0,3
497,1285,475,0,3
499,1285,477,0,3
489,1286,467,0,3
491,1286,469,0,3
494,1286,516,3,0
495,1286,517,3,0
497,1286,475,0,3
499,1286,477,0,3
489,1287,467,0,3
491,1287,469,0,3
495,1287,517,3,0
497,1287,475,0,3
499,1287,477,0,3
489,1288,467,0,3
491,1288,469,0,3
497,1288,475,0,3
499,1288,477,0,3
489,1289,467,0,3
491,1289,469,0,3
497,1289,475,0,3
499,1289,477,0,3
489,1290,467,0,3
499,1290,477,0,3
499,1291,477,0,3
489,1293,467,0,3
501,1293,523,3,0
489,1294,467,0,3
501,1294,523,3,0
489,1295,467,0,3
501,1295,523,3,0
503,1295,525,3,0
489,1296,467,0,3
501,1296,523,3,0
503,1296,525,3,0
504,1296,482,0,3
489,1297,467,0,3
501,1297,523,3,0
503,1297,525,3,0
504,1297,482,0,3
523,1298,545,3,0
526,1298,504,0,3
523,1299,545,3,0
523,1300,545,3,0
523,1301,545,3,0
513,1305,491,0,3
513,1306,491,0,3
519,1306,497,0,3
513,1307,491,0,3
519,1307,497,0,3
513,1308,491,0,3
516,1308,538,3,0
517,1308,539,3,0
519,1308,497,0,3
513,1309,491,0,3
517,1309,539,3,0
519,1309,497,0,3
513,1310,491,0,3
519,1310,497,0,3
513,1311,491,0,3
519,1311,497,0,3
523,1315,545,3,0
523,1316,545,3,0
523,1317,545,3,0
523,1318,545,3,0
526,1318,504,0,3
523,1319,545,3,0
526,1319,504,0,3
529,1320,551,3,0
545,1320,567,3,0
548,1320,526,0,3
529,1321,551,3,0
545,1321,567,3,0
545,1322,567,3,0
545,1323,567,3,0
535,1327,513,0,3
535,1328,513,0,3
541,1328,519,0,3
535,1329,513,0,3
541,1329,519,0,3
535,1330,513,0,3
538,1330,560,3,0
539,1330,561,3,0
541,1330,519,0,3
535,1331,513,0,3
539,1331,561,3,0
541,1331,519,0,3
535,1332,513,0,3
541,1332,519,0,3
535,1333,513,0,3
541,1333,519,0,3
545,1337,567,3,0
545,1338,567,3,0
545,1339,567,3,0
529,1340,551,3,0
545,1340,567,3,0
548,1340,526,0,3
529,1341,551,3,0
545,1341,567,3,0
548,1341,526,0,3
550,1342,528,0,2
551,1342,573,3,0
554,1342,532,0,3
567,1342,589,3,0
570,1342,548,0,3
551,1343,573,3,0
554,1343,532,0,3
567,1343,589,3,0
554,1344,532,0,3
567,1344,589,3,0
554,1345,532,0,3
567,1345,589,3,0
554,1346,532,0,3
557,1349,535,0,3
557,1350,535,0,3
563,1350,541,0,3
557,1351,535,0,3
563,1351,541,0,3
557,1352,535,0,3
560,1352,582,3,0
561,1352,583,3,0
563,1352,541,0,3
557,1353,535,0,3
561,1353,583,3,0
563,1353,541,0,3
557,1354,535,0,3
563,1354,541,0,3
557,1355,535,0,3
563,1355,541,0,3
554,1359,532,0,3
567,1359,589,3,0
554,1360,532,0,3
567,1360,589,3,0
554,1361,532,0,3
567,1361,589,3,0
551,1362,573,3,0
554,1362,532,0,3
567,1362,589,3,0
570,1362,548,0,3
550,1363,528,0,2
551,1363,573,3,0
554,1363,532,0,3
567,1363,589,3,0
570,1363,548,0,3
572,1364,550,0,2
576,1364,554,0,3
589,1364,611,3,0
592,1364,570,0,3
576,1365,554,0,3
589,1365,611,3,0
576,1366,554,0,3
589,1366,611,3,0
576,1367,554,0,3
589,1367,611,3,0
576,1368,554,0,3
579,1371,557,0,3
586,1371,608,3,0
579,1372,557,0,3
586,1372,608,3,0
579,1373,557,0,3
586,1373,608,3,0
579,1374,557,0,3
582,1374,604,3,0
583,1374,605,3,0
586,1374,608,3,0
579,1375,557,0,3
583,1375,605,3,0
586,1375,608,3,0
579,1376,557,0,3
586,1376,608,3,0
579,1377,557,0,3
586,1377,608,3,0
586,1378,608,3,0
576,1381,554,0,3
589,1381,611,3,0
576,1382,554,0,3
589,1382,611,3,0
576,1383,554,0,3
589,1383,611,3,0
576,1384,554,0,3
589,1384,611,3,0
592,1384,570,0,3
572,1385,550,0,2
576,1385,554,0,3
589,1385,611,3,0
592,1385,570,0,3
594,1386,572,0,2
598,1386,576,0,3
611,1386,633,3,0
614,1386,592,0,3
598,1387,576,0,3
611,1387,633,3,0
598,1388,576,0,3
611,1388,633,3,0
598,1389,576,0,3
611,1389,633,3,0
598,1390,576,0,3
601,1393,579,0,3
601,1394,579,0,3
601,1395,579,0,3
601,1396,579,0,3
604,1396,626,3,0
605,1396,627,3,0
601,1397,579,0,3
605,1397,627,3,0
601,1398,579,0,3
601,1399,579,0,3
598,1403,576,0,3
611,1403,633,3,0
598,1404,576,0,3
611,1404,633,3,0
598,1405,576,0,3
611,1405,633,3,0
598,1406,576,0,3
611,1406,633,3,0
614,1406,592,0,3
594,1407,572,0,2
598,1407,576,0,3
611,1407,633,3,0
614,1407,592,0,3
620,1408,598,0,3
633,1408,655,3,0
636,1408,614,0,3
620,1409,598,0,3
633,1409,655,3,0
620,1410,598,0,3
633,1410,655,3,0
620,1411,598,0,3
633,1411,655,3,0
620,1412,598,0,3
623,1415,601,0,3
623,1416,601,0,3
623,1417,601,0,3
623,1418,601,0,3
626,1418,648,3,0
627,1418,649,3,0
623,1419,601,0,3
627,1419,649,3,0
623,1420,601,0,3
623,1421,601,0,3
620,1425,598,0,3
633,1425,655,3,0
620,1426,598,0,3
633,1426,655,3,0
620,1427,598,0,3
633,1427,655,3,0
620,1428,598,0,3
633,1428,655,3,0
636,1428,614,0,3
620,1429,598,0,3
633,1429,655,3,0
636,1429,614,0,3
642,1430,620,0,3
655,1430,677,3,0
658,1430,636,0,3
642,1431,620,0,3
655,1431,677,3,0
642,1432,620,0,3
655,1432,677,3,0
642,1433,620,0,3
655,1433,677,3,0
642,1434,620,0,3
653,1436,631,0,3
645,1437,623,0,3
653,1437,631,0,3
645,1438,623,0,3
653,1438,631,0,3
645,1439,623,0,3
653,1439,631,0,3
645,1440,623,0,3
648,1440,670,3,0
649,1440,671,3,0
653,1440,631,0,3
645,1441,623,0,3
649,1441,671,3,0
653,1441,631,0,3
645,1442,623,0,3
653,1442,631,0,3
645,1443,623,0,3
653,1443,631,0,3
653,1444,631,0,3
653,1445,631,0,3
642,1447,620,0,3
655,1447,677,3,0
642,1448,620,0,3
655,1448,677,3,0
642,1449,620,0,3
655,1449,677,3,0
642,1450,620,0,3
655,1450,677,3,0
658,1450,636,0,3
642,1451,620,0,3
655,1451,677,3,0
658,1451,636,0,3
660,1452,682,2,0
663,1452,641,0,3
664,1452,642,0,3
677,1452,699,3,0
680,1452,658,0,3
663,1453,641,0,3
664,1453,642,0,3
677,1453,699,3,0
663,1454,641,0,3
664,1454,642,0,3
677,1454,699,3,0
663,1455,641,0,3
664,1455,642,0,3
677,1455,699,3,0
664,1456,642,0,3
666,1458,644,0,3
666,1459,644,0,3
667,1459,645,0,3
666,1460,644,0,3
667,1460,645,0,3
666,1461,644,0,3
667,1461,645,0,3
666,1462,644,0,3
667,1462,645,0,3
670,1462,692,3,0
671,1462,693,3,0
666,1463,644,0,3
667,1463,645,0,3
671,1463,693,3,0
666,1464,644,0,3
667,1464,645,0,3
666,1465,644,0,3
667,1465,645,0,3
666,1466,644,0,3
664,1469,642,0,3
677,1469,699,3,0
663,1470,641,0,3
664,1470,642,0,3
677,1470,699,3,0
663,1471,641,0,3
664,1471,642,0,3
677,1471,699,3,0
663,1472,641,0,3
664,1472,642,0,3
677,1472,699,3,0
680,1472,658,0,3
660,1473,682,2,0
663,1473,641,0,3
664,1473,642,0,3
677,1473,699,3,0
680,1473,658,0,3
682,1474,704,2,0
685,1474,663,0,3
686,1474,664,0,3
699,1474,721,3,0
700,1474,722,3,0
702,1474,680,0,3
685,1475,663,0,3
686,1475,664,0,3
699,1475,721,3,0
700,1475,722,3,0
685,1476,663,0,3
686,1476,664,0,3
699,1476,721,3,0
700,1476,722,3,0
685,1477,663,0,3
686,1477,664,0,3
699,1477,721,3,0
686,1478,664,0,3
688,1480,666,0,3
688,1481,666,0,3
689,1481,667,0,3
688,1482,666,0,3
689,1482,667,0,3
688,1483,666,0,3
689,1483,667,0,3
691,1483,669,0,3
688,1484,666,0,3
689,1484,667,0,3
691,1484,669,0,3
688,1485,666,0,3
689,1485,667,0,3
691,1485,669,0,3
688,1486,666,0,3
689,1486,667,0,3
688,1487,666,0,3
689,1487,667,0,3
688,1488,666,0,3
686,1491,664,0,3
699,1491,721,3,0
685,1492,663,0,3
686,1492,664,0,3
699,1492,721,3,0
700,1492,722,3,0
685,1493,663,0,3
686,1493,664,0,3
699,1493,721,3,0
700,1493,722,3,0
685,1494,663,0,3
686,1494,664,0,3
699,1494,721,3,0
700,1494,722,3,0
702,1494,680,0,3
682,1495,704,2,0
685,1495,663,0,3
686,1495,664,0,3
699,1495,721,3,0
700,1495,722,3,0
702,1495,680,0,3
704,1496,726,2,0
707,1496,685,0,3
708,1496,686,0,3
721,1496,743,3,0
722,1496,744,3,0
724,1496,702,0,3
707,1497,685,0,3
708,1497,686,0,3
721,1497,743,3,0
722,1497,744,3,0
707,1498,685,0,3
708,1498,686,0,3
721,1498,743,3,0
722,1498,744,3,0
707,1499,685,0,3
708,1499,686,0,3
721,1499,743,3,0
708,1500,686,0,3
710,1502,688,0,3
710,1503,688,0,3
711,1503,689,0,3
710,1504,688,0,3
711,1504,689,0,3
710,1505,688,0,3
711,1505,689,0,3
710,1506,688,0,3
711,1506,689,0,3
710,1507,688,0,3
711,1507,689,0,3
710,1508,688,0,3
711,1508,689,0,3
710,1509,688,0,3
711,1509,689,0,3
710,1510,688,0,3
708,1513,686,0,3
721,1513,743,3,0
707,1514,685,0,3
708,1514,686,0,3
721,1514,743,3,0
722,1514,744,3,0
707,1515,685,0,3
708,1515,686,0,3
721,1515,743,3,0
722,1515,744,3,0
707,1516,685,0,3
708,1516,686,0,3
721,1516,743,3,0
722,1516,744,3,0
724,1516,702,0,3
704,1517,726,2,0
707,1517,685,0,3
708,1517,686,0,3
721,1517,743,3,0
722,1517,744,3,0
724,1517,702,0,3
729,1518,707,0,3
731,1518,709,0,3
743,1518,765,3,0
745,1518,723,0,3
729,1519,707,0,3
731,1519,709,0,3
743,1519,765,3,0
745,1519,723,0,3
729,1520,707,0,3
731,1520,709,0,3
743,1520,765,3,0
729,1521,707,0,3
731,1521,709,0,3
743,1521,765,3,0
731,1522,709,0,3
731,1523,709,0,3
731,1524,709,0,3
732,1524,710,0,3
731,1525,709,0,3
732,1525,710,0,3
733,1525,711,0,3
740,1525,762,3,0
731,1526,709,0,3
732,1526,710,0,3
733,1526,711,0,3
734,1526,756,3,0
739,1526,761,3,0
740,1526,762,3,0
731,1527,709,0,3
732,1527,710,0,3
733,1527,711,0,3
734,1527,756,3,0
739,1527,761,3,0
740,1527,762,3,0
731,1528,709,0,3
732,1528,710,0,3
733,1528,711,0,3
734,1528,756,3,0
739,1528,761,3,0
740,1528,762,3,0
731,1529,709,0,3
732,1529,710,0,3
733,1529,711,0,3
734,1529,756,3,0
739,1529,761,3,0
740,1529,762,3,0
731,1530,709,0,3
732,1530,710,0,3
733,1530,711,0,3
734,1530,756,3,0
739,1530,761,3,0
740,1530,762,3,0
731,1531,709,0,3
732,1531,710,0,3
733,1531,711,0,3
739,1531,761,3,0
740,1531,762,3,0
731,1532,709,0,3
732,1532,710,0,3
740,1532,762,3,0
731,1533,709,0,3
731,1535,709,0,3
743,1535,765,3,0
729,1536,707,0,3
731,1536,709,0,3
743,1536,765,3,0
729,1537,707,0,3
731,1537,709,0,3
743,1537,765,3,0
745,1537,723,0,3
729,1538,707,0,3
731,1538,709,0,3
743,1538,765,3,0
745,1538,723,0,3
729,1539,707,0,3
731,1539,709,0,3
743,1539,765,3,0
745,1539,723,0,3
751,1540,729,0,3
752,1540,774,3,0
753,1540,731,0,3
764,1540,786,3,0
765,1540,787,3,0
767,1540,745,0,3
751,1541,729,0,3
752,1541,774,3,0
753,1541,731,0,3
764,1541,786,3,0
765,1541,787,3,0
767,1541,745,0,3
751,1542,729,0,3
752,1542,774,3,0
753,1542,731,0,3
764,1542,786,3,0
765,1542,787,3,0
751,1543,729,0,3
752,1543,774,3,0
753,1543,731,0,3
764,1543,786,3,0
765,1543,787,3,0
752,1544,774,3,0
753,1544,731,0,3
764,1544,786,3,0
753,1545,731,0,3
753,1546,731,0,3
754,1546,732,0,3
764,1546,786,3,0
753,1547,731,0,3
754,1547,732,0,3
755,1547,733,0,3
762,1547,784,3,0
764,1547,786,3,0
753,1548,731,0,3
754,1548,732,0,3
755,1548,733,0,3
756,1548,778,3,0
761,1548,783,3,0
762,1548,784,3,0
764,1548,786,3,0
753,1549,731,0,3
754,1549,732,0,3
755,1549,733,0,3
756,1549,778,3,0
757,1549,735,0,3
761,1549,783,3,0
762,1549,784,3,0
764,1549,786,3,0
753,1550,731,0,3
754,1550,732,0,3
755,1550,733,0,3
756,1550,778,3,0
757,1550,735,0,3
761,1550,783,3,0
762,1550,784,3,0
764,1550,786,3,0
753,1551,731,0,3
754,1551,732,0,3
755,1551,733,0,3
756,1551,778,3,0
757,1551,735,0,3
761,1551,783,3,0
762,1551,784,3,0
764,1551,786,3,0
753,1552,731,0,3
754,1552,732,0,3
755,1552,733,0,3
756,1552,778,3,0
761,1552,783,3,0
762,1552,784,3,0
764,1552,786,3,0
753,1553,731,0,3
754,1553,732,0,3
755,1553,733,0,3
761,1553,783,3,0
762,1553,784,3,0
764,1553,786,3,0
753,1554,731,0,3
754,1554,732,0,3
762,1554,784,3,0
764,1554,786,3,0
764,1555,786,3,0
764,1556,786,3,0
752,1557,774,3,0
753,1557,731,0,3
764,1557,786,3,0
765,1557,787,3,0
751,1558,729,0,3
752,1558,774,3,0
753,1558,731,0,3
764,1558,786,3,0
765,1558,787,3,0
751,1559,729,0,3
752,1559,774,3,0
753,1559,731,0,3
764,1559,786,3,0
765,1559,787,3,0
767,1559,745,0,3
751,1560,729,0,3
752,1560,774,3,0
753,1560,731,0,3
764,1560,786,3,0
765,1560,787,3,0
767,1560,745,0,3
751,1561,729,0,3
752,1561,774,3,0
753,1561,731,0,3
764,1561,786,3,0
765,1561,787,3,0
767,1561,745,0,3
773,1562,751,0,3
774,1562,796,3,0
775,1562,753,0,3
787,1562,809,3,0
789,1562,767,0,3
790,1562,768,0,3
773,1563,751,0,3
774,1563,796,3,0
775,1563,753,0,3
787,1563,809,3,0
789,1563,767,0,3
773,1564,751,0,3
774,1564,796,3,0
775,1564,753,0,3
787,1564,809,3,0
773,1565,751,0,3
774,1565,796,3,0
775,1565,753,0,3
787,1565,809,3,0
774,1566,796,3,0
775,1566,753,0,3
775,1567,753,0,3
775,1568,753,0,3
776,1568,754,0,3
775,1569,753,0,3
776,1569,754,0,3
777,1569,755,0,3
784,1569,806,3,0
775,1570,753,0,3
776,1570,754,0,3
777,1570,755,0,3
778,1570,800,3,0
783,1570,805,3,0
784,1570,806,3,0
775,1571,753,0,3
776,1571,754,0,3
777,1571,755,0,3
778,1571,800,3,0
783,1571,805,3,0
784,1571,806,3,0
775,1572,753,0,3
776,1572,754,0,3
777,1572,755,0,3
778,1572,800,3,0
781,1572,803,3,0
783,1572,805,3,0
784,1572,806,3,0
775,1573,753,0,3
776,1573,754,0,3
777,1573,755,0,3
778,1573,800,3,0
781,1573,803,3,0
783,1573,805,3,0
784,1573,806,3,0
775,1574,753,0,3
776,1574,754,0,3
777,1574,755,0,3
778,1574,800,3,0
783,1574,805,3,0
784,1574,806,3,0
775,1575,753,0,3
776,1575,754,0,3
777,1575,755,0,3
783,1575,805,3,0
784,1575,806,3,0
775,1576,753,0,3
776,1576,754,0,3
784,1576,806,3,0
775,1577,753,0,3
774,1579,796,3,0
775,1579,753,0,3
787,1579,809,3,0
773,1580,751,0,3
774,1580,796,3,0
775,1580,753,0,3
787,1580,809,3,0
773,1581,751,0,3
774,1581,796,3,0
775,1581,753,0,3
787,1581,809,3,0
789,1581,767,0,3
773,1582,751,0,3
774,1582,796,3,0
775,1582,753,0,3
787,1582,809,3,0
789,1582,767,0,3
790,1582,768,0,3
773,1583,751,0,3
774,1583,796,3,0
775,1583,753,0,3
787,1583,809,3,0
789,1583,767,0,3
790,1583,768,0,3
1125,1584,1147,3,0
1139,1584,1117,0,3
1072,1585,1094,3,0
116,1586,138,3,0
117,1586,139,3,0
118,1586,96,0,3
122,1586,100,0,3
123,1586,101,0,3
124,1586,102,0,3
125,1586,103,0,3
513,1587,491,0,3
516,1587,538,3,0
517,1587,539,3,0
519,1587,497,0,3
182,1590,204,3,0
191,1590,169,0,3
1116,1591,1138,3,0
1117,1591,1095,0,3
1191,1592,1213,3,0
1205,1592,1183,0,3
1207,1592,1185,0,3
1208,1592,1230,3,0
314,1593,292,0,3
315,1593,293,0,3
316,1593,294,0,3
318,1593,340,3,0
319,1593,341,3,0
320,1593,298,0,3
324,1593,302,0,3
924,1594,946,2,0
926,1594,948,3,0
941,1594,919,0,3
49,1595,27,0,3
52,1595,30,0,3
53,1595,75,3,0
56,1595,34,0,3
57,1595,35,0,3
58,1595,36,0,3
