795,0,817,3,0
796,0,818,3,0
797,0,775,0,3
809,0,787,0,3
810,0,788,0,3
795,1,817,3,0
796,1,818,3,0
797,1,775,0,3
809,1,787,0,3
810,1,788,0,3
795,2,817,3,0
796,2,818,3,0
797,2,775,0,3
809,2,787,0,3
810,2,788,0,3
795,3,817,3,0
796,3,818,3,0
797,3,775,0,3
809,3,787,0,3
796,4,818,3,0
797,4,775,0,3
797,5,775,0,3
797,6,775,0,3
798,6,776,0,3
807,6,829,3,0
797,7,775,0,3
798,7,776,0,3
799,7,777,0,3
806,7,784,0,3
807,7,829,3,0
797,8,775,0,3
798,8,776,0,3
799,8,777,0,3
806,8,784,0,3
807,8,829,3,0
797,9,775,0,3
798,9,776,0,3
799,9,777,0,3
801,9,779,0,3
806,9,784,0,3
807,9,829,3,0
797,10,775,0,3
798,10,776,0,3
799,10,777,0,3
801,10,779,0,3
806,10,784,0,3
807,10,829,3,0
797,11,775,0,3
798,11,776,0,3
799,11,777,0,3
801,11,779,0,3
806,11,784,0,3
807,11,829,3,0
797,12,775,0,3
798,12,776,0,3
799,12,777,0,3
806,12,784,0,3
807,12,829,3,0
797,13,775,0,3
798,13,776,0,3
799,13,777,0,3
806,13,784,0,3
807,13,829,3,0
797,14,775,0,3
798,14,776,0,3
806,14,784,0,3
807,14,829,3,0
797,15,775,0,3
807,15,829,3,0
796,17,818,3,0
797,17,775,0,3
809,17,787,0,3
795,18,817,3,0
796,18,818,3,0
797,18,775,0,3
809,18,787,0,3
810,18,788,0,3
795,19,817,3,0
796,19,818,3,0
797,19,775,0,3
809,19,787,0,3
810,19,788,0,3
795,20,817,3,0
796,20,818,3,0
797,20,775,0,3
809,20,787,0,3
810,20,788,0,3
795,21,817,3,0
796,21,818,3,0
797,21,775,0,3
809,21,787,0,3
810,21,788,0,3
813,21,835,3,0
816,22,838,3,0
817,22,839,3,0
818,22,840,3,0
819,22,797,0,3
831,22,809,0,3
832,22,810,0,3
816,23,838,3,0
817,23,839,3,0
818,23,840,3,0
819,23,797,0,3
831,23,809,0,3
832,23,810,0,3
816,24,838,3,0
817,24,839,3,0
818,24,840,3,0
819,24,797,0,3
831,24,809,0,3
832,24,810,0,3
817,25,839,3,0
818,25,840,3,0
819,25,797,0,3
831,25,809,0,3
818,26,840,3,0
819,26,797,0,3
819,27,797,0,3
819,28,797,0,3
820,28,798,0,3
829,28,851,3,0
819,29,797,0,3
820,29,798,0,3
821,29,799,0,3
828,29,806,0,3
829,29,851,3,0
819,30,797,0,3
820,30,798,0,3
821,30,799,0,3
828,30,806,0,3
829,30,851,3,0
819,31,797,0,3
820,31,798,0,3
821,31,799,0,3
823,31,801,0,3
826,31,804,0,3
828,31,806,0,3
829,31,851,3,0
819,32,797,0,3
820,32,798,0,3
821,32,799,0,3
823,32,801,0,3
824,32,846,3,0
826,32,804,0,3
828,32,806,0,3
829,32,851,3,0
819,33,797,0,3
820,33,798,0,3
821,33,799,0,3
823,33,801,0,3
826,33,804,0,3
828,33,806,0,3
829,33,851,3,0
819,34,797,0,3
820,34,798,0,3
821,34,799,0,3
826,34,804,0,3
828,34,806,0,3
829,34,851,3,0
819,35,797,0,3
820,35,798,0,3
821,35,799,0,3
828,35,806,0,3
829,35,851,3,0
819,36,797,0,3
820,36,798,0,3
828,36,806,0,3
829,36,851,3,0
819,37,797,0,3
829,37,851,3,0
818,39,840,3,0
819,39,797,0,3
831,39,809,0,3
817,40,839,3,0
818,40,840,3,0
819,40,797,0,3
831,40,809,0,3
832,40,810,0,3
816,41,838,3,0
817,41,839,3,0
818,41,840,3,0
819,41,797,0,3
831,41,809,0,3
832,41,810,0,3
816,42,838,3,0
817,42,839,3,0
818,42,840,3,0
819,42,797,0,3
831,42,809,0,3
832,42,810,0,3
816,43,838,3,0
817,43,839,3,0
818,43,840,3,0
819,43,797,0,3
831,43,809,0,3
832,43,810,0,3
835,43,857,3,0
837,44,815,0,3
838,44,860,3,0
840,44,862,3,0
841,44,819,0,3
853,44,831,0,3
854,44,832,0,3
855,44,877,3,0
837,45,815,0,3
838,45,860,3,0
840,45,862,3,0
841,45,819,0,3
853,45,831,0,3
854,45,832,0,3
855,45,877,3,0
838,46,860,3,0
840,46,862,3,0
841,46,819,0,3
853,46,831,0,3
854,46,832,0,3
840,47,862,3,0
841,47,819,0,3
853,47,831,0,3
840,48,862,3,0
841,48,819,0,3
841,49,819,0,3
841,50,819,0,3
842,50,820,0,3
851,50,873,3,0
841,51,819,0,3
842,51,820,0,3
850,51,828,0,3
851,51,873,3,0
841,52,819,0,3
842,52,820,0,3
850,52,828,0,3
851,52,873,3,0
841,53,819,0,3
842,53,820,0,3
845,53,823,0,3
848,53,826,0,3
850,53,828,0,3
851,53,873,3,0
841,54,819,0,3
842,54,820,0,3
845,54,823,0,3
846,54,868,3,0
848,54,826,0,3
850,54,828,0,3
851,54,873,3,0
841,55,819,0,3
842,55,820,0,3
845,55,823,0,3
848,55,826,0,3
850,55,828,0,3
851,55,873,3,0
841,56,819,0,3
842,56,820,0,3
848,56,826,0,3
850,56,828,0,3
851,56,873,3,0
841,57,819,0,3
842,57,820,0,3
850,57,828,0,3
851,57,873,3,0
841,58,819,0,3
842,58,820,0,3
850,58,828,0,3
851,58,873,3,0
841,59,819,0,3
851,59,873,3,0
840,61,862,3,0
841,61,819,0,3
853,61,831,0,3
840,62,862,3,0
841,62,819,0,3
853,62,831,0,3
854,62,832,0,3
838,63,860,3,0
840,63,862,3,0
841,63,819,0,3
853,63,831,0,3
854,63,832,0,3
855,63,877,3,0
837,64,815,0,3
838,64,860,3,0
840,64,862,3,0
841,64,819,0,3
853,64,831,0,3
854,64,832,0,3
855,64,877,3,0
837,65,815,0,3
838,65,860,3,0
840,65,862,3,0
841,65,819,0,3
853,65,831,0,3
854,65,832,0,3
855,65,877,3,0
857,65,879,3,0
859,66,837,0,3
860,66,882,3,0
862,66,884,3,0
863,66,841,0,3
875,66,853,0,3
876,66,854,0,3
877,66,899,3,0
859,67,837,0,3
860,67,882,3,0
862,67,884,3,0
863,67,841,0,3
875,67,853,0,3
876,67,854,0,3
877,67,899,3,0
860,68,882,3,0
862,68,884,3,0
863,68,841,0,3
875,68,853,0,3
876,68,854,0,3
862,69,884,3,0
863,69,841,0,3
875,69,853,0,3
862,70,884,3,0
863,70,841,0,3
863,71,841,0,3
863,72,841,0,3
864,72,842,0,3
873,72,895,3,0
863,73,841,0,3
864,73,842,0,3
865,73,843,0,3
872,73,850,0,3
873,73,895,3,0
863,74,841,0,3
864,74,842,0,3
865,74,843,0,3
872,74,850,0,3
873,74,895,3,0
863,75,841,0,3
864,75,842,0,3
865,75,843,0,3
867,75,845,0,3
870,75,848,0,3
872,75,850,0,3
873,75,895,3,0
863,76,841,0,3
864,76,842,0,3
865,76,843,0,3
867,76,845,0,3
868,76,890,3,0
870,76,848,0,3
872,76,850,0,3
873,76,895,3,0
863,77,841,0,3
864,77,842,0,3
865,77,843,0,3
867,77,845,0,3
870,77,848,0,3
872,77,850,0,3
873,77,895,3,0
863,78,841,0,3
864,78,842,0,3
865,78,843,0,3
870,78,848,0,3
872,78,850,0,3
873,78,895,3,0
863,79,841,0,3
864,79,842,0,3
865,79,843,0,3
872,79,850,0,3
873,79,895,3,0
863,80,841,0,3
864,80,842,0,3
872,80,850,0,3
873,80,895,3,0
863,81,841,0,3
873,81,895,3,0
862,83,884,3,0
863,83,841,0,3
875,83,853,0,3
862,84,884,3,0
863,84,841,0,3
875,84,853,0,3
876,84,854,0,3
860,85,882,3,0
862,85,884,3,0
863,85,841,0,3
875,85,853,0,3
876,85,854,0,3
877,85,899,3,0
859,86,837,0,3
860,86,882,3,0
862,86,884,3,0
863,86,841,0,3
875,86,853,0,3
876,86,854,0,3
877,86,899,3,0
859,87,837,0,3
860,87,882,3,0
862,87,884,3,0
863,87,841,0,3
875,87,853,0,3
876,87,854,0,3
877,87,899,3,0
879,87,901,3,0
881,88,859,0,3
882,88,904,3,0
884,88,906,3,0
885,88,863,0,3
897,88,875,0,3
898,88,876,0,3
899,88,921,3,0
881,89,859,0,3
882,89,904,3,0
884,89,906,3,0
885,89,863,0,3
897,89,875,0,3
898,89,876,0,3
899,89,921,3,0
882,90,904,3,0
884,90,906,3,0
885,90,863,0,3
897,90,875,0,3
898,90,876,0,3
884,91,906,3,0
885,91,863,0,3
897,91,875,0,3
884,92,906,3,0
885,92,863,0,3
885,93,863,0,3
885,94,863,0,3
895,94,917,3,0
885,95,863,0,3
894,95,872,0,3
895,95,917,3,0
885,96,863,0,3
888,96,910,3,0
894,96,872,0,3
895,96,917,3,0
885,97,863,0,3
888,97,910,3,0
889,97,867,0,3
892,97,870,0,3
894,97,872,0,3
895,97,917,3,0
885,98,863,0,3
888,98,910,3,0
889,98,867,0,3
890,98,912,3,0
892,98,870,0,3
894,98,872,0,3
895,98,917,3,0
885,99,863,0,3
888,99,910,3,0
889,99,867,0,3
892,99,870,0,3
894,99,872,0,3
895,99,917,3,0
885,100,863,0,3
888,100,910,3,0
892,100,870,0,3
894,100,872,0,3
895,100,917,3,0
885,101,863,0,3
894,101,872,0,3
895,101,917,3,0
885,102,863,0,3
894,102,872,0,3
895,102,917,3,0
885,103,863,0,3
895,103,917,3,0
884,105,906,3,0
885,105,863,0,3
897,105,875,0,3
884,106,906,3,0
885,106,863,0,3
897,106,875,0,3
898,106,876,0,3
882,107,904,3,0
884,107,906,3,0
885,107,863,0,3
897,107,875,0,3
898,107,876,0,3
899,107,921,3,0
881,108,859,0,3
882,108,904,3,0
884,108,906,3,0
885,108,863,0,3
897,108,875,0,3
898,108,876,0,3
899,108,921,3,0
881,109,859,0,3
882,109,904,3,0
884,109,906,3,0
885,109,863,0,3
897,109,875,0,3
898,109,876,0,3
899,109,921,3,0
901,109,923,3,0
903,110,881,0,3
904,110,926,3,0
907,110,885,0,3
918,110,896,0,3
919,110,897,0,3
920,110,898,0,3
921,110,943,3,0
903,111,881,0,3
904,111,926,3,0
907,111,885,0,3
918,111,896,0,3
919,111,897,0,3
920,111,898,0,3
921,111,943,3,0
904,112,926,3,0
907,112,885,0,3
918,112,896,0,3
919,112,897,0,3
920,112,898,0,3
907,113,885,0,3
918,113,896,0,3
919,113,897,0,3
907,114,885,0,3
918,114,896,0,3
907,115,885,0,3
918,115,896,0,3
907,116,885,0,3
917,116,939,3,0
918,116,896,0,3
907,117,885,0,3
916,117,894,0,3
917,117,939,3,0
918,117,896,0,3
907,118,885,0,3
910,118,932,3,0
916,118,894,0,3
917,118,939,3,0
918,118,896,0,3
907,119,885,0,3
910,119,932,3,0
911,119,889,0,3
914,119,892,0,3
916,119,894,0,3
917,119,939,3,0
918,119,896,0,3
907,120,885,0,3
910,120,932,3,0
911,120,889,0,3
912,120,934,3,0
914,120,892,0,3
916,120,894,0,3
917,120,939,3,0
918,120,896,0,3
907,121,885,0,3
910,121,932,3,0
911,121,889,0,3
914,121,892,0,3
916,121,894,0,3
917,121,939,3,0
918,121,896,0,3
907,122,885,0,3
910,122,932,3,0
914,122,892,0,3
916,122,894,0,3
917,122,939,3,0
918,122,896,0,3
907,123,885,0,3
916,123,894,0,3
917,123,939,3,0
918,123,896,0,3
907,124,885,0,3
916,124,894,0,3
917,124,939,3,0
918,124,896,0,3
907,125,885,0,3
917,125,939,3,0
918,125,896,0,3
918,126,896,0,3
907,127,885,0,3
918,127,896,0,3
919,127,897,0,3
907,128,885,0,3
918,128,896,0,3
919,128,897,0,3
920,128,898,0,3
904,129,926,3,0
907,129,885,0,3
918,129,896,0,3
919,129,897,0,3
920,129,898,0,3
921,129,943,3,0
903,130,881,0,3
904,130,926,3,0
907,130,885,0,3
918,130,896,0,3
919,130,897,0,3
920,130,898,0,3
921,130,943,3,0
903,131,881,0,3
904,131,926,3,0
907,131,885,0,3
918,131,896,0,3
919,131,897,0,3
920,131,898,0,3
921,131,943,3,0
923,131,945,3,0
924,132,946,2,0
925,132,903,0,3
926,132,948,3,0
927,132,905,0,3
929,132,907,0,3
940,132,918,0,3
941,132,919,0,3
943,132,965,3,0
925,133,903,0,3
926,133,948,3,0
927,133,905,0,3
929,133,907,0,3
940,133,918,0,3
941,133,919,0,3
943,133,965,3,0
926,134,948,3,0
927,134,905,0,3
929,134,907,0,3
940,134,918,0,3
941,134,919,0,3
927,135,905,0,3
929,135,907,0,3
940,135,918,0,3
941,135,919,0,3
929,136,907,0,3
940,136,918,0,3
929,137,907,0,3
929,138,907,0,3
939,138,961,3,0
940,138,918,0,3
929,139,907,0,3
939,139,961,3,0
940,139,918,0,3
929,140,907,0,3
932,140,954,3,0
939,140,961,3,0
940,140,918,0,3
929,141,907,0,3
932,141,954,3,0
936,141,914,0,3
939,141,961,3,0
940,141,918,0,3
929,142,907,0,3
932,142,954,3,0
934,142,956,3,0
936,142,914,0,3
939,142,961,3,0
940,142,918,0,3
929,143,907,0,3
932,143,954,3,0
936,143,914,0,3
939,143,961,3,0
940,143,918,0,3
929,144,907,0,3
932,144,954,3,0
936,144,914,0,3
939,144,961,3,0
940,144,918,0,3
929,145,907,0,3
939,145,961,3,0
940,145,918,0,3
929,146,907,0,3
939,146,961,3,0
940,146,918,0,3
929,147,907,0,3
939,147,961,3,0
940,147,918,0,3
940,148,918,0,3
929,149,907,0,3
940,149,918,0,3
941,149,919,0,3
927,150,905,0,3
929,150,907,0,3
940,150,918,0,3
941,150,919,0,3
926,151,948,3,0
927,151,905,0,3
929,151,907,0,3
940,151,918,0,3
941,151,919,0,3
943,151,965,3,0
925,152,903,0,3
926,152,948,3,0
927,152,905,0,3
929,152,907,0,3
940,152,918,0,3
941,152,919,0,3
943,152,965,3,0
924,153,946,2,0
925,153,903,0,3
926,153,948,3,0
927,153,905,0,3
929,153,907,0,3
940,153,918,0,3
941,153,919,0,3
943,153,965,3,0
945,153,967,3,0
946,154,968,2,0
947,154,925,0,3
948,154,970,3,0
949,154,927,0,3
951,154,929,0,3
962,154,940,0,3
963,154,941,0,3
965,154,987,3,0
966,154,988,3,0
947,155,925,0,3
948,155,970,3,0
949,155,927,0,3
951,155,929,0,3
962,155,940,0,3
963,155,941,0,3
965,155,987,3,0
948,156,970,3,0
949,156,927,0,3
951,156,929,0,3
962,156,940,0,3
963,156,941,0,3
949,157,927,0,3
951,157,929,0,3
962,157,940,0,3
963,157,941,0,3
951,158,929,0,3
962,158,940,0,3
951,159,929,0,3
962,159,940,0,3
951,160,929,0,3
961,160,983,3,0
962,160,940,0,3
951,161,929,0,3
961,161,983,3,0
962,161,940,0,3
951,162,929,0,3
954,162,976,3,0
961,162,983,3,0
962,162,940,0,3
951,163,929,0,3
954,163,976,3,0
961,163,983,3,0
962,163,940,0,3
951,164,929,0,3
954,164,976,3,0
956,164,978,3,0
961,164,983,3,0
962,164,940,0,3
951,165,929,0,3
954,165,976,3,0
961,165,983,3,0
962,165,940,0,3
951,166,929,0,3
954,166,976,3,0
961,166,983,3,0
962,166,940,0,3
951,167,929,0,3
961,167,983,3,0
962,167,940,0,3
951,168,929,0,3
961,168,983,3,0
962,168,940,0,3
951,169,929,0,3
961,169,983,3,0
962,169,940,0,3
962,170,940,0,3
951,171,929,0,3
962,171,940,0,3
963,171,941,0,3
949,172,927,0,3
951,172,929,0,3
962,172,940,0,3
963,172,941,0,3
948,173,970,3,0
949,173,927,0,3
951,173,929,0,3
962,173,940,0,3
963,173,941,0,3
965,173,987,3,0
947,174,925,0,3
948,174,970,3,0
949,174,927,0,3
951,174,929,0,3
962,174,940,0,3
963,174,941,0,3
965,174,987,3,0
966,174,988,3,0
946,175,968,2,0
947,175,925,0,3
948,175,970,3,0
949,175,927,0,3
951,175,929,0,3
962,175,940,0,3
963,175,941,0,3
965,175,987,3,0
966,175,988,3,0
967,175,989,3,0
968,176,990,2,0
969,176,947,0,3
970,176,992,3,0
971,176,949,0,3
973,176,951,0,3
985,176,963,0,3
987,176,1009,3,0
988,176,1010,3,0
969,177,947,0,3
970,177,992,3,0
971,177,949,0,3
973,177,951,0,3
985,177,963,0,3
987,177,1009,3,0
970,178,992,3,0
971,178,949,0,3
973,178,951,0,3
985,178,963,0,3
971,179,949,0,3
973,179,951,0,3
985,179,963,0,3
973,180,951,0,3
973,181,951,0,3
973,182,951,0,3
983,182,1005,3,0
973,183,951,0,3
975,183,953,0,3
983,183,1005,3,0
973,184,951,0,3
975,184,953,0,3
976,184,998,3,0
983,184,1005,3,0
973,185,951,0,3
975,185,953,0,3
976,185,998,3,0
983,185,1005,3,0
973,186,951,0,3
975,186,953,0,3
976,186,998,3,0
978,186,1000,3,0
983,186,1005,3,0
973,187,951,0,3
975,187,953,0,3
976,187,998,3,0
983,187,1005,3,0
973,188,951,0,3
975,188,953,0,3
976,188,998,3,0
983,188,1005,3,0
973,189,951,0,3
975,189,953,0,3
983,189,1005,3,0
973,190,951,0,3
983,190,1005,3,0
973,191,951,0,3
983,191,1005,3,0
973,193,951,0,3
985,193,963,0,3
971,194,949,0,3
973,194,951,0,3
985,194,963,0,3
970,195,992,3,0
971,195,949,0,3
973,195,951,0,3
985,195,963,0,3
987,195,1009,3,0
969,196,947,0,3
970,196,992,3,0
971,196,949,0,3
973,196,951,0,3
985,196,963,0,3
987,196,1009,3,0
988,196,1010,3,0
968,197,990,2,0
969,197,947,0,3
970,197,992,3,0
971,197,949,0,3
973,197,951,0,3
985,197,963,0,3
987,197,1009,3,0
988,197,1010,3,0
990,198,1012,2,0
991,198,969,0,3
993,198,971,0,3
1009,198,1031,3,0
1010,198,1032,3,0
991,199,969,0,3
993,199,971,0,3
1009,199,1031,3,0
993,200,971,0,3
993,201,971,0,3
1005,204,1027,3,0
997,205,975,0,3
1005,205,1027,3,0
997,206,975,0,3
998,206,1020,3,0
1005,206,1027,3,0
997,207,975,0,3
998,207,1020,3,0
999,207,1021,3,0
1002,207,980,0,3
1005,207,1027,3,0
997,208,975,0,3
998,208,1020,3,0
999,208,1021,3,0
1000,208,1022,3,0
1002,208,980,0,3
1005,208,1027,3,0
997,209,975,0,3
998,209,1020,3,0
999,209,1021,3,0
1002,209,980,0,3
1005,209,1027,3,0
997,210,975,0,3
998,210,1020,3,0
1002,210,980,0,3
1005,210,1027,3,0
997,211,975,0,3
1005,211,1027,3,0
1005,212,1027,3,0
1005,213,1027,3,0
993,216,971,0,3
993,217,971,0,3
1009,217,1031,3,0
991,218,969,0,3
993,218,971,0,3
1009,218,1031,3,0
1010,218,1032,3,0
990,219,1012,2,0
991,219,969,0,3
993,219,971,0,3
1009,219,1031,3,0
1010,219,1032,3,0
1012,220,1034,2,0
1013,220,991,0,3
1015,220,993,0,3
1031,220,1053,3,0
1032,220,1054,3,0
1013,221,991,0,3
1015,221,993,0,3
1031,221,1053,3,0
1015,222,993,0,3
1015,223,993,0,3
1018,226,996,0,3
1027,226,1049,3,0
1018,227,996,0,3
1019,227,1041,3,0
1027,227,1049,3,0
1018,228,996,0,3
1019,228,1041,3,0
1020,228,1042,3,0
1027,228,1049,3,0
1018,229,996,0,3
1019,229,1041,3,0
1020,229,1042,3,0
1024,229,1002,0,3
1027,229,1049,3,0
1018,230,996,0,3
1019,230,1041,3,0
1020,230,1042,3,0
1022,230,1044,3,0
1023,230,1045,3,0
1024,230,1002,0,3
1027,230,1049,3,0
1018,231,996,0,3
1019,231,1041,3,0
1020,231,1042,3,0
1023,231,1045,3,0
1024,231,1002,0,3
1027,231,1049,3,0
1018,232,996,0,3
1019,232,1041,3,0
1020,232,1042,3,0
1024,232,1002,0,3
1027,232,1049,3,0
1018,233,996,0,3
1019,233,1041,3,0
1027,233,1049,3,0
1018,234,996,0,3
1027,234,1049,3,0
1027,235,1049,3,0
1015,238,993,0,3
1015,239,993,0,3
1031,239,1053,3,0
1013,240,991,0,3
1015,240,993,0,3
1031,240,1053,3,0
1032,240,1054,3,0
1012,241,1034,2,0
1013,241,991,0,3
1015,241,993,0,3
1031,241,1053,3,0
1032,241,1054,3,0
1034,242,1056,2,0
1035,242,1013,0,3
1036,242,1014,0,3
1037,242,1015,0,3
1053,242,1075,3,0
1054,242,1076,3,0
1035,243,1013,0,3
1036,243,1014,0,3
1037,243,1015,0,3
1053,243,1075,3,0
1036,244,1014,0,3
1037,244,1015,0,3
1037,245,1015,0,3
1040,248,1018,0,3
1049,248,1071,3,0
1040,249,1018,0,3
1041,249,1063,3,0
1049,249,1071,3,0
1040,250,1018,0,3
1041,250,1063,3,0
1049,250,1071,3,0
1040,251,1018,0,3
1041,251,1063,3,0
1046,251,1024,0,3
1049,251,1071,3,0
1040,252,1018,0,3
1041,252,1063,3,0
1044,252,1066,3,0
1045,252,1067,3,0
1046,252,1024,0,3
1049,252,1071,3,0
1040,253,1018,0,3
1041,253,1063,3,0
1045,253,1067,3,0
1046,253,1024,0,3
1049,253,1071,3,0
1040,254,1018,0,3
1041,254,1063,3,0
1046,254,1024,0,3
1049,254,1071,3,0
1040,255,1018,0,3
1041,255,1063,3,0
1049,255,1071,3,0
1040,256,1018,0,3
1049,256,1071,3,0
1049,257,1071,3,0
1037,260,1015,0,3
1036,261,1014,0,3
1037,261,1015,0,3
1053,261,1075,3,0
1035,262,1013,0,3
1036,262,1014,0,3
1037,262,1015,0,3
1053,262,1075,3,0
1054,262,1076,3,0
1034,263,1056,2,0
1035,263,1013,0,3
1036,263,1014,0,3
1037,263,1015,0,3
1053,263,1075,3,0
1054,263,1076,3,0
1056,264,1078,2,0
1057,264,1035,0,3
1058,264,1036,0,3
1059,264,1037,0,3
1075,264,1097,3,0
1076,264,1098,3,0
1057,265,1035,0,3
1058,265,1036,0,3
1059,265,1037,0,3
1075,265,1097,3,0
1058,266,1036,0,3
1059,266,1037,0,3
1059,267,1037,0,3
1062,270,1040,0,3
1071,270,1093,3,0
1062,271,1040,0,3
1071,271,1093,3,0
1062,272,1040,0,3
1071,272,1093,3,0
1062,273,1040,0,3
1068,273,1046,0,3
1071,273,1093,3,0
1062,274,1040,0,3
1066,274,1088,3,0
1068,274,1046,0,3
1071,274,1093,3,0
1062,275,1040,0,3
1068,275,1046,0,3
1071,275,1093,3,0
1062,276,1040,0,3
1068,276,1046,0,3
1071,276,1093,3,0
1062,277,1040,0,3
1071,277,1093,3,0
1062,278,1040,0,3
1071,278,1093,3,0
1071,279,1093,3,0
1059,282,1037,0,3
1058,283,1036,0,3
1059,283,1037,0,3
1075,283,1097,3,0
1057,284,1035,0,3
1058,284,1036,0,3
1059,284,1037,0,3
1075,284,1097,3,0
1076,284,1098,3,0
1056,285,1078,2,0
1057,285,1035,0,3
1058,285,1036,0,3
1059,285,1037,0,3
1075,285,1097,3,0
1076,285,1098,3,0
1078,286,1100,2,0
1079,286,1057,0,3
1080,286,1058,0,3
1081,286,1059,0,3
1098,286,1120,3,0
1079,287,1057,0,3
1080,287,1058,0,3
1081,287,1059,0,3
1080,288,1058,0,3
1081,288,1059,0,3
1081,289,1059,0,3
1084,292,1062,0,3
1093,292,1115,3,0
1084,293,1062,0,3
1093,293,1115,3,0
1084,294,1062,0,3
1093,294,1115,3,0
1084,295,1062,0,3
1090,295,1068,0,3
1093,295,1115,3,0
1084,296,1062,0,3
1088,296,1110,3,0
1090,296,1068,0,3
1093,296,1115,3,0
1084,297,1062,0,3
1090,297,1068,0,3
1093,297,1115,3,0
1084,298,1062,0,3
1090,298,1068,0,3
1093,298,1115,3,0
1084,299,1062,0,3
1093,299,1115,3,0
1084,300,1062,0,3
1093,300,1115,3,0
1093,301,1115,3,0
1081,304,1059,0,3
1080,305,1058,0,3
1081,305,1059,0,3
1079,306,1057,0,3
1080,306,1058,0,3
1081,306,1059,0,3
1098,306,1120,3,0
1078,307,1100,2,0
1079,307,1057,0,3
1080,307,1058,0,3
1081,307,1059,0,3
1098,307,1120,3,0
1100,308,1122,2,0
1102,308,1080,0,3
1103,308,1081,0,3
1119,308,1097,0,3
1120,308,1142,3,0
1102,309,1080,0,3
1103,309,1081,0,3
1119,309,1097,0,3
1102,310,1080,0,3
1103,310,1081,0,3
1103,311,1081,0,3
1106,314,1084,0,3
1115,314,1137,3,0
1106,315,1084,0,3
1115,315,1137,3,0
1106,316,1084,0,3
1115,316,1137,3,0
1106,317,1084,0,3
1112,317,1090,0,3
1115,317,1137,3,0
1106,318,1084,0,3
1110,318,1132,3,0
1112,318,1090,0,3
1115,318,1137,3,0
1106,319,1084,0,3
1112,319,1090,0,3
1115,319,1137,3,0
1106,320,1084,0,3
1112,320,1090,0,3
1115,320,1137,3,0
1106,321,1084,0,3
1115,321,1137,3,0
1106,322,1084,0,3
1115,322,1137,3,0
1115,323,1137,3,0
1103,326,1081,0,3
1102,327,1080,0,3
1103,327,1081,0,3
1119,327,1097,0,3
1102,328,1080,0,3
1103,328,1081,0,3
1119,328,1097,0,3
1120,328,1142,3,0
1100,329,1122,2,0
1102,329,1080,0,3
1103,329,1081,0,3
1119,329,1097,0,3
1120,329,1142,3,0
1122,330,1144,2,0
1124,330,1102,0,3
1125,330,1103,0,3
1141,330,1119,0,3
1142,330,1164,3,0
1124,331,1102,0,3
1125,331,1103,0,3
1141,331,1119,0,3
1124,332,1102,0,3
1125,332,1103,0,3
1125,333,1103,0,3
1128,336,1106,0,3
1137,336,1159,3,0
1128,337,1106,0,3
1136,337,1114,0,3
1137,337,1159,3,0
1128,338,1106,0,3
1136,338,1114,0,3
1137,338,1159,3,0
1128,339,1106,0,3
1134,339,1112,0,3
1136,339,1114,0,3
1137,339,1159,3,0
1128,340,1106,0,3
1132,340,1154,3,0
1133,340,1155,3,0
1134,340,1112,0,3
1136,340,1114,0,3
1137,340,1159,3,0
1128,341,1106,0,3
1133,341,1155,3,0
1134,341,1112,0,3
1136,341,1114,0,3
1137,341,1159,3,0
1128,342,1106,0,3
1134,342,1112,0,3
1136,342,1114,0,3
1137,342,1159,3,0
1128,343,1106,0,3
1136,343,1114,0,3
1137,343,1159,3,0
1128,344,1106,0,3
1136,344,1114,0,3
1137,344,1159,3,0
1137,345,1159,3,0
1125,348,1103,0,3
1124,349,1102,0,3
1125,349,1103,0,3
1141,349,1119,0,3
1124,350,1102,0,3
1125,350,1103,0,3
1141,350,1119,0,3
1142,350,1164,3,0
1122,351,1144,2,0
1124,351,1102,0,3
1125,351,1103,0,3
1141,351,1119,0,3
1142,351,1164,3,0
1144,352,1166,2,0
1146,352,1124,0,3
1147,352,1125,0,3
1162,352,1184,3,0
1163,352,1141,0,3
1164,352,1186,3,0
1146,353,1124,0,3
1147,353,1125,0,3
1162,353,1184,3,0
1163,353,1141,0,3
1146,354,1124,0,3
1147,354,1125,0,3
1162,354,1184,3,0
1147,355,1125,0,3
1159,358,1181,3,0
1158,359,1136,0,3
1159,359,1181,3,0
1158,360,1136,0,3
1159,360,1181,3,0
1153,361,1175,3,0
1156,361,1134,0,3
1158,361,1136,0,3
1159,361,1181,3,0
1153,362,1175,3,0
1155,362,1177,3,0
1156,362,1134,0,3
1158,362,1136,0,3
1159,362,1181,3,0
1153,363,1175,3,0
1155,363,1177,3,0
1156,363,1134,0,3
1158,363,1136,0,3
1159,363,1181,3,0
1156,364,1134,0,3
1158,364,1136,0,3
1159,364,1181,3,0
1158,365,1136,0,3
1159,365,1181,3,0
1158,366,1136,0,3
1159,366,1181,3,0
1159,367,1181,3,0
1147,370,1125,0,3
1162,370,1184,3,0
1146,371,1124,0,3
1147,371,1125,0,3
1162,371,1184,3,0
1163,371,1141,0,3
1146,372,1124,0,3
1147,372,1125,0,3
1162,372,1184,3,0
1163,372,1141,0,3
1164,372,1186,3,0
1144,373,1166,2,0
1146,373,1124,0,3
1147,373,1125,0,3
1162,373,1184,3,0
1163,373,1141,0,3
1164,373,1186,3,0
1166,374,1188,2,0
1168,374,1146,0,3
1169,374,1147,0,3
1184,374,1206,3,0
1185,374,1163,0,3
1186,374,1208,3,0
1168,375,1146,0,3
1169,375,1147,0,3
1184,375,1206,3,0
1185,375,1163,0,3
1168,376,1146,0,3
1169,376,1147,0,3
1184,376,1206,3,0
1169,377,1147,0,3
1181,380,1203,3,0
1180,381,1158,0,3
1181,381,1203,3,0
1180,382,1158,0,3
1181,382,1203,3,0
1175,383,1197,3,0
1178,383,1156,0,3
1180,383,1158,0,3
1181,383,1203,3,0
1175,384,1197,3,0
1178,384,1156,0,3
1180,384,1158,0,3
1181,384,1203,3,0
1175,385,1197,3,0
1178,385,1156,0,3
1180,385,1158,0,3
1181,385,1203,3,0
1178,386,1156,0,3
1180,386,1158,0,3
1181,386,1203,3,0
1180,387,1158,0,3
1181,387,1203,3,0
1180,388,1158,0,3
1181,388,1203,3,0
1181,389,1203,3,0
1169,392,1147,0,3
1184,392,1206,3,0
1168,393,1146,0,3
1169,393,1147,0,3
1184,393,1206,3,0
1185,393,1163,0,3
1168,394,1146,0,3
1169,394,1147,0,3
1184,394,1206,3,0
1185,394,1163,0,3
1186,394,1208,3,0
1166,395,1188,2,0
1168,395,1146,0,3
1169,395,1147,0,3
1184,395,1206,3,0
1185,395,1163,0,3
1186,395,1208,3,0
1188,396,1210,2,0
1190,396,1168,0,3
1191,396,1169,0,3
1204,396,1226,3,0
1205,396,1227,3,0
1206,396,1228,3,0
1207,396,1185,0,3
1208,396,1230,3,0
1190,397,1168,0,3
1191,397,1169,0,3
1204,397,1226,3,0
1205,397,1227,3,0
1206,397,1228,3,0
1207,397,1185,0,3
1190,398,1168,0,3
1191,398,1169,0,3
1204,398,1226,3,0
1205,398,1227,3,0
1206,398,1228,3,0
1191,399,1169,0,3
1204,399,1226,3,0
1205,399,1227,3,0
1204,400,1226,3,0
1194,402,1172,0,3
1203,402,1225,3,0
1204,402,1226,3,0
1194,403,1172,0,3
1202,403,1180,0,3
1203,403,1225,3,0
1204,403,1226,3,0
1194,404,1172,0,3
1202,404,1180,0,3
1203,404,1225,3,0
1204,404,1226,3,0
1194,405,1172,0,3
1197,405,1219,3,0
1200,405,1178,0,3
1202,405,1180,0,3
1203,405,1225,3,0
1204,405,1226,3,0
1194,406,1172,0,3
1197,406,1219,3,0
1200,406,1178,0,3
1202,406,1180,0,3
1203,406,1225,3,0
1204,406,1226,3,0
1194,407,1172,0,3
1197,407,1219,3,0
1200,407,1178,0,3
1202,407,1180,0,3
1203,407,1225,3,0
1204,407,1226,3,0
1194,408,1172,0,3
1200,408,1178,0,3
1202,408,1180,0,3
1203,408,1225,3,0
1204,408,1226,3,0
1194,409,1172,0,3
1202,409,1180,0,3
1203,409,1225,3,0
1204,409,1226,3,0
1194,410,1172,0,3
1202,410,1180,0,3
1203,410,1225,3,0
1204,410,1226,3,0
1203,411,1225,3,0
1204,411,1226,3,0
1204,412,1226,3,0
1204,413,1226,3,0
1205,413,1227,3,0
1191,414,1169,0,3
1204,414,1226,3,0
1205,414,1227,3,0
1206,414,1228,3,0
1190,415,1168,0,3
1191,415,1169,0,3
1204,415,1226,3,0
1205,415,1227,3,0
1206,415,1228,3,0
1207,415,1185,0,3
1190,416,1168,0,3
1191,416,1169,0,3
1204,416,1226,3,0
1205,416,1227,3,0
1206,416,1228,3,0
1207,416,1185,0,3
1208,416,1230,3,0
1188,417,1210,2,0
1190,417,1168,0,3
1191,417,1169,0,3
1204,417,1226,3,0
1205,417,1227,3,0
1206,417,1228,3,0
1207,417,1185,0,3
1208,417,1230,3,0
1210,418,1232,2,0
1212,418,1190,0,3
1213,418,1191,0,3
1226,418,1248,3,0
1227,418,1249,3,0
1228,418,1250,3,0
1230,418,1252,3,0
1212,419,1190,0,3
1213,419,1191,0,3
1226,419,1248,3,0
1227,419,1249,3,0
1228,419,1250,3,0
1212,420,1190,0,3
1213,420,1191,0,3
1226,420,1248,3,0
1227,420,1249,3,0
1228,420,1250,3,0
1213,421,1191,0,3
1226,421,1248,3,0
1227,421,1249,3,0
1226,422,1248,3,0
1226,423,1248,3,0
1225,424,1247,3,0
1226,424,1248,3,0
1224,425,1202,0,3
1225,425,1247,3,0
1226,425,1248,3,0
1224,426,1202,0,3
1225,426,1247,3,0
1226,426,1248,3,0
1219,427,1241,3,0
1222,427,1200,0,3
1224,427,1202,0,3
1225,427,1247,3,0
1226,427,1248,3,0
1219,428,1241,3,0
1222,428,1200,0,3
1224,428,1202,0,3
1225,428,1247,3,0
1226,428,1248,3,0
1219,429,1241,3,0
1222,429,1200,0,3
1224,429,1202,0,3
1225,429,1247,3,0
1226,429,1248,3,0
1222,430,1200,0,3
1224,430,1202,0,3
1225,430,1247,3,0
1226,430,1248,3,0
1224,431,1202,0,3
1225,431,1247,3,0
1226,431,1248,3,0
1224,432,1202,0,3
1225,432,1247,3,0
1226,432,1248,3,0
1225,433,1247,3,0
1226,433,1248,3,0
1226,434,1248,3,0
1226,435,1248,3,0
1227,435,1249,3,0
1213,436,1191,0,3
1226,436,1248,3,0
1227,436,1249,3,0
1228,436,1250,3,0
1212,437,1190,0,3
1213,437,1191,0,3
1226,437,1248,3,0
1227,437,1249,3,0
1228,437,1250,3,0
1212,438,1190,0,3
1213,438,1191,0,3
1226,438,1248,3,0
1227,438,1249,3,0
1228,438,1250,3,0
1230,438,1252,3,0
1210,439,1232,2,0
1212,439,1190,0,3
1213,439,1191,0,3
1226,439,1248,3,0
1227,439,1249,3,0
1228,439,1250,3,0
1230,439,1252,3,0
1232,440,1254,2,0
1234,440,1212,0,3
1235,440,1213,0,3
1248,440,1270,3,0
1250,440,1272,3,0
1251,440,1229,0,3
1252,440,1274,3,0
1234,441,1212,0,3
1235,441,1213,0,3
1248,441,1270,3,0
1250,441,1272,3,0
1251,441,1229,0,3
1234,442,1212,0,3
1235,442,1213,0,3
1248,442,1270,3,0
1250,442,1272,3,0
1235,443,1213,0,3
1248,443,1270,3,0
1248,444,1270,3,0
1247,446,1269,3,0
1248,446,1270,3,0
1246,447,1224,0,3
1247,447,1269,3,0
1248,447,1270,3,0
1246,448,1224,0,3
1247,448,1269,3,0
1248,448,1270,3,0
1241,449,1263,3,0
1244,449,1222,0,3
1246,449,1224,0,3
1247,449,1269,3,0
1248,449,1270,3,0
1241,450,1263,3,0
1244,450,1222,0,3
1246,450,1224,0,3
1247,450,1269,3,0
1248,450,1270,3,0
1241,451,1263,3,0
1244,451,1222,0,3
1246,451,1224,0,3
1247,451,1269,3,0
1248,451,1270,3,0
1244,452,1222,0,3
1246,452,1224,0,3
1247,452,1269,3,0
1248,452,1270,3,0
1246,453,1224,0,3
1247,453,1269,3,0
1248,453,1270,3,0
1246,454,1224,0,3
1247,454,1269,3,0
1248,454,1270,3,0
1247,455,1269,3,0
1248,455,1270,3,0
1248,456,1270,3,0
1248,457,1270,3,0
1235,458,1213,0,3
1248,458,1270,3,0
1250,458,1272,3,0
1234,459,1212,0,3
1235,459,1213,0,3
1248,459,1270,3,0
1250,459,1272,3,0
1251,459,1229,0,3
1234,460,1212,0,3
1235,460,1213,0,3
1248,460,1270,3,0
1250,460,1272,3,0
1251,460,1229,0,3
1252,460,1274,3,0
1232,461,1254,2,0
1234,461,1212,0,3
1235,461,1213,0,3
1248,461,1270,3,0
1250,461,1272,3,0
1251,461,1229,0,3
1252,461,1274,3,0
1254,462,1276,2,0
1256,462,1234,0,3
1257,462,1235,0,3
1270,462,1292,3,0
1272,462,1294,3,0
1273,462,1251,0,3
1274,462,1296,3,0
1256,463,1234,0,3
1257,463,1235,0,3
1270,463,1292,3,0
1272,463,1294,3,0
1273,463,1251,0,3
1256,464,1234,0,3
1257,464,1235,0,3
1270,464,1292,3,0
1272,464,1294,3,0
1257,465,1235,0,3
1270,465,1292,3,0
1270,466,1292,3,0
1270,467,1292,3,0
1260,468,1238,0,3
1269,468,1291,3,0
1270,468,1292,3,0
1260,469,1238,0,3
1268,469,1246,0,3
1269,469,1291,3,0
1270,469,1292,3,0
1260,470,1238,0,3
1268,470,1246,0,3
1269,470,1291,3,0
1270,470,1292,3,0
1260,471,1238,0,3
1266,471,1244,0,3
1268,471,1246,0,3
1269,471,1291,3,0
1270,471,1292,3,0
1260,472,1238,0,3
1266,472,1244,0,3
1268,472,1246,0,3
1269,472,1291,3,0
1270,472,1292,3,0
1260,473,1238,0,3
1266,473,1244,0,3
1268,473,1246,0,3
1269,473,1291,3,0
1270,473,1292,3,0
1260,474,1238,0,3
1266,474,1244,0,3
1268,474,1246,0,3
1269,474,1291,3,0
1270,474,1292,3,0
1260,475,1238,0,3
1268,475,1246,0,3
1269,475,1291,3,0
1270,475,1292,3,0
1260,476,1238,0,3
1268,476,1246,0,3
1269,476,1291,3,0
1270,476,1292,3,0
1269,477,1291,3,0
1270,477,1292,3,0
1270,478,1292,3,0
1270,479,1292,3,0
1257,480,1235,0,3
1270,480,1292,3,0
1272,480,1294,3,0
1256,481,1234,0,3
1257,481,1235,0,3
1270,481,1292,3,0
1272,481,1294,3,0
1273,481,1251,0,3
1256,482,1234,0,3
1257,482,1235,0,3
1270,482,1292,3,0
1272,482,1294,3,0
1273,482,1251,0,3
1274,482,1296,3,0
1254,483,1276,2,0
1256,483,1234,0,3
1257,483,1235,0,3
1270,483,1292,3,0
1272,483,1294,3,0
1273,483,1251,0,3
1274,483,1296,3,0
1276,484,1298,2,0
1278,484,1256,0,3
1279,484,1257,0,3
1292,484,1314,3,0
1294,484,1316,3,0
1295,484,1273,0,3
1296,484,1318,3,0
1278,485,1256,0,3
1279,485,1257,0,3
1292,485,1314,3,0
1294,485,1316,3,0
1295,485,1273,0,3
1278,486,1256,0,3
1279,486,1257,0,3
1292,486,1314,3,0
1294,486,1316,3,0
1279,487,1257,0,3
1292,487,1314,3,0
1292,488,1314,3,0
1282,490,1260,0,3
1291,490,1313,3,0
1292,490,1314,3,0
1282,491,1260,0,3
1290,491,1268,0,3
1291,491,1313,3,0
1292,491,1314,3,0
1282,492,1260,0,3
1290,492,1268,0,3
1291,492,1313,3,0
1292,492,1314,3,0
1282,493,1260,0,3
1285,493,1307,3,0
1288,493,1266,0,3
1290,493,1268,0,3
1291,493,1313,3,0
1292,493,1314,3,0
1282,494,1260,0,3
1285,494,1307,3,0
1288,494,1266,0,3
1290,494,1268,0,3
1291,494,1313,3,0
1292,494,1314,3,0
1282,495,1260,0,3
1285,495,1307,3,0
1288,495,1266,0,3
1290,495,1268,0,3
1291,495,1313,3,0
1292,495,1314,3,0
1282,496,1260,0,3
1288,496,1266,0,3
1290,496,1268,0,3
1291,496,1313,3,0
1292,496,1314,3,0
1282,497,1260,0,3
1290,497,1268,0,3
1291,497,1313,3,0
1292,497,1314,3,0
1282,498,1260,0,3
1290,498,1268,0,3
1291,498,1313,3,0
1292,498,1314,3,0
1291,499,1313,3,0
1292,499,1314,3,0
1292,500,1314,3,0
1292,501,1314,3,0
1279,502,1257,0,3
1292,502,1314,3,0
1294,502,1316,3,0
1278,503,1256,0,3
1279,503,1257,0,3
1292,503,1314,3,0
1294,503,1316,3,0
1295,503,1273,0,3
1278,504,1256,0,3
1279,504,1257,0,3
1292,504,1314,3,0
1294,504,1316,3,0
1295,504,1273,0,3
1296,504,1318,3,0
1276,505,1298,2,0
1278,505,1256,0,3
1279,505,1257,0,3
1292,505,1314,3,0
1294,505,1316,3,0
1295,505,1273,0,3
1296,505,1318,3,0
1298,506,1320,2,0
1300,506,1278,0,3
1301,506,1279,0,3
1316,506,1338,3,0
1318,506,1340,3,0
1300,507,1278,0,3
1301,507,1279,0,3
1316,507,1338,3,0
1300,508,1278,0,3
1301,508,1279,0,3
1316,508,1338,3,0
1301,509,1279,0,3
1304,512,1282,0,3
1313,512,1335,3,0
1304,513,1282,0,3
1312,513,1290,0,3
1313,513,1335,3,0
1304,514,1282,0,3
1312,514,1290,0,3
1313,514,1335,3,0
1304,515,1282,0,3
1307,515,1329,3,0
1310,515,1288,0,3
1312,515,1290,0,3
1313,515,1335,3,0
1304,516,1282,0,3
1307,516,1329,3,0
1309,516,1331,3,0
1310,516,1288,0,3
1312,516,1290,0,3
1313,516,1335,3,0
1304,517,1282,0,3
1307,517,1329,3,0
1309,517,1331,3,0
1310,517,1288,0,3
1312,517,1290,0,3
1313,517,1335,3,0
1304,518,1282,0,3
1310,518,1288,0,3
1312,518,1290,0,3
1313,518,1335,3,0
1304,519,1282,0,3
1312,519,1290,0,3
1313,519,1335,3,0
1304,520,1282,0,3
1312,520,1290,0,3
1313,520,1335,3,0
1313,521,1335,3,0
1301,524,1279,0,3
1316,524,1338,3,0
1300,525,1278,0,3
1301,525,1279,0,3
1316,525,1338,3,0
1300,526,1278,0,3
1301,526,1279,0,3
1316,526,1338,3,0
1318,526,1340,3,0
1298,527,1320,2,0
1300,527,1278,0,3
1301,527,1279,0,3
1316,527,1338,3,0
1318,527,1340,3,0
1320,528,1342,2,0
1322,528,1300,0,3
1338,528,1360,3,0
1340,528,1362,3,0
1322,529,1300,0,3
1338,529,1360,3,0
1322,530,1300,0,3
1338,530,1360,3,0
1326,534,1304,0,3
1335,534,1357,3,0
1326,535,1304,0,3
1335,535,1357,3,0
1326,536,1304,0,3
1335,536,1357,3,0
1326,537,1304,0,3
1329,537,1351,3,0
1332,537,1310,0,3
1335,537,1357,3,0
1326,538,1304,0,3
1329,538,1351,3,0
1332,538,1310,0,3
1335,538,1357,3,0
1326,539,1304,0,3
1329,539,1351,3,0
1332,539,1310,0,3
1335,539,1357,3,0
1326,540,1304,0,3
1332,540,1310,0,3
1335,540,1357,3,0
1326,541,1304,0,3
1335,541,1357,3,0
1326,542,1304,0,3
1335,542,1357,3,0
1335,543,1357,3,0
1338,546,1360,3,0
1322,547,1300,0,3
1338,547,1360,3,0
1322,548,1300,0,3
1338,548,1360,3,0
1340,548,1362,3,0
1320,549,1342,2,0
1322,549,1300,0,3
1338,549,1360,3,0
1340,549,1362,3,0
1342,550,1364,2,0
1344,550,1322,0,3
1345,550,1323,0,3
1358,550,1380,3,0
1360,550,1382,3,0
1362,550,1384,3,0
1344,551,1322,0,3
1345,551,1323,0,3
1358,551,1380,3,0
1360,551,1382,3,0
1344,552,1322,0,3
1345,552,1323,0,3
1358,552,1380,3,0
1360,552,1382,3,0
1345,553,1323,0,3
1358,553,1380,3,0
1358,554,1380,3,0
1358,555,1380,3,0
1348,556,1326,0,3
1358,556,1380,3,0
1348,557,1326,0,3
1358,557,1380,3,0
1348,558,1326,0,3
1358,558,1380,3,0
1348,559,1326,0,3
1351,559,1373,3,0
1354,559,1332,0,3
1358,559,1380,3,0
1348,560,1326,0,3
1351,560,1373,3,0
1354,560,1332,0,3
1358,560,1380,3,0
1348,561,1326,0,3
1351,561,1373,3,0
1354,561,1332,0,3
1358,561,1380,3,0
1348,562,1326,0,3
1354,562,1332,0,3
1358,562,1380,3,0
1348,563,1326,0,3
1358,563,1380,3,0
1348,564,1326,0,3
1358,564,1380,3,0
1358,565,1380,3,0
1358,566,1380,3,0
1358,567,1380,3,0
1345,568,1323,0,3
1358,568,1380,3,0
1360,568,1382,3,0
1344,569,1322,0,3
1345,569,1323,0,3
1358,569,1380,3,0
1360,569,1382,3,0
1344,570,1322,0,3
1345,570,1323,0,3
1358,570,1380,3,0
1360,570,1382,3,0
1362,570,1384,3,0
1342,571,1364,2,0
1344,571,1322,0,3
1345,571,1323,0,3
1358,571,1380,3,0
1360,571,1382,3,0
1362,571,1384,3,0
1364,572,1386,2,0
1365,572,1343,0,3
1366,572,1344,0,3
1367,572,1345,0,3
1380,572,1402,3,0
1382,572,1404,3,0
1384,572,1406,3,0
1365,573,1343,0,3
1366,573,1344,0,3
1367,573,1345,0,3
1380,573,1402,3,0
1382,573,1404,3,0
1366,574,1344,0,3
1367,574,1345,0,3
1380,574,1402,3,0
1382,574,1404,3,0
1367,575,1345,0,3
1380,575,1402,3,0
1380,576,1402,3,0
1370,578,1348,0,3
1380,578,1402,3,0
1370,579,1348,0,3
1380,579,1402,3,0
1370,580,1348,0,3
1380,580,1402,3,0
1370,581,1348,0,3
1373,581,1395,3,0
1376,581,1354,0,3
1380,581,1402,3,0
1370,582,1348,0,3
1373,582,1395,3,0
1375,582,1397,3,0
1376,582,1354,0,3
1380,582,1402,3,0
1370,583,1348,0,3
1373,583,1395,3,0
1375,583,1397,3,0
1376,583,1354,0,3
1380,583,1402,3,0
1370,584,1348,0,3
1376,584,1354,0,3
1380,584,1402,3,0
1370,585,1348,0,3
1380,585,1402,3,0
1370,586,1348,0,3
1380,586,1402,3,0
1380,587,1402,3,0
1380,588,1402,3,0
1380,589,1402,3,0
1367,590,1345,0,3
1380,590,1402,3,0
1382,590,1404,3,0
1366,591,1344,0,3
1367,591,1345,0,3
1380,591,1402,3,0
1382,591,1404,3,0
1365,592,1343,0,3
1366,592,1344,0,3
1367,592,1345,0,3
1380,592,1402,3,0
1382,592,1404,3,0
1384,592,1406,3,0
1364,593,1386,2,0
1365,593,1343,0,3
1366,593,1344,0,3
1367,593,1345,0,3
1380,593,1402,3,0
1382,593,1404,3,0
1384,593,1406,3,0
1386,594,1408,2,0
1387,594,1365,0,3
1388,594,1366,0,3
1389,594,1367,0,3
1402,594,1424,3,0
1404,594,1426,3,0
1406,594,1428,3,0
1387,595,1365,0,3
1388,595,1366,0,3
1389,595,1367,0,3
1402,595,1424,3,0
1404,595,1426,3,0
1388,596,1366,0,3
1389,596,1367,0,3
1402,596,1424,3,0
1404,596,1426,3,0
1389,597,1367,0,3
1402,597,1424,3,0
1402,598,1424,3,0
1402,599,1424,3,0
1392,600,1370,0,3
1401,600,1423,3,0
1402,600,1424,3,0
1392,601,1370,0,3
1401,601,1423,3,0
1402,601,1424,3,0
1392,602,1370,0,3
1401,602,1423,3,0
1402,602,1424,3,0
1392,603,1370,0,3
1395,603,1417,3,0
1398,603,1376,0,3
1401,603,1423,3,0
1402,603,1424,3,0
1392,604,1370,0,3
1395,604,1417,3,0
1397,604,1419,3,0
1398,604,1376,0,3
1401,604,1423,3,0
1402,604,1424,3,0
1392,605,1370,0,3
1395,605,1417,3,0
1397,605,1419,3,0
1398,605,1376,0,3
1401,605,1423,3,0
1402,605,1424,3,0
1392,606,1370,0,3
1398,606,1376,0,3
1401,606,1423,3,0
1402,606,1424,3,0
1392,607,1370,0,3
1401,607,1423,3,0
1402,607,1424,3,0
1392,608,1370,0,3
1401,608,1423,3,0
1402,608,1424,3,0
1401,609,1423,3,0
1402,609,1424,3,0
1402,610,1424,3,0
1402,611,1424,3,0
1389,612,1367,0,3
1402,612,1424,3,0
1404,612,1426,3,0
1388,613,1366,0,3
1389,613,1367,0,3
1402,613,1424,3,0
1404,613,1426,3,0
1387,614,1365,0,3
1388,614,1366,0,3
1389,614,1367,0,3
1402,614,1424,3,0
1404,614,1426,3,0
1406,614,1428,3,0
1386,615,1408,2,0
1387,615,1365,0,3
1388,615,1366,0,3
1389,615,1367,0,3
1402,615,1424,3,0
1404,615,1426,3,0
1406,615,1428,3,0
1408,616,1430,2,0
1409,616,1387,0,3
1410,616,1388,0,3
1411,616,1389,0,3
1424,616,1446,3,0
1426,616,1448,3,0
1427,616,1405,0,3
1428,616,1450,3,0
1409,617,1387,0,3
1410,617,1388,0,3
1411,617,1389,0,3
1424,617,1446,3,0
1426,617,1448,3,0
1427,617,1405,0,3
1410,618,1388,0,3
1411,618,1389,0,3
1424,618,1446,3,0
1426,618,1448,3,0
1411,619,1389,0,3
1424,619,1446,3,0
1424,620,1446,3,0
1414,622,1392,0,3
1423,622,1445,3,0
1424,622,1446,3,0
1414,623,1392,0,3
1423,623,1445,3,0
1424,623,1446,3,0
1414,624,1392,0,3
1423,624,1445,3,0
1424,624,1446,3,0
1414,625,1392,0,3
1417,625,1439,3,0
1420,625,1398,0,3
1423,625,1445,3,0
1424,625,1446,3,0
1414,626,1392,0,3
1417,626,1439,3,0
1419,626,1441,3,0
1420,626,1398,0,3
1423,626,1445,3,0
1424,626,1446,3,0
1414,627,1392,0,3
1417,627,1439,3,0
1419,627,1441,3,0
1420,627,1398,0,3
1423,627,1445,3,0
1424,627,1446,3,0
1414,628,1392,0,3
1420,628,1398,0,3
1423,628,1445,3,0
1424,628,1446,3,0
1414,629,1392,0,3
1423,629,1445,3,0
1424,629,1446,3,0
1414,630,1392,0,3
1423,630,1445,3,0
1424,630,1446,3,0
1423,631,1445,3,0
1424,631,1446,3,0
1424,632,1446,3,0
1424,633,1446,3,0
1411,634,1389,0,3
1424,634,1446,3,0
1426,634,1448,3,0
1410,635,1388,0,3
1411,635,1389,0,3
1424,635,1446,3,0
1426,635,1448,3,0
1427,635,1405,0,3
1409,636,1387,0,3
1410,636,1388,0,3
1411,636,1389,0,3
1424,636,1446,3,0
1426,636,1448,3,0
1427,636,1405,0,3
1428,636,1450,3,0
1408,637,1430,2,0
1409,637,1387,0,3
1410,637,1388,0,3
1411,637,1389,0,3
1424,637,1446,3,0
1426,637,1448,3,0
1427,637,1405,0,3
1428,637,1450,3,0
1431,638,1409,0,3
1432,638,1410,0,3
1433,638,1411,0,3
1446,638,1468,3,0
1448,638,1470,3,0
1449,638,1427,0,3
1450,638,1472,3,0
1431,639,1409,0,3
1432,639,1410,0,3
1433,639,1411,0,3
1446,639,1468,3,0
1448,639,1470,3,0
1449,639,1427,0,3
1432,640,1410,0,3
1433,640,1411,0,3
1446,640,1468,3,0
1448,640,1470,3,0
1433,641,1411,0,3
1446,641,1468,3,0
1446,642,1468,3,0
1446,643,1468,3,0
1436,644,1414,0,3
1445,644,1467,3,0
1446,644,1468,3,0
1436,645,1414,0,3
1445,645,1467,3,0
1446,645,1468,3,0
1436,646,1414,0,3
1445,646,1467,3,0
1446,646,1468,3,0
1436,647,1414,0,3
1439,647,1461,3,0
1442,647,1420,0,3
1445,647,1467,3,0
1446,647,1468,3,0
1436,648,1414,0,3
1439,648,1461,3,0
1441,648,1463,3,0
1442,648,1420,0,3
1445,648,1467,3,0
1446,648,1468,3,0
1436,649,1414,0,3
1439,649,1461,3,0
1441,649,1463,3,0
1442,649,1420,0,3
1445,649,1467,3,0
1446,649,1468,3,0
1436,650,1414,0,3
1442,650,1420,0,3
1445,650,1467,3,0
1446,650,1468,3,0
1436,651,1414,0,3
1445,651,1467,3,0
1446,651,1468,3,0
1436,652,1414,0,3
1445,652,1467,3,0
1446,652,1468,3,0
1445,653,1467,3,0
1446,653,1468,3,0
1446,654,1468,3,0
1446,655,1468,3,0
1433,656,1411,0,3
1446,656,1468,3,0
1448,656,1470,3,0
1432,657,1410,0,3
1433,657,1411,0,3
1446,657,1468,3,0
1448,657,1470,3,0
1449,657,1427,0,3
1431,658,1409,0,3
1432,658,1410,0,3
1433,658,1411,0,3
1446,658,1468,3,0
1448,658,1470,3,0
1449,658,1427,0,3
1450,658,1472,3,0
1431,659,1409,0,3
1432,659,1410,0,3
1433,659,1411,0,3
1446,659,1468,3,0
1448,659,1470,3,0
1449,659,1427,0,3
1450,659,1472,3,0
1453,660,1431,0,3
1454,660,1432,0,3
1455,660,1433,0,3
1468,660,1490,3,0
1470,660,1492,3,0
1472,660,1494,3,0
1453,661,1431,0,3
1454,661,1432,0,3
1455,661,1433,0,3
1468,661,1490,3,0
1470,661,1492,3,0
1454,662,1432,0,3
1455,662,1433,0,3
1468,662,1490,3,0
1470,662,1492,3,0
1455,663,1433,0,3
1468,663,1490,3,0
1468,664,1490,3,0
1458,666,1436,0,3
1467,666,1489,3,0
1468,666,1490,3,0
1458,667,1436,0,3
1467,667,1489,3,0
1468,667,1490,3,0
1458,668,1436,0,3
1467,668,1489,3,0
1468,668,1490,3,0
1458,669,1436,0,3
1461,669,1483,3,0
1464,669,1442,0,3
1467,669,1489,3,0
1468,669,1490,3,0
1458,670,1436,0,3
1461,670,1483,3,0
1464,670,1442,0,3
1467,670,1489,3,0
1468,670,1490,3,0
1458,671,1436,0,3
1461,671,1483,3,0
1464,671,1442,0,3
1467,671,1489,3,0
1468,671,1490,3,0
1458,672,1436,0,3
1464,672,1442,0,3
1467,672,1489,3,0
1468,672,1490,3,0
1458,673,1436,0,3
1467,673,1489,3,0
1468,673,1490,3,0
1458,674,1436,0,3
1467,674,1489,3,0
1468,674,1490,3,0
1467,675,1489,3,0
1468,675,1490,3,0
1468,676,1490,3,0
1468,677,1490,3,0
1455,678,1433,0,3
1468,678,1490,3,0
1470,678,1492,3,0
1454,679,1432,0,3
1455,679,1433,0,3
1468,679,1490,3,0
1470,679,1492,3,0
1453,680,1431,0,3
1454,680,1432,0,3
1455,680,1433,0,3
1468,680,1490,3,0
1470,680,1492,3,0
1472,680,1494,3,0
1453,681,1431,0,3
1454,681,1432,0,3
1455,681,1433,0,3
1468,681,1490,3,0
1470,681,1492,3,0
1472,681,1494,3,0
1473,681,1451,0,3
1475,682,1453,0,3
1476,682,1454,0,3
1477,682,1455,0,3
1490,682,1512,3,0
1491,682,1513,3,0
1492,682,1514,3,0
1494,682,1516,3,0
1475,683,1453,0,3
1476,683,1454,0,3
1477,683,1455,0,3
1490,683,1512,3,0
1491,683,1513,3,0
1492,683,1514,3,0
1476,684,1454,0,3
1477,684,1455,0,3
1490,684,1512,3,0
1491,684,1513,3,0
1492,684,1514,3,0
1477,685,1455,0,3
1490,685,1512,3,0
1491,685,1513,3,0
1490,686,1512,3,0
1490,687,1512,3,0
1480,688,1458,0,3
1489,688,1511,3,0
1490,688,1512,3,0
1480,689,1458,0,3
1481,689,1503,3,0
1489,689,1511,3,0
1490,689,1512,3,0
1480,690,1458,0,3
1481,690,1503,3,0
1489,690,1511,3,0
1490,690,1512,3,0
1480,691,1458,0,3
1481,691,1503,3,0
1483,691,1505,3,0
1486,691,1464,0,3
1489,691,1511,3,0
1490,691,1512,3,0
1480,692,1458,0,3
1481,692,1503,3,0
1483,692,1505,3,0
1484,692,1506,3,0
1486,692,1464,0,3
1489,692,1511,3,0
1490,692,1512,3,0
1480,693,1458,0,3
1481,693,1503,3,0
1483,693,1505,3,0
1486,693,1464,0,3
1489,693,1511,3,0
1490,693,1512,3,0
1480,694,1458,0,3
1481,694,1503,3,0
1486,694,1464,0,3
1489,694,1511,3,0
1490,694,1512,3,0
1480,695,1458,0,3
1481,695,1503,3,0
1489,695,1511,3,0
1490,695,1512,3,0
1480,696,1458,0,3
1489,696,1511,3,0
1490,696,1512,3,0
1489,697,1511,3,0
1490,697,1512,3,0
1490,698,1512,3,0
1490,699,1512,3,0
1491,699,1513,3,0
1477,700,1455,0,3
1490,700,1512,3,0
1491,700,1513,3,0
1492,700,1514,3,0
1476,701,1454,0,3
1477,701,1455,0,3
1490,701,1512,3,0
1491,701,1513,3,0
1492,701,1514,3,0
1475,702,1453,0,3
1476,702,1454,0,3
1477,702,1455,0,3
1490,702,1512,3,0
1491,702,1513,3,0
1492,702,1514,3,0
1494,702,1516,3,0
1475,703,1453,0,3
1476,703,1454,0,3
1477,703,1455,0,3
1490,703,1512,3,0
1491,703,1513,3,0
1492,703,1514,3,0
1494,703,1516,3,0
1495,703,1473,0,3
1496,704,1518,2,0
1497,704,1475,0,3
1498,704,1476,0,3
1499,704,1477,0,3
1512,704,1534,3,0
1513,704,1535,3,0
1514,704,1536,3,0
1497,705,1475,0,3
1498,705,1476,0,3
1499,705,1477,0,3
1512,705,1534,3,0
1513,705,1535,3,0
1514,705,1536,3,0
1498,706,1476,0,3
1499,706,1477,0,3
1512,706,1534,3,0
1513,706,1535,3,0
1514,706,1536,3,0
1499,707,1477,0,3
1512,707,1534,3,0
1513,707,1535,3,0
1512,708,1534,3,0
1502,710,1480,0,3
1512,710,1534,3,0
1502,711,1480,0,3
1503,711,1525,3,0
1512,711,1534,3,0
1502,712,1480,0,3
1503,712,1525,3,0
1512,712,1534,3,0
1502,713,1480,0,3
1503,713,1525,3,0
1505,713,1527,3,0
1508,713,1486,0,3
1512,713,1534,3,0
1502,714,1480,0,3
1503,714,1525,3,0
1505,714,1527,3,0
1506,714,1528,3,0
1508,714,1486,0,3
1512,714,1534,3,0
1502,715,1480,0,3
1503,715,1525,3,0
1505,715,1527,3,0
1508,715,1486,0,3
1512,715,1534,3,0
1502,716,1480,0,3
1503,716,1525,3,0
1508,716,1486,0,3
1512,716,1534,3,0
1502,717,1480,0,3
1503,717,1525,3,0
1512,717,1534,3,0
1502,718,1480,0,3
1512,718,1534,3,0
1512,719,1534,3,0
1512,720,1534,3,0
1512,721,1534,3,0
1513,721,1535,3,0
1499,722,1477,0,3
1512,722,1534,3,0
1513,722,1535,3,0
1514,722,1536,3,0
1498,723,1476,0,3
1499,723,1477,0,3
1512,723,1534,3,0
1513,723,1535,3,0
1514,723,1536,3,0
1497,724,1475,0,3
1498,724,1476,0,3
1499,724,1477,0,3
1512,724,1534,3,0
1513,724,1535,3,0
1514,724,1536,3,0
1496,725,1518,2,0
1497,725,1475,0,3
1498,725,1476,0,3
1499,725,1477,0,3
1512,725,1534,3,0
1513,725,1535,3,0
1514,725,1536,3,0
1519,726,1497,0,3
1521,726,1499,0,3
1523,726,1545,3,0
1535,726,1557,3,0
1536,726,1558,3,0
1537,726,1559,3,0
1519,727,1497,0,3
1521,727,1499,0,3
1523,727,1545,3,0
1535,727,1557,3,0
1536,727,1558,3,0
1537,727,1559,3,0
1521,728,1499,0,3
1523,728,1545,3,0
1535,728,1557,3,0
1536,728,1558,3,0
1521,729,1499,0,3
1523,729,1545,3,0
1535,729,1557,3,0
1523,730,1545,3,0
1523,731,1545,3,0
1523,732,1545,3,0
1524,732,1502,0,3
1523,733,1545,3,0
1524,733,1502,0,3
1525,733,1547,3,0
1523,734,1545,3,0
1524,734,1502,0,3
1525,734,1547,3,0
1531,734,1509,0,3
1523,735,1545,3,0
1524,735,1502,0,3
1525,735,1547,3,0
1527,735,1549,3,0
1531,735,1509,0,3
1523,736,1545,3,0
1524,736,1502,0,3
1525,736,1547,3,0
1527,736,1549,3,0
1529,736,1551,3,0
1531,736,1509,0,3
1523,737,1545,3,0
1524,737,1502,0,3
1525,737,1547,3,0
1527,737,1549,3,0
1529,737,1551,3,0
1531,737,1509,0,3
1523,738,1545,3,0
1524,738,1502,0,3
1525,738,1547,3,0
1531,738,1509,0,3
1523,739,1545,3,0
1524,739,1502,0,3
1525,739,1547,3,0
1531,739,1509,0,3
1523,740,1545,3,0
1524,740,1502,0,3
1523,741,1545,3,0
1523,743,1545,3,0
1535,743,1557,3,0
1521,744,1499,0,3
1523,744,1545,3,0
1535,744,1557,3,0
1536,744,1558,3,0
1521,745,1499,0,3
1523,745,1545,3,0
1535,745,1557,3,0
1536,745,1558,3,0
1537,745,1559,3,0
1519,746,1497,0,3
1521,746,1499,0,3
1523,746,1545,3,0
1535,746,1557,3,0
1536,746,1558,3,0
1537,746,1559,3,0
1519,747,1497,0,3
1521,747,1499,0,3
1523,747,1545,3,0
1535,747,1557,3,0
1536,747,1558,3,0
1537,747,1559,3,0
1539,747,1517,0,3
1541,748,1519,0,3
1543,748,1521,0,3
1545,748,1567,3,0
1557,748,1579,3,0
1558,748,1580,3,0
1541,749,1519,0,3
1543,749,1521,0,3
1545,749,1567,3,0
1557,749,1579,3,0
1558,749,1580,3,0
1543,750,1521,0,3
1545,750,1567,3,0
1557,750,1579,3,0
1558,750,1580,3,0
1543,751,1521,0,3
1545,751,1567,3,0
1557,751,1579,3,0
1545,752,1567,3,0
1545,753,1567,3,0
1545,754,1567,3,0
1546,754,1524,0,3
1545,755,1567,3,0
1546,755,1524,0,3
1547,755,1569,3,0
1545,756,1567,3,0
1546,756,1524,0,3
1547,756,1569,3,0
1553,756,1531,0,3
1545,757,1567,3,0
1546,757,1524,0,3
1547,757,1569,3,0
1549,757,1571,3,0
1553,757,1531,0,3
1545,758,1567,3,0
1546,758,1524,0,3
1547,758,1569,3,0
1549,758,1571,3,0
1553,758,1531,0,3
1545,759,1567,3,0
1546,759,1524,0,3
1547,759,1569,3,0
1549,759,1571,3,0
1553,759,1531,0,3
1545,760,1567,3,0
1546,760,1524,0,3
1547,760,1569,3,0
1553,760,1531,0,3
1545,761,1567,3,0
1546,761,1524,0,3
1547,761,1569,3,0
1553,761,1531,0,3
1545,762,1567,3,0
1546,762,1524,0,3
1545,763,1567,3,0
1545,765,1567,3,0
1557,765,1579,3,0
1543,766,1521,0,3
1545,766,1567,3,0
1557,766,1579,3,0
1558,766,1580,3,0
1543,767,1521,0,3
1545,767,1567,3,0
1557,767,1579,3,0
1558,767,1580,3,0
1541,768,1519,0,3
1543,768,1521,0,3
1545,768,1567,3,0
1557,768,1579,3,0
1558,768,1580,3,0
1541,769,1519,0,3
1543,769,1521,0,3
1545,769,1567,3,0
1557,769,1579,3,0
1558,769,1580,3,0
1561,769,1539,0,3
1563,770,1541,0,3
1565,770,1543,0,3
1579,770,17,3,3
1580,770,18,3,3
1563,771,1541,0,3
1565,771,1543,0,3
1579,771,17,3,3
1580,771,18,3,3
1565,772,1543,0,3
1579,772,17,3,3
1580,772,18,3,3
1565,773,1543,0,3
1579,773,17,3,3
1569,777,7,3,3
1569,778,7,3,3
1575,778,1553,0,3
1569,779,7,3,3
1571,779,9,3,3
1575,779,1553,0,3
1569,780,7,3,3
1571,780,9,3,3
1572,780,1550,0,3
1575,780,1553,0,3
1569,781,7,3,3
1571,781,9,3,3
1575,781,1553,0,3
1569,782,7,3,3
1575,782,1553,0,3
1569,783,7,3,3
1575,783,1553,0,3
1579,787,17,3,3
1565,788,1543,0,3
1579,788,17,3,3
1580,788,18,3,3
1565,789,1543,0,3
1579,789,17,3,3
1580,789,18,3,3
1563,790,1541,0,3
1565,790,1543,0,3
1579,790,17,3,3
1580,790,18,3,3
1563,791,1541,0,3
1565,791,1543,0,3
1579,791,17,3,3
1580,791,18,3,3
3,792,1565,3,3
4,792,1566,3,3
5,792,27,2,0
17,792,39,2,0
18,792,40,2,0
3,793,1565,3,3
4,793,1566,3,3
5,793,27,2,0
17,793,39,2,0
18,793,40,2,0
3,794,1565,3,3
4,794,1566,3,3
5,794,27,2,0
17,794,39,2,0
18,794,40,2,0
3,795,1565,3,3
4,795,1566,3,3
5,795,27,2,0
17,795,39,2,0
4,796,1566,3,3
5,796,27,2,0
5,797,27,2,0
5,798,27,2,0
6,798,28,2,0
15,798,1577,3,3
5,799,27,2,0
6,799,28,2,0
7,799,29,2,0
14,799,36,2,0
15,799,1577,3,3
5,800,27,2,0
6,800,28,2,0
7,800,29,2,0
14,800,36,2,0
15,800,1577,3,3
5,801,27,2,0
6,801,28,2,0
7,801,29,2,0
9,801,31,2,0
14,801,36,2,0
15,801,1577,3,3
5,802,27,2,0
6,802,28,2,0
7,802,29,2,0
9,802,31,2,0
14,802,36,2,0
15,802,1577,3,3
5,803,27,2,0
6,803,28,2,0
7,803,29,2,0
9,803,31,2,0
14,803,36,2,0
15,803,1577,3,3
5,804,27,2,0
6,804,28,2,0
7,804,29,2,0
14,804,36,2,0
15,804,1577,3,3
5,805,27,2,0
6,805,28,2,0
7,805,29,2,0
14,805,36,2,0
15,805,1577,3,3
5,806,27,2,0
6,806,28,2,0
14,806,36,2,0
15,806,1577,3,3
5,807,27,2,0
15,807,1577,3,3
4,809,1566,3,3
5,809,27,2,0
17,809,39,2,0
3,810,1565,3,3
4,810,1566,3,3
5,810,27,2,0
17,810,39,2,0
18,810,40,2,0
3,811,1565,3,3
4,811,1566,3,3
5,811,27,2,0
17,811,39,2,0
18,811,40,2,0
3,812,1565,3,3
4,812,1566,3,3
5,812,27,2,0
17,812,39,2,0
18,812,40,2,0
3,813,1565,3,3
4,813,1566,3,3
5,813,27,2,0
17,813,39,2,0
18,813,40,2,0
21,813,1583,3,3
24,814,2,0,2
25,814,3,0,2
26,814,4,0,2
27,814,49,3,0
39,814,61,3,0
40,814,62,3,0
24,815,2,0,2
25,815,3,0,2
26,815,4,0,2
27,815,49,3,0
39,815,61,3,0
40,815,62,3,0
24,816,2,0,2
25,816,3,0,2
26,816,4,0,2
27,816,49,3,0
39,816,61,3,0
40,816,62,3,0
25,817,3,0,2
26,817,4,0,2
27,817,49,3,0
39,817,61,3,0
26,818,4,0,2
27,818,49,3,0
27,819,49,3,0
27,820,49,3,0
28,820,50,3,0
37,820,15,0,2
27,821,49,3,0
28,821,50,3,0
29,821,51,3,0
36,821,58,3,0
37,821,15,0,2
27,822,49,3,0
28,822,50,3,0
29,822,51,3,0
36,822,58,3,0
37,822,15,0,2
27,823,49,3,0
28,823,50,3,0
29,823,51,3,0
31,823,53,3,0
34,823,56,3,0
36,823,58,3,0
37,823,15,0,2
27,824,49,3,0
28,824,50,3,0
29,824,51,3,0
31,824,53,3,0
32,824,10,0,2
34,824,56,3,0
36,824,58,3,0
37,824,15,0,2
27,825,49,3,0
28,825,50,3,0
29,825,51,3,0
31,825,53,3,0
34,825,56,3,0
36,825,58,3,0
37,825,15,0,2
27,826,49,3,0
28,826,50,3,0
29,826,51,3,0
34,826,56,3,0
36,826,58,3,0
37,826,15,0,2
27,827,49,3,0
28,827,50,3,0
29,827,51,3,0
36,827,58,3,0
37,827,15,0,2
27,828,49,3,0
28,828,50,3,0
36,828,58,3,0
37,828,15,0,2
27,829,49,3,0
37,829,15,0,2
26,831,4,0,2
27,831,49,3,0
39,831,61,3,0
25,832,3,0,2
26,832,4,0,2
27,832,49,3,0
39,832,61,3,0
40,832,62,3,0
24,833,2,0,2
25,833,3,0,2
26,833,4,0,2
27,833,49,3,0
39,833,61,3,0
40,833,62,3,0
24,834,2,0,2
25,834,3,0,2
26,834,4,0,2
27,834,49,3,0
39,834,61,3,0
40,834,62,3,0
24,835,2,0,2
25,835,3,0,2
26,835,4,0,2
27,835,49,3,0
39,835,61,3,0
40,835,62,3,0
43,835,21,0,2
45,836,67,3,0
46,836,24,0,3
48,836,26,0,3
49,836,71,3,0
61,836,83,3,0
62,836,84,3,0
63,836,41,0,3
45,837,67,3,0
46,837,24,0,3
48,837,26,0,3
49,837,71,3,0
61,837,83,3,0
62,837,84,3,0
63,837,41,0,3
46,838,24,0,3
48,838,26,0,3
49,838,71,3,0
61,838,83,3,0
62,838,84,3,0
48,839,26,0,3
49,839,71,3,0
61,839,83,3,0
48,840,26,0,3
49,840,71,3,0
49,841,71,3,0
49,842,71,3,0
50,842,72,3,0
59,842,37,0,3
49,843,71,3,0
50,843,72,3,0
58,843,80,3,0
59,843,37,0,3
49,844,71,3,0
50,844,72,3,0
58,844,80,3,0
59,844,37,0,3
49,845,71,3,0
50,845,72,3,0
53,845,75,3,0
56,845,78,3,0
58,845,80,3,0
59,845,37,0,3
49,846,71,3,0
50,846,72,3,0
53,846,75,3,0
54,846,32,0,3
56,846,78,3,0
58,846,80,3,0
59,846,37,0,3
49,847,71,3,0
50,847,72,3,0
53,847,75,3,0
56,847,78,3,0
58,847,80,3,0
59,847,37,0,3
49,848,71,3,0
50,848,72,3,0
56,848,78,3,0
58,848,80,3,0
59,848,37,0,3
49,849,71,3,0
50,849,72,3,0
58,849,80,3,0
59,849,37,0,3
49,850,71,3,0
50,850,72,3,0
58,850,80,3,0
59,850,37,0,3
49,851,71,3,0
59,851,37,0,3
48,853,26,0,3
49,853,71,3,0
61,853,83,3,0
48,854,26,0,3
49,854,71,3,0
61,854,83,3,0
62,854,84,3,0
46,855,24,0,3
48,855,26,0,3
49,855,71,3,0
61,855,83,3,0
62,855,84,3,0
63,855,41,0,3
45,856,67,3,0
46,856,24,0,3
48,856,26,0,3
49,856,71,3,0
61,856,83,3,0
62,856,84,3,0
63,856,41,0,3
45,857,67,3,0
46,857,24,0,3
48,857,26,0,3
49,857,71,3,0
61,857,83,3,0
62,857,84,3,0
63,857,41,0,3
65,857,43,0,3
67,858,89,3,0
68,858,46,0,3
70,858,48,0,3
71,858,93,3,0
83,858,105,3,0
84,858,106,3,0
85,858,63,0,3
67,859,89,3,0
68,859,46,0,3
70,859,48,0,3
71,859,93,3,0
83,859,105,3,0
84,859,106,3,0
85,859,63,0,3
68,860,46,0,3
70,860,48,0,3
71,860,93,3,0
83,860,105,3,0
84,860,106,3,0
70,861,48,0,3
71,861,93,3,0
83,861,105,3,0
70,862,48,0,3
71,862,93,3,0
71,863,93,3,0
71,864,93,3,0
72,864,94,3,0
81,864,59,0,3
71,865,93,3,0
72,865,94,3,0
73,865,95,3,0
80,865,102,3,0
81,865,59,0,3
71,866,93,3,0
72,866,94,3,0
73,866,95,3,0
80,866,102,3,0
81,866,59,0,3
71,867,93,3,0
72,867,94,3,0
73,867,95,3,0
75,867,97,3,0
78,867,100,3,0
80,867,102,3,0
81,867,59,0,3
71,868,93,3,0
72,868,94,3,0
73,868,95,3,0
75,868,97,3,0
76,868,54,0,3
78,868,100,3,0
80,868,102,3,0
81,868,59,0,3
71,869,93,3,0
72,869,94,3,0
73,869,95,3,0
75,869,97,3,0
78,869,100,3,0
80,869,102,3,0
81,869,59,0,3
71,870,93,3,0
72,870,94,3,0
73,870,95,3,0
78,870,100,3,0
80,870,102,3,0
81,870,59,0,3
71,871,93,3,0
72,871,94,3,0
73,871,95,3,0
80,871,102,3,0
81,871,59,0,3
71,872,93,3,0
72,872,94,3,0
80,872,102,3,0
81,872,59,0,3
71,873,93,3,0
81,873,59,0,3
70,875,48,0,3
71,875,93,3,0
83,875,105,3,0
70,876,48,0,3
71,876,93,3,0
83,876,105,3,0
84,876,106,3,0
68,877,46,0,3
70,877,48,0,3
71,877,93,3,0
83,877,105,3,0
84,877,106,3,0
85,877,63,0,3
67,878,89,3,0
68,878,46,0,3
70,878,48,0,3
71,878,93,3,0
83,878,105,3,0
84,878,106,3,0
85,878,63,0,3
67,879,89,3,0
68,879,46,0,3
70,879,48,0,3
71,879,93,3,0
83,879,105,3,0
84,879,106,3,0
85,879,63,0,3
87,879,65,0,3
89,880,111,3,0
90,880,68,0,3
92,880,70,0,3
93,880,115,3,0
105,880,127,3,0
106,880,128,3,0
107,880,85,0,3
89,881,111,3,0
90,881,68,0,3
92,881,70,0,3
93,881,115,3,0
105,881,127,3,0
106,881,128,3,0
107,881,85,0,3
90,882,68,0,3
92,882,70,0,3
93,882,115,3,0
105,882,127,3,0
106,882,128,3,0
92,883,70,0,3
93,883,115,3,0
105,883,127,3,0
92,884,70,0,3
93,884,115,3,0
93,885,115,3,0
93,886,115,3,0
103,886,81,0,3
93,887,115,3,0
102,887,124,3,0
103,887,81,0,3
93,888,115,3,0
96,888,74,0,3
102,888,124,3,0
103,888,81,0,3
93,889,115,3,0
96,889,74,0,3
97,889,119,3,0
100,889,122,3,0
102,889,124,3,0
103,889,81,0,3
93,890,115,3,0
96,890,74,0,3
97,890,119,3,0
98,890,76,0,3
100,890,122,3,0
102,890,124,3,0
103,890,81,0,3
93,891,115,3,0
96,891,74,0,3
97,891,119,3,0
100,891,122,3,0
102,891,124,3,0
103,891,81,0,3
93,892,115,3,0
96,892,74,0,3
100,892,122,3,0
102,892,124,3,0
103,892,81,0,3
93,893,115,3,0
102,893,124,3,0
103,893,81,0,3
93,894,115,3,0
102,894,124,3,0
103,894,81,0,3
93,895,115,3,0
103,895,81,0,3
92,897,70,0,3
93,897,115,3,0
105,897,127,3,0
92,898,70,0,3
93,898,115,3,0
105,898,127,3,0
106,898,128,3,0
90,899,68,0,3
92,899,70,0,3
93,899,115,3,0
105,899,127,3,0
106,899,128,3,0
107,899,85,0,3
89,900,111,3,0
90,900,68,0,3
92,900,70,0,3
93,900,115,3,0
105,900,127,3,0
106,900,128,3,0
107,900,85,0,3
89,901,111,3,0
90,901,68,0,3
92,901,70,0,3
93,901,115,3,0
105,901,127,3,0
106,901,128,3,0
107,901,85,0,3
109,901,87,0,3
111,902,133,3,0
112,902,90,0,3
115,902,137,3,0
126,902,148,3,0
127,902,149,3,0
128,902,150,3,0
129,902,107,0,3
111,903,133,3,0
112,903,90,0,3
115,903,137,3,0
126,903,148,3,0
127,903,149,3,0
128,903,150,3,0
129,903,107,0,3
112,904,90,0,3
115,904,137,3,0
126,904,148,3,0
127,904,149,3,0
128,904,150,3,0
115,905,137,3,0
126,905,148,3,0
127,905,149,3,0
115,906,137,3,0
126,906,148,3,0
115,907,137,3,0
126,907,148,3,0
115,908,137,3,0
125,908,103,0,3
126,908,148,3,0
115,909,137,3,0
124,909,146,3,0
125,909,103,0,3
126,909,148,3,0
115,910,137,3,0
118,910,96,0,3
124,910,146,3,0
125,910,103,0,3
126,910,148,3,0
115,911,137,3,0
118,911,96,0,3
119,911,141,3,0
122,911,144,3,0
124,911,146,3,0
125,911,103,0,3
126,911,148,3,0
115,912,137,3,0
118,912,96,0,3
119,912,141,3,0
120,912,98,0,3
122,912,144,3,0
124,912,146,3,0
125,912,103,0,3
126,912,148,3,0
115,913,137,3,0
118,913,96,0,3
119,913,141,3,0
122,913,144,3,0
124,913,146,3,0
125,913,103,0,3
126,913,148,3,0
115,914,137,3,0
118,914,96,0,3
122,914,144,3,0
124,914,146,3,0
125,914,103,0,3
126,914,148,3,0
115,915,137,3,0
124,915,146,3,0
125,915,103,0,3
126,915,148,3,0
115,916,137,3,0
124,916,146,3,0
125,916,103,0,3
126,916,148,3,0
115,917,137,3,0
125,917,103,0,3
126,917,148,3,0
126,918,148,3,0
115,919,137,3,0
126,919,148,3,0
127,919,149,3,0
115,920,137,3,0
126,920,148,3,0
127,920,149,3,0
128,920,150,3,0
112,921,90,0,3
115,921,137,3,0
126,921,148,3,0
127,921,149,3,0
128,921,150,3,0
129,921,107,0,3
111,922,133,3,0
112,922,90,0,3
115,922,137,3,0
126,922,148,3,0
127,922,149,3,0
128,922,150,3,0
129,922,107,0,3
111,923,133,3,0
112,923,90,0,3
115,923,137,3,0
126,923,148,3,0
127,923,149,3,0
128,923,150,3,0
129,923,107,0,3
131,923,109,0,3
132,924,110,0,2
133,924,155,3,0
134,924,112,0,3
135,924,157,3,0
137,924,159,3,0
148,924,170,3,0
149,924,171,3,0
151,924,129,0,3
133,925,155,3,0
134,925,112,0,3
135,925,157,3,0
137,925,159,3,0
148,925,170,3,0
149,925,171,3,0
151,925,129,0,3
134,926,112,0,3
135,926,157,3,0
137,926,159,3,0
148,926,170,3,0
149,926,171,3,0
135,927,157,3,0
137,927,159,3,0
148,927,170,3,0
149,927,171,3,0
137,928,159,3,0
148,928,170,3,0
137,929,159,3,0
137,930,159,3,0
147,930,125,0,3
148,930,170,3,0
137,931,159,3,0
147,931,125,0,3
148,931,170,3,0
137,932,159,3,0
140,932,118,0,3
147,932,125,0,3
148,932,170,3,0
137,933,159,3,0
140,933,118,0,3
144,933,166,3,0
147,933,125,0,3
148,933,170,3,0
137,934,159,3,0
140,934,118,0,3
142,934,120,0,3
144,934,166,3,0
147,934,125,0,3
148,934,170,3,0
137,935,159,3,0
140,935,118,0,3
144,935,166,3,0
147,935,125,0,3
148,935,170,3,0
137,936,159,3,0
140,936,118,0,3
144,936,166,3,0
147,936,125,0,3
148,936,170,3,0
137,937,159,3,0
147,937,125,0,3
148,937,170,3,0
137,938,159,3,0
147,938,125,0,3
148,938,170,3,0
137,939,159,3,0
147,939,125,0,3
148,939,170,3,0
148,940,170,3,0
137,941,159,3,0
148,941,170,3,0
149,941,171,3,0
135,942,157,3,0
137,942,159,3,0
148,942,170,3,0
149,942,171,3,0
134,943,112,0,3
135,943,157,3,0
137,943,159,3,0
148,943,170,3,0
149,943,171,3,0
151,943,129,0,3
133,944,155,3,0
134,944,112,0,3
135,944,157,3,0
137,944,159,3,0
148,944,170,3,0
149,944,171,3,0
151,944,129,0,3
132,945,110,0,2
133,945,155,3,0
134,945,112,0,3
135,945,157,3,0
137,945,159,3,0
148,945,170,3,0
149,945,171,3,0
151,945,129,0,3
153,945,131,0,3
154,946,132,0,2
155,946,177,3,0
156,946,134,0,3
157,946,179,3,0
159,946,181,3,0
170,946,192,3,0
171,946,193,3,0
173,946,151,0,3
174,946,152,0,3
155,947,177,3,0
156,947,134,0,3
157,947,179,3,0
159,947,181,3,0
170,947,192,3,0
171,947,193,3,0
173,947,151,0,3
156,948,134,0,3
157,948,179,3,0
159,948,181,3,0
170,948,192,3,0
171,948,193,3,0
157,949,179,3,0
159,949,181,3,0
170,949,192,3,0
171,949,193,3,0
159,950,181,3,0
170,950,192,3,0
159,951,181,3,0
170,951,192,3,0
159,952,181,3,0
169,952,147,0,3
170,952,192,3,0
159,953,181,3,0
169,953,147,0,3
170,953,192,3,0
159,954,181,3,0
162,954,140,0,3
169,954,147,0,3
170,954,192,3,0
159,955,181,3,0
162,955,140,0,3
169,955,147,0,3
170,955,192,3,0
159,956,181,3,0
162,956,140,0,3
164,956,142,0,3
169,956,147,0,3
170,956,192,3,0
159,957,181,3,0
162,957,140,0,3
169,957,147,0,3
170,957,192,3,0
159,958,181,3,0
162,958,140,0,3
169,958,147,0,3
170,958,192,3,0
159,959,181,3,0
169,959,147,0,3
170,959,192,3,0
159,960,181,3,0
169,960,147,0,3
170,960,192,3,0
159,961,181,3,0
169,961,147,0,3
170,961,192,3,0
170,962,192,3,0
159,963,181,3,0
170,963,192,3,0
171,963,193,3,0
157,964,179,3,0
159,964,181,3,0
170,964,192,3,0
171,964,193,3,0
156,965,134,0,3
157,965,179,3,0
159,965,181,3,0
170,965,192,3,0
171,965,193,3,0
173,965,151,0,3
155,966,177,3,0
156,966,134,0,3
157,966,179,3,0
159,966,181,3,0
170,966,192,3,0
171,966,193,3,0
173,966,151,0,3
174,966,152,0,3
154,967,132,0,2
155,967,177,3,0
156,967,134,0,3
157,967,179,3,0
159,967,181,3,0
170,967,192,3,0
171,967,193,3,0
173,967,151,0,3
174,967,152,0,3
175,967,153,0,3
176,968,154,0,2
177,968,199,3,0
178,968,156,0,3
179,968,201,3,0
181,968,203,3,0
193,968,215,3,0
195,968,173,0,3
196,968,174,0,3
177,969,199,3,0
178,969,156,0,3
179,969,201,3,0
181,969,203,3,0
193,969,215,3,0
195,969,173,0,3
178,970,156,0,3
179,970,201,3,0
181,970,203,3,0
193,970,215,3,0
179,971,201,3,0
181,971,203,3,0
193,971,215,3,0
181,972,203,3,0
181,973,203,3,0
181,974,203,3,0
191,974,169,0,3
181,975,203,3,0
183,975,205,3,0
191,975,169,0,3
181,976,203,3,0
183,976,205,3,0
184,976,162,0,3
191,976,169,0,3
181,977,203,3,0
183,977,205,3,0
184,977,162,0,3
191,977,169,0,3
181,978,203,3,0
183,978,205,3,0
184,978,162,0,3
186,978,164,0,3
191,978,169,0,3
181,979,203,3,0
183,979,205,3,0
184,979,162,0,3
191,979,169,0,3
181,980,203,3,0
183,980,205,3,0
184,980,162,0,3
191,980,169,0,3
181,981,203,3,0
183,981,205,3,0
191,981,169,0,3
181,982,203,3,0
191,982,169,0,3
181,983,203,3,0
191,983,169,0,3
181,985,203,3,0
193,985,215,3,0
179,986,201,3,0
181,986,203,3,0
193,986,215,3,0
178,987,156,0,3
179,987,201,3,0
181,987,203,3,0
193,987,215,3,0
195,987,173,0,3
177,988,199,3,0
178,988,156,0,3
179,988,201,3,0
181,988,203,3,0
193,988,215,3,0
195,988,173,0,3
196,988,174,0,3
176,989,154,0,2
177,989,199,3,0
178,989,156,0,3
179,989,201,3,0
181,989,203,3,0
193,989,215,3,0
195,989,173,0,3
196,989,174,0,3
198,990,176,0,2
199,990,221,3,0
201,990,223,3,0
217,990,195,0,3
218,990,196,0,3
199,991,221,3,0
201,991,223,3,0
217,991,195,0,3
201,992,223,3,0
201,993,223,3,0
213,996,191,0,3
205,997,227,3,0
213,997,191,0,3
205,998,227,3,0
206,998,184,0,3
213,998,191,0,3
205,999,227,3,0
206,999,184,0,3
207,999,185,0,3
210,999,232,3,0
213,999,191,0,3
205,1000,227,3,0
206,1000,184,0,3
207,1000,185,0,3
208,1000,186,0,3
210,1000,232,3,0
213,1000,191,0,3
205,1001,227,3,0
206,1001,184,0,3
207,1001,185,0,3
210,1001,232,3,0
213,1001,191,0,3
205,1002,227,3,0
206,1002,184,0,3
210,1002,232,3,0
213,1002,191,0,3
205,1003,227,3,0
213,1003,191,0,3
213,1004,191,0,3
213,1005,191,0,3
201,1008,223,3,0
201,1009,223,3,0
217,1009,195,0,3
199,1010,221,3,0
201,1010,223,3,0
217,1010,195,0,3
218,1010,196,0,3
198,1011,176,0,2
199,1011,221,3,0
201,1011,223,3,0
217,1011,195,0,3
218,1011,196,0,3
220,1012,198,0,2
221,1012,243,3,0
223,1012,245,3,0
239,1012,217,0,3
240,1012,218,0,3
221,1013,243,3,0
223,1013,245,3,0
239,1013,217,0,3
223,1014,245,3,0
223,1015,245,3,0
226,1018,248,3,0
235,1018,213,0,3
226,1019,248,3,0
227,1019,205,0,3
235,1019,213,0,3
226,1020,248,3,0
227,1020,205,0,3
228,1020,206,0,3
235,1020,213,0,3
226,1021,248,3,0
227,1021,205,0,3
228,1021,206,0,3
232,1021,254,3,0
235,1021,213,0,3
226,1022,248,3,0
227,1022,205,0,3
228,1022,206,0,3
230,1022,208,0,3
231,1022,209,0,3
232,1022,254,3,0
235,1022,213,0,3
226,1023,248,3,0
227,1023,205,0,3
228,1023,206,0,3
231,1023,209,0,3
232,1023,254,3,0
235,1023,213,0,3
226,1024,248,3,0
227,1024,205,0,3
228,1024,206,0,3
232,1024,254,3,0
235,1024,213,0,3
226,1025,248,3,0
227,1025,205,0,3
235,1025,213,0,3
226,1026,248,3,0
235,1026,213,0,3
235,1027,213,0,3
223,1030,245,3,0
223,1031,245,3,0
239,1031,217,0,3
221,1032,243,3,0
223,1032,245,3,0
239,1032,217,0,3
240,1032,218,0,3
220,1033,198,0,2
221,1033,243,3,0
223,1033,245,3,0
239,1033,217,0,3
240,1033,218,0,3
242,1034,220,0,2
243,1034,265,3,0
244,1034,266,3,0
245,1034,267,3,0
261,1034,239,0,3
262,1034,240,0,3
243,1035,265,3,0
244,1035,266,3,0
245,1035,267,3,0
261,1035,239,0,3
244,1036,266,3,0
245,1036,267,3,0
245,1037,267,3,0
248,1040,270,3,0
257,1040,235,0,3
248,1041,270,3,0
249,1041,227,0,3
257,1041,235,0,3
248,1042,270,3,0
249,1042,227,0,3
257,1042,235,0,3
248,1043,270,3,0
249,1043,227,0,3
254,1043,276,3,0
257,1043,235,0,3
248,1044,270,3,0
249,1044,227,0,3
252,1044,230,0,3
253,1044,231,0,3
254,1044,276,3,0
257,1044,235,0,3
248,1045,270,3,0
249,1045,227,0,3
253,1045,231,0,3
254,1045,276,3,0
257,1045,235,0,3
248,1046,270,3,0
249,1046,227,0,3
254,1046,276,3,0
257,1046,235,0,3
248,1047,270,3,0
249,1047,227,0,3
257,1047,235,0,3
248,1048,270,3,0
257,1048,235,0,3
257,1049,235,0,3
245,1052,267,3,0
244,1053,266,3,0
245,1053,267,3,0
261,1053,239,0,3
243,1054,265,3,0
244,1054,266,3,0
245,1054,267,3,0
261,1054,239,0,3
262,1054,240,0,3
242,1055,220,0,2
243,1055,265,3,0
244,1055,266,3,0
245,1055,267,3,0
261,1055,239,0,3
262,1055,240,0,3
264,1056,242,0,2
265,1056,287,3,0
266,1056,288,3,0
267,1056,289,3,0
283,1056,261,0,3
284,1056,262,0,3
265,1057,287,3,0
266,1057,288,3,0
267,1057,289,3,0
283,1057,261,0,3
266,1058,288,3,0
267,1058,289,3,0
267,1059,289,3,0
270,1062,292,3,0
279,1062,257,0,3
270,1063,292,3,0
279,1063,257,0,3
270,1064,292,3,0
279,1064,257,0,3
270,1065,292,3,0
276,1065,298,3,0
279,1065,257,0,3
270,1066,292,3,0
274,1066,252,0,3
276,1066,298,3,0
279,1066,257,0,3
270,1067,292,3,0
276,1067,298,3,0
279,1067,257,0,3
270,1068,292,3,0
276,1068,298,3,0
279,1068,257,0,3
270,1069,292,3,0
279,1069,257,0,3
270,1070,292,3,0
279,1070,257,0,3
279,1071,257,0,3
267,1074,289,3,0
266,1075,288,3,0
267,1075,289,3,0
283,1075,261,0,3
265,1076,287,3,0
266,1076,288,3,0
267,1076,289,3,0
283,1076,261,0,3
284,1076,262,0,3
264,1077,242,0,2
265,1077,287,3,0
266,1077,288,3,0
267,1077,289,3,0
283,1077,261,0,3
284,1077,262,0,3
286,1078,264,0,2
287,1078,309,3,0
288,1078,310,3,0
289,1078,311,3,0
306,1078,284,0,3
287,1079,309,3,0
288,1079,310,3,0
289,1079,311,3,0
288,1080,310,3,0
289,1080,311,3,0
289,1081,311,3,0
292,1084,314,3,0
301,1084,279,0,3
292,1085,314,3,0
301,1085,279,0,3
292,1086,314,3,0
301,1086,279,0,3
292,1087,314,3,0
298,1087,320,3,0
301,1087,279,0,3
292,1088,314,3,0
296,1088,274,0,3
298,1088,320,3,0
301,1088,279,0,3
292,1089,314,3,0
298,1089,320,3,0
301,1089,279,0,3
292,1090,314,3,0
298,1090,320,3,0
301,1090,279,0,3
292,1091,314,3,0
301,1091,279,0,3
292,1092,314,3,0
301,1092,279,0,3
301,1093,279,0,3
289,1096,311,3,0
288,1097,310,3,0
289,1097,311,3,0
287,1098,309,3,0
288,1098,310,3,0
289,1098,311,3,0
306,1098,284,0,3
286,1099,264,0,2
287,1099,309,3,0
288,1099,310,3,0
289,1099,311,3,0
306,1099,284,0,3
308,1100,286,0,2
310,1100,332,3,0
311,1100,333,3,0
327,1100,349,3,0
328,1100,306,0,3
310,1101,332,3,0
311,1101,333,3,0
327,1101,349,3,0
310,1102,332,3,0
311,1102,333,3,0
311,1103,333,3,0
314,1106,336,3,0
323,1106,301,0,3
314,1107,336,3,0
323,1107,301,0,3
314,1108,336,3,0
323,1108,301,0,3
314,1109,336,3,0
320,1109,342,3,0
323,1109,301,0,3
314,1110,336,3,0
318,1110,296,0,3
320,1110,342,3,0
323,1110,301,0,3
314,1111,336,3,0
320,1111,342,3,0
323,1111,301,0,3
314,1112,336,3,0
320,1112,342,3,0
323,1112,301,0,3
314,1113,336,3,0
323,1113,301,0,3
314,1114,336,3,0
323,1114,301,0,3
323,1115,301,0,3
311,1118,333,3,0
310,1119,332,3,0
311,1119,333,3,0
327,1119,349,3,0
310,1120,332,3,0
311,1120,333,3,0
327,1120,349,3,0
328,1120,306,0,3
308,1121,286,0,2
310,1121,332,3,0
311,1121,333,3,0
327,1121,349,3,0
328,1121,306,0,3
330,1122,308,0,2
332,1122,354,3,0
333,1122,355,3,0
349,1122,371,3,0
350,1122,328,0,3
332,1123,354,3,0
333,1123,355,3,0
349,1123,371,3,0
332,1124,354,3,0
333,1124,355,3,0
333,1125,355,3,0
336,1128,358,3,0
345,1128,323,0,3
336,1129,358,3,0
344,1129,366,3,0
345,1129,323,0,3
336,1130,358,3,0
344,1130,366,3,0
345,1130,323,0,3
336,1131,358,3,0
342,1131,364,3,0
344,1131,366,3,0
345,1131,323,0,3
336,1132,358,3,0
340,1132,318,0,3
341,1132,319,0,3
342,1132,364,3,0
344,1132,366,3,0
345,1132,323,0,3
336,1133,358,3,0
341,1133,319,0,3
342,1133,364,3,0
344,1133,366,3,0
345,1133,323,0,3
336,1134,358,3,0
342,1134,364,3,0
344,1134,366,3,0
345,1134,323,0,3
336,1135,358,3,0
344,1135,366,3,0
345,1135,323,0,3
336,1136,358,3,0
344,1136,366,3,0
345,1136,323,0,3
345,1137,323,0,3
333,1140,355,3,0
332,1141,354,3,0
333,1141,355,3,0
349,1141,371,3,0
332,1142,354,3,0
333,1142,355,3,0
349,1142,371,3,0
350,1142,328,0,3
330,1143,308,0,2
332,1143,354,3,0
333,1143,355,3,0
349,1143,371,3,0
350,1143,328,0,3
352,1144,330,0,2
354,1144,376,3,0
355,1144,377,3,0
370,1144,348,0,3
371,1144,393,3,0
372,1144,350,0,3
354,1145,376,3,0
355,1145,377,3,0
370,1145,348,0,3
371,1145,393,3,0
354,1146,376,3,0
355,1146,377,3,0
370,1146,348,0,3
355,1147,377,3,0
367,1150,345,0,3
366,1151,388,3,0
367,1151,345,0,3
366,1152,388,3,0
367,1152,345,0,3
361,1153,339,0,3
364,1153,386,3,0
366,1153,388,3,0
367,1153,345,0,3
361,1154,339,0,3
363,1154,341,0,3
364,1154,386,3,0
366,1154,388,3,0
367,1154,345,0,3
361,1155,339,0,3
363,1155,341,0,3
364,1155,386,3,0
366,1155,388,3,0
367,1155,345,0,3
364,1156,386,3,0
366,1156,388,3,0
367,1156,345,0,3
366,1157,388,3,0
367,1157,345,0,3
366,1158,388,3,0
367,1158,345,0,3
367,1159,345,0,3
355,1162,377,3,0
370,1162,348,0,3
354,1163,376,3,0
355,1163,377,3,0
370,1163,348,0,3
371,1163,393,3,0
354,1164,376,3,0
355,1164,377,3,0
370,1164,348,0,3
371,1164,393,3,0
372,1164,350,0,3
352,1165,330,0,2
354,1165,376,3,0
355,1165,377,3,0
370,1165,348,0,3
371,1165,393,3,0
372,1165,350,0,3
374,1166,352,0,2
376,1166,398,3,0
377,1166,399,3,0
392,1166,370,0,3
393,1166,415,3,0
394,1166,372,0,3
376,1167,398,3,0
377,1167,399,3,0
392,1167,370,0,3
393,1167,415,3,0
376,1168,398,3,0
377,1168,399,3,0
392,1168,370,0,3
377,1169,399,3,0
389,1172,367,0,3
388,1173,410,3,0
389,1173,367,0,3
388,1174,410,3,0
389,1174,367,0,3
383,1175,361,0,3
386,1175,408,3,0
388,1175,410,3,0
389,1175,367,0,3
383,1176,361,0,3
386,1176,408,3,0
388,1176,410,3,0
389,1176,367,0,3
383,1177,361,0,3
386,1177,408,3,0
388,1177,410,3,0
389,1177,367,0,3
386,1178,408,3,0
388,1178,410,3,0
389,1178,367,0,3
388,1179,410,3,0
389,1179,367,0,3
388,1180,410,3,0
389,1180,367,0,3
389,1181,367,0,3
377,1184,399,3,0
392,1184,370,0,3
376,1185,398,3,0
377,1185,399,3,0
392,1185,370,0,3
393,1185,415,3,0
376,1186,398,3,0
377,1186,399,3,0
392,1186,370,0,3
393,1186,415,3,0
394,1186,372,0,3
374,1187,352,0,2
376,1187,398,3,0
377,1187,399,3,0
392,1187,370,0,3
393,1187,415,3,0
394,1187,372,0,3
396,1188,374,0,2
398,1188,420,3,0
399,1188,421,3,0
412,1188,390,0,3
413,1188,391,0,3
414,1188,392,0,3
415,1188,437,3,0
416,1188,394,0,3
398,1189,420,3,0
399,1189,421,3,0
412,1189,390,0,3
413,1189,391,0,3
414,1189,392,0,3
415,1189,437,3,0
398,1190,420,3,0
399,1190,421,3,0
412,1190,390,0,3
413,1190,391,0,3
414,1190,392,0,3
399,1191,421,3,0
412,1191,390,0,3
413,1191,391,0,3
412,1192,390,0,3
402,1194,424,3,0
411,1194,389,0,3
412,1194,390,0,3
402,1195,424,3,0
410,1195,432,3,0
411,1195,389,0,3
412,1195,390,0,3
402,1196,424,3,0
410,1196,432,3,0
411,1196,389,0,3
412,1196,390,0,3
402,1197,424,3,0
405,1197,383,0,3
408,1197,430,3,0
410,1197,432,3,0
411,1197,389,0,3
412,1197,390,0,3
402,1198,424,3,0
405,1198,383,0,3
408,1198,430,3,0
410,1198,432,3,0
411,1198,389,0,3
412,1198,390,0,3
402,1199,424,3,0
405,1199,383,0,3
408,1199,430,3,0
410,1199,432,3,0
411,1199,389,0,3
412,1199,390,0,3
402,1200,424,3,0
408,1200,430,3,0
410,1200,432,3,0
411,1200,389,0,3
412,1200,390,0,3
402,1201,424,3,0
410,1201,432,3,0
411,1201,389,0,3
412,1201,390,0,3
402,1202,424,3,0
410,1202,432,3,0
411,1202,389,0,3
412,1202,390,0,3
411,1203,389,0,3
412,1203,390,0,3
412,1204,390,0,3
412,1205,390,0,3
413,1205,391,0,3
399,1206,421,3,0
412,1206,390,0,3
413,1206,391,0,3
414,1206,392,0,3
398,1207,420,3,0
399,1207,421,3,0
412,1207,390,0,3
413,1207,391,0,3
414,1207,392,0,3
415,1207,437,3,0
398,1208,420,3,0
399,1208,421,3,0
412,1208,390,0,3
413,1208,391,0,3
414,1208,392,0,3
415,1208,437,3,0
416,1208,394,0,3
396,1209,374,0,2
398,1209,420,3,0
399,1209,421,3,0
412,1209,390,0,3
413,1209,391,0,3
414,1209,392,0,3
415,1209,437,3,0
416,1209,394,0,3
418,1210,396,0,2
420,1210,442,3,0
421,1210,443,3,0
434,1210,412,0,3
435,1210,413,0,3
436,1210,414,0,3
438,1210,416,0,3
420,1211,442,3,0
421,1211,443,3,0
434,1211,412,0,3
435,1211,413,0,3
436,1211,414,0,3
420,1212,442,3,0
421,1212,443,3,0
434,1212,412,0,3
435,1212,413,0,3
436,1212,414,0,3
421,1213,443,3,0
434,1213,412,0,3
435,1213,413,0,3
434,1214,412,0,3
434,1215,412,0,3
433,1216,411,0,3
434,1216,412,0,3
432,1217,454,3,0
433,1217,411,0,3
434,1217,412,0,3
432,1218,454,3,0
433,1218,411,0,3
434,1218,412,0,3
427,1219,405,0,3
430,1219,452,3,0
432,1219,454,3,0
433,1219,411,0,3
434,1219,412,0,3
427,1220,405,0,3
430,1220,452,3,0
432,1220,454,3,0
433,1220,411,0,3
434,1220,412,0,3
427,1221,405,0,3
430,1221,452,3,0
432,1221,454,3,0
433,1221,411,0,3
434,1221,412,0,3
430,1222,452,3,0
432,1222,454,3,0
433,1222,411,0,3
434,1222,412,0,3
432,1223,454,3,0
433,1223,411,0,3
434,1223,412,0,3
432,1224,454,3,0
433,1224,411,0,3
434,1224,412,0,3
433,1225,411,0,3
434,1225,412,0,3
434,1226,412,0,3
434,1227,412,0,3
435,1227,413,0,3
421,1228,443,3,0
434,1228,412,0,3
435,1228,413,0,3
436,1228,414,0,3
420,1229,442,3,0
421,1229,443,3,0
434,1229,412,0,3
435,1229,413,0,3
436,1229,414,0,3
420,1230,442,3,0
421,1230,443,3,0
434,1230,412,0,3
435,1230,413,0,3
436,1230,414,0,3
438,1230,416,0,3
418,1231,396,0,2
420,1231,442,3,0
421,1231,443,3,0
434,1231,412,0,3
435,1231,413,0,3
436,1231,414,0,3
438,1231,416,0,3
440,1232,418,0,2
442,1232,464,3,0
443,1232,465,3,0
456,1232,434,0,3
458,1232,436,0,3
459,1232,481,3,0
460,1232,438,0,3
442,1233,464,3,0
443,1233,465,3,0
456,1233,434,0,3
458,1233,436,0,3
459,1233,481,3,0
442,1234,464,3,0
443,1234,465,3,0
456,1234,434,0,3
458,1234,436,0,3
443,1235,465,3,0
456,1235,434,0,3
456,1236,434,0,3
455,1238,433,0,3
456,1238,434,0,3
454,1239,476,3,0
455,1239,433,0,3
456,1239,434,0,3
454,1240,476,3,0
455,1240,433,0,3
456,1240,434,0,3
449,1241,427,0,3
452,1241,474,3,0
454,1241,476,3,0
455,1241,433,0,3
456,1241,434,0,3
449,1242,427,0,3
452,1242,474,3,0
454,1242,476,3,0
455,1242,433,0,3
456,1242,434,0,3
449,1243,427,0,3
452,1243,474,3,0
454,1243,476,3,0
455,1243,433,0,3
456,1243,434,0,3
452,1244,474,3,0
454,1244,476,3,0
455,1244,433,0,3
456,1244,434,0,3
454,1245,476,3,0
455,1245,433,0,3
456,1245,434,0,3
454,1246,476,3,0
455,1246,433,0,3
456,1246,434,0,3
455,1247,433,0,3
456,1247,434,0,3
456,1248,434,0,3
456,1249,434,0,3
443,1250,465,3,0
456,1250,434,0,3
458,1250,436,0,3
442,1251,464,3,0
443,1251,465,3,0
456,1251,434,0,3
458,1251,436,0,3
459,1251,481,3,0
442,1252,464,3,0
443,1252,465,3,0
456,1252,434,0,3
458,1252,436,0,3
459,1252,481,3,0
460,1252,438,0,3
440,1253,418,0,2
442,1253,464,3,0
443,1253,465,3,0
456,1253,434,0,3
458,1253,436,0,3
459,1253,481,3,0
460,1253,438,0,3
462,1254,440,0,2
464,1254,486,3,0
465,1254,487,3,0
478,1254,456,0,3
480,1254,458,0,3
481,1254,503,3,0
482,1254,460,0,3
464,1255,486,3,0
465,1255,487,3,0
478,1255,456,0,3
480,1255,458,0,3
481,1255,503,3,0
464,1256,486,3,0
465,1256,487,3,0
478,1256,456,0,3
480,1256,458,0,3
465,1257,487,3,0
478,1257,456,0,3
478,1258,456,0,3
478,1259,456,0,3
468,1260,490,3,0
477,1260,455,0,3
478,1260,456,0,3
468,1261,490,3,0
476,1261,498,3,0
477,1261,455,0,3
478,1261,456,0,3
468,1262,490,3,0
476,1262,498,3,0
477,1262,455,0,3
478,1262,456,0,3
468,1263,490,3,0
474,1263,496,3,0
476,1263,498,3,0
477,1263,455,0,3
478,1263,456,0,3
468,1264,490,3,0
474,1264,496,3,0
476,1264,498,3,0
477,1264,455,0,3
478,1264,456,0,3
468,1265,490,3,0
474,1265,496,3,0
476,1265,498,3,0
477,1265,455,0,3
478,1265,456,0,3
468,1266,490,3,0
474,1266,496,3,0
476,1266,498,3,0
477,1266,455,0,3
478,1266,456,0,3
468,1267,490,3,0
476,1267,498,3,0
477,1267,455,0,3
478,1267,456,0,3
468,1268,490,3,0
476,1268,498,3,0
477,1268,455,0,3
478,1268,456,0,3
477,1269,455,0,3
478,1269,456,0,3
478,1270,456,0,3
478,1271,456,0,3
465,1272,487,3,0
478,1272,456,0,3
480,1272,458,0,3
464,1273,486,3,0
465,1273,487,3,0
478,1273,456,0,3
480,1273,458,0,3
481,1273,503,3,0
464,1274,486,3,0
465,1274,487,3,0
478,1274,456,0,3
480,1274,458,0,3
481,1274,503,3,0
482,1274,460,0,3
462,1275,440,0,2
464,1275,486,3,0
465,1275,487,3,0
478,1275,456,0,3
480,1275,458,0,3
481,1275,503,3,0
482,1275,460,0,3
484,1276,462,0,2
486,1276,508,3,0
487,1276,509,3,0
500,1276,478,0,3
502,1276,480,0,3
503,1276,525,3,0
504,1276,482,0,3
486,1277,508,3,0
487,1277,509,3,0
500,1277,478,0,3
502,1277,480,0,3
503,1277,525,3,0
486,1278,508,3,0
487,1278,509,3,0
500,1278,478,0,3
502,1278,480,0,3
487,1279,509,3,0
500,1279,478,0,3
500,1280,478,0,3
490,1282,512,3,0
499,1282,477,0,3
500,1282,478,0,3
490,1283,512,3,0
498,1283,520,3,0
499,1283,477,0,3
500,1283,478,0,3
490,1284,512,3,0
498,1284,520,3,0
499,1284,477,0,3
500,1284,478,0,3
490,1285,512,3,0
493,1285,471,0,3
496,1285,518,3,0
498,1285,520,3,0
499,1285,477,0,3
500,1285,478,0,3
490,1286,512,3,0
493,1286,471,0,3
496,1286,518,3,0
498,1286,520,3,0
499,1286,477,0,3
500,1286,478,0,3
490,1287,512,3,0
493,1287,471,0,3
496,1287,518,3,0
498,1287,520,3,0
499,1287,477,0,3
500,1287,478,0,3
490,1288,512,3,0
496,1288,518,3,0
498,1288,520,3,0
499,1288,477,0,3
500,1288,478,0,3
490,1289,512,3,0
498,1289,520,3,0
499,1289,477,0,3
500,1289,478,0,3
490,1290,512,3,0
498,1290,520,3,0
499,1290,477,0,3
500,1290,478,0,3
499,1291,477,0,3
500,1291,478,0,3
500,1292,478,0,3
500,1293,478,0,3
487,1294,509,3,0
500,1294,478,0,3
502,1294,480,0,3
486,1295,508,3,0
487,1295,509,3,0
500,1295,478,0,3
502,1295,480,0,3
503,1295,525,3,0
486,1296,508,3,0
487,1296,509,3,0
500,1296,478,0,3
502,1296,480,0,3
503,1296,525,3,0
504,1296,482,0,3
484,1297,462,0,2
486,1297,508,3,0
487,1297,509,3,0
500,1297,478,0,3
502,1297,480,0,3
503,1297,525,3,0
504,1297,482,0,3
506,1298,484,0,2
508,1298,530,3,0
509,1298,531,3,0
524,1298,502,0,3
526,1298,504,0,3
508,1299,530,3,0
509,1299,531,3,0
524,1299,502,0,3
508,1300,530,3,0
509,1300,531,3,0
524,1300,502,0,3
509,1301,531,3,0
512,1304,534,3,0
521,1304,499,0,3
512,1305,534,3,0
520,1305,542,3,0
521,1305,499,0,3
512,1306,534,3,0
520,1306,542,3,0
521,1306,499,0,3
512,1307,534,3,0
515,1307,493,0,3
518,1307,540,3,0
520,1307,542,3,0
521,1307,499,0,3
512,1308,534,3,0
515,1308,493,0,3
517,1308,495,0,3
518,1308,540,3,0
520,1308,542,3,0
521,1308,499,0,3
512,1309,534,3,0
515,1309,493,0,3
517,1309,495,0,3
518,1309,540,3,0
520,1309,542,3,0
521,1309,499,0,3
512,1310,534,3,0
518,1310,540,3,0
520,1310,542,3,0
521,1310,499,0,3
512,1311,534,3,0
520,1311,542,3,0
521,1311,499,0,3
512,1312,534,3,0
520,1312,542,3,0
521,1312,499,0,3
521,1313,499,0,3
509,1316,531,3,0
524,1316,502,0,3
508,1317,530,3,0
509,1317,531,3,0
524,1317,502,0,3
508,1318,530,3,0
509,1318,531,3,0
524,1318,502,0,3
526,1318,504,0,3
506,1319,484,0,2
508,1319,530,3,0
509,1319,531,3,0
524,1319,502,0,3
526,1319,504,0,3
528,1320,506,0,2
530,1320,552,3,0
546,1320,524,0,3
548,1320,526,0,3
530,1321,552,3,0
546,1321,524,0,3
530,1322,552,3,0
546,1322,524,0,3
534,1326,556,3,0
543,1326,521,0,3
534,1327,556,3,0
543,1327,521,0,3
534,1328,556,3,0
543,1328,521,0,3
534,1329,556,3,0
537,1329,515,0,3
540,1329,562,3,0
543,1329,521,0,3
534,1330,556,3,0
537,1330,515,0,3
540,1330,562,3,0
543,1330,521,0,3
534,1331,556,3,0
537,1331,515,0,3
540,1331,562,3,0
543,1331,521,0,3
534,1332,556,3,0
540,1332,562,3,0
543,1332,521,0,3
534,1333,556,3,0
543,1333,521,0,3
534,1334,556,3,0
543,1334,521,0,3
543,1335,521,0,3
546,1338,524,0,3
530,1339,552,3,0
546,1339,524,0,3
530,1340,552,3,0
546,1340,524,0,3
548,1340,526,0,3
528,1341,506,0,2
530,1341,552,3,0
546,1341,524,0,3
548,1341,526,0,3
550,1342,528,0,2
552,1342,574,3,0
553,1342,575,3,0
566,1342,544,0,3
568,1342,546,0,3
570,1342,548,0,3
552,1343,574,3,0
553,1343,575,3,0
566,1343,544,0,3
568,1343,546,0,3
552,1344,574,3,0
553,1344,575,3,0
566,1344,544,0,3
568,1344,546,0,3
553,1345,575,3,0
566,1345,544,0,3
566,1346,544,0,3
566,1347,544,0,3
556,1348,578,3,0
566,1348,544,0,3
556,1349,578,3,0
566,1349,544,0,3
556,1350,578,3,0
566,1350,544,0,3
556,1351,578,3,0
559,1351,537,0,3
562,1351,584,3,0
566,1351,544,0,3
556,1352,578,3,0
559,1352,537,0,3
562,1352,584,3,0
566,1352,544,0,3
556,1353,578,3,0
559,1353,537,0,3
562,1353,584,3,0
566,1353,544,0,3
556,1354,578,3,0
562,1354,584,3,0
566,1354,544,0,3
556,1355,578,3,0
566,1355,544,0,3
556,1356,578,3,0
566,1356,544,0,3
566,1357,544,0,3
566,1358,544,0,3
566,1359,544,0,3
553,1360,575,3,0
566,1360,544,0,3
568,1360,546,0,3
552,1361,574,3,0
553,1361,575,3,0
566,1361,544,0,3
568,1361,546,0,3
552,1362,574,3,0
553,1362,575,3,0
566,1362,544,0,3
568,1362,546,0,3
570,1362,548,0,3
550,1363,528,0,2
552,1363,574,3,0
553,1363,575,3,0
566,1363,544,0,3
568,1363,546,0,3
570,1363,548,0,3
572,1364,550,0,2
573,1364,595,3,0
574,1364,596,3,0
575,1364,597,3,0
588,1364,566,0,3
590,1364,568,0,3
592,1364,570,0,3
573,1365,595,3,0
574,1365,596,3,0
575,1365,597,3,0
588,1365,566,0,3
590,1365,568,0,3
574,1366,596,3,0
575,1366,597,3,0
588,1366,566,0,3
590,1366,568,0,3
575,1367,597,3,0
588,1367,566,0,3
588,1368,566,0,3
578,1370,600,3,0
588,1370,566,0,3
578,1371,600,3,0
588,1371,566,0,3
578,1372,600,3,0
588,1372,566,0,3
578,1373,600,3,0
581,1373,559,0,3
584,1373,606,3,0
588,1373,566,0,3
578,1374,600,3,0
581,1374,559,0,3
583,1374,561,0,3
584,1374,606,3,0
588,1374,566,0,3
578,1375,600,3,0
581,1375,559,0,3
583,1375,561,0,3
584,1375,606,3,0
588,1375,566,0,3
578,1376,600,3,0
584,1376,606,3,0
588,1376,566,0,3
578,1377,600,3,0
588,1377,566,0,3
578,1378,600,3,0
588,1378,566,0,3
588,1379,566,0,3
588,1380,566,0,3
588,1381,566,0,3
575,1382,597,3,0
588,1382,566,0,3
590,1382,568,0,3
574,1383,596,3,0
575,1383,597,3,0
588,1383,566,0,3
590,1383,568,0,3
573,1384,595,3,0
574,1384,596,3,0
575,1384,597,3,0
588,1384,566,0,3
590,1384,568,0,3
592,1384,570,0,3
572,1385,550,0,2
573,1385,595,3,0
574,1385,596,3,0
575,1385,597,3,0
588,1385,566,0,3
590,1385,568,0,3
592,1385,570,0,3
594,1386,572,0,2
595,1386,617,3,0
596,1386,618,3,0
597,1386,619,3,0
610,1386,588,0,3
612,1386,590,0,3
614,1386,592,0,3
595,1387,617,3,0
596,1387,618,3,0
597,1387,619,3,0
610,1387,588,0,3
612,1387,590,0,3
596,1388,618,3,0
597,1388,619,3,0
610,1388,588,0,3
612,1388,590,0,3
597,1389,619,3,0
610,1389,588,0,3
610,1390,588,0,3
610,1391,588,0,3
600,1392,622,3,0
609,1392,587,0,3
610,1392,588,0,3
600,1393,622,3,0
609,1393,587,0,3
610,1393,588,0,3
600,1394,622,3,0
609,1394,587,0,3
610,1394,588,0,3
600,1395,622,3,0
603,1395,581,0,3
606,1395,628,3,0
609,1395,587,0,3
610,1395,588,0,3
600,1396,622,3,0
603,1396,581,0,3
605,1396,583,0,3
606,1396,628,3,0
609,1396,587,0,3
610,1396,588,0,3
600,1397,622,3,0
603,1397,581,0,3
605,1397,583,0,3
606,1397,628,3,0
609,1397,587,0,3
610,1397,588,0,3
600,1398,622,3,0
606,1398,628,3,0
609,1398,587,0,3
610,1398,588,0,3
600,1399,622,3,0
609,1399,587,0,3
610,1399,588,0,3
600,1400,622,3,0
609,1400,587,0,3
610,1400,588,0,3
609,1401,587,0,3
610,1401,588,0,3
610,1402,588,0,3
610,1403,588,0,3
597,1404,619,3,0
610,1404,588,0,3
612,1404,590,0,3
596,1405,618,3,0
597,1405,619,3,0
610,1405,588,0,3
612,1405,590,0,3
595,1406,617,3,0
596,1406,618,3,0
597,1406,619,3,0
610,1406,588,0,3
612,1406,590,0,3
614,1406,592,0,3
594,1407,572,0,2
595,1407,617,3,0
596,1407,618,3,0
597,1407,619,3,0
610,1407,588,0,3
612,1407,590,0,3
614,1407,592,0,3
616,1408,594,0,2
617,1408,639,3,0
618,1408,640,3,0
619,1408,641,3,0
632,1408,610,0,3
634,1408,612,0,3
635,1408,657,3,0
636,1408,614,0,3
617,1409,639,3,0
618,1409,640,3,0
619,1409,641,3,0
632,1409,610,0,3
634,1409,612,0,3
635,1409,657,3,0
618,1410,640,3,0
619,1410,641,3,0
632,1410,610,0,3
634,1410,612,0,3
619,1411,641,3,0
632,1411,610,0,3
632,1412,610,0,3
622,1414,644,3,0
631,1414,609,0,3
632,1414,610,0,3
622,1415,644,3,0
631,1415,609,0,3
632,1415,610,0,3
622,1416,644,3,0
631,1416,609,0,3
632,1416,610,0,3
622,1417,644,3,0
625,1417,603,0,3
628,1417,650,3,0
631,1417,609,0,3
632,1417,610,0,3
622,1418,644,3,0
625,1418,603,0,3
627,1418,605,0,3
628,1418,650,3,0
631,1418,609,0,3
632,1418,610,0,3
622,1419,644,3,0
625,1419,603,0,3
627,1419,605,0,3
628,1419,650,3,0
631,1419,609,0,3
632,1419,610,0,3
622,1420,644,3,0
628,1420,650,3,0
631,1420,609,0,3
632,1420,610,0,3
622,1421,644,3,0
631,1421,609,0,3
632,1421,610,0,3
622,1422,644,3,0
631,1422,609,0,3
632,1422,610,0,3
631,1423,609,0,3
632,1423,610,0,3
632,1424,610,0,3
632,1425,610,0,3
619,1426,641,3,0
632,1426,610,0,3
634,1426,612,0,3
618,1427,640,3,0
619,1427,641,3,0
632,1427,610,0,3
634,1427,612,0,3
635,1427,657,3,0
617,1428,639,3,0
618,1428,640,3,0
619,1428,641,3,0
632,1428,610,0,3
634,1428,612,0,3
635,1428,657,3,0
636,1428,614,0,3
616,1429,594,0,2
617,1429,639,3,0
618,1429,640,3,0
619,1429,641,3,0
632,1429,610,0,3
634,1429,612,0,3
635,1429,657,3,0
636,1429,614,0,3
639,1430,661,3,0
640,1430,662,3,0
641,1430,663,3,0
654,1430,632,0,3
656,1430,634,0,3
657,1430,679,3,0
658,1430,636,0,3
639,1431,661,3,0
640,1431,662,3,0
641,1431,663,3,0
654,1431,632,0,3
656,1431,634,0,3
657,1431,679,3,0
640,1432,662,3,0
641,1432,663,3,0
654,1432,632,0,3
656,1432,634,0,3
641,1433,663,3,0
654,1433,632,0,3
654,1434,632,0,3
654,1435,632,0,3
644,1436,666,3,0
653,1436,631,0,3
654,1436,632,0,3
644,1437,666,3,0
653,1437,631,0,3
654,1437,632,0,3
644,1438,666,3,0
653,1438,631,0,3
654,1438,632,0,3
644,1439,666,3,0
647,1439,625,0,3
650,1439,672,3,0
653,1439,631,0,3
654,1439,632,0,3
644,1440,666,3,0
647,1440,625,0,3
649,1440,627,0,3
650,1440,672,3,0
653,1440,631,0,3
654,1440,632,0,3
644,1441,666,3,0
647,1441,625,0,3
649,1441,627,0,3
650,1441,672,3,0
653,1441,631,0,3
654,1441,632,0,3
644,1442,666,3,0
650,1442,672,3,0
653,1442,631,0,3
654,1442,632,0,3
644,1443,666,3,0
653,1443,631,0,3
654,1443,632,0,3
644,1444,666,3,0
653,1444,631,0,3
654,1444,632,0,3
653,1445,631,0,3
654,1445,632,0,3
654,1446,632,0,3
654,1447,632,0,3
641,1448,663,3,0
654,1448,632,0,3
656,1448,634,0,3
640,1449,662,3,0
641,1449,663,3,0
654,1449,632,0,3
656,1449,634,0,3
657,1449,679,3,0
639,1450,661,3,0
640,1450,662,3,0
641,1450,663,3,0
654,1450,632,0,3
656,1450,634,0,3
657,1450,679,3,0
658,1450,636,0,3
639,1451,661,3,0
640,1451,662,3,0
641,1451,663,3,0
654,1451,632,0,3
656,1451,634,0,3
657,1451,679,3,0
658,1451,636,0,3
661,1452,683,3,0
662,1452,684,3,0
663,1452,685,3,0
676,1452,654,0,3
678,1452,656,0,3
680,1452,658,0,3
661,1453,683,3,0
662,1453,684,3,0
663,1453,685,3,0
676,1453,654,0,3
678,1453,656,0,3
662,1454,684,3,0
663,1454,685,3,0
676,1454,654,0,3
678,1454,656,0,3
663,1455,685,3,0
676,1455,654,0,3
676,1456,654,0,3
666,1458,688,3,0
675,1458,653,0,3
676,1458,654,0,3
666,1459,688,3,0
675,1459,653,0,3
676,1459,654,0,3
666,1460,688,3,0
675,1460,653,0,3
676,1460,654,0,3
666,1461,688,3,0
669,1461,647,0,3
672,1461,694,3,0
675,1461,653,0,3
676,1461,654,0,3
666,1462,688,3,0
669,1462,647,0,3
672,1462,694,3,0
675,1462,653,0,3
676,1462,654,0,3
666,1463,688,3,0
669,1463,647,0,3
672,1463,694,3,0
675,1463,653,0,3
676,1463,654,0,3
666,1464,688,3,0
672,1464,694,3,0
675,1464,653,0,3
676,1464,654,0,3
666,1465,688,3,0
675,1465,653,0,3
676,1465,654,0,3
666,1466,688,3,0
675,1466,653,0,3
676,1466,654,0,3
675,1467,653,0,3
676,1467,654,0,3
676,1468,654,0,3
676,1469,654,0,3
663,1470,685,3,0
676,1470,654,0,3
678,1470,656,0,3
662,1471,684,3,0
663,1471,685,3,0
676,1471,654,0,3
678,1471,656,0,3
661,1472,683,3,0
662,1472,684,3,0
663,1472,685,3,0
676,1472,654,0,3
678,1472,656,0,3
680,1472,658,0,3
661,1473,683,3,0
662,1473,684,3,0
663,1473,685,3,0
676,1473,654,0,3
678,1473,656,0,3
680,1473,658,0,3
681,1473,703,3,0
683,1474,705,3,0
684,1474,706,3,0
685,1474,707,3,0
698,1474,676,0,3
699,1474,677,0,3
700,1474,678,0,3
702,1474,680,0,3
683,1475,705,3,0
684,1475,706,3,0
685,1475,707,3,0
698,1475,676,0,3
699,1475,677,0,3
700,1475,678,0,3
684,1476,706,3,0
685,1476,707,3,0
698,1476,676,0,3
699,1476,677,0,3
700,1476,678,0,3
685,1477,707,3,0
698,1477,676,0,3
699,1477,677,0,3
698,1478,676,0,3
698,1479,676,0,3
688,1480,710,3,0
697,1480,675,0,3
698,1480,676,0,3
688,1481,710,3,0
689,1481,667,0,3
697,1481,675,0,3
698,1481,676,0,3
688,1482,710,3,0
689,1482,667,0,3
697,1482,675,0,3
698,1482,676,0,3
688,1483,710,3,0
689,1483,667,0,3
691,1483,669,0,3
694,1483,716,3,0
697,1483,675,0,3
698,1483,676,0,3
688,1484,710,3,0
689,1484,667,0,3
691,1484,669,0,3
692,1484,670,0,3
694,1484,716,3,0
697,1484,675,0,3
698,1484,676,0,3
688,1485,710,3,0
689,1485,667,0,3
691,1485,669,0,3
694,1485,716,3,0
697,1485,675,0,3
698,1485,676,0,3
688,1486,710,3,0
689,1486,667,0,3
694,1486,716,3,0
697,1486,675,0,3
698,1486,676,0,3
688,1487,710,3,0
689,1487,667,0,3
697,1487,675,0,3
698,1487,676,0,3
688,1488,710,3,0
697,1488,675,0,3
698,1488,676,0,3
697,1489,675,0,3
698,1489,676,0,3
698,1490,676,0,3
698,1491,676,0,3
699,1491,677,0,3
685,1492,707,3,0
698,1492,676,0,3
699,1492,677,0,3
700,1492,678,0,3
684,1493,706,3,0
685,1493,707,3,0
698,1493,676,0,3
699,1493,677,0,3
700,1493,678,0,3
683,1494,705,3,0
684,1494,706,3,0
685,1494,707,3,0
698,1494,676,0,3
699,1494,677,0,3
700,1494,678,0,3
702,1494,680,0,3
683,1495,705,3,0
684,1495,706,3,0
685,1495,707,3,0
698,1495,676,0,3
699,1495,677,0,3
700,1495,678,0,3
702,1495,680,0,3
703,1495,725,3,0
704,1496,682,0,2
705,1496,727,3,0
706,1496,728,3,0
707,1496,729,3,0
720,1496,698,0,3
721,1496,699,0,3
722,1496,700,0,3
705,1497,727,3,0
706,1497,728,3,0
707,1497,729,3,0
720,1497,698,0,3
721,1497,699,0,3
722,1497,700,0,3
706,1498,728,3,0
707,1498,729,3,0
720,1498,698,0,3
721,1498,699,0,3
722,1498,700,0,3
707,1499,729,3,0
720,1499,698,0,3
721,1499,699,0,3
720,1500,698,0,3
710,1502,732,3,0
720,1502,698,0,3
710,1503,732,3,0
711,1503,689,0,3
720,1503,698,0,3
710,1504,732,3,0
711,1504,689,0,3
720,1504,698,0,3
710,1505,732,3,0
711,1505,689,0,3
713,1505,691,0,3
716,1505,738,3,0
720,1505,698,0,3
710,1506,732,3,0
711,1506,689,0,3
713,1506,691,0,3
714,1506,692,0,3
716,1506,738,3,0
720,1506,698,0,3
710,1507,732,3,0
711,1507,689,0,3
713,1507,691,0,3
716,1507,738,3,0
720,1507,698,0,3
710,1508,732,3,0
711,1508,689,0,3
716,1508,738,3,0
720,1508,698,0,3
710,1509,732,3,0
711,1509,689,0,3
720,1509,698,0,3
710,1510,732,3,0
720,1510,698,0,3
720,1511,698,0,3
720,1512,698,0,3
720,1513,698,0,3
721,1513,699,0,3
707,1514,729,3,0
720,1514,698,0,3
721,1514,699,0,3
722,1514,700,0,3
706,1515,728,3,0
707,1515,729,3,0
720,1515,698,0,3
721,1515,699,0,3
722,1515,700,0,3
705,1516,727,3,0
706,1516,728,3,0
707,1516,729,3,0
720,1516,698,0,3
721,1516,699,0,3
722,1516,700,0,3
704,1517,682,0,2
705,1517,727,3,0
706,1517,728,3,0
707,1517,729,3,0
720,1517,698,0,3
721,1517,699,0,3
722,1517,700,0,3
727,1518,749,3,0
729,1518,751,3,0
731,1518,709,0,3
743,1518,721,0,3
744,1518,722,0,3
745,1518,723,0,3
727,1519,749,3,0
729,1519,751,3,0
731,1519,709,0,3
743,1519,721,0,3
744,1519,722,0,3
745,1519,723,0,3
729,1520,751,3,0
731,1520,709,0,3
743,1520,721,0,3
744,1520,722,0,3
729,1521,751,3,0
731,1521,709,0,3
743,1521,721,0,3
731,1522,709,0,3
731,1523,709,0,3
731,1524,709,0,3
732,1524,754,3,0
731,1525,709,0,3
732,1525,754,3,0
733,1525,711,0,3
731,1526,709,0,3
732,1526,754,3,0
733,1526,711,0,3
739,1526,761,3,0
731,1527,709,0,3
732,1527,754,3,0
733,1527,711,0,3
735,1527,713,0,3
739,1527,761,3,0
731,1528,709,0,3
732,1528,754,3,0
733,1528,711,0,3
735,1528,713,0,3
737,1528,715,0,3
739,1528,761,3,0
731,1529,709,0,3
732,1529,754,3,0
733,1529,711,0,3
735,1529,713,0,3
737,1529,715,0,3
739,1529,761,3,0
731,1530,709,0,3
732,1530,754,3,0
733,1530,711,0,3
739,1530,761,3,0
731,1531,709,0,3
732,1531,754,3,0
733,1531,711,0,3
739,1531,761,3,0
731,1532,709,0,3
732,1532,754,3,0
731,1533,709,0,3
731,1535,709,0,3
743,1535,721,0,3
729,1536,751,3,0
731,1536,709,0,3
743,1536,721,0,3
744,1536,722,0,3
729,1537,751,3,0
731,1537,709,0,3
743,1537,721,0,3
744,1537,722,0,3
745,1537,723,0,3
727,1538,749,3,0
729,1538,751,3,0
731,1538,709,0,3
743,1538,721,0,3
744,1538,722,0,3
745,1538,723,0,3
727,1539,749,3,0
729,1539,751,3,0
731,1539,709,0,3
743,1539,721,0,3
744,1539,722,0,3
745,1539,723,0,3
747,1539,769,3,0
749,1540,771,3,0
751,1540,773,3,0
753,1540,731,0,3
765,1540,743,0,3
766,1540,744,0,3
749,1541,771,3,0
751,1541,773,3,0
753,1541,731,0,3
765,1541,743,0,3
766,1541,744,0,3
751,1542,773,3,0
753,1542,731,0,3
765,1542,743,0,3
766,1542,744,0,3
751,1543,773,3,0
753,1543,731,0,3
765,1543,743,0,3
753,1544,731,0,3
753,1545,731,0,3
753,1546,731,0,3
754,1546,776,3,0
753,1547,731,0,3
754,1547,776,3,0
755,1547,733,0,3
753,1548,731,0,3
754,1548,776,3,0
755,1548,733,0,3
761,1548,783,3,0
753,1549,731,0,3
754,1549,776,3,0
755,1549,733,0,3
757,1549,735,0,3
761,1549,783,3,0
753,1550,731,0,3
754,1550,776,3,0
755,1550,733,0,3
757,1550,735,0,3
761,1550,783,3,0
753,1551,731,0,3
754,1551,776,3,0
755,1551,733,0,3
757,1551,735,0,3
761,1551,783,3,0
753,1552,731,0,3
754,1552,776,3,0
755,1552,733,0,3
761,1552,783,3,0
753,1553,731,0,3
754,1553,776,3,0
755,1553,733,0,3
761,1553,783,3,0
753,1554,731,0,3
754,1554,776,3,0
753,1555,731,0,3
753,1557,731,0,3
765,1557,743,0,3
751,1558,773,3,0
753,1558,731,0,3
765,1558,743,0,3
766,1558,744,0,3
751,1559,773,3,0
753,1559,731,0,3
765,1559,743,0,3
766,1559,744,0,3
749,1560,771,3,0
751,1560,773,3,0
753,1560,731,0,3
765,1560,743,0,3
766,1560,744,0,3
749,1561,771,3,0
751,1561,773,3,0
753,1561,731,0,3
765,1561,743,0,3
766,1561,744,0,3
769,1561,791,3,0
771,1562,793,3,0
773,1562,795,3,0
787,1562,765,0,3
788,1562,766,0,3
771,1563,793,3,0
773,1563,795,3,0
787,1563,765,0,3
788,1563,766,0,3
773,1564,795,3,0
787,1564,765,0,3
788,1564,766,0,3
773,1565,795,3,0
787,1565,765,0,3
777,1569,755,0,3
777,1570,755,0,3
783,1570,805,3,0
777,1571,755,0,3
779,1571,757,0,3
783,1571,805,3,0
777,1572,755,0,3
779,1572,757,0,3
780,1572,802,3,0
783,1572,805,3,0
777,1573,755,0,3
779,1573,757,0,3
783,1573,805,3,0
777,1574,755,0,3
783,1574,805,3,0
777,1575,755,0,3
783,1575,805,3,0
787,1579,765,0,3
773,1580,795,3,0
787,1580,765,0,3
788,1580,766,0,3
773,1581,795,3,0
787,1581,765,0,3
788,1581,766,0,3
771,1582,793,3,0
773,1582,795,3,0
787,1582,765,0,3
788,1582,766,0,3
771,1583,793,3,0
773,1583,795,3,0
787,1583,765,0,3
788,1583,766,0,3
159,1584,181,3,0
162,1584,140,0,3
169,1584,147,0,3
170,1584,192,3,0
907,1585,885,0,3
918,1585,896,0,3
816,1586,838,3,0
817,1586,839,3,0
818,1586,840,3,0
819,1586,797,0,3
831,1586,809,0,3
832,1586,810,0,3
1298,1587,1320,2,0
1300,1587,1278,0,3
1301,1587,1279,0,3
1316,1587,1338,3,0
1318,1587,1340,3,0
685,1588,707,3,0
698,1588,676,0,3
699,1588,677,0,3
465,1590,487,3,0
478,1590,456,0,3
1081,1591,1059,0,3
449,1592,427,0,3
452,1592,474,3,0
454,1592,476,3,0
455,1592,433,0,3
456,1592,434,0,3
314,1593,336,3,0
318,1593,296,0,3
320,1593,342,3,0
323,1593,301,0,3
93,1594,115,3,0
96,1594,74,0,3
97,1594,119,3,0
100,1594,122,3,0
102,1594,124,3,0
103,1594,81,0,3
795,1595,817,3,0
796,1595,818,3,0
797,1595,775,0,3
809,1595,787,0,3
810,1595,788,0,3
