794,0,772,0,3
796,0,818,3,0
807,0,829,3,0
809,0,787,0,3
810,0,788,0,3
811,0,789,0,3
812,0,790,0,3
794,1,772,0,3
796,1,818,3,0
807,1,829,3,0
809,1,787,0,3
810,1,788,0,3
811,1,789,0,3
794,2,772,0,3
796,2,818,3,0
807,2,829,3,0
809,2,787,0,3
810,2,788,0,3
796,3,818,3,0
807,3,829,3,0
809,3,787,0,3
796,4,818,3,0
807,4,829,3,0
796,5,818,3,0
796,6,818,3,0
798,6,776,0,3
807,6,829,3,0
796,7,818,3,0
798,7,776,0,3
807,7,829,3,0
796,8,818,3,0
798,8,776,0,3
800,8,778,0,3
807,8,829,3,0
796,9,818,3,0
798,9,776,0,3
800,9,778,0,3
801,9,823,3,0
807,9,829,3,0
796,10,818,3,0
798,10,776,0,3
800,10,778,0,3
801,10,823,3,0
807,10,829,3,0
796,11,818,3,0
798,11,776,0,3
800,11,778,0,3
807,11,829,3,0
796,12,818,3,0
798,12,776,0,3
807,12,829,3,0
796,13,818,3,0
798,13,776,0,3
807,13,829,3,0
796,14,818,3,0
807,14,829,3,0
807,15,829,3,0
807,16,829,3,0
796,17,818,3,0
807,17,829,3,0
809,17,787,0,3
796,18,818,3,0
807,18,829,3,0
809,18,787,0,3
810,18,788,0,3
794,19,772,0,3
796,19,818,3,0
807,19,829,3,0
809,19,787,0,3
810,19,788,0,3
811,19,789,0,3
794,20,772,0,3
796,20,818,3,0
807,20,829,3,0
809,20,787,0,3
810,20,788,0,3
811,20,789,0,3
812,20,790,0,3
794,21,772,0,3
796,21,818,3,0
807,21,829,3,0
809,21,787,0,3
810,21,788,0,3
811,21,789,0,3
812,21,790,0,3
813,21,835,3,0
816,22,794,0,3
818,22,840,3,0
829,22,851,3,0
831,22,809,0,3
832,22,810,0,3
833,22,811,0,3
816,23,794,0,3
818,23,840,3,0
829,23,851,3,0
831,23,809,0,3
832,23,810,0,3
816,24,794,0,3
818,24,840,3,0
829,24,851,3,0
831,24,809,0,3
818,25,840,3,0
829,25,851,3,0
818,26,840,3,0
818,27,840,3,0
829,27,851,3,0
818,28,840,3,0
820,28,798,0,3
829,28,851,3,0
818,29,840,3,0
820,29,798,0,3
829,29,851,3,0
818,30,840,3,0
820,30,798,0,3
829,30,851,3,0
818,31,840,3,0
820,31,798,0,3
823,31,845,3,0
825,31,847,3,0
829,31,851,3,0
818,32,840,3,0
820,32,798,0,3
823,32,845,3,0
825,32,847,3,0
829,32,851,3,0
818,33,840,3,0
820,33,798,0,3
825,33,847,3,0
829,33,851,3,0
818,34,840,3,0
820,34,798,0,3
829,34,851,3,0
818,35,840,3,0
820,35,798,0,3
829,35,851,3,0
818,36,840,3,0
829,36,851,3,0
829,37,851,3,0
829,38,851,3,0
818,39,840,3,0
829,39,851,3,0
831,39,809,0,3
818,40,840,3,0
829,40,851,3,0
831,40,809,0,3
832,40,810,0,3
816,41,794,0,3
818,41,840,3,0
829,41,851,3,0
831,41,809,0,3
832,41,810,0,3
833,41,811,0,3
816,42,794,0,3
818,42,840,3,0
829,42,851,3,0
831,42,809,0,3
832,42,810,0,3
833,42,811,0,3
816,43,794,0,3
818,43,840,3,0
829,43,851,3,0
831,43,809,0,3
832,43,810,0,3
833,43,811,0,3
835,43,857,3,0
838,44,816,0,3
851,44,873,3,0
853,44,831,0,3
854,44,832,0,3
855,44,833,0,3
838,45,816,0,3
851,45,873,3,0
853,45,831,0,3
854,45,832,0,3
855,45,833,0,3
838,46,816,0,3
851,46,873,3,0
853,46,831,0,3
854,46,832,0,3
851,47,873,3,0
853,47,831,0,3
851,48,873,3,0
851,50,873,3,0
851,51,873,3,0
848,52,870,3,0
851,52,873,3,0
845,53,867,3,0
847,53,869,3,0
848,53,870,3,0
851,53,873,3,0
845,54,867,3,0
847,54,869,3,0
848,54,870,3,0
851,54,873,3,0
847,55,869,3,0
848,55,870,3,0
851,55,873,3,0
848,56,870,3,0
851,56,873,3,0
851,57,873,3,0
851,58,873,3,0
851,59,873,3,0
851,60,873,3,0
851,61,873,3,0
853,61,831,0,3
851,62,873,3,0
853,62,831,0,3
854,62,832,0,3
838,63,816,0,3
851,63,873,3,0
853,63,831,0,3
854,63,832,0,3
855,63,833,0,3
838,64,816,0,3
851,64,873,3,0
853,64,831,0,3
854,64,832,0,3
855,64,833,0,3
838,65,816,0,3
851,65,873,3,0
853,65,831,0,3
854,65,832,0,3
855,65,833,0,3
857,65,879,3,0
860,66,838,0,3
873,66,895,3,0
875,66,853,0,3
876,66,854,0,3
877,66,855,0,3
860,67,838,0,3
873,67,895,3,0
875,67,853,0,3
876,67,854,0,3
860,68,838,0,3
873,68,895,3,0
875,68,853,0,3
873,69,895,3,0
873,71,895,3,0
864,72,842,0,3
873,72,895,3,0
864,73,842,0,3
873,73,895,3,0
864,74,842,0,3
870,74,892,3,0
873,74,895,3,0
864,75,842,0,3
867,75,889,3,0
869,75,891,3,0
870,75,892,3,0
873,75,895,3,0
864,76,842,0,3
867,76,889,3,0
869,76,891,3,0
870,76,892,3,0
873,76,895,3,0
864,77,842,0,3
869,77,891,3,0
870,77,892,3,0
873,77,895,3,0
864,78,842,0,3
870,78,892,3,0
873,78,895,3,0
864,79,842,0,3
873,79,895,3,0
873,80,895,3,0
873,81,895,3,0
873,82,895,3,0
873,83,895,3,0
875,83,853,0,3
873,84,895,3,0
875,84,853,0,3
876,84,854,0,3
860,85,838,0,3
873,85,895,3,0
875,85,853,0,3
876,85,854,0,3
877,85,855,0,3
860,86,838,0,3
873,86,895,3,0
875,86,853,0,3
876,86,854,0,3
877,86,855,0,3
878,86,856,0,3
860,87,838,0,3
873,87,895,3,0
875,87,853,0,3
876,87,854,0,3
877,87,855,0,3
878,87,856,0,3
879,87,901,3,0
880,88,858,0,2
882,88,860,0,3
895,88,917,3,0
897,88,875,0,3
898,88,876,0,3
900,88,878,0,3
882,89,860,0,3
895,89,917,3,0
897,89,875,0,3
898,89,876,0,3
882,90,860,0,3
895,90,917,3,0
897,90,875,0,3
898,90,876,0,3
895,91,917,3,0
897,91,875,0,3
895,92,917,3,0
886,94,864,0,3
895,94,917,3,0
886,95,864,0,3
895,95,917,3,0
886,96,864,0,3
892,96,914,3,0
895,96,917,3,0
886,97,864,0,3
889,97,911,3,0
892,97,914,3,0
895,97,917,3,0
886,98,864,0,3
889,98,911,3,0
892,98,914,3,0
895,98,917,3,0
886,99,864,0,3
892,99,914,3,0
895,99,917,3,0
886,100,864,0,3
892,100,914,3,0
895,100,917,3,0
886,101,864,0,3
895,101,917,3,0
895,102,917,3,0
895,103,917,3,0
895,104,917,3,0
895,105,917,3,0
897,105,875,0,3
895,106,917,3,0
897,106,875,0,3
898,106,876,0,3
882,107,860,0,3
895,107,917,3,0
897,107,875,0,3
898,107,876,0,3
882,108,860,0,3
895,108,917,3,0
897,108,875,0,3
898,108,876,0,3
900,108,878,0,3
880,109,858,0,2
882,109,860,0,3
895,109,917,3,0
897,109,875,0,3
898,109,876,0,3
900,109,878,0,3
904,110,882,0,3
917,110,939,3,0
919,110,897,0,3
920,110,898,0,3
904,111,882,0,3
917,111,939,3,0
919,111,897,0,3
920,111,898,0,3
904,112,882,0,3
917,112,939,3,0
919,112,897,0,3
917,113,939,3,0
917,115,939,3,0
908,116,886,0,3
917,116,939,3,0
908,117,886,0,3
909,117,887,0,3
917,117,939,3,0
908,118,886,0,3
909,118,887,0,3
914,118,936,3,0
917,118,939,3,0
908,119,886,0,3
909,119,887,0,3
911,119,933,3,0
914,119,936,3,0
917,119,939,3,0
908,120,886,0,3
909,120,887,0,3
911,120,933,3,0
914,120,936,3,0
917,120,939,3,0
908,121,886,0,3
909,121,887,0,3
914,121,936,3,0
917,121,939,3,0
908,122,886,0,3
909,122,887,0,3
914,122,936,3,0
917,122,939,3,0
908,123,886,0,3
917,123,939,3,0
917,124,939,3,0
917,125,939,3,0
917,126,939,3,0
917,127,939,3,0
919,127,897,0,3
917,128,939,3,0
919,128,897,0,3
920,128,898,0,3
904,129,882,0,3
917,129,939,3,0
919,129,897,0,3
920,129,898,0,3
904,130,882,0,3
917,130,939,3,0
919,130,897,0,3
920,130,898,0,3
922,130,900,0,3
904,131,882,0,3
917,131,939,3,0
919,131,897,0,3
920,131,898,0,3
922,131,900,0,3
924,132,902,0,2
925,132,947,3,0
926,132,904,0,3
939,132,961,3,0
941,132,919,0,3
942,132,920,0,3
944,132,922,0,3
925,133,947,3,0
926,133,904,0,3
939,133,961,3,0
941,133,919,0,3
942,133,920,0,3
926,134,904,0,3
939,134,961,3,0
941,134,919,0,3
942,134,920,0,3
939,135,961,3,0
941,135,919,0,3
939,136,961,3,0
930,138,908,0,3
939,138,961,3,0
930,139,908,0,3
931,139,909,0,3
939,139,961,3,0
930,140,908,0,3
931,140,909,0,3
932,140,954,3,0
936,140,958,3,0
939,140,961,3,0
930,141,908,0,3
931,141,909,0,3
932,141,954,3,0
933,141,955,3,0
936,141,958,3,0
939,141,961,3,0
930,142,908,0,3
931,142,909,0,3
932,142,954,3,0
933,142,955,3,0
936,142,958,3,0
939,142,961,3,0
930,143,908,0,3
931,143,909,0,3
932,143,954,3,0
936,143,958,3,0
939,143,961,3,0
930,144,908,0,3
931,144,909,0,3
936,144,958,3,0
939,144,961,3,0
930,145,908,0,3
939,145,961,3,0
939,146,961,3,0
939,147,961,3,0
939,148,961,3,0
939,149,961,3,0
941,149,919,0,3
939,150,961,3,0
941,150,919,0,3
942,150,920,0,3
926,151,904,0,3
939,151,961,3,0
941,151,919,0,3
942,151,920,0,3
925,152,947,3,0
926,152,904,0,3
939,152,961,3,0
941,152,919,0,3
942,152,920,0,3
944,152,922,0,3
924,153,902,0,2
925,153,947,3,0
926,153,904,0,3
939,153,961,3,0
941,153,919,0,3
942,153,920,0,3
944,153,922,0,3
945,153,923,0,3
946,154,924,0,2
947,154,969,3,0
961,154,983,3,0
963,154,941,0,3
964,154,942,0,3
947,155,969,3,0
961,155,983,3,0
963,155,941,0,3
964,155,942,0,3
961,156,983,3,0
963,156,941,0,3
961,157,983,3,0
961,159,983,3,0
952,160,930,0,3
960,160,982,3,0
961,160,983,3,0
952,161,930,0,3
953,161,931,0,3
960,161,982,3,0
961,161,983,3,0
952,162,930,0,3
953,162,931,0,3
954,162,976,3,0
960,162,982,3,0
961,162,983,3,0
952,163,930,0,3
953,163,931,0,3
954,163,976,3,0
955,163,977,3,0
960,163,982,3,0
961,163,983,3,0
952,164,930,0,3
953,164,931,0,3
954,164,976,3,0
955,164,977,3,0
960,164,982,3,0
961,164,983,3,0
952,165,930,0,3
953,165,931,0,3
954,165,976,3,0
960,165,982,3,0
961,165,983,3,0
952,166,930,0,3
953,166,931,0,3
960,166,982,3,0
961,166,983,3,0
952,167,930,0,3
960,167,982,3,0
961,167,983,3,0
960,168,982,3,0
961,168,983,3,0
961,169,983,3,0
961,170,983,3,0
961,171,983,3,0
963,171,941,0,3
961,172,983,3,0
963,172,941,0,3
964,172,942,0,3
961,173,983,3,0
963,173,941,0,3
964,173,942,0,3
947,174,969,3,0
961,174,983,3,0
963,174,941,0,3
964,174,942,0,3
966,174,944,0,3
946,175,924,0,2
947,175,969,3,0
961,175,983,3,0
963,175,941,0,3
964,175,942,0,3
966,175,944,0,3
967,175,945,0,3
968,176,946,0,2
969,176,991,3,0
983,176,1005,3,0
988,176,966,0,3
969,177,991,3,0
983,177,1005,3,0
983,178,1005,3,0
983,179,1005,3,0
983,180,1005,3,0
974,182,952,0,3
983,182,1005,3,0
974,183,952,0,3
982,183,1004,3,0
983,183,1005,3,0
974,184,952,0,3
976,184,998,3,0
982,184,1004,3,0
983,184,1005,3,0
974,185,952,0,3
976,185,998,3,0
977,185,999,3,0
982,185,1004,3,0
983,185,1005,3,0
974,186,952,0,3
976,186,998,3,0
977,186,999,3,0
982,186,1004,3,0
983,186,1005,3,0
974,187,952,0,3
976,187,998,3,0
982,187,1004,3,0
983,187,1005,3,0
974,188,952,0,3
982,188,1004,3,0
983,188,1005,3,0
974,189,952,0,3
982,189,1004,3,0
983,189,1005,3,0
982,190,1004,3,0
983,190,1005,3,0
983,191,1005,3,0
983,192,1005,3,0
983,193,1005,3,0
983,194,1005,3,0
983,195,1005,3,0
969,196,991,3,0
983,196,1005,3,0
988,196,966,0,3
968,197,946,0,2
969,197,991,3,0
983,197,1005,3,0
988,197,966,0,3
989,197,967,0,3
990,198,968,0,2
991,198,1013,3,0
993,198,1015,3,0
991,199,1013,3,0
993,199,1015,3,0
993,200,1015,3,0
993,201,1015,3,0
996,204,974,0,3
996,205,974,0,3
996,206,974,0,3
998,206,1020,3,0
996,207,974,0,3
998,207,1020,3,0
999,207,1021,3,0
996,208,974,0,3
998,208,1020,3,0
999,208,1021,3,0
996,209,974,0,3
998,209,1020,3,0
996,210,974,0,3
996,211,974,0,3
993,216,1015,3,0
993,217,1015,3,0
991,218,1013,3,0
993,218,1015,3,0
1010,218,988,0,3
990,219,968,0,2
991,219,1013,3,0
993,219,1015,3,0
1010,219,988,0,3
1012,220,990,0,2
1013,220,1035,3,0
1032,220,1010,0,3
1013,221,1035,3,0
1018,226,996,0,3
1018,227,996,0,3
1018,228,996,0,3
1020,228,1042,3,0
1018,229,996,0,3
1020,229,1042,3,0
1021,229,1043,3,0
1023,229,1001,0,3
1018,230,996,0,3
1020,230,1042,3,0
1021,230,1043,3,0
1023,230,1001,0,3
1018,231,996,0,3
1020,231,1042,3,0
1023,231,1001,0,3
1018,232,996,0,3
1018,233,996,0,3
1013,240,1035,3,0
1032,240,1010,0,3
1012,241,990,0,2
1013,241,1035,3,0
1032,241,1010,0,3
1034,242,1012,0,2
1052,242,1074,3,0
1052,243,1074,3,0
1040,248,1018,0,3
1048,248,1026,0,3
1040,249,1018,0,3
1048,249,1026,0,3
1040,250,1018,0,3
1042,250,1064,3,0
1048,250,1026,0,3
1040,251,1018,0,3
1042,251,1064,3,0
1043,251,1065,3,0
1048,251,1026,0,3
1040,252,1018,0,3
1042,252,1064,3,0
1043,252,1065,3,0
1048,252,1026,0,3
1040,253,1018,0,3
1042,253,1064,3,0
1048,253,1026,0,3
1040,254,1018,0,3
1048,254,1026,0,3
1040,255,1018,0,3
1048,255,1026,0,3
1048,256,1026,0,3
1052,260,1074,3,0
1052,261,1074,3,0
1052,262,1074,3,0
1054,262,1032,0,3
1034,263,1012,0,2
1052,263,1074,3,0
1054,263,1032,0,3
1055,263,1033,0,3
1056,264,1034,0,2
1074,264,1096,3,0
1076,264,1054,0,3
1074,265,1096,3,0
1074,266,1096,3,0
1062,270,1040,0,3
1062,271,1040,0,3
1062,272,1040,0,3
1064,272,1086,3,0
1062,273,1040,0,3
1064,273,1086,3,0
1065,273,1043,0,3
1062,274,1040,0,3
1064,274,1086,3,0
1065,274,1043,0,3
1062,275,1040,0,3
1064,275,1086,3,0
1062,276,1040,0,3
1062,277,1040,0,3
1074,282,1096,3,0
1074,283,1096,3,0
1074,284,1096,3,0
1076,284,1054,0,3
1056,285,1034,0,2
1074,285,1096,3,0
1076,285,1054,0,3
1077,285,1055,0,3
1078,286,1056,0,2
1095,286,1117,3,0
1096,286,1118,3,0
1095,287,1117,3,0
1096,287,1118,3,0
1095,288,1117,3,0
1084,292,1062,0,3
1084,293,1062,0,3
1084,294,1062,0,3
1086,294,1108,3,0
1084,295,1062,0,3
1086,295,1108,3,0
1087,295,1065,0,3
1084,296,1062,0,3
1086,296,1108,3,0
1087,296,1065,0,3
1084,297,1062,0,3
1086,297,1108,3,0
1084,298,1062,0,3
1084,299,1062,0,3
1095,303,1117,3,0
1095,304,1117,3,0
1096,304,1118,3,0
1095,305,1117,3,0
1096,305,1118,3,0
1095,306,1117,3,0
1096,306,1118,3,0
1078,307,1056,0,2
1095,307,1117,3,0
1096,307,1118,3,0
1099,307,1077,0,3
1100,308,1078,0,2
1103,308,1125,3,0
1117,308,1139,3,0
1118,308,1140,3,0
1103,309,1125,3,0
1117,309,1139,3,0
1118,309,1140,3,0
1103,310,1125,3,0
1117,310,1139,3,0
1118,310,1140,3,0
1103,311,1125,3,0
1117,311,1139,3,0
1106,314,1084,0,3
1106,315,1084,0,3
1106,316,1084,0,3
1108,316,1130,3,0
1106,317,1084,0,3
1108,317,1130,3,0
1109,317,1087,0,3
1106,318,1084,0,3
1108,318,1130,3,0
1109,318,1087,0,3
1106,319,1084,0,3
1108,319,1130,3,0
1106,320,1084,0,3
1106,321,1084,0,3
1117,325,1139,3,0
1103,326,1125,3,0
1117,326,1139,3,0
1118,326,1140,3,0
1103,327,1125,3,0
1117,327,1139,3,0
1118,327,1140,3,0
1103,328,1125,3,0
1117,328,1139,3,0
1118,328,1140,3,0
1100,329,1078,0,2
1103,329,1125,3,0
1117,329,1139,3,0
1118,329,1140,3,0
1121,329,1099,0,3
1122,330,1100,0,2
1125,330,1147,3,0
1139,330,1161,3,0
1140,330,1162,3,0
1125,331,1147,3,0
1139,331,1161,3,0
1140,331,1162,3,0
1125,332,1147,3,0
1139,332,1161,3,0
1125,333,1147,3,0
1128,336,1106,0,3
1128,337,1106,0,3
1128,338,1106,0,3
1130,338,1152,3,0
1128,339,1106,0,3
1130,339,1152,3,0
1131,339,1109,0,3
1128,340,1106,0,3
1130,340,1152,3,0
1131,340,1109,0,3
1128,341,1106,0,3
1130,341,1152,3,0
1128,342,1106,0,3
1128,343,1106,0,3
1139,347,1161,3,0
1125,348,1147,3,0
1139,348,1161,3,0
1140,348,1162,3,0
1125,349,1147,3,0
1139,349,1161,3,0
1140,349,1162,3,0
1125,350,1147,3,0
1139,350,1161,3,0
1140,350,1162,3,0
1122,351,1100,0,2
1125,351,1147,3,0
1139,351,1161,3,0
1140,351,1162,3,0
1143,351,1121,0,3
1144,352,1122,0,2
1147,352,1169,3,0
1160,352,1182,3,0
1161,352,1183,3,0
1162,352,1184,3,0
1147,353,1169,3,0
1160,353,1182,3,0
1161,353,1183,3,0
1162,353,1184,3,0
1147,354,1169,3,0
1160,354,1182,3,0
1161,354,1183,3,0
1162,354,1184,3,0
1147,355,1169,3,0
1160,355,1182,3,0
1161,355,1183,3,0
1160,356,1182,3,0
1150,358,1128,0,3
1150,359,1128,0,3
1150,360,1128,0,3
1152,360,1174,3,0
1150,361,1128,0,3
1152,361,1174,3,0
1153,361,1131,0,3
1150,362,1128,0,3
1152,362,1174,3,0
1153,362,1131,0,3
1150,363,1128,0,3
1152,363,1174,3,0
1150,364,1128,0,3
1150,365,1128,0,3
1160,368,1182,3,0
1160,369,1182,3,0
1161,369,1183,3,0
1147,370,1169,3,0
1160,370,1182,3,0
1161,370,1183,3,0
1162,370,1184,3,0
1147,371,1169,3,0
1160,371,1182,3,0
1161,371,1183,3,0
1162,371,1184,3,0
1147,372,1169,3,0
1160,372,1182,3,0
1161,372,1183,3,0
1162,372,1184,3,0
1144,373,1122,0,2
1147,373,1169,3,0
1160,373,1182,3,0
1161,373,1183,3,0
1162,373,1184,3,0
1166,374,1144,0,2
1169,374,1191,3,0
1182,374,1204,3,0
1183,374,1205,3,0
1184,374,1206,3,0
1169,375,1191,3,0
1182,375,1204,3,0
1183,375,1205,3,0
1184,375,1206,3,0
1169,376,1191,3,0
1182,376,1204,3,0
1183,376,1205,3,0
1169,377,1191,3,0
1182,377,1204,3,0
1172,380,1150,0,3
1180,380,1202,3,0
1172,381,1150,0,3
1180,381,1202,3,0
1172,382,1150,0,3
1174,382,1196,3,0
1180,382,1202,3,0
1172,383,1150,0,3
1174,383,1196,3,0
1175,383,1153,0,3
1180,383,1202,3,0
1172,384,1150,0,3
1174,384,1196,3,0
1175,384,1153,0,3
1180,384,1202,3,0
1172,385,1150,0,3
1174,385,1196,3,0
1180,385,1202,3,0
1172,386,1150,0,3
1180,386,1202,3,0
1172,387,1150,0,3
1180,387,1202,3,0
1180,388,1202,3,0
1182,390,1204,3,0
1182,391,1204,3,0
1183,391,1205,3,0
1169,392,1191,3,0
1182,392,1204,3,0
1183,392,1205,3,0
1184,392,1206,3,0
1169,393,1191,3,0
1182,393,1204,3,0
1183,393,1205,3,0
1184,393,1206,3,0
1169,394,1191,3,0
1182,394,1204,3,0
1183,394,1205,3,0
1184,394,1206,3,0
1166,395,1144,0,2
1169,395,1191,3,0
1182,395,1204,3,0
1183,395,1205,3,0
1184,395,1206,3,0
1188,396,1166,0,2
1191,396,1213,3,0
1204,396,1226,3,0
1206,396,1228,3,0
1191,397,1213,3,0
1204,397,1226,3,0
1206,397,1228,3,0
1191,398,1213,3,0
1204,398,1226,3,0
1206,398,1228,3,0
1191,399,1213,3,0
1204,399,1226,3,0
1204,400,1226,3,0
1194,402,1172,0,3
1194,403,1172,0,3
1194,404,1172,0,3
1196,404,1218,3,0
1194,405,1172,0,3
1196,405,1218,3,0
1197,405,1175,0,3
1194,406,1172,0,3
1196,406,1218,3,0
1197,406,1175,0,3
1194,407,1172,0,3
1196,407,1218,3,0
1194,408,1172,0,3
1194,409,1172,0,3
1204,412,1226,3,0
1204,413,1226,3,0
1191,414,1213,3,0
1204,414,1226,3,0
1206,414,1228,3,0
1191,415,1213,3,0
1204,415,1226,3,0
1206,415,1228,3,0
1191,416,1213,3,0
1204,416,1226,3,0
1206,416,1228,3,0
1188,417,1166,0,2
1191,417,1213,3,0
1204,417,1226,3,0
1206,417,1228,3,0
1210,418,1188,0,2
1213,418,1235,3,0
1226,418,1248,3,0
1228,418,1250,3,0
1213,419,1235,3,0
1226,419,1248,3,0
1228,419,1250,3,0
1213,420,1235,3,0
1226,420,1248,3,0
1213,421,1235,3,0
1226,421,1248,3,0
1215,423,1193,0,3
1215,424,1193,0,3
1216,424,1194,0,3
1215,425,1193,0,3
1216,425,1194,0,3
1215,426,1193,0,3
1216,426,1194,0,3
1218,426,1240,3,0
1215,427,1193,0,3
1216,427,1194,0,3
1218,427,1240,3,0
1219,427,1197,0,3
1215,428,1193,0,3
1216,428,1194,0,3
1218,428,1240,3,0
1219,428,1197,0,3
1215,429,1193,0,3
1216,429,1194,0,3
1218,429,1240,3,0
1215,430,1193,0,3
1216,430,1194,0,3
1215,431,1193,0,3
1216,431,1194,0,3
1215,432,1193,0,3
1226,434,1248,3,0
1226,435,1248,3,0
1213,436,1235,3,0
1226,436,1248,3,0
1228,436,1250,3,0
1213,437,1235,3,0
1226,437,1248,3,0
1228,437,1250,3,0
1213,438,1235,3,0
1226,438,1248,3,0
1228,438,1250,3,0
1210,439,1188,0,2
1213,439,1235,3,0
1226,439,1248,3,0
1228,439,1250,3,0
1231,439,1209,0,3
1232,440,1210,0,2
1235,440,1257,3,0
1248,440,1270,3,0
1250,440,1272,3,0
1235,441,1257,3,0
1248,441,1270,3,0
1250,441,1272,3,0
1235,442,1257,3,0
1248,442,1270,3,0
1250,442,1272,3,0
1235,443,1257,3,0
1248,443,1270,3,0
1248,444,1270,3,0
1237,445,1215,0,3
1237,446,1215,0,3
1238,446,1216,0,3
1237,447,1215,0,3
1238,447,1216,0,3
1237,448,1215,0,3
1238,448,1216,0,3
1240,448,1262,3,0
1237,449,1215,0,3
1238,449,1216,0,3
1240,449,1262,3,0
1241,449,1219,0,3
1237,450,1215,0,3
1238,450,1216,0,3
1240,450,1262,3,0
1241,450,1219,0,3
1237,451,1215,0,3
1238,451,1216,0,3
1240,451,1262,3,0
1237,452,1215,0,3
1238,452,1216,0,3
1237,453,1215,0,3
1238,453,1216,0,3
1237,454,1215,0,3
1248,456,1270,3,0
1248,457,1270,3,0
1235,458,1257,3,0
1248,458,1270,3,0
1250,458,1272,3,0
1235,459,1257,3,0
1248,459,1270,3,0
1250,459,1272,3,0
1235,460,1257,3,0
1248,460,1270,3,0
1250,460,1272,3,0
1232,461,1210,0,2
1235,461,1257,3,0
1248,461,1270,3,0
1250,461,1272,3,0
1253,461,1231,0,3
1254,462,1232,0,2
1257,462,1279,3,0
1270,462,1292,3,0
1272,462,1294,3,0
1257,463,1279,3,0
1270,463,1292,3,0
1272,463,1294,3,0
1257,464,1279,3,0
1270,464,1292,3,0
1257,465,1279,3,0
1270,465,1292,3,0
1259,467,1237,0,3
1259,468,1237,0,3
1260,468,1238,0,3
1259,469,1237,0,3
1260,469,1238,0,3
1259,470,1237,0,3
1260,470,1238,0,3
1262,470,1284,3,0
1259,471,1237,0,3
1260,471,1238,0,3
1262,471,1284,3,0
1263,471,1241,0,3
1259,472,1237,0,3
1260,472,1238,0,3
1262,472,1284,3,0
1263,472,1241,0,3
1259,473,1237,0,3
1260,473,1238,0,3
1262,473,1284,3,0
1259,474,1237,0,3
1260,474,1238,0,3
1259,475,1237,0,3
1260,475,1238,0,3
1259,476,1237,0,3
1270,478,1292,3,0
1270,479,1292,3,0
1257,480,1279,3,0
1270,480,1292,3,0
1272,480,1294,3,0
1257,481,1279,3,0
1270,481,1292,3,0
1272,481,1294,3,0
1257,482,1279,3,0
1270,482,1292,3,0
1272,482,1294,3,0
1254,483,1232,0,2
1257,483,1279,3,0
1270,483,1292,3,0
1272,483,1294,3,0
1275,483,1253,0,3
1276,484,1254,0,2
1279,484,1301,3,0
1291,484,1313,3,0
1292,484,1314,3,0
1294,484,1316,3,0
1279,485,1301,3,0
1291,485,1313,3,0
1292,485,1314,3,0
1294,485,1316,3,0
1279,486,1301,3,0
1291,486,1313,3,0
1292,486,1314,3,0
1294,486,1316,3,0
1279,487,1301,3,0
1291,487,1313,3,0
1292,487,1314,3,0
1291,488,1313,3,0
1292,488,1314,3,0
1281,489,1259,0,3
1281,490,1259,0,3
1282,490,1260,0,3
1291,490,1313,3,0
1281,491,1259,0,3
1282,491,1260,0,3
1291,491,1313,3,0
1281,492,1259,0,3
1282,492,1260,0,3
1284,492,1306,3,0
1291,492,1313,3,0
1281,493,1259,0,3
1282,493,1260,0,3
1284,493,1306,3,0
1285,493,1263,0,3
1291,493,1313,3,0
1281,494,1259,0,3
1282,494,1260,0,3
1284,494,1306,3,0
1285,494,1263,0,3
1291,494,1313,3,0
1281,495,1259,0,3
1282,495,1260,0,3
1284,495,1306,3,0
1291,495,1313,3,0
1281,496,1259,0,3
1282,496,1260,0,3
1291,496,1313,3,0
1281,497,1259,0,3
1282,497,1260,0,3
1291,497,1313,3,0
1281,498,1259,0,3
1291,498,1313,3,0
1291,499,1313,3,0
1291,500,1313,3,0
1292,500,1314,3,0
1291,501,1313,3,0
1292,501,1314,3,0
1279,502,1301,3,0
1291,502,1313,3,0
1292,502,1314,3,0
1294,502,1316,3,0
1279,503,1301,3,0
1291,503,1313,3,0
1292,503,1314,3,0
1294,503,1316,3,0
1279,504,1301,3,0
1291,504,1313,3,0
1292,504,1314,3,0
1294,504,1316,3,0
1276,505,1254,0,2
1279,505,1301,3,0
1291,505,1313,3,0
1292,505,1314,3,0
1294,505,1316,3,0
1297,505,1275,0,3
1298,506,1276,0,2
1301,506,1323,3,0
1316,506,1338,3,0
1301,507,1323,3,0
1316,507,1338,3,0
1301,508,1323,3,0
1301,509,1323,3,0
1303,511,1281,0,3
1303,512,1281,0,3
1304,512,1282,0,3
1303,513,1281,0,3
1304,513,1282,0,3
1303,514,1281,0,3
1304,514,1282,0,3
1306,514,1328,3,0
1303,515,1281,0,3
1304,515,1282,0,3
1306,515,1328,3,0
1307,515,1285,0,3
1303,516,1281,0,3
1304,516,1282,0,3
1306,516,1328,3,0
1307,516,1285,0,3
1303,517,1281,0,3
1304,517,1282,0,3
1306,517,1328,3,0
1303,518,1281,0,3
1304,518,1282,0,3
1303,519,1281,0,3
1304,519,1282,0,3
1303,520,1281,0,3
1301,524,1323,3,0
1316,524,1338,3,0
1301,525,1323,3,0
1316,525,1338,3,0
1301,526,1323,3,0
1316,526,1338,3,0
1298,527,1276,0,2
1301,527,1323,3,0
1316,527,1338,3,0
1319,527,1297,0,3
1320,528,1298,0,2
1323,528,1345,3,0
1336,528,1358,3,0
1338,528,1360,3,0
1323,529,1345,3,0
1336,529,1358,3,0
1338,529,1360,3,0
1323,530,1345,3,0
1336,530,1358,3,0
1338,530,1360,3,0
1323,531,1345,3,0
1336,531,1358,3,0
1336,532,1358,3,0
1325,533,1303,0,3
1325,534,1303,0,3
1326,534,1304,0,3
1325,535,1303,0,3
1326,535,1304,0,3
1325,536,1303,0,3
1326,536,1304,0,3
1328,536,1350,3,0
1325,537,1303,0,3
1326,537,1304,0,3
1328,537,1350,3,0
1329,537,1307,0,3
1325,538,1303,0,3
1326,538,1304,0,3
1328,538,1350,3,0
1329,538,1307,0,3
1325,539,1303,0,3
1326,539,1304,0,3
1328,539,1350,3,0
1325,540,1303,0,3
1326,540,1304,0,3
1325,541,1303,0,3
1326,541,1304,0,3
1325,542,1303,0,3
1336,544,1358,3,0
1336,545,1358,3,0
1323,546,1345,3,0
1336,546,1358,3,0
1338,546,1360,3,0
1323,547,1345,3,0
1336,547,1358,3,0
1338,547,1360,3,0
1323,548,1345,3,0
1336,548,1358,3,0
1338,548,1360,3,0
1320,549,1298,0,2
1323,549,1345,3,0
1336,549,1358,3,0
1338,549,1360,3,0
1341,549,1319,0,3
1342,550,1320,0,2
1345,550,1367,3,0
1360,550,1382,3,0
1345,551,1367,3,0
1360,551,1382,3,0
1345,552,1367,3,0
1345,553,1367,3,0
1347,555,1325,0,3
1347,556,1325,0,3
1348,556,1326,0,3
1347,557,1325,0,3
1348,557,1326,0,3
1347,558,1325,0,3
1348,558,1326,0,3
1350,558,1372,3,0
1347,559,1325,0,3
1348,559,1326,0,3
1350,559,1372,3,0
1351,559,1329,0,3
1347,560,1325,0,3
1348,560,1326,0,3
1350,560,1372,3,0
1351,560,1329,0,3
1347,561,1325,0,3
1348,561,1326,0,3
1350,561,1372,3,0
1347,562,1325,0,3
1348,562,1326,0,3
1347,563,1325,0,3
1348,563,1326,0,3
1347,564,1325,0,3
1345,568,1367,3,0
1360,568,1382,3,0
1345,569,1367,3,0
1360,569,1382,3,0
1345,570,1367,3,0
1360,570,1382,3,0
1342,571,1320,0,2
1345,571,1367,3,0
1360,571,1382,3,0
1363,571,1341,0,3
1364,572,1342,0,2
1367,572,1389,3,0
1379,572,1401,3,0
1382,572,1404,3,0
1367,573,1389,3,0
1379,573,1401,3,0
1382,573,1404,3,0
1367,574,1389,3,0
1379,574,1401,3,0
1382,574,1404,3,0
1367,575,1389,3,0
1379,575,1401,3,0
1379,576,1401,3,0
1369,577,1347,0,3
1369,578,1347,0,3
1370,578,1348,0,3
1379,578,1401,3,0
1369,579,1347,0,3
1370,579,1348,0,3
1379,579,1401,3,0
1369,580,1347,0,3
1370,580,1348,0,3
1372,580,1394,3,0
1379,580,1401,3,0
1369,581,1347,0,3
1370,581,1348,0,3
1372,581,1394,3,0
1373,581,1351,0,3
1379,581,1401,3,0
1369,582,1347,0,3
1370,582,1348,0,3
1372,582,1394,3,0
1373,582,1351,0,3
1379,582,1401,3,0
1369,583,1347,0,3
1370,583,1348,0,3
1372,583,1394,3,0
1379,583,1401,3,0
1369,584,1347,0,3
1370,584,1348,0,3
1379,584,1401,3,0
1369,585,1347,0,3
1370,585,1348,0,3
1379,585,1401,3,0
1369,586,1347,0,3
1379,586,1401,3,0
1379,587,1401,3,0
1379,588,1401,3,0
1379,589,1401,3,0
1367,590,1389,3,0
1379,590,1401,3,0
1382,590,1404,3,0
1367,591,1389,3,0
1379,591,1401,3,0
1382,591,1404,3,0
1367,592,1389,3,0
1379,592,1401,3,0
1382,592,1404,3,0
1364,593,1342,0,2
1367,593,1389,3,0
1379,593,1401,3,0
1382,593,1404,3,0
1385,593,1363,0,3
1386,594,1364,0,2
1389,594,1411,3,0
1401,594,1423,3,0
1404,594,1426,3,0
1389,595,1411,3,0
1401,595,1423,3,0
1404,595,1426,3,0
1389,596,1411,3,0
1401,596,1423,3,0
1389,597,1411,3,0
1401,597,1423,3,0
1391,599,1369,0,3
1401,599,1423,3,0
1391,600,1369,0,3
1392,600,1370,0,3
1401,600,1423,3,0
1391,601,1369,0,3
1392,601,1370,0,3
1401,601,1423,3,0
1391,602,1369,0,3
1392,602,1370,0,3
1394,602,1416,3,0
1401,602,1423,3,0
1391,603,1369,0,3
1392,603,1370,0,3
1394,603,1416,3,0
1395,603,1373,0,3
1401,603,1423,3,0
1391,604,1369,0,3
1392,604,1370,0,3
1394,604,1416,3,0
1395,604,1373,0,3
1401,604,1423,3,0
1391,605,1369,0,3
1392,605,1370,0,3
1394,605,1416,3,0
1401,605,1423,3,0
1391,606,1369,0,3
1392,606,1370,0,3
1401,606,1423,3,0
1391,607,1369,0,3
1392,607,1370,0,3
1401,607,1423,3,0
1391,608,1369,0,3
1401,608,1423,3,0
1401,609,1423,3,0
1401,610,1423,3,0
1401,611,1423,3,0
1389,612,1411,3,0
1401,612,1423,3,0
1404,612,1426,3,0
1389,613,1411,3,0
1401,613,1423,3,0
1404,613,1426,3,0
1389,614,1411,3,0
1401,614,1423,3,0
1404,614,1426,3,0
1386,615,1364,0,2
1389,615,1411,3,0
1401,615,1423,3,0
1404,615,1426,3,0
1408,616,1386,0,2
1411,616,1433,3,0
1412,616,1390,0,3
1423,616,1445,3,0
1426,616,1448,3,0
1411,617,1433,3,0
1412,617,1390,0,3
1423,617,1445,3,0
1426,617,1448,3,0
1411,618,1433,3,0
1412,618,1390,0,3
1423,618,1445,3,0
1426,618,1448,3,0
1411,619,1433,3,0
1412,619,1390,0,3
1423,619,1445,3,0
1412,620,1390,0,3
1423,620,1445,3,0
1412,621,1390,0,3
1413,621,1391,0,3
1412,622,1390,0,3
1413,622,1391,0,3
1414,622,1392,0,3
1423,622,1445,3,0
1412,623,1390,0,3
1413,623,1391,0,3
1414,623,1392,0,3
1422,623,1444,3,0
1423,623,1445,3,0
1412,624,1390,0,3
1413,624,1391,0,3
1414,624,1392,0,3
1422,624,1444,3,0
1423,624,1445,3,0
1412,625,1390,0,3
1413,625,1391,0,3
1414,625,1392,0,3
1417,625,1395,0,3
1422,625,1444,3,0
1423,625,1445,3,0
1412,626,1390,0,3
1413,626,1391,0,3
1414,626,1392,0,3
1417,626,1395,0,3
1422,626,1444,3,0
1423,626,1445,3,0
1412,627,1390,0,3
1413,627,1391,0,3
1414,627,1392,0,3
1422,627,1444,3,0
1423,627,1445,3,0
1412,628,1390,0,3
1413,628,1391,0,3
1414,628,1392,0,3
1422,628,1444,3,0
1423,628,1445,3,0
1412,629,1390,0,3
1413,629,1391,0,3
1414,629,1392,0,3
1422,629,1444,3,0
1423,629,1445,3,0
1412,630,1390,0,3
1413,630,1391,0,3
1422,630,1444,3,0
1423,630,1445,3,0
1423,631,1445,3,0
1423,632,1445,3,0
1412,633,1390,0,3
1423,633,1445,3,0
1411,634,1433,3,0
1412,634,1390,0,3
1423,634,1445,3,0
1426,634,1448,3,0
1411,635,1433,3,0
1412,635,1390,0,3
1423,635,1445,3,0
1426,635,1448,3,0
1411,636,1433,3,0
1412,636,1390,0,3
1423,636,1445,3,0
1426,636,1448,3,0
1408,637,1386,0,2
1411,637,1433,3,0
1412,637,1390,0,3
1423,637,1445,3,0
1426,637,1448,3,0
1430,638,1408,0,2
1433,638,1455,3,0
1434,638,1412,0,3
1445,638,1467,3,0
1448,638,1470,3,0
1433,639,1455,3,0
1434,639,1412,0,3
1445,639,1467,3,0
1448,639,1470,3,0
1433,640,1455,3,0
1434,640,1412,0,3
1445,640,1467,3,0
1433,641,1455,3,0
1434,641,1412,0,3
1445,641,1467,3,0
1434,642,1412,0,3
1434,643,1412,0,3
1445,643,1467,3,0
1434,644,1412,0,3
1436,644,1414,0,3
1444,644,1466,3,0
1445,644,1467,3,0
1434,645,1412,0,3
1436,645,1414,0,3
1443,645,1421,0,3
1444,645,1466,3,0
1445,645,1467,3,0
1434,646,1412,0,3
1436,646,1414,0,3
1443,646,1421,0,3
1444,646,1466,3,0
1445,646,1467,3,0
1434,647,1412,0,3
1436,647,1414,0,3
1439,647,1417,0,3
1443,647,1421,0,3
1444,647,1466,3,0
1445,647,1467,3,0
1434,648,1412,0,3
1436,648,1414,0,3
1439,648,1417,0,3
1443,648,1421,0,3
1444,648,1466,3,0
1445,648,1467,3,0
1434,649,1412,0,3
1436,649,1414,0,3
1443,649,1421,0,3
1444,649,1466,3,0
1445,649,1467,3,0
1434,650,1412,0,3
1436,650,1414,0,3
1443,650,1421,0,3
1444,650,1466,3,0
1445,650,1467,3,0
1434,651,1412,0,3
1436,651,1414,0,3
1443,651,1421,0,3
1444,651,1466,3,0
1445,651,1467,3,0
1434,652,1412,0,3
1444,652,1466,3,0
1445,652,1467,3,0
1445,653,1467,3,0
1445,654,1467,3,0
1434,655,1412,0,3
1445,655,1467,3,0
1433,656,1455,3,0
1434,656,1412,0,3
1445,656,1467,3,0
1448,656,1470,3,0
1433,657,1455,3,0
1434,657,1412,0,3
1445,657,1467,3,0
1448,657,1470,3,0
1433,658,1455,3,0
1434,658,1412,0,3
1445,658,1467,3,0
1448,658,1470,3,0
1430,659,1408,0,2
1433,659,1455,3,0
1434,659,1412,0,3
1445,659,1467,3,0
1448,659,1470,3,0
1452,660,1430,0,2
1454,660,1476,3,0
1455,660,1433,0,3
1470,660,1492,3,0
1454,661,1476,3,0
1455,661,1433,0,3
1470,661,1492,3,0
1454,662,1476,3,0
1455,662,1433,0,3
1470,662,1492,3,0
1455,663,1433,0,3
1458,666,1436,0,3
1458,667,1436,0,3
1465,667,1443,0,3
1466,667,1488,3,0
1458,668,1436,0,3
1465,668,1443,0,3
1466,668,1488,3,0
1458,669,1436,0,3
1461,669,1439,0,3
1465,669,1443,0,3
1466,669,1488,3,0
1458,670,1436,0,3
1461,670,1439,0,3
1462,670,1440,0,3
1465,670,1443,0,3
1466,670,1488,3,0
1458,671,1436,0,3
1465,671,1443,0,3
1466,671,1488,3,0
1458,672,1436,0,3
1465,672,1443,0,3
1466,672,1488,3,0
1458,673,1436,0,3
1465,673,1443,0,3
1466,673,1488,3,0
1466,674,1488,3,0
1455,678,1433,0,3
1470,678,1492,3,0
1454,679,1476,3,0
1455,679,1433,0,3
1470,679,1492,3,0
1454,680,1476,3,0
1455,680,1433,0,3
1470,680,1492,3,0
1452,681,1430,0,2
1454,681,1476,3,0
1455,681,1433,0,3
1470,681,1492,3,0
1474,682,1452,0,2
1476,682,1498,3,0
1477,682,1455,0,3
1491,682,1513,3,0
1492,682,1514,3,0
1476,683,1498,3,0
1477,683,1455,0,3
1491,683,1513,3,0
1492,683,1514,3,0
1476,684,1498,3,0
1477,684,1455,0,3
1491,684,1513,3,0
1477,685,1455,0,3
1488,688,1510,3,0
1487,689,1465,0,3
1488,689,1510,3,0
1482,690,1504,3,0
1487,690,1465,0,3
1488,690,1510,3,0
1482,691,1504,3,0
1483,691,1461,0,3
1487,691,1465,0,3
1488,691,1510,3,0
1482,692,1504,3,0
1483,692,1461,0,3
1484,692,1462,0,3
1487,692,1465,0,3
1488,692,1510,3,0
1482,693,1504,3,0
1487,693,1465,0,3
1488,693,1510,3,0
1487,694,1465,0,3
1488,694,1510,3,0
1487,695,1465,0,3
1488,695,1510,3,0
1488,696,1510,3,0
1491,699,1513,3,0
1477,700,1455,0,3
1491,700,1513,3,0
1492,700,1514,3,0
1476,701,1498,3,0
1477,701,1455,0,3
1491,701,1513,3,0
1492,701,1514,3,0
1476,702,1498,3,0
1477,702,1455,0,3
1491,702,1513,3,0
1492,702,1514,3,0
1474,703,1452,0,2
1476,703,1498,3,0
1477,703,1455,0,3
1491,703,1513,3,0
1492,703,1514,3,0
1496,704,1474,0,2
1498,704,1520,3,0
1513,704,1535,3,0
1514,704,1536,3,0
1498,705,1520,3,0
1513,705,1535,3,0
1514,705,1536,3,0
1498,706,1520,3,0
1513,706,1535,3,0
1514,706,1536,3,0
1513,707,1535,3,0
1501,709,1523,3,0
1501,710,1523,3,0
1501,711,1523,3,0
1509,711,1487,0,3
1501,712,1523,3,0
1509,712,1487,0,3
1501,713,1523,3,0
1505,713,1483,0,3
1509,713,1487,0,3
1501,714,1523,3,0
1505,714,1483,0,3
1509,714,1487,0,3
1501,715,1523,3,0
1509,715,1487,0,3
1501,716,1523,3,0
1509,716,1487,0,3
1501,717,1523,3,0
1509,717,1487,0,3
1501,718,1523,3,0
1513,721,1535,3,0
1513,722,1535,3,0
1514,722,1536,3,0
1498,723,1520,3,0
1513,723,1535,3,0
1514,723,1536,3,0
1498,724,1520,3,0
1513,724,1535,3,0
1514,724,1536,3,0
1496,725,1474,0,2
1498,725,1520,3,0
1513,725,1535,3,0
1514,725,1536,3,0
1520,726,1542,3,0
1522,726,1500,0,3
1535,726,1557,3,0
1536,726,1558,3,0
1537,726,1559,3,0
1520,727,1542,3,0
1522,727,1500,0,3
1535,727,1557,3,0
1536,727,1558,3,0
1520,728,1542,3,0
1522,728,1500,0,3
1535,728,1557,3,0
1522,729,1500,0,3
1522,730,1500,0,3
1522,731,1500,0,3
1522,732,1500,0,3
1522,733,1500,0,3
1522,734,1500,0,3
1530,734,1552,3,0
1522,735,1500,0,3
1530,735,1552,3,0
1522,736,1500,0,3
1530,736,1552,3,0
1522,737,1500,0,3
1530,737,1552,3,0
1522,738,1500,0,3
1530,738,1552,3,0
1522,739,1500,0,3
1522,740,1500,0,3
1522,743,1500,0,3
1535,743,1557,3,0
1522,744,1500,0,3
1535,744,1557,3,0
1536,744,1558,3,0
1520,745,1542,3,0
1522,745,1500,0,3
1535,745,1557,3,0
1536,745,1558,3,0
1537,745,1559,3,0
1520,746,1542,3,0
1522,746,1500,0,3
1535,746,1557,3,0
1536,746,1558,3,0
1537,746,1559,3,0
1520,747,1542,3,0
1522,747,1500,0,3
1535,747,1557,3,0
1536,747,1558,3,0
1537,747,1559,3,0
1539,747,1517,0,3
1542,748,1564,3,0
1544,748,1522,0,3
1557,748,1579,3,0
1558,748,1580,3,0
1559,748,1581,3,0
1542,749,1564,3,0
1544,749,1522,0,3
1557,749,1579,3,0
1558,749,1580,3,0
1559,749,1581,3,0
1542,750,1564,3,0
1544,750,1522,0,3
1557,750,1579,3,0
1558,750,1580,3,0
1544,751,1522,0,3
1557,751,1579,3,0
1544,752,1522,0,3
1544,753,1522,0,3
1544,754,1522,0,3
1546,754,1568,3,0
1544,755,1522,0,3
1546,755,1568,3,0
1544,756,1522,0,3
1546,756,1568,3,0
1548,756,1570,3,0
1544,757,1522,0,3
1546,757,1568,3,0
1548,757,1570,3,0
1549,757,1527,0,3
1551,757,1573,3,0
1544,758,1522,0,3
1546,758,1568,3,0
1548,758,1570,3,0
1549,758,1527,0,3
1551,758,1573,3,0
1544,759,1522,0,3
1546,759,1568,3,0
1548,759,1570,3,0
1551,759,1573,3,0
1544,760,1522,0,3
1546,760,1568,3,0
1544,761,1522,0,3
1546,761,1568,3,0
1544,762,1522,0,3
1544,765,1522,0,3
1557,765,1579,3,0
1544,766,1522,0,3
1557,766,1579,3,0
1558,766,1580,3,0
1542,767,1564,3,0
1544,767,1522,0,3
1557,767,1579,3,0
1558,767,1580,3,0
1559,767,1581,3,0
1542,768,1564,3,0
1544,768,1522,0,3
1557,768,1579,3,0
1558,768,1580,3,0
1559,768,1581,3,0
1542,769,1564,3,0
1544,769,1522,0,3
1557,769,1579,3,0
1558,769,1580,3,0
1559,769,1581,3,0
1561,769,1539,0,3
1562,770,1540,0,2
1564,770,2,3,3
1566,770,1544,0,3
1577,770,1555,0,3
1579,770,17,3,3
1580,770,18,3,3
1581,770,19,3,3
1564,771,2,3,3
1566,771,1544,0,3
1577,771,1555,0,3
1579,771,17,3,3
1580,771,18,3,3
1564,772,2,3,3
1566,772,1544,0,3
1577,772,1555,0,3
1579,772,17,3,3
1566,773,1544,0,3
1577,773,1555,0,3
1566,774,1544,0,3
1566,775,1544,0,3
1577,775,1555,0,3
1566,776,1544,0,3
1568,776,6,3,3
1576,776,1554,0,3
1577,776,1555,0,3
1566,777,1544,0,3
1568,777,6,3,3
1576,777,1554,0,3
1577,777,1555,0,3
1566,778,1544,0,3
1568,778,6,3,3
1570,778,8,3,3
1574,778,12,3,3
1576,778,1554,0,3
1577,778,1555,0,3
1566,779,1544,0,3
1568,779,6,3,3
1570,779,8,3,3
1571,779,1549,0,3
1573,779,11,3,3
1574,779,12,3,3
1576,779,1554,0,3
1577,779,1555,0,3
1566,780,1544,0,3
1568,780,6,3,3
1570,780,8,3,3
1571,780,1549,0,3
1573,780,11,3,3
1574,780,12,3,3
1576,780,1554,0,3
1577,780,1555,0,3
1566,781,1544,0,3
1568,781,6,3,3
1570,781,8,3,3
1573,781,11,3,3
1574,781,12,3,3
1576,781,1554,0,3
1577,781,1555,0,3
1566,782,1544,0,3
1568,782,6,3,3
1574,782,12,3,3
1576,782,1554,0,3
1577,782,1555,0,3
1566,783,1544,0,3
1568,783,6,3,3
1576,783,1554,0,3
1577,783,1555,0,3
1566,784,1544,0,3
1576,784,1554,0,3
1577,784,1555,0,3
1577,785,1555,0,3
1577,786,1555,0,3
1566,787,1544,0,3
1577,787,1555,0,3
1579,787,17,3,3
1566,788,1544,0,3
1577,788,1555,0,3
1579,788,17,3,3
1580,788,18,3,3
1564,789,2,3,3
1566,789,1544,0,3
1577,789,1555,0,3
1579,789,17,3,3
1580,789,18,3,3
1581,789,19,3,3
1564,790,2,3,3
1566,790,1544,0,3
1577,790,1555,0,3
1579,790,17,3,3
1580,790,18,3,3
1581,790,19,3,3
1562,791,1540,0,2
1564,791,2,3,3
1566,791,1544,0,3
1577,791,1555,0,3
1579,791,17,3,3
1580,791,18,3,3
1581,791,19,3,3
1583,791,1561,0,3
2,792,24,2,0
4,792,1566,3,3
15,792,1577,3,3
17,792,39,2,0
18,792,40,2,0
19,792,41,2,0
20,792,42,2,0
2,793,24,2,0
4,793,1566,3,3
15,793,1577,3,3
17,793,39,2,0
18,793,40,2,0
19,793,41,2,0
2,794,24,2,0
4,794,1566,3,3
15,794,1577,3,3
17,794,39,2,0
18,794,40,2,0
4,795,1566,3,3
15,795,1577,3,3
17,795,39,2,0
4,796,1566,3,3
15,796,1577,3,3
4,797,1566,3,3
4,798,1566,3,3
6,798,28,2,0
15,798,1577,3,3
4,799,1566,3,3
6,799,28,2,0
15,799,1577,3,3
4,800,1566,3,3
6,800,28,2,0
8,800,30,2,0
15,800,1577,3,3
4,801,1566,3,3
6,801,28,2,0
8,801,30,2,0
9,801,1571,3,3
15,801,1577,3,3
4,802,1566,3,3
6,802,28,2,0
8,802,30,2,0
9,802,1571,3,3
15,802,1577,3,3
4,803,1566,3,3
6,803,28,2,0
8,803,30,2,0
15,803,1577,3,3
4,804,1566,3,3
6,804,28,2,0
15,804,1577,3,3
4,805,1566,3,3
6,805,28,2,0
15,805,1577,3,3
4,806,1566,3,3
15,806,1577,3,3
15,807,1577,3,3
15,808,1577,3,3
4,809,1566,3,3
15,809,1577,3,3
17,809,39,2,0
4,810,1566,3,3
15,810,1577,3,3
17,810,39,2,0
18,810,40,2,0
2,811,24,2,0
4,811,1566,3,3
15,811,1577,3,3
17,811,39,2,0
18,811,40,2,0
19,811,41,2,0
2,812,24,2,0
4,812,1566,3,3
15,812,1577,3,3
17,812,39,2,0
18,812,40,2,0
19,812,41,2,0
20,812,42,2,0
2,813,24,2,0
4,813,1566,3,3
15,813,1577,3,3
17,813,39,2,0
18,813,40,2,0
19,813,41,2,0
20,813,42,2,0
21,813,1583,3,3
24,814,46,3,0
26,814,4,0,2
37,814,15,0,2
39,814,61,3,0
40,814,62,3,0
41,814,63,3,0
24,815,46,3,0
26,815,4,0,2
37,815,15,0,2
39,815,61,3,0
40,815,62,3,0
24,816,46,3,0
26,816,4,0,2
37,816,15,0,2
39,816,61,3,0
26,817,4,0,2
37,817,15,0,2
26,818,4,0,2
26,819,4,0,2
37,819,15,0,2
26,820,4,0,2
28,820,50,3,0
37,820,15,0,2
26,821,4,0,2
28,821,50,3,0
37,821,15,0,2
26,822,4,0,2
28,822,50,3,0
37,822,15,0,2
26,823,4,0,2
28,823,50,3,0
31,823,9,0,2
33,823,11,0,2
37,823,15,0,2
26,824,4,0,2
28,824,50,3,0
31,824,9,0,2
33,824,11,0,2
37,824,15,0,2
26,825,4,0,2
28,825,50,3,0
33,825,11,0,2
37,825,15,0,2
26,826,4,0,2
28,826,50,3,0
37,826,15,0,2
26,827,4,0,2
28,827,50,3,0
37,827,15,0,2
26,828,4,0,2
37,828,15,0,2
37,829,15,0,2
37,830,15,0,2
26,831,4,0,2
37,831,15,0,2
39,831,61,3,0
26,832,4,0,2
37,832,15,0,2
39,832,61,3,0
40,832,62,3,0
24,833,46,3,0
26,833,4,0,2
37,833,15,0,2
39,833,61,3,0
40,833,62,3,0
41,833,63,3,0
24,834,46,3,0
26,834,4,0,2
37,834,15,0,2
39,834,61,3,0
40,834,62,3,0
41,834,63,3,0
24,835,46,3,0
26,835,4,0,2
37,835,15,0,2
39,835,61,3,0
40,835,62,3,0
41,835,63,3,0
43,835,21,0,2
46,836,68,3,0
59,836,37,0,3
61,836,83,3,0
62,836,84,3,0
63,836,85,3,0
46,837,68,3,0
59,837,37,0,3
61,837,83,3,0
62,837,84,3,0
63,837,85,3,0
46,838,68,3,0
59,838,37,0,3
61,838,83,3,0
62,838,84,3,0
59,839,37,0,3
61,839,83,3,0
59,840,37,0,3
59,842,37,0,3
59,843,37,0,3
56,844,34,0,3
59,844,37,0,3
53,845,31,0,3
55,845,33,0,3
56,845,34,0,3
59,845,37,0,3
53,846,31,0,3
55,846,33,0,3
56,846,34,0,3
59,846,37,0,3
55,847,33,0,3
56,847,34,0,3
59,847,37,0,3
56,848,34,0,3
59,848,37,0,3
59,849,37,0,3
59,850,37,0,3
59,851,37,0,3
59,852,37,0,3
59,853,37,0,3
61,853,83,3,0
59,854,37,0,3
61,854,83,3,0
62,854,84,3,0
46,855,68,3,0
59,855,37,0,3
61,855,83,3,0
62,855,84,3,0
63,855,85,3,0
46,856,68,3,0
59,856,37,0,3
61,856,83,3,0
62,856,84,3,0
63,856,85,3,0
46,857,68,3,0
59,857,37,0,3
61,857,83,3,0
62,857,84,3,0
63,857,85,3,0
65,857,43,0,3
68,858,90,3,0
81,858,59,0,3
83,858,105,3,0
84,858,106,3,0
85,858,107,3,0
68,859,90,3,0
81,859,59,0,3
83,859,105,3,0
84,859,106,3,0
68,860,90,3,0
81,860,59,0,3
83,860,105,3,0
81,861,59,0,3
81,863,59,0,3
72,864,94,3,0
81,864,59,0,3
72,865,94,3,0
81,865,59,0,3
72,866,94,3,0
78,866,56,0,3
81,866,59,0,3
72,867,94,3,0
75,867,53,0,3
77,867,55,0,3
78,867,56,0,3
81,867,59,0,3
72,868,94,3,0
75,868,53,0,3
77,868,55,0,3
78,868,56,0,3
81,868,59,0,3
72,869,94,3,0
77,869,55,0,3
78,869,56,0,3
81,869,59,0,3
72,870,94,3,0
78,870,56,0,3
81,870,59,0,3
72,871,94,3,0
81,871,59,0,3
81,872,59,0,3
81,873,59,0,3
81,874,59,0,3
81,875,59,0,3
83,875,105,3,0
81,876,59,0,3
83,876,105,3,0
84,876,106,3,0
68,877,90,3,0
81,877,59,0,3
83,877,105,3,0
84,877,106,3,0
85,877,107,3,0
68,878,90,3,0
81,878,59,0,3
83,878,105,3,0
84,878,106,3,0
85,878,107,3,0
86,878,108,3,0
68,879,90,3,0
81,879,59,0,3
83,879,105,3,0
84,879,106,3,0
85,879,107,3,0
86,879,108,3,0
87,879,65,0,3
88,880,110,2,0
90,880,112,3,0
103,880,81,0,3
105,880,127,3,0
106,880,128,3,0
108,880,130,3,0
90,881,112,3,0
103,881,81,0,3
105,881,127,3,0
106,881,128,3,0
90,882,112,3,0
103,882,81,0,3
105,882,127,3,0
106,882,128,3,0
103,883,81,0,3
105,883,127,3,0
103,884,81,0,3
94,886,116,3,0
103,886,81,0,3
94,887,116,3,0
103,887,81,0,3
94,888,116,3,0
100,888,78,0,3
103,888,81,0,3
94,889,116,3,0
97,889,75,0,3
100,889,78,0,3
103,889,81,0,3
94,890,116,3,0
97,890,75,0,3
100,890,78,0,3
103,890,81,0,3
94,891,116,3,0
100,891,78,0,3
103,891,81,0,3
94,892,116,3,0
100,892,78,0,3
103,892,81,0,3
94,893,116,3,0
103,893,81,0,3
103,894,81,0,3
103,895,81,0,3
103,896,81,0,3
103,897,81,0,3
105,897,127,3,0
103,898,81,0,3
105,898,127,3,0
106,898,128,3,0
90,899,112,3,0
103,899,81,0,3
105,899,127,3,0
106,899,128,3,0
90,900,112,3,0
103,900,81,0,3
105,900,127,3,0
106,900,128,3,0
108,900,130,3,0
88,901,110,2,0
90,901,112,3,0
103,901,81,0,3
105,901,127,3,0
106,901,128,3,0
108,901,130,3,0
112,902,134,3,0
125,902,103,0,3
127,902,149,3,0
128,902,150,3,0
112,903,134,3,0
125,903,103,0,3
127,903,149,3,0
128,903,150,3,0
112,904,134,3,0
125,904,103,0,3
127,904,149,3,0
125,905,103,0,3
125,907,103,0,3
116,908,138,3,0
125,908,103,0,3
116,909,138,3,0
117,909,139,3,0
125,909,103,0,3
116,910,138,3,0
117,910,139,3,0
122,910,100,0,3
125,910,103,0,3
116,911,138,3,0
117,911,139,3,0
119,911,97,0,3
122,911,100,0,3
125,911,103,0,3
116,912,138,3,0
117,912,139,3,0
119,912,97,0,3
122,912,100,0,3
125,912,103,0,3
116,913,138,3,0
117,913,139,3,0
122,913,100,0,3
125,913,103,0,3
116,914,138,3,0
117,914,139,3,0
122,914,100,0,3
125,914,103,0,3
116,915,138,3,0
125,915,103,0,3
125,916,103,0,3
125,917,103,0,3
125,918,103,0,3
125,919,103,0,3
127,919,149,3,0
125,920,103,0,3
127,920,149,3,0
128,920,150,3,0
112,921,134,3,0
125,921,103,0,3
127,921,149,3,0
128,921,150,3,0
112,922,134,3,0
125,922,103,0,3
127,922,149,3,0
128,922,150,3,0
130,922,152,3,0
112,923,134,3,0
125,923,103,0,3
127,923,149,3,0
128,923,150,3,0
130,923,152,3,0
132,924,154,2,0
133,924,111,0,3
134,924,156,3,0
147,924,125,0,3
149,924,171,3,0
150,924,172,3,0
152,924,174,3,0
133,925,111,0,3
134,925,156,3,0
147,925,125,0,3
149,925,171,3,0
150,925,172,3,0
134,926,156,3,0
147,926,125,0,3
149,926,171,3,0
150,926,172,3,0
147,927,125,0,3
149,927,171,3,0
147,928,125,0,3
138,930,160,3,0
147,930,125,0,3
138,931,160,3,0
139,931,161,3,0
147,931,125,0,3
138,932,160,3,0
139,932,161,3,0
140,932,118,0,3
144,932,122,0,3
147,932,125,0,3
138,933,160,3,0
139,933,161,3,0
140,933,118,0,3
141,933,119,0,3
144,933,122,0,3
147,933,125,0,3
138,934,160,3,0
139,934,161,3,0
140,934,118,0,3
141,934,119,0,3
144,934,122,0,3
147,934,125,0,3
138,935,160,3,0
139,935,161,3,0
140,935,118,0,3
144,935,122,0,3
147,935,125,0,3
138,936,160,3,0
139,936,161,3,0
144,936,122,0,3
147,936,125,0,3
138,937,160,3,0
147,937,125,0,3
147,938,125,0,3
147,939,125,0,3
147,940,125,0,3
147,941,125,0,3
149,941,171,3,0
147,942,125,0,3
149,942,171,3,0
150,942,172,3,0
134,943,156,3,0
147,943,125,0,3
149,943,171,3,0
150,943,172,3,0
133,944,111,0,3
134,944,156,3,0
147,944,125,0,3
149,944,171,3,0
150,944,172,3,0
152,944,174,3,0
132,945,154,2,0
133,945,111,0,3
134,945,156,3,0
147,945,125,0,3
149,945,171,3,0
150,945,172,3,0
152,945,174,3,0
153,945,175,3,0
154,946,176,2,0
155,946,133,0,3
169,946,147,0,3
171,946,193,3,0
172,946,194,3,0
155,947,133,0,3
169,947,147,0,3
171,947,193,3,0
172,947,194,3,0
169,948,147,0,3
171,948,193,3,0
169,949,147,0,3
169,951,147,0,3
160,952,182,3,0
168,952,146,0,3
169,952,147,0,3
160,953,182,3,0
161,953,183,3,0
168,953,146,0,3
169,953,147,0,3
160,954,182,3,0
161,954,183,3,0
162,954,140,0,3
168,954,146,0,3
169,954,147,0,3
160,955,182,3,0
161,955,183,3,0
162,955,140,0,3
163,955,141,0,3
168,955,146,0,3
169,955,147,0,3
160,956,182,3,0
161,956,183,3,0
162,956,140,0,3
163,956,141,0,3
168,956,146,0,3
169,956,147,0,3
160,957,182,3,0
161,957,183,3,0
162,957,140,0,3
168,957,146,0,3
169,957,147,0,3
160,958,182,3,0
161,958,183,3,0
168,958,146,0,3
169,958,147,0,3
160,959,182,3,0
168,959,146,0,3
169,959,147,0,3
168,960,146,0,3
169,960,147,0,3
169,961,147,0,3
169,962,147,0,3
169,963,147,0,3
171,963,193,3,0
169,964,147,0,3
171,964,193,3,0
172,964,194,3,0
169,965,147,0,3
171,965,193,3,0
172,965,194,3,0
155,966,133,0,3
169,966,147,0,3
171,966,193,3,0
172,966,194,3,0
174,966,196,3,0
154,967,176,2,0
155,967,133,0,3
169,967,147,0,3
171,967,193,3,0
172,967,194,3,0
174,967,196,3,0
175,967,197,3,0
176,968,198,2,0
177,968,155,0,3
191,968,169,0,3
196,968,218,3,0
177,969,155,0,3
191,969,169,0,3
191,970,169,0,3
191,971,169,0,3
191,972,169,0,3
182,974,204,3,0
191,974,169,0,3
182,975,204,3,0
190,975,168,0,3
191,975,169,0,3
182,976,204,3,0
184,976,162,0,3
190,976,168,0,3
191,976,169,0,3
182,977,204,3,0
184,977,162,0,3
185,977,163,0,3
190,977,168,0,3
191,977,169,0,3
182,978,204,3,0
184,978,162,0,3
185,978,163,0,3
190,978,168,0,3
191,978,169,0,3
182,979,204,3,0
184,979,162,0,3
190,979,168,0,3
191,979,169,0,3
182,980,204,3,0
190,980,168,0,3
191,980,169,0,3
182,981,204,3,0
190,981,168,0,3
191,981,169,0,3
190,982,168,0,3
191,982,169,0,3
191,983,169,0,3
191,984,169,0,3
191,985,169,0,3
191,986,169,0,3
191,987,169,0,3
177,988,155,0,3
191,988,169,0,3
196,988,218,3,0
176,989,198,2,0
177,989,155,0,3
191,989,169,0,3
196,989,218,3,0
197,989,219,3,0
198,990,220,2,0
199,990,177,0,3
201,990,179,0,3
199,991,177,0,3
201,991,179,0,3
201,992,179,0,3
201,993,179,0,3
204,996,226,3,0
204,997,226,3,0
204,998,226,3,0
206,998,184,0,3
204,999,226,3,0
206,999,184,0,3
207,999,185,0,3
204,1000,226,3,0
206,1000,184,0,3
207,1000,185,0,3
204,1001,226,3,0
206,1001,184,0,3
204,1002,226,3,0
204,1003,226,3,0
201,1008,179,0,3
201,1009,179,0,3
199,1010,177,0,3
201,1010,179,0,3
218,1010,240,3,0
198,1011,220,2,0
199,1011,177,0,3
201,1011,179,0,3
218,1011,240,3,0
220,1012,242,2,0
221,1012,199,0,3
240,1012,262,3,0
221,1013,199,0,3
226,1018,248,3,0
226,1019,248,3,0
226,1020,248,3,0
228,1020,206,0,3
226,1021,248,3,0
228,1021,206,0,3
229,1021,207,0,3
231,1021,253,3,0
226,1022,248,3,0
228,1022,206,0,3
229,1022,207,0,3
231,1022,253,3,0
226,1023,248,3,0
228,1023,206,0,3
231,1023,253,3,0
226,1024,248,3,0
226,1025,248,3,0
221,1032,199,0,3
240,1032,262,3,0
220,1033,242,2,0
221,1033,199,0,3
240,1033,262,3,0
242,1034,264,2,0
260,1034,238,0,3
260,1035,238,0,3
248,1040,270,3,0
256,1040,278,3,0
248,1041,270,3,0
256,1041,278,3,0
248,1042,270,3,0
250,1042,228,0,3
256,1042,278,3,0
248,1043,270,3,0
250,1043,228,0,3
251,1043,229,0,3
256,1043,278,3,0
248,1044,270,3,0
250,1044,228,0,3
251,1044,229,0,3
256,1044,278,3,0
248,1045,270,3,0
250,1045,228,0,3
256,1045,278,3,0
248,1046,270,3,0
256,1046,278,3,0
248,1047,270,3,0
256,1047,278,3,0
256,1048,278,3,0
260,1052,238,0,3
260,1053,238,0,3
260,1054,238,0,3
262,1054,284,3,0
242,1055,264,2,0
260,1055,238,0,3
262,1055,284,3,0
263,1055,285,3,0
264,1056,286,2,0
282,1056,260,0,3
284,1056,306,3,0
282,1057,260,0,3
282,1058,260,0,3
270,1062,292,3,0
270,1063,292,3,0
270,1064,292,3,0
272,1064,250,0,3
270,1065,292,3,0
272,1065,250,0,3
273,1065,295,3,0
270,1066,292,3,0
272,1066,250,0,3
273,1066,295,3,0
270,1067,292,3,0
272,1067,250,0,3
270,1068,292,3,0
270,1069,292,3,0
282,1074,260,0,3
282,1075,260,0,3
282,1076,260,0,3
284,1076,306,3,0
264,1077,286,2,0
282,1077,260,0,3
284,1077,306,3,0
285,1077,307,3,0
286,1078,308,2,0
303,1078,281,0,3
304,1078,282,0,3
303,1079,281,0,3
304,1079,282,0,3
303,1080,281,0,3
292,1084,314,3,0
292,1085,314,3,0
292,1086,314,3,0
294,1086,272,0,3
292,1087,314,3,0
294,1087,272,0,3
295,1087,317,3,0
292,1088,314,3,0
294,1088,272,0,3
295,1088,317,3,0
292,1089,314,3,0
294,1089,272,0,3
292,1090,314,3,0
292,1091,314,3,0
303,1095,281,0,3
303,1096,281,0,3
304,1096,282,0,3
303,1097,281,0,3
304,1097,282,0,3
303,1098,281,0,3
304,1098,282,0,3
286,1099,308,2,0
303,1099,281,0,3
304,1099,282,0,3
307,1099,329,3,0
308,1100,330,2,0
311,1100,289,0,3
325,1100,303,0,3
326,1100,304,0,3
311,1101,289,0,3
325,1101,303,0,3
326,1101,304,0,3
311,1102,289,0,3
325,1102,303,0,3
326,1102,304,0,3
311,1103,289,0,3
325,1103,303,0,3
314,1106,336,3,0
314,1107,336,3,0
314,1108,336,3,0
316,1108,294,0,3
314,1109,336,3,0
316,1109,294,0,3
317,1109,339,3,0
314,1110,336,3,0
316,1110,294,0,3
317,1110,339,3,0
314,1111,336,3,0
316,1111,294,0,3
314,1112,336,3,0
314,1113,336,3,0
325,1117,303,0,3
311,1118,289,0,3
325,1118,303,0,3
326,1118,304,0,3
311,1119,289,0,3
325,1119,303,0,3
326,1119,304,0,3
311,1120,289,0,3
325,1120,303,0,3
326,1120,304,0,3
308,1121,330,2,0
311,1121,289,0,3
325,1121,303,0,3
326,1121,304,0,3
329,1121,351,3,0
330,1122,352,2,0
333,1122,311,0,3
347,1122,325,0,3
348,1122,326,0,3
333,1123,311,0,3
347,1123,325,0,3
348,1123,326,0,3
333,1124,311,0,3
347,1124,325,0,3
333,1125,311,0,3
336,1128,358,3,0
336,1129,358,3,0
336,1130,358,3,0
338,1130,316,0,3
336,1131,358,3,0
338,1131,316,0,3
339,1131,361,3,0
336,1132,358,3,0
338,1132,316,0,3
339,1132,361,3,0
336,1133,358,3,0
338,1133,316,0,3
336,1134,358,3,0
336,1135,358,3,0
347,1139,325,0,3
333,1140,311,0,3
347,1140,325,0,3
348,1140,326,0,3
333,1141,311,0,3
347,1141,325,0,3
348,1141,326,0,3
333,1142,311,0,3
347,1142,325,0,3
348,1142,326,0,3
330,1143,352,2,0
333,1143,311,0,3
347,1143,325,0,3
348,1143,326,0,3
351,1143,373,3,0
352,1144,374,2,0
355,1144,333,0,3
368,1144,346,0,3
369,1144,347,0,3
370,1144,348,0,3
355,1145,333,0,3
368,1145,346,0,3
369,1145,347,0,3
370,1145,348,0,3
355,1146,333,0,3
368,1146,346,0,3
369,1146,347,0,3
370,1146,348,0,3
355,1147,333,0,3
368,1147,346,0,3
369,1147,347,0,3
368,1148,346,0,3
358,1150,380,3,0
358,1151,380,3,0
358,1152,380,3,0
360,1152,338,0,3
358,1153,380,3,0
360,1153,338,0,3
361,1153,383,3,0
358,1154,380,3,0
360,1154,338,0,3
361,1154,383,3,0
358,1155,380,3,0
360,1155,338,0,3
358,1156,380,3,0
358,1157,380,3,0
368,1160,346,0,3
368,1161,346,0,3
369,1161,347,0,3
355,1162,333,0,3
368,1162,346,0,3
369,1162,347,0,3
370,1162,348,0,3
355,1163,333,0,3
368,1163,346,0,3
369,1163,347,0,3
370,1163,348,0,3
355,1164,333,0,3
368,1164,346,0,3
369,1164,347,0,3
370,1164,348,0,3
352,1165,374,2,0
355,1165,333,0,3
368,1165,346,0,3
369,1165,347,0,3
370,1165,348,0,3
374,1166,396,2,0
377,1166,355,0,3
390,1166,368,0,3
391,1166,369,0,3
392,1166,370,0,3
377,1167,355,0,3
390,1167,368,0,3
391,1167,369,0,3
392,1167,370,0,3
377,1168,355,0,3
390,1168,368,0,3
391,1168,369,0,3
377,1169,355,0,3
390,1169,368,0,3
380,1172,402,3,0
388,1172,366,0,3
380,1173,402,3,0
388,1173,366,0,3
380,1174,402,3,0
382,1174,360,0,3
388,1174,366,0,3
380,1175,402,3,0
382,1175,360,0,3
383,1175,405,3,0
388,1175,366,0,3
380,1176,402,3,0
382,1176,360,0,3
383,1176,405,3,0
388,1176,366,0,3
380,1177,402,3,0
382,1177,360,0,3
388,1177,366,0,3
380,1178,402,3,0
388,1178,366,0,3
380,1179,402,3,0
388,1179,366,0,3
388,1180,366,0,3
390,1182,368,0,3
390,1183,368,0,3
391,1183,369,0,3
377,1184,355,0,3
390,1184,368,0,3
391,1184,369,0,3
392,1184,370,0,3
377,1185,355,0,3
390,1185,368,0,3
391,1185,369,0,3
392,1185,370,0,3
377,1186,355,0,3
390,1186,368,0,3
391,1186,369,0,3
392,1186,370,0,3
374,1187,396,2,0
377,1187,355,0,3
390,1187,368,0,3
391,1187,369,0,3
392,1187,370,0,3
396,1188,418,2,0
399,1188,377,0,3
412,1188,390,0,3
414,1188,392,0,3
399,1189,377,0,3
412,1189,390,0,3
414,1189,392,0,3
399,1190,377,0,3
412,1190,390,0,3
414,1190,392,0,3
399,1191,377,0,3
412,1191,390,0,3
412,1192,390,0,3
402,1194,424,3,0
402,1195,424,3,0
402,1196,424,3,0
404,1196,382,0,3
402,1197,424,3,0
404,1197,382,0,3
405,1197,427,3,0
402,1198,424,3,0
404,1198,382,0,3
405,1198,427,3,0
402,1199,424,3,0
404,1199,382,0,3
402,1200,424,3,0
402,1201,424,3,0
412,1204,390,0,3
412,1205,390,0,3
399,1206,377,0,3
412,1206,390,0,3
414,1206,392,0,3
399,1207,377,0,3
412,1207,390,0,3
414,1207,392,0,3
399,1208,377,0,3
412,1208,390,0,3
414,1208,392,0,3
396,1209,418,2,0
399,1209,377,0,3
412,1209,390,0,3
414,1209,392,0,3
418,1210,440,2,0
421,1210,399,0,3
434,1210,412,0,3
436,1210,414,0,3
421,1211,399,0,3
434,1211,412,0,3
436,1211,414,0,3
421,1212,399,0,3
434,1212,412,0,3
421,1213,399,0,3
434,1213,412,0,3
423,1215,445,3,0
423,1216,445,3,0
424,1216,446,3,0
423,1217,445,3,0
424,1217,446,3,0
423,1218,445,3,0
424,1218,446,3,0
426,1218,404,0,3
423,1219,445,3,0
424,1219,446,3,0
426,1219,404,0,3
427,1219,449,3,0
423,1220,445,3,0
424,1220,446,3,0
426,1220,404,0,3
427,1220,449,3,0
423,1221,445,3,0
424,1221,446,3,0
426,1221,404,0,3
423,1222,445,3,0
424,1222,446,3,0
423,1223,445,3,0
424,1223,446,3,0
423,1224,445,3,0
434,1226,412,0,3
434,1227,412,0,3
421,1228,399,0,3
434,1228,412,0,3
436,1228,414,0,3
421,1229,399,0,3
434,1229,412,0,3
436,1229,414,0,3
421,1230,399,0,3
434,1230,412,0,3
436,1230,414,0,3
418,1231,440,2,0
421,1231,399,0,3
434,1231,412,0,3
436,1231,414,0,3
439,1231,461,3,0
440,1232,462,2,0
443,1232,421,0,3
456,1232,434,0,3
458,1232,436,0,3
443,1233,421,0,3
456,1233,434,0,3
458,1233,436,0,3
443,1234,421,0,3
456,1234,434,0,3
458,1234,436,0,3
443,1235,421,0,3
456,1235,434,0,3
456,1236,434,0,3
445,1237,467,3,0
445,1238,467,3,0
446,1238,468,3,0
445,1239,467,3,0
446,1239,468,3,0
445,1240,467,3,0
446,1240,468,3,0
448,1240,426,0,3
445,1241,467,3,0
446,1241,468,3,0
448,1241,426,0,3
449,1241,471,3,0
445,1242,467,3,0
446,1242,468,3,0
448,1242,426,0,3
449,1242,471,3,0
445,1243,467,3,0
446,1243,468,3,0
448,1243,426,0,3
445,1244,467,3,0
446,1244,468,3,0
445,1245,467,3,0
446,1245,468,3,0
445,1246,467,3,0
456,1248,434,0,3
456,1249,434,0,3
443,1250,421,0,3
456,1250,434,0,3
458,1250,436,0,3
443,1251,421,0,3
456,1251,434,0,3
458,1251,436,0,3
443,1252,421,0,3
456,1252,434,0,3
458,1252,436,0,3
440,1253,462,2,0
443,1253,421,0,3
456,1253,434,0,3
458,1253,436,0,3
461,1253,483,3,0
462,1254,484,2,0
465,1254,443,0,3
478,1254,456,0,3
480,1254,458,0,3
465,1255,443,0,3
478,1255,456,0,3
480,1255,458,0,3
465,1256,443,0,3
478,1256,456,0,3
465,1257,443,0,3
478,1257,456,0,3
467,1259,489,3,0
467,1260,489,3,0
468,1260,490,3,0
467,1261,489,3,0
468,1261,490,3,0
467,1262,489,3,0
468,1262,490,3,0
470,1262,448,0,3
467,1263,489,3,0
468,1263,490,3,0
470,1263,448,0,3
471,1263,493,3,0
467,1264,489,3,0
468,1264,490,3,0
470,1264,448,0,3
471,1264,493,3,0
467,1265,489,3,0
468,1265,490,3,0
470,1265,448,0,3
467,1266,489,3,0
468,1266,490,3,0
467,1267,489,3,0
468,1267,490,3,0
467,1268,489,3,0
478,1270,456,0,3
478,1271,456,0,3
465,1272,443,0,3
478,1272,456,0,3
480,1272,458,0,3
465,1273,443,0,3
478,1273,456,0,3
480,1273,458,0,3
465,1274,443,0,3
478,1274,456,0,3
480,1274,458,0,3
462,1275,484,2,0
465,1275,443,0,3
478,1275,456,0,3
480,1275,458,0,3
483,1275,505,3,0
484,1276,506,2,0
487,1276,465,0,3
499,1276,477,0,3
500,1276,478,0,3
502,1276,480,0,3
487,1277,465,0,3
499,1277,477,0,3
500,1277,478,0,3
502,1277,480,0,3
487,1278,465,0,3
499,1278,477,0,3
500,1278,478,0,3
502,1278,480,0,3
487,1279,465,0,3
499,1279,477,0,3
500,1279,478,0,3
499,1280,477,0,3
500,1280,478,0,3
489,1281,511,3,0
489,1282,511,3,0
490,1282,512,3,0
499,1282,477,0,3
489,1283,511,3,0
490,1283,512,3,0
499,1283,477,0,3
489,1284,511,3,0
490,1284,512,3,0
492,1284,470,0,3
499,1284,477,0,3
489,1285,511,3,0
490,1285,512,3,0
492,1285,470,0,3
493,1285,515,3,0
499,1285,477,0,3
489,1286,511,3,0
490,1286,512,3,0
492,1286,470,0,3
493,1286,515,3,0
499,1286,477,0,3
489,1287,511,3,0
490,1287,512,3,0
492,1287,470,0,3
499,1287,477,0,3
489,1288,511,3,0
490,1288,512,3,0
499,1288,477,0,3
489,1289,511,3,0
490,1289,512,3,0
499,1289,477,0,3
489,1290,511,3,0
499,1290,477,0,3
499,1291,477,0,3
499,1292,477,0,3
500,1292,478,0,3
499,1293,477,0,3
500,1293,478,0,3
487,1294,465,0,3
499,1294,477,0,3
500,1294,478,0,3
502,1294,480,0,3
487,1295,465,0,3
499,1295,477,0,3
500,1295,478,0,3
502,1295,480,0,3
487,1296,465,0,3
499,1296,477,0,3
500,1296,478,0,3
502,1296,480,0,3
484,1297,506,2,0
487,1297,465,0,3
499,1297,477,0,3
500,1297,478,0,3
502,1297,480,0,3
505,1297,527,3,0
506,1298,528,2,0
509,1298,487,0,3
524,1298,502,0,3
509,1299,487,0,3
524,1299,502,0,3
509,1300,487,0,3
509,1301,487,0,3
511,1303,533,3,0
511,1304,533,3,0
512,1304,534,3,0
511,1305,533,3,0
512,1305,534,3,0
511,1306,533,3,0
512,1306,534,3,0
514,1306,492,0,3
511,1307,533,3,0
512,1307,534,3,0
514,1307,492,0,3
515,1307,537,3,0
511,1308,533,3,0
512,1308,534,3,0
514,1308,492,0,3
515,1308,537,3,0
511,1309,533,3,0
512,1309,534,3,0
514,1309,492,0,3
511,1310,533,3,0
512,1310,534,3,0
511,1311,533,3,0
512,1311,534,3,0
511,1312,533,3,0
509,1316,487,0,3
524,1316,502,0,3
509,1317,487,0,3
524,1317,502,0,3
509,1318,487,0,3
524,1318,502,0,3
506,1319,528,2,0
509,1319,487,0,3
524,1319,502,0,3
527,1319,549,3,0
528,1320,550,2,0
531,1320,509,0,3
544,1320,522,0,3
546,1320,524,0,3
531,1321,509,0,3
544,1321,522,0,3
546,1321,524,0,3
531,1322,509,0,3
544,1322,522,0,3
546,1322,524,0,3
531,1323,509,0,3
544,1323,522,0,3
544,1324,522,0,3
533,1325,555,3,0
533,1326,555,3,0
534,1326,556,3,0
533,1327,555,3,0
534,1327,556,3,0
533,1328,555,3,0
534,1328,556,3,0
536,1328,514,0,3
533,1329,555,3,0
534,1329,556,3,0
536,1329,514,0,3
537,1329,559,3,0
533,1330,555,3,0
534,1330,556,3,0
536,1330,514,0,3
537,1330,559,3,0
533,1331,555,3,0
534,1331,556,3,0
536,1331,514,0,3
533,1332,555,3,0
534,1332,556,3,0
533,1333,555,3,0
534,1333,556,3,0
533,1334,555,3,0
544,1336,522,0,3
544,1337,522,0,3
531,1338,509,0,3
544,1338,522,0,3
546,1338,524,0,3
531,1339,509,0,3
544,1339,522,0,3
546,1339,524,0,3
531,1340,509,0,3
544,1340,522,0,3
546,1340,524,0,3
528,1341,550,2,0
531,1341,509,0,3
544,1341,522,0,3
546,1341,524,0,3
549,1341,571,3,0
550,1342,572,2,0
553,1342,531,0,3
568,1342,546,0,3
553,1343,531,0,3
568,1343,546,0,3
553,1344,531,0,3
553,1345,531,0,3
555,1347,577,3,0
555,1348,577,3,0
556,1348,578,3,0
555,1349,577,3,0
556,1349,578,3,0
555,1350,577,3,0
556,1350,578,3,0
558,1350,536,0,3
555,1351,577,3,0
556,1351,578,3,0
558,1351,536,0,3
559,1351,581,3,0
555,1352,577,3,0
556,1352,578,3,0
558,1352,536,0,3
559,1352,581,3,0
555,1353,577,3,0
556,1353,578,3,0
558,1353,536,0,3
555,1354,577,3,0
556,1354,578,3,0
555,1355,577,3,0
556,1355,578,3,0
555,1356,577,3,0
553,1360,531,0,3
568,1360,546,0,3
553,1361,531,0,3
568,1361,546,0,3
553,1362,531,0,3
568,1362,546,0,3
550,1363,572,2,0
553,1363,531,0,3
568,1363,546,0,3
571,1363,593,3,0
572,1364,594,2,0
575,1364,553,0,3
587,1364,565,0,3
590,1364,568,0,3
575,1365,553,0,3
587,1365,565,0,3
590,1365,568,0,3
575,1366,553,0,3
587,1366,565,0,3
590,1366,568,0,3
575,1367,553,0,3
587,1367,565,0,3
587,1368,565,0,3
577,1369,599,3,0
577,1370,599,3,0
578,1370,600,3,0
587,1370,565,0,3
577,1371,599,3,0
578,1371,600,3,0
587,1371,565,0,3
577,1372,599,3,0
578,1372,600,3,0
580,1372,558,0,3
587,1372,565,0,3
577,1373,599,3,0
578,1373,600,3,0
580,1373,558,0,3
581,1373,603,3,0
587,1373,565,0,3
577,1374,599,3,0
578,1374,600,3,0
580,1374,558,0,3
581,1374,603,3,0
587,1374,565,0,3
577,1375,599,3,0
578,1375,600,3,0
580,1375,558,0,3
587,1375,565,0,3
577,1376,599,3,0
578,1376,600,3,0
587,1376,565,0,3
577,1377,599,3,0
578,1377,600,3,0
587,1377,565,0,3
577,1378,599,3,0
587,1378,565,0,3
587,1379,565,0,3
587,1380,565,0,3
587,1381,565,0,3
575,1382,553,0,3
587,1382,565,0,3
590,1382,568,0,3
575,1383,553,0,3
587,1383,565,0,3
590,1383,568,0,3
575,1384,553,0,3
587,1384,565,0,3
590,1384,568,0,3
572,1385,594,2,0
575,1385,553,0,3
587,1385,565,0,3
590,1385,568,0,3
593,1385,615,3,0
594,1386,616,2,0
597,1386,575,0,3
609,1386,587,0,3
612,1386,590,0,3
597,1387,575,0,3
609,1387,587,0,3
612,1387,590,0,3
597,1388,575,0,3
609,1388,587,0,3
597,1389,575,0,3
609,1389,587,0,3
599,1391,621,3,0
609,1391,587,0,3
599,1392,621,3,0
600,1392,622,3,0
609,1392,587,0,3
599,1393,621,3,0
600,1393,622,3,0
609,1393,587,0,3
599,1394,621,3,0
600,1394,622,3,0
602,1394,580,0,3
609,1394,587,0,3
599,1395,621,3,0
600,1395,622,3,0
602,1395,580,0,3
603,1395,625,3,0
609,1395,587,0,3
599,1396,621,3,0
600,1396,622,3,0
602,1396,580,0,3
603,1396,625,3,0
609,1396,587,0,3
599,1397,621,3,0
600,1397,622,3,0
602,1397,580,0,3
609,1397,587,0,3
599,1398,621,3,0
600,1398,622,3,0
609,1398,587,0,3
599,1399,621,3,0
600,1399,622,3,0
609,1399,587,0,3
599,1400,621,3,0
609,1400,587,0,3
609,1401,587,0,3
609,1402,587,0,3
609,1403,587,0,3
597,1404,575,0,3
609,1404,587,0,3
612,1404,590,0,3
597,1405,575,0,3
609,1405,587,0,3
612,1405,590,0,3
597,1406,575,0,3
609,1406,587,0,3
612,1406,590,0,3
594,1407,616,2,0
597,1407,575,0,3
609,1407,587,0,3
612,1407,590,0,3
616,1408,638,2,0
619,1408,597,0,3
620,1408,642,3,0
631,1408,609,0,3
634,1408,612,0,3
619,1409,597,0,3
620,1409,642,3,0
631,1409,609,0,3
634,1409,612,0,3
619,1410,597,0,3
620,1410,642,3,0
631,1410,609,0,3
634,1410,612,0,3
619,1411,597,0,3
620,1411,642,3,0
631,1411,609,0,3
620,1412,642,3,0
631,1412,609,0,3
620,1413,642,3,0
621,1413,643,3,0
620,1414,642,3,0
621,1414,643,3,0
622,1414,644,3,0
631,1414,609,0,3
620,1415,642,3,0
621,1415,643,3,0
622,1415,644,3,0
630,1415,608,0,3
631,1415,609,0,3
620,1416,642,3,0
621,1416,643,3,0
622,1416,644,3,0
630,1416,608,0,3
631,1416,609,0,3
620,1417,642,3,0
621,1417,643,3,0
622,1417,644,3,0
625,1417,647,3,0
630,1417,608,0,3
631,1417,609,0,3
620,1418,642,3,0
621,1418,643,3,0
622,1418,644,3,0
625,1418,647,3,0
630,1418,608,0,3
631,1418,609,0,3
620,1419,642,3,0
621,1419,643,3,0
622,1419,644,3,0
630,1419,608,0,3
631,1419,609,0,3
620,1420,642,3,0
621,1420,643,3,0
622,1420,644,3,0
630,1420,608,0,3
631,1420,609,0,3
620,1421,642,3,0
621,1421,643,3,0
622,1421,644,3,0
630,1421,608,0,3
631,1421,609,0,3
620,1422,642,3,0
621,1422,643,3,0
630,1422,608,0,3
631,1422,609,0,3
631,1423,609,0,3
631,1424,609,0,3
620,1425,642,3,0
631,1425,609,0,3
619,1426,597,0,3
620,1426,642,3,0
631,1426,609,0,3
634,1426,612,0,3
619,1427,597,0,3
620,1427,642,3,0
631,1427,609,0,3
634,1427,612,0,3
619,1428,597,0,3
620,1428,642,3,0
631,1428,609,0,3
634,1428,612,0,3
616,1429,638,2,0
619,1429,597,0,3
620,1429,642,3,0
631,1429,609,0,3
634,1429,612,0,3
638,1430,660,2,0
641,1430,619,0,3
642,1430,664,3,0
653,1430,631,0,3
656,1430,634,0,3
641,1431,619,0,3
642,1431,664,3,0
653,1431,631,0,3
656,1431,634,0,3
641,1432,619,0,3
642,1432,664,3,0
653,1432,631,0,3
641,1433,619,0,3
642,1433,664,3,0
653,1433,631,0,3
642,1434,664,3,0
642,1435,664,3,0
653,1435,631,0,3
642,1436,664,3,0
644,1436,666,3,0
652,1436,630,0,3
653,1436,631,0,3
642,1437,664,3,0
644,1437,666,3,0
651,1437,673,3,0
652,1437,630,0,3
653,1437,631,0,3
642,1438,664,3,0
644,1438,666,3,0
651,1438,673,3,0
652,1438,630,0,3
653,1438,631,0,3
642,1439,664,3,0
644,1439,666,3,0
647,1439,669,3,0
651,1439,673,3,0
652,1439,630,0,3
653,1439,631,0,3
642,1440,664,3,0
644,1440,666,3,0
647,1440,669,3,0
651,1440,673,3,0
652,1440,630,0,3
653,1440,631,0,3
642,1441,664,3,0
644,1441,666,3,0
651,1441,673,3,0
652,1441,630,0,3
653,1441,631,0,3
642,1442,664,3,0
644,1442,666,3,0
651,1442,673,3,0
652,1442,630,0,3
653,1442,631,0,3
642,1443,664,3,0
644,1443,666,3,0
651,1443,673,3,0
652,1443,630,0,3
653,1443,631,0,3
642,1444,664,3,0
652,1444,630,0,3
653,1444,631,0,3
653,1445,631,0,3
653,1446,631,0,3
642,1447,664,3,0
653,1447,631,0,3
641,1448,619,0,3
642,1448,664,3,0
653,1448,631,0,3
656,1448,634,0,3
641,1449,619,0,3
642,1449,664,3,0
653,1449,631,0,3
656,1449,634,0,3
641,1450,619,0,3
642,1450,664,3,0
653,1450,631,0,3
656,1450,634,0,3
638,1451,660,2,0
641,1451,619,0,3
642,1451,664,3,0
653,1451,631,0,3
656,1451,634,0,3
660,1452,682,2,0
662,1452,640,0,3
663,1452,685,3,0
678,1452,656,0,3
662,1453,640,0,3
663,1453,685,3,0
678,1453,656,0,3
662,1454,640,0,3
663,1454,685,3,0
678,1454,656,0,3
663,1455,685,3,0
666,1458,688,3,0
666,1459,688,3,0
673,1459,695,3,0
674,1459,652,0,3
666,1460,688,3,0
673,1460,695,3,0
674,1460,652,0,3
666,1461,688,3,0
669,1461,691,3,0
673,1461,695,3,0
674,1461,652,0,3
666,1462,688,3,0
669,1462,691,3,0
670,1462,692,3,0
673,1462,695,3,0
674,1462,652,0,3
666,1463,688,3,0
673,1463,695,3,0
674,1463,652,0,3
666,1464,688,3,0
673,1464,695,3,0
674,1464,652,0,3
666,1465,688,3,0
673,1465,695,3,0
674,1465,652,0,3
674,1466,652,0,3
663,1470,685,3,0
678,1470,656,0,3
662,1471,640,0,3
663,1471,685,3,0
678,1471,656,0,3
662,1472,640,0,3
663,1472,685,3,0
678,1472,656,0,3
660,1473,682,2,0
662,1473,640,0,3
663,1473,685,3,0
678,1473,656,0,3
682,1474,704,2,0
684,1474,662,0,3
685,1474,707,3,0
699,1474,677,0,3
700,1474,678,0,3
684,1475,662,0,3
685,1475,707,3,0
699,1475,677,0,3
700,1475,678,0,3
684,1476,662,0,3
685,1476,707,3,0
699,1476,677,0,3
685,1477,707,3,0
696,1480,674,0,3
695,1481,717,3,0
696,1481,674,0,3
690,1482,668,0,3
695,1482,717,3,0
696,1482,674,0,3
690,1483,668,0,3
691,1483,713,3,0
695,1483,717,3,0
696,1483,674,0,3
690,1484,668,0,3
691,1484,713,3,0
692,1484,714,3,0
695,1484,717,3,0
696,1484,674,0,3
690,1485,668,0,3
695,1485,717,3,0
696,1485,674,0,3
695,1486,717,3,0
696,1486,674,0,3
695,1487,717,3,0
696,1487,674,0,3
696,1488,674,0,3
699,1491,677,0,3
685,1492,707,3,0
699,1492,677,0,3
700,1492,678,0,3
684,1493,662,0,3
685,1493,707,3,0
699,1493,677,0,3
700,1493,678,0,3
684,1494,662,0,3
685,1494,707,3,0
699,1494,677,0,3
700,1494,678,0,3
682,1495,704,2,0
684,1495,662,0,3
685,1495,707,3,0
699,1495,677,0,3
700,1495,678,0,3
704,1496,726,2,0
706,1496,684,0,3
721,1496,699,0,3
722,1496,700,0,3
706,1497,684,0,3
721,1497,699,0,3
722,1497,700,0,3
706,1498,684,0,3
721,1498,699,0,3
722,1498,700,0,3
721,1499,699,0,3
709,1501,687,0,3
709,1502,687,0,3
709,1503,687,0,3
717,1503,739,3,0
709,1504,687,0,3
717,1504,739,3,0
709,1505,687,0,3
713,1505,735,3,0
717,1505,739,3,0
709,1506,687,0,3
713,1506,735,3,0
717,1506,739,3,0
709,1507,687,0,3
717,1507,739,3,0
709,1508,687,0,3
717,1508,739,3,0
709,1509,687,0,3
717,1509,739,3,0
709,1510,687,0,3
721,1513,699,0,3
721,1514,699,0,3
722,1514,700,0,3
706,1515,684,0,3
721,1515,699,0,3
722,1515,700,0,3
706,1516,684,0,3
721,1516,699,0,3
722,1516,700,0,3
704,1517,726,2,0
706,1517,684,0,3
721,1517,699,0,3
722,1517,700,0,3
728,1518,706,0,3
730,1518,752,3,0
743,1518,721,0,3
744,1518,722,0,3
745,1518,723,0,3
728,1519,706,0,3
730,1519,752,3,0
743,1519,721,0,3
744,1519,722,0,3
728,1520,706,0,3
730,1520,752,3,0
743,1520,721,0,3
730,1521,752,3,0
730,1522,752,3,0
730,1523,752,3,0
730,1524,752,3,0
730,1525,752,3,0
730,1526,752,3,0
738,1526,716,0,3
730,1527,752,3,0
738,1527,716,0,3
730,1528,752,3,0
738,1528,716,0,3
730,1529,752,3,0
738,1529,716,0,3
730,1530,752,3,0
738,1530,716,0,3
730,1531,752,3,0
730,1532,752,3,0
730,1535,752,3,0
743,1535,721,0,3
730,1536,752,3,0
743,1536,721,0,3
744,1536,722,0,3
728,1537,706,0,3
730,1537,752,3,0
743,1537,721,0,3
744,1537,722,0,3
745,1537,723,0,3
728,1538,706,0,3
730,1538,752,3,0
743,1538,721,0,3
744,1538,722,0,3
745,1538,723,0,3
728,1539,706,0,3
730,1539,752,3,0
743,1539,721,0,3
744,1539,722,0,3
745,1539,723,0,3
747,1539,769,3,0
750,1540,728,0,3
752,1540,774,3,0
765,1540,743,0,3
766,1540,744,0,3
767,1540,745,0,3
750,1541,728,0,3
752,1541,774,3,0
765,1541,743,0,3
766,1541,744,0,3
767,1541,745,0,3
750,1542,728,0,3
752,1542,774,3,0
765,1542,743,0,3
766,1542,744,0,3
752,1543,774,3,0
765,1543,743,0,3
752,1544,774,3,0
752,1545,774,3,0
752,1546,774,3,0
754,1546,732,0,3
752,1547,774,3,0
754,1547,732,0,3
752,1548,774,3,0
754,1548,732,0,3
756,1548,734,0,3
752,1549,774,3,0
754,1549,732,0,3
756,1549,734,0,3
757,1549,779,3,0
759,1549,737,0,3
752,1550,774,3,0
754,1550,732,0,3
756,1550,734,0,3
757,1550,779,3,0
759,1550,737,0,3
752,1551,774,3,0
754,1551,732,0,3
756,1551,734,0,3
759,1551,737,0,3
752,1552,774,3,0
754,1552,732,0,3
752,1553,774,3,0
754,1553,732,0,3
752,1554,774,3,0
752,1557,774,3,0
765,1557,743,0,3
752,1558,774,3,0
765,1558,743,0,3
766,1558,744,0,3
750,1559,728,0,3
752,1559,774,3,0
765,1559,743,0,3
766,1559,744,0,3
767,1559,745,0,3
750,1560,728,0,3
752,1560,774,3,0
765,1560,743,0,3
766,1560,744,0,3
767,1560,745,0,3
750,1561,728,0,3
752,1561,774,3,0
765,1561,743,0,3
766,1561,744,0,3
767,1561,745,0,3
769,1561,791,3,0
770,1562,792,2,0
772,1562,750,0,3
774,1562,796,3,0
785,1562,807,3,0
787,1562,765,0,3
788,1562,766,0,3
789,1562,767,0,3
772,1563,750,0,3
774,1563,796,3,0
785,1563,807,3,0
787,1563,765,0,3
788,1563,766,0,3
772,1564,750,0,3
774,1564,796,3,0
785,1564,807,3,0
787,1564,765,0,3
774,1565,796,3,0
785,1565,807,3,0
774,1566,796,3,0
774,1567,796,3,0
785,1567,807,3,0
774,1568,796,3,0
776,1568,754,0,3
784,1568,806,3,0
785,1568,807,3,0
774,1569,796,3,0
776,1569,754,0,3
784,1569,806,3,0
785,1569,807,3,0
774,1570,796,3,0
776,1570,754,0,3
778,1570,756,0,3
782,1570,760,0,3
784,1570,806,3,0
785,1570,807,3,0
774,1571,796,3,0
776,1571,754,0,3
778,1571,756,0,3
779,1571,801,3,0
781,1571,759,0,3
782,1571,760,0,3
784,1571,806,3,0
785,1571,807,3,0
774,1572,796,3,0
776,1572,754,0,3
778,1572,756,0,3
779,1572,801,3,0
781,1572,759,0,3
782,1572,760,0,3
784,1572,806,3,0
785,1572,807,3,0
774,1573,796,3,0
776,1573,754,0,3
778,1573,756,0,3
781,1573,759,0,3
782,1573,760,0,3
784,1573,806,3,0
785,1573,807,3,0
774,1574,796,3,0
776,1574,754,0,3
782,1574,760,0,3
784,1574,806,3,0
785,1574,807,3,0
774,1575,796,3,0
776,1575,754,0,3
784,1575,806,3,0
785,1575,807,3,0
774,1576,796,3,0
784,1576,806,3,0
785,1576,807,3,0
785,1577,807,3,0
785,1578,807,3,0
774,1579,796,3,0
785,1579,807,3,0
787,1579,765,0,3
774,1580,796,3,0
785,1580,807,3,0
787,1580,765,0,3
788,1580,766,0,3
772,1581,750,0,3
774,1581,796,3,0
785,1581,807,3,0
787,1581,765,0,3
788,1581,766,0,3
789,1581,767,0,3
772,1582,750,0,3
774,1582,796,3,0
785,1582,807,3,0
787,1582,765,0,3
788,1582,766,0,3
789,1582,767,0,3
770,1583,792,2,0
772,1583,750,0,3
774,1583,796,3,0
785,1583,807,3,0
787,1583,765,0,3
788,1583,766,0,3
789,1583,767,0,3
791,1583,813,3,0
1125,1584,1147,3,0
1139,1584,1161,3,0
1140,1584,1162,3,0
838,1586,816,0,3
851,1586,873,3,0
853,1586,831,0,3
854,1586,832,0,3
855,1586,833,0,3
1320,1587,1298,0,2
1323,1587,1345,3,0
1336,1587,1358,3,0
1338,1587,1360,3,0
1341,1587,1319,0,3
721,1588,699,0,3
1291,1589,1313,3,0
1292,1589,1314,3,0
421,1590,399,0,3
434,1590,412,0,3
1103,1591,1125,3,0
1117,1591,1139,3,0
1118,1591,1140,3,0
423,1592,445,3,0
424,1592,446,3,0
426,1592,404,0,3
427,1592,449,3,0
1078,1593,1056,0,2
1095,1593,1117,3,0
1096,1593,1118,3,0
1099,1593,1077,0,3
116,1594,138,3,0
117,1594,139,3,0
119,1594,97,0,3
122,1594,100,0,3
125,1594,103,0,3
816,1595,794,0,3
818,1595,840,3,0
829,1595,851,3,0
831,1595,809,0,3
832,1595,810,0,3
833,1595,811,0,3
835,1595,857,3,0
