792,0,770,0,2
794,0,816,3,0
809,0,831,3,0
810,0,832,3,0
811,0,833,3,0
812,0,790,0,3
813,0,791,0,3
794,1,816,3,0
809,1,831,3,0
810,1,832,3,0
811,1,833,3,0
812,1,790,0,3
794,2,816,3,0
809,2,831,3,0
810,2,832,3,0
811,2,833,3,0
809,3,831,3,0
810,3,832,3,0
809,4,831,3,0
798,6,776,0,3
798,7,776,0,3
798,8,776,0,3
806,8,828,3,0
798,9,776,0,3
801,9,823,3,0
806,9,828,3,0
798,10,776,0,3
801,10,823,3,0
802,10,780,0,3
804,10,826,3,0
806,10,828,3,0
798,11,776,0,3
801,11,823,3,0
802,11,780,0,3
803,11,781,0,3
804,11,826,3,0
806,11,828,3,0
798,12,776,0,3
801,12,823,3,0
804,12,826,3,0
806,12,828,3,0
798,13,776,0,3
806,13,828,3,0
798,14,776,0,3
806,14,828,3,0
809,17,831,3,0
809,18,831,3,0
810,18,832,3,0
809,19,831,3,0
810,19,832,3,0
811,19,833,3,0
794,20,816,3,0
809,20,831,3,0
810,20,832,3,0
811,20,833,3,0
812,20,790,0,3
794,21,816,3,0
809,21,831,3,0
810,21,832,3,0
811,21,833,3,0
812,21,790,0,3
813,21,791,0,3
814,22,792,0,2
815,22,837,3,0
817,22,839,3,0
831,22,853,3,0
832,22,854,3,0
834,22,812,0,3
835,22,813,0,3
815,23,837,3,0
817,23,839,3,0
831,23,853,3,0
832,23,854,3,0
834,23,812,0,3
817,24,839,3,0
831,24,853,3,0
832,24,854,3,0
817,25,839,3,0
831,25,853,3,0
832,25,854,3,0
831,26,853,3,0
822,30,800,0,3
828,30,850,3,0
822,31,800,0,3
828,31,850,3,0
822,32,800,0,3
824,32,802,0,3
826,32,848,3,0
828,32,850,3,0
822,33,800,0,3
824,33,802,0,3
825,33,803,0,3
826,33,848,3,0
828,33,850,3,0
822,34,800,0,3
826,34,848,3,0
828,34,850,3,0
822,35,800,0,3
828,35,850,3,0
828,36,850,3,0
831,39,853,3,0
831,40,853,3,0
832,40,854,3,0
817,41,839,3,0
831,41,853,3,0
832,41,854,3,0
817,42,839,3,0
831,42,853,3,0
832,42,854,3,0
834,42,812,0,3
815,43,837,3,0
817,43,839,3,0
831,43,853,3,0
832,43,854,3,0
834,43,812,0,3
835,43,813,0,3
836,44,814,0,2
853,44,875,3,0
854,44,876,3,0
856,44,834,0,3
857,44,835,0,3
853,45,875,3,0
854,45,876,3,0
856,45,834,0,3
853,46,875,3,0
854,46,876,3,0
853,47,875,3,0
854,47,876,3,0
853,48,875,3,0
844,52,822,0,3
850,52,872,3,0
844,53,822,0,3
850,53,872,3,0
844,54,822,0,3
846,54,824,0,3
850,54,872,3,0
844,55,822,0,3
846,55,824,0,3
850,55,872,3,0
844,56,822,0,3
850,56,872,3,0
844,57,822,0,3
850,57,872,3,0
850,58,872,3,0
853,61,875,3,0
853,62,875,3,0
854,62,876,3,0
853,63,875,3,0
854,63,876,3,0
853,64,875,3,0
854,64,876,3,0
856,64,834,0,3
853,65,875,3,0
854,65,876,3,0
856,65,834,0,3
857,65,835,0,3
858,66,836,0,2
859,66,881,3,0
875,66,897,3,0
876,66,898,3,0
878,66,856,0,3
879,66,857,0,3
859,67,881,3,0
875,67,897,3,0
876,67,898,3,0
878,67,856,0,3
875,68,897,3,0
876,68,898,3,0
875,69,897,3,0
876,69,898,3,0
875,70,897,3,0
866,74,844,0,3
872,74,894,3,0
866,75,844,0,3
867,75,845,0,3
872,75,894,3,0
866,76,844,0,3
867,76,845,0,3
868,76,846,0,3
872,76,894,3,0
866,77,844,0,3
867,77,845,0,3
868,77,846,0,3
872,77,894,3,0
866,78,844,0,3
867,78,845,0,3
872,78,894,3,0
866,79,844,0,3
872,79,894,3,0
872,80,894,3,0
875,83,897,3,0
875,84,897,3,0
876,84,898,3,0
875,85,897,3,0
876,85,898,3,0
875,86,897,3,0
876,86,898,3,0
878,86,856,0,3
859,87,881,3,0
875,87,897,3,0
876,87,898,3,0
878,87,856,0,3
879,87,857,0,3
880,88,858,0,2
881,88,903,3,0
882,88,904,3,0
883,88,861,0,3
896,88,918,3,0
897,88,875,0,3
898,88,920,3,0
900,88,878,0,3
901,88,879,0,3
881,89,903,3,0
882,89,904,3,0
883,89,861,0,3
896,89,918,3,0
897,89,875,0,3
898,89,920,3,0
900,89,878,0,3
882,90,904,3,0
883,90,861,0,3
896,90,918,3,0
897,90,875,0,3
898,90,920,3,0
883,91,861,0,3
896,91,918,3,0
897,91,875,0,3
898,91,920,3,0
896,92,918,3,0
897,92,875,0,3
896,93,918,3,0
886,94,864,0,3
896,94,918,3,0
886,95,864,0,3
896,95,918,3,0
886,96,864,0,3
888,96,866,0,3
894,96,916,3,0
896,96,918,3,0
886,97,864,0,3
888,97,866,0,3
889,97,867,0,3
894,97,916,3,0
896,97,918,3,0
886,98,864,0,3
888,98,866,0,3
889,98,867,0,3
890,98,868,0,3
894,98,916,3,0
896,98,918,3,0
886,99,864,0,3
888,99,866,0,3
889,99,867,0,3
890,99,868,0,3
894,99,916,3,0
896,99,918,3,0
886,100,864,0,3
888,100,866,0,3
889,100,867,0,3
894,100,916,3,0
896,100,918,3,0
886,101,864,0,3
888,101,866,0,3
894,101,916,3,0
896,101,918,3,0
886,102,864,0,3
894,102,916,3,0
896,102,918,3,0
896,103,918,3,0
896,104,918,3,0
896,105,918,3,0
897,105,875,0,3
896,106,918,3,0
897,106,875,0,3
898,106,920,3,0
883,107,861,0,3
896,107,918,3,0
897,107,875,0,3
898,107,920,3,0
882,108,904,3,0
883,108,861,0,3
896,108,918,3,0
897,108,875,0,3
898,108,920,3,0
900,108,878,0,3
881,109,903,3,0
882,109,904,3,0
883,109,861,0,3
896,109,918,3,0
897,109,875,0,3
898,109,920,3,0
900,109,878,0,3
901,109,879,0,3
904,110,926,3,0
905,110,883,0,3
919,110,897,0,3
920,110,942,3,0
922,110,900,0,3
923,110,901,0,3
904,111,926,3,0
905,111,883,0,3
919,111,897,0,3
920,111,942,3,0
922,111,900,0,3
904,112,926,3,0
905,112,883,0,3
919,112,897,0,3
920,112,942,3,0
905,113,883,0,3
919,113,897,0,3
920,113,942,3,0
919,114,897,0,3
910,118,888,0,3
916,118,938,3,0
910,119,888,0,3
916,119,938,3,0
910,120,888,0,3
912,120,890,0,3
916,120,938,3,0
910,121,888,0,3
912,121,890,0,3
913,121,891,0,3
916,121,938,3,0
910,122,888,0,3
916,122,938,3,0
910,123,888,0,3
916,123,938,3,0
916,124,938,3,0
919,127,897,0,3
919,128,897,0,3
920,128,942,3,0
905,129,883,0,3
919,129,897,0,3
920,129,942,3,0
904,130,926,3,0
905,130,883,0,3
919,130,897,0,3
920,130,942,3,0
922,130,900,0,3
904,131,926,3,0
905,131,883,0,3
919,131,897,0,3
920,131,942,3,0
922,131,900,0,3
923,131,901,0,3
927,132,905,0,3
928,132,906,0,3
940,132,918,0,3
941,132,919,0,3
942,132,964,3,0
943,132,921,0,3
945,132,923,0,3
927,133,905,0,3
928,133,906,0,3
940,133,918,0,3
941,133,919,0,3
942,133,964,3,0
943,133,921,0,3
927,134,905,0,3
928,134,906,0,3
940,134,918,0,3
941,134,919,0,3
942,134,964,3,0
943,134,921,0,3
927,135,905,0,3
928,135,906,0,3
940,135,918,0,3
941,135,919,0,3
942,135,964,3,0
928,136,906,0,3
940,136,918,0,3
941,136,919,0,3
940,137,918,0,3
940,138,918,0,3
940,139,918,0,3
932,140,910,0,3
940,140,918,0,3
932,141,910,0,3
933,141,911,0,3
940,141,918,0,3
932,142,910,0,3
933,142,911,0,3
934,142,912,0,3
940,142,918,0,3
932,143,910,0,3
933,143,911,0,3
934,143,912,0,3
935,143,913,0,3
940,143,918,0,3
932,144,910,0,3
933,144,911,0,3
940,144,918,0,3
932,145,910,0,3
940,145,918,0,3
940,146,918,0,3
940,147,918,0,3
940,148,918,0,3
940,149,918,0,3
941,149,919,0,3
928,150,906,0,3
940,150,918,0,3
941,150,919,0,3
942,150,964,3,0
927,151,905,0,3
928,151,906,0,3
940,151,918,0,3
941,151,919,0,3
942,151,964,3,0
943,151,921,0,3
927,152,905,0,3
928,152,906,0,3
940,152,918,0,3
941,152,919,0,3
942,152,964,3,0
943,152,921,0,3
927,153,905,0,3
928,153,906,0,3
940,153,918,0,3
941,153,919,0,3
942,153,964,3,0
943,153,921,0,3
945,153,923,0,3
949,154,927,0,3
950,154,928,0,3
962,154,940,0,3
963,154,941,0,3
964,154,986,3,0
965,154,943,0,3
967,154,945,0,3
949,155,927,0,3
950,155,928,0,3
962,155,940,0,3
963,155,941,0,3
964,155,986,3,0
965,155,943,0,3
949,156,927,0,3
950,156,928,0,3
962,156,940,0,3
963,156,941,0,3
964,156,986,3,0
965,156,943,0,3
949,157,927,0,3
950,157,928,0,3
962,157,940,0,3
963,157,941,0,3
964,157,986,3,0
950,158,928,0,3
962,158,940,0,3
963,158,941,0,3
962,159,940,0,3
962,160,940,0,3
962,161,940,0,3
954,162,932,0,3
962,162,940,0,3
954,163,932,0,3
955,163,933,0,3
962,163,940,0,3
954,164,932,0,3
955,164,933,0,3
956,164,934,0,3
958,164,980,3,0
962,164,940,0,3
954,165,932,0,3
955,165,933,0,3
956,165,934,0,3
958,165,980,3,0
962,165,940,0,3
954,166,932,0,3
955,166,933,0,3
958,166,980,3,0
962,166,940,0,3
954,167,932,0,3
962,167,940,0,3
962,168,940,0,3
962,169,940,0,3
962,170,940,0,3
962,171,940,0,3
963,171,941,0,3
950,172,928,0,3
962,172,940,0,3
963,172,941,0,3
964,172,986,3,0
949,173,927,0,3
950,173,928,0,3
962,173,940,0,3
963,173,941,0,3
964,173,986,3,0
965,173,943,0,3
949,174,927,0,3
950,174,928,0,3
962,174,940,0,3
963,174,941,0,3
964,174,986,3,0
965,174,943,0,3
949,175,927,0,3
950,175,928,0,3
962,175,940,0,3
963,175,941,0,3
964,175,986,3,0
965,175,943,0,3
967,175,945,0,3
969,176,991,3,0
971,176,949,0,3
972,176,950,0,3
973,176,995,3,0
984,176,962,0,3
985,176,963,0,3
986,176,1008,3,0
989,176,967,0,3
969,177,991,3,0
971,177,949,0,3
972,177,950,0,3
973,177,995,3,0
984,177,962,0,3
985,177,963,0,3
986,177,1008,3,0
971,178,949,0,3
972,178,950,0,3
973,178,995,3,0
984,178,962,0,3
985,178,963,0,3
986,178,1008,3,0
971,179,949,0,3
972,179,950,0,3
973,179,995,3,0
984,179,962,0,3
985,179,963,0,3
986,179,1008,3,0
972,180,950,0,3
973,180,995,3,0
984,180,962,0,3
985,180,963,0,3
973,181,995,3,0
984,181,962,0,3
973,182,995,3,0
984,182,962,0,3
973,183,995,3,0
984,183,962,0,3
973,184,995,3,0
984,184,962,0,3
973,185,995,3,0
977,185,955,0,3
984,185,962,0,3
973,186,995,3,0
977,186,955,0,3
978,186,956,0,3
980,186,1002,3,0
984,186,962,0,3
973,187,995,3,0
977,187,955,0,3
978,187,956,0,3
980,187,1002,3,0
984,187,962,0,3
973,188,995,3,0
977,188,955,0,3
980,188,1002,3,0
984,188,962,0,3
973,189,995,3,0
984,189,962,0,3
973,190,995,3,0
984,190,962,0,3
973,191,995,3,0
984,191,962,0,3
984,192,962,0,3
973,193,995,3,0
984,193,962,0,3
985,193,963,0,3
972,194,950,0,3
973,194,995,3,0
984,194,962,0,3
985,194,963,0,3
986,194,1008,3,0
971,195,949,0,3
972,195,950,0,3
973,195,995,3,0
984,195,962,0,3
985,195,963,0,3
986,195,1008,3,0
971,196,949,0,3
972,196,950,0,3
973,196,995,3,0
984,196,962,0,3
985,196,963,0,3
986,196,1008,3,0
969,197,991,3,0
971,197,949,0,3
972,197,950,0,3
973,197,995,3,0
984,197,962,0,3
985,197,963,0,3
986,197,1008,3,0
989,197,967,0,3
991,198,1013,3,0
993,198,971,0,3
994,198,972,0,3
995,198,1017,3,0
1006,198,984,0,3
1007,198,985,0,3
1011,198,989,0,3
991,199,1013,3,0
993,199,971,0,3
994,199,972,0,3
995,199,1017,3,0
1006,199,984,0,3
1007,199,985,0,3
993,200,971,0,3
994,200,972,0,3
995,200,1017,3,0
1006,200,984,0,3
1007,200,985,0,3
993,201,971,0,3
994,201,972,0,3
995,201,1017,3,0
1006,201,984,0,3
1007,201,985,0,3
994,202,972,0,3
995,202,1017,3,0
1006,202,984,0,3
1007,202,985,0,3
995,203,1017,3,0
1006,203,984,0,3
995,204,1017,3,0
1006,204,984,0,3
995,205,1017,3,0
1006,205,984,0,3
995,206,1017,3,0
1006,206,984,0,3
995,207,1017,3,0
999,207,977,0,3
1006,207,984,0,3
995,208,1017,3,0
999,208,977,0,3
1000,208,978,0,3
1006,208,984,0,3
995,209,1017,3,0
999,209,977,0,3
1000,209,978,0,3
1001,209,979,0,3
1006,209,984,0,3
995,210,1017,3,0
999,210,977,0,3
1006,210,984,0,3
995,211,1017,3,0
1006,211,984,0,3
995,212,1017,3,0
1006,212,984,0,3
995,213,1017,3,0
1006,213,984,0,3
1006,214,984,0,3
995,215,1017,3,0
1006,215,984,0,3
1007,215,985,0,3
994,216,972,0,3
995,216,1017,3,0
1006,216,984,0,3
1007,216,985,0,3
993,217,971,0,3
994,217,972,0,3
995,217,1017,3,0
1006,217,984,0,3
1007,217,985,0,3
993,218,971,0,3
994,218,972,0,3
995,218,1017,3,0
1006,218,984,0,3
1007,218,985,0,3
991,219,1013,3,0
993,219,971,0,3
994,219,972,0,3
995,219,1017,3,0
1006,219,984,0,3
1007,219,985,0,3
1011,219,989,0,3
1015,220,993,0,3
1016,220,994,0,3
1033,220,1011,0,3
1015,221,993,0,3
1016,221,994,0,3
1015,222,993,0,3
1016,222,994,0,3
1015,223,993,0,3
1016,223,994,0,3
1016,224,994,0,3
1020,228,998,0,3
1020,229,998,0,3
1021,229,999,0,3
1020,230,998,0,3
1021,230,999,0,3
1024,230,1046,3,0
1020,231,998,0,3
1021,231,999,0,3
1024,231,1046,3,0
1020,232,998,0,3
1021,232,999,0,3
1024,232,1046,3,0
1020,233,998,0,3
1016,238,994,0,3
1015,239,993,0,3
1016,239,994,0,3
1015,240,993,0,3
1016,240,994,0,3
1015,241,993,0,3
1016,241,994,0,3
1033,241,1011,0,3
1035,242,1057,3,0
1037,242,1015,0,3
1038,242,1016,0,3
1055,242,1033,0,3
1035,243,1057,3,0
1037,243,1015,0,3
1038,243,1016,0,3
1037,244,1015,0,3
1038,244,1016,0,3
1037,245,1015,0,3
1038,245,1016,0,3
1038,246,1016,0,3
1042,250,1020,0,3
1042,251,1020,0,3
1042,252,1020,0,3
1046,252,1068,3,0
1042,253,1020,0,3
1046,253,1068,3,0
1042,254,1020,0,3
1046,254,1068,3,0
1042,255,1020,0,3
1038,260,1016,0,3
1037,261,1015,0,3
1038,261,1016,0,3
1037,262,1015,0,3
1038,262,1016,0,3
1035,263,1057,3,0
1037,263,1015,0,3
1038,263,1016,0,3
1055,263,1033,0,3
1056,264,1078,2,0
1057,264,1079,3,0
1059,264,1037,0,3
1060,264,1038,0,3
1077,264,1055,0,3
1057,265,1079,3,0
1059,265,1037,0,3
1060,265,1038,0,3
1059,266,1037,0,3
1060,266,1038,0,3
1059,267,1037,0,3
1060,267,1038,0,3
1060,268,1038,0,3
1062,270,1084,3,0
1062,271,1084,3,0
1062,272,1084,3,0
1062,273,1084,3,0
1062,274,1084,3,0
1068,274,1090,3,0
1062,275,1084,3,0
1067,275,1089,3,0
1068,275,1090,3,0
1062,276,1084,3,0
1068,276,1090,3,0
1062,277,1084,3,0
1062,278,1084,3,0
1060,282,1038,0,3
1059,283,1037,0,3
1060,283,1038,0,3
1059,284,1037,0,3
1060,284,1038,0,3
1057,285,1079,3,0
1059,285,1037,0,3
1060,285,1038,0,3
1077,285,1055,0,3
1079,286,1101,3,0
1081,286,1059,0,3
1082,286,1060,0,3
1099,286,1077,0,3
1079,287,1101,3,0
1081,287,1059,0,3
1082,287,1060,0,3
1081,288,1059,0,3
1082,288,1060,0,3
1081,289,1059,0,3
1082,289,1060,0,3
1082,290,1060,0,3
1084,292,1106,3,0
1084,293,1106,3,0
1085,293,1107,3,0
1084,294,1106,3,0
1085,294,1107,3,0
1084,295,1106,3,0
1085,295,1107,3,0
1084,296,1106,3,0
1085,296,1107,3,0
1090,296,1112,3,0
1084,297,1106,3,0
1085,297,1107,3,0
1089,297,1111,3,0
1090,297,1112,3,0
1084,298,1106,3,0
1085,298,1107,3,0
1090,298,1112,3,0
1084,299,1106,3,0
1085,299,1107,3,0
1084,300,1106,3,0
1085,300,1107,3,0
1084,301,1106,3,0
1082,304,1060,0,3
1081,305,1059,0,3
1082,305,1060,0,3
1081,306,1059,0,3
1082,306,1060,0,3
1079,307,1101,3,0
1081,307,1059,0,3
1082,307,1060,0,3
1099,307,1077,0,3
1101,308,1123,3,0
1103,308,1081,0,3
1104,308,1082,0,3
1117,308,1095,0,3
1121,308,1099,0,3
1101,309,1123,3,0
1103,309,1081,0,3
1104,309,1082,0,3
1117,309,1095,0,3
1103,310,1081,0,3
1104,310,1082,0,3
1117,310,1095,0,3
1103,311,1081,0,3
1104,311,1082,0,3
1117,311,1095,0,3
1104,312,1082,0,3
1117,312,1095,0,3
1106,314,1128,3,0
1106,315,1128,3,0
1107,315,1129,3,0
1106,316,1128,3,0
1107,316,1129,3,0
1108,316,1086,0,3
1106,317,1128,3,0
1107,317,1129,3,0
1108,317,1086,0,3
1106,318,1128,3,0
1107,318,1129,3,0
1108,318,1086,0,3
1112,318,1134,3,0
1106,319,1128,3,0
1107,319,1129,3,0
1108,319,1086,0,3
1111,319,1133,3,0
1112,319,1134,3,0
1106,320,1128,3,0
1107,320,1129,3,0
1108,320,1086,0,3
1112,320,1134,3,0
1106,321,1128,3,0
1107,321,1129,3,0
1108,321,1086,0,3
1106,322,1128,3,0
1107,322,1129,3,0
1117,325,1095,0,3
1104,326,1082,0,3
1117,326,1095,0,3
1103,327,1081,0,3
1104,327,1082,0,3
1117,327,1095,0,3
1103,328,1081,0,3
1104,328,1082,0,3
1117,328,1095,0,3
1101,329,1123,3,0
1103,329,1081,0,3
1104,329,1082,0,3
1117,329,1095,0,3
1121,329,1099,0,3
1123,330,1145,3,0
1125,330,1103,0,3
1126,330,1104,0,3
1139,330,1117,0,3
1143,330,1121,0,3
1123,331,1145,3,0
1125,331,1103,0,3
1126,331,1104,0,3
1139,331,1117,0,3
1125,332,1103,0,3
1126,332,1104,0,3
1139,332,1117,0,3
1125,333,1103,0,3
1126,333,1104,0,3
1139,333,1117,0,3
1126,334,1104,0,3
1139,334,1117,0,3
1128,336,1150,3,0
1128,337,1150,3,0
1129,337,1151,3,0
1128,338,1150,3,0
1129,338,1151,3,0
1130,338,1108,0,3
1128,339,1150,3,0
1129,339,1151,3,0
1130,339,1108,0,3
1128,340,1150,3,0
1129,340,1151,3,0
1130,340,1108,0,3
1134,340,1156,3,0
1128,341,1150,3,0
1129,341,1151,3,0
1130,341,1108,0,3
1133,341,1155,3,0
1134,341,1156,3,0
1128,342,1150,3,0
1129,342,1151,3,0
1130,342,1108,0,3
1134,342,1156,3,0
1128,343,1150,3,0
1129,343,1151,3,0
1130,343,1108,0,3
1128,344,1150,3,0
1129,344,1151,3,0
1128,345,1150,3,0
1139,347,1117,0,3
1126,348,1104,0,3
1139,348,1117,0,3
1125,349,1103,0,3
1126,349,1104,0,3
1139,349,1117,0,3
1125,350,1103,0,3
1126,350,1104,0,3
1139,350,1117,0,3
1123,351,1145,3,0
1125,351,1103,0,3
1126,351,1104,0,3
1139,351,1117,0,3
1143,351,1121,0,3
1145,352,1167,3,0
1147,352,1125,0,3
1148,352,1126,0,3
1161,352,1139,0,3
1165,352,1143,0,3
1145,353,1167,3,0
1147,353,1125,0,3
1148,353,1126,0,3
1161,353,1139,0,3
1147,354,1125,0,3
1148,354,1126,0,3
1161,354,1139,0,3
1147,355,1125,0,3
1148,355,1126,0,3
1161,355,1139,0,3
1148,356,1126,0,3
1161,356,1139,0,3
1150,358,1172,3,0
1150,359,1172,3,0
1151,359,1173,3,0
1150,360,1172,3,0
1151,360,1173,3,0
1150,361,1172,3,0
1151,361,1173,3,0
1150,362,1172,3,0
1151,362,1173,3,0
1156,362,1178,3,0
1150,363,1172,3,0
1151,363,1173,3,0
1155,363,1177,3,0
1156,363,1178,3,0
1150,364,1172,3,0
1151,364,1173,3,0
1156,364,1178,3,0
1150,365,1172,3,0
1151,365,1173,3,0
1150,366,1172,3,0
1151,366,1173,3,0
1161,369,1139,0,3
1148,370,1126,0,3
1161,370,1139,0,3
1147,371,1125,0,3
1148,371,1126,0,3
1161,371,1139,0,3
1147,372,1125,0,3
1148,372,1126,0,3
1161,372,1139,0,3
1145,373,1167,3,0
1147,373,1125,0,3
1148,373,1126,0,3
1161,373,1139,0,3
1165,373,1143,0,3
1167,374,1189,3,0
1169,374,1147,0,3
1170,374,1148,0,3
1187,374,1165,0,3
1167,375,1189,3,0
1169,375,1147,0,3
1170,375,1148,0,3
1169,376,1147,0,3
1170,376,1148,0,3
1169,377,1147,0,3
1170,377,1148,0,3
1170,378,1148,0,3
1173,381,1195,3,0
1173,382,1195,3,0
1174,382,1152,0,3
1173,383,1195,3,0
1174,383,1152,0,3
1173,384,1195,3,0
1174,384,1152,0,3
1178,384,1200,3,0
1173,385,1195,3,0
1174,385,1152,0,3
1177,385,1199,3,0
1178,385,1200,3,0
1173,386,1195,3,0
1174,386,1152,0,3
1178,386,1200,3,0
1173,387,1195,3,0
1174,387,1152,0,3
1173,388,1195,3,0
1170,392,1148,0,3
1169,393,1147,0,3
1170,393,1148,0,3
1169,394,1147,0,3
1170,394,1148,0,3
1167,395,1189,3,0
1169,395,1147,0,3
1170,395,1148,0,3
1187,395,1165,0,3
1189,396,1211,3,0
1191,396,1169,0,3
1192,396,1170,0,3
1209,396,1187,0,3
1189,397,1211,3,0
1191,397,1169,0,3
1192,397,1170,0,3
1191,398,1169,0,3
1192,398,1170,0,3
1191,399,1169,0,3
1192,399,1170,0,3
1192,400,1170,0,3
1195,403,1217,3,0
1195,404,1217,3,0
1195,405,1217,3,0
1195,406,1217,3,0
1198,406,1176,0,3
1200,406,1222,3,0
1195,407,1217,3,0
1198,407,1176,0,3
1200,407,1222,3,0
1195,408,1217,3,0
1200,408,1222,3,0
1195,409,1217,3,0
1195,410,1217,3,0
1192,414,1170,0,3
1191,415,1169,0,3
1192,415,1170,0,3
1191,416,1169,0,3
1192,416,1170,0,3
1189,417,1211,3,0
1191,417,1169,0,3
1192,417,1170,0,3
1209,417,1187,0,3
1211,418,1233,3,0
1213,418,1191,0,3
1214,418,1192,0,3
1227,418,1205,0,3
1231,418,1209,0,3
1211,419,1233,3,0
1213,419,1191,0,3
1214,419,1192,0,3
1227,419,1205,0,3
1213,420,1191,0,3
1214,420,1192,0,3
1227,420,1205,0,3
1213,421,1191,0,3
1214,421,1192,0,3
1227,421,1205,0,3
1214,422,1192,0,3
1227,422,1205,0,3
1217,425,1239,3,0
1217,426,1239,3,0
1217,427,1239,3,0
1217,428,1239,3,0
1220,428,1198,0,3
1222,428,1244,3,0
1217,429,1239,3,0
1220,429,1198,0,3
1222,429,1244,3,0
1217,430,1239,3,0
1222,430,1244,3,0
1217,431,1239,3,0
1217,432,1239,3,0
1227,435,1205,0,3
1214,436,1192,0,3
1227,436,1205,0,3
1213,437,1191,0,3
1214,437,1192,0,3
1227,437,1205,0,3
1213,438,1191,0,3
1214,438,1192,0,3
1227,438,1205,0,3
1211,439,1233,3,0
1213,439,1191,0,3
1214,439,1192,0,3
1227,439,1205,0,3
1231,439,1209,0,3
1233,440,1255,3,0
1235,440,1213,0,3
1236,440,1214,0,3
1249,440,1227,0,3
1253,440,1231,0,3
1233,441,1255,3,0
1235,441,1213,0,3
1236,441,1214,0,3
1249,441,1227,0,3
1235,442,1213,0,3
1236,442,1214,0,3
1249,442,1227,0,3
1235,443,1213,0,3
1236,443,1214,0,3
1249,443,1227,0,3
1236,444,1214,0,3
1249,444,1227,0,3
1239,447,1261,3,0
1239,448,1261,3,0
1239,449,1261,3,0
1239,450,1261,3,0
1244,450,1266,3,0
1239,451,1261,3,0
1244,451,1266,3,0
1239,452,1261,3,0
1244,452,1266,3,0
1239,453,1261,3,0
1239,454,1261,3,0
1249,457,1227,0,3
1236,458,1214,0,3
1249,458,1227,0,3
1235,459,1213,0,3
1236,459,1214,0,3
1249,459,1227,0,3
1235,460,1213,0,3
1236,460,1214,0,3
1249,460,1227,0,3
1233,461,1255,3,0
1235,461,1213,0,3
1236,461,1214,0,3
1249,461,1227,0,3
1253,461,1231,0,3
1255,462,1277,3,0
1257,462,1235,0,3
1258,462,1236,0,3
1271,462,1249,0,3
1273,462,1251,0,3
1275,462,1253,0,3
1255,463,1277,3,0
1257,463,1235,0,3
1258,463,1236,0,3
1271,463,1249,0,3
1273,463,1251,0,3
1257,464,1235,0,3
1258,464,1236,0,3
1271,464,1249,0,3
1273,464,1251,0,3
1257,465,1235,0,3
1258,465,1236,0,3
1271,465,1249,0,3
1258,466,1236,0,3
1271,466,1249,0,3
1261,469,1283,3,0
1261,470,1283,3,0
1261,471,1283,3,0
1261,472,1283,3,0
1266,472,1288,3,0
1261,473,1283,3,0
1266,473,1288,3,0
1261,474,1283,3,0
1266,474,1288,3,0
1261,475,1283,3,0
1261,476,1283,3,0
1271,479,1249,0,3
1258,480,1236,0,3
1271,480,1249,0,3
1257,481,1235,0,3
1258,481,1236,0,3
1271,481,1249,0,3
1273,481,1251,0,3
1257,482,1235,0,3
1258,482,1236,0,3
1271,482,1249,0,3
1273,482,1251,0,3
1255,483,1277,3,0
1257,483,1235,0,3
1258,483,1236,0,3
1271,483,1249,0,3
1273,483,1251,0,3
1275,483,1253,0,3
1277,484,1299,3,0
1279,484,1257,0,3
1280,484,1258,0,3
1293,484,1271,0,3
1295,484,1273,0,3
1297,484,1275,0,3
1277,485,1299,3,0
1279,485,1257,0,3
1280,485,1258,0,3
1293,485,1271,0,3
1295,485,1273,0,3
1279,486,1257,0,3
1280,486,1258,0,3
1293,486,1271,0,3
1295,486,1273,0,3
1279,487,1257,0,3
1280,487,1258,0,3
1293,487,1271,0,3
1280,488,1258,0,3
1293,488,1271,0,3
1283,491,1305,3,0
1283,492,1305,3,0
1283,493,1305,3,0
1283,494,1305,3,0
1288,494,1310,3,0
1283,495,1305,3,0
1288,495,1310,3,0
1283,496,1305,3,0
1288,496,1310,3,0
1283,497,1305,3,0
1283,498,1305,3,0
1293,501,1271,0,3
1280,502,1258,0,3
1293,502,1271,0,3
1279,503,1257,0,3
1280,503,1258,0,3
1293,503,1271,0,3
1295,503,1273,0,3
1279,504,1257,0,3
1280,504,1258,0,3
1293,504,1271,0,3
1295,504,1273,0,3
1277,505,1299,3,0
1279,505,1257,0,3
1280,505,1258,0,3
1293,505,1271,0,3
1295,505,1273,0,3
1297,505,1275,0,3
1301,506,1279,0,3
1319,506,1297,0,3
1301,507,1279,0,3
1301,508,1279,0,3
1301,509,1279,0,3
1305,513,1327,3,0
1305,514,1327,3,0
1305,515,1327,3,0
1305,516,1327,3,0
1310,516,1332,3,0
1305,517,1327,3,0
1310,517,1332,3,0
1305,518,1327,3,0
1310,518,1332,3,0
1305,519,1327,3,0
1305,520,1327,3,0
1301,525,1279,0,3
1301,526,1279,0,3
1301,527,1279,0,3
1319,527,1297,0,3
1323,528,1301,0,3
1337,528,1315,0,3
1341,528,1319,0,3
1323,529,1301,0,3
1337,529,1315,0,3
1323,530,1301,0,3
1337,530,1315,0,3
1323,531,1301,0,3
1337,531,1315,0,3
1337,532,1315,0,3
1328,536,1350,3,0
1328,537,1350,3,0
1328,538,1350,3,0
1330,538,1308,0,3
1328,539,1350,3,0
1330,539,1308,0,3
1331,539,1353,3,0
1328,540,1350,3,0
1328,541,1350,3,0
1337,545,1315,0,3
1337,546,1315,0,3
1323,547,1301,0,3
1337,547,1315,0,3
1323,548,1301,0,3
1337,548,1315,0,3
1323,549,1301,0,3
1337,549,1315,0,3
1341,549,1319,0,3
1345,550,1323,0,3
1361,550,1339,0,3
1363,550,1341,0,3
1345,551,1323,0,3
1361,551,1339,0,3
1345,552,1323,0,3
1361,552,1339,0,3
1345,553,1323,0,3
1348,556,1326,0,3
1348,557,1326,0,3
1348,558,1326,0,3
1350,558,1372,3,0
1348,559,1326,0,3
1350,559,1372,3,0
1351,559,1329,0,3
1348,560,1326,0,3
1350,560,1372,3,0
1351,560,1329,0,3
1348,561,1326,0,3
1350,561,1372,3,0
1351,561,1329,0,3
1353,561,1375,3,0
1348,562,1326,0,3
1350,562,1372,3,0
1351,562,1329,0,3
1348,563,1326,0,3
1350,563,1372,3,0
1348,564,1326,0,3
1348,565,1326,0,3
1345,569,1323,0,3
1361,569,1339,0,3
1345,570,1323,0,3
1361,570,1339,0,3
1345,571,1323,0,3
1361,571,1339,0,3
1363,571,1341,0,3
1367,572,1345,0,3
1385,572,1363,0,3
1367,573,1345,0,3
1367,574,1345,0,3
1367,575,1345,0,3
1370,578,1348,0,3
1370,579,1348,0,3
1379,579,1357,0,3
1370,580,1348,0,3
1372,580,1394,3,0
1379,580,1357,0,3
1370,581,1348,0,3
1372,581,1394,3,0
1373,581,1351,0,3
1379,581,1357,0,3
1370,582,1348,0,3
1372,582,1394,3,0
1373,582,1351,0,3
1374,582,1352,0,3
1376,582,1398,3,0
1379,582,1357,0,3
1370,583,1348,0,3
1372,583,1394,3,0
1373,583,1351,0,3
1374,583,1352,0,3
1376,583,1398,3,0
1379,583,1357,0,3
1370,584,1348,0,3
1372,584,1394,3,0
1373,584,1351,0,3
1376,584,1398,3,0
1379,584,1357,0,3
1370,585,1348,0,3
1372,585,1394,3,0
1379,585,1357,0,3
1370,586,1348,0,3
1379,586,1357,0,3
1379,587,1357,0,3
1367,591,1345,0,3
1367,592,1345,0,3
1367,593,1345,0,3
1385,593,1363,0,3
1389,594,1367,0,3
1407,594,1385,0,3
1389,595,1367,0,3
1389,596,1367,0,3
1389,597,1367,0,3
1392,600,1370,0,3
1392,601,1370,0,3
1401,601,1379,0,3
1392,602,1370,0,3
1401,602,1379,0,3
1392,603,1370,0,3
1395,603,1373,0,3
1401,603,1379,0,3
1392,604,1370,0,3
1395,604,1373,0,3
1396,604,1374,0,3
1398,604,1420,3,0
1401,604,1379,0,3
1392,605,1370,0,3
1395,605,1373,0,3
1396,605,1374,0,3
1398,605,1420,3,0
1401,605,1379,0,3
1392,606,1370,0,3
1395,606,1373,0,3
1398,606,1420,3,0
1401,606,1379,0,3
1392,607,1370,0,3
1401,607,1379,0,3
1392,608,1370,0,3
1401,608,1379,0,3
1392,609,1370,0,3
1401,609,1379,0,3
1389,613,1367,0,3
1389,614,1367,0,3
1389,615,1367,0,3
1407,615,1385,0,3
1408,616,1430,2,0
1411,616,1389,0,3
1412,616,1390,0,3
1429,616,1407,0,3
1411,617,1389,0,3
1412,617,1390,0,3
1411,618,1389,0,3
1412,618,1390,0,3
1411,619,1389,0,3
1412,619,1390,0,3
1412,620,1390,0,3
1414,622,1392,0,3
1414,623,1392,0,3
1423,623,1401,0,3
1414,624,1392,0,3
1423,624,1401,0,3
1414,625,1392,0,3
1417,625,1395,0,3
1421,625,1443,3,0
1423,625,1401,0,3
1414,626,1392,0,3
1417,626,1395,0,3
1421,626,1443,3,0
1423,626,1401,0,3
1414,627,1392,0,3
1417,627,1395,0,3
1421,627,1443,3,0
1423,627,1401,0,3
1414,628,1392,0,3
1417,628,1395,0,3
1421,628,1443,3,0
1423,628,1401,0,3
1414,629,1392,0,3
1421,629,1443,3,0
1423,629,1401,0,3
1414,630,1392,0,3
1423,630,1401,0,3
1423,631,1401,0,3
1412,634,1390,0,3
1411,635,1389,0,3
1412,635,1390,0,3
1411,636,1389,0,3
1412,636,1390,0,3
1411,637,1389,0,3
1412,637,1390,0,3
1429,637,1407,0,3
1430,638,1452,2,0
1433,638,1411,0,3
1434,638,1412,0,3
1451,638,1429,0,3
1433,639,1411,0,3
1434,639,1412,0,3
1433,640,1411,0,3
1434,640,1412,0,3
1433,641,1411,0,3
1434,641,1412,0,3
1434,642,1412,0,3
1436,644,1414,0,3
1436,645,1414,0,3
1445,645,1423,0,3
1436,646,1414,0,3
1445,646,1423,0,3
1436,647,1414,0,3
1439,647,1417,0,3
1443,647,1465,3,0
1445,647,1423,0,3
1436,648,1414,0,3
1439,648,1417,0,3
1443,648,1465,3,0
1445,648,1423,0,3
1436,649,1414,0,3
1439,649,1417,0,3
1443,649,1465,3,0
1445,649,1423,0,3
1436,650,1414,0,3
1439,650,1417,0,3
1443,650,1465,3,0
1445,650,1423,0,3
1436,651,1414,0,3
1443,651,1465,3,0
1445,651,1423,0,3
1436,652,1414,0,3
1445,652,1423,0,3
1436,653,1414,0,3
1445,653,1423,0,3
1434,656,1412,0,3
1433,657,1411,0,3
1434,657,1412,0,3
1433,658,1411,0,3
1434,658,1412,0,3
1433,659,1411,0,3
1434,659,1412,0,3
1451,659,1429,0,3
1452,660,1474,2,0
1455,660,1433,0,3
1456,660,1434,0,3
1470,660,1448,0,3
1473,660,1451,0,3
1455,661,1433,0,3
1456,661,1434,0,3
1470,661,1448,0,3
1455,662,1433,0,3
1456,662,1434,0,3
1470,662,1448,0,3
1455,663,1433,0,3
1456,663,1434,0,3
1470,663,1448,0,3
1456,664,1434,0,3
1458,666,1436,0,3
1458,667,1436,0,3
1467,667,1445,0,3
1458,668,1436,0,3
1460,668,1438,0,3
1467,668,1445,0,3
1458,669,1436,0,3
1460,669,1438,0,3
1461,669,1439,0,3
1467,669,1445,0,3
1458,670,1436,0,3
1460,670,1438,0,3
1461,670,1439,0,3
1467,670,1445,0,3
1458,671,1436,0,3
1460,671,1438,0,3
1461,671,1439,0,3
1463,671,1485,3,0
1467,671,1445,0,3
1458,672,1436,0,3
1460,672,1438,0,3
1461,672,1439,0,3
1467,672,1445,0,3
1458,673,1436,0,3
1460,673,1438,0,3
1467,673,1445,0,3
1458,674,1436,0,3
1467,674,1445,0,3
1467,675,1445,0,3
1456,678,1434,0,3
1470,678,1448,0,3
1455,679,1433,0,3
1456,679,1434,0,3
1470,679,1448,0,3
1455,680,1433,0,3
1456,680,1434,0,3
1470,680,1448,0,3
1455,681,1433,0,3
1456,681,1434,0,3
1470,681,1448,0,3
1473,681,1451,0,3
1474,682,1496,2,0
1477,682,1455,0,3
1478,682,1456,0,3
1492,682,1470,0,3
1493,682,1471,0,3
1495,682,1473,0,3
1477,683,1455,0,3
1478,683,1456,0,3
1492,683,1470,0,3
1493,683,1471,0,3
1477,684,1455,0,3
1478,684,1456,0,3
1492,684,1470,0,3
1493,684,1471,0,3
1477,685,1455,0,3
1478,685,1456,0,3
1492,685,1470,0,3
1478,686,1456,0,3
1480,688,1458,0,3
1480,689,1458,0,3
1489,689,1467,0,3
1480,690,1458,0,3
1489,690,1467,0,3
1480,691,1458,0,3
1483,691,1461,0,3
1489,691,1467,0,3
1480,692,1458,0,3
1483,692,1461,0,3
1484,692,1506,3,0
1489,692,1467,0,3
1480,693,1458,0,3
1483,693,1461,0,3
1484,693,1506,3,0
1485,693,1507,3,0
1489,693,1467,0,3
1480,694,1458,0,3
1483,694,1461,0,3
1489,694,1467,0,3
1480,695,1458,0,3
1489,695,1467,0,3
1480,696,1458,0,3
1489,696,1467,0,3
1480,697,1458,0,3
1489,697,1467,0,3
1478,700,1456,0,3
1492,700,1470,0,3
1477,701,1455,0,3
1478,701,1456,0,3
1492,701,1470,0,3
1493,701,1471,0,3
1477,702,1455,0,3
1478,702,1456,0,3
1492,702,1470,0,3
1493,702,1471,0,3
1477,703,1455,0,3
1478,703,1456,0,3
1492,703,1470,0,3
1493,703,1471,0,3
1495,703,1473,0,3
1496,704,1518,2,0
1499,704,1477,0,3
1514,704,1492,0,3
1515,704,1493,0,3
1516,704,1538,3,0
1499,705,1477,0,3
1514,705,1492,0,3
1515,705,1493,0,3
1516,705,1538,3,0
1499,706,1477,0,3
1514,706,1492,0,3
1515,706,1493,0,3
1499,707,1477,0,3
1514,707,1492,0,3
1511,711,1489,0,3
1504,712,1526,3,0
1511,712,1489,0,3
1504,713,1526,3,0
1505,713,1483,0,3
1511,713,1489,0,3
1504,714,1526,3,0
1505,714,1483,0,3
1506,714,1528,3,0
1511,714,1489,0,3
1504,715,1526,3,0
1505,715,1483,0,3
1506,715,1528,3,0
1507,715,1529,3,0
1511,715,1489,0,3
1504,716,1526,3,0
1505,716,1483,0,3
1511,716,1489,0,3
1504,717,1526,3,0
1511,717,1489,0,3
1511,718,1489,0,3
1511,719,1489,0,3
1514,722,1492,0,3
1499,723,1477,0,3
1514,723,1492,0,3
1515,723,1493,0,3
1499,724,1477,0,3
1514,724,1492,0,3
1515,724,1493,0,3
1516,724,1538,3,0
1499,725,1477,0,3
1514,725,1492,0,3
1515,725,1493,0,3
1516,725,1538,3,0
1518,726,1540,2,0
1521,726,1499,0,3
1522,726,1500,0,3
1523,726,1545,3,0
1535,726,1513,0,3
1536,726,1514,0,3
1537,726,1515,0,3
1521,727,1499,0,3
1522,727,1500,0,3
1523,727,1545,3,0
1535,727,1513,0,3
1536,727,1514,0,3
1537,727,1515,0,3
1521,728,1499,0,3
1522,728,1500,0,3
1523,728,1545,3,0
1535,728,1513,0,3
1536,728,1514,0,3
1537,728,1515,0,3
1521,729,1499,0,3
1522,729,1500,0,3
1523,729,1545,3,0
1535,729,1513,0,3
1536,729,1514,0,3
1522,730,1500,0,3
1523,730,1545,3,0
1535,730,1513,0,3
1523,731,1545,3,0
1523,732,1545,3,0
1523,733,1545,3,0
1533,733,1511,0,3
1523,734,1545,3,0
1532,734,1510,0,3
1533,734,1511,0,3
1523,735,1545,3,0
1527,735,1505,0,3
1532,735,1510,0,3
1533,735,1511,0,3
1523,736,1545,3,0
1527,736,1505,0,3
1530,736,1552,3,0
1532,736,1510,0,3
1533,736,1511,0,3
1523,737,1545,3,0
1527,737,1505,0,3
1530,737,1552,3,0
1532,737,1510,0,3
1533,737,1511,0,3
1523,738,1545,3,0
1527,738,1505,0,3
1530,738,1552,3,0
1532,738,1510,0,3
1533,738,1511,0,3
1523,739,1545,3,0
1532,739,1510,0,3
1533,739,1511,0,3
1523,740,1545,3,0
1532,740,1510,0,3
1533,740,1511,0,3
1523,741,1545,3,0
1533,741,1511,0,3
1523,743,1545,3,0
1535,743,1513,0,3
1522,744,1500,0,3
1523,744,1545,3,0
1535,744,1513,0,3
1536,744,1514,0,3
1521,745,1499,0,3
1522,745,1500,0,3
1523,745,1545,3,0
1535,745,1513,0,3
1536,745,1514,0,3
1537,745,1515,0,3
1521,746,1499,0,3
1522,746,1500,0,3
1523,746,1545,3,0
1535,746,1513,0,3
1536,746,1514,0,3
1537,746,1515,0,3
1521,747,1499,0,3
1522,747,1500,0,3
1523,747,1545,3,0
1535,747,1513,0,3
1536,747,1514,0,3
1537,747,1515,0,3
1540,748,1562,2,0
1543,748,1521,0,3
1544,748,1522,0,3
1557,748,1535,0,3
1559,748,1537,0,3
1543,749,1521,0,3
1544,749,1522,0,3
1557,749,1535,0,3
1559,749,1537,0,3
1543,750,1521,0,3
1544,750,1522,0,3
1557,750,1535,0,3
1559,750,1537,0,3
1543,751,1521,0,3
1544,751,1522,0,3
1557,751,1535,0,3
1544,752,1522,0,3
1557,752,1535,0,3
1555,755,1533,0,3
1554,756,1532,0,3
1555,756,1533,0,3
1549,757,1527,0,3
1554,757,1532,0,3
1555,757,1533,0,3
1549,758,1527,0,3
1554,758,1532,0,3
1555,758,1533,0,3
1549,759,1527,0,3
1554,759,1532,0,3
1555,759,1533,0,3
1549,760,1527,0,3
1554,760,1532,0,3
1555,760,1533,0,3
1554,761,1532,0,3
1555,761,1533,0,3
1554,762,1532,0,3
1555,762,1533,0,3
1555,763,1533,0,3
1557,765,1535,0,3
1544,766,1522,0,3
1557,766,1535,0,3
1543,767,1521,0,3
1544,767,1522,0,3
1557,767,1535,0,3
1559,767,1537,0,3
1543,768,1521,0,3
1544,768,1522,0,3
1557,768,1535,0,3
1559,768,1537,0,3
1543,769,1521,0,3
1544,769,1522,0,3
1557,769,1535,0,3
1559,769,1537,0,3
1562,770,0,2,3
1564,770,2,3,3
1566,770,1544,0,3
1579,770,1557,0,3
1580,770,1558,0,3
1581,770,1559,0,3
1583,770,21,3,3
1564,771,2,3,3
1566,771,1544,0,3
1579,771,1557,0,3
1580,771,1558,0,3
1581,771,1559,0,3
1564,772,2,3,3
1566,772,1544,0,3
1579,772,1557,0,3
1580,772,1558,0,3
1581,772,1559,0,3
1566,773,1544,0,3
1579,773,1557,0,3
1580,773,1558,0,3
1566,774,1544,0,3
1579,774,1557,0,3
1577,777,1555,0,3
1570,778,1548,0,3
1577,778,1555,0,3
1570,779,1548,0,3
1571,779,1549,0,3
1577,779,1555,0,3
1570,780,1548,0,3
1571,780,1549,0,3
1572,780,10,3,3
1577,780,1555,0,3
1570,781,1548,0,3
1571,781,1549,0,3
1572,781,10,3,3
1573,781,11,3,3
1577,781,1555,0,3
1570,782,1548,0,3
1571,782,1549,0,3
1577,782,1555,0,3
1570,783,1548,0,3
1577,783,1555,0,3
1577,784,1555,0,3
1577,785,1555,0,3
1579,787,1557,0,3
1566,788,1544,0,3
1579,788,1557,0,3
1580,788,1558,0,3
1566,789,1544,0,3
1579,789,1557,0,3
1580,789,1558,0,3
1581,789,1559,0,3
1564,790,2,3,3
1566,790,1544,0,3
1579,790,1557,0,3
1580,790,1558,0,3
1581,790,1559,0,3
1564,791,2,3,3
1566,791,1544,0,3
1579,791,1557,0,3
1580,791,1558,0,3
1581,791,1559,0,3
1583,791,21,3,3
0,792,22,1,0
2,792,1564,3,3
17,792,1579,3,3
18,792,1580,3,3
19,792,1581,3,3
20,792,42,2,0
21,792,43,2,0
2,793,1564,3,3
17,793,1579,3,3
18,793,1580,3,3
19,793,1581,3,3
20,793,42,2,0
2,794,1564,3,3
17,794,1579,3,3
18,794,1580,3,3
19,794,1581,3,3
17,795,1579,3,3
18,795,1580,3,3
17,796,1579,3,3
6,798,28,2,0
6,799,28,2,0
6,800,28,2,0
14,800,1576,3,3
6,801,28,2,0
9,801,1571,3,3
14,801,1576,3,3
6,802,28,2,0
9,802,1571,3,3
10,802,32,2,0
12,802,1574,3,3
14,802,1576,3,3
6,803,28,2,0
9,803,1571,3,3
10,803,32,2,0
11,803,33,2,0
12,803,1574,3,3
14,803,1576,3,3
6,804,28,2,0
9,804,1571,3,3
12,804,1574,3,3
14,804,1576,3,3
6,805,28,2,0
14,805,1576,3,3
6,806,28,2,0
14,806,1576,3,3
17,809,1579,3,3
17,810,1579,3,3
18,810,1580,3,3
17,811,1579,3,3
18,811,1580,3,3
19,811,1581,3,3
2,812,1564,3,3
17,812,1579,3,3
18,812,1580,3,3
19,812,1581,3,3
20,812,42,2,0
2,813,1564,3,3
17,813,1579,3,3
18,813,1580,3,3
19,813,1581,3,3
20,813,42,2,0
21,813,43,2,0
22,814,44,2,0
23,814,1,0,2
25,814,3,0,2
39,814,17,0,2
40,814,18,0,2
42,814,64,3,0
43,814,65,3,0
23,815,1,0,2
25,815,3,0,2
39,815,17,0,2
40,815,18,0,2
42,815,64,3,0
25,816,3,0,2
39,816,17,0,2
40,816,18,0,2
25,817,3,0,2
39,817,17,0,2
40,817,18,0,2
39,818,17,0,2
30,822,52,3,0
36,822,14,0,2
30,823,52,3,0
36,823,14,0,2
30,824,52,3,0
32,824,54,3,0
34,824,12,0,2
36,824,14,0,2
30,825,52,3,0
32,825,54,3,0
33,825,55,3,0
34,825,12,0,2
36,825,14,0,2
30,826,52,3,0
34,826,12,0,2
36,826,14,0,2
30,827,52,3,0
36,827,14,0,2
36,828,14,0,2
39,831,17,0,2
39,832,17,0,2
40,832,18,0,2
25,833,3,0,2
39,833,17,0,2
40,833,18,0,2
25,834,3,0,2
39,834,17,0,2
40,834,18,0,2
42,834,64,3,0
23,835,1,0,2
25,835,3,0,2
39,835,17,0,2
40,835,18,0,2
42,835,64,3,0
43,835,65,3,0
44,836,66,2,0
61,836,39,0,3
62,836,40,0,3
64,836,86,3,0
65,836,87,3,0
61,837,39,0,3
62,837,40,0,3
64,837,86,3,0
61,838,39,0,3
62,838,40,0,3
61,839,39,0,3
62,839,40,0,3
61,840,39,0,3
52,844,74,3,0
58,844,36,0,3
52,845,74,3,0
58,845,36,0,3
52,846,74,3,0
54,846,76,3,0
58,846,36,0,3
52,847,74,3,0
54,847,76,3,0
58,847,36,0,3
52,848,74,3,0
58,848,36,0,3
52,849,74,3,0
58,849,36,0,3
58,850,36,0,3
61,853,39,0,3
61,854,39,0,3
62,854,40,0,3
61,855,39,0,3
62,855,40,0,3
61,856,39,0,3
62,856,40,0,3
64,856,86,3,0
61,857,39,0,3
62,857,40,0,3
64,857,86,3,0
65,857,87,3,0
66,858,88,2,0
67,858,45,0,3
83,858,61,0,3
84,858,62,0,3
86,858,108,3,0
87,858,109,3,0
67,859,45,0,3
83,859,61,0,3
84,859,62,0,3
86,859,108,3,0
83,860,61,0,3
84,860,62,0,3
83,861,61,0,3
84,861,62,0,3
83,862,61,0,3
74,866,96,3,0
80,866,58,0,3
74,867,96,3,0
75,867,97,3,0
80,867,58,0,3
74,868,96,3,0
75,868,97,3,0
76,868,98,3,0
80,868,58,0,3
74,869,96,3,0
75,869,97,3,0
76,869,98,3,0
80,869,58,0,3
74,870,96,3,0
75,870,97,3,0
80,870,58,0,3
74,871,96,3,0
80,871,58,0,3
80,872,58,0,3
83,875,61,0,3
83,876,61,0,3
84,876,62,0,3
83,877,61,0,3
84,877,62,0,3
83,878,61,0,3
84,878,62,0,3
86,878,108,3,0
67,879,45,0,3
83,879,61,0,3
84,879,62,0,3
86,879,108,3,0
87,879,109,3,0
88,880,110,2,0
89,880,67,0,3
90,880,68,0,3
91,880,113,3,0
104,880,82,0,3
105,880,127,3,0
106,880,84,0,3
108,880,130,3,0
109,880,131,3,0
89,881,67,0,3
90,881,68,0,3
91,881,113,3,0
104,881,82,0,3
105,881,127,3,0
106,881,84,0,3
108,881,130,3,0
90,882,68,0,3
91,882,113,3,0
104,882,82,0,3
105,882,127,3,0
106,882,84,0,3
91,883,113,3,0
104,883,82,0,3
105,883,127,3,0
106,883,84,0,3
104,884,82,0,3
105,884,127,3,0
104,885,82,0,3
94,886,116,3,0
104,886,82,0,3
94,887,116,3,0
104,887,82,0,3
94,888,116,3,0
96,888,118,3,0
102,888,80,0,3
104,888,82,0,3
94,889,116,3,0
96,889,118,3,0
97,889,119,3,0
102,889,80,0,3
104,889,82,0,3
94,890,116,3,0
96,890,118,3,0
97,890,119,3,0
98,890,120,3,0
102,890,80,0,3
104,890,82,0,3
94,891,116,3,0
96,891,118,3,0
97,891,119,3,0
98,891,120,3,0
102,891,80,0,3
104,891,82,0,3
94,892,116,3,0
96,892,118,3,0
97,892,119,3,0
102,892,80,0,3
104,892,82,0,3
94,893,116,3,0
96,893,118,3,0
102,893,80,0,3
104,893,82,0,3
94,894,116,3,0
102,894,80,0,3
104,894,82,0,3
104,895,82,0,3
104,896,82,0,3
104,897,82,0,3
105,897,127,3,0
104,898,82,0,3
105,898,127,3,0
106,898,84,0,3
91,899,113,3,0
104,899,82,0,3
105,899,127,3,0
106,899,84,0,3
90,900,68,0,3
91,900,113,3,0
104,900,82,0,3
105,900,127,3,0
106,900,84,0,3
108,900,130,3,0
89,901,67,0,3
90,901,68,0,3
91,901,113,3,0
104,901,82,0,3
105,901,127,3,0
106,901,84,0,3
108,901,130,3,0
109,901,131,3,0
112,902,90,0,3
113,902,135,3,0
127,902,149,3,0
128,902,106,0,3
130,902,152,3,0
131,902,153,3,0
112,903,90,0,3
113,903,135,3,0
127,903,149,3,0
128,903,106,0,3
130,903,152,3,0
112,904,90,0,3
113,904,135,3,0
127,904,149,3,0
128,904,106,0,3
113,905,135,3,0
127,905,149,3,0
128,905,106,0,3
127,906,149,3,0
118,910,140,3,0
124,910,102,0,3
118,911,140,3,0
124,911,102,0,3
118,912,140,3,0
120,912,142,3,0
124,912,102,0,3
118,913,140,3,0
120,913,142,3,0
121,913,143,3,0
124,913,102,0,3
118,914,140,3,0
124,914,102,0,3
118,915,140,3,0
124,915,102,0,3
124,916,102,0,3
127,919,149,3,0
127,920,149,3,0
128,920,106,0,3
113,921,135,3,0
127,921,149,3,0
128,921,106,0,3
112,922,90,0,3
113,922,135,3,0
127,922,149,3,0
128,922,106,0,3
130,922,152,3,0
112,923,90,0,3
113,923,135,3,0
127,923,149,3,0
128,923,106,0,3
130,923,152,3,0
131,923,153,3,0
135,924,157,3,0
136,924,158,3,0
148,924,170,3,0
149,924,171,3,0
150,924,128,0,3
151,924,173,3,0
153,924,175,3,0
135,925,157,3,0
136,925,158,3,0
148,925,170,3,0
149,925,171,3,0
150,925,128,0,3
151,925,173,3,0
135,926,157,3,0
136,926,158,3,0
148,926,170,3,0
149,926,171,3,0
150,926,128,0,3
151,926,173,3,0
135,927,157,3,0
136,927,158,3,0
148,927,170,3,0
149,927,171,3,0
150,927,128,0,3
136,928,158,3,0
148,928,170,3,0
149,928,171,3,0
148,929,170,3,0
148,930,170,3,0
148,931,170,3,0
140,932,162,3,0
148,932,170,3,0
140,933,162,3,0
141,933,163,3,0
148,933,170,3,0
140,934,162,3,0
141,934,163,3,0
142,934,164,3,0
148,934,170,3,0
140,935,162,3,0
141,935,163,3,0
142,935,164,3,0
143,935,165,3,0
148,935,170,3,0
140,936,162,3,0
141,936,163,3,0
148,936,170,3,0
140,937,162,3,0
148,937,170,3,0
148,938,170,3,0
148,939,170,3,0
148,940,170,3,0
148,941,170,3,0
149,941,171,3,0
136,942,158,3,0
148,942,170,3,0
149,942,171,3,0
150,942,128,0,3
135,943,157,3,0
136,943,158,3,0
148,943,170,3,0
149,943,171,3,0
150,943,128,0,3
151,943,173,3,0
135,944,157,3,0
136,944,158,3,0
148,944,170,3,0
149,944,171,3,0
150,944,128,0,3
151,944,173,3,0
135,945,157,3,0
136,945,158,3,0
148,945,170,3,0
149,945,171,3,0
150,945,128,0,3
151,945,173,3,0
153,945,175,3,0
157,946,179,3,0
158,946,180,3,0
170,946,192,3,0
171,946,193,3,0
172,946,150,0,3
173,946,195,3,0
175,946,197,3,0
157,947,179,3,0
158,947,180,3,0
170,947,192,3,0
171,947,193,3,0
172,947,150,0,3
173,947,195,3,0
157,948,179,3,0
158,948,180,3,0
170,948,192,3,0
171,948,193,3,0
172,948,150,0,3
173,948,195,3,0
157,949,179,3,0
158,949,180,3,0
170,949,192,3,0
171,949,193,3,0
172,949,150,0,3
158,950,180,3,0
170,950,192,3,0
171,950,193,3,0
170,951,192,3,0
170,952,192,3,0
170,953,192,3,0
162,954,184,3,0
170,954,192,3,0
162,955,184,3,0
163,955,185,3,0
170,955,192,3,0
162,956,184,3,0
163,956,185,3,0
164,956,186,3,0
166,956,144,0,3
170,956,192,3,0
162,957,184,3,0
163,957,185,3,0
164,957,186,3,0
166,957,144,0,3
170,957,192,3,0
162,958,184,3,0
163,958,185,3,0
166,958,144,0,3
170,958,192,3,0
162,959,184,3,0
170,959,192,3,0
170,960,192,3,0
170,961,192,3,0
170,962,192,3,0
170,963,192,3,0
171,963,193,3,0
158,964,180,3,0
170,964,192,3,0
171,964,193,3,0
172,964,150,0,3
157,965,179,3,0
158,965,180,3,0
170,965,192,3,0
171,965,193,3,0
172,965,150,0,3
173,965,195,3,0
157,966,179,3,0
158,966,180,3,0
170,966,192,3,0
171,966,193,3,0
172,966,150,0,3
173,966,195,3,0
157,967,179,3,0
158,967,180,3,0
170,967,192,3,0
171,967,193,3,0
172,967,150,0,3
173,967,195,3,0
175,967,197,3,0
177,968,155,0,3
179,968,201,3,0
180,968,202,3,0
181,968,159,0,3
192,968,214,3,0
193,968,215,3,0
194,968,172,0,3
197,968,219,3,0
177,969,155,0,3
179,969,201,3,0
180,969,202,3,0
181,969,159,0,3
192,969,214,3,0
193,969,215,3,0
194,969,172,0,3
179,970,201,3,0
180,970,202,3,0
181,970,159,0,3
192,970,214,3,0
193,970,215,3,0
194,970,172,0,3
179,971,201,3,0
180,971,202,3,0
181,971,159,0,3
192,971,214,3,0
193,971,215,3,0
194,971,172,0,3
180,972,202,3,0
181,972,159,0,3
192,972,214,3,0
193,972,215,3,0
181,973,159,0,3
192,973,214,3,0
181,974,159,0,3
192,974,214,3,0
181,975,159,0,3
192,975,214,3,0
181,976,159,0,3
192,976,214,3,0
181,977,159,0,3
185,977,207,3,0
192,977,214,3,0
181,978,159,0,3
185,978,207,3,0
186,978,208,3,0
188,978,166,0,3
192,978,214,3,0
181,979,159,0,3
185,979,207,3,0
186,979,208,3,0
188,979,166,0,3
192,979,214,3,0
181,980,159,0,3
185,980,207,3,0
188,980,166,0,3
192,980,214,3,0
181,981,159,0,3
192,981,214,3,0
181,982,159,0,3
192,982,214,3,0
181,983,159,0,3
192,983,214,3,0
192,984,214,3,0
181,985,159,0,3
192,985,214,3,0
193,985,215,3,0
180,986,202,3,0
181,986,159,0,3
192,986,214,3,0
193,986,215,3,0
194,986,172,0,3
179,987,201,3,0
180,987,202,3,0
181,987,159,0,3
192,987,214,3,0
193,987,215,3,0
194,987,172,0,3
179,988,201,3,0
180,988,202,3,0
181,988,159,0,3
192,988,214,3,0
193,988,215,3,0
194,988,172,0,3
177,989,155,0,3
179,989,201,3,0
180,989,202,3,0
181,989,159,0,3
192,989,214,3,0
193,989,215,3,0
194,989,172,0,3
197,989,219,3,0
199,990,177,0,3
201,990,223,3,0
202,990,224,3,0
203,990,181,0,3
214,990,236,3,0
215,990,237,3,0
219,990,241,3,0
199,991,177,0,3
201,991,223,3,0
202,991,224,3,0
203,991,181,0,3
214,991,236,3,0
215,991,237,3,0
201,992,223,3,0
202,992,224,3,0
203,992,181,0,3
214,992,236,3,0
215,992,237,3,0
201,993,223,3,0
202,993,224,3,0
203,993,181,0,3
214,993,236,3,0
215,993,237,3,0
202,994,224,3,0
203,994,181,0,3
214,994,236,3,0
215,994,237,3,0
203,995,181,0,3
214,995,236,3,0
203,996,181,0,3
214,996,236,3,0
203,997,181,0,3
214,997,236,3,0
203,998,181,0,3
214,998,236,3,0
203,999,181,0,3
207,999,229,3,0
214,999,236,3,0
203,1000,181,0,3
207,1000,229,3,0
208,1000,230,3,0
214,1000,236,3,0
203,1001,181,0,3
207,1001,229,3,0
208,1001,230,3,0
209,1001,231,3,0
214,1001,236,3,0
203,1002,181,0,3
207,1002,229,3,0
214,1002,236,3,0
203,1003,181,0,3
214,1003,236,3,0
203,1004,181,0,3
214,1004,236,3,0
203,1005,181,0,3
214,1005,236,3,0
214,1006,236,3,0
203,1007,181,0,3
214,1007,236,3,0
215,1007,237,3,0
202,1008,224,3,0
203,1008,181,0,3
214,1008,236,3,0
215,1008,237,3,0
201,1009,223,3,0
202,1009,224,3,0
203,1009,181,0,3
214,1009,236,3,0
215,1009,237,3,0
201,1010,223,3,0
202,1010,224,3,0
203,1010,181,0,3
214,1010,236,3,0
215,1010,237,3,0
199,1011,177,0,3
201,1011,223,3,0
202,1011,224,3,0
203,1011,181,0,3
214,1011,236,3,0
215,1011,237,3,0
219,1011,241,3,0
223,1012,245,3,0
224,1012,246,3,0
241,1012,263,3,0
223,1013,245,3,0
224,1013,246,3,0
223,1014,245,3,0
224,1014,246,3,0
223,1015,245,3,0
224,1015,246,3,0
224,1016,246,3,0
228,1020,250,3,0
228,1021,250,3,0
229,1021,251,3,0
228,1022,250,3,0
229,1022,251,3,0
232,1022,210,0,3
228,1023,250,3,0
229,1023,251,3,0
232,1023,210,0,3
228,1024,250,3,0
229,1024,251,3,0
232,1024,210,0,3
228,1025,250,3,0
224,1030,246,3,0
223,1031,245,3,0
224,1031,246,3,0
223,1032,245,3,0
224,1032,246,3,0
223,1033,245,3,0
224,1033,246,3,0
241,1033,263,3,0
243,1034,221,0,3
245,1034,267,3,0
246,1034,268,3,0
263,1034,285,3,0
243,1035,221,0,3
245,1035,267,3,0
246,1035,268,3,0
245,1036,267,3,0
246,1036,268,3,0
245,1037,267,3,0
246,1037,268,3,0
246,1038,268,3,0
250,1042,272,3,0
250,1043,272,3,0
250,1044,272,3,0
254,1044,232,0,3
250,1045,272,3,0
254,1045,232,0,3
250,1046,272,3,0
254,1046,232,0,3
250,1047,272,3,0
246,1052,268,3,0
245,1053,267,3,0
246,1053,268,3,0
245,1054,267,3,0
246,1054,268,3,0
243,1055,221,0,3
245,1055,267,3,0
246,1055,268,3,0
263,1055,285,3,0
264,1056,242,0,2
265,1056,243,0,3
267,1056,289,3,0
268,1056,290,3,0
285,1056,307,3,0
265,1057,243,0,3
267,1057,289,3,0
268,1057,290,3,0
267,1058,289,3,0
268,1058,290,3,0
267,1059,289,3,0
268,1059,290,3,0
268,1060,290,3,0
270,1062,248,0,3
270,1063,248,0,3
270,1064,248,0,3
270,1065,248,0,3
270,1066,248,0,3
276,1066,254,0,3
270,1067,248,0,3
275,1067,253,0,3
276,1067,254,0,3
270,1068,248,0,3
276,1068,254,0,3
270,1069,248,0,3
270,1070,248,0,3
268,1074,290,3,0
267,1075,289,3,0
268,1075,290,3,0
267,1076,289,3,0
268,1076,290,3,0
265,1077,243,0,3
267,1077,289,3,0
268,1077,290,3,0
285,1077,307,3,0
287,1078,265,0,3
289,1078,311,3,0
290,1078,312,3,0
307,1078,329,3,0
287,1079,265,0,3
289,1079,311,3,0
290,1079,312,3,0
289,1080,311,3,0
290,1080,312,3,0
289,1081,311,3,0
290,1081,312,3,0
290,1082,312,3,0
292,1084,270,0,3
292,1085,270,0,3
293,1085,271,0,3
292,1086,270,0,3
293,1086,271,0,3
292,1087,270,0,3
293,1087,271,0,3
292,1088,270,0,3
293,1088,271,0,3
298,1088,276,0,3
292,1089,270,0,3
293,1089,271,0,3
297,1089,275,0,3
298,1089,276,0,3
292,1090,270,0,3
293,1090,271,0,3
298,1090,276,0,3
292,1091,270,0,3
293,1091,271,0,3
292,1092,270,0,3
293,1092,271,0,3
292,1093,270,0,3
290,1096,312,3,0
289,1097,311,3,0
290,1097,312,3,0
289,1098,311,3,0
290,1098,312,3,0
287,1099,265,0,3
289,1099,311,3,0
290,1099,312,3,0
307,1099,329,3,0
309,1100,287,0,3
311,1100,333,3,0
312,1100,334,3,0
325,1100,347,3,0
329,1100,351,3,0
309,1101,287,0,3
311,1101,333,3,0
312,1101,334,3,0
325,1101,347,3,0
311,1102,333,3,0
312,1102,334,3,0
325,1102,347,3,0
311,1103,333,3,0
312,1103,334,3,0
325,1103,347,3,0
312,1104,334,3,0
325,1104,347,3,0
314,1106,292,0,3
314,1107,292,0,3
315,1107,293,0,3
314,1108,292,0,3
315,1108,293,0,3
316,1108,338,3,0
314,1109,292,0,3
315,1109,293,0,3
316,1109,338,3,0
314,1110,292,0,3
315,1110,293,0,3
316,1110,338,3,0
320,1110,298,0,3
314,1111,292,0,3
315,1111,293,0,3
316,1111,338,3,0
319,1111,297,0,3
320,1111,298,0,3
314,1112,292,0,3
315,1112,293,0,3
316,1112,338,3,0
320,1112,298,0,3
314,1113,292,0,3
315,1113,293,0,3
316,1113,338,3,0
314,1114,292,0,3
315,1114,293,0,3
325,1117,347,3,0
312,1118,334,3,0
325,1118,347,3,0
311,1119,333,3,0
312,1119,334,3,0
325,1119,347,3,0
311,1120,333,3,0
312,1120,334,3,0
325,1120,347,3,0
309,1121,287,0,3
311,1121,333,3,0
312,1121,334,3,0
325,1121,347,3,0
329,1121,351,3,0
331,1122,309,0,3
333,1122,355,3,0
334,1122,356,3,0
347,1122,369,3,0
351,1122,373,3,0
331,1123,309,0,3
333,1123,355,3,0
334,1123,356,3,0
347,1123,369,3,0
333,1124,355,3,0
334,1124,356,3,0
347,1124,369,3,0
333,1125,355,3,0
334,1125,356,3,0
347,1125,369,3,0
334,1126,356,3,0
347,1126,369,3,0
336,1128,314,0,3
336,1129,314,0,3
337,1129,315,0,3
336,1130,314,0,3
337,1130,315,0,3
338,1130,360,3,0
336,1131,314,0,3
337,1131,315,0,3
338,1131,360,3,0
336,1132,314,0,3
337,1132,315,0,3
338,1132,360,3,0
342,1132,320,0,3
336,1133,314,0,3
337,1133,315,0,3
338,1133,360,3,0
341,1133,319,0,3
342,1133,320,0,3
336,1134,314,0,3
337,1134,315,0,3
338,1134,360,3,0
342,1134,320,0,3
336,1135,314,0,3
337,1135,315,0,3
338,1135,360,3,0
336,1136,314,0,3
337,1136,315,0,3
336,1137,314,0,3
347,1139,369,3,0
334,1140,356,3,0
347,1140,369,3,0
333,1141,355,3,0
334,1141,356,3,0
347,1141,369,3,0
333,1142,355,3,0
334,1142,356,3,0
347,1142,369,3,0
331,1143,309,0,3
333,1143,355,3,0
334,1143,356,3,0
347,1143,369,3,0
351,1143,373,3,0
353,1144,331,0,3
355,1144,377,3,0
356,1144,378,3,0
369,1144,391,3,0
373,1144,395,3,0
353,1145,331,0,3
355,1145,377,3,0
356,1145,378,3,0
369,1145,391,3,0
355,1146,377,3,0
356,1146,378,3,0
369,1146,391,3,0
355,1147,377,3,0
356,1147,378,3,0
369,1147,391,3,0
356,1148,378,3,0
369,1148,391,3,0
358,1150,336,0,3
358,1151,336,0,3
359,1151,337,0,3
358,1152,336,0,3
359,1152,337,0,3
358,1153,336,0,3
359,1153,337,0,3
358,1154,336,0,3
359,1154,337,0,3
364,1154,342,0,3
358,1155,336,0,3
359,1155,337,0,3
363,1155,341,0,3
364,1155,342,0,3
358,1156,336,0,3
359,1156,337,0,3
364,1156,342,0,3
358,1157,336,0,3
359,1157,337,0,3
358,1158,336,0,3
359,1158,337,0,3
369,1161,391,3,0
356,1162,378,3,0
369,1162,391,3,0
355,1163,377,3,0
356,1163,378,3,0
369,1163,391,3,0
355,1164,377,3,0
356,1164,378,3,0
369,1164,391,3,0
353,1165,331,0,3
355,1165,377,3,0
356,1165,378,3,0
369,1165,391,3,0
373,1165,395,3,0
375,1166,353,0,3
377,1166,399,3,0
378,1166,400,3,0
395,1166,417,3,0
375,1167,353,0,3
377,1167,399,3,0
378,1167,400,3,0
377,1168,399,3,0
378,1168,400,3,0
377,1169,399,3,0
378,1169,400,3,0
378,1170,400,3,0
381,1173,359,0,3
381,1174,359,0,3
382,1174,404,3,0
381,1175,359,0,3
382,1175,404,3,0
381,1176,359,0,3
382,1176,404,3,0
386,1176,364,0,3
381,1177,359,0,3
382,1177,404,3,0
385,1177,363,0,3
386,1177,364,0,3
381,1178,359,0,3
382,1178,404,3,0
386,1178,364,0,3
381,1179,359,0,3
382,1179,404,3,0
381,1180,359,0,3
378,1184,400,3,0
377,1185,399,3,0
378,1185,400,3,0
377,1186,399,3,0
378,1186,400,3,0
375,1187,353,0,3
377,1187,399,3,0
378,1187,400,3,0
395,1187,417,3,0
397,1188,375,0,3
399,1188,421,3,0
400,1188,422,3,0
417,1188,439,3,0
397,1189,375,0,3
399,1189,421,3,0
400,1189,422,3,0
399,1190,421,3,0
400,1190,422,3,0
399,1191,421,3,0
400,1191,422,3,0
400,1192,422,3,0
403,1195,381,0,3
403,1196,381,0,3
403,1197,381,0,3
403,1198,381,0,3
406,1198,428,3,0
408,1198,386,0,3
403,1199,381,0,3
406,1199,428,3,0
408,1199,386,0,3
403,1200,381,0,3
408,1200,386,0,3
403,1201,381,0,3
403,1202,381,0,3
400,1206,422,3,0
399,1207,421,3,0
400,1207,422,3,0
399,1208,421,3,0
400,1208,422,3,0
397,1209,375,0,3
399,1209,421,3,0
400,1209,422,3,0
417,1209,439,3,0
419,1210,397,0,3
421,1210,443,3,0
422,1210,444,3,0
435,1210,457,3,0
439,1210,461,3,0
419,1211,397,0,3
421,1211,443,3,0
422,1211,444,3,0
435,1211,457,3,0
421,1212,443,3,0
422,1212,444,3,0
435,1212,457,3,0
421,1213,443,3,0
422,1213,444,3,0
435,1213,457,3,0
422,1214,444,3,0
435,1214,457,3,0
425,1217,403,0,3
425,1218,403,0,3
425,1219,403,0,3
425,1220,403,0,3
428,1220,450,3,0
430,1220,408,0,3
425,1221,403,0,3
428,1221,450,3,0
430,1221,408,0,3
425,1222,403,0,3
430,1222,408,0,3
425,1223,403,0,3
425,1224,403,0,3
435,1227,457,3,0
422,1228,444,3,0
435,1228,457,3,0
421,1229,443,3,0
422,1229,444,3,0
435,1229,457,3,0
421,1230,443,3,0
422,1230,444,3,0
435,1230,457,3,0
419,1231,397,0,3
421,1231,443,3,0
422,1231,444,3,0
435,1231,457,3,0
439,1231,461,3,0
441,1232,419,0,3
443,1232,465,3,0
444,1232,466,3,0
457,1232,479,3,0
461,1232,483,3,0
441,1233,419,0,3
443,1233,465,3,0
444,1233,466,3,0
457,1233,479,3,0
443,1234,465,3,0
444,1234,466,3,0
457,1234,479,3,0
443,1235,465,3,0
444,1235,466,3,0
457,1235,479,3,0
444,1236,466,3,0
457,1236,479,3,0
447,1239,425,0,3
447,1240,425,0,3
447,1241,425,0,3
447,1242,425,0,3
452,1242,430,0,3
447,1243,425,0,3
452,1243,430,0,3
447,1244,425,0,3
452,1244,430,0,3
447,1245,425,0,3
447,1246,425,0,3
457,1249,479,3,0
444,1250,466,3,0
457,1250,479,3,0
443,1251,465,3,0
444,1251,466,3,0
457,1251,479,3,0
443,1252,465,3,0
444,1252,466,3,0
457,1252,479,3,0
441,1253,419,0,3
443,1253,465,3,0
444,1253,466,3,0
457,1253,479,3,0
461,1253,483,3,0
463,1254,441,0,3
465,1254,487,3,0
466,1254,488,3,0
479,1254,501,3,0
481,1254,503,3,0
483,1254,505,3,0
463,1255,441,0,3
465,1255,487,3,0
466,1255,488,3,0
479,1255,501,3,0
481,1255,503,3,0
465,1256,487,3,0
466,1256,488,3,0
479,1256,501,3,0
481,1256,503,3,0
465,1257,487,3,0
466,1257,488,3,0
479,1257,501,3,0
466,1258,488,3,0
479,1258,501,3,0
469,1261,447,0,3
469,1262,447,0,3
469,1263,447,0,3
469,1264,447,0,3
474,1264,452,0,3
469,1265,447,0,3
474,1265,452,0,3
469,1266,447,0,3
474,1266,452,0,3
469,1267,447,0,3
469,1268,447,0,3
479,1271,501,3,0
466,1272,488,3,0
479,1272,501,3,0
465,1273,487,3,0
466,1273,488,3,0
479,1273,501,3,0
481,1273,503,3,0
465,1274,487,3,0
466,1274,488,3,0
479,1274,501,3,0
481,1274,503,3,0
463,1275,441,0,3
465,1275,487,3,0
466,1275,488,3,0
479,1275,501,3,0
481,1275,503,3,0
483,1275,505,3,0
485,1276,463,0,3
487,1276,509,3,0
488,1276,510,3,0
501,1276,523,3,0
503,1276,525,3,0
505,1276,527,3,0
485,1277,463,0,3
487,1277,509,3,0
488,1277,510,3,0
501,1277,523,3,0
503,1277,525,3,0
487,1278,509,3,0
488,1278,510,3,0
501,1278,523,3,0
503,1278,525,3,0
487,1279,509,3,0
488,1279,510,3,0
501,1279,523,3,0
488,1280,510,3,0
501,1280,523,3,0
491,1283,469,0,3
491,1284,469,0,3
491,1285,469,0,3
491,1286,469,0,3
496,1286,474,0,3
491,1287,469,0,3
496,1287,474,0,3
491,1288,469,0,3
496,1288,474,0,3
491,1289,469,0,3
491,1290,469,0,3
501,1293,523,3,0
488,1294,510,3,0
501,1294,523,3,0
487,1295,509,3,0
488,1295,510,3,0
501,1295,523,3,0
503,1295,525,3,0
487,1296,509,3,0
488,1296,510,3,0
501,1296,523,3,0
503,1296,525,3,0
485,1297,463,0,3
487,1297,509,3,0
488,1297,510,3,0
501,1297,523,3,0
503,1297,525,3,0
505,1297,527,3,0
509,1298,531,3,0
527,1298,549,3,0
509,1299,531,3,0
509,1300,531,3,0
509,1301,531,3,0
513,1305,491,0,3
513,1306,491,0,3
513,1307,491,0,3
513,1308,491,0,3
518,1308,496,0,3
513,1309,491,0,3
518,1309,496,0,3
513,1310,491,0,3
518,1310,496,0,3
513,1311,491,0,3
513,1312,491,0,3
509,1317,531,3,0
509,1318,531,3,0
509,1319,531,3,0
527,1319,549,3,0
531,1320,553,3,0
545,1320,567,3,0
549,1320,571,3,0
531,1321,553,3,0
545,1321,567,3,0
531,1322,553,3,0
545,1322,567,3,0
531,1323,553,3,0
545,1323,567,3,0
545,1324,567,3,0
536,1328,514,0,3
536,1329,514,0,3
536,1330,514,0,3
538,1330,560,3,0
536,1331,514,0,3
538,1331,560,3,0
539,1331,517,0,3
536,1332,514,0,3
536,1333,514,0,3
545,1337,567,3,0
545,1338,567,3,0
531,1339,553,3,0
545,1339,567,3,0
531,1340,553,3,0
545,1340,567,3,0
531,1341,553,3,0
545,1341,567,3,0
549,1341,571,3,0
553,1342,575,3,0
569,1342,591,3,0
571,1342,593,3,0
553,1343,575,3,0
569,1343,591,3,0
553,1344,575,3,0
569,1344,591,3,0
553,1345,575,3,0
556,1348,578,3,0
556,1349,578,3,0
556,1350,578,3,0
558,1350,536,0,3
556,1351,578,3,0
558,1351,536,0,3
559,1351,581,3,0
556,1352,578,3,0
558,1352,536,0,3
559,1352,581,3,0
556,1353,578,3,0
558,1353,536,0,3
559,1353,581,3,0
561,1353,539,0,3
556,1354,578,3,0
558,1354,536,0,3
559,1354,581,3,0
556,1355,578,3,0
558,1355,536,0,3
556,1356,578,3,0
556,1357,578,3,0
553,1361,575,3,0
569,1361,591,3,0
553,1362,575,3,0
569,1362,591,3,0
553,1363,575,3,0
569,1363,591,3,0
571,1363,593,3,0
575,1364,597,3,0
593,1364,615,3,0
575,1365,597,3,0
575,1366,597,3,0
575,1367,597,3,0
578,1370,600,3,0
578,1371,600,3,0
587,1371,609,3,0
578,1372,600,3,0
580,1372,558,0,3
587,1372,609,3,0
578,1373,600,3,0
580,1373,558,0,3
581,1373,603,3,0
587,1373,609,3,0
578,1374,600,3,0
580,1374,558,0,3
581,1374,603,3,0
582,1374,604,3,0
584,1374,562,0,3
587,1374,609,3,0
578,1375,600,3,0
580,1375,558,0,3
581,1375,603,3,0
582,1375,604,3,0
584,1375,562,0,3
587,1375,609,3,0
578,1376,600,3,0
580,1376,558,0,3
581,1376,603,3,0
584,1376,562,0,3
587,1376,609,3,0
578,1377,600,3,0
580,1377,558,0,3
587,1377,609,3,0
578,1378,600,3,0
587,1378,609,3,0
587,1379,609,3,0
575,1383,597,3,0
575,1384,597,3,0
575,1385,597,3,0
593,1385,615,3,0
597,1386,619,3,0
615,1386,637,3,0
597,1387,619,3,0
597,1388,619,3,0
597,1389,619,3,0
600,1392,622,3,0
600,1393,622,3,0
609,1393,631,3,0
600,1394,622,3,0
609,1394,631,3,0
600,1395,622,3,0
603,1395,625,3,0
609,1395,631,3,0
600,1396,622,3,0
603,1396,625,3,0
604,1396,626,3,0
606,1396,584,0,3
609,1396,631,3,0
600,1397,622,3,0
603,1397,625,3,0
604,1397,626,3,0
606,1397,584,0,3
609,1397,631,3,0
600,1398,622,3,0
603,1398,625,3,0
606,1398,584,0,3
609,1398,631,3,0
600,1399,622,3,0
609,1399,631,3,0
600,1400,622,3,0
609,1400,631,3,0
600,1401,622,3,0
609,1401,631,3,0
597,1405,619,3,0
597,1406,619,3,0
597,1407,619,3,0
615,1407,637,3,0
616,1408,594,0,2
619,1408,641,3,0
620,1408,642,3,0
637,1408,659,3,0
619,1409,641,3,0
620,1409,642,3,0
619,1410,641,3,0
620,1410,642,3,0
619,1411,641,3,0
620,1411,642,3,0
620,1412,642,3,0
622,1414,644,3,0
622,1415,644,3,0
631,1415,653,3,0
622,1416,644,3,0
631,1416,653,3,0
622,1417,644,3,0
625,1417,647,3,0
629,1417,607,0,3
631,1417,653,3,0
622,1418,644,3,0
625,1418,647,3,0
629,1418,607,0,3
631,1418,653,3,0
622,1419,644,3,0
625,1419,647,3,0
629,1419,607,0,3
631,1419,653,3,0
622,1420,644,3,0
625,1420,647,3,0
629,1420,607,0,3
631,1420,653,3,0
622,1421,644,3,0
629,1421,607,0,3
631,1421,653,3,0
622,1422,644,3,0
631,1422,653,3,0
631,1423,653,3,0
620,1426,642,3,0
619,1427,641,3,0
620,1427,642,3,0
619,1428,641,3,0
620,1428,642,3,0
619,1429,641,3,0
620,1429,642,3,0
637,1429,659,3,0
638,1430,616,0,2
641,1430,663,3,0
642,1430,664,3,0
659,1430,681,3,0
641,1431,663,3,0
642,1431,664,3,0
641,1432,663,3,0
642,1432,664,3,0
641,1433,663,3,0
642,1433,664,3,0
642,1434,664,3,0
644,1436,666,3,0
644,1437,666,3,0
653,1437,675,3,0
644,1438,666,3,0
653,1438,675,3,0
644,1439,666,3,0
647,1439,669,3,0
651,1439,629,0,3
653,1439,675,3,0
644,1440,666,3,0
647,1440,669,3,0
651,1440,629,0,3
653,1440,675,3,0
644,1441,666,3,0
647,1441,669,3,0
651,1441,629,0,3
653,1441,675,3,0
644,1442,666,3,0
647,1442,669,3,0
651,1442,629,0,3
653,1442,675,3,0
644,1443,666,3,0
651,1443,629,0,3
653,1443,675,3,0
644,1444,666,3,0
653,1444,675,3,0
644,1445,666,3,0
653,1445,675,3,0
642,1448,664,3,0
641,1449,663,3,0
642,1449,664,3,0
641,1450,663,3,0
642,1450,664,3,0
641,1451,663,3,0
642,1451,664,3,0
659,1451,681,3,0
660,1452,638,0,2
663,1452,685,3,0
664,1452,686,3,0
678,1452,700,3,0
681,1452,703,3,0
663,1453,685,3,0
664,1453,686,3,0
678,1453,700,3,0
663,1454,685,3,0
664,1454,686,3,0
678,1454,700,3,0
663,1455,685,3,0
664,1455,686,3,0
678,1455,700,3,0
664,1456,686,3,0
666,1458,688,3,0
666,1459,688,3,0
675,1459,697,3,0
666,1460,688,3,0
668,1460,690,3,0
675,1460,697,3,0
666,1461,688,3,0
668,1461,690,3,0
669,1461,691,3,0
675,1461,697,3,0
666,1462,688,3,0
668,1462,690,3,0
669,1462,691,3,0
675,1462,697,3,0
666,1463,688,3,0
668,1463,690,3,0
669,1463,691,3,0
671,1463,649,0,3
675,1463,697,3,0
666,1464,688,3,0
668,1464,690,3,0
669,1464,691,3,0
675,1464,697,3,0
666,1465,688,3,0
668,1465,690,3,0
675,1465,697,3,0
666,1466,688,3,0
675,1466,697,3,0
675,1467,697,3,0
664,1470,686,3,0
678,1470,700,3,0
663,1471,685,3,0
664,1471,686,3,0
678,1471,700,3,0
663,1472,685,3,0
664,1472,686,3,0
678,1472,700,3,0
663,1473,685,3,0
664,1473,686,3,0
678,1473,700,3,0
681,1473,703,3,0
682,1474,660,0,2
685,1474,707,3,0
686,1474,708,3,0
700,1474,722,3,0
701,1474,723,3,0
703,1474,725,3,0
685,1475,707,3,0
686,1475,708,3,0
700,1475,722,3,0
701,1475,723,3,0
685,1476,707,3,0
686,1476,708,3,0
700,1476,722,3,0
701,1476,723,3,0
685,1477,707,3,0
686,1477,708,3,0
700,1477,722,3,0
686,1478,708,3,0
688,1480,710,3,0
688,1481,710,3,0
697,1481,719,3,0
688,1482,710,3,0
697,1482,719,3,0
688,1483,710,3,0
691,1483,713,3,0
697,1483,719,3,0
688,1484,710,3,0
691,1484,713,3,0
692,1484,670,0,3
697,1484,719,3,0
688,1485,710,3,0
691,1485,713,3,0
692,1485,670,0,3
693,1485,671,0,3
697,1485,719,3,0
688,1486,710,3,0
691,1486,713,3,0
697,1486,719,3,0
688,1487,710,3,0
697,1487,719,3,0
688,1488,710,3,0
697,1488,719,3,0
688,1489,710,3,0
697,1489,719,3,0
686,1492,708,3,0
700,1492,722,3,0
685,1493,707,3,0
686,1493,708,3,0
700,1493,722,3,0
701,1493,723,3,0
685,1494,707,3,0
686,1494,708,3,0
700,1494,722,3,0
701,1494,723,3,0
685,1495,707,3,0
686,1495,708,3,0
700,1495,722,3,0
701,1495,723,3,0
703,1495,725,3,0
704,1496,682,0,2
707,1496,729,3,0
722,1496,744,3,0
723,1496,745,3,0
724,1496,702,0,3
707,1497,729,3,0
722,1497,744,3,0
723,1497,745,3,0
724,1497,702,0,3
707,1498,729,3,0
722,1498,744,3,0
723,1498,745,3,0
707,1499,729,3,0
722,1499,744,3,0
719,1503,741,3,0
712,1504,690,0,3
719,1504,741,3,0
712,1505,690,0,3
713,1505,735,3,0
719,1505,741,3,0
712,1506,690,0,3
713,1506,735,3,0
714,1506,692,0,3
719,1506,741,3,0
712,1507,690,0,3
713,1507,735,3,0
714,1507,692,0,3
715,1507,693,0,3
719,1507,741,3,0
712,1508,690,0,3
713,1508,735,3,0
719,1508,741,3,0
712,1509,690,0,3
719,1509,741,3,0
719,1510,741,3,0
719,1511,741,3,0
722,1514,744,3,0
707,1515,729,3,0
722,1515,744,3,0
723,1515,745,3,0
707,1516,729,3,0
722,1516,744,3,0
723,1516,745,3,0
724,1516,702,0,3
707,1517,729,3,0
722,1517,744,3,0
723,1517,745,3,0
724,1517,702,0,3
726,1518,704,0,2
729,1518,751,3,0
730,1518,752,3,0
731,1518,709,0,3
743,1518,765,3,0
744,1518,766,3,0
745,1518,767,3,0
729,1519,751,3,0
730,1519,752,3,0
731,1519,709,0,3
743,1519,765,3,0
744,1519,766,3,0
745,1519,767,3,0
729,1520,751,3,0
730,1520,752,3,0
731,1520,709,0,3
743,1520,765,3,0
744,1520,766,3,0
745,1520,767,3,0
729,1521,751,3,0
730,1521,752,3,0
731,1521,709,0,3
743,1521,765,3,0
744,1521,766,3,0
730,1522,752,3,0
731,1522,709,0,3
743,1522,765,3,0
731,1523,709,0,3
731,1524,709,0,3
731,1525,709,0,3
741,1525,763,3,0
731,1526,709,0,3
740,1526,762,3,0
741,1526,763,3,0
731,1527,709,0,3
735,1527,757,3,0
740,1527,762,3,0
741,1527,763,3,0
731,1528,709,0,3
735,1528,757,3,0
738,1528,716,0,3
740,1528,762,3,0
741,1528,763,3,0
731,1529,709,0,3
735,1529,757,3,0
738,1529,716,0,3
740,1529,762,3,0
741,1529,763,3,0
731,1530,709,0,3
735,1530,757,3,0
738,1530,716,0,3
740,1530,762,3,0
741,1530,763,3,0
731,1531,709,0,3
740,1531,762,3,0
741,1531,763,3,0
731,1532,709,0,3
740,1532,762,3,0
741,1532,763,3,0
731,1533,709,0,3
741,1533,763,3,0
731,1535,709,0,3
743,1535,765,3,0
730,1536,752,3,0
731,1536,709,0,3
743,1536,765,3,0
744,1536,766,3,0
729,1537,751,3,0
730,1537,752,3,0
731,1537,709,0,3
743,1537,765,3,0
744,1537,766,3,0
745,1537,767,3,0
729,1538,751,3,0
730,1538,752,3,0
731,1538,709,0,3
743,1538,765,3,0
744,1538,766,3,0
745,1538,767,3,0
729,1539,751,3,0
730,1539,752,3,0
731,1539,709,0,3
743,1539,765,3,0
744,1539,766,3,0
745,1539,767,3,0
748,1540,726,0,2
751,1540,773,3,0
752,1540,774,3,0
765,1540,787,3,0
767,1540,789,3,0
751,1541,773,3,0
752,1541,774,3,0
765,1541,787,3,0
767,1541,789,3,0
751,1542,773,3,0
752,1542,774,3,0
765,1542,787,3,0
767,1542,789,3,0
751,1543,773,3,0
752,1543,774,3,0
765,1543,787,3,0
752,1544,774,3,0
765,1544,787,3,0
763,1547,785,3,0
762,1548,784,3,0
763,1548,785,3,0
757,1549,779,3,0
762,1549,784,3,0
763,1549,785,3,0
757,1550,779,3,0
762,1550,784,3,0
763,1550,785,3,0
757,1551,779,3,0
762,1551,784,3,0
763,1551,785,3,0
757,1552,779,3,0
762,1552,784,3,0
763,1552,785,3,0
762,1553,784,3,0
763,1553,785,3,0
762,1554,784,3,0
763,1554,785,3,0
763,1555,785,3,0
765,1557,787,3,0
752,1558,774,3,0
765,1558,787,3,0
751,1559,773,3,0
752,1559,774,3,0
765,1559,787,3,0
767,1559,789,3,0
751,1560,773,3,0
752,1560,774,3,0
765,1560,787,3,0
767,1560,789,3,0
751,1561,773,3,0
752,1561,774,3,0
765,1561,787,3,0
767,1561,789,3,0
770,1562,748,0,2
772,1562,750,0,3
774,1562,796,3,0
787,1562,809,3,0
788,1562,810,3,0
789,1562,811,3,0
791,1562,769,0,3
772,1563,750,0,3
774,1563,796,3,0
787,1563,809,3,0
788,1563,810,3,0
789,1563,811,3,0
772,1564,750,0,3
774,1564,796,3,0
787,1564,809,3,0
788,1564,810,3,0
789,1564,811,3,0
774,1565,796,3,0
787,1565,809,3,0
788,1565,810,3,0
774,1566,796,3,0
787,1566,809,3,0
785,1569,807,3,0
778,1570,800,3,0
785,1570,807,3,0
778,1571,800,3,0
779,1571,801,3,0
785,1571,807,3,0
778,1572,800,3,0
779,1572,801,3,0
780,1572,758,0,3
785,1572,807,3,0
778,1573,800,3,0
779,1573,801,3,0
780,1573,758,0,3
781,1573,759,0,3
785,1573,807,3,0
778,1574,800,3,0
779,1574,801,3,0
785,1574,807,3,0
778,1575,800,3,0
785,1575,807,3,0
785,1576,807,3,0
785,1577,807,3,0
787,1579,809,3,0
774,1580,796,3,0
787,1580,809,3,0
788,1580,810,3,0
774,1581,796,3,0
787,1581,809,3,0
788,1581,810,3,0
789,1581,811,3,0
772,1582,750,0,3
774,1582,796,3,0
787,1582,809,3,0
788,1582,810,3,0
789,1582,811,3,0
772,1583,750,0,3
774,1583,796,3,0
787,1583,809,3,0
788,1583,810,3,0
789,1583,811,3,0
791,1583,769,0,3
162,1584,184,3,0
163,1584,185,3,0
166,1584,144,0,3
170,1584,192,3,0
886,1585,864,0,3
896,1585,918,3,0
94,1586,116,3,0
96,1586,118,3,0
97,1586,119,3,0
98,1586,120,3,0
102,1586,80,0,3
104,1586,82,0,3
491,1587,469,0,3
496,1587,474,0,3
664,1588,686,3,0
444,1590,466,3,0
457,1590,479,3,0
1554,1591,1532,0,3
1555,1591,1533,0,3
1167,1592,1189,3,0
1169,1592,1147,0,3
1170,1592,1148,0,3
1187,1592,1165,0,3
292,1593,270,0,3
293,1593,271,0,3
298,1593,276,0,3
904,1594,926,3,0
905,1594,883,0,3
919,1594,897,0,3
920,1594,942,3,0
922,1594,900,0,3
923,1594,901,0,3
30,1595,52,3,0
32,1595,54,3,0
34,1595,12,0,2
36,1595,14,0,2
