797,0,775,0,3
797,1,775,0,3
797,2,775,0,3
797,3,775,0,3
797,4,775,0,3
797,5,775,0,3
797,6,775,0,3
798,6,776,0,3
807,6,785,0,3
797,7,775,0,3
798,7,776,0,3
806,7,784,0,3
807,7,785,0,3
797,8,775,0,3
798,8,776,0,3
800,8,778,0,3
805,8,827,3,0
806,8,784,0,3
807,8,785,0,3
797,9,775,0,3
798,9,776,0,3
800,9,778,0,3
801,9,779,0,3
805,9,827,3,0
806,9,784,0,3
807,9,785,0,3
797,10,775,0,3
798,10,776,0,3
800,10,778,0,3
801,10,779,0,3
802,10,780,0,3
805,10,827,3,0
806,10,784,0,3
807,10,785,0,3
797,11,775,0,3
798,11,776,0,3
800,11,778,0,3
801,11,779,0,3
805,11,827,3,0
806,11,784,0,3
807,11,785,0,3
797,12,775,0,3
798,12,776,0,3
800,12,778,0,3
805,12,827,3,0
806,12,784,0,3
807,12,785,0,3
797,13,775,0,3
798,13,776,0,3
805,13,827,3,0
806,13,784,0,3
807,13,785,0,3
797,14,775,0,3
798,14,776,0,3
806,14,784,0,3
807,14,785,0,3
807,15,785,0,3
797,17,775,0,3
797,18,775,0,3
797,19,775,0,3
797,20,775,0,3
797,21,775,0,3
819,22,797,0,3
819,23,797,0,3
819,24,797,0,3
819,25,797,0,3
819,26,797,0,3
819,27,797,0,3
819,28,797,0,3
820,28,798,0,3
829,28,807,0,3
819,29,797,0,3
820,29,798,0,3
829,29,807,0,3
819,30,797,0,3
820,30,798,0,3
822,30,800,0,3
829,30,807,0,3
819,31,797,0,3
820,31,798,0,3
822,31,800,0,3
823,31,801,0,3
829,31,807,0,3
819,32,797,0,3
820,32,798,0,3
822,32,800,0,3
823,32,801,0,3
824,32,802,0,3
829,32,807,0,3
819,33,797,0,3
820,33,798,0,3
822,33,800,0,3
823,33,801,0,3
829,33,807,0,3
819,34,797,0,3
820,34,798,0,3
822,34,800,0,3
829,34,807,0,3
819,35,797,0,3
820,35,798,0,3
829,35,807,0,3
819,36,797,0,3
820,36,798,0,3
829,36,807,0,3
819,37,797,0,3
829,37,807,0,3
819,39,797,0,3
819,40,797,0,3
819,41,797,0,3
819,42,797,0,3
819,43,797,0,3
838,44,816,0,3
841,44,819,0,3
838,45,816,0,3
841,45,819,0,3
838,46,816,0,3
841,46,819,0,3
841,47,819,0,3
841,48,819,0,3
841,49,819,0,3
841,50,819,0,3
842,50,820,0,3
851,50,829,0,3
841,51,819,0,3
842,51,820,0,3
843,51,865,3,0
851,51,829,0,3
841,52,819,0,3
842,52,820,0,3
843,52,865,3,0
844,52,822,0,3
851,52,829,0,3
841,53,819,0,3
842,53,820,0,3
843,53,865,3,0
844,53,822,0,3
845,53,823,0,3
851,53,829,0,3
841,54,819,0,3
842,54,820,0,3
843,54,865,3,0
844,54,822,0,3
845,54,823,0,3
851,54,829,0,3
841,55,819,0,3
842,55,820,0,3
843,55,865,3,0
844,55,822,0,3
845,55,823,0,3
851,55,829,0,3
841,56,819,0,3
842,56,820,0,3
843,56,865,3,0
844,56,822,0,3
851,56,829,0,3
841,57,819,0,3
842,57,820,0,3
843,57,865,3,0
851,57,829,0,3
841,58,819,0,3
842,58,820,0,3
851,58,829,0,3
851,59,829,0,3
841,61,819,0,3
841,62,819,0,3
838,63,816,0,3
841,63,819,0,3
838,64,816,0,3
841,64,819,0,3
838,65,816,0,3
841,65,819,0,3
860,66,838,0,3
863,66,841,0,3
875,66,897,3,0
876,66,854,0,3
860,67,838,0,3
863,67,841,0,3
875,67,897,3,0
876,67,854,0,3
860,68,838,0,3
863,68,841,0,3
875,68,897,3,0
876,68,854,0,3
863,69,841,0,3
875,69,897,3,0
863,70,841,0,3
863,71,841,0,3
863,72,841,0,3
864,72,842,0,3
873,72,851,0,3
863,73,841,0,3
864,73,842,0,3
865,73,887,3,0
873,73,851,0,3
863,74,841,0,3
864,74,842,0,3
865,74,887,3,0
866,74,844,0,3
871,74,849,0,3
873,74,851,0,3
863,75,841,0,3
864,75,842,0,3
865,75,887,3,0
866,75,844,0,3
867,75,845,0,3
871,75,849,0,3
873,75,851,0,3
863,76,841,0,3
864,76,842,0,3
865,76,887,3,0
866,76,844,0,3
867,76,845,0,3
871,76,849,0,3
873,76,851,0,3
863,77,841,0,3
864,77,842,0,3
865,77,887,3,0
866,77,844,0,3
867,77,845,0,3
871,77,849,0,3
873,77,851,0,3
863,78,841,0,3
864,78,842,0,3
865,78,887,3,0
866,78,844,0,3
871,78,849,0,3
873,78,851,0,3
863,79,841,0,3
864,79,842,0,3
865,79,887,3,0
871,79,849,0,3
873,79,851,0,3
863,80,841,0,3
864,80,842,0,3
873,80,851,0,3
863,81,841,0,3
873,81,851,0,3
863,83,841,0,3
875,83,897,3,0
863,84,841,0,3
875,84,897,3,0
876,84,854,0,3
860,85,838,0,3
863,85,841,0,3
875,85,897,3,0
876,85,854,0,3
860,86,838,0,3
863,86,841,0,3
875,86,897,3,0
876,86,854,0,3
860,87,838,0,3
863,87,841,0,3
875,87,897,3,0
876,87,854,0,3
881,88,903,3,0
884,88,862,0,3
897,88,919,3,0
898,88,876,0,3
881,89,903,3,0
884,89,862,0,3
897,89,919,3,0
898,89,876,0,3
884,90,862,0,3
897,90,919,3,0
898,90,876,0,3
884,91,862,0,3
897,91,919,3,0
884,92,862,0,3
886,94,864,0,3
895,94,873,0,3
886,95,864,0,3
887,95,909,3,0
895,95,873,0,3
886,96,864,0,3
887,96,909,3,0
888,96,866,0,3
893,96,871,0,3
895,96,873,0,3
886,97,864,0,3
887,97,909,3,0
888,97,866,0,3
889,97,867,0,3
893,97,871,0,3
895,97,873,0,3
886,98,864,0,3
887,98,909,3,0
888,98,866,0,3
889,98,867,0,3
893,98,871,0,3
895,98,873,0,3
886,99,864,0,3
887,99,909,3,0
888,99,866,0,3
889,99,867,0,3
893,99,871,0,3
895,99,873,0,3
886,100,864,0,3
887,100,909,3,0
888,100,866,0,3
893,100,871,0,3
895,100,873,0,3
886,101,864,0,3
887,101,909,3,0
893,101,871,0,3
895,101,873,0,3
886,102,864,0,3
895,102,873,0,3
895,103,873,0,3
884,105,862,0,3
897,105,919,3,0
884,106,862,0,3
897,106,919,3,0
898,106,876,0,3
884,107,862,0,3
897,107,919,3,0
898,107,876,0,3
881,108,903,3,0
884,108,862,0,3
897,108,919,3,0
898,108,876,0,3
881,109,903,3,0
884,109,862,0,3
897,109,919,3,0
898,109,876,0,3
903,110,925,3,0
906,110,884,0,3
919,110,941,3,0
903,111,925,3,0
906,111,884,0,3
919,111,941,3,0
906,112,884,0,3
919,112,941,3,0
906,113,884,0,3
919,113,941,3,0
906,114,884,0,3
908,116,886,0,3
917,116,895,0,3
908,117,886,0,3
909,117,931,3,0
917,117,895,0,3
908,118,886,0,3
909,118,931,3,0
910,118,888,0,3
917,118,895,0,3
908,119,886,0,3
909,119,931,3,0
910,119,888,0,3
911,119,889,0,3
917,119,895,0,3
908,120,886,0,3
909,120,931,3,0
910,120,888,0,3
911,120,889,0,3
917,120,895,0,3
908,121,886,0,3
909,121,931,3,0
910,121,888,0,3
911,121,889,0,3
917,121,895,0,3
908,122,886,0,3
909,122,931,3,0
910,122,888,0,3
917,122,895,0,3
908,123,886,0,3
909,123,931,3,0
917,123,895,0,3
908,124,886,0,3
917,124,895,0,3
917,125,895,0,3
906,127,884,0,3
919,127,941,3,0
906,128,884,0,3
919,128,941,3,0
906,129,884,0,3
919,129,941,3,0
903,130,925,3,0
906,130,884,0,3
919,130,941,3,0
903,131,925,3,0
906,131,884,0,3
919,131,941,3,0
925,132,947,3,0
941,132,963,3,0
944,132,966,3,0
925,133,947,3,0
941,133,963,3,0
941,134,963,3,0
941,135,963,3,0
930,138,908,0,3
930,139,908,0,3
931,139,953,3,0
930,140,908,0,3
931,140,953,3,0
932,140,910,0,3
930,141,908,0,3
931,141,953,3,0
932,141,910,0,3
933,141,911,0,3
936,141,914,0,3
930,142,908,0,3
931,142,953,3,0
932,142,910,0,3
933,142,911,0,3
934,142,956,3,0
936,142,914,0,3
930,143,908,0,3
931,143,953,3,0
932,143,910,0,3
933,143,911,0,3
936,143,914,0,3
930,144,908,0,3
931,144,953,3,0
932,144,910,0,3
936,144,914,0,3
930,145,908,0,3
931,145,953,3,0
930,146,908,0,3
941,149,963,3,0
941,150,963,3,0
941,151,963,3,0
925,152,947,3,0
941,152,963,3,0
944,152,966,3,0
925,153,947,3,0
941,153,963,3,0
944,153,966,3,0
945,153,967,3,0
947,154,969,3,0
950,154,972,3,0
951,154,973,3,0
962,154,940,0,3
963,154,985,3,0
964,154,986,3,0
966,154,988,3,0
947,155,969,3,0
950,155,972,3,0
951,155,973,3,0
962,155,940,0,3
963,155,985,3,0
964,155,986,3,0
950,156,972,3,0
951,156,973,3,0
962,156,940,0,3
963,156,985,3,0
964,156,986,3,0
950,157,972,3,0
951,157,973,3,0
962,157,940,0,3
963,157,985,3,0
950,158,972,3,0
951,158,973,3,0
962,158,940,0,3
951,159,973,3,0
962,159,940,0,3
951,160,973,3,0
952,160,930,0,3
962,160,940,0,3
951,161,973,3,0
952,161,930,0,3
953,161,975,3,0
962,161,940,0,3
951,162,973,3,0
952,162,930,0,3
953,162,975,3,0
954,162,932,0,3
962,162,940,0,3
951,163,973,3,0
952,163,930,0,3
953,163,975,3,0
954,163,932,0,3
955,163,933,0,3
958,163,936,0,3
962,163,940,0,3
951,164,973,3,0
952,164,930,0,3
953,164,975,3,0
954,164,932,0,3
955,164,933,0,3
956,164,978,3,0
958,164,936,0,3
962,164,940,0,3
951,165,973,3,0
952,165,930,0,3
953,165,975,3,0
954,165,932,0,3
955,165,933,0,3
958,165,936,0,3
962,165,940,0,3
951,166,973,3,0
952,166,930,0,3
953,166,975,3,0
954,166,932,0,3
958,166,936,0,3
962,166,940,0,3
951,167,973,3,0
952,167,930,0,3
953,167,975,3,0
962,167,940,0,3
951,168,973,3,0
952,168,930,0,3
962,168,940,0,3
951,169,973,3,0
962,169,940,0,3
962,170,940,0,3
950,171,972,3,0
951,171,973,3,0
962,171,940,0,3
963,171,985,3,0
950,172,972,3,0
951,172,973,3,0
962,172,940,0,3
963,172,985,3,0
964,172,986,3,0
950,173,972,3,0
951,173,973,3,0
962,173,940,0,3
963,173,985,3,0
964,173,986,3,0
947,174,969,3,0
950,174,972,3,0
951,174,973,3,0
962,174,940,0,3
963,174,985,3,0
964,174,986,3,0
966,174,988,3,0
947,175,969,3,0
950,175,972,3,0
951,175,973,3,0
962,175,940,0,3
963,175,985,3,0
964,175,986,3,0
966,175,988,3,0
967,175,945,0,3
969,176,991,3,0
970,176,992,3,0
973,176,995,3,0
984,176,962,0,3
969,177,991,3,0
970,177,992,3,0
973,177,995,3,0
984,177,962,0,3
970,178,992,3,0
973,178,995,3,0
984,178,962,0,3
973,179,995,3,0
984,179,962,0,3
973,180,995,3,0
984,180,962,0,3
973,181,995,3,0
973,182,995,3,0
974,182,952,0,3
984,182,962,0,3
973,183,995,3,0
974,183,952,0,3
975,183,997,3,0
984,183,962,0,3
973,184,995,3,0
974,184,952,0,3
975,184,997,3,0
984,184,962,0,3
973,185,995,3,0
974,185,952,0,3
975,185,997,3,0
977,185,955,0,3
980,185,958,0,3
984,185,962,0,3
973,186,995,3,0
974,186,952,0,3
975,186,997,3,0
977,186,955,0,3
980,186,958,0,3
984,186,962,0,3
973,187,995,3,0
974,187,952,0,3
975,187,997,3,0
977,187,955,0,3
980,187,958,0,3
984,187,962,0,3
973,188,995,3,0
974,188,952,0,3
975,188,997,3,0
980,188,958,0,3
984,188,962,0,3
973,189,995,3,0
974,189,952,0,3
975,189,997,3,0
984,189,962,0,3
973,190,995,3,0
974,190,952,0,3
984,190,962,0,3
984,191,962,0,3
984,192,962,0,3
973,193,995,3,0
984,193,962,0,3
973,194,995,3,0
984,194,962,0,3
970,195,992,3,0
973,195,995,3,0
984,195,962,0,3
969,196,991,3,0
970,196,992,3,0
973,196,995,3,0
984,196,962,0,3
969,197,991,3,0
970,197,992,3,0
973,197,995,3,0
984,197,962,0,3
989,197,967,0,3
990,198,1012,2,0
991,198,1013,3,0
992,198,1014,3,0
995,198,1017,3,0
1006,198,984,0,3
991,199,1013,3,0
992,199,1014,3,0
995,199,1017,3,0
1006,199,984,0,3
992,200,1014,3,0
995,200,1017,3,0
1006,200,984,0,3
995,201,1017,3,0
1006,201,984,0,3
995,202,1017,3,0
1006,202,984,0,3
995,203,1017,3,0
1006,203,984,0,3
995,204,1017,3,0
1006,204,984,0,3
995,205,1017,3,0
997,205,1019,3,0
1006,205,984,0,3
995,206,1017,3,0
997,206,1019,3,0
1006,206,984,0,3
995,207,1017,3,0
997,207,1019,3,0
999,207,977,0,3
1002,207,980,0,3
1006,207,984,0,3
995,208,1017,3,0
997,208,1019,3,0
999,208,977,0,3
1002,208,980,0,3
1006,208,984,0,3
995,209,1017,3,0
997,209,1019,3,0
999,209,977,0,3
1002,209,980,0,3
1006,209,984,0,3
995,210,1017,3,0
997,210,1019,3,0
1002,210,980,0,3
1006,210,984,0,3
995,211,1017,3,0
997,211,1019,3,0
1006,211,984,0,3
995,212,1017,3,0
1006,212,984,0,3
995,213,1017,3,0
1006,213,984,0,3
1006,214,984,0,3
995,215,1017,3,0
1006,215,984,0,3
995,216,1017,3,0
1006,216,984,0,3
992,217,1014,3,0
995,217,1017,3,0
1006,217,984,0,3
991,218,1013,3,0
992,218,1014,3,0
995,218,1017,3,0
1006,218,984,0,3
990,219,1012,2,0
991,219,1013,3,0
992,219,1014,3,0
995,219,1017,3,0
1006,219,984,0,3
1011,219,989,0,3
1013,220,1035,3,0
1014,220,1036,3,0
1016,220,1038,3,0
1028,220,1006,0,3
1030,220,1052,3,0
1013,221,1035,3,0
1014,221,1036,3,0
1016,221,1038,3,0
1028,221,1006,0,3
1030,221,1052,3,0
1014,222,1036,3,0
1016,222,1038,3,0
1028,222,1006,0,3
1030,222,1052,3,0
1016,223,1038,3,0
1028,223,1006,0,3
1016,224,1038,3,0
1028,224,1006,0,3
1028,226,1006,0,3
1019,227,1041,3,0
1028,227,1006,0,3
1019,228,1041,3,0
1020,228,1042,3,0
1028,228,1006,0,3
1019,229,1041,3,0
1020,229,1042,3,0
1024,229,1002,0,3
1028,229,1006,0,3
1019,230,1041,3,0
1020,230,1042,3,0
1024,230,1002,0,3
1028,230,1006,0,3
1019,231,1041,3,0
1020,231,1042,3,0
1024,231,1002,0,3
1028,231,1006,0,3
1019,232,1041,3,0
1020,232,1042,3,0
1024,232,1002,0,3
1028,232,1006,0,3
1019,233,1041,3,0
1028,233,1006,0,3
1028,234,1006,0,3
1028,235,1006,0,3
1028,236,1006,0,3
1016,237,1038,3,0
1028,237,1006,0,3
1016,238,1038,3,0
1028,238,1006,0,3
1030,238,1052,3,0
1014,239,1036,3,0
1016,239,1038,3,0
1028,239,1006,0,3
1030,239,1052,3,0
1013,240,1035,3,0
1014,240,1036,3,0
1016,240,1038,3,0
1028,240,1006,0,3
1030,240,1052,3,0
1013,241,1035,3,0
1014,241,1036,3,0
1016,241,1038,3,0
1028,241,1006,0,3
1030,241,1052,3,0
1033,241,1011,0,3
1034,242,1012,0,2
1035,242,1057,3,0
1036,242,1058,3,0
1050,242,1028,0,3
1052,242,1074,3,0
1035,243,1057,3,0
1036,243,1058,3,0
1050,243,1028,0,3
1052,243,1074,3,0
1036,244,1058,3,0
1050,244,1028,0,3
1052,244,1074,3,0
1050,245,1028,0,3
1050,246,1028,0,3
1050,247,1028,0,3
1050,248,1028,0,3
1041,249,1063,3,0
1050,249,1028,0,3
1041,250,1063,3,0
1042,250,1064,3,0
1050,250,1028,0,3
1041,251,1063,3,0
1042,251,1064,3,0
1046,251,1024,0,3
1050,251,1028,0,3
1041,252,1063,3,0
1042,252,1064,3,0
1046,252,1024,0,3
1050,252,1028,0,3
1041,253,1063,3,0
1042,253,1064,3,0
1046,253,1024,0,3
1050,253,1028,0,3
1041,254,1063,3,0
1042,254,1064,3,0
1046,254,1024,0,3
1050,254,1028,0,3
1041,255,1063,3,0
1050,255,1028,0,3
1050,256,1028,0,3
1050,257,1028,0,3
1050,258,1028,0,3
1050,259,1028,0,3
1050,260,1028,0,3
1052,260,1074,3,0
1036,261,1058,3,0
1050,261,1028,0,3
1052,261,1074,3,0
1035,262,1057,3,0
1036,262,1058,3,0
1050,262,1028,0,3
1052,262,1074,3,0
1034,263,1012,0,2
1035,263,1057,3,0
1036,263,1058,3,0
1050,263,1028,0,3
1052,263,1074,3,0
1055,263,1033,0,3
1056,264,1034,0,2
1057,264,1079,3,0
1058,264,1080,3,0
1072,264,1050,0,3
1074,264,1096,3,0
1057,265,1079,3,0
1058,265,1080,3,0
1072,265,1050,0,3
1074,265,1096,3,0
1058,266,1080,3,0
1072,266,1050,0,3
1074,266,1096,3,0
1072,267,1050,0,3
1072,268,1050,0,3
1072,270,1050,0,3
1072,271,1050,0,3
1072,272,1050,0,3
1068,273,1046,0,3
1072,273,1050,0,3
1068,274,1046,0,3
1072,274,1050,0,3
1068,275,1046,0,3
1072,275,1050,0,3
1068,276,1046,0,3
1072,276,1050,0,3
1072,277,1050,0,3
1072,278,1050,0,3
1072,279,1050,0,3
1072,280,1050,0,3
1072,281,1050,0,3
1072,282,1050,0,3
1074,282,1096,3,0
1058,283,1080,3,0
1072,283,1050,0,3
1074,283,1096,3,0
1057,284,1079,3,0
1058,284,1080,3,0
1072,284,1050,0,3
1074,284,1096,3,0
1056,285,1034,0,2
1057,285,1079,3,0
1058,285,1080,3,0
1072,285,1050,0,3
1074,285,1096,3,0
1077,285,1055,0,3
1079,286,1101,3,0
1080,286,1102,3,0
1082,286,1060,0,3
1094,286,1072,0,3
1096,286,1118,3,0
1079,287,1101,3,0
1080,287,1102,3,0
1082,287,1060,0,3
1094,287,1072,0,3
1096,287,1118,3,0
1080,288,1102,3,0
1082,288,1060,0,3
1094,288,1072,0,3
1096,288,1118,3,0
1082,289,1060,0,3
1094,289,1072,0,3
1082,290,1060,0,3
1094,290,1072,0,3
1094,291,1072,0,3
1094,292,1072,0,3
1094,293,1072,0,3
1094,294,1072,0,3
1087,295,1109,3,0
1090,295,1068,0,3
1094,295,1072,0,3
1087,296,1109,3,0
1090,296,1068,0,3
1094,296,1072,0,3
1087,297,1109,3,0
1090,297,1068,0,3
1094,297,1072,0,3
1090,298,1068,0,3
1094,298,1072,0,3
1094,299,1072,0,3
1094,300,1072,0,3
1094,301,1072,0,3
1094,302,1072,0,3
1082,303,1060,0,3
1094,303,1072,0,3
1082,304,1060,0,3
1094,304,1072,0,3
1096,304,1118,3,0
1080,305,1102,3,0
1082,305,1060,0,3
1094,305,1072,0,3
1096,305,1118,3,0
1079,306,1101,3,0
1080,306,1102,3,0
1082,306,1060,0,3
1094,306,1072,0,3
1096,306,1118,3,0
1079,307,1101,3,0
1080,307,1102,3,0
1082,307,1060,0,3
1094,307,1072,0,3
1096,307,1118,3,0
1099,307,1077,0,3
1101,308,1123,3,0
1102,308,1124,3,0
1104,308,1082,0,3
1116,308,1094,0,3
1118,308,1140,3,0
1119,308,1141,3,0
1120,308,1142,3,0
1101,309,1123,3,0
1102,309,1124,3,0
1104,309,1082,0,3
1116,309,1094,0,3
1118,309,1140,3,0
1119,309,1141,3,0
1102,310,1124,3,0
1104,310,1082,0,3
1116,310,1094,0,3
1118,310,1140,3,0
1104,311,1082,0,3
1116,311,1094,0,3
1104,312,1082,0,3
1116,312,1094,0,3
1116,314,1094,0,3
1116,315,1094,0,3
1116,316,1094,0,3
1109,317,1131,3,0
1112,317,1090,0,3
1116,317,1094,0,3
1109,318,1131,3,0
1112,318,1090,0,3
1116,318,1094,0,3
1109,319,1131,3,0
1112,319,1090,0,3
1116,319,1094,0,3
1112,320,1090,0,3
1116,320,1094,0,3
1116,321,1094,0,3
1116,322,1094,0,3
1116,323,1094,0,3
1116,324,1094,0,3
1104,325,1082,0,3
1116,325,1094,0,3
1104,326,1082,0,3
1116,326,1094,0,3
1118,326,1140,3,0
1102,327,1124,3,0
1104,327,1082,0,3
1116,327,1094,0,3
1118,327,1140,3,0
1119,327,1141,3,0
1101,328,1123,3,0
1102,328,1124,3,0
1104,328,1082,0,3
1116,328,1094,0,3
1118,328,1140,3,0
1119,328,1141,3,0
1120,328,1142,3,0
1101,329,1123,3,0
1102,329,1124,3,0
1104,329,1082,0,3
1116,329,1094,0,3
1118,329,1140,3,0
1119,329,1141,3,0
1120,329,1142,3,0
1121,329,1099,0,3
1123,330,1145,3,0
1124,330,1146,3,0
1126,330,1104,0,3
1138,330,1116,0,3
1140,330,1162,3,0
1141,330,1163,3,0
1142,330,1164,3,0
1123,331,1145,3,0
1124,331,1146,3,0
1126,331,1104,0,3
1138,331,1116,0,3
1140,331,1162,3,0
1141,331,1163,3,0
1124,332,1146,3,0
1126,332,1104,0,3
1138,332,1116,0,3
1140,332,1162,3,0
1126,333,1104,0,3
1138,333,1116,0,3
1126,334,1104,0,3
1138,334,1116,0,3
1138,335,1116,0,3
1138,336,1116,0,3
1138,337,1116,0,3
1138,338,1116,0,3
1131,339,1153,3,0
1134,339,1112,0,3
1138,339,1116,0,3
1131,340,1153,3,0
1134,340,1112,0,3
1138,340,1116,0,3
1131,341,1153,3,0
1134,341,1112,0,3
1138,341,1116,0,3
1134,342,1112,0,3
1138,342,1116,0,3
1138,343,1116,0,3
1138,344,1116,0,3
1138,345,1116,0,3
1138,346,1116,0,3
1126,347,1104,0,3
1138,347,1116,0,3
1126,348,1104,0,3
1138,348,1116,0,3
1140,348,1162,3,0
1124,349,1146,3,0
1126,349,1104,0,3
1138,349,1116,0,3
1140,349,1162,3,0
1141,349,1163,3,0
1123,350,1145,3,0
1124,350,1146,3,0
1126,350,1104,0,3
1138,350,1116,0,3
1140,350,1162,3,0
1141,350,1163,3,0
1142,350,1164,3,0
1123,351,1145,3,0
1124,351,1146,3,0
1126,351,1104,0,3
1138,351,1116,0,3
1140,351,1162,3,0
1141,351,1163,3,0
1142,351,1164,3,0
1143,351,1121,0,3
1145,352,1167,3,0
1146,352,1168,3,0
1148,352,1126,0,3
1160,352,1138,0,3
1162,352,1184,3,0
1163,352,1185,3,0
1164,352,1186,3,0
1145,353,1167,3,0
1146,353,1168,3,0
1148,353,1126,0,3
1160,353,1138,0,3
1162,353,1184,3,0
1163,353,1185,3,0
1146,354,1168,3,0
1148,354,1126,0,3
1160,354,1138,0,3
1162,354,1184,3,0
1148,355,1126,0,3
1160,355,1138,0,3
1148,356,1126,0,3
1160,356,1138,0,3
1150,358,1128,0,3
1160,358,1138,0,3
1150,359,1128,0,3
1160,359,1138,0,3
1150,360,1128,0,3
1160,360,1138,0,3
1150,361,1128,0,3
1153,361,1175,3,0
1156,361,1134,0,3
1160,361,1138,0,3
1150,362,1128,0,3
1153,362,1175,3,0
1154,362,1176,3,0
1155,362,1177,3,0
1156,362,1134,0,3
1160,362,1138,0,3
1150,363,1128,0,3
1153,363,1175,3,0
1155,363,1177,3,0
1156,363,1134,0,3
1160,363,1138,0,3
1150,364,1128,0,3
1156,364,1134,0,3
1160,364,1138,0,3
1150,365,1128,0,3
1160,365,1138,0,3
1150,366,1128,0,3
1160,366,1138,0,3
1160,367,1138,0,3
1160,368,1138,0,3
1148,369,1126,0,3
1160,369,1138,0,3
1148,370,1126,0,3
1160,370,1138,0,3
1162,370,1184,3,0
1146,371,1168,3,0
1148,371,1126,0,3
1160,371,1138,0,3
1162,371,1184,3,0
1163,371,1185,3,0
1145,372,1167,3,0
1146,372,1168,3,0
1148,372,1126,0,3
1160,372,1138,0,3
1162,372,1184,3,0
1163,372,1185,3,0
1164,372,1186,3,0
1145,373,1167,3,0
1146,373,1168,3,0
1148,373,1126,0,3
1160,373,1138,0,3
1162,373,1184,3,0
1163,373,1185,3,0
1164,373,1186,3,0
1165,373,1143,0,3
1167,374,1189,3,0
1168,374,1190,3,0
1170,374,1148,0,3
1182,374,1160,0,3
1184,374,1206,3,0
1185,374,1207,3,0
1186,374,1208,3,0
1167,375,1189,3,0
1168,375,1190,3,0
1170,375,1148,0,3
1182,375,1160,0,3
1184,375,1206,3,0
1185,375,1207,3,0
1168,376,1190,3,0
1170,376,1148,0,3
1182,376,1160,0,3
1184,376,1206,3,0
1170,377,1148,0,3
1182,377,1160,0,3
1170,378,1148,0,3
1182,378,1160,0,3
1182,379,1160,0,3
1182,380,1160,0,3
1182,381,1160,0,3
1182,382,1160,0,3
1175,383,1197,3,0
1178,383,1156,0,3
1182,383,1160,0,3
1175,384,1197,3,0
1177,384,1199,3,0
1178,384,1156,0,3
1182,384,1160,0,3
1175,385,1197,3,0
1177,385,1199,3,0
1178,385,1156,0,3
1182,385,1160,0,3
1178,386,1156,0,3
1182,386,1160,0,3
1182,387,1160,0,3
1182,388,1160,0,3
1182,389,1160,0,3
1182,390,1160,0,3
1170,391,1148,0,3
1182,391,1160,0,3
1170,392,1148,0,3
1182,392,1160,0,3
1184,392,1206,3,0
1168,393,1190,3,0
1170,393,1148,0,3
1182,393,1160,0,3
1184,393,1206,3,0
1185,393,1207,3,0
1167,394,1189,3,0
1168,394,1190,3,0
1170,394,1148,0,3
1182,394,1160,0,3
1184,394,1206,3,0
1185,394,1207,3,0
1186,394,1208,3,0
1167,395,1189,3,0
1168,395,1190,3,0
1170,395,1148,0,3
1182,395,1160,0,3
1184,395,1206,3,0
1185,395,1207,3,0
1186,395,1208,3,0
1187,395,1165,0,3
1189,396,1211,3,0
1190,396,1212,3,0
1192,396,1170,0,3
1204,396,1182,0,3
1205,396,1183,0,3
1206,396,1228,3,0
1207,396,1229,3,0
1208,396,1230,3,0
1189,397,1211,3,0
1190,397,1212,3,0
1192,397,1170,0,3
1204,397,1182,0,3
1205,397,1183,0,3
1206,397,1228,3,0
1207,397,1229,3,0
1190,398,1212,3,0
1192,398,1170,0,3
1204,398,1182,0,3
1205,398,1183,0,3
1206,398,1228,3,0
1192,399,1170,0,3
1204,399,1182,0,3
1205,399,1183,0,3
1192,400,1170,0,3
1204,400,1182,0,3
1204,402,1182,0,3
1204,403,1182,0,3
1204,404,1182,0,3
1197,405,1219,3,0
1200,405,1178,0,3
1204,405,1182,0,3
1197,406,1219,3,0
1198,406,1220,3,0
1199,406,1221,3,0
1200,406,1178,0,3
1204,406,1182,0,3
1197,407,1219,3,0
1199,407,1221,3,0
1200,407,1178,0,3
1204,407,1182,0,3
1200,408,1178,0,3
1204,408,1182,0,3
1204,409,1182,0,3
1204,410,1182,0,3
1204,411,1182,0,3
1204,412,1182,0,3
1192,413,1170,0,3
1204,413,1182,0,3
1205,413,1183,0,3
1192,414,1170,0,3
1204,414,1182,0,3
1205,414,1183,0,3
1206,414,1228,3,0
1190,415,1212,3,0
1192,415,1170,0,3
1204,415,1182,0,3
1205,415,1183,0,3
1206,415,1228,3,0
1207,415,1229,3,0
1189,416,1211,3,0
1190,416,1212,3,0
1192,416,1170,0,3
1204,416,1182,0,3
1205,416,1183,0,3
1206,416,1228,3,0
1207,416,1229,3,0
1208,416,1230,3,0
1189,417,1211,3,0
1190,417,1212,3,0
1192,417,1170,0,3
1204,417,1182,0,3
1205,417,1183,0,3
1206,417,1228,3,0
1207,417,1229,3,0
1208,417,1230,3,0
1209,417,1187,0,3
1211,418,1233,3,0
1212,418,1234,3,0
1214,418,1192,0,3
1226,418,1204,0,3
1227,418,1205,0,3
1228,418,1250,3,0
1229,418,1251,3,0
1230,418,1252,3,0
1211,419,1233,3,0
1212,419,1234,3,0
1214,419,1192,0,3
1226,419,1204,0,3
1227,419,1205,0,3
1228,419,1250,3,0
1229,419,1251,3,0
1212,420,1234,3,0
1214,420,1192,0,3
1226,420,1204,0,3
1227,420,1205,0,3
1228,420,1250,3,0
1214,421,1192,0,3
1226,421,1204,0,3
1227,421,1205,0,3
1214,422,1192,0,3
1226,422,1204,0,3
1226,423,1204,0,3
1226,424,1204,0,3
1226,425,1204,0,3
1226,426,1204,0,3
1219,427,1241,3,0
1222,427,1200,0,3
1226,427,1204,0,3
1219,428,1241,3,0
1220,428,1242,3,0
1221,428,1243,3,0
1222,428,1200,0,3
1226,428,1204,0,3
1219,429,1241,3,0
1221,429,1243,3,0
1222,429,1200,0,3
1226,429,1204,0,3
1222,430,1200,0,3
1226,430,1204,0,3
1226,431,1204,0,3
1226,432,1204,0,3
1226,433,1204,0,3
1226,434,1204,0,3
1214,435,1192,0,3
1226,435,1204,0,3
1227,435,1205,0,3
1214,436,1192,0,3
1226,436,1204,0,3
1227,436,1205,0,3
1228,436,1250,3,0
1212,437,1234,3,0
1214,437,1192,0,3
1226,437,1204,0,3
1227,437,1205,0,3
1228,437,1250,3,0
1229,437,1251,3,0
1211,438,1233,3,0
1212,438,1234,3,0
1214,438,1192,0,3
1226,438,1204,0,3
1227,438,1205,0,3
1228,438,1250,3,0
1229,438,1251,3,0
1230,438,1252,3,0
1211,439,1233,3,0
1212,439,1234,3,0
1214,439,1192,0,3
1226,439,1204,0,3
1227,439,1205,0,3
1228,439,1250,3,0
1229,439,1251,3,0
1230,439,1252,3,0
1231,439,1209,0,3
1233,440,1255,3,0
1234,440,1256,3,0
1236,440,1214,0,3
1248,440,1226,0,3
1250,440,1272,3,0
1251,440,1273,3,0
1252,440,1274,3,0
1233,441,1255,3,0
1234,441,1256,3,0
1236,441,1214,0,3
1248,441,1226,0,3
1250,441,1272,3,0
1251,441,1273,3,0
1234,442,1256,3,0
1236,442,1214,0,3
1248,442,1226,0,3
1250,442,1272,3,0
1236,443,1214,0,3
1248,443,1226,0,3
1236,444,1214,0,3
1248,444,1226,0,3
1247,446,1269,3,0
1248,446,1226,0,3
1247,447,1269,3,0
1248,447,1226,0,3
1247,448,1269,3,0
1248,448,1226,0,3
1241,449,1263,3,0
1244,449,1222,0,3
1247,449,1269,3,0
1248,449,1226,0,3
1241,450,1263,3,0
1242,450,1264,3,0
1243,450,1265,3,0
1244,450,1222,0,3
1247,450,1269,3,0
1248,450,1226,0,3
1241,451,1263,3,0
1243,451,1265,3,0
1244,451,1222,0,3
1247,451,1269,3,0
1248,451,1226,0,3
1244,452,1222,0,3
1247,452,1269,3,0
1248,452,1226,0,3
1247,453,1269,3,0
1248,453,1226,0,3
1247,454,1269,3,0
1248,454,1226,0,3
1247,455,1269,3,0
1248,455,1226,0,3
1248,456,1226,0,3
1236,457,1214,0,3
1248,457,1226,0,3
1236,458,1214,0,3
1248,458,1226,0,3
1250,458,1272,3,0
1234,459,1256,3,0
1236,459,1214,0,3
1248,459,1226,0,3
1250,459,1272,3,0
1251,459,1273,3,0
1233,460,1255,3,0
1234,460,1256,3,0
1236,460,1214,0,3
1248,460,1226,0,3
1250,460,1272,3,0
1251,460,1273,3,0
1252,460,1274,3,0
1233,461,1255,3,0
1234,461,1256,3,0
1236,461,1214,0,3
1248,461,1226,0,3
1250,461,1272,3,0
1251,461,1273,3,0
1252,461,1274,3,0
1253,461,1231,0,3
1255,462,1277,3,0
1256,462,1278,3,0
1258,462,1236,0,3
1270,462,1248,0,3
1272,462,1294,3,0
1273,462,1295,3,0
1274,462,1296,3,0
1255,463,1277,3,0
1256,463,1278,3,0
1258,463,1236,0,3
1270,463,1248,0,3
1272,463,1294,3,0
1273,463,1295,3,0
1256,464,1278,3,0
1258,464,1236,0,3
1270,464,1248,0,3
1272,464,1294,3,0
1258,465,1236,0,3
1270,465,1248,0,3
1258,466,1236,0,3
1270,466,1248,0,3
1270,467,1248,0,3
1269,468,1291,3,0
1270,468,1248,0,3
1269,469,1291,3,0
1270,469,1248,0,3
1269,470,1291,3,0
1270,470,1248,0,3
1263,471,1285,3,0
1266,471,1244,0,3
1269,471,1291,3,0
1270,471,1248,0,3
1263,472,1285,3,0
1264,472,1286,3,0
1265,472,1287,3,0
1266,472,1244,0,3
1269,472,1291,3,0
1270,472,1248,0,3
1263,473,1285,3,0
1265,473,1287,3,0
1266,473,1244,0,3
1269,473,1291,3,0
1270,473,1248,0,3
1266,474,1244,0,3
1269,474,1291,3,0
1270,474,1248,0,3
1269,475,1291,3,0
1270,475,1248,0,3
1269,476,1291,3,0
1270,476,1248,0,3
1269,477,1291,3,0
1270,477,1248,0,3
1270,478,1248,0,3
1258,479,1236,0,3
1270,479,1248,0,3
1258,480,1236,0,3
1270,480,1248,0,3
1272,480,1294,3,0
1256,481,1278,3,0
1258,481,1236,0,3
1270,481,1248,0,3
1272,481,1294,3,0
1273,481,1295,3,0
1255,482,1277,3,0
1256,482,1278,3,0
1258,482,1236,0,3
1270,482,1248,0,3
1272,482,1294,3,0
1273,482,1295,3,0
1274,482,1296,3,0
1255,483,1277,3,0
1256,483,1278,3,0
1258,483,1236,0,3
1270,483,1248,0,3
1272,483,1294,3,0
1273,483,1295,3,0
1274,483,1296,3,0
1275,483,1253,0,3
1277,484,1299,3,0
1278,484,1300,3,0
1280,484,1258,0,3
1292,484,1270,0,3
1294,484,1316,3,0
1295,484,1317,3,0
1296,484,1318,3,0
1277,485,1299,3,0
1278,485,1300,3,0
1280,485,1258,0,3
1292,485,1270,0,3
1294,485,1316,3,0
1295,485,1317,3,0
1278,486,1300,3,0
1280,486,1258,0,3
1292,486,1270,0,3
1294,486,1316,3,0
1280,487,1258,0,3
1292,487,1270,0,3
1280,488,1258,0,3
1292,488,1270,0,3
1291,490,1313,3,0
1292,490,1270,0,3
1291,491,1313,3,0
1292,491,1270,0,3
1291,492,1313,3,0
1292,492,1270,0,3
1285,493,1307,3,0
1288,493,1266,0,3
1291,493,1313,3,0
1292,493,1270,0,3
1285,494,1307,3,0
1286,494,1308,3,0
1287,494,1309,3,0
1288,494,1266,0,3
1291,494,1313,3,0
1292,494,1270,0,3
1285,495,1307,3,0
1287,495,1309,3,0
1288,495,1266,0,3
1291,495,1313,3,0
1292,495,1270,0,3
1288,496,1266,0,3
1291,496,1313,3,0
1292,496,1270,0,3
1291,497,1313,3,0
1292,497,1270,0,3
1291,498,1313,3,0
1292,498,1270,0,3
1291,499,1313,3,0
1292,499,1270,0,3
1292,500,1270,0,3
1280,501,1258,0,3
1292,501,1270,0,3
1280,502,1258,0,3
1292,502,1270,0,3
1294,502,1316,3,0
1278,503,1300,3,0
1280,503,1258,0,3
1292,503,1270,0,3
1294,503,1316,3,0
1295,503,1317,3,0
1277,504,1299,3,0
1278,504,1300,3,0
1280,504,1258,0,3
1292,504,1270,0,3
1294,504,1316,3,0
1295,504,1317,3,0
1296,504,1318,3,0
1277,505,1299,3,0
1278,505,1300,3,0
1280,505,1258,0,3
1292,505,1270,0,3
1294,505,1316,3,0
1295,505,1317,3,0
1296,505,1318,3,0
1297,505,1275,0,3
1299,506,1321,3,0
1300,506,1322,3,0
1302,506,1280,0,3
1314,506,1292,0,3
1316,506,1338,3,0
1317,506,1339,3,0
1318,506,1340,3,0
1299,507,1321,3,0
1300,507,1322,3,0
1302,507,1280,0,3
1314,507,1292,0,3
1316,507,1338,3,0
1317,507,1339,3,0
1300,508,1322,3,0
1302,508,1280,0,3
1314,508,1292,0,3
1316,508,1338,3,0
1302,509,1280,0,3
1314,509,1292,0,3
1302,510,1280,0,3
1314,510,1292,0,3
1314,511,1292,0,3
1313,512,1335,3,0
1314,512,1292,0,3
1313,513,1335,3,0
1314,513,1292,0,3
1313,514,1335,3,0
1314,514,1292,0,3
1307,515,1329,3,0
1310,515,1288,0,3
1313,515,1335,3,0
1314,515,1292,0,3
1307,516,1329,3,0
1310,516,1288,0,3
1313,516,1335,3,0
1314,516,1292,0,3
1307,517,1329,3,0
1310,517,1288,0,3
1313,517,1335,3,0
1314,517,1292,0,3
1310,518,1288,0,3
1313,518,1335,3,0
1314,518,1292,0,3
1313,519,1335,3,0
1314,519,1292,0,3
1313,520,1335,3,0
1314,520,1292,0,3
1313,521,1335,3,0
1314,521,1292,0,3
1314,522,1292,0,3
1302,523,1280,0,3
1314,523,1292,0,3
1302,524,1280,0,3
1314,524,1292,0,3
1316,524,1338,3,0
1300,525,1322,3,0
1302,525,1280,0,3
1314,525,1292,0,3
1316,525,1338,3,0
1317,525,1339,3,0
1299,526,1321,3,0
1300,526,1322,3,0
1302,526,1280,0,3
1314,526,1292,0,3
1316,526,1338,3,0
1317,526,1339,3,0
1318,526,1340,3,0
1299,527,1321,3,0
1300,527,1322,3,0
1302,527,1280,0,3
1314,527,1292,0,3
1316,527,1338,3,0
1317,527,1339,3,0
1318,527,1340,3,0
1319,527,1297,0,3
1321,528,1343,3,0
1322,528,1344,3,0
1324,528,1302,0,3
1336,528,1314,0,3
1339,528,1361,3,0
1340,528,1362,3,0
1321,529,1343,3,0
1322,529,1344,3,0
1324,529,1302,0,3
1336,529,1314,0,3
1339,529,1361,3,0
1322,530,1344,3,0
1324,530,1302,0,3
1336,530,1314,0,3
1324,531,1302,0,3
1336,531,1314,0,3
1324,532,1302,0,3
1336,532,1314,0,3
1335,534,1357,3,0
1336,534,1314,0,3
1335,535,1357,3,0
1336,535,1314,0,3
1335,536,1357,3,0
1336,536,1314,0,3
1329,537,1351,3,0
1332,537,1310,0,3
1335,537,1357,3,0
1336,537,1314,0,3
1329,538,1351,3,0
1332,538,1310,0,3
1335,538,1357,3,0
1336,538,1314,0,3
1329,539,1351,3,0
1332,539,1310,0,3
1335,539,1357,3,0
1336,539,1314,0,3
1332,540,1310,0,3
1335,540,1357,3,0
1336,540,1314,0,3
1335,541,1357,3,0
1336,541,1314,0,3
1335,542,1357,3,0
1336,542,1314,0,3
1335,543,1357,3,0
1336,543,1314,0,3
1336,544,1314,0,3
1324,545,1302,0,3
1336,545,1314,0,3
1324,546,1302,0,3
1336,546,1314,0,3
1322,547,1344,3,0
1324,547,1302,0,3
1336,547,1314,0,3
1339,547,1361,3,0
1321,548,1343,3,0
1322,548,1344,3,0
1324,548,1302,0,3
1336,548,1314,0,3
1339,548,1361,3,0
1340,548,1362,3,0
1321,549,1343,3,0
1322,549,1344,3,0
1324,549,1302,0,3
1336,549,1314,0,3
1339,549,1361,3,0
1340,549,1362,3,0
1341,549,1319,0,3
1343,550,1365,3,0
1344,550,1366,3,0
1346,550,1324,0,3
1358,550,1336,0,3
1360,550,1382,3,0
1361,550,1383,3,0
1362,550,1384,3,0
1343,551,1365,3,0
1344,551,1366,3,0
1346,551,1324,0,3
1358,551,1336,0,3
1360,551,1382,3,0
1361,551,1383,3,0
1344,552,1366,3,0
1346,552,1324,0,3
1358,552,1336,0,3
1360,552,1382,3,0
1346,553,1324,0,3
1358,553,1336,0,3
1346,554,1324,0,3
1358,554,1336,0,3
1358,555,1336,0,3
1348,556,1326,0,3
1357,556,1379,3,0
1358,556,1336,0,3
1348,557,1326,0,3
1357,557,1379,3,0
1358,557,1336,0,3
1348,558,1326,0,3
1355,558,1333,0,3
1357,558,1379,3,0
1358,558,1336,0,3
1348,559,1326,0,3
1351,559,1373,3,0
1354,559,1332,0,3
1355,559,1333,0,3
1357,559,1379,3,0
1358,559,1336,0,3
1348,560,1326,0,3
1351,560,1373,3,0
1354,560,1332,0,3
1355,560,1333,0,3
1357,560,1379,3,0
1358,560,1336,0,3
1348,561,1326,0,3
1351,561,1373,3,0
1354,561,1332,0,3
1355,561,1333,0,3
1357,561,1379,3,0
1358,561,1336,0,3
1348,562,1326,0,3
1354,562,1332,0,3
1355,562,1333,0,3
1357,562,1379,3,0
1358,562,1336,0,3
1348,563,1326,0,3
1355,563,1333,0,3
1357,563,1379,3,0
1358,563,1336,0,3
1348,564,1326,0,3
1357,564,1379,3,0
1358,564,1336,0,3
1357,565,1379,3,0
1358,565,1336,0,3
1358,566,1336,0,3
1346,567,1324,0,3
1358,567,1336,0,3
1346,568,1324,0,3
1358,568,1336,0,3
1360,568,1382,3,0
1344,569,1366,3,0
1346,569,1324,0,3
1358,569,1336,0,3
1360,569,1382,3,0
1361,569,1383,3,0
1343,570,1365,3,0
1344,570,1366,3,0
1346,570,1324,0,3
1358,570,1336,0,3
1360,570,1382,3,0
1361,570,1383,3,0
1362,570,1384,3,0
1343,571,1365,3,0
1344,571,1366,3,0
1346,571,1324,0,3
1358,571,1336,0,3
1360,571,1382,3,0
1361,571,1383,3,0
1362,571,1384,3,0
1363,571,1341,0,3
1365,572,1387,3,0
1366,572,1388,3,0
1367,572,1389,3,0
1368,572,1346,0,3
1380,572,1358,0,3
1382,572,1404,3,0
1383,572,1405,3,0
1384,572,1406,3,0
1365,573,1387,3,0
1366,573,1388,3,0
1367,573,1389,3,0
1368,573,1346,0,3
1380,573,1358,0,3
1382,573,1404,3,0
1383,573,1405,3,0
1366,574,1388,3,0
1367,574,1389,3,0
1368,574,1346,0,3
1380,574,1358,0,3
1382,574,1404,3,0
1367,575,1389,3,0
1368,575,1346,0,3
1380,575,1358,0,3
1368,576,1346,0,3
1380,576,1358,0,3
1379,578,1401,3,0
1380,578,1358,0,3
1379,579,1401,3,0
1380,579,1358,0,3
1377,580,1355,0,3
1379,580,1401,3,0
1380,580,1358,0,3
1373,581,1395,3,0
1376,581,1354,0,3
1377,581,1355,0,3
1379,581,1401,3,0
1380,581,1358,0,3
1373,582,1395,3,0
1376,582,1354,0,3
1377,582,1355,0,3
1379,582,1401,3,0
1380,582,1358,0,3
1373,583,1395,3,0
1376,583,1354,0,3
1377,583,1355,0,3
1379,583,1401,3,0
1380,583,1358,0,3
1376,584,1354,0,3
1377,584,1355,0,3
1379,584,1401,3,0
1380,584,1358,0,3
1377,585,1355,0,3
1379,585,1401,3,0
1380,585,1358,0,3
1379,586,1401,3,0
1380,586,1358,0,3
1379,587,1401,3,0
1380,587,1358,0,3
1380,588,1358,0,3
1368,589,1346,0,3
1380,589,1358,0,3
1367,590,1389,3,0
1368,590,1346,0,3
1380,590,1358,0,3
1382,590,1404,3,0
1366,591,1388,3,0
1367,591,1389,3,0
1368,591,1346,0,3
1380,591,1358,0,3
1382,591,1404,3,0
1383,591,1405,3,0
1365,592,1387,3,0
1366,592,1388,3,0
1367,592,1389,3,0
1368,592,1346,0,3
1380,592,1358,0,3
1382,592,1404,3,0
1383,592,1405,3,0
1384,592,1406,3,0
1365,593,1387,3,0
1366,593,1388,3,0
1367,593,1389,3,0
1368,593,1346,0,3
1380,593,1358,0,3
1382,593,1404,3,0
1383,593,1405,3,0
1384,593,1406,3,0
1385,593,1363,0,3
1387,594,1409,3,0
1388,594,1410,3,0
1389,594,1411,3,0
1402,594,1380,0,3
1404,594,1426,3,0
1405,594,1427,3,0
1406,594,1428,3,0
1387,595,1409,3,0
1388,595,1410,3,0
1389,595,1411,3,0
1402,595,1380,0,3
1404,595,1426,3,0
1405,595,1427,3,0
1388,596,1410,3,0
1389,596,1411,3,0
1402,596,1380,0,3
1404,596,1426,3,0
1389,597,1411,3,0
1402,597,1380,0,3
1402,598,1380,0,3
1402,599,1380,0,3
1401,600,1423,3,0
1402,600,1380,0,3
1401,601,1423,3,0
1402,601,1380,0,3
1399,602,1377,0,3
1401,602,1423,3,0
1402,602,1380,0,3
1395,603,1417,3,0
1398,603,1376,0,3
1399,603,1377,0,3
1401,603,1423,3,0
1402,603,1380,0,3
1395,604,1417,3,0
1396,604,1418,3,0
1398,604,1376,0,3
1399,604,1377,0,3
1401,604,1423,3,0
1402,604,1380,0,3
1395,605,1417,3,0
1398,605,1376,0,3
1399,605,1377,0,3
1401,605,1423,3,0
1402,605,1380,0,3
1398,606,1376,0,3
1399,606,1377,0,3
1401,606,1423,3,0
1402,606,1380,0,3
1399,607,1377,0,3
1401,607,1423,3,0
1402,607,1380,0,3
1401,608,1423,3,0
1402,608,1380,0,3
1401,609,1423,3,0
1402,609,1380,0,3
1402,610,1380,0,3
1402,611,1380,0,3
1389,612,1411,3,0
1402,612,1380,0,3
1404,612,1426,3,0
1388,613,1410,3,0
1389,613,1411,3,0
1402,613,1380,0,3
1404,613,1426,3,0
1405,613,1427,3,0
1387,614,1409,3,0
1388,614,1410,3,0
1389,614,1411,3,0
1402,614,1380,0,3
1404,614,1426,3,0
1405,614,1427,3,0
1406,614,1428,3,0
1387,615,1409,3,0
1388,615,1410,3,0
1389,615,1411,3,0
1402,615,1380,0,3
1404,615,1426,3,0
1405,615,1427,3,0
1406,615,1428,3,0
1407,615,1385,0,3
1409,616,1387,0,3
1410,616,1432,3,0
1411,616,1433,3,0
1424,616,1402,0,3
1426,616,1448,3,0
1427,616,1449,3,0
1428,616,1450,3,0
1409,617,1387,0,3
1410,617,1432,3,0
1411,617,1433,3,0
1424,617,1402,0,3
1426,617,1448,3,0
1427,617,1449,3,0
1410,618,1432,3,0
1411,618,1433,3,0
1424,618,1402,0,3
1426,618,1448,3,0
1411,619,1433,3,0
1424,619,1402,0,3
1424,620,1402,0,3
1414,622,1392,0,3
1423,622,1445,3,0
1424,622,1402,0,3
1414,623,1392,0,3
1423,623,1445,3,0
1424,623,1402,0,3
1414,624,1392,0,3
1416,624,1438,3,0
1421,624,1399,0,3
1423,624,1445,3,0
1424,624,1402,0,3
1414,625,1392,0,3
1416,625,1438,3,0
1417,625,1439,3,0
1420,625,1398,0,3
1421,625,1399,0,3
1423,625,1445,3,0
1424,625,1402,0,3
1414,626,1392,0,3
1416,626,1438,3,0
1417,626,1439,3,0
1418,626,1440,3,0
1420,626,1398,0,3
1421,626,1399,0,3
1423,626,1445,3,0
1424,626,1402,0,3
1414,627,1392,0,3
1416,627,1438,3,0
1417,627,1439,3,0
1420,627,1398,0,3
1421,627,1399,0,3
1423,627,1445,3,0
1424,627,1402,0,3
1414,628,1392,0,3
1416,628,1438,3,0
1420,628,1398,0,3
1421,628,1399,0,3
1423,628,1445,3,0
1424,628,1402,0,3
1414,629,1392,0,3
1421,629,1399,0,3
1423,629,1445,3,0
1424,629,1402,0,3
1414,630,1392,0,3
1423,630,1445,3,0
1424,630,1402,0,3
1423,631,1445,3,0
1424,631,1402,0,3
1424,632,1402,0,3
1424,633,1402,0,3
1411,634,1433,3,0
1424,634,1402,0,3
1426,634,1448,3,0
1410,635,1432,3,0
1411,635,1433,3,0
1424,635,1402,0,3
1426,635,1448,3,0
1427,635,1449,3,0
1409,636,1387,0,3
1410,636,1432,3,0
1411,636,1433,3,0
1424,636,1402,0,3
1426,636,1448,3,0
1427,636,1449,3,0
1428,636,1450,3,0
1409,637,1387,0,3
1410,637,1432,3,0
1411,637,1433,3,0
1424,637,1402,0,3
1426,637,1448,3,0
1427,637,1449,3,0
1428,637,1450,3,0
1429,637,1407,0,3
1431,638,1409,0,3
1432,638,1454,3,0
1433,638,1455,3,0
1446,638,1424,0,3
1448,638,1470,3,0
1449,638,1471,3,0
1450,638,1472,3,0
1431,639,1409,0,3
1432,639,1454,3,0
1433,639,1455,3,0
1446,639,1424,0,3
1448,639,1470,3,0
1449,639,1471,3,0
1432,640,1454,3,0
1433,640,1455,3,0
1446,640,1424,0,3
1448,640,1470,3,0
1433,641,1455,3,0
1446,641,1424,0,3
1446,642,1424,0,3
1446,643,1424,0,3
1445,644,1467,3,0
1446,644,1424,0,3
1445,645,1467,3,0
1446,645,1424,0,3
1438,646,1460,3,0
1443,646,1421,0,3
1445,646,1467,3,0
1446,646,1424,0,3
1438,647,1460,3,0
1439,647,1461,3,0
1442,647,1420,0,3
1443,647,1421,0,3
1445,647,1467,3,0
1446,647,1424,0,3
1438,648,1460,3,0
1439,648,1461,3,0
1440,648,1462,3,0
1442,648,1420,0,3
1443,648,1421,0,3
1445,648,1467,3,0
1446,648,1424,0,3
1438,649,1460,3,0
1439,649,1461,3,0
1442,649,1420,0,3
1443,649,1421,0,3
1445,649,1467,3,0
1446,649,1424,0,3
1438,650,1460,3,0
1442,650,1420,0,3
1443,650,1421,0,3
1445,650,1467,3,0
1446,650,1424,0,3
1443,651,1421,0,3
1445,651,1467,3,0
1446,651,1424,0,3
1445,652,1467,3,0
1446,652,1424,0,3
1445,653,1467,3,0
1446,653,1424,0,3
1446,654,1424,0,3
1446,655,1424,0,3
1433,656,1455,3,0
1446,656,1424,0,3
1448,656,1470,3,0
1432,657,1454,3,0
1433,657,1455,3,0
1446,657,1424,0,3
1448,657,1470,3,0
1449,657,1471,3,0
1431,658,1409,0,3
1432,658,1454,3,0
1433,658,1455,3,0
1446,658,1424,0,3
1448,658,1470,3,0
1449,658,1471,3,0
1450,658,1472,3,0
1431,659,1409,0,3
1432,659,1454,3,0
1433,659,1455,3,0
1446,659,1424,0,3
1448,659,1470,3,0
1449,659,1471,3,0
1450,659,1472,3,0
1451,659,1429,0,3
1453,660,1431,0,3
1454,660,1476,3,0
1455,660,1477,3,0
1468,660,1446,0,3
1470,660,1492,3,0
1471,660,1493,3,0
1453,661,1431,0,3
1454,661,1476,3,0
1455,661,1477,3,0
1468,661,1446,0,3
1470,661,1492,3,0
1471,661,1493,3,0
1454,662,1476,3,0
1455,662,1477,3,0
1468,662,1446,0,3
1470,662,1492,3,0
1455,663,1477,3,0
1468,663,1446,0,3
1468,664,1446,0,3
1467,666,1489,3,0
1468,666,1446,0,3
1467,667,1489,3,0
1468,667,1446,0,3
1460,668,1482,3,0
1465,668,1443,0,3
1467,668,1489,3,0
1468,668,1446,0,3
1460,669,1482,3,0
1461,669,1483,3,0
1464,669,1442,0,3
1465,669,1443,0,3
1467,669,1489,3,0
1468,669,1446,0,3
1460,670,1482,3,0
1461,670,1483,3,0
1464,670,1442,0,3
1465,670,1443,0,3
1467,670,1489,3,0
1468,670,1446,0,3
1460,671,1482,3,0
1461,671,1483,3,0
1464,671,1442,0,3
1465,671,1443,0,3
1467,671,1489,3,0
1468,671,1446,0,3
1460,672,1482,3,0
1464,672,1442,0,3
1465,672,1443,0,3
1467,672,1489,3,0
1468,672,1446,0,3
1465,673,1443,0,3
1467,673,1489,3,0
1468,673,1446,0,3
1467,674,1489,3,0
1468,674,1446,0,3
1467,675,1489,3,0
1468,675,1446,0,3
1468,676,1446,0,3
1468,677,1446,0,3
1455,678,1477,3,0
1468,678,1446,0,3
1470,678,1492,3,0
1454,679,1476,3,0
1455,679,1477,3,0
1468,679,1446,0,3
1470,679,1492,3,0
1471,679,1493,3,0
1453,680,1431,0,3
1454,680,1476,3,0
1455,680,1477,3,0
1468,680,1446,0,3
1470,680,1492,3,0
1471,680,1493,3,0
1453,681,1431,0,3
1454,681,1476,3,0
1455,681,1477,3,0
1468,681,1446,0,3
1470,681,1492,3,0
1471,681,1493,3,0
1473,681,1451,0,3
1475,682,1453,0,3
1477,682,1499,3,0
1490,682,1468,0,3
1492,682,1514,3,0
1493,682,1515,3,0
1475,683,1453,0,3
1477,683,1499,3,0
1490,683,1468,0,3
1492,683,1514,3,0
1493,683,1515,3,0
1477,684,1499,3,0
1490,684,1468,0,3
1492,684,1514,3,0
1477,685,1499,3,0
1490,685,1468,0,3
1490,686,1468,0,3
1490,687,1468,0,3
1489,688,1511,3,0
1490,688,1468,0,3
1489,689,1511,3,0
1490,689,1468,0,3
1482,690,1504,3,0
1489,690,1511,3,0
1490,690,1468,0,3
1482,691,1504,3,0
1483,691,1505,3,0
1489,691,1511,3,0
1490,691,1468,0,3
1482,692,1504,3,0
1483,692,1505,3,0
1489,692,1511,3,0
1490,692,1468,0,3
1482,693,1504,3,0
1483,693,1505,3,0
1489,693,1511,3,0
1490,693,1468,0,3
1482,694,1504,3,0
1489,694,1511,3,0
1490,694,1468,0,3
1489,695,1511,3,0
1490,695,1468,0,3
1489,696,1511,3,0
1490,696,1468,0,3
1489,697,1511,3,0
1490,697,1468,0,3
1490,698,1468,0,3
1490,699,1468,0,3
1477,700,1499,3,0
1490,700,1468,0,3
1492,700,1514,3,0
1477,701,1499,3,0
1490,701,1468,0,3
1492,701,1514,3,0
1493,701,1515,3,0
1475,702,1453,0,3
1477,702,1499,3,0
1490,702,1468,0,3
1492,702,1514,3,0
1493,702,1515,3,0
1475,703,1453,0,3
1477,703,1499,3,0
1490,703,1468,0,3
1492,703,1514,3,0
1493,703,1515,3,0
1495,703,1473,0,3
1499,704,1521,3,0
1501,704,1523,3,0
1514,704,1536,3,0
1515,704,1537,3,0
1499,705,1521,3,0
1501,705,1523,3,0
1514,705,1536,3,0
1515,705,1537,3,0
1499,706,1521,3,0
1501,706,1523,3,0
1514,706,1536,3,0
1499,707,1521,3,0
1501,707,1523,3,0
1501,708,1523,3,0
1501,709,1523,3,0
1501,710,1523,3,0
1511,710,1533,3,0
1501,711,1523,3,0
1511,711,1533,3,0
1501,712,1523,3,0
1504,712,1526,3,0
1509,712,1487,0,3
1511,712,1533,3,0
1501,713,1523,3,0
1504,713,1526,3,0
1505,713,1527,3,0
1509,713,1487,0,3
1511,713,1533,3,0
1501,714,1523,3,0
1504,714,1526,3,0
1505,714,1527,3,0
1506,714,1528,3,0
1509,714,1487,0,3
1511,714,1533,3,0
1501,715,1523,3,0
1504,715,1526,3,0
1505,715,1527,3,0
1509,715,1487,0,3
1511,715,1533,3,0
1501,716,1523,3,0
1504,716,1526,3,0
1509,716,1487,0,3
1511,716,1533,3,0
1501,717,1523,3,0
1509,717,1487,0,3
1511,717,1533,3,0
1501,718,1523,3,0
1511,718,1533,3,0
1511,719,1533,3,0
1501,721,1523,3,0
1499,722,1521,3,0
1501,722,1523,3,0
1514,722,1536,3,0
1499,723,1521,3,0
1501,723,1523,3,0
1514,723,1536,3,0
1515,723,1537,3,0
1499,724,1521,3,0
1501,724,1523,3,0
1514,724,1536,3,0
1515,724,1537,3,0
1499,725,1521,3,0
1501,725,1523,3,0
1514,725,1536,3,0
1515,725,1537,3,0
1517,725,1495,0,3
1518,726,1540,2,0
1519,726,1497,0,3
1520,726,1498,0,3
1523,726,1545,3,0
1536,726,1558,3,0
1538,726,1560,3,0
1519,727,1497,0,3
1520,727,1498,0,3
1523,727,1545,3,0
1536,727,1558,3,0
1520,728,1498,0,3
1523,728,1545,3,0
1536,728,1558,3,0
1523,729,1545,3,0
1523,730,1545,3,0
1523,731,1545,3,0
1523,732,1545,3,0
1533,732,1555,3,0
1523,733,1545,3,0
1533,733,1555,3,0
1523,734,1545,3,0
1526,734,1548,3,0
1533,734,1555,3,0
1523,735,1545,3,0
1526,735,1548,3,0
1527,735,1549,3,0
1530,735,1508,0,3
1533,735,1555,3,0
1523,736,1545,3,0
1526,736,1548,3,0
1527,736,1549,3,0
1528,736,1550,3,0
1529,736,1507,0,3
1530,736,1508,0,3
1533,736,1555,3,0
1523,737,1545,3,0
1526,737,1548,3,0
1527,737,1549,3,0
1529,737,1507,0,3
1530,737,1508,0,3
1533,737,1555,3,0
1523,738,1545,3,0
1526,738,1548,3,0
1530,738,1508,0,3
1533,738,1555,3,0
1523,739,1545,3,0
1533,739,1555,3,0
1523,740,1545,3,0
1533,740,1555,3,0
1523,741,1545,3,0
1533,741,1555,3,0
1523,743,1545,3,0
1523,744,1545,3,0
1536,744,1558,3,0
1520,745,1498,0,3
1523,745,1545,3,0
1536,745,1558,3,0
1519,746,1497,0,3
1520,746,1498,0,3
1523,746,1545,3,0
1536,746,1558,3,0
1538,746,1560,3,0
1518,747,1540,2,0
1519,747,1497,0,3
1520,747,1498,0,3
1523,747,1545,3,0
1536,747,1558,3,0
1538,747,1560,3,0
1539,747,1517,0,3
1540,748,1562,2,0
1541,748,1519,0,3
1542,748,1520,0,3
1545,748,1567,3,0
1558,748,1580,3,0
1541,749,1519,0,3
1542,749,1520,0,3
1545,749,1567,3,0
1558,749,1580,3,0
1542,750,1520,0,3
1545,750,1567,3,0
1558,750,1580,3,0
1545,751,1567,3,0
1545,752,1567,3,0
1545,753,1567,3,0
1545,754,1567,3,0
1546,754,1568,3,0
1555,754,1577,3,0
1545,755,1567,3,0
1546,755,1568,3,0
1555,755,1577,3,0
1545,756,1567,3,0
1546,756,1568,3,0
1548,756,1570,3,0
1553,756,1531,0,3
1555,756,1577,3,0
1545,757,1567,3,0
1546,757,1568,3,0
1548,757,1570,3,0
1552,757,1530,0,3
1553,757,1531,0,3
1555,757,1577,3,0
1545,758,1567,3,0
1546,758,1568,3,0
1548,758,1570,3,0
1550,758,1572,3,0
1552,758,1530,0,3
1553,758,1531,0,3
1555,758,1577,3,0
1545,759,1567,3,0
1546,759,1568,3,0
1548,759,1570,3,0
1552,759,1530,0,3
1553,759,1531,0,3
1555,759,1577,3,0
1545,760,1567,3,0
1546,760,1568,3,0
1548,760,1570,3,0
1552,760,1530,0,3
1553,760,1531,0,3
1555,760,1577,3,0
1545,761,1567,3,0
1546,761,1568,3,0
1553,761,1531,0,3
1555,761,1577,3,0
1545,762,1567,3,0
1546,762,1568,3,0
1555,762,1577,3,0
1555,763,1577,3,0
1545,765,1567,3,0
1545,766,1567,3,0
1558,766,1580,3,0
1542,767,1520,0,3
1545,767,1567,3,0
1558,767,1580,3,0
1541,768,1519,0,3
1542,768,1520,0,3
1545,768,1567,3,0
1558,768,1580,3,0
1540,769,1562,2,0
1541,769,1519,0,3
1542,769,1520,0,3
1545,769,1567,3,0
1558,769,1580,3,0
1561,769,1539,0,3
1567,770,5,3,3
1582,770,20,3,3
1567,771,5,3,3
1567,772,5,3,3
1567,773,5,3,3
1567,774,5,3,3
1567,775,5,3,3
1567,776,5,3,3
1568,776,6,3,3
1577,776,15,3,3
1567,777,5,3,3
1568,777,6,3,3
1577,777,15,3,3
1567,778,5,3,3
1568,778,6,3,3
1570,778,8,3,3
1575,778,1553,0,3
1577,778,15,3,3
1567,779,5,3,3
1568,779,6,3,3
1570,779,8,3,3
1571,779,9,3,3
1575,779,1553,0,3
1577,779,15,3,3
1567,780,5,3,3
1568,780,6,3,3
1570,780,8,3,3
1571,780,9,3,3
1572,780,10,3,3
1575,780,1553,0,3
1577,780,15,3,3
1567,781,5,3,3
1568,781,6,3,3
1570,781,8,3,3
1571,781,9,3,3
1575,781,1553,0,3
1577,781,15,3,3
1567,782,5,3,3
1568,782,6,3,3
1570,782,8,3,3
1575,782,1553,0,3
1577,782,15,3,3
1567,783,5,3,3
1568,783,6,3,3
1575,783,1553,0,3
1577,783,15,3,3
1567,784,5,3,3
1568,784,6,3,3
1577,784,15,3,3
1567,785,5,3,3
1577,785,15,3,3
1567,787,5,3,3
1567,788,5,3,3
1567,789,5,3,3
1567,790,5,3,3
1582,790,20,3,3
1567,791,5,3,3
1582,791,20,3,3
5,792,27,2,0
5,793,27,2,0
5,794,27,2,0
5,795,27,2,0
5,796,27,2,0
5,797,27,2,0
5,798,27,2,0
6,798,28,2,0
15,798,37,2,0
5,799,27,2,0
6,799,28,2,0
14,799,36,2,0
15,799,37,2,0
5,800,27,2,0
6,800,28,2,0
8,800,30,2,0
13,800,1575,3,3
14,800,36,2,0
15,800,37,2,0
5,801,27,2,0
6,801,28,2,0
8,801,30,2,0
9,801,31,2,0
13,801,1575,3,3
14,801,36,2,0
15,801,37,2,0
5,802,27,2,0
6,802,28,2,0
8,802,30,2,0
9,802,31,2,0
10,802,32,2,0
13,802,1575,3,3
14,802,36,2,0
15,802,37,2,0
5,803,27,2,0
6,803,28,2,0
8,803,30,2,0
9,803,31,2,0
13,803,1575,3,3
14,803,36,2,0
15,803,37,2,0
5,804,27,2,0
6,804,28,2,0
8,804,30,2,0
13,804,1575,3,3
14,804,36,2,0
15,804,37,2,0
5,805,27,2,0
6,805,28,2,0
13,805,1575,3,3
14,805,36,2,0
15,805,37,2,0
5,806,27,2,0
6,806,28,2,0
14,806,36,2,0
15,806,37,2,0
15,807,37,2,0
5,809,27,2,0
5,810,27,2,0
5,811,27,2,0
5,812,27,2,0
5,813,27,2,0
27,814,49,3,0
27,815,49,3,0
27,816,49,3,0
27,817,49,3,0
27,818,49,3,0
27,819,49,3,0
27,820,49,3,0
28,820,50,3,0
37,820,59,3,0
27,821,49,3,0
28,821,50,3,0
37,821,59,3,0
27,822,49,3,0
28,822,50,3,0
30,822,52,3,0
37,822,59,3,0
27,823,49,3,0
28,823,50,3,0
30,823,52,3,0
31,823,53,3,0
37,823,59,3,0
27,824,49,3,0
28,824,50,3,0
30,824,52,3,0
31,824,53,3,0
32,824,54,3,0
37,824,59,3,0
27,825,49,3,0
28,825,50,3,0
30,825,52,3,0
31,825,53,3,0
37,825,59,3,0
27,826,49,3,0
28,826,50,3,0
30,826,52,3,0
37,826,59,3,0
27,827,49,3,0
28,827,50,3,0
37,827,59,3,0
27,828,49,3,0
28,828,50,3,0
37,828,59,3,0
27,829,49,3,0
37,829,59,3,0
27,831,49,3,0
27,832,49,3,0
27,833,49,3,0
27,834,49,3,0
27,835,49,3,0
46,836,68,3,0
49,836,71,3,0
46,837,68,3,0
49,837,71,3,0
46,838,68,3,0
49,838,71,3,0
49,839,71,3,0
49,840,71,3,0
49,841,71,3,0
49,842,71,3,0
50,842,72,3,0
59,842,81,3,0
49,843,71,3,0
50,843,72,3,0
51,843,29,0,3
59,843,81,3,0
49,844,71,3,0
50,844,72,3,0
51,844,29,0,3
52,844,74,3,0
59,844,81,3,0
49,845,71,3,0
50,845,72,3,0
51,845,29,0,3
52,845,74,3,0
53,845,75,3,0
59,845,81,3,0
49,846,71,3,0
50,846,72,3,0
51,846,29,0,3
52,846,74,3,0
53,846,75,3,0
59,846,81,3,0
49,847,71,3,0
50,847,72,3,0
51,847,29,0,3
52,847,74,3,0
53,847,75,3,0
59,847,81,3,0
49,848,71,3,0
50,848,72,3,0
51,848,29,0,3
52,848,74,3,0
59,848,81,3,0
49,849,71,3,0
50,849,72,3,0
51,849,29,0,3
59,849,81,3,0
49,850,71,3,0
50,850,72,3,0
59,850,81,3,0
59,851,81,3,0
49,853,71,3,0
49,854,71,3,0
46,855,68,3,0
49,855,71,3,0
46,856,68,3,0
49,856,71,3,0
46,857,68,3,0
49,857,71,3,0
68,858,90,3,0
71,858,93,3,0
83,858,61,0,3
84,858,106,3,0
68,859,90,3,0
71,859,93,3,0
83,859,61,0,3
84,859,106,3,0
68,860,90,3,0
71,860,93,3,0
83,860,61,0,3
84,860,106,3,0
71,861,93,3,0
83,861,61,0,3
71,862,93,3,0
71,863,93,3,0
71,864,93,3,0
72,864,94,3,0
81,864,103,3,0
71,865,93,3,0
72,865,94,3,0
73,865,51,0,3
81,865,103,3,0
71,866,93,3,0
72,866,94,3,0
73,866,51,0,3
74,866,96,3,0
79,866,101,3,0
81,866,103,3,0
71,867,93,3,0
72,867,94,3,0
73,867,51,0,3
74,867,96,3,0
75,867,97,3,0
79,867,101,3,0
81,867,103,3,0
71,868,93,3,0
72,868,94,3,0
73,868,51,0,3
74,868,96,3,0
75,868,97,3,0
79,868,101,3,0
81,868,103,3,0
71,869,93,3,0
72,869,94,3,0
73,869,51,0,3
74,869,96,3,0
75,869,97,3,0
79,869,101,3,0
81,869,103,3,0
71,870,93,3,0
72,870,94,3,0
73,870,51,0,3
74,870,96,3,0
79,870,101,3,0
81,870,103,3,0
71,871,93,3,0
72,871,94,3,0
73,871,51,0,3
79,871,101,3,0
81,871,103,3,0
71,872,93,3,0
72,872,94,3,0
81,872,103,3,0
71,873,93,3,0
81,873,103,3,0
71,875,93,3,0
83,875,61,0,3
71,876,93,3,0
83,876,61,0,3
84,876,106,3,0
68,877,90,3,0
71,877,93,3,0
83,877,61,0,3
84,877,106,3,0
68,878,90,3,0
71,878,93,3,0
83,878,61,0,3
84,878,106,3,0
68,879,90,3,0
71,879,93,3,0
83,879,61,0,3
84,879,106,3,0
89,880,67,0,3
92,880,114,3,0
105,880,83,0,3
106,880,128,3,0
89,881,67,0,3
92,881,114,3,0
105,881,83,0,3
106,881,128,3,0
92,882,114,3,0
105,882,83,0,3
106,882,128,3,0
92,883,114,3,0
105,883,83,0,3
92,884,114,3,0
94,886,116,3,0
103,886,125,3,0
94,887,116,3,0
95,887,73,0,3
103,887,125,3,0
94,888,116,3,0
95,888,73,0,3
96,888,118,3,0
101,888,123,3,0
103,888,125,3,0
94,889,116,3,0
95,889,73,0,3
96,889,118,3,0
97,889,119,3,0
101,889,123,3,0
103,889,125,3,0
94,890,116,3,0
95,890,73,0,3
96,890,118,3,0
97,890,119,3,0
101,890,123,3,0
103,890,125,3,0
94,891,116,3,0
95,891,73,0,3
96,891,118,3,0
97,891,119,3,0
101,891,123,3,0
103,891,125,3,0
94,892,116,3,0
95,892,73,0,3
96,892,118,3,0
101,892,123,3,0
103,892,125,3,0
94,893,116,3,0
95,893,73,0,3
101,893,123,3,0
103,893,125,3,0
94,894,116,3,0
103,894,125,3,0
103,895,125,3,0
92,897,114,3,0
105,897,83,0,3
92,898,114,3,0
105,898,83,0,3
106,898,128,3,0
92,899,114,3,0
105,899,83,0,3
106,899,128,3,0
89,900,67,0,3
92,900,114,3,0
105,900,83,0,3
106,900,128,3,0
89,901,67,0,3
92,901,114,3,0
105,901,83,0,3
106,901,128,3,0
111,902,89,0,3
114,902,136,3,0
127,902,105,0,3
111,903,89,0,3
114,903,136,3,0
127,903,105,0,3
114,904,136,3,0
127,904,105,0,3
114,905,136,3,0
127,905,105,0,3
114,906,136,3,0
116,908,138,3,0
125,908,147,3,0
116,909,138,3,0
117,909,95,0,3
125,909,147,3,0
116,910,138,3,0
117,910,95,0,3
118,910,140,3,0
125,910,147,3,0
116,911,138,3,0
117,911,95,0,3
118,911,140,3,0
119,911,141,3,0
125,911,147,3,0
116,912,138,3,0
117,912,95,0,3
118,912,140,3,0
119,912,141,3,0
125,912,147,3,0
116,913,138,3,0
117,913,95,0,3
118,913,140,3,0
119,913,141,3,0
125,913,147,3,0
116,914,138,3,0
117,914,95,0,3
118,914,140,3,0
125,914,147,3,0
116,915,138,3,0
117,915,95,0,3
125,915,147,3,0
116,916,138,3,0
125,916,147,3,0
125,917,147,3,0
114,919,136,3,0
127,919,105,0,3
114,920,136,3,0
127,920,105,0,3
114,921,136,3,0
127,921,105,0,3
111,922,89,0,3
114,922,136,3,0
127,922,105,0,3
111,923,89,0,3
114,923,136,3,0
127,923,105,0,3
133,924,111,0,3
149,924,127,0,3
152,924,130,0,3
133,925,111,0,3
149,925,127,0,3
149,926,127,0,3
149,927,127,0,3
138,930,160,3,0
138,931,160,3,0
139,931,117,0,3
138,932,160,3,0
139,932,117,0,3
140,932,162,3,0
138,933,160,3,0
139,933,117,0,3
140,933,162,3,0
141,933,163,3,0
144,933,166,3,0
138,934,160,3,0
139,934,117,0,3
140,934,162,3,0
141,934,163,3,0
142,934,120,0,3
144,934,166,3,0
138,935,160,3,0
139,935,117,0,3
140,935,162,3,0
141,935,163,3,0
144,935,166,3,0
138,936,160,3,0
139,936,117,0,3
140,936,162,3,0
144,936,166,3,0
138,937,160,3,0
139,937,117,0,3
138,938,160,3,0
149,941,127,0,3
149,942,127,0,3
149,943,127,0,3
133,944,111,0,3
149,944,127,0,3
152,944,130,0,3
133,945,111,0,3
149,945,127,0,3
152,945,130,0,3
153,945,131,0,3
155,946,133,0,3
158,946,136,0,3
159,946,137,0,3
170,946,192,3,0
171,946,149,0,3
172,946,150,0,3
174,946,152,0,3
155,947,133,0,3
158,947,136,0,3
159,947,137,0,3
170,947,192,3,0
171,947,149,0,3
172,947,150,0,3
158,948,136,0,3
159,948,137,0,3
170,948,192,3,0
171,948,149,0,3
172,948,150,0,3
158,949,136,0,3
159,949,137,0,3
170,949,192,3,0
171,949,149,0,3
158,950,136,0,3
159,950,137,0,3
170,950,192,3,0
159,951,137,0,3
170,951,192,3,0
159,952,137,0,3
160,952,182,3,0
170,952,192,3,0
159,953,137,0,3
160,953,182,3,0
161,953,139,0,3
170,953,192,3,0
159,954,137,0,3
160,954,182,3,0
161,954,139,0,3
162,954,184,3,0
170,954,192,3,0
159,955,137,0,3
160,955,182,3,0
161,955,139,0,3
162,955,184,3,0
163,955,185,3,0
166,955,188,3,0
170,955,192,3,0
159,956,137,0,3
160,956,182,3,0
161,956,139,0,3
162,956,184,3,0
163,956,185,3,0
164,956,142,0,3
166,956,188,3,0
170,956,192,3,0
159,957,137,0,3
160,957,182,3,0
161,957,139,0,3
162,957,184,3,0
163,957,185,3,0
166,957,188,3,0
170,957,192,3,0
159,958,137,0,3
160,958,182,3,0
161,958,139,0,3
162,958,184,3,0
166,958,188,3,0
170,958,192,3,0
159,959,137,0,3
160,959,182,3,0
161,959,139,0,3
170,959,192,3,0
159,960,137,0,3
160,960,182,3,0
170,960,192,3,0
159,961,137,0,3
170,961,192,3,0
170,962,192,3,0
158,963,136,0,3
159,963,137,0,3
170,963,192,3,0
171,963,149,0,3
158,964,136,0,3
159,964,137,0,3
170,964,192,3,0
171,964,149,0,3
172,964,150,0,3
158,965,136,0,3
159,965,137,0,3
170,965,192,3,0
171,965,149,0,3
172,965,150,0,3
155,966,133,0,3
158,966,136,0,3
159,966,137,0,3
170,966,192,3,0
171,966,149,0,3
172,966,150,0,3
174,966,152,0,3
155,967,133,0,3
158,967,136,0,3
159,967,137,0,3
170,967,192,3,0
171,967,149,0,3
172,967,150,0,3
174,967,152,0,3
175,967,197,3,0
177,968,155,0,3
178,968,156,0,3
181,968,159,0,3
192,968,214,3,0
177,969,155,0,3
178,969,156,0,3
181,969,159,0,3
192,969,214,3,0
178,970,156,0,3
181,970,159,0,3
192,970,214,3,0
181,971,159,0,3
192,971,214,3,0
181,972,159,0,3
192,972,214,3,0
181,973,159,0,3
181,974,159,0,3
182,974,204,3,0
192,974,214,3,0
181,975,159,0,3
182,975,204,3,0
183,975,161,0,3
192,975,214,3,0
181,976,159,0,3
182,976,204,3,0
183,976,161,0,3
192,976,214,3,0
181,977,159,0,3
182,977,204,3,0
183,977,161,0,3
185,977,207,3,0
188,977,210,3,0
192,977,214,3,0
181,978,159,0,3
182,978,204,3,0
183,978,161,0,3
185,978,207,3,0
188,978,210,3,0
192,978,214,3,0
181,979,159,0,3
182,979,204,3,0
183,979,161,0,3
185,979,207,3,0
188,979,210,3,0
192,979,214,3,0
181,980,159,0,3
182,980,204,3,0
183,980,161,0,3
188,980,210,3,0
192,980,214,3,0
181,981,159,0,3
182,981,204,3,0
183,981,161,0,3
192,981,214,3,0
181,982,159,0,3
182,982,204,3,0
192,982,214,3,0
192,983,214,3,0
192,984,214,3,0
181,985,159,0,3
192,985,214,3,0
181,986,159,0,3
192,986,214,3,0
178,987,156,0,3
181,987,159,0,3
192,987,214,3,0
177,988,155,0,3
178,988,156,0,3
181,988,159,0,3
192,988,214,3,0
177,989,155,0,3
178,989,156,0,3
181,989,159,0,3
192,989,214,3,0
197,989,219,3,0
198,990,176,0,2
199,990,177,0,3
200,990,178,0,3
203,990,181,0,3
214,990,236,3,0
199,991,177,0,3
200,991,178,0,3
203,991,181,0,3
214,991,236,3,0
200,992,178,0,3
203,992,181,0,3
214,992,236,3,0
203,993,181,0,3
214,993,236,3,0
203,994,181,0,3
214,994,236,3,0
203,995,181,0,3
214,995,236,3,0
203,996,181,0,3
214,996,236,3,0
203,997,181,0,3
205,997,183,0,3
214,997,236,3,0
203,998,181,0,3
205,998,183,0,3
214,998,236,3,0
203,999,181,0,3
205,999,183,0,3
207,999,229,3,0
210,999,232,3,0
214,999,236,3,0
203,1000,181,0,3
205,1000,183,0,3
207,1000,229,3,0
210,1000,232,3,0
214,1000,236,3,0
203,1001,181,0,3
205,1001,183,0,3
207,1001,229,3,0
210,1001,232,3,0
214,1001,236,3,0
203,1002,181,0,3
205,1002,183,0,3
210,1002,232,3,0
214,1002,236,3,0
203,1003,181,0,3
205,1003,183,0,3
214,1003,236,3,0
203,1004,181,0,3
214,1004,236,3,0
203,1005,181,0,3
214,1005,236,3,0
214,1006,236,3,0
203,1007,181,0,3
214,1007,236,3,0
203,1008,181,0,3
214,1008,236,3,0
200,1009,178,0,3
203,1009,181,0,3
214,1009,236,3,0
199,1010,177,0,3
200,1010,178,0,3
203,1010,181,0,3
214,1010,236,3,0
198,1011,176,0,2
199,1011,177,0,3
200,1011,178,0,3
203,1011,181,0,3
214,1011,236,3,0
219,1011,241,3,0
221,1012,199,0,3
222,1012,200,0,3
224,1012,202,0,3
236,1012,258,3,0
238,1012,216,0,3
221,1013,199,0,3
222,1013,200,0,3
224,1013,202,0,3
236,1013,258,3,0
238,1013,216,0,3
222,1014,200,0,3
224,1014,202,0,3
236,1014,258,3,0
238,1014,216,0,3
224,1015,202,0,3
236,1015,258,3,0
224,1016,202,0,3
236,1016,258,3,0
236,1018,258,3,0
227,1019,205,0,3
236,1019,258,3,0
227,1020,205,0,3
228,1020,206,0,3
236,1020,258,3,0
227,1021,205,0,3
228,1021,206,0,3
232,1021,254,3,0
236,1021,258,3,0
227,1022,205,0,3
228,1022,206,0,3
232,1022,254,3,0
236,1022,258,3,0
227,1023,205,0,3
228,1023,206,0,3
232,1023,254,3,0
236,1023,258,3,0
227,1024,205,0,3
228,1024,206,0,3
232,1024,254,3,0
236,1024,258,3,0
227,1025,205,0,3
236,1025,258,3,0
236,1026,258,3,0
236,1027,258,3,0
236,1028,258,3,0
224,1029,202,0,3
236,1029,258,3,0
224,1030,202,0,3
236,1030,258,3,0
238,1030,216,0,3
222,1031,200,0,3
224,1031,202,0,3
236,1031,258,3,0
238,1031,216,0,3
221,1032,199,0,3
222,1032,200,0,3
224,1032,202,0,3
236,1032,258,3,0
238,1032,216,0,3
221,1033,199,0,3
222,1033,200,0,3
224,1033,202,0,3
236,1033,258,3,0
238,1033,216,0,3
241,1033,263,3,0
242,1034,264,2,0
243,1034,221,0,3
244,1034,222,0,3
258,1034,280,3,0
260,1034,238,0,3
243,1035,221,0,3
244,1035,222,0,3
258,1035,280,3,0
260,1035,238,0,3
244,1036,222,0,3
258,1036,280,3,0
260,1036,238,0,3
258,1037,280,3,0
258,1038,280,3,0
258,1039,280,3,0
258,1040,280,3,0
249,1041,227,0,3
258,1041,280,3,0
249,1042,227,0,3
250,1042,228,0,3
258,1042,280,3,0
249,1043,227,0,3
250,1043,228,0,3
254,1043,276,3,0
258,1043,280,3,0
249,1044,227,0,3
250,1044,228,0,3
254,1044,276,3,0
258,1044,280,3,0
249,1045,227,0,3
250,1045,228,0,3
254,1045,276,3,0
258,1045,280,3,0
249,1046,227,0,3
250,1046,228,0,3
254,1046,276,3,0
258,1046,280,3,0
249,1047,227,0,3
258,1047,280,3,0
258,1048,280,3,0
258,1049,280,3,0
258,1050,280,3,0
258,1051,280,3,0
258,1052,280,3,0
260,1052,238,0,3
244,1053,222,0,3
258,1053,280,3,0
260,1053,238,0,3
243,1054,221,0,3
244,1054,222,0,3
258,1054,280,3,0
260,1054,238,0,3
242,1055,264,2,0
243,1055,221,0,3
244,1055,222,0,3
258,1055,280,3,0
260,1055,238,0,3
263,1055,285,3,0
264,1056,286,2,0
265,1056,243,0,3
266,1056,244,0,3
280,1056,302,3,0
282,1056,260,0,3
265,1057,243,0,3
266,1057,244,0,3
280,1057,302,3,0
282,1057,260,0,3
266,1058,244,0,3
280,1058,302,3,0
282,1058,260,0,3
280,1059,302,3,0
280,1060,302,3,0
280,1062,302,3,0
280,1063,302,3,0
280,1064,302,3,0
276,1065,298,3,0
280,1065,302,3,0
276,1066,298,3,0
280,1066,302,3,0
276,1067,298,3,0
280,1067,302,3,0
276,1068,298,3,0
280,1068,302,3,0
280,1069,302,3,0
280,1070,302,3,0
280,1071,302,3,0
280,1072,302,3,0
280,1073,302,3,0
280,1074,302,3,0
282,1074,260,0,3
266,1075,244,0,3
280,1075,302,3,0
282,1075,260,0,3
265,1076,243,0,3
266,1076,244,0,3
280,1076,302,3,0
282,1076,260,0,3
264,1077,286,2,0
265,1077,243,0,3
266,1077,244,0,3
280,1077,302,3,0
282,1077,260,0,3
285,1077,307,3,0
287,1078,265,0,3
288,1078,266,0,3
290,1078,312,3,0
302,1078,324,3,0
304,1078,282,0,3
287,1079,265,0,3
288,1079,266,0,3
290,1079,312,3,0
302,1079,324,3,0
304,1079,282,0,3
288,1080,266,0,3
290,1080,312,3,0
302,1080,324,3,0
304,1080,282,0,3
290,1081,312,3,0
302,1081,324,3,0
290,1082,312,3,0
302,1082,324,3,0
302,1083,324,3,0
302,1084,324,3,0
302,1085,324,3,0
302,1086,324,3,0
295,1087,273,0,3
298,1087,320,3,0
302,1087,324,3,0
295,1088,273,0,3
298,1088,320,3,0
302,1088,324,3,0
295,1089,273,0,3
298,1089,320,3,0
302,1089,324,3,0
298,1090,320,3,0
302,1090,324,3,0
302,1091,324,3,0
302,1092,324,3,0
302,1093,324,3,0
302,1094,324,3,0
290,1095,312,3,0
302,1095,324,3,0
290,1096,312,3,0
302,1096,324,3,0
304,1096,282,0,3
288,1097,266,0,3
290,1097,312,3,0
302,1097,324,3,0
304,1097,282,0,3
287,1098,265,0,3
288,1098,266,0,3
290,1098,312,3,0
302,1098,324,3,0
304,1098,282,0,3
287,1099,265,0,3
288,1099,266,0,3
290,1099,312,3,0
302,1099,324,3,0
304,1099,282,0,3
307,1099,329,3,0
309,1100,287,0,3
310,1100,288,0,3
312,1100,334,3,0
324,1100,346,3,0
326,1100,304,0,3
327,1100,305,0,3
328,1100,306,0,3
309,1101,287,0,3
310,1101,288,0,3
312,1101,334,3,0
324,1101,346,3,0
326,1101,304,0,3
327,1101,305,0,3
310,1102,288,0,3
312,1102,334,3,0
324,1102,346,3,0
326,1102,304,0,3
312,1103,334,3,0
324,1103,346,3,0
312,1104,334,3,0
324,1104,346,3,0
324,1106,346,3,0
324,1107,346,3,0
324,1108,346,3,0
317,1109,295,0,3
320,1109,342,3,0
324,1109,346,3,0
317,1110,295,0,3
320,1110,342,3,0
324,1110,346,3,0
317,1111,295,0,3
320,1111,342,3,0
324,1111,346,3,0
320,1112,342,3,0
324,1112,346,3,0
324,1113,346,3,0
324,1114,346,3,0
324,1115,346,3,0
324,1116,346,3,0
312,1117,334,3,0
324,1117,346,3,0
312,1118,334,3,0
324,1118,346,3,0
326,1118,304,0,3
310,1119,288,0,3
312,1119,334,3,0
324,1119,346,3,0
326,1119,304,0,3
327,1119,305,0,3
309,1120,287,0,3
310,1120,288,0,3
312,1120,334,3,0
324,1120,346,3,0
326,1120,304,0,3
327,1120,305,0,3
328,1120,306,0,3
309,1121,287,0,3
310,1121,288,0,3
312,1121,334,3,0
324,1121,346,3,0
326,1121,304,0,3
327,1121,305,0,3
328,1121,306,0,3
329,1121,351,3,0
331,1122,309,0,3
332,1122,310,0,3
334,1122,356,3,0
346,1122,368,3,0
348,1122,326,0,3
349,1122,327,0,3
350,1122,328,0,3
331,1123,309,0,3
332,1123,310,0,3
334,1123,356,3,0
346,1123,368,3,0
348,1123,326,0,3
349,1123,327,0,3
332,1124,310,0,3
334,1124,356,3,0
346,1124,368,3,0
348,1124,326,0,3
334,1125,356,3,0
346,1125,368,3,0
334,1126,356,3,0
346,1126,368,3,0
346,1127,368,3,0
346,1128,368,3,0
346,1129,368,3,0
346,1130,368,3,0
339,1131,317,0,3
342,1131,364,3,0
346,1131,368,3,0
339,1132,317,0,3
342,1132,364,3,0
346,1132,368,3,0
339,1133,317,0,3
342,1133,364,3,0
346,1133,368,3,0
342,1134,364,3,0
346,1134,368,3,0
346,1135,368,3,0
346,1136,368,3,0
346,1137,368,3,0
346,1138,368,3,0
334,1139,356,3,0
346,1139,368,3,0
334,1140,356,3,0
346,1140,368,3,0
348,1140,326,0,3
332,1141,310,0,3
334,1141,356,3,0
346,1141,368,3,0
348,1141,326,0,3
349,1141,327,0,3
331,1142,309,0,3
332,1142,310,0,3
334,1142,356,3,0
346,1142,368,3,0
348,1142,326,0,3
349,1142,327,0,3
350,1142,328,0,3
331,1143,309,0,3
332,1143,310,0,3
334,1143,356,3,0
346,1143,368,3,0
348,1143,326,0,3
349,1143,327,0,3
350,1143,328,0,3
351,1143,373,3,0
353,1144,331,0,3
354,1144,332,0,3
356,1144,378,3,0
368,1144,390,3,0
370,1144,348,0,3
371,1144,349,0,3
372,1144,350,0,3
353,1145,331,0,3
354,1145,332,0,3
356,1145,378,3,0
368,1145,390,3,0
370,1145,348,0,3
371,1145,349,0,3
354,1146,332,0,3
356,1146,378,3,0
368,1146,390,3,0
370,1146,348,0,3
356,1147,378,3,0
368,1147,390,3,0
356,1148,378,3,0
368,1148,390,3,0
358,1150,380,3,0
368,1150,390,3,0
358,1151,380,3,0
368,1151,390,3,0
358,1152,380,3,0
368,1152,390,3,0
358,1153,380,3,0
361,1153,339,0,3
364,1153,386,3,0
368,1153,390,3,0
358,1154,380,3,0
361,1154,339,0,3
362,1154,340,0,3
363,1154,341,0,3
364,1154,386,3,0
368,1154,390,3,0
358,1155,380,3,0
361,1155,339,0,3
363,1155,341,0,3
364,1155,386,3,0
368,1155,390,3,0
358,1156,380,3,0
364,1156,386,3,0
368,1156,390,3,0
358,1157,380,3,0
368,1157,390,3,0
358,1158,380,3,0
368,1158,390,3,0
368,1159,390,3,0
368,1160,390,3,0
356,1161,378,3,0
368,1161,390,3,0
356,1162,378,3,0
368,1162,390,3,0
370,1162,348,0,3
354,1163,332,0,3
356,1163,378,3,0
368,1163,390,3,0
370,1163,348,0,3
371,1163,349,0,3
353,1164,331,0,3
354,1164,332,0,3
356,1164,378,3,0
368,1164,390,3,0
370,1164,348,0,3
371,1164,349,0,3
372,1164,350,0,3
353,1165,331,0,3
354,1165,332,0,3
356,1165,378,3,0
368,1165,390,3,0
370,1165,348,0,3
371,1165,349,0,3
372,1165,350,0,3
373,1165,395,3,0
375,1166,353,0,3
376,1166,354,0,3
378,1166,400,3,0
390,1166,412,3,0
392,1166,370,0,3
393,1166,371,0,3
394,1166,372,0,3
375,1167,353,0,3
376,1167,354,0,3
378,1167,400,3,0
390,1167,412,3,0
392,1167,370,0,3
393,1167,371,0,3
376,1168,354,0,3
378,1168,400,3,0
390,1168,412,3,0
392,1168,370,0,3
378,1169,400,3,0
390,1169,412,3,0
378,1170,400,3,0
390,1170,412,3,0
390,1171,412,3,0
390,1172,412,3,0
390,1173,412,3,0
390,1174,412,3,0
383,1175,361,0,3
386,1175,408,3,0
390,1175,412,3,0
383,1176,361,0,3
385,1176,363,0,3
386,1176,408,3,0
390,1176,412,3,0
383,1177,361,0,3
385,1177,363,0,3
386,1177,408,3,0
390,1177,412,3,0
386,1178,408,3,0
390,1178,412,3,0
390,1179,412,3,0
390,1180,412,3,0
390,1181,412,3,0
390,1182,412,3,0
378,1183,400,3,0
390,1183,412,3,0
378,1184,400,3,0
390,1184,412,3,0
392,1184,370,0,3
376,1185,354,0,3
378,1185,400,3,0
390,1185,412,3,0
392,1185,370,0,3
393,1185,371,0,3
375,1186,353,0,3
376,1186,354,0,3
378,1186,400,3,0
390,1186,412,3,0
392,1186,370,0,3
393,1186,371,0,3
394,1186,372,0,3
375,1187,353,0,3
376,1187,354,0,3
378,1187,400,3,0
390,1187,412,3,0
392,1187,370,0,3
393,1187,371,0,3
394,1187,372,0,3
395,1187,417,3,0
397,1188,375,0,3
398,1188,376,0,3
400,1188,422,3,0
412,1188,434,3,0
413,1188,435,3,0
414,1188,392,0,3
415,1188,393,0,3
416,1188,394,0,3
397,1189,375,0,3
398,1189,376,0,3
400,1189,422,3,0
412,1189,434,3,0
413,1189,435,3,0
414,1189,392,0,3
415,1189,393,0,3
398,1190,376,0,3
400,1190,422,3,0
412,1190,434,3,0
413,1190,435,3,0
414,1190,392,0,3
400,1191,422,3,0
412,1191,434,3,0
413,1191,435,3,0
400,1192,422,3,0
412,1192,434,3,0
412,1194,434,3,0
412,1195,434,3,0
412,1196,434,3,0
405,1197,383,0,3
408,1197,430,3,0
412,1197,434,3,0
405,1198,383,0,3
406,1198,384,0,3
407,1198,385,0,3
408,1198,430,3,0
412,1198,434,3,0
405,1199,383,0,3
407,1199,385,0,3
408,1199,430,3,0
412,1199,434,3,0
408,1200,430,3,0
412,1200,434,3,0
412,1201,434,3,0
412,1202,434,3,0
412,1203,434,3,0
412,1204,434,3,0
400,1205,422,3,0
412,1205,434,3,0
413,1205,435,3,0
400,1206,422,3,0
412,1206,434,3,0
413,1206,435,3,0
414,1206,392,0,3
398,1207,376,0,3
400,1207,422,3,0
412,1207,434,3,0
413,1207,435,3,0
414,1207,392,0,3
415,1207,393,0,3
397,1208,375,0,3
398,1208,376,0,3
400,1208,422,3,0
412,1208,434,3,0
413,1208,435,3,0
414,1208,392,0,3
415,1208,393,0,3
416,1208,394,0,3
397,1209,375,0,3
398,1209,376,0,3
400,1209,422,3,0
412,1209,434,3,0
413,1209,435,3,0
414,1209,392,0,3
415,1209,393,0,3
416,1209,394,0,3
417,1209,439,3,0
419,1210,397,0,3
420,1210,398,0,3
422,1210,444,3,0
434,1210,456,3,0
435,1210,457,3,0
436,1210,414,0,3
437,1210,415,0,3
438,1210,416,0,3
419,1211,397,0,3
420,1211,398,0,3
422,1211,444,3,0
434,1211,456,3,0
435,1211,457,3,0
436,1211,414,0,3
437,1211,415,0,3
420,1212,398,0,3
422,1212,444,3,0
434,1212,456,3,0
435,1212,457,3,0
436,1212,414,0,3
422,1213,444,3,0
434,1213,456,3,0
435,1213,457,3,0
422,1214,444,3,0
434,1214,456,3,0
434,1215,456,3,0
434,1216,456,3,0
434,1217,456,3,0
434,1218,456,3,0
427,1219,405,0,3
430,1219,452,3,0
434,1219,456,3,0
427,1220,405,0,3
428,1220,406,0,3
429,1220,407,0,3
430,1220,452,3,0
434,1220,456,3,0
427,1221,405,0,3
429,1221,407,0,3
430,1221,452,3,0
434,1221,456,3,0
430,1222,452,3,0
434,1222,456,3,0
434,1223,456,3,0
434,1224,456,3,0
434,1225,456,3,0
434,1226,456,3,0
422,1227,444,3,0
434,1227,456,3,0
435,1227,457,3,0
422,1228,444,3,0
434,1228,456,3,0
435,1228,457,3,0
436,1228,414,0,3
420,1229,398,0,3
422,1229,444,3,0
434,1229,456,3,0
435,1229,457,3,0
436,1229,414,0,3
437,1229,415,0,3
419,1230,397,0,3
420,1230,398,0,3
422,1230,444,3,0
434,1230,456,3,0
435,1230,457,3,0
436,1230,414,0,3
437,1230,415,0,3
438,1230,416,0,3
419,1231,397,0,3
420,1231,398,0,3
422,1231,444,3,0
434,1231,456,3,0
435,1231,457,3,0
436,1231,414,0,3
437,1231,415,0,3
438,1231,416,0,3
439,1231,461,3,0
441,1232,419,0,3
442,1232,420,0,3
444,1232,466,3,0
456,1232,478,3,0
458,1232,436,0,3
459,1232,437,0,3
460,1232,438,0,3
441,1233,419,0,3
442,1233,420,0,3
444,1233,466,3,0
456,1233,478,3,0
458,1233,436,0,3
459,1233,437,0,3
442,1234,420,0,3
444,1234,466,3,0
456,1234,478,3,0
458,1234,436,0,3
444,1235,466,3,0
456,1235,478,3,0
444,1236,466,3,0
456,1236,478,3,0
455,1238,433,0,3
456,1238,478,3,0
455,1239,433,0,3
456,1239,478,3,0
455,1240,433,0,3
456,1240,478,3,0
449,1241,427,0,3
452,1241,474,3,0
455,1241,433,0,3
456,1241,478,3,0
449,1242,427,0,3
450,1242,428,0,3
451,1242,429,0,3
452,1242,474,3,0
455,1242,433,0,3
456,1242,478,3,0
449,1243,427,0,3
451,1243,429,0,3
452,1243,474,3,0
455,1243,433,0,3
456,1243,478,3,0
452,1244,474,3,0
455,1244,433,0,3
456,1244,478,3,0
455,1245,433,0,3
456,1245,478,3,0
455,1246,433,0,3
456,1246,478,3,0
455,1247,433,0,3
456,1247,478,3,0
456,1248,478,3,0
444,1249,466,3,0
456,1249,478,3,0
444,1250,466,3,0
456,1250,478,3,0
458,1250,436,0,3
442,1251,420,0,3
444,1251,466,3,0
456,1251,478,3,0
458,1251,436,0,3
459,1251,437,0,3
441,1252,419,0,3
442,1252,420,0,3
444,1252,466,3,0
456,1252,478,3,0
458,1252,436,0,3
459,1252,437,0,3
460,1252,438,0,3
441,1253,419,0,3
442,1253,420,0,3
444,1253,466,3,0
456,1253,478,3,0
458,1253,436,0,3
459,1253,437,0,3
460,1253,438,0,3
461,1253,483,3,0
463,1254,441,0,3
464,1254,442,0,3
466,1254,488,3,0
478,1254,500,3,0
480,1254,458,0,3
481,1254,459,0,3
482,1254,460,0,3
463,1255,441,0,3
464,1255,442,0,3
466,1255,488,3,0
478,1255,500,3,0
480,1255,458,0,3
481,1255,459,0,3
464,1256,442,0,3
466,1256,488,3,0
478,1256,500,3,0
480,1256,458,0,3
466,1257,488,3,0
478,1257,500,3,0
466,1258,488,3,0
478,1258,500,3,0
478,1259,500,3,0
477,1260,455,0,3
478,1260,500,3,0
477,1261,455,0,3
478,1261,500,3,0
477,1262,455,0,3
478,1262,500,3,0
471,1263,449,0,3
474,1263,496,3,0
477,1263,455,0,3
478,1263,500,3,0
471,1264,449,0,3
472,1264,450,0,3
473,1264,451,0,3
474,1264,496,3,0
477,1264,455,0,3
478,1264,500,3,0
471,1265,449,0,3
473,1265,451,0,3
474,1265,496,3,0
477,1265,455,0,3
478,1265,500,3,0
474,1266,496,3,0
477,1266,455,0,3
478,1266,500,3,0
477,1267,455,0,3
478,1267,500,3,0
477,1268,455,0,3
478,1268,500,3,0
477,1269,455,0,3
478,1269,500,3,0
478,1270,500,3,0
466,1271,488,3,0
478,1271,500,3,0
466,1272,488,3,0
478,1272,500,3,0
480,1272,458,0,3
464,1273,442,0,3
466,1273,488,3,0
478,1273,500,3,0
480,1273,458,0,3
481,1273,459,0,3
463,1274,441,0,3
464,1274,442,0,3
466,1274,488,3,0
478,1274,500,3,0
480,1274,458,0,3
481,1274,459,0,3
482,1274,460,0,3
463,1275,441,0,3
464,1275,442,0,3
466,1275,488,3,0
478,1275,500,3,0
480,1275,458,0,3
481,1275,459,0,3
482,1275,460,0,3
483,1275,505,3,0
485,1276,463,0,3
486,1276,464,0,3
488,1276,510,3,0
500,1276,522,3,0
502,1276,480,0,3
503,1276,481,0,3
504,1276,482,0,3
485,1277,463,0,3
486,1277,464,0,3
488,1277,510,3,0
500,1277,522,3,0
502,1277,480,0,3
503,1277,481,0,3
486,1278,464,0,3
488,1278,510,3,0
500,1278,522,3,0
502,1278,480,0,3
488,1279,510,3,0
500,1279,522,3,0
488,1280,510,3,0
500,1280,522,3,0
499,1282,477,0,3
500,1282,522,3,0
499,1283,477,0,3
500,1283,522,3,0
499,1284,477,0,3
500,1284,522,3,0
493,1285,471,0,3
496,1285,518,3,0
499,1285,477,0,3
500,1285,522,3,0
493,1286,471,0,3
494,1286,472,0,3
495,1286,473,0,3
496,1286,518,3,0
499,1286,477,0,3
500,1286,522,3,0
493,1287,471,0,3
495,1287,473,0,3
496,1287,518,3,0
499,1287,477,0,3
500,1287,522,3,0
496,1288,518,3,0
499,1288,477,0,3
500,1288,522,3,0
499,1289,477,0,3
500,1289,522,3,0
499,1290,477,0,3
500,1290,522,3,0
499,1291,477,0,3
500,1291,522,3,0
500,1292,522,3,0
488,1293,510,3,0
500,1293,522,3,0
488,1294,510,3,0
500,1294,522,3,0
502,1294,480,0,3
486,1295,464,0,3
488,1295,510,3,0
500,1295,522,3,0
502,1295,480,0,3
503,1295,481,0,3
485,1296,463,0,3
486,1296,464,0,3
488,1296,510,3,0
500,1296,522,3,0
502,1296,480,0,3
503,1296,481,0,3
504,1296,482,0,3
485,1297,463,0,3
486,1297,464,0,3
488,1297,510,3,0
500,1297,522,3,0
502,1297,480,0,3
503,1297,481,0,3
504,1297,482,0,3
505,1297,527,3,0
507,1298,485,0,3
508,1298,486,0,3
510,1298,532,3,0
522,1298,544,3,0
524,1298,502,0,3
525,1298,503,0,3
526,1298,504,0,3
507,1299,485,0,3
508,1299,486,0,3
510,1299,532,3,0
522,1299,544,3,0
524,1299,502,0,3
525,1299,503,0,3
508,1300,486,0,3
510,1300,532,3,0
522,1300,544,3,0
524,1300,502,0,3
510,1301,532,3,0
522,1301,544,3,0
510,1302,532,3,0
522,1302,544,3,0
522,1303,544,3,0
521,1304,499,0,3
522,1304,544,3,0
521,1305,499,0,3
522,1305,544,3,0
521,1306,499,0,3
522,1306,544,3,0
515,1307,493,0,3
518,1307,540,3,0
521,1307,499,0,3
522,1307,544,3,0
515,1308,493,0,3
518,1308,540,3,0
521,1308,499,0,3
522,1308,544,3,0
515,1309,493,0,3
518,1309,540,3,0
521,1309,499,0,3
522,1309,544,3,0
518,1310,540,3,0
521,1310,499,0,3
522,1310,544,3,0
521,1311,499,0,3
522,1311,544,3,0
521,1312,499,0,3
522,1312,544,3,0
521,1313,499,0,3
522,1313,544,3,0
522,1314,544,3,0
510,1315,532,3,0
522,1315,544,3,0
510,1316,532,3,0
522,1316,544,3,0
524,1316,502,0,3
508,1317,486,0,3
510,1317,532,3,0
522,1317,544,3,0
524,1317,502,0,3
525,1317,503,0,3
507,1318,485,0,3
508,1318,486,0,3
510,1318,532,3,0
522,1318,544,3,0
524,1318,502,0,3
525,1318,503,0,3
526,1318,504,0,3
507,1319,485,0,3
508,1319,486,0,3
510,1319,532,3,0
522,1319,544,3,0
524,1319,502,0,3
525,1319,503,0,3
526,1319,504,0,3
527,1319,549,3,0
529,1320,507,0,3
530,1320,508,0,3
532,1320,554,3,0
544,1320,566,3,0
547,1320,525,0,3
548,1320,526,0,3
529,1321,507,0,3
530,1321,508,0,3
532,1321,554,3,0
544,1321,566,3,0
547,1321,525,0,3
530,1322,508,0,3
532,1322,554,3,0
544,1322,566,3,0
532,1323,554,3,0
544,1323,566,3,0
532,1324,554,3,0
544,1324,566,3,0
543,1326,521,0,3
544,1326,566,3,0
543,1327,521,0,3
544,1327,566,3,0
543,1328,521,0,3
544,1328,566,3,0
537,1329,515,0,3
540,1329,562,3,0
543,1329,521,0,3
544,1329,566,3,0
537,1330,515,0,3
540,1330,562,3,0
543,1330,521,0,3
544,1330,566,3,0
537,1331,515,0,3
540,1331,562,3,0
543,1331,521,0,3
544,1331,566,3,0
540,1332,562,3,0
543,1332,521,0,3
544,1332,566,3,0
543,1333,521,0,3
544,1333,566,3,0
543,1334,521,0,3
544,1334,566,3,0
543,1335,521,0,3
544,1335,566,3,0
544,1336,566,3,0
532,1337,554,3,0
544,1337,566,3,0
532,1338,554,3,0
544,1338,566,3,0
530,1339,508,0,3
532,1339,554,3,0
544,1339,566,3,0
547,1339,525,0,3
529,1340,507,0,3
530,1340,508,0,3
532,1340,554,3,0
544,1340,566,3,0
547,1340,525,0,3
548,1340,526,0,3
529,1341,507,0,3
530,1341,508,0,3
532,1341,554,3,0
544,1341,566,3,0
547,1341,525,0,3
548,1341,526,0,3
549,1341,571,3,0
551,1342,529,0,3
552,1342,530,0,3
554,1342,576,3,0
566,1342,588,3,0
568,1342,546,0,3
569,1342,547,0,3
570,1342,548,0,3
551,1343,529,0,3
552,1343,530,0,3
554,1343,576,3,0
566,1343,588,3,0
568,1343,546,0,3
569,1343,547,0,3
552,1344,530,0,3
554,1344,576,3,0
566,1344,588,3,0
568,1344,546,0,3
554,1345,576,3,0
566,1345,588,3,0
554,1346,576,3,0
566,1346,588,3,0
566,1347,588,3,0
556,1348,578,3,0
565,1348,543,0,3
566,1348,588,3,0
556,1349,578,3,0
565,1349,543,0,3
566,1349,588,3,0
556,1350,578,3,0
563,1350,585,3,0
565,1350,543,0,3
566,1350,588,3,0
556,1351,578,3,0
559,1351,537,0,3
562,1351,584,3,0
563,1351,585,3,0
565,1351,543,0,3
566,1351,588,3,0
556,1352,578,3,0
559,1352,537,0,3
562,1352,584,3,0
563,1352,585,3,0
565,1352,543,0,3
566,1352,588,3,0
556,1353,578,3,0
559,1353,537,0,3
562,1353,584,3,0
563,1353,585,3,0
565,1353,543,0,3
566,1353,588,3,0
556,1354,578,3,0
562,1354,584,3,0
563,1354,585,3,0
565,1354,543,0,3
566,1354,588,3,0
556,1355,578,3,0
563,1355,585,3,0
565,1355,543,0,3
566,1355,588,3,0
556,1356,578,3,0
565,1356,543,0,3
566,1356,588,3,0
565,1357,543,0,3
566,1357,588,3,0
566,1358,588,3,0
554,1359,576,3,0
566,1359,588,3,0
554,1360,576,3,0
566,1360,588,3,0
568,1360,546,0,3
552,1361,530,0,3
554,1361,576,3,0
566,1361,588,3,0
568,1361,546,0,3
569,1361,547,0,3
551,1362,529,0,3
552,1362,530,0,3
554,1362,576,3,0
566,1362,588,3,0
568,1362,546,0,3
569,1362,547,0,3
570,1362,548,0,3
551,1363,529,0,3
552,1363,530,0,3
554,1363,576,3,0
566,1363,588,3,0
568,1363,546,0,3
569,1363,547,0,3
570,1363,548,0,3
571,1363,593,3,0
573,1364,551,0,3
574,1364,552,0,3
575,1364,553,0,3
576,1364,598,3,0
588,1364,610,3,0
590,1364,568,0,3
591,1364,569,0,3
592,1364,570,0,3
573,1365,551,0,3
574,1365,552,0,3
575,1365,553,0,3
576,1365,598,3,0
588,1365,610,3,0
590,1365,568,0,3
591,1365,569,0,3
574,1366,552,0,3
575,1366,553,0,3
576,1366,598,3,0
588,1366,610,3,0
590,1366,568,0,3
575,1367,553,0,3
576,1367,598,3,0
588,1367,610,3,0
576,1368,598,3,0
588,1368,610,3,0
587,1370,565,0,3
588,1370,610,3,0
587,1371,565,0,3
588,1371,610,3,0
585,1372,607,3,0
587,1372,565,0,3
588,1372,610,3,0
581,1373,559,0,3
584,1373,606,3,0
585,1373,607,3,0
587,1373,565,0,3
588,1373,610,3,0
581,1374,559,0,3
584,1374,606,3,0
585,1374,607,3,0
587,1374,565,0,3
588,1374,610,3,0
581,1375,559,0,3
584,1375,606,3,0
585,1375,607,3,0
587,1375,565,0,3
588,1375,610,3,0
584,1376,606,3,0
585,1376,607,3,0
587,1376,565,0,3
588,1376,610,3,0
585,1377,607,3,0
587,1377,565,0,3
588,1377,610,3,0
587,1378,565,0,3
588,1378,610,3,0
587,1379,565,0,3
588,1379,610,3,0
588,1380,610,3,0
576,1381,598,3,0
588,1381,610,3,0
575,1382,553,0,3
576,1382,598,3,0
588,1382,610,3,0
590,1382,568,0,3
574,1383,552,0,3
575,1383,553,0,3
576,1383,598,3,0
588,1383,610,3,0
590,1383,568,0,3
591,1383,569,0,3
573,1384,551,0,3
574,1384,552,0,3
575,1384,553,0,3
576,1384,598,3,0
588,1384,610,3,0
590,1384,568,0,3
591,1384,569,0,3
592,1384,570,0,3
573,1385,551,0,3
574,1385,552,0,3
575,1385,553,0,3
576,1385,598,3,0
588,1385,610,3,0
590,1385,568,0,3
591,1385,569,0,3
592,1385,570,0,3
593,1385,615,3,0
595,1386,573,0,3
596,1386,574,0,3
597,1386,575,0,3
610,1386,632,3,0
612,1386,590,0,3
613,1386,591,0,3
614,1386,592,0,3
595,1387,573,0,3
596,1387,574,0,3
597,1387,575,0,3
610,1387,632,3,0
612,1387,590,0,3
613,1387,591,0,3
596,1388,574,0,3
597,1388,575,0,3
610,1388,632,3,0
612,1388,590,0,3
597,1389,575,0,3
610,1389,632,3,0
610,1390,632,3,0
610,1391,632,3,0
609,1392,587,0,3
610,1392,632,3,0
609,1393,587,0,3
610,1393,632,3,0
607,1394,629,3,0
609,1394,587,0,3
610,1394,632,3,0
603,1395,581,0,3
606,1395,628,3,0
607,1395,629,3,0
609,1395,587,0,3
610,1395,632,3,0
603,1396,581,0,3
604,1396,582,0,3
606,1396,628,3,0
607,1396,629,3,0
609,1396,587,0,3
610,1396,632,3,0
603,1397,581,0,3
606,1397,628,3,0
607,1397,629,3,0
609,1397,587,0,3
610,1397,632,3,0
606,1398,628,3,0
607,1398,629,3,0
609,1398,587,0,3
610,1398,632,3,0
607,1399,629,3,0
609,1399,587,0,3
610,1399,632,3,0
609,1400,587,0,3
610,1400,632,3,0
609,1401,587,0,3
610,1401,632,3,0
610,1402,632,3,0
610,1403,632,3,0
597,1404,575,0,3
610,1404,632,3,0
612,1404,590,0,3
596,1405,574,0,3
597,1405,575,0,3
610,1405,632,3,0
612,1405,590,0,3
613,1405,591,0,3
595,1406,573,0,3
596,1406,574,0,3
597,1406,575,0,3
610,1406,632,3,0
612,1406,590,0,3
613,1406,591,0,3
614,1406,592,0,3
595,1407,573,0,3
596,1407,574,0,3
597,1407,575,0,3
610,1407,632,3,0
612,1407,590,0,3
613,1407,591,0,3
614,1407,592,0,3
615,1407,637,3,0
617,1408,639,3,0
618,1408,596,0,3
619,1408,597,0,3
632,1408,654,3,0
634,1408,612,0,3
635,1408,613,0,3
636,1408,614,0,3
617,1409,639,3,0
618,1409,596,0,3
619,1409,597,0,3
632,1409,654,3,0
634,1409,612,0,3
635,1409,613,0,3
618,1410,596,0,3
619,1410,597,0,3
632,1410,654,3,0
634,1410,612,0,3
619,1411,597,0,3
632,1411,654,3,0
632,1412,654,3,0
622,1414,644,3,0
631,1414,609,0,3
632,1414,654,3,0
622,1415,644,3,0
631,1415,609,0,3
632,1415,654,3,0
622,1416,644,3,0
624,1416,602,0,3
629,1416,651,3,0
631,1416,609,0,3
632,1416,654,3,0
622,1417,644,3,0
624,1417,602,0,3
625,1417,603,0,3
628,1417,650,3,0
629,1417,651,3,0
631,1417,609,0,3
632,1417,654,3,0
622,1418,644,3,0
624,1418,602,0,3
625,1418,603,0,3
626,1418,604,0,3
628,1418,650,3,0
629,1418,651,3,0
631,1418,609,0,3
632,1418,654,3,0
622,1419,644,3,0
624,1419,602,0,3
625,1419,603,0,3
628,1419,650,3,0
629,1419,651,3,0
631,1419,609,0,3
632,1419,654,3,0
622,1420,644,3,0
624,1420,602,0,3
628,1420,650,3,0
629,1420,651,3,0
631,1420,609,0,3
632,1420,654,3,0
622,1421,644,3,0
629,1421,651,3,0
631,1421,609,0,3
632,1421,654,3,0
622,1422,644,3,0
631,1422,609,0,3
632,1422,654,3,0
631,1423,609,0,3
632,1423,654,3,0
632,1424,654,3,0
632,1425,654,3,0
619,1426,597,0,3
632,1426,654,3,0
634,1426,612,0,3
618,1427,596,0,3
619,1427,597,0,3
632,1427,654,3,0
634,1427,612,0,3
635,1427,613,0,3
617,1428,639,3,0
618,1428,596,0,3
619,1428,597,0,3
632,1428,654,3,0
634,1428,612,0,3
635,1428,613,0,3
636,1428,614,0,3
617,1429,639,3,0
618,1429,596,0,3
619,1429,597,0,3
632,1429,654,3,0
634,1429,612,0,3
635,1429,613,0,3
636,1429,614,0,3
637,1429,659,3,0
639,1430,661,3,0
640,1430,618,0,3
641,1430,619,0,3
654,1430,676,3,0
656,1430,634,0,3
657,1430,635,0,3
658,1430,636,0,3
639,1431,661,3,0
640,1431,618,0,3
641,1431,619,0,3
654,1431,676,3,0
656,1431,634,0,3
657,1431,635,0,3
640,1432,618,0,3
641,1432,619,0,3
654,1432,676,3,0
656,1432,634,0,3
641,1433,619,0,3
654,1433,676,3,0
654,1434,676,3,0
654,1435,676,3,0
653,1436,631,0,3
654,1436,676,3,0
653,1437,631,0,3
654,1437,676,3,0
646,1438,624,0,3
651,1438,673,3,0
653,1438,631,0,3
654,1438,676,3,0
646,1439,624,0,3
647,1439,625,0,3
650,1439,672,3,0
651,1439,673,3,0
653,1439,631,0,3
654,1439,676,3,0
646,1440,624,0,3
647,1440,625,0,3
648,1440,626,0,3
650,1440,672,3,0
651,1440,673,3,0
653,1440,631,0,3
654,1440,676,3,0
646,1441,624,0,3
647,1441,625,0,3
650,1441,672,3,0
651,1441,673,3,0
653,1441,631,0,3
654,1441,676,3,0
646,1442,624,0,3
650,1442,672,3,0
651,1442,673,3,0
653,1442,631,0,3
654,1442,676,3,0
651,1443,673,3,0
653,1443,631,0,3
654,1443,676,3,0
653,1444,631,0,3
654,1444,676,3,0
653,1445,631,0,3
654,1445,676,3,0
654,1446,676,3,0
654,1447,676,3,0
641,1448,619,0,3
654,1448,676,3,0
656,1448,634,0,3
640,1449,618,0,3
641,1449,619,0,3
654,1449,676,3,0
656,1449,634,0,3
657,1449,635,0,3
639,1450,661,3,0
640,1450,618,0,3
641,1450,619,0,3
654,1450,676,3,0
656,1450,634,0,3
657,1450,635,0,3
658,1450,636,0,3
639,1451,661,3,0
640,1451,618,0,3
641,1451,619,0,3
654,1451,676,3,0
656,1451,634,0,3
657,1451,635,0,3
658,1451,636,0,3
659,1451,681,3,0
661,1452,683,3,0
662,1452,640,0,3
663,1452,641,0,3
676,1452,698,3,0
678,1452,656,0,3
679,1452,657,0,3
661,1453,683,3,0
662,1453,640,0,3
663,1453,641,0,3
676,1453,698,3,0
678,1453,656,0,3
679,1453,657,0,3
662,1454,640,0,3
663,1454,641,0,3
676,1454,698,3,0
678,1454,656,0,3
663,1455,641,0,3
676,1455,698,3,0
676,1456,698,3,0
675,1458,653,0,3
676,1458,698,3,0
675,1459,653,0,3
676,1459,698,3,0
668,1460,646,0,3
673,1460,695,3,0
675,1460,653,0,3
676,1460,698,3,0
668,1461,646,0,3
669,1461,647,0,3
672,1461,694,3,0
673,1461,695,3,0
675,1461,653,0,3
676,1461,698,3,0
668,1462,646,0,3
669,1462,647,0,3
672,1462,694,3,0
673,1462,695,3,0
675,1462,653,0,3
676,1462,698,3,0
668,1463,646,0,3
669,1463,647,0,3
672,1463,694,3,0
673,1463,695,3,0
675,1463,653,0,3
676,1463,698,3,0
668,1464,646,0,3
672,1464,694,3,0
673,1464,695,3,0
675,1464,653,0,3
676,1464,698,3,0
673,1465,695,3,0
675,1465,653,0,3
676,1465,698,3,0
675,1466,653,0,3
676,1466,698,3,0
675,1467,653,0,3
676,1467,698,3,0
676,1468,698,3,0
676,1469,698,3,0
663,1470,641,0,3
676,1470,698,3,0
678,1470,656,0,3
662,1471,640,0,3
663,1471,641,0,3
676,1471,698,3,0
678,1471,656,0,3
679,1471,657,0,3
661,1472,683,3,0
662,1472,640,0,3
663,1472,641,0,3
676,1472,698,3,0
678,1472,656,0,3
679,1472,657,0,3
661,1473,683,3,0
662,1473,640,0,3
663,1473,641,0,3
676,1473,698,3,0
678,1473,656,0,3
679,1473,657,0,3
681,1473,703,3,0
683,1474,705,3,0
685,1474,663,0,3
698,1474,720,3,0
700,1474,678,0,3
701,1474,679,0,3
683,1475,705,3,0
685,1475,663,0,3
698,1475,720,3,0
700,1475,678,0,3
701,1475,679,0,3
685,1476,663,0,3
698,1476,720,3,0
700,1476,678,0,3
685,1477,663,0,3
698,1477,720,3,0
698,1478,720,3,0
698,1479,720,3,0
697,1480,675,0,3
698,1480,720,3,0
697,1481,675,0,3
698,1481,720,3,0
690,1482,668,0,3
697,1482,675,0,3
698,1482,720,3,0
690,1483,668,0,3
691,1483,669,0,3
697,1483,675,0,3
698,1483,720,3,0
690,1484,668,0,3
691,1484,669,0,3
697,1484,675,0,3
698,1484,720,3,0
690,1485,668,0,3
691,1485,669,0,3
697,1485,675,0,3
698,1485,720,3,0
690,1486,668,0,3
697,1486,675,0,3
698,1486,720,3,0
697,1487,675,0,3
698,1487,720,3,0
697,1488,675,0,3
698,1488,720,3,0
697,1489,675,0,3
698,1489,720,3,0
698,1490,720,3,0
698,1491,720,3,0
685,1492,663,0,3
698,1492,720,3,0
700,1492,678,0,3
685,1493,663,0,3
698,1493,720,3,0
700,1493,678,0,3
701,1493,679,0,3
683,1494,705,3,0
685,1494,663,0,3
698,1494,720,3,0
700,1494,678,0,3
701,1494,679,0,3
683,1495,705,3,0
685,1495,663,0,3
698,1495,720,3,0
700,1495,678,0,3
701,1495,679,0,3
703,1495,725,3,0
707,1496,685,0,3
709,1496,687,0,3
722,1496,700,0,3
723,1496,701,0,3
707,1497,685,0,3
709,1497,687,0,3
722,1497,700,0,3
723,1497,701,0,3
707,1498,685,0,3
709,1498,687,0,3
722,1498,700,0,3
707,1499,685,0,3
709,1499,687,0,3
709,1500,687,0,3
709,1501,687,0,3
709,1502,687,0,3
719,1502,697,0,3
709,1503,687,0,3
719,1503,697,0,3
709,1504,687,0,3
712,1504,690,0,3
717,1504,739,3,0
719,1504,697,0,3
709,1505,687,0,3
712,1505,690,0,3
713,1505,691,0,3
717,1505,739,3,0
719,1505,697,0,3
709,1506,687,0,3
712,1506,690,0,3
713,1506,691,0,3
714,1506,692,0,3
717,1506,739,3,0
719,1506,697,0,3
709,1507,687,0,3
712,1507,690,0,3
713,1507,691,0,3
717,1507,739,3,0
719,1507,697,0,3
709,1508,687,0,3
712,1508,690,0,3
717,1508,739,3,0
719,1508,697,0,3
709,1509,687,0,3
717,1509,739,3,0
719,1509,697,0,3
709,1510,687,0,3
719,1510,697,0,3
719,1511,697,0,3
709,1513,687,0,3
707,1514,685,0,3
709,1514,687,0,3
722,1514,700,0,3
707,1515,685,0,3
709,1515,687,0,3
722,1515,700,0,3
723,1515,701,0,3
707,1516,685,0,3
709,1516,687,0,3
722,1516,700,0,3
723,1516,701,0,3
707,1517,685,0,3
709,1517,687,0,3
722,1517,700,0,3
723,1517,701,0,3
725,1517,747,3,0
726,1518,704,0,2
727,1518,749,3,0
728,1518,750,3,0
731,1518,709,0,3
744,1518,722,0,3
746,1518,724,0,3
727,1519,749,3,0
728,1519,750,3,0
731,1519,709,0,3
744,1519,722,0,3
728,1520,750,3,0
731,1520,709,0,3
744,1520,722,0,3
731,1521,709,0,3
731,1522,709,0,3
731,1523,709,0,3
731,1524,709,0,3
741,1524,719,0,3
731,1525,709,0,3
741,1525,719,0,3
731,1526,709,0,3
734,1526,712,0,3
741,1526,719,0,3
731,1527,709,0,3
734,1527,712,0,3
735,1527,713,0,3
738,1527,760,3,0
741,1527,719,0,3
731,1528,709,0,3
734,1528,712,0,3
735,1528,713,0,3
736,1528,714,0,3
737,1528,759,3,0
738,1528,760,3,0
741,1528,719,0,3
731,1529,709,0,3
734,1529,712,0,3
735,1529,713,0,3
737,1529,759,3,0
738,1529,760,3,0
741,1529,719,0,3
731,1530,709,0,3
734,1530,712,0,3
738,1530,760,3,0
741,1530,719,0,3
731,1531,709,0,3
741,1531,719,0,3
731,1532,709,0,3
741,1532,719,0,3
731,1533,709,0,3
741,1533,719,0,3
731,1535,709,0,3
731,1536,709,0,3
744,1536,722,0,3
728,1537,750,3,0
731,1537,709,0,3
744,1537,722,0,3
727,1538,749,3,0
728,1538,750,3,0
731,1538,709,0,3
744,1538,722,0,3
746,1538,724,0,3
726,1539,704,0,2
727,1539,749,3,0
728,1539,750,3,0
731,1539,709,0,3
744,1539,722,0,3
746,1539,724,0,3
747,1539,769,3,0
748,1540,726,0,2
749,1540,771,3,0
750,1540,772,3,0
753,1540,731,0,3
766,1540,744,0,3
749,1541,771,3,0
750,1541,772,3,0
753,1541,731,0,3
766,1541,744,0,3
750,1542,772,3,0
753,1542,731,0,3
766,1542,744,0,3
753,1543,731,0,3
753,1544,731,0,3
753,1545,731,0,3
753,1546,731,0,3
754,1546,732,0,3
763,1546,741,0,3
753,1547,731,0,3
754,1547,732,0,3
763,1547,741,0,3
753,1548,731,0,3
754,1548,732,0,3
756,1548,734,0,3
761,1548,783,3,0
763,1548,741,0,3
753,1549,731,0,3
754,1549,732,0,3
756,1549,734,0,3
760,1549,782,3,0
761,1549,783,3,0
763,1549,741,0,3
753,1550,731,0,3
754,1550,732,0,3
756,1550,734,0,3
758,1550,736,0,3
760,1550,782,3,0
761,1550,783,3,0
763,1550,741,0,3
753,1551,731,0,3
754,1551,732,0,3
756,1551,734,0,3
760,1551,782,3,0
761,1551,783,3,0
763,1551,741,0,3
753,1552,731,0,3
754,1552,732,0,3
756,1552,734,0,3
760,1552,782,3,0
761,1552,783,3,0
763,1552,741,0,3
753,1553,731,0,3
754,1553,732,0,3
761,1553,783,3,0
763,1553,741,0,3
753,1554,731,0,3
754,1554,732,0,3
763,1554,741,0,3
763,1555,741,0,3
753,1557,731,0,3
753,1558,731,0,3
766,1558,744,0,3
750,1559,772,3,0
753,1559,731,0,3
766,1559,744,0,3
749,1560,771,3,0
750,1560,772,3,0
753,1560,731,0,3
766,1560,744,0,3
748,1561,726,0,2
749,1561,771,3,0
750,1561,772,3,0
753,1561,731,0,3
766,1561,744,0,3
769,1561,791,3,0
775,1562,753,0,3
790,1562,768,0,3
775,1563,753,0,3
775,1564,753,0,3
775,1565,753,0,3
775,1566,753,0,3
775,1567,753,0,3
775,1568,753,0,3
776,1568,754,0,3
785,1568,763,0,3
775,1569,753,0,3
776,1569,754,0,3
785,1569,763,0,3
775,1570,753,0,3
776,1570,754,0,3
778,1570,756,0,3
783,1570,805,3,0
785,1570,763,0,3
775,1571,753,0,3
776,1571,754,0,3
778,1571,756,0,3
779,1571,757,0,3
783,1571,805,3,0
785,1571,763,0,3
775,1572,753,0,3
776,1572,754,0,3
778,1572,756,0,3
779,1572,757,0,3
780,1572,758,0,3
783,1572,805,3,0
785,1572,763,0,3
775,1573,753,0,3
776,1573,754,0,3
778,1573,756,0,3
779,1573,757,0,3
783,1573,805,3,0
785,1573,763,0,3
775,1574,753,0,3
776,1574,754,0,3
778,1574,756,0,3
783,1574,805,3,0
785,1574,763,0,3
775,1575,753,0,3
776,1575,754,0,3
783,1575,805,3,0
785,1575,763,0,3
775,1576,753,0,3
776,1576,754,0,3
785,1576,763,0,3
775,1577,753,0,3
785,1577,763,0,3
775,1579,753,0,3
775,1580,753,0,3
775,1581,753,0,3
775,1582,753,0,3
790,1582,768,0,3
775,1583,753,0,3
790,1583,768,0,3
1124,1584,1146,3,0
1126,1584,1104,0,3
1138,1584,1116,0,3
1140,1584,1162,3,0
1141,1584,1163,3,0
1072,1585,1050,0,3
116,1586,138,3,0
117,1586,95,0,3
118,1586,140,3,0
119,1586,141,3,0
125,1586,147,3,0
515,1587,493,0,3
518,1587,540,3,0
521,1587,499,0,3
522,1587,544,3,0
346,1588,368,3,0
1357,1589,1379,3,0
1358,1589,1336,0,3
181,1590,159,0,3
182,1590,204,3,0
192,1590,214,3,0
1104,1591,1082,0,3
1116,1591,1094,0,3
1118,1591,1140,3,0
1189,1592,1211,3,0
1190,1592,1212,3,0
1192,1592,1170,0,3
1204,1592,1182,0,3
1205,1592,1183,0,3
1206,1592,1228,3,0
1207,1592,1229,3,0
1208,1592,1230,3,0
317,1593,295,0,3
320,1593,342,3,0
324,1593,346,3,0
925,1594,947,3,0
941,1594,963,3,0
944,1594,966,3,0
945,1594,967,3,0
49,1595,71,3,0
50,1595,72,3,0
51,1595,29,0,3
52,1595,74,3,0
53,1595,75,3,0
59,1595,81,3,0
