794,0,816,3,0
797,0,819,3,0
808,0,786,0,3
809,0,831,3,0
811,0,833,3,0
812,0,834,3,0
813,0,791,0,3
794,1,816,3,0
797,1,819,3,0
808,1,786,0,3
809,1,831,3,0
811,1,833,3,0
812,1,834,3,0
794,2,816,3,0
797,2,819,3,0
808,2,786,0,3
809,2,831,3,0
811,2,833,3,0
797,3,819,3,0
808,3,786,0,3
809,3,831,3,0
797,4,819,3,0
808,4,786,0,3
809,4,831,3,0
797,5,819,3,0
808,5,786,0,3
797,6,819,3,0
798,6,820,3,0
808,6,786,0,3
797,7,819,3,0
798,7,820,3,0
799,7,821,3,0
808,7,786,0,3
797,8,819,3,0
798,8,820,3,0
799,8,821,3,0
800,8,778,0,3
808,8,786,0,3
797,9,819,3,0
798,9,820,3,0
799,9,821,3,0
800,9,778,0,3
801,9,823,3,0
808,9,786,0,3
797,10,819,3,0
798,10,820,3,0
799,10,821,3,0
800,10,778,0,3
801,10,823,3,0
804,10,782,0,3
808,10,786,0,3
797,11,819,3,0
798,11,820,3,0
799,11,821,3,0
800,11,778,0,3
801,11,823,3,0
803,11,781,0,3
804,11,782,0,3
808,11,786,0,3
797,12,819,3,0
798,12,820,3,0
799,12,821,3,0
800,12,778,0,3
801,12,823,3,0
804,12,782,0,3
808,12,786,0,3
797,13,819,3,0
798,13,820,3,0
799,13,821,3,0
800,13,778,0,3
808,13,786,0,3
797,14,819,3,0
798,14,820,3,0
799,14,821,3,0
808,14,786,0,3
797,15,819,3,0
798,15,820,3,0
808,15,786,0,3
808,16,786,0,3
797,17,819,3,0
808,17,786,0,3
809,17,831,3,0
797,18,819,3,0
808,18,786,0,3
809,18,831,3,0
797,19,819,3,0
808,19,786,0,3
809,19,831,3,0
811,19,833,3,0
794,20,816,3,0
797,20,819,3,0
808,20,786,0,3
809,20,831,3,0
811,20,833,3,0
812,20,834,3,0
794,21,816,3,0
797,21,819,3,0
808,21,786,0,3
809,21,831,3,0
811,21,833,3,0
812,21,834,3,0
813,21,791,0,3
815,22,837,3,0
816,22,838,3,0
817,22,795,0,3
819,22,841,3,0
830,22,808,0,3
831,22,853,3,0
833,22,855,3,0
834,22,856,3,0
835,22,813,0,3
815,23,837,3,0
816,23,838,3,0
817,23,795,0,3
819,23,841,3,0
830,23,808,0,3
831,23,853,3,0
833,23,855,3,0
834,23,856,3,0
816,24,838,3,0
817,24,795,0,3
819,24,841,3,0
830,24,808,0,3
831,24,853,3,0
833,24,855,3,0
817,25,795,0,3
819,25,841,3,0
830,25,808,0,3
831,25,853,3,0
819,26,841,3,0
830,26,808,0,3
831,26,853,3,0
819,27,841,3,0
830,27,808,0,3
819,28,841,3,0
820,28,842,3,0
830,28,808,0,3
819,29,841,3,0
820,29,842,3,0
821,29,843,3,0
830,29,808,0,3
819,30,841,3,0
820,30,842,3,0
821,30,843,3,0
830,30,808,0,3
819,31,841,3,0
820,31,842,3,0
821,31,843,3,0
823,31,845,3,0
830,31,808,0,3
819,32,841,3,0
820,32,842,3,0
821,32,843,3,0
823,32,845,3,0
826,32,804,0,3
830,32,808,0,3
819,33,841,3,0
820,33,842,3,0
821,33,843,3,0
823,33,845,3,0
825,33,803,0,3
826,33,804,0,3
830,33,808,0,3
819,34,841,3,0
820,34,842,3,0
821,34,843,3,0
823,34,845,3,0
826,34,804,0,3
830,34,808,0,3
819,35,841,3,0
820,35,842,3,0
821,35,843,3,0
830,35,808,0,3
819,36,841,3,0
820,36,842,3,0
821,36,843,3,0
830,36,808,0,3
819,37,841,3,0
820,37,842,3,0
830,37,808,0,3
830,38,808,0,3
819,39,841,3,0
830,39,808,0,3
831,39,853,3,0
819,40,841,3,0
830,40,808,0,3
831,40,853,3,0
817,41,795,0,3
819,41,841,3,0
830,41,808,0,3
831,41,853,3,0
833,41,855,3,0
816,42,838,3,0
817,42,795,0,3
819,42,841,3,0
830,42,808,0,3
831,42,853,3,0
833,42,855,3,0
834,42,856,3,0
815,43,837,3,0
816,43,838,3,0
817,43,795,0,3
819,43,841,3,0
830,43,808,0,3
831,43,853,3,0
833,43,855,3,0
834,43,856,3,0
835,43,813,0,3
838,44,860,3,0
839,44,817,0,3
852,44,830,0,3
853,44,875,3,0
855,44,877,3,0
856,44,878,3,0
838,45,860,3,0
839,45,817,0,3
852,45,830,0,3
853,45,875,3,0
855,45,877,3,0
856,45,878,3,0
838,46,860,3,0
839,46,817,0,3
852,46,830,0,3
853,46,875,3,0
855,46,877,3,0
839,47,817,0,3
852,47,830,0,3
853,47,875,3,0
852,48,830,0,3
853,48,875,3,0
852,49,830,0,3
842,50,864,3,0
852,50,830,0,3
842,51,864,3,0
843,51,865,3,0
852,51,830,0,3
842,52,864,3,0
843,52,865,3,0
852,52,830,0,3
842,53,864,3,0
843,53,865,3,0
845,53,867,3,0
852,53,830,0,3
842,54,864,3,0
843,54,865,3,0
845,54,867,3,0
848,54,826,0,3
852,54,830,0,3
842,55,864,3,0
843,55,865,3,0
845,55,867,3,0
847,55,825,0,3
848,55,826,0,3
852,55,830,0,3
842,56,864,3,0
843,56,865,3,0
845,56,867,3,0
848,56,826,0,3
852,56,830,0,3
842,57,864,3,0
843,57,865,3,0
852,57,830,0,3
842,58,864,3,0
843,58,865,3,0
852,58,830,0,3
842,59,864,3,0
852,59,830,0,3
852,60,830,0,3
852,61,830,0,3
853,61,875,3,0
852,62,830,0,3
853,62,875,3,0
839,63,817,0,3
852,63,830,0,3
853,63,875,3,0
855,63,877,3,0
838,64,860,3,0
839,64,817,0,3
852,64,830,0,3
853,64,875,3,0
855,64,877,3,0
856,64,878,3,0
838,65,860,3,0
839,65,817,0,3
852,65,830,0,3
853,65,875,3,0
855,65,877,3,0
856,65,878,3,0
859,66,881,3,0
860,66,882,3,0
862,66,840,0,3
874,66,852,0,3
875,66,897,3,0
876,66,898,3,0
877,66,899,3,0
878,66,900,3,0
859,67,881,3,0
860,67,882,3,0
862,67,840,0,3
874,67,852,0,3
875,67,897,3,0
876,67,898,3,0
877,67,899,3,0
878,67,900,3,0
860,68,882,3,0
862,68,840,0,3
874,68,852,0,3
875,68,897,3,0
876,68,898,3,0
877,68,899,3,0
862,69,840,0,3
874,69,852,0,3
875,69,897,3,0
876,69,898,3,0
862,70,840,0,3
874,70,852,0,3
875,70,897,3,0
874,71,852,0,3
864,72,886,3,0
874,72,852,0,3
864,73,886,3,0
865,73,887,3,0
874,73,852,0,3
864,74,886,3,0
865,74,887,3,0
866,74,844,0,3
874,74,852,0,3
864,75,886,3,0
865,75,887,3,0
866,75,844,0,3
867,75,889,3,0
871,75,849,0,3
874,75,852,0,3
864,76,886,3,0
865,76,887,3,0
866,76,844,0,3
867,76,889,3,0
870,76,848,0,3
871,76,849,0,3
874,76,852,0,3
864,77,886,3,0
865,77,887,3,0
866,77,844,0,3
867,77,889,3,0
869,77,847,0,3
870,77,848,0,3
871,77,849,0,3
874,77,852,0,3
864,78,886,3,0
865,78,887,3,0
866,78,844,0,3
867,78,889,3,0
870,78,848,0,3
871,78,849,0,3
874,78,852,0,3
864,79,886,3,0
865,79,887,3,0
866,79,844,0,3
871,79,849,0,3
874,79,852,0,3
864,80,886,3,0
865,80,887,3,0
874,80,852,0,3
864,81,886,3,0
874,81,852,0,3
874,82,852,0,3
874,83,852,0,3
875,83,897,3,0
862,84,840,0,3
874,84,852,0,3
875,84,897,3,0
876,84,898,3,0
862,85,840,0,3
874,85,852,0,3
875,85,897,3,0
876,85,898,3,0
877,85,899,3,0
860,86,882,3,0
862,86,840,0,3
874,86,852,0,3
875,86,897,3,0
876,86,898,3,0
877,86,899,3,0
878,86,900,3,0
859,87,881,3,0
860,87,882,3,0
862,87,840,0,3
874,87,852,0,3
875,87,897,3,0
876,87,898,3,0
877,87,899,3,0
878,87,900,3,0
882,88,904,3,0
883,88,861,0,3
884,88,862,0,3
896,88,874,0,3
897,88,919,3,0
898,88,920,3,0
899,88,921,3,0
901,88,879,0,3
882,89,904,3,0
883,89,861,0,3
884,89,862,0,3
896,89,874,0,3
897,89,919,3,0
898,89,920,3,0
899,89,921,3,0
882,90,904,3,0
883,90,861,0,3
884,90,862,0,3
896,90,874,0,3
897,90,919,3,0
898,90,920,3,0
899,90,921,3,0
883,91,861,0,3
884,91,862,0,3
896,91,874,0,3
897,91,919,3,0
898,91,920,3,0
884,92,862,0,3
896,92,874,0,3
897,92,919,3,0
896,93,874,0,3
886,94,908,3,0
896,94,874,0,3
886,95,908,3,0
887,95,909,3,0
895,95,917,3,0
896,95,874,0,3
886,96,908,3,0
887,96,909,3,0
888,96,866,0,3
894,96,872,0,3
895,96,917,3,0
896,96,874,0,3
886,97,908,3,0
887,97,909,3,0
888,97,866,0,3
889,97,911,3,0
893,97,871,0,3
894,97,872,0,3
895,97,917,3,0
896,97,874,0,3
886,98,908,3,0
887,98,909,3,0
888,98,866,0,3
889,98,911,3,0
892,98,870,0,3
893,98,871,0,3
894,98,872,0,3
895,98,917,3,0
896,98,874,0,3
886,99,908,3,0
887,99,909,3,0
888,99,866,0,3
889,99,911,3,0
892,99,870,0,3
893,99,871,0,3
894,99,872,0,3
895,99,917,3,0
896,99,874,0,3
886,100,908,3,0
887,100,909,3,0
888,100,866,0,3
889,100,911,3,0
892,100,870,0,3
893,100,871,0,3
894,100,872,0,3
895,100,917,3,0
896,100,874,0,3
886,101,908,3,0
887,101,909,3,0
888,101,866,0,3
893,101,871,0,3
894,101,872,0,3
895,101,917,3,0
896,101,874,0,3
886,102,908,3,0
887,102,909,3,0
894,102,872,0,3
895,102,917,3,0
896,102,874,0,3
886,103,908,3,0
895,103,917,3,0
896,103,874,0,3
896,104,874,0,3
896,105,874,0,3
897,105,919,3,0
884,106,862,0,3
896,106,874,0,3
897,106,919,3,0
898,106,920,3,0
883,107,861,0,3
884,107,862,0,3
896,107,874,0,3
897,107,919,3,0
898,107,920,3,0
899,107,921,3,0
882,108,904,3,0
883,108,861,0,3
884,108,862,0,3
896,108,874,0,3
897,108,919,3,0
898,108,920,3,0
899,108,921,3,0
882,109,904,3,0
883,109,861,0,3
884,109,862,0,3
896,109,874,0,3
897,109,919,3,0
898,109,920,3,0
899,109,921,3,0
901,109,879,0,3
904,110,926,3,0
906,110,884,0,3
918,110,896,0,3
919,110,941,3,0
920,110,942,3,0
921,110,943,3,0
923,110,901,0,3
904,111,926,3,0
906,111,884,0,3
918,111,896,0,3
919,111,941,3,0
920,111,942,3,0
921,111,943,3,0
904,112,926,3,0
906,112,884,0,3
918,112,896,0,3
919,112,941,3,0
920,112,942,3,0
921,112,943,3,0
906,113,884,0,3
918,113,896,0,3
919,113,941,3,0
920,113,942,3,0
906,114,884,0,3
918,114,896,0,3
919,114,941,3,0
918,115,896,0,3
908,116,930,3,0
918,116,896,0,3
908,117,930,3,0
909,117,931,3,0
917,117,939,3,0
918,117,896,0,3
908,118,930,3,0
909,118,931,3,0
910,118,888,0,3
916,118,894,0,3
917,118,939,3,0
918,118,896,0,3
908,119,930,3,0
909,119,931,3,0
910,119,888,0,3
911,119,933,3,0
916,119,894,0,3
917,119,939,3,0
918,119,896,0,3
908,120,930,3,0
909,120,931,3,0
910,120,888,0,3
911,120,933,3,0
914,120,892,0,3
916,120,894,0,3
917,120,939,3,0
918,120,896,0,3
908,121,930,3,0
909,121,931,3,0
910,121,888,0,3
911,121,933,3,0
913,121,891,0,3
914,121,892,0,3
916,121,894,0,3
917,121,939,3,0
918,121,896,0,3
908,122,930,3,0
909,122,931,3,0
910,122,888,0,3
911,122,933,3,0
914,122,892,0,3
916,122,894,0,3
917,122,939,3,0
918,122,896,0,3
908,123,930,3,0
909,123,931,3,0
910,123,888,0,3
916,123,894,0,3
917,123,939,3,0
918,123,896,0,3
908,124,930,3,0
909,124,931,3,0
916,124,894,0,3
917,124,939,3,0
918,124,896,0,3
908,125,930,3,0
917,125,939,3,0
918,125,896,0,3
918,126,896,0,3
918,127,896,0,3
919,127,941,3,0
906,128,884,0,3
918,128,896,0,3
919,128,941,3,0
920,128,942,3,0
906,129,884,0,3
918,129,896,0,3
919,129,941,3,0
920,129,942,3,0
921,129,943,3,0
904,130,926,3,0
906,130,884,0,3
918,130,896,0,3
919,130,941,3,0
920,130,942,3,0
921,130,943,3,0
904,131,926,3,0
906,131,884,0,3
918,131,896,0,3
919,131,941,3,0
920,131,942,3,0
921,131,943,3,0
923,131,901,0,3
926,132,948,3,0
927,132,905,0,3
928,132,906,0,3
940,132,918,0,3
942,132,964,3,0
943,132,965,3,0
945,132,923,0,3
926,133,948,3,0
927,133,905,0,3
928,133,906,0,3
940,133,918,0,3
942,133,964,3,0
943,133,965,3,0
926,134,948,3,0
927,134,905,0,3
928,134,906,0,3
940,134,918,0,3
942,134,964,3,0
943,134,965,3,0
927,135,905,0,3
928,135,906,0,3
940,135,918,0,3
942,135,964,3,0
928,136,906,0,3
940,136,918,0,3
940,137,918,0,3
930,138,952,3,0
940,138,918,0,3
930,139,952,3,0
931,139,953,3,0
939,139,961,3,0
940,139,918,0,3
930,140,952,3,0
931,140,953,3,0
932,140,910,0,3
938,140,916,0,3
939,140,961,3,0
940,140,918,0,3
930,141,952,3,0
931,141,953,3,0
932,141,910,0,3
933,141,955,3,0
938,141,916,0,3
939,141,961,3,0
940,141,918,0,3
930,142,952,3,0
931,142,953,3,0
932,142,910,0,3
933,142,955,3,0
936,142,914,0,3
938,142,916,0,3
939,142,961,3,0
940,142,918,0,3
930,143,952,3,0
931,143,953,3,0
932,143,910,0,3
933,143,955,3,0
935,143,913,0,3
936,143,914,0,3
938,143,916,0,3
939,143,961,3,0
940,143,918,0,3
930,144,952,3,0
931,144,953,3,0
932,144,910,0,3
933,144,955,3,0
936,144,914,0,3
938,144,916,0,3
939,144,961,3,0
940,144,918,0,3
930,145,952,3,0
931,145,953,3,0
932,145,910,0,3
938,145,916,0,3
939,145,961,3,0
940,145,918,0,3
930,146,952,3,0
931,146,953,3,0
938,146,916,0,3
939,146,961,3,0
940,146,918,0,3
930,147,952,3,0
939,147,961,3,0
940,147,918,0,3
940,148,918,0,3
940,149,918,0,3
928,150,906,0,3
940,150,918,0,3
942,150,964,3,0
927,151,905,0,3
928,151,906,0,3
940,151,918,0,3
942,151,964,3,0
943,151,965,3,0
926,152,948,3,0
927,152,905,0,3
928,152,906,0,3
940,152,918,0,3
942,152,964,3,0
943,152,965,3,0
926,153,948,3,0
927,153,905,0,3
928,153,906,0,3
940,153,918,0,3
942,153,964,3,0
943,153,965,3,0
945,153,923,0,3
946,154,968,2,0
948,154,970,3,0
950,154,928,0,3
964,154,986,3,0
967,154,945,0,3
948,155,970,3,0
950,155,928,0,3
964,155,986,3,0
948,156,970,3,0
950,156,928,0,3
964,156,986,3,0
950,157,928,0,3
964,157,986,3,0
950,158,928,0,3
952,160,974,3,0
952,161,974,3,0
953,161,975,3,0
961,161,983,3,0
952,162,974,3,0
953,162,975,3,0
954,162,932,0,3
960,162,938,0,3
961,162,983,3,0
952,163,974,3,0
953,163,975,3,0
954,163,932,0,3
955,163,977,3,0
960,163,938,0,3
961,163,983,3,0
952,164,974,3,0
953,164,975,3,0
954,164,932,0,3
955,164,977,3,0
958,164,936,0,3
960,164,938,0,3
961,164,983,3,0
952,165,974,3,0
953,165,975,3,0
954,165,932,0,3
955,165,977,3,0
957,165,935,0,3
958,165,936,0,3
960,165,938,0,3
961,165,983,3,0
952,166,974,3,0
953,166,975,3,0
954,166,932,0,3
955,166,977,3,0
958,166,936,0,3
960,166,938,0,3
961,166,983,3,0
952,167,974,3,0
953,167,975,3,0
954,167,932,0,3
960,167,938,0,3
961,167,983,3,0
952,168,974,3,0
953,168,975,3,0
960,168,938,0,3
961,168,983,3,0
952,169,974,3,0
961,169,983,3,0
950,172,928,0,3
964,172,986,3,0
950,173,928,0,3
964,173,986,3,0
948,174,970,3,0
950,174,928,0,3
964,174,986,3,0
948,175,970,3,0
950,175,928,0,3
964,175,986,3,0
967,175,945,0,3
968,176,990,2,0
970,176,992,3,0
972,176,950,0,3
973,176,995,3,0
984,176,1006,3,0
986,176,1008,3,0
987,176,965,0,3
989,176,967,0,3
970,177,992,3,0
972,177,950,0,3
973,177,995,3,0
984,177,1006,3,0
986,177,1008,3,0
987,177,965,0,3
970,178,992,3,0
972,178,950,0,3
973,178,995,3,0
984,178,1006,3,0
986,178,1008,3,0
987,178,965,0,3
972,179,950,0,3
973,179,995,3,0
984,179,1006,3,0
986,179,1008,3,0
972,180,950,0,3
973,180,995,3,0
984,180,1006,3,0
973,181,995,3,0
984,181,1006,3,0
973,182,995,3,0
974,182,996,3,0
984,182,1006,3,0
973,183,995,3,0
974,183,996,3,0
975,183,997,3,0
983,183,1005,3,0
984,183,1006,3,0
973,184,995,3,0
974,184,996,3,0
975,184,997,3,0
976,184,954,0,3
982,184,960,0,3
983,184,1005,3,0
984,184,1006,3,0
973,185,995,3,0
974,185,996,3,0
975,185,997,3,0
976,185,954,0,3
982,185,960,0,3
983,185,1005,3,0
984,185,1006,3,0
973,186,995,3,0
974,186,996,3,0
975,186,997,3,0
976,186,954,0,3
980,186,958,0,3
982,186,960,0,3
983,186,1005,3,0
984,186,1006,3,0
973,187,995,3,0
974,187,996,3,0
975,187,997,3,0
976,187,954,0,3
979,187,957,0,3
980,187,958,0,3
982,187,960,0,3
983,187,1005,3,0
984,187,1006,3,0
973,188,995,3,0
974,188,996,3,0
975,188,997,3,0
976,188,954,0,3
980,188,958,0,3
982,188,960,0,3
983,188,1005,3,0
984,188,1006,3,0
973,189,995,3,0
974,189,996,3,0
975,189,997,3,0
976,189,954,0,3
982,189,960,0,3
983,189,1005,3,0
984,189,1006,3,0
973,190,995,3,0
974,190,996,3,0
975,190,997,3,0
982,190,960,0,3
983,190,1005,3,0
984,190,1006,3,0
973,191,995,3,0
974,191,996,3,0
983,191,1005,3,0
984,191,1006,3,0
984,192,1006,3,0
973,193,995,3,0
984,193,1006,3,0
972,194,950,0,3
973,194,995,3,0
984,194,1006,3,0
986,194,1008,3,0
972,195,950,0,3
973,195,995,3,0
984,195,1006,3,0
986,195,1008,3,0
987,195,965,0,3
970,196,992,3,0
972,196,950,0,3
973,196,995,3,0
984,196,1006,3,0
986,196,1008,3,0
987,196,965,0,3
970,197,992,3,0
972,197,950,0,3
973,197,995,3,0
984,197,1006,3,0
986,197,1008,3,0
987,197,965,0,3
989,197,967,0,3
992,198,1014,3,0
994,198,972,0,3
995,198,1017,3,0
1008,198,1030,3,0
1009,198,987,0,3
1011,198,989,0,3
992,199,1014,3,0
994,199,972,0,3
995,199,1017,3,0
1008,199,1030,3,0
1009,199,987,0,3
992,200,1014,3,0
994,200,972,0,3
995,200,1017,3,0
1008,200,1030,3,0
1009,200,987,0,3
994,201,972,0,3
995,201,1017,3,0
1008,201,1030,3,0
994,202,972,0,3
995,202,1017,3,0
995,203,1017,3,0
995,204,1017,3,0
996,204,1018,3,0
995,205,1017,3,0
996,205,1018,3,0
997,205,1019,3,0
1005,205,1027,3,0
995,206,1017,3,0
996,206,1018,3,0
997,206,1019,3,0
998,206,976,0,3
1004,206,982,0,3
1005,206,1027,3,0
995,207,1017,3,0
996,207,1018,3,0
997,207,1019,3,0
998,207,976,0,3
999,207,1021,3,0
1004,207,982,0,3
1005,207,1027,3,0
995,208,1017,3,0
996,208,1018,3,0
997,208,1019,3,0
998,208,976,0,3
999,208,1021,3,0
1000,208,1022,3,0
1002,208,980,0,3
1004,208,982,0,3
1005,208,1027,3,0
995,209,1017,3,0
996,209,1018,3,0
997,209,1019,3,0
998,209,976,0,3
999,209,1021,3,0
1000,209,1022,3,0
1001,209,979,0,3
1002,209,980,0,3
1004,209,982,0,3
1005,209,1027,3,0
995,210,1017,3,0
996,210,1018,3,0
997,210,1019,3,0
998,210,976,0,3
999,210,1021,3,0
1002,210,980,0,3
1004,210,982,0,3
1005,210,1027,3,0
995,211,1017,3,0
996,211,1018,3,0
997,211,1019,3,0
998,211,976,0,3
1004,211,982,0,3
1005,211,1027,3,0
995,212,1017,3,0
996,212,1018,3,0
997,212,1019,3,0
1004,212,982,0,3
1005,212,1027,3,0
995,213,1017,3,0
996,213,1018,3,0
1005,213,1027,3,0
995,215,1017,3,0
994,216,972,0,3
995,216,1017,3,0
1008,216,1030,3,0
994,217,972,0,3
995,217,1017,3,0
1008,217,1030,3,0
1009,217,987,0,3
992,218,1014,3,0
994,218,972,0,3
995,218,1017,3,0
1008,218,1030,3,0
1009,218,987,0,3
992,219,1014,3,0
994,219,972,0,3
995,219,1017,3,0
1008,219,1030,3,0
1009,219,987,0,3
1011,219,989,0,3
1014,220,1036,3,0
1016,220,994,0,3
1017,220,1039,3,0
1030,220,1052,3,0
1031,220,1009,0,3
1033,220,1011,0,3
1014,221,1036,3,0
1016,221,994,0,3
1017,221,1039,3,0
1030,221,1052,3,0
1031,221,1009,0,3
1014,222,1036,3,0
1016,222,994,0,3
1017,222,1039,3,0
1030,222,1052,3,0
1031,222,1009,0,3
1016,223,994,0,3
1017,223,1039,3,0
1030,223,1052,3,0
1016,224,994,0,3
1017,224,1039,3,0
1017,225,1039,3,0
1017,226,1039,3,0
1017,227,1039,3,0
1019,227,1041,3,0
1027,227,1049,3,0
1017,228,1039,3,0
1019,228,1041,3,0
1020,228,998,0,3
1026,228,1004,0,3
1027,228,1049,3,0
1017,229,1039,3,0
1019,229,1041,3,0
1020,229,998,0,3
1021,229,1043,3,0
1026,229,1004,0,3
1027,229,1049,3,0
1017,230,1039,3,0
1019,230,1041,3,0
1020,230,998,0,3
1021,230,1043,3,0
1022,230,1044,3,0
1024,230,1002,0,3
1026,230,1004,0,3
1027,230,1049,3,0
1017,231,1039,3,0
1019,231,1041,3,0
1020,231,998,0,3
1021,231,1043,3,0
1022,231,1044,3,0
1024,231,1002,0,3
1026,231,1004,0,3
1027,231,1049,3,0
1017,232,1039,3,0
1019,232,1041,3,0
1020,232,998,0,3
1021,232,1043,3,0
1024,232,1002,0,3
1026,232,1004,0,3
1027,232,1049,3,0
1017,233,1039,3,0
1019,233,1041,3,0
1020,233,998,0,3
1026,233,1004,0,3
1027,233,1049,3,0
1017,234,1039,3,0
1019,234,1041,3,0
1026,234,1004,0,3
1027,234,1049,3,0
1017,235,1039,3,0
1027,235,1049,3,0
1017,237,1039,3,0
1016,238,994,0,3
1017,238,1039,3,0
1030,238,1052,3,0
1016,239,994,0,3
1017,239,1039,3,0
1030,239,1052,3,0
1031,239,1009,0,3
1014,240,1036,3,0
1016,240,994,0,3
1017,240,1039,3,0
1030,240,1052,3,0
1031,240,1009,0,3
1014,241,1036,3,0
1016,241,994,0,3
1017,241,1039,3,0
1030,241,1052,3,0
1031,241,1009,0,3
1033,241,1011,0,3
1035,242,1057,3,0
1036,242,1058,3,0
1038,242,1016,0,3
1052,242,1074,3,0
1053,242,1031,0,3
1054,242,1076,3,0
1055,242,1033,0,3
1035,243,1057,3,0
1036,243,1058,3,0
1038,243,1016,0,3
1052,243,1074,3,0
1053,243,1031,0,3
1054,243,1076,3,0
1036,244,1058,3,0
1038,244,1016,0,3
1052,244,1074,3,0
1053,244,1031,0,3
1038,245,1016,0,3
1052,245,1074,3,0
1038,246,1016,0,3
1041,249,1063,3,0
1049,249,1071,3,0
1041,250,1063,3,0
1042,250,1020,0,3
1048,250,1026,0,3
1049,250,1071,3,0
1041,251,1063,3,0
1042,251,1020,0,3
1043,251,1065,3,0
1047,251,1025,0,3
1048,251,1026,0,3
1049,251,1071,3,0
1041,252,1063,3,0
1042,252,1020,0,3
1043,252,1065,3,0
1044,252,1066,3,0
1047,252,1025,0,3
1048,252,1026,0,3
1049,252,1071,3,0
1041,253,1063,3,0
1042,253,1020,0,3
1043,253,1065,3,0
1044,253,1066,3,0
1047,253,1025,0,3
1048,253,1026,0,3
1049,253,1071,3,0
1041,254,1063,3,0
1042,254,1020,0,3
1043,254,1065,3,0
1047,254,1025,0,3
1048,254,1026,0,3
1049,254,1071,3,0
1041,255,1063,3,0
1042,255,1020,0,3
1047,255,1025,0,3
1048,255,1026,0,3
1049,255,1071,3,0
1041,256,1063,3,0
1048,256,1026,0,3
1049,256,1071,3,0
1049,257,1071,3,0
1038,260,1016,0,3
1052,260,1074,3,0
1038,261,1016,0,3
1052,261,1074,3,0
1053,261,1031,0,3
1036,262,1058,3,0
1038,262,1016,0,3
1052,262,1074,3,0
1053,262,1031,0,3
1054,262,1076,3,0
1035,263,1057,3,0
1036,263,1058,3,0
1038,263,1016,0,3
1052,263,1074,3,0
1053,263,1031,0,3
1054,263,1076,3,0
1055,263,1033,0,3
1057,264,1079,3,0
1058,264,1080,3,0
1060,264,1038,0,3
1074,264,1096,3,0
1076,264,1054,0,3
1077,264,1055,0,3
1057,265,1079,3,0
1058,265,1080,3,0
1060,265,1038,0,3
1074,265,1096,3,0
1076,265,1054,0,3
1058,266,1080,3,0
1060,266,1038,0,3
1074,266,1096,3,0
1060,267,1038,0,3
1074,267,1096,3,0
1060,268,1038,0,3
1063,271,1085,3,0
1063,272,1085,3,0
1064,272,1042,0,3
1063,273,1085,3,0
1064,273,1042,0,3
1065,273,1087,3,0
1069,273,1047,0,3
1063,274,1085,3,0
1064,274,1042,0,3
1065,274,1087,3,0
1066,274,1088,3,0
1068,274,1046,0,3
1069,274,1047,0,3
1063,275,1085,3,0
1064,275,1042,0,3
1065,275,1087,3,0
1066,275,1088,3,0
1067,275,1045,0,3
1068,275,1046,0,3
1069,275,1047,0,3
1063,276,1085,3,0
1064,276,1042,0,3
1065,276,1087,3,0
1068,276,1046,0,3
1069,276,1047,0,3
1063,277,1085,3,0
1064,277,1042,0,3
1069,277,1047,0,3
1063,278,1085,3,0
1060,282,1038,0,3
1074,282,1096,3,0
1060,283,1038,0,3
1074,283,1096,3,0
1058,284,1080,3,0
1060,284,1038,0,3
1074,284,1096,3,0
1076,284,1054,0,3
1057,285,1079,3,0
1058,285,1080,3,0
1060,285,1038,0,3
1074,285,1096,3,0
1076,285,1054,0,3
1077,285,1055,0,3
1080,286,1102,3,0
1083,286,1105,3,0
1095,286,1073,0,3
1096,286,1118,3,0
1099,286,1077,0,3
1080,287,1102,3,0
1083,287,1105,3,0
1095,287,1073,0,3
1096,287,1118,3,0
1080,288,1102,3,0
1083,288,1105,3,0
1095,288,1073,0,3
1096,288,1118,3,0
1083,289,1105,3,0
1095,289,1073,0,3
1096,289,1118,3,0
1083,290,1105,3,0
1095,290,1073,0,3
1083,291,1105,3,0
1083,292,1105,3,0
1083,293,1105,3,0
1085,293,1107,3,0
1083,294,1105,3,0
1085,294,1107,3,0
1086,294,1064,0,3
1083,295,1105,3,0
1085,295,1107,3,0
1086,295,1064,0,3
1087,295,1109,3,0
1091,295,1069,0,3
1083,296,1105,3,0
1085,296,1107,3,0
1086,296,1064,0,3
1087,296,1109,3,0
1088,296,1110,3,0
1090,296,1068,0,3
1091,296,1069,0,3
1083,297,1105,3,0
1085,297,1107,3,0
1086,297,1064,0,3
1087,297,1109,3,0
1088,297,1110,3,0
1089,297,1067,0,3
1090,297,1068,0,3
1091,297,1069,0,3
1083,298,1105,3,0
1085,298,1107,3,0
1086,298,1064,0,3
1087,298,1109,3,0
1090,298,1068,0,3
1091,298,1069,0,3
1083,299,1105,3,0
1085,299,1107,3,0
1086,299,1064,0,3
1091,299,1069,0,3
1083,300,1105,3,0
1085,300,1107,3,0
1083,301,1105,3,0
1083,303,1105,3,0
1095,303,1073,0,3
1083,304,1105,3,0
1095,304,1073,0,3
1096,304,1118,3,0
1083,305,1105,3,0
1095,305,1073,0,3
1096,305,1118,3,0
1080,306,1102,3,0
1083,306,1105,3,0
1095,306,1073,0,3
1096,306,1118,3,0
1080,307,1102,3,0
1083,307,1105,3,0
1095,307,1073,0,3
1096,307,1118,3,0
1099,307,1077,0,3
1102,308,1124,3,0
1104,308,1082,0,3
1105,308,1127,3,0
1117,308,1095,0,3
1118,308,1140,3,0
1121,308,1099,0,3
1102,309,1124,3,0
1104,309,1082,0,3
1105,309,1127,3,0
1117,309,1095,0,3
1118,309,1140,3,0
1102,310,1124,3,0
1104,310,1082,0,3
1105,310,1127,3,0
1117,310,1095,0,3
1118,310,1140,3,0
1104,311,1082,0,3
1105,311,1127,3,0
1117,311,1095,0,3
1118,311,1140,3,0
1104,312,1082,0,3
1105,312,1127,3,0
1117,312,1095,0,3
1105,313,1127,3,0
1105,314,1127,3,0
1105,315,1127,3,0
1107,315,1129,3,0
1105,316,1127,3,0
1107,316,1129,3,0
1108,316,1086,0,3
1105,317,1127,3,0
1107,317,1129,3,0
1108,317,1086,0,3
1113,317,1091,0,3
1105,318,1127,3,0
1107,318,1129,3,0
1108,318,1086,0,3
1110,318,1132,3,0
1112,318,1090,0,3
1113,318,1091,0,3
1105,319,1127,3,0
1107,319,1129,3,0
1108,319,1086,0,3
1110,319,1132,3,0
1111,319,1089,0,3
1112,319,1090,0,3
1113,319,1091,0,3
1105,320,1127,3,0
1107,320,1129,3,0
1108,320,1086,0,3
1112,320,1090,0,3
1113,320,1091,0,3
1105,321,1127,3,0
1107,321,1129,3,0
1108,321,1086,0,3
1113,321,1091,0,3
1105,322,1127,3,0
1107,322,1129,3,0
1105,323,1127,3,0
1105,325,1127,3,0
1117,325,1095,0,3
1104,326,1082,0,3
1105,326,1127,3,0
1117,326,1095,0,3
1118,326,1140,3,0
1104,327,1082,0,3
1105,327,1127,3,0
1117,327,1095,0,3
1118,327,1140,3,0
1102,328,1124,3,0
1104,328,1082,0,3
1105,328,1127,3,0
1117,328,1095,0,3
1118,328,1140,3,0
1102,329,1124,3,0
1104,329,1082,0,3
1105,329,1127,3,0
1117,329,1095,0,3
1118,329,1140,3,0
1121,329,1099,0,3
1124,330,1146,3,0
1127,330,1149,3,0
1140,330,1162,3,0
1141,330,1119,0,3
1124,331,1146,3,0
1127,331,1149,3,0
1140,331,1162,3,0
1141,331,1119,0,3
1124,332,1146,3,0
1127,332,1149,3,0
1140,332,1162,3,0
1141,332,1119,0,3
1127,333,1149,3,0
1140,333,1162,3,0
1127,334,1149,3,0
1127,335,1149,3,0
1127,336,1149,3,0
1128,336,1106,0,3
1127,337,1149,3,0
1128,337,1106,0,3
1129,337,1151,3,0
1127,338,1149,3,0
1128,338,1106,0,3
1129,338,1151,3,0
1130,338,1108,0,3
1127,339,1149,3,0
1128,339,1106,0,3
1129,339,1151,3,0
1130,339,1108,0,3
1135,339,1113,0,3
1127,340,1149,3,0
1128,340,1106,0,3
1129,340,1151,3,0
1130,340,1108,0,3
1132,340,1154,3,0
1135,340,1113,0,3
1127,341,1149,3,0
1128,341,1106,0,3
1129,341,1151,3,0
1130,341,1108,0,3
1132,341,1154,3,0
1133,341,1111,0,3
1135,341,1113,0,3
1127,342,1149,3,0
1128,342,1106,0,3
1129,342,1151,3,0
1130,342,1108,0,3
1135,342,1113,0,3
1127,343,1149,3,0
1128,343,1106,0,3
1129,343,1151,3,0
1130,343,1108,0,3
1135,343,1113,0,3
1127,344,1149,3,0
1128,344,1106,0,3
1129,344,1151,3,0
1127,345,1149,3,0
1128,345,1106,0,3
1127,347,1149,3,0
1127,348,1149,3,0
1140,348,1162,3,0
1127,349,1149,3,0
1140,349,1162,3,0
1141,349,1119,0,3
1124,350,1146,3,0
1127,350,1149,3,0
1140,350,1162,3,0
1141,350,1119,0,3
1124,351,1146,3,0
1127,351,1149,3,0
1140,351,1162,3,0
1141,351,1119,0,3
1146,352,1168,3,0
1149,352,1171,3,0
1162,352,1184,3,0
1163,352,1141,0,3
1146,353,1168,3,0
1149,353,1171,3,0
1162,353,1184,3,0
1163,353,1141,0,3
1146,354,1168,3,0
1149,354,1171,3,0
1162,354,1184,3,0
1163,354,1141,0,3
1149,355,1171,3,0
1162,355,1184,3,0
1149,356,1171,3,0
1149,357,1171,3,0
1149,358,1171,3,0
1150,358,1128,0,3
1149,359,1171,3,0
1150,359,1128,0,3
1151,359,1173,3,0
1149,360,1171,3,0
1150,360,1128,0,3
1151,360,1173,3,0
1149,361,1171,3,0
1150,361,1128,0,3
1151,361,1173,3,0
1157,361,1135,0,3
1149,362,1171,3,0
1150,362,1128,0,3
1151,362,1173,3,0
1154,362,1176,3,0
1157,362,1135,0,3
1149,363,1171,3,0
1150,363,1128,0,3
1151,363,1173,3,0
1154,363,1176,3,0
1155,363,1133,0,3
1157,363,1135,0,3
1149,364,1171,3,0
1150,364,1128,0,3
1151,364,1173,3,0
1157,364,1135,0,3
1149,365,1171,3,0
1150,365,1128,0,3
1151,365,1173,3,0
1157,365,1135,0,3
1149,366,1171,3,0
1150,366,1128,0,3
1151,366,1173,3,0
1149,367,1171,3,0
1150,367,1128,0,3
1149,369,1171,3,0
1149,370,1171,3,0
1162,370,1184,3,0
1149,371,1171,3,0
1162,371,1184,3,0
1163,371,1141,0,3
1146,372,1168,3,0
1149,372,1171,3,0
1162,372,1184,3,0
1163,372,1141,0,3
1146,373,1168,3,0
1149,373,1171,3,0
1162,373,1184,3,0
1163,373,1141,0,3
1183,374,1161,0,3
1184,374,1206,3,0
1183,375,1161,0,3
1184,375,1206,3,0
1183,376,1161,0,3
1184,376,1206,3,0
1183,377,1161,0,3
1184,377,1206,3,0
1183,378,1161,0,3
1173,381,1195,3,0
1173,382,1195,3,0
1173,383,1195,3,0
1179,383,1157,0,3
1173,384,1195,3,0
1176,384,1198,3,0
1178,384,1156,0,3
1179,384,1157,0,3
1173,385,1195,3,0
1176,385,1198,3,0
1177,385,1155,0,3
1178,385,1156,0,3
1179,385,1157,0,3
1173,386,1195,3,0
1178,386,1156,0,3
1179,386,1157,0,3
1173,387,1195,3,0
1179,387,1157,0,3
1173,388,1195,3,0
1183,391,1161,0,3
1183,392,1161,0,3
1184,392,1206,3,0
1183,393,1161,0,3
1184,393,1206,3,0
1183,394,1161,0,3
1184,394,1206,3,0
1183,395,1161,0,3
1184,395,1206,3,0
1190,396,1212,3,0
1205,396,1183,0,3
1206,396,1228,3,0
1207,396,1185,0,3
1190,397,1212,3,0
1205,397,1183,0,3
1206,397,1228,3,0
1207,397,1185,0,3
1190,398,1212,3,0
1205,398,1183,0,3
1206,398,1228,3,0
1207,398,1185,0,3
1205,399,1183,0,3
1206,399,1228,3,0
1205,400,1183,0,3
1194,402,1172,0,3
1194,403,1172,0,3
1195,403,1217,3,0
1194,404,1172,0,3
1195,404,1217,3,0
1194,405,1172,0,3
1195,405,1217,3,0
1201,405,1179,0,3
1194,406,1172,0,3
1195,406,1217,3,0
1198,406,1220,3,0
1200,406,1178,0,3
1201,406,1179,0,3
1194,407,1172,0,3
1195,407,1217,3,0
1198,407,1220,3,0
1199,407,1177,0,3
1200,407,1178,0,3
1201,407,1179,0,3
1194,408,1172,0,3
1195,408,1217,3,0
1200,408,1178,0,3
1201,408,1179,0,3
1194,409,1172,0,3
1195,409,1217,3,0
1201,409,1179,0,3
1194,410,1172,0,3
1195,410,1217,3,0
1194,411,1172,0,3
1205,413,1183,0,3
1205,414,1183,0,3
1206,414,1228,3,0
1205,415,1183,0,3
1206,415,1228,3,0
1207,415,1185,0,3
1190,416,1212,3,0
1205,416,1183,0,3
1206,416,1228,3,0
1207,416,1185,0,3
1190,417,1212,3,0
1205,417,1183,0,3
1206,417,1228,3,0
1207,417,1185,0,3
1212,418,1234,3,0
1227,418,1205,0,3
1228,418,1250,3,0
1229,418,1207,0,3
1212,419,1234,3,0
1227,419,1205,0,3
1228,419,1250,3,0
1229,419,1207,0,3
1212,420,1234,3,0
1227,420,1205,0,3
1228,420,1250,3,0
1229,420,1207,0,3
1227,421,1205,0,3
1228,421,1250,3,0
1227,422,1205,0,3
1216,424,1194,0,3
1216,425,1194,0,3
1217,425,1239,3,0
1216,426,1194,0,3
1217,426,1239,3,0
1216,427,1194,0,3
1217,427,1239,3,0
1223,427,1201,0,3
1216,428,1194,0,3
1217,428,1239,3,0
1220,428,1242,3,0
1222,428,1200,0,3
1223,428,1201,0,3
1216,429,1194,0,3
1217,429,1239,3,0
1220,429,1242,3,0
1221,429,1199,0,3
1222,429,1200,0,3
1223,429,1201,0,3
1216,430,1194,0,3
1217,430,1239,3,0
1222,430,1200,0,3
1223,430,1201,0,3
1216,431,1194,0,3
1217,431,1239,3,0
1223,431,1201,0,3
1216,432,1194,0,3
1217,432,1239,3,0
1216,433,1194,0,3
1227,435,1205,0,3
1227,436,1205,0,3
1228,436,1250,3,0
1227,437,1205,0,3
1228,437,1250,3,0
1229,437,1207,0,3
1212,438,1234,3,0
1227,438,1205,0,3
1228,438,1250,3,0
1229,438,1207,0,3
1212,439,1234,3,0
1227,439,1205,0,3
1228,439,1250,3,0
1229,439,1207,0,3
1249,440,1227,0,3
1250,440,1272,3,0
1251,440,1229,0,3
1249,441,1227,0,3
1250,441,1272,3,0
1251,441,1229,0,3
1249,442,1227,0,3
1250,442,1272,3,0
1251,442,1229,0,3
1249,443,1227,0,3
1250,443,1272,3,0
1249,444,1227,0,3
1238,446,1216,0,3
1238,447,1216,0,3
1239,447,1261,3,0
1238,448,1216,0,3
1239,448,1261,3,0
1238,449,1216,0,3
1239,449,1261,3,0
1245,449,1223,0,3
1238,450,1216,0,3
1239,450,1261,3,0
1242,450,1264,3,0
1245,450,1223,0,3
1238,451,1216,0,3
1239,451,1261,3,0
1242,451,1264,3,0
1243,451,1221,0,3
1245,451,1223,0,3
1238,452,1216,0,3
1239,452,1261,3,0
1245,452,1223,0,3
1238,453,1216,0,3
1239,453,1261,3,0
1245,453,1223,0,3
1238,454,1216,0,3
1239,454,1261,3,0
1238,455,1216,0,3
1249,457,1227,0,3
1249,458,1227,0,3
1250,458,1272,3,0
1249,459,1227,0,3
1250,459,1272,3,0
1251,459,1229,0,3
1249,460,1227,0,3
1250,460,1272,3,0
1251,460,1229,0,3
1249,461,1227,0,3
1250,461,1272,3,0
1251,461,1229,0,3
1256,462,1278,3,0
1271,462,1249,0,3
1272,462,1294,3,0
1273,462,1251,0,3
1256,463,1278,3,0
1271,463,1249,0,3
1272,463,1294,3,0
1273,463,1251,0,3
1256,464,1278,3,0
1271,464,1249,0,3
1272,464,1294,3,0
1273,464,1251,0,3
1271,465,1249,0,3
1272,465,1294,3,0
1271,466,1249,0,3
1260,468,1238,0,3
1260,469,1238,0,3
1261,469,1283,3,0
1260,470,1238,0,3
1261,470,1283,3,0
1260,471,1238,0,3
1261,471,1283,3,0
1267,471,1245,0,3
1260,472,1238,0,3
1261,472,1283,3,0
1264,472,1286,3,0
1267,472,1245,0,3
1260,473,1238,0,3
1261,473,1283,3,0
1264,473,1286,3,0
1265,473,1243,0,3
1267,473,1245,0,3
1260,474,1238,0,3
1261,474,1283,3,0
1267,474,1245,0,3
1260,475,1238,0,3
1261,475,1283,3,0
1267,475,1245,0,3
1260,476,1238,0,3
1261,476,1283,3,0
1260,477,1238,0,3
1271,479,1249,0,3
1271,480,1249,0,3
1272,480,1294,3,0
1271,481,1249,0,3
1272,481,1294,3,0
1273,481,1251,0,3
1256,482,1278,3,0
1271,482,1249,0,3
1272,482,1294,3,0
1273,482,1251,0,3
1256,483,1278,3,0
1271,483,1249,0,3
1272,483,1294,3,0
1273,483,1251,0,3
1278,484,1300,3,0
1293,484,1271,0,3
1294,484,1316,3,0
1295,484,1273,0,3
1278,485,1300,3,0
1293,485,1271,0,3
1294,485,1316,3,0
1295,485,1273,0,3
1278,486,1300,3,0
1293,486,1271,0,3
1294,486,1316,3,0
1295,486,1273,0,3
1293,487,1271,0,3
1294,487,1316,3,0
1293,488,1271,0,3
1282,490,1260,0,3
1282,491,1260,0,3
1283,491,1305,3,0
1282,492,1260,0,3
1283,492,1305,3,0
1282,493,1260,0,3
1283,493,1305,3,0
1285,493,1263,0,3
1289,493,1267,0,3
1282,494,1260,0,3
1283,494,1305,3,0
1285,494,1263,0,3
1286,494,1308,3,0
1289,494,1267,0,3
1282,495,1260,0,3
1283,495,1305,3,0
1285,495,1263,0,3
1286,495,1308,3,0
1287,495,1265,0,3
1289,495,1267,0,3
1282,496,1260,0,3
1283,496,1305,3,0
1285,496,1263,0,3
1289,496,1267,0,3
1282,497,1260,0,3
1283,497,1305,3,0
1289,497,1267,0,3
1282,498,1260,0,3
1283,498,1305,3,0
1282,499,1260,0,3
1293,501,1271,0,3
1293,502,1271,0,3
1294,502,1316,3,0
1293,503,1271,0,3
1294,503,1316,3,0
1295,503,1273,0,3
1278,504,1300,3,0
1293,504,1271,0,3
1294,504,1316,3,0
1295,504,1273,0,3
1278,505,1300,3,0
1293,505,1271,0,3
1294,505,1316,3,0
1295,505,1273,0,3
1298,506,1320,2,0
1315,506,1293,0,3
1316,506,1338,3,0
1317,506,1295,0,3
1315,507,1293,0,3
1316,507,1338,3,0
1317,507,1295,0,3
1315,508,1293,0,3
1316,508,1338,3,0
1317,508,1295,0,3
1315,509,1293,0,3
1316,509,1338,3,0
1315,510,1293,0,3
1304,512,1282,0,3
1304,513,1282,0,3
1305,513,1327,3,0
1304,514,1282,0,3
1305,514,1327,3,0
1304,515,1282,0,3
1305,515,1327,3,0
1311,515,1289,0,3
1304,516,1282,0,3
1305,516,1327,3,0
1308,516,1330,3,0
1311,516,1289,0,3
1304,517,1282,0,3
1305,517,1327,3,0
1308,517,1330,3,0
1309,517,1287,0,3
1311,517,1289,0,3
1304,518,1282,0,3
1305,518,1327,3,0
1311,518,1289,0,3
1304,519,1282,0,3
1305,519,1327,3,0
1311,519,1289,0,3
1304,520,1282,0,3
1305,520,1327,3,0
1304,521,1282,0,3
1315,523,1293,0,3
1315,524,1293,0,3
1316,524,1338,3,0
1315,525,1293,0,3
1316,525,1338,3,0
1317,525,1295,0,3
1315,526,1293,0,3
1316,526,1338,3,0
1317,526,1295,0,3
1315,527,1293,0,3
1316,527,1338,3,0
1317,527,1295,0,3
1321,528,1299,0,3
1337,528,1315,0,3
1338,528,1360,3,0
1339,528,1317,0,3
1321,529,1299,0,3
1337,529,1315,0,3
1338,529,1360,3,0
1339,529,1317,0,3
1337,530,1315,0,3
1338,530,1360,3,0
1339,530,1317,0,3
1337,531,1315,0,3
1338,531,1360,3,0
1337,532,1315,0,3
1326,534,1304,0,3
1326,535,1304,0,3
1327,535,1349,3,0
1326,536,1304,0,3
1327,536,1349,3,0
1326,537,1304,0,3
1327,537,1349,3,0
1333,537,1311,0,3
1326,538,1304,0,3
1327,538,1349,3,0
1332,538,1310,0,3
1333,538,1311,0,3
1326,539,1304,0,3
1327,539,1349,3,0
1331,539,1309,0,3
1332,539,1310,0,3
1333,539,1311,0,3
1326,540,1304,0,3
1327,540,1349,3,0
1332,540,1310,0,3
1333,540,1311,0,3
1326,541,1304,0,3
1327,541,1349,3,0
1333,541,1311,0,3
1326,542,1304,0,3
1327,542,1349,3,0
1326,543,1304,0,3
1337,545,1315,0,3
1337,546,1315,0,3
1338,546,1360,3,0
1337,547,1315,0,3
1338,547,1360,3,0
1339,547,1317,0,3
1337,548,1315,0,3
1338,548,1360,3,0
1339,548,1317,0,3
1321,549,1299,0,3
1337,549,1315,0,3
1338,549,1360,3,0
1339,549,1317,0,3
1343,550,1321,0,3
1359,550,1337,0,3
1360,550,1382,3,0
1361,550,1339,0,3
1343,551,1321,0,3
1359,551,1337,0,3
1360,551,1382,3,0
1361,551,1339,0,3
1359,552,1337,0,3
1360,552,1382,3,0
1361,552,1339,0,3
1359,553,1337,0,3
1360,553,1382,3,0
1359,554,1337,0,3
1349,557,1371,3,0
1349,558,1371,3,0
1349,559,1371,3,0
1355,559,1333,0,3
1349,560,1371,3,0
1352,560,1374,3,0
1355,560,1333,0,3
1349,561,1371,3,0
1352,561,1374,3,0
1353,561,1331,0,3
1355,561,1333,0,3
1349,562,1371,3,0
1355,562,1333,0,3
1349,563,1371,3,0
1355,563,1333,0,3
1349,564,1371,3,0
1359,567,1337,0,3
1359,568,1337,0,3
1360,568,1382,3,0
1359,569,1337,0,3
1360,569,1382,3,0
1361,569,1339,0,3
1359,570,1337,0,3
1360,570,1382,3,0
1361,570,1339,0,3
1343,571,1321,0,3
1359,571,1337,0,3
1360,571,1382,3,0
1361,571,1339,0,3
1365,572,1343,0,3
1368,572,1346,0,3
1381,572,1359,0,3
1382,572,1404,3,0
1383,572,1361,0,3
1365,573,1343,0,3
1368,573,1346,0,3
1381,573,1359,0,3
1382,573,1404,3,0
1383,573,1361,0,3
1368,574,1346,0,3
1381,574,1359,0,3
1382,574,1404,3,0
1383,574,1361,0,3
1368,575,1346,0,3
1381,575,1359,0,3
1382,575,1404,3,0
1368,576,1346,0,3
1381,576,1359,0,3
1371,579,1393,3,0
1371,580,1393,3,0
1371,581,1393,3,0
1373,581,1351,0,3
1377,581,1355,0,3
1371,582,1393,3,0
1373,582,1351,0,3
1374,582,1396,3,0
1376,582,1398,3,0
1377,582,1355,0,3
1371,583,1393,3,0
1373,583,1351,0,3
1374,583,1396,3,0
1376,583,1398,3,0
1377,583,1355,0,3
1371,584,1393,3,0
1373,584,1351,0,3
1376,584,1398,3,0
1377,584,1355,0,3
1371,585,1393,3,0
1377,585,1355,0,3
1371,586,1393,3,0
1381,589,1359,0,3
1368,590,1346,0,3
1381,590,1359,0,3
1382,590,1404,3,0
1368,591,1346,0,3
1381,591,1359,0,3
1382,591,1404,3,0
1383,591,1361,0,3
1368,592,1346,0,3
1381,592,1359,0,3
1382,592,1404,3,0
1383,592,1361,0,3
1365,593,1343,0,3
1368,593,1346,0,3
1381,593,1359,0,3
1382,593,1404,3,0
1383,593,1361,0,3
1390,594,1368,0,3
1402,594,1424,3,0
1403,594,1381,0,3
1404,594,1426,3,0
1405,594,1383,0,3
1390,595,1368,0,3
1402,595,1424,3,0
1403,595,1381,0,3
1404,595,1426,3,0
1405,595,1383,0,3
1390,596,1368,0,3
1402,596,1424,3,0
1403,596,1381,0,3
1404,596,1426,3,0
1405,596,1383,0,3
1390,597,1368,0,3
1402,597,1424,3,0
1403,597,1381,0,3
1404,597,1426,3,0
1390,598,1368,0,3
1402,598,1424,3,0
1403,598,1381,0,3
1402,599,1424,3,0
1402,600,1424,3,0
1393,601,1415,3,0
1402,601,1424,3,0
1393,602,1415,3,0
1402,602,1424,3,0
1393,603,1415,3,0
1395,603,1373,0,3
1402,603,1424,3,0
1393,604,1415,3,0
1395,604,1373,0,3
1396,604,1418,3,0
1398,604,1420,3,0
1402,604,1424,3,0
1393,605,1415,3,0
1395,605,1373,0,3
1396,605,1418,3,0
1398,605,1420,3,0
1402,605,1424,3,0
1393,606,1415,3,0
1395,606,1373,0,3
1398,606,1420,3,0
1402,606,1424,3,0
1393,607,1415,3,0
1402,607,1424,3,0
1393,608,1415,3,0
1402,608,1424,3,0
1402,609,1424,3,0
1402,610,1424,3,0
1402,611,1424,3,0
1403,611,1381,0,3
1390,612,1368,0,3
1402,612,1424,3,0
1403,612,1381,0,3
1404,612,1426,3,0
1390,613,1368,0,3
1402,613,1424,3,0
1403,613,1381,0,3
1404,613,1426,3,0
1405,613,1383,0,3
1390,614,1368,0,3
1402,614,1424,3,0
1403,614,1381,0,3
1404,614,1426,3,0
1405,614,1383,0,3
1390,615,1368,0,3
1402,615,1424,3,0
1403,615,1381,0,3
1404,615,1426,3,0
1405,615,1383,0,3
1409,616,1387,0,3
1412,616,1390,0,3
1424,616,1446,3,0
1425,616,1403,0,3
1426,616,1448,3,0
1427,616,1405,0,3
1409,617,1387,0,3
1412,617,1390,0,3
1424,617,1446,3,0
1425,617,1403,0,3
1426,617,1448,3,0
1427,617,1405,0,3
1412,618,1390,0,3
1424,618,1446,3,0
1425,618,1403,0,3
1426,618,1448,3,0
1427,618,1405,0,3
1412,619,1390,0,3
1424,619,1446,3,0
1425,619,1403,0,3
1426,619,1448,3,0
1412,620,1390,0,3
1424,620,1446,3,0
1425,620,1403,0,3
1424,621,1446,3,0
1414,622,1392,0,3
1424,622,1446,3,0
1414,623,1392,0,3
1424,623,1446,3,0
1414,624,1392,0,3
1424,624,1446,3,0
1414,625,1392,0,3
1417,625,1395,0,3
1424,625,1446,3,0
1414,626,1392,0,3
1417,626,1395,0,3
1418,626,1440,3,0
1420,626,1442,3,0
1424,626,1446,3,0
1414,627,1392,0,3
1417,627,1395,0,3
1418,627,1440,3,0
1420,627,1442,3,0
1424,627,1446,3,0
1414,628,1392,0,3
1417,628,1395,0,3
1420,628,1442,3,0
1424,628,1446,3,0
1414,629,1392,0,3
1424,629,1446,3,0
1414,630,1392,0,3
1424,630,1446,3,0
1414,631,1392,0,3
1424,631,1446,3,0
1424,632,1446,3,0
1424,633,1446,3,0
1425,633,1403,0,3
1412,634,1390,0,3
1424,634,1446,3,0
1425,634,1403,0,3
1426,634,1448,3,0
1412,635,1390,0,3
1424,635,1446,3,0
1425,635,1403,0,3
1426,635,1448,3,0
1427,635,1405,0,3
1412,636,1390,0,3
1424,636,1446,3,0
1425,636,1403,0,3
1426,636,1448,3,0
1427,636,1405,0,3
1409,637,1387,0,3
1412,637,1390,0,3
1424,637,1446,3,0
1425,637,1403,0,3
1426,637,1448,3,0
1427,637,1405,0,3
1431,638,1409,0,3
1434,638,1412,0,3
1435,638,1457,3,0
1446,638,1468,3,0
1447,638,1425,0,3
1448,638,1470,3,0
1450,638,1472,3,0
1431,639,1409,0,3
1434,639,1412,0,3
1435,639,1457,3,0
1446,639,1468,3,0
1447,639,1425,0,3
1448,639,1470,3,0
1450,639,1472,3,0
1434,640,1412,0,3
1435,640,1457,3,0
1446,640,1468,3,0
1447,640,1425,0,3
1448,640,1470,3,0
1434,641,1412,0,3
1435,641,1457,3,0
1446,641,1468,3,0
1447,641,1425,0,3
1448,641,1470,3,0
1434,642,1412,0,3
1435,642,1457,3,0
1446,642,1468,3,0
1447,642,1425,0,3
1435,643,1457,3,0
1446,643,1468,3,0
1435,644,1457,3,0
1436,644,1414,0,3
1446,644,1468,3,0
1435,645,1457,3,0
1436,645,1414,0,3
1437,645,1459,3,0
1446,645,1468,3,0
1435,646,1457,3,0
1436,646,1414,0,3
1437,646,1459,3,0
1446,646,1468,3,0
1435,647,1457,3,0
1436,647,1414,0,3
1437,647,1459,3,0
1439,647,1417,0,3
1446,647,1468,3,0
1435,648,1457,3,0
1436,648,1414,0,3
1437,648,1459,3,0
1439,648,1417,0,3
1440,648,1462,3,0
1442,648,1464,3,0
1446,648,1468,3,0
1435,649,1457,3,0
1436,649,1414,0,3
1437,649,1459,3,0
1439,649,1417,0,3
1440,649,1462,3,0
1442,649,1464,3,0
1446,649,1468,3,0
1435,650,1457,3,0
1436,650,1414,0,3
1437,650,1459,3,0
1439,650,1417,0,3
1442,650,1464,3,0
1446,650,1468,3,0
1435,651,1457,3,0
1436,651,1414,0,3
1437,651,1459,3,0
1446,651,1468,3,0
1435,652,1457,3,0
1436,652,1414,0,3
1437,652,1459,3,0
1446,652,1468,3,0
1435,653,1457,3,0
1436,653,1414,0,3
1446,653,1468,3,0
1446,654,1468,3,0
1435,655,1457,3,0
1446,655,1468,3,0
1447,655,1425,0,3
1434,656,1412,0,3
1435,656,1457,3,0
1446,656,1468,3,0
1447,656,1425,0,3
1448,656,1470,3,0
1434,657,1412,0,3
1435,657,1457,3,0
1446,657,1468,3,0
1447,657,1425,0,3
1448,657,1470,3,0
1434,658,1412,0,3
1435,658,1457,3,0
1446,658,1468,3,0
1447,658,1425,0,3
1448,658,1470,3,0
1450,658,1472,3,0
1431,659,1409,0,3
1434,659,1412,0,3
1435,659,1457,3,0
1446,659,1468,3,0
1447,659,1425,0,3
1448,659,1470,3,0
1450,659,1472,3,0
1452,660,1430,0,2
1456,660,1434,0,3
1468,660,1490,3,0
1469,660,1447,0,3
1470,660,1492,3,0
1472,660,1494,3,0
1456,661,1434,0,3
1468,661,1490,3,0
1469,661,1447,0,3
1470,661,1492,3,0
1472,661,1494,3,0
1456,662,1434,0,3
1468,662,1490,3,0
1469,662,1447,0,3
1470,662,1492,3,0
1456,663,1434,0,3
1468,663,1490,3,0
1469,663,1447,0,3
1470,663,1492,3,0
1456,664,1434,0,3
1468,664,1490,3,0
1469,664,1447,0,3
1468,665,1490,3,0
1458,666,1436,0,3
1468,666,1490,3,0
1458,667,1436,0,3
1468,667,1490,3,0
1458,668,1436,0,3
1468,668,1490,3,0
1458,669,1436,0,3
1461,669,1439,0,3
1468,669,1490,3,0
1458,670,1436,0,3
1461,670,1439,0,3
1462,670,1484,3,0
1464,670,1486,3,0
1468,670,1490,3,0
1458,671,1436,0,3
1461,671,1439,0,3
1462,671,1484,3,0
1463,671,1485,3,0
1464,671,1486,3,0
1468,671,1490,3,0
1458,672,1436,0,3
1461,672,1439,0,3
1464,672,1486,3,0
1468,672,1490,3,0
1458,673,1436,0,3
1468,673,1490,3,0
1458,674,1436,0,3
1468,674,1490,3,0
1458,675,1436,0,3
1468,675,1490,3,0
1468,676,1490,3,0
1468,677,1490,3,0
1469,677,1447,0,3
1456,678,1434,0,3
1468,678,1490,3,0
1469,678,1447,0,3
1470,678,1492,3,0
1456,679,1434,0,3
1468,679,1490,3,0
1469,679,1447,0,3
1470,679,1492,3,0
1456,680,1434,0,3
1468,680,1490,3,0
1469,680,1447,0,3
1470,680,1492,3,0
1472,680,1494,3,0
1456,681,1434,0,3
1468,681,1490,3,0
1469,681,1447,0,3
1470,681,1492,3,0
1472,681,1494,3,0
1478,682,1456,0,3
1479,682,1457,0,3
1490,682,1512,3,0
1491,682,1469,0,3
1492,682,1514,3,0
1494,682,1516,3,0
1478,683,1456,0,3
1479,683,1457,0,3
1490,683,1512,3,0
1491,683,1469,0,3
1492,683,1514,3,0
1494,683,1516,3,0
1478,684,1456,0,3
1479,684,1457,0,3
1490,684,1512,3,0
1491,684,1469,0,3
1492,684,1514,3,0
1478,685,1456,0,3
1479,685,1457,0,3
1490,685,1512,3,0
1491,685,1469,0,3
1492,685,1514,3,0
1478,686,1456,0,3
1479,686,1457,0,3
1490,686,1512,3,0
1491,686,1469,0,3
1479,687,1457,0,3
1490,687,1512,3,0
1479,688,1457,0,3
1480,688,1458,0,3
1490,688,1512,3,0
1479,689,1457,0,3
1480,689,1458,0,3
1490,689,1512,3,0
1479,690,1457,0,3
1480,690,1458,0,3
1490,690,1512,3,0
1479,691,1457,0,3
1480,691,1458,0,3
1483,691,1461,0,3
1490,691,1512,3,0
1479,692,1457,0,3
1480,692,1458,0,3
1483,692,1461,0,3
1484,692,1506,3,0
1486,692,1508,3,0
1490,692,1512,3,0
1479,693,1457,0,3
1480,693,1458,0,3
1483,693,1461,0,3
1484,693,1506,3,0
1485,693,1507,3,0
1486,693,1508,3,0
1490,693,1512,3,0
1479,694,1457,0,3
1480,694,1458,0,3
1483,694,1461,0,3
1486,694,1508,3,0
1490,694,1512,3,0
1479,695,1457,0,3
1480,695,1458,0,3
1490,695,1512,3,0
1479,696,1457,0,3
1480,696,1458,0,3
1490,696,1512,3,0
1479,697,1457,0,3
1480,697,1458,0,3
1490,697,1512,3,0
1490,698,1512,3,0
1479,699,1457,0,3
1490,699,1512,3,0
1491,699,1469,0,3
1478,700,1456,0,3
1479,700,1457,0,3
1490,700,1512,3,0
1491,700,1469,0,3
1492,700,1514,3,0
1478,701,1456,0,3
1479,701,1457,0,3
1490,701,1512,3,0
1491,701,1469,0,3
1492,701,1514,3,0
1478,702,1456,0,3
1479,702,1457,0,3
1490,702,1512,3,0
1491,702,1469,0,3
1492,702,1514,3,0
1494,702,1516,3,0
1478,703,1456,0,3
1479,703,1457,0,3
1490,703,1512,3,0
1491,703,1469,0,3
1492,703,1514,3,0
1494,703,1516,3,0
1497,704,1519,3,0
1500,704,1478,0,3
1512,704,1534,3,0
1513,704,1491,0,3
1514,704,1536,3,0
1516,704,1538,3,0
1497,705,1519,3,0
1500,705,1478,0,3
1512,705,1534,3,0
1513,705,1491,0,3
1514,705,1536,3,0
1516,705,1538,3,0
1500,706,1478,0,3
1512,706,1534,3,0
1513,706,1491,0,3
1514,706,1536,3,0
1500,707,1478,0,3
1512,707,1534,3,0
1513,707,1491,0,3
1514,707,1536,3,0
1500,708,1478,0,3
1512,708,1534,3,0
1513,708,1491,0,3
1512,709,1534,3,0
1512,710,1534,3,0
1512,711,1534,3,0
1504,712,1526,3,0
1512,712,1534,3,0
1504,713,1526,3,0
1505,713,1483,0,3
1512,713,1534,3,0
1504,714,1526,3,0
1505,714,1483,0,3
1506,714,1484,0,3
1508,714,1530,3,0
1512,714,1534,3,0
1504,715,1526,3,0
1505,715,1483,0,3
1506,715,1484,0,3
1507,715,1529,3,0
1508,715,1530,3,0
1512,715,1534,3,0
1504,716,1526,3,0
1505,716,1483,0,3
1508,716,1530,3,0
1512,716,1534,3,0
1504,717,1526,3,0
1512,717,1534,3,0
1512,718,1534,3,0
1512,719,1534,3,0
1512,720,1534,3,0
1512,721,1534,3,0
1513,721,1491,0,3
1500,722,1478,0,3
1512,722,1534,3,0
1513,722,1491,0,3
1514,722,1536,3,0
1500,723,1478,0,3
1512,723,1534,3,0
1513,723,1491,0,3
1514,723,1536,3,0
1500,724,1478,0,3
1512,724,1534,3,0
1513,724,1491,0,3
1514,724,1536,3,0
1516,724,1538,3,0
1497,725,1519,3,0
1500,725,1478,0,3
1512,725,1534,3,0
1513,725,1491,0,3
1514,725,1536,3,0
1516,725,1538,3,0
1518,726,1496,0,2
1519,726,1541,3,0
1520,726,1498,0,3
1534,726,1556,3,0
1537,726,1515,0,3
1519,727,1541,3,0
1520,727,1498,0,3
1534,727,1556,3,0
1537,727,1515,0,3
1520,728,1498,0,3
1534,728,1556,3,0
1537,728,1515,0,3
1534,729,1556,3,0
1534,730,1556,3,0
1534,731,1556,3,0
1524,732,1502,0,3
1534,732,1556,3,0
1524,733,1502,0,3
1534,733,1556,3,0
1524,734,1502,0,3
1532,734,1554,3,0
1534,734,1556,3,0
1524,735,1502,0,3
1527,735,1505,0,3
1532,735,1554,3,0
1534,735,1556,3,0
1524,736,1502,0,3
1527,736,1505,0,3
1532,736,1554,3,0
1534,736,1556,3,0
1524,737,1502,0,3
1527,737,1505,0,3
1529,737,1551,3,0
1532,737,1554,3,0
1534,737,1556,3,0
1524,738,1502,0,3
1527,738,1505,0,3
1532,738,1554,3,0
1534,738,1556,3,0
1524,739,1502,0,3
1532,739,1554,3,0
1534,739,1556,3,0
1524,740,1502,0,3
1532,740,1554,3,0
1534,740,1556,3,0
1524,741,1502,0,3
1534,741,1556,3,0
1534,742,1556,3,0
1534,743,1556,3,0
1534,744,1556,3,0
1534,745,1556,3,0
1537,745,1515,0,3
1520,746,1498,0,3
1534,746,1556,3,0
1537,746,1515,0,3
1519,747,1541,3,0
1520,747,1498,0,3
1534,747,1556,3,0
1537,747,1515,0,3
1542,748,1520,0,3
1556,748,1578,3,0
1559,748,1537,0,3
1561,748,1583,3,0
1542,749,1520,0,3
1556,749,1578,3,0
1559,749,1537,0,3
1542,750,1520,0,3
1556,750,1578,3,0
1559,750,1537,0,3
1556,751,1578,3,0
1556,752,1578,3,0
1556,753,1578,3,0
1546,754,1524,0,3
1556,754,1578,3,0
1546,755,1524,0,3
1547,755,1525,0,3
1556,755,1578,3,0
1546,756,1524,0,3
1547,756,1525,0,3
1554,756,1576,3,0
1556,756,1578,3,0
1546,757,1524,0,3
1547,757,1525,0,3
1549,757,1527,0,3
1554,757,1576,3,0
1556,757,1578,3,0
1546,758,1524,0,3
1547,758,1525,0,3
1549,758,1527,0,3
1554,758,1576,3,0
1556,758,1578,3,0
1546,759,1524,0,3
1547,759,1525,0,3
1549,759,1527,0,3
1551,759,1573,3,0
1554,759,1576,3,0
1556,759,1578,3,0
1546,760,1524,0,3
1547,760,1525,0,3
1549,760,1527,0,3
1554,760,1576,3,0
1556,760,1578,3,0
1546,761,1524,0,3
1547,761,1525,0,3
1554,761,1576,3,0
1556,761,1578,3,0
1546,762,1524,0,3
1547,762,1525,0,3
1554,762,1576,3,0
1556,762,1578,3,0
1546,763,1524,0,3
1556,763,1578,3,0
1556,764,1578,3,0
1556,765,1578,3,0
1556,766,1578,3,0
1556,767,1578,3,0
1559,767,1537,0,3
1542,768,1520,0,3
1556,768,1578,3,0
1559,768,1537,0,3
1542,769,1520,0,3
1556,769,1578,3,0
1559,769,1537,0,3
1561,769,1583,3,0
1563,770,1,3,3
1564,770,1542,0,3
1567,770,1545,0,3
1578,770,16,3,3
1579,770,1557,0,3
1581,770,1559,0,3
1582,770,1560,0,3
1583,770,21,3,3
1563,771,1,3,3
1564,771,1542,0,3
1567,771,1545,0,3
1578,771,16,3,3
1579,771,1557,0,3
1581,771,1559,0,3
1582,771,1560,0,3
1564,772,1542,0,3
1567,772,1545,0,3
1578,772,16,3,3
1579,772,1557,0,3
1581,772,1559,0,3
1567,773,1545,0,3
1578,773,16,3,3
1579,773,1557,0,3
1567,774,1545,0,3
1578,774,16,3,3
1579,774,1557,0,3
1567,775,1545,0,3
1578,775,16,3,3
1567,776,1545,0,3
1568,776,1546,0,3
1578,776,16,3,3
1567,777,1545,0,3
1568,777,1546,0,3
1578,777,16,3,3
1567,778,1545,0,3
1568,778,1546,0,3
1570,778,8,3,3
1576,778,14,3,3
1578,778,16,3,3
1567,779,1545,0,3
1568,779,1546,0,3
1570,779,8,3,3
1571,779,1549,0,3
1576,779,14,3,3
1578,779,16,3,3
1567,780,1545,0,3
1568,780,1546,0,3
1570,780,8,3,3
1571,780,1549,0,3
1574,780,12,3,3
1576,780,14,3,3
1578,780,16,3,3
1567,781,1545,0,3
1568,781,1546,0,3
1570,781,8,3,3
1571,781,1549,0,3
1573,781,11,3,3
1574,781,12,3,3
1576,781,14,3,3
1578,781,16,3,3
1567,782,1545,0,3
1568,782,1546,0,3
1570,782,8,3,3
1571,782,1549,0,3
1574,782,12,3,3
1576,782,14,3,3
1578,782,16,3,3
1567,783,1545,0,3
1568,783,1546,0,3
1570,783,8,3,3
1576,783,14,3,3
1578,783,16,3,3
1567,784,1545,0,3
1568,784,1546,0,3
1576,784,14,3,3
1578,784,16,3,3
1567,785,1545,0,3
1568,785,1546,0,3
1578,785,16,3,3
1578,786,16,3,3
1567,787,1545,0,3
1578,787,16,3,3
1579,787,1557,0,3
1567,788,1545,0,3
1578,788,16,3,3
1579,788,1557,0,3
1567,789,1545,0,3
1578,789,16,3,3
1579,789,1557,0,3
1581,789,1559,0,3
1564,790,1542,0,3
1567,790,1545,0,3
1578,790,16,3,3
1579,790,1557,0,3
1581,790,1559,0,3
1582,790,1560,0,3
1563,791,1,3,3
1564,791,1542,0,3
1567,791,1545,0,3
1578,791,16,3,3
1579,791,1557,0,3
1581,791,1559,0,3
1582,791,1560,0,3
1583,791,21,3,3
2,792,1564,3,3
5,792,1567,3,3
16,792,38,2,0
17,792,1579,3,3
19,792,1581,3,3
20,792,1582,3,3
21,792,43,2,0
2,793,1564,3,3
5,793,1567,3,3
16,793,38,2,0
17,793,1579,3,3
19,793,1581,3,3
20,793,1582,3,3
2,794,1564,3,3
5,794,1567,3,3
16,794,38,2,0
17,794,1579,3,3
19,794,1581,3,3
5,795,1567,3,3
16,795,38,2,0
17,795,1579,3,3
5,796,1567,3,3
16,796,38,2,0
17,796,1579,3,3
5,797,1567,3,3
16,797,38,2,0
5,798,1567,3,3
6,798,1568,3,3
16,798,38,2,0
5,799,1567,3,3
6,799,1568,3,3
7,799,1569,3,3
16,799,38,2,0
5,800,1567,3,3
6,800,1568,3,3
7,800,1569,3,3
8,800,30,2,0
16,800,38,2,0
5,801,1567,3,3
6,801,1568,3,3
7,801,1569,3,3
8,801,30,2,0
9,801,1571,3,3
16,801,38,2,0
5,802,1567,3,3
6,802,1568,3,3
7,802,1569,3,3
8,802,30,2,0
9,802,1571,3,3
12,802,34,2,0
16,802,38,2,0
5,803,1567,3,3
6,803,1568,3,3
7,803,1569,3,3
8,803,30,2,0
9,803,1571,3,3
11,803,33,2,0
12,803,34,2,0
16,803,38,2,0
5,804,1567,3,3
6,804,1568,3,3
7,804,1569,3,3
8,804,30,2,0
9,804,1571,3,3
12,804,34,2,0
16,804,38,2,0
5,805,1567,3,3
6,805,1568,3,3
7,805,1569,3,3
8,805,30,2,0
16,805,38,2,0
5,806,1567,3,3
6,806,1568,3,3
7,806,1569,3,3
16,806,38,2,0
5,807,1567,3,3
6,807,1568,3,3
16,807,38,2,0
16,808,38,2,0
5,809,1567,3,3
16,809,38,2,0
17,809,1579,3,3
5,810,1567,3,3
16,810,38,2,0
17,810,1579,3,3
5,811,1567,3,3
16,811,38,2,0
17,811,1579,3,3
19,811,1581,3,3
2,812,1564,3,3
5,812,1567,3,3
16,812,38,2,0
17,812,1579,3,3
19,812,1581,3,3
20,812,1582,3,3
2,813,1564,3,3
5,813,1567,3,3
16,813,38,2,0
17,813,1579,3,3
19,813,1581,3,3
20,813,1582,3,3
21,813,43,2,0
23,814,1,0,2
24,814,2,0,2
25,814,47,3,0
27,814,5,0,2
38,814,60,3,0
39,814,17,0,2
41,814,19,0,2
42,814,20,0,2
43,814,65,3,0
23,815,1,0,2
24,815,2,0,2
25,815,47,3,0
27,815,5,0,2
38,815,60,3,0
39,815,17,0,2
41,815,19,0,2
42,815,20,0,2
24,816,2,0,2
25,816,47,3,0
27,816,5,0,2
38,816,60,3,0
39,816,17,0,2
41,816,19,0,2
25,817,47,3,0
27,817,5,0,2
38,817,60,3,0
39,817,17,0,2
27,818,5,0,2
38,818,60,3,0
39,818,17,0,2
27,819,5,0,2
38,819,60,3,0
27,820,5,0,2
28,820,6,0,2
38,820,60,3,0
27,821,5,0,2
28,821,6,0,2
29,821,7,0,2
38,821,60,3,0
27,822,5,0,2
28,822,6,0,2
29,822,7,0,2
38,822,60,3,0
27,823,5,0,2
28,823,6,0,2
29,823,7,0,2
31,823,9,0,2
38,823,60,3,0
27,824,5,0,2
28,824,6,0,2
29,824,7,0,2
31,824,9,0,2
34,824,56,3,0
38,824,60,3,0
27,825,5,0,2
28,825,6,0,2
29,825,7,0,2
31,825,9,0,2
33,825,55,3,0
34,825,56,3,0
38,825,60,3,0
27,826,5,0,2
28,826,6,0,2
29,826,7,0,2
31,826,9,0,2
34,826,56,3,0
38,826,60,3,0
27,827,5,0,2
28,827,6,0,2
29,827,7,0,2
38,827,60,3,0
27,828,5,0,2
28,828,6,0,2
29,828,7,0,2
38,828,60,3,0
27,829,5,0,2
28,829,6,0,2
38,829,60,3,0
38,830,60,3,0
27,831,5,0,2
38,831,60,3,0
39,831,17,0,2
27,832,5,0,2
38,832,60,3,0
39,832,17,0,2
25,833,47,3,0
27,833,5,0,2
38,833,60,3,0
39,833,17,0,2
41,833,19,0,2
24,834,2,0,2
25,834,47,3,0
27,834,5,0,2
38,834,60,3,0
39,834,17,0,2
41,834,19,0,2
42,834,20,0,2
23,835,1,0,2
24,835,2,0,2
25,835,47,3,0
27,835,5,0,2
38,835,60,3,0
39,835,17,0,2
41,835,19,0,2
42,835,20,0,2
43,835,65,3,0
46,836,24,0,3
47,836,69,3,0
60,836,82,3,0
61,836,39,0,3
63,836,41,0,3
64,836,42,0,3
46,837,24,0,3
47,837,69,3,0
60,837,82,3,0
61,837,39,0,3
63,837,41,0,3
64,837,42,0,3
46,838,24,0,3
47,838,69,3,0
60,838,82,3,0
61,838,39,0,3
63,838,41,0,3
47,839,69,3,0
60,839,82,3,0
61,839,39,0,3
60,840,82,3,0
61,840,39,0,3
60,841,82,3,0
50,842,28,0,3
60,842,82,3,0
50,843,28,0,3
51,843,29,0,3
60,843,82,3,0
50,844,28,0,3
51,844,29,0,3
60,844,82,3,0
50,845,28,0,3
51,845,29,0,3
53,845,31,0,3
60,845,82,3,0
50,846,28,0,3
51,846,29,0,3
53,846,31,0,3
56,846,78,3,0
60,846,82,3,0
50,847,28,0,3
51,847,29,0,3
53,847,31,0,3
55,847,77,3,0
56,847,78,3,0
60,847,82,3,0
50,848,28,0,3
51,848,29,0,3
53,848,31,0,3
56,848,78,3,0
60,848,82,3,0
50,849,28,0,3
51,849,29,0,3
60,849,82,3,0
50,850,28,0,3
51,850,29,0,3
60,850,82,3,0
50,851,28,0,3
60,851,82,3,0
60,852,82,3,0
60,853,82,3,0
61,853,39,0,3
60,854,82,3,0
61,854,39,0,3
47,855,69,3,0
60,855,82,3,0
61,855,39,0,3
63,855,41,0,3
46,856,24,0,3
47,856,69,3,0
60,856,82,3,0
61,856,39,0,3
63,856,41,0,3
64,856,42,0,3
46,857,24,0,3
47,857,69,3,0
60,857,82,3,0
61,857,39,0,3
63,857,41,0,3
64,857,42,0,3
67,858,45,0,3
68,858,46,0,3
70,858,92,3,0
82,858,104,3,0
83,858,61,0,3
84,858,62,0,3
85,858,63,0,3
86,858,64,0,3
67,859,45,0,3
68,859,46,0,3
70,859,92,3,0
82,859,104,3,0
83,859,61,0,3
84,859,62,0,3
85,859,63,0,3
86,859,64,0,3
68,860,46,0,3
70,860,92,3,0
82,860,104,3,0
83,860,61,0,3
84,860,62,0,3
85,860,63,0,3
70,861,92,3,0
82,861,104,3,0
83,861,61,0,3
84,861,62,0,3
70,862,92,3,0
82,862,104,3,0
83,862,61,0,3
82,863,104,3,0
72,864,50,0,3
82,864,104,3,0
72,865,50,0,3
73,865,51,0,3
82,865,104,3,0
72,866,50,0,3
73,866,51,0,3
74,866,96,3,0
82,866,104,3,0
72,867,50,0,3
73,867,51,0,3
74,867,96,3,0
75,867,53,0,3
79,867,101,3,0
82,867,104,3,0
72,868,50,0,3
73,868,51,0,3
74,868,96,3,0
75,868,53,0,3
78,868,100,3,0
79,868,101,3,0
82,868,104,3,0
72,869,50,0,3
73,869,51,0,3
74,869,96,3,0
75,869,53,0,3
77,869,99,3,0
78,869,100,3,0
79,869,101,3,0
82,869,104,3,0
72,870,50,0,3
73,870,51,0,3
74,870,96,3,0
75,870,53,0,3
78,870,100,3,0
79,870,101,3,0
82,870,104,3,0
72,871,50,0,3
73,871,51,0,3
74,871,96,3,0
79,871,101,3,0
82,871,104,3,0
72,872,50,0,3
73,872,51,0,3
82,872,104,3,0
72,873,50,0,3
82,873,104,3,0
82,874,104,3,0
82,875,104,3,0
83,875,61,0,3
70,876,92,3,0
82,876,104,3,0
83,876,61,0,3
84,876,62,0,3
70,877,92,3,0
82,877,104,3,0
83,877,61,0,3
84,877,62,0,3
85,877,63,0,3
68,878,46,0,3
70,878,92,3,0
82,878,104,3,0
83,878,61,0,3
84,878,62,0,3
85,878,63,0,3
86,878,64,0,3
67,879,45,0,3
68,879,46,0,3
70,879,92,3,0
82,879,104,3,0
83,879,61,0,3
84,879,62,0,3
85,879,63,0,3
86,879,64,0,3
90,880,68,0,3
91,880,113,3,0
92,880,114,3,0
104,880,126,3,0
105,880,83,0,3
106,880,84,0,3
107,880,85,0,3
109,880,131,3,0
90,881,68,0,3
91,881,113,3,0
92,881,114,3,0
104,881,126,3,0
105,881,83,0,3
106,881,84,0,3
107,881,85,0,3
90,882,68,0,3
91,882,113,3,0
92,882,114,3,0
104,882,126,3,0
105,882,83,0,3
106,882,84,0,3
107,882,85,0,3
91,883,113,3,0
92,883,114,3,0
104,883,126,3,0
105,883,83,0,3
106,883,84,0,3
92,884,114,3,0
104,884,126,3,0
105,884,83,0,3
104,885,126,3,0
94,886,72,0,3
104,886,126,3,0
94,887,72,0,3
95,887,73,0,3
103,887,81,0,3
104,887,126,3,0
94,888,72,0,3
95,888,73,0,3
96,888,118,3,0
102,888,124,3,0
103,888,81,0,3
104,888,126,3,0
94,889,72,0,3
95,889,73,0,3
96,889,118,3,0
97,889,75,0,3
101,889,123,3,0
102,889,124,3,0
103,889,81,0,3
104,889,126,3,0
94,890,72,0,3
95,890,73,0,3
96,890,118,3,0
97,890,75,0,3
100,890,122,3,0
101,890,123,3,0
102,890,124,3,0
103,890,81,0,3
104,890,126,3,0
94,891,72,0,3
95,891,73,0,3
96,891,118,3,0
97,891,75,0,3
100,891,122,3,0
101,891,123,3,0
102,891,124,3,0
103,891,81,0,3
104,891,126,3,0
94,892,72,0,3
95,892,73,0,3
96,892,118,3,0
97,892,75,0,3
100,892,122,3,0
101,892,123,3,0
102,892,124,3,0
103,892,81,0,3
104,892,126,3,0
94,893,72,0,3
95,893,73,0,3
96,893,118,3,0
101,893,123,3,0
102,893,124,3,0
103,893,81,0,3
104,893,126,3,0
94,894,72,0,3
95,894,73,0,3
102,894,124,3,0
103,894,81,0,3
104,894,126,3,0
94,895,72,0,3
103,895,81,0,3
104,895,126,3,0
104,896,126,3,0
104,897,126,3,0
105,897,83,0,3
92,898,114,3,0
104,898,126,3,0
105,898,83,0,3
106,898,84,0,3
91,899,113,3,0
92,899,114,3,0
104,899,126,3,0
105,899,83,0,3
106,899,84,0,3
107,899,85,0,3
90,900,68,0,3
91,900,113,3,0
92,900,114,3,0
104,900,126,3,0
105,900,83,0,3
106,900,84,0,3
107,900,85,0,3
90,901,68,0,3
91,901,113,3,0
92,901,114,3,0
104,901,126,3,0
105,901,83,0,3
106,901,84,0,3
107,901,85,0,3
109,901,131,3,0
112,902,90,0,3
114,902,136,3,0
126,902,148,3,0
127,902,105,0,3
128,902,106,0,3
129,902,107,0,3
131,902,153,3,0
112,903,90,0,3
114,903,136,3,0
126,903,148,3,0
127,903,105,0,3
128,903,106,0,3
129,903,107,0,3
112,904,90,0,3
114,904,136,3,0
126,904,148,3,0
127,904,105,0,3
128,904,106,0,3
129,904,107,0,3
114,905,136,3,0
126,905,148,3,0
127,905,105,0,3
128,905,106,0,3
114,906,136,3,0
126,906,148,3,0
127,906,105,0,3
126,907,148,3,0
116,908,94,0,3
126,908,148,3,0
116,909,94,0,3
117,909,95,0,3
125,909,103,0,3
126,909,148,3,0
116,910,94,0,3
117,910,95,0,3
118,910,140,3,0
124,910,146,3,0
125,910,103,0,3
126,910,148,3,0
116,911,94,0,3
117,911,95,0,3
118,911,140,3,0
119,911,97,0,3
124,911,146,3,0
125,911,103,0,3
126,911,148,3,0
116,912,94,0,3
117,912,95,0,3
118,912,140,3,0
119,912,97,0,3
122,912,144,3,0
124,912,146,3,0
125,912,103,0,3
126,912,148,3,0
116,913,94,0,3
117,913,95,0,3
118,913,140,3,0
119,913,97,0,3
121,913,143,3,0
122,913,144,3,0
124,913,146,3,0
125,913,103,0,3
126,913,148,3,0
116,914,94,0,3
117,914,95,0,3
118,914,140,3,0
119,914,97,0,3
122,914,144,3,0
124,914,146,3,0
125,914,103,0,3
126,914,148,3,0
116,915,94,0,3
117,915,95,0,3
118,915,140,3,0
124,915,146,3,0
125,915,103,0,3
126,915,148,3,0
116,916,94,0,3
117,916,95,0,3
124,916,146,3,0
125,916,103,0,3
126,916,148,3,0
116,917,94,0,3
125,917,103,0,3
126,917,148,3,0
126,918,148,3,0
126,919,148,3,0
127,919,105,0,3
114,920,136,3,0
126,920,148,3,0
127,920,105,0,3
128,920,106,0,3
114,921,136,3,0
126,921,148,3,0
127,921,105,0,3
128,921,106,0,3
129,921,107,0,3
112,922,90,0,3
114,922,136,3,0
126,922,148,3,0
127,922,105,0,3
128,922,106,0,3
129,922,107,0,3
112,923,90,0,3
114,923,136,3,0
126,923,148,3,0
127,923,105,0,3
128,923,106,0,3
129,923,107,0,3
131,923,153,3,0
134,924,112,0,3
135,924,157,3,0
136,924,158,3,0
148,924,170,3,0
150,924,128,0,3
151,924,129,0,3
153,924,175,3,0
134,925,112,0,3
135,925,157,3,0
136,925,158,3,0
148,925,170,3,0
150,925,128,0,3
151,925,129,0,3
134,926,112,0,3
135,926,157,3,0
136,926,158,3,0
148,926,170,3,0
150,926,128,0,3
151,926,129,0,3
135,927,157,3,0
136,927,158,3,0
148,927,170,3,0
150,927,128,0,3
136,928,158,3,0
148,928,170,3,0
148,929,170,3,0
138,930,116,0,3
148,930,170,3,0
138,931,116,0,3
139,931,117,0,3
147,931,125,0,3
148,931,170,3,0
138,932,116,0,3
139,932,117,0,3
140,932,162,3,0
146,932,168,3,0
147,932,125,0,3
148,932,170,3,0
138,933,116,0,3
139,933,117,0,3
140,933,162,3,0
141,933,119,0,3
146,933,168,3,0
147,933,125,0,3
148,933,170,3,0
138,934,116,0,3
139,934,117,0,3
140,934,162,3,0
141,934,119,0,3
144,934,166,3,0
146,934,168,3,0
147,934,125,0,3
148,934,170,3,0
138,935,116,0,3
139,935,117,0,3
140,935,162,3,0
141,935,119,0,3
143,935,165,3,0
144,935,166,3,0
146,935,168,3,0
147,935,125,0,3
148,935,170,3,0
138,936,116,0,3
139,936,117,0,3
140,936,162,3,0
141,936,119,0,3
144,936,166,3,0
146,936,168,3,0
147,936,125,0,3
148,936,170,3,0
138,937,116,0,3
139,937,117,0,3
140,937,162,3,0
146,937,168,3,0
147,937,125,0,3
148,937,170,3,0
138,938,116,0,3
139,938,117,0,3
146,938,168,3,0
147,938,125,0,3
148,938,170,3,0
138,939,116,0,3
147,939,125,0,3
148,939,170,3,0
148,940,170,3,0
148,941,170,3,0
136,942,158,3,0
148,942,170,3,0
150,942,128,0,3
135,943,157,3,0
136,943,158,3,0
148,943,170,3,0
150,943,128,0,3
151,943,129,0,3
134,944,112,0,3
135,944,157,3,0
136,944,158,3,0
148,944,170,3,0
150,944,128,0,3
151,944,129,0,3
134,945,112,0,3
135,945,157,3,0
136,945,158,3,0
148,945,170,3,0
150,945,128,0,3
151,945,129,0,3
153,945,175,3,0
154,946,132,0,2
156,946,134,0,3
158,946,180,3,0
172,946,150,0,3
175,946,197,3,0
156,947,134,0,3
158,947,180,3,0
172,947,150,0,3
156,948,134,0,3
158,948,180,3,0
172,948,150,0,3
158,949,180,3,0
172,949,150,0,3
158,950,180,3,0
160,952,138,0,3
160,953,138,0,3
161,953,139,0,3
169,953,147,0,3
160,954,138,0,3
161,954,139,0,3
162,954,184,3,0
168,954,190,3,0
169,954,147,0,3
160,955,138,0,3
161,955,139,0,3
162,955,184,3,0
163,955,141,0,3
168,955,190,3,0
169,955,147,0,3
160,956,138,0,3
161,956,139,0,3
162,956,184,3,0
163,956,141,0,3
166,956,188,3,0
168,956,190,3,0
169,956,147,0,3
160,957,138,0,3
161,957,139,0,3
162,957,184,3,0
163,957,141,0,3
165,957,187,3,0
166,957,188,3,0
168,957,190,3,0
169,957,147,0,3
160,958,138,0,3
161,958,139,0,3
162,958,184,3,0
163,958,141,0,3
166,958,188,3,0
168,958,190,3,0
169,958,147,0,3
160,959,138,0,3
161,959,139,0,3
162,959,184,3,0
168,959,190,3,0
169,959,147,0,3
160,960,138,0,3
161,960,139,0,3
168,960,190,3,0
169,960,147,0,3
160,961,138,0,3
169,961,147,0,3
158,964,180,3,0
172,964,150,0,3
158,965,180,3,0
172,965,150,0,3
156,966,134,0,3
158,966,180,3,0
172,966,150,0,3
156,967,134,0,3
158,967,180,3,0
172,967,150,0,3
175,967,197,3,0
176,968,154,0,2
178,968,156,0,3
180,968,202,3,0
181,968,159,0,3
192,968,170,0,3
194,968,172,0,3
195,968,217,3,0
197,968,219,3,0
178,969,156,0,3
180,969,202,3,0
181,969,159,0,3
192,969,170,0,3
194,969,172,0,3
195,969,217,3,0
178,970,156,0,3
180,970,202,3,0
181,970,159,0,3
192,970,170,0,3
194,970,172,0,3
195,970,217,3,0
180,971,202,3,0
181,971,159,0,3
192,971,170,0,3
194,971,172,0,3
180,972,202,3,0
181,972,159,0,3
192,972,170,0,3
181,973,159,0,3
192,973,170,0,3
181,974,159,0,3
182,974,160,0,3
192,974,170,0,3
181,975,159,0,3
182,975,160,0,3
183,975,161,0,3
191,975,169,0,3
192,975,170,0,3
181,976,159,0,3
182,976,160,0,3
183,976,161,0,3
184,976,206,3,0
190,976,212,3,0
191,976,169,0,3
192,976,170,0,3
181,977,159,0,3
182,977,160,0,3
183,977,161,0,3
184,977,206,3,0
190,977,212,3,0
191,977,169,0,3
192,977,170,0,3
181,978,159,0,3
182,978,160,0,3
183,978,161,0,3
184,978,206,3,0
188,978,210,3,0
190,978,212,3,0
191,978,169,0,3
192,978,170,0,3
181,979,159,0,3
182,979,160,0,3
183,979,161,0,3
184,979,206,3,0
187,979,209,3,0
188,979,210,3,0
190,979,212,3,0
191,979,169,0,3
192,979,170,0,3
181,980,159,0,3
182,980,160,0,3
183,980,161,0,3
184,980,206,3,0
188,980,210,3,0
190,980,212,3,0
191,980,169,0,3
192,980,170,0,3
181,981,159,0,3
182,981,160,0,3
183,981,161,0,3
184,981,206,3,0
190,981,212,3,0
191,981,169,0,3
192,981,170,0,3
181,982,159,0,3
182,982,160,0,3
183,982,161,0,3
190,982,212,3,0
191,982,169,0,3
192,982,170,0,3
181,983,159,0,3
182,983,160,0,3
191,983,169,0,3
192,983,170,0,3
192,984,170,0,3
181,985,159,0,3
192,985,170,0,3
180,986,202,3,0
181,986,159,0,3
192,986,170,0,3
194,986,172,0,3
180,987,202,3,0
181,987,159,0,3
192,987,170,0,3
194,987,172,0,3
195,987,217,3,0
178,988,156,0,3
180,988,202,3,0
181,988,159,0,3
192,988,170,0,3
194,988,172,0,3
195,988,217,3,0
178,989,156,0,3
180,989,202,3,0
181,989,159,0,3
192,989,170,0,3
194,989,172,0,3
195,989,217,3,0
197,989,219,3,0
200,990,178,0,3
202,990,224,3,0
203,990,181,0,3
216,990,194,0,3
217,990,239,3,0
219,990,241,3,0
200,991,178,0,3
202,991,224,3,0
203,991,181,0,3
216,991,194,0,3
217,991,239,3,0
200,992,178,0,3
202,992,224,3,0
203,992,181,0,3
216,992,194,0,3
217,992,239,3,0
202,993,224,3,0
203,993,181,0,3
216,993,194,0,3
202,994,224,3,0
203,994,181,0,3
203,995,181,0,3
203,996,181,0,3
204,996,182,0,3
203,997,181,0,3
204,997,182,0,3
205,997,183,0,3
213,997,191,0,3
203,998,181,0,3
204,998,182,0,3
205,998,183,0,3
206,998,228,3,0
212,998,234,3,0
213,998,191,0,3
203,999,181,0,3
204,999,182,0,3
205,999,183,0,3
206,999,228,3,0
207,999,185,0,3
212,999,234,3,0
213,999,191,0,3
203,1000,181,0,3
204,1000,182,0,3
205,1000,183,0,3
206,1000,228,3,0
207,1000,185,0,3
208,1000,186,0,3
210,1000,232,3,0
212,1000,234,3,0
213,1000,191,0,3
203,1001,181,0,3
204,1001,182,0,3
205,1001,183,0,3
206,1001,228,3,0
207,1001,185,0,3
208,1001,186,0,3
209,1001,231,3,0
210,1001,232,3,0
212,1001,234,3,0
213,1001,191,0,3
203,1002,181,0,3
204,1002,182,0,3
205,1002,183,0,3
206,1002,228,3,0
207,1002,185,0,3
210,1002,232,3,0
212,1002,234,3,0
213,1002,191,0,3
203,1003,181,0,3
204,1003,182,0,3
205,1003,183,0,3
206,1003,228,3,0
212,1003,234,3,0
213,1003,191,0,3
203,1004,181,0,3
204,1004,182,0,3
205,1004,183,0,3
212,1004,234,3,0
213,1004,191,0,3
203,1005,181,0,3
204,1005,182,0,3
213,1005,191,0,3
203,1007,181,0,3
202,1008,224,3,0
203,1008,181,0,3
216,1008,194,0,3
202,1009,224,3,0
203,1009,181,0,3
216,1009,194,0,3
217,1009,239,3,0
200,1010,178,0,3
202,1010,224,3,0
203,1010,181,0,3
216,1010,194,0,3
217,1010,239,3,0
200,1011,178,0,3
202,1011,224,3,0
203,1011,181,0,3
216,1011,194,0,3
217,1011,239,3,0
219,1011,241,3,0
222,1012,200,0,3
224,1012,246,3,0
225,1012,203,0,3
238,1012,216,0,3
239,1012,261,3,0
241,1012,263,3,0
222,1013,200,0,3
224,1013,246,3,0
225,1013,203,0,3
238,1013,216,0,3
239,1013,261,3,0
222,1014,200,0,3
224,1014,246,3,0
225,1014,203,0,3
238,1014,216,0,3
239,1014,261,3,0
224,1015,246,3,0
225,1015,203,0,3
238,1015,216,0,3
224,1016,246,3,0
225,1016,203,0,3
225,1017,203,0,3
225,1018,203,0,3
225,1019,203,0,3
227,1019,205,0,3
235,1019,213,0,3
225,1020,203,0,3
227,1020,205,0,3
228,1020,250,3,0
234,1020,256,3,0
235,1020,213,0,3
225,1021,203,0,3
227,1021,205,0,3
228,1021,250,3,0
229,1021,207,0,3
234,1021,256,3,0
235,1021,213,0,3
225,1022,203,0,3
227,1022,205,0,3
228,1022,250,3,0
229,1022,207,0,3
230,1022,208,0,3
232,1022,254,3,0
234,1022,256,3,0
235,1022,213,0,3
225,1023,203,0,3
227,1023,205,0,3
228,1023,250,3,0
229,1023,207,0,3
230,1023,208,0,3
232,1023,254,3,0
234,1023,256,3,0
235,1023,213,0,3
225,1024,203,0,3
227,1024,205,0,3
228,1024,250,3,0
229,1024,207,0,3
232,1024,254,3,0
234,1024,256,3,0
235,1024,213,0,3
225,1025,203,0,3
227,1025,205,0,3
228,1025,250,3,0
234,1025,256,3,0
235,1025,213,0,3
225,1026,203,0,3
227,1026,205,0,3
234,1026,256,3,0
235,1026,213,0,3
225,1027,203,0,3
235,1027,213,0,3
225,1029,203,0,3
224,1030,246,3,0
225,1030,203,0,3
238,1030,216,0,3
224,1031,246,3,0
225,1031,203,0,3
238,1031,216,0,3
239,1031,261,3,0
222,1032,200,0,3
224,1032,246,3,0
225,1032,203,0,3
238,1032,216,0,3
239,1032,261,3,0
222,1033,200,0,3
224,1033,246,3,0
225,1033,203,0,3
238,1033,216,0,3
239,1033,261,3,0
241,1033,263,3,0
243,1034,221,0,3
244,1034,222,0,3
246,1034,268,3,0
260,1034,238,0,3
261,1034,283,3,0
262,1034,240,0,3
263,1034,285,3,0
243,1035,221,0,3
244,1035,222,0,3
246,1035,268,3,0
260,1035,238,0,3
261,1035,283,3,0
262,1035,240,0,3
244,1036,222,0,3
246,1036,268,3,0
260,1036,238,0,3
261,1036,283,3,0
246,1037,268,3,0
260,1037,238,0,3
246,1038,268,3,0
249,1041,227,0,3
257,1041,235,0,3
249,1042,227,0,3
250,1042,272,3,0
256,1042,278,3,0
257,1042,235,0,3
249,1043,227,0,3
250,1043,272,3,0
251,1043,229,0,3
255,1043,277,3,0
256,1043,278,3,0
257,1043,235,0,3
249,1044,227,0,3
250,1044,272,3,0
251,1044,229,0,3
252,1044,230,0,3
255,1044,277,3,0
256,1044,278,3,0
257,1044,235,0,3
249,1045,227,0,3
250,1045,272,3,0
251,1045,229,0,3
252,1045,230,0,3
255,1045,277,3,0
256,1045,278,3,0
257,1045,235,0,3
249,1046,227,0,3
250,1046,272,3,0
251,1046,229,0,3
255,1046,277,3,0
256,1046,278,3,0
257,1046,235,0,3
249,1047,227,0,3
250,1047,272,3,0
255,1047,277,3,0
256,1047,278,3,0
257,1047,235,0,3
249,1048,227,0,3
256,1048,278,3,0
257,1048,235,0,3
257,1049,235,0,3
246,1052,268,3,0
260,1052,238,0,3
246,1053,268,3,0
260,1053,238,0,3
261,1053,283,3,0
244,1054,222,0,3
246,1054,268,3,0
260,1054,238,0,3
261,1054,283,3,0
262,1054,240,0,3
243,1055,221,0,3
244,1055,222,0,3
246,1055,268,3,0
260,1055,238,0,3
261,1055,283,3,0
262,1055,240,0,3
263,1055,285,3,0
265,1056,243,0,3
266,1056,244,0,3
268,1056,290,3,0
282,1056,260,0,3
284,1056,306,3,0
285,1056,307,3,0
265,1057,243,0,3
266,1057,244,0,3
268,1057,290,3,0
282,1057,260,0,3
284,1057,306,3,0
266,1058,244,0,3
268,1058,290,3,0
282,1058,260,0,3
268,1059,290,3,0
282,1059,260,0,3
268,1060,290,3,0
271,1063,249,0,3
271,1064,249,0,3
272,1064,294,3,0
271,1065,249,0,3
272,1065,294,3,0
273,1065,251,0,3
277,1065,299,3,0
271,1066,249,0,3
272,1066,294,3,0
273,1066,251,0,3
274,1066,252,0,3
276,1066,298,3,0
277,1066,299,3,0
271,1067,249,0,3
272,1067,294,3,0
273,1067,251,0,3
274,1067,252,0,3
275,1067,297,3,0
276,1067,298,3,0
277,1067,299,3,0
271,1068,249,0,3
272,1068,294,3,0
273,1068,251,0,3
276,1068,298,3,0
277,1068,299,3,0
271,1069,249,0,3
272,1069,294,3,0
277,1069,299,3,0
271,1070,249,0,3
268,1074,290,3,0
282,1074,260,0,3
268,1075,290,3,0
282,1075,260,0,3
266,1076,244,0,3
268,1076,290,3,0
282,1076,260,0,3
284,1076,306,3,0
265,1077,243,0,3
266,1077,244,0,3
268,1077,290,3,0
282,1077,260,0,3
284,1077,306,3,0
285,1077,307,3,0
288,1078,266,0,3
291,1078,269,0,3
303,1078,325,3,0
304,1078,282,0,3
307,1078,329,3,0
288,1079,266,0,3
291,1079,269,0,3
303,1079,325,3,0
304,1079,282,0,3
288,1080,266,0,3
291,1080,269,0,3
303,1080,325,3,0
304,1080,282,0,3
291,1081,269,0,3
303,1081,325,3,0
304,1081,282,0,3
291,1082,269,0,3
303,1082,325,3,0
291,1083,269,0,3
291,1084,269,0,3
291,1085,269,0,3
293,1085,271,0,3
291,1086,269,0,3
293,1086,271,0,3
294,1086,316,3,0
291,1087,269,0,3
293,1087,271,0,3
294,1087,316,3,0
295,1087,273,0,3
299,1087,321,3,0
291,1088,269,0,3
293,1088,271,0,3
294,1088,316,3,0
295,1088,273,0,3
296,1088,274,0,3
298,1088,320,3,0
299,1088,321,3,0
291,1089,269,0,3
293,1089,271,0,3
294,1089,316,3,0
295,1089,273,0,3
296,1089,274,0,3
297,1089,319,3,0
298,1089,320,3,0
299,1089,321,3,0
291,1090,269,0,3
293,1090,271,0,3
294,1090,316,3,0
295,1090,273,0,3
298,1090,320,3,0
299,1090,321,3,0
291,1091,269,0,3
293,1091,271,0,3
294,1091,316,3,0
299,1091,321,3,0
291,1092,269,0,3
293,1092,271,0,3
291,1093,269,0,3
291,1095,269,0,3
303,1095,325,3,0
291,1096,269,0,3
303,1096,325,3,0
304,1096,282,0,3
291,1097,269,0,3
303,1097,325,3,0
304,1097,282,0,3
288,1098,266,0,3
291,1098,269,0,3
303,1098,325,3,0
304,1098,282,0,3
288,1099,266,0,3
291,1099,269,0,3
303,1099,325,3,0
304,1099,282,0,3
307,1099,329,3,0
310,1100,288,0,3
312,1100,334,3,0
313,1100,291,0,3
325,1100,347,3,0
326,1100,304,0,3
329,1100,351,3,0
310,1101,288,0,3
312,1101,334,3,0
313,1101,291,0,3
325,1101,347,3,0
326,1101,304,0,3
310,1102,288,0,3
312,1102,334,3,0
313,1102,291,0,3
325,1102,347,3,0
326,1102,304,0,3
312,1103,334,3,0
313,1103,291,0,3
325,1103,347,3,0
326,1103,304,0,3
312,1104,334,3,0
313,1104,291,0,3
325,1104,347,3,0
313,1105,291,0,3
313,1106,291,0,3
313,1107,291,0,3
315,1107,293,0,3
313,1108,291,0,3
315,1108,293,0,3
316,1108,338,3,0
313,1109,291,0,3
315,1109,293,0,3
316,1109,338,3,0
321,1109,343,3,0
313,1110,291,0,3
315,1110,293,0,3
316,1110,338,3,0
318,1110,296,0,3
320,1110,342,3,0
321,1110,343,3,0
313,1111,291,0,3
315,1111,293,0,3
316,1111,338,3,0
318,1111,296,0,3
319,1111,341,3,0
320,1111,342,3,0
321,1111,343,3,0
313,1112,291,0,3
315,1112,293,0,3
316,1112,338,3,0
320,1112,342,3,0
321,1112,343,3,0
313,1113,291,0,3
315,1113,293,0,3
316,1113,338,3,0
321,1113,343,3,0
313,1114,291,0,3
315,1114,293,0,3
313,1115,291,0,3
313,1117,291,0,3
325,1117,347,3,0
312,1118,334,3,0
313,1118,291,0,3
325,1118,347,3,0
326,1118,304,0,3
312,1119,334,3,0
313,1119,291,0,3
325,1119,347,3,0
326,1119,304,0,3
310,1120,288,0,3
312,1120,334,3,0
313,1120,291,0,3
325,1120,347,3,0
326,1120,304,0,3
310,1121,288,0,3
312,1121,334,3,0
313,1121,291,0,3
325,1121,347,3,0
326,1121,304,0,3
329,1121,351,3,0
332,1122,310,0,3
335,1122,313,0,3
348,1122,326,0,3
349,1122,371,3,0
332,1123,310,0,3
335,1123,313,0,3
348,1123,326,0,3
349,1123,371,3,0
332,1124,310,0,3
335,1124,313,0,3
348,1124,326,0,3
349,1124,371,3,0
335,1125,313,0,3
348,1125,326,0,3
335,1126,313,0,3
335,1127,313,0,3
335,1128,313,0,3
336,1128,358,3,0
335,1129,313,0,3
336,1129,358,3,0
337,1129,315,0,3
335,1130,313,0,3
336,1130,358,3,0
337,1130,315,0,3
338,1130,360,3,0
335,1131,313,0,3
336,1131,358,3,0
337,1131,315,0,3
338,1131,360,3,0
343,1131,365,3,0
335,1132,313,0,3
336,1132,358,3,0
337,1132,315,0,3
338,1132,360,3,0
340,1132,318,0,3
343,1132,365,3,0
335,1133,313,0,3
336,1133,358,3,0
337,1133,315,0,3
338,1133,360,3,0
340,1133,318,0,3
341,1133,363,3,0
343,1133,365,3,0
335,1134,313,0,3
336,1134,358,3,0
337,1134,315,0,3
338,1134,360,3,0
343,1134,365,3,0
335,1135,313,0,3
336,1135,358,3,0
337,1135,315,0,3
338,1135,360,3,0
343,1135,365,3,0
335,1136,313,0,3
336,1136,358,3,0
337,1136,315,0,3
335,1137,313,0,3
336,1137,358,3,0
335,1139,313,0,3
335,1140,313,0,3
348,1140,326,0,3
335,1141,313,0,3
348,1141,326,0,3
349,1141,371,3,0
332,1142,310,0,3
335,1142,313,0,3
348,1142,326,0,3
349,1142,371,3,0
332,1143,310,0,3
335,1143,313,0,3
348,1143,326,0,3
349,1143,371,3,0
354,1144,332,0,3
357,1144,335,0,3
370,1144,348,0,3
371,1144,393,3,0
354,1145,332,0,3
357,1145,335,0,3
370,1145,348,0,3
371,1145,393,3,0
354,1146,332,0,3
357,1146,335,0,3
370,1146,348,0,3
371,1146,393,3,0
357,1147,335,0,3
370,1147,348,0,3
357,1148,335,0,3
357,1149,335,0,3
357,1150,335,0,3
358,1150,380,3,0
357,1151,335,0,3
358,1151,380,3,0
359,1151,337,0,3
357,1152,335,0,3
358,1152,380,3,0
359,1152,337,0,3
357,1153,335,0,3
358,1153,380,3,0
359,1153,337,0,3
365,1153,387,3,0
357,1154,335,0,3
358,1154,380,3,0
359,1154,337,0,3
362,1154,340,0,3
365,1154,387,3,0
357,1155,335,0,3
358,1155,380,3,0
359,1155,337,0,3
362,1155,340,0,3
363,1155,385,3,0
365,1155,387,3,0
357,1156,335,0,3
358,1156,380,3,0
359,1156,337,0,3
365,1156,387,3,0
357,1157,335,0,3
358,1157,380,3,0
359,1157,337,0,3
365,1157,387,3,0
357,1158,335,0,3
358,1158,380,3,0
359,1158,337,0,3
357,1159,335,0,3
358,1159,380,3,0
357,1161,335,0,3
357,1162,335,0,3
370,1162,348,0,3
357,1163,335,0,3
370,1163,348,0,3
371,1163,393,3,0
354,1164,332,0,3
357,1164,335,0,3
370,1164,348,0,3
371,1164,393,3,0
354,1165,332,0,3
357,1165,335,0,3
370,1165,348,0,3
371,1165,393,3,0
391,1166,413,3,0
392,1166,370,0,3
391,1167,413,3,0
392,1167,370,0,3
391,1168,413,3,0
392,1168,370,0,3
391,1169,413,3,0
392,1169,370,0,3
391,1170,413,3,0
381,1173,359,0,3
381,1174,359,0,3
381,1175,359,0,3
387,1175,409,3,0
381,1176,359,0,3
384,1176,362,0,3
386,1176,408,3,0
387,1176,409,3,0
381,1177,359,0,3
384,1177,362,0,3
385,1177,407,3,0
386,1177,408,3,0
387,1177,409,3,0
381,1178,359,0,3
386,1178,408,3,0
387,1178,409,3,0
381,1179,359,0,3
387,1179,409,3,0
381,1180,359,0,3
391,1183,413,3,0
391,1184,413,3,0
392,1184,370,0,3
391,1185,413,3,0
392,1185,370,0,3
391,1186,413,3,0
392,1186,370,0,3
391,1187,413,3,0
392,1187,370,0,3
398,1188,376,0,3
413,1188,435,3,0
414,1188,392,0,3
415,1188,437,3,0
398,1189,376,0,3
413,1189,435,3,0
414,1189,392,0,3
415,1189,437,3,0
398,1190,376,0,3
413,1190,435,3,0
414,1190,392,0,3
415,1190,437,3,0
413,1191,435,3,0
414,1191,392,0,3
413,1192,435,3,0
402,1194,424,3,0
402,1195,424,3,0
403,1195,381,0,3
402,1196,424,3,0
403,1196,381,0,3
402,1197,424,3,0
403,1197,381,0,3
409,1197,431,3,0
402,1198,424,3,0
403,1198,381,0,3
406,1198,384,0,3
408,1198,430,3,0
409,1198,431,3,0
402,1199,424,3,0
403,1199,381,0,3
406,1199,384,0,3
407,1199,429,3,0
408,1199,430,3,0
409,1199,431,3,0
402,1200,424,3,0
403,1200,381,0,3
408,1200,430,3,0
409,1200,431,3,0
402,1201,424,3,0
403,1201,381,0,3
409,1201,431,3,0
402,1202,424,3,0
403,1202,381,0,3
402,1203,424,3,0
413,1205,435,3,0
413,1206,435,3,0
414,1206,392,0,3
413,1207,435,3,0
414,1207,392,0,3
415,1207,437,3,0
398,1208,376,0,3
413,1208,435,3,0
414,1208,392,0,3
415,1208,437,3,0
398,1209,376,0,3
413,1209,435,3,0
414,1209,392,0,3
415,1209,437,3,0
420,1210,398,0,3
435,1210,457,3,0
436,1210,414,0,3
437,1210,459,3,0
420,1211,398,0,3
435,1211,457,3,0
436,1211,414,0,3
437,1211,459,3,0
420,1212,398,0,3
435,1212,457,3,0
436,1212,414,0,3
437,1212,459,3,0
435,1213,457,3,0
436,1213,414,0,3
435,1214,457,3,0
424,1216,446,3,0
424,1217,446,3,0
425,1217,403,0,3
424,1218,446,3,0
425,1218,403,0,3
424,1219,446,3,0
425,1219,403,0,3
431,1219,453,3,0
424,1220,446,3,0
425,1220,403,0,3
428,1220,406,0,3
430,1220,452,3,0
431,1220,453,3,0
424,1221,446,3,0
425,1221,403,0,3
428,1221,406,0,3
429,1221,451,3,0
430,1221,452,3,0
431,1221,453,3,0
424,1222,446,3,0
425,1222,403,0,3
430,1222,452,3,0
431,1222,453,3,0
424,1223,446,3,0
425,1223,403,0,3
431,1223,453,3,0
424,1224,446,3,0
425,1224,403,0,3
424,1225,446,3,0
435,1227,457,3,0
435,1228,457,3,0
436,1228,414,0,3
435,1229,457,3,0
436,1229,414,0,3
437,1229,459,3,0
420,1230,398,0,3
435,1230,457,3,0
436,1230,414,0,3
437,1230,459,3,0
420,1231,398,0,3
435,1231,457,3,0
436,1231,414,0,3
437,1231,459,3,0
457,1232,479,3,0
458,1232,436,0,3
459,1232,481,3,0
457,1233,479,3,0
458,1233,436,0,3
459,1233,481,3,0
457,1234,479,3,0
458,1234,436,0,3
459,1234,481,3,0
457,1235,479,3,0
458,1235,436,0,3
457,1236,479,3,0
446,1238,468,3,0
446,1239,468,3,0
447,1239,425,0,3
446,1240,468,3,0
447,1240,425,0,3
446,1241,468,3,0
447,1241,425,0,3
453,1241,475,3,0
446,1242,468,3,0
447,1242,425,0,3
450,1242,428,0,3
453,1242,475,3,0
446,1243,468,3,0
447,1243,425,0,3
450,1243,428,0,3
451,1243,473,3,0
453,1243,475,3,0
446,1244,468,3,0
447,1244,425,0,3
453,1244,475,3,0
446,1245,468,3,0
447,1245,425,0,3
453,1245,475,3,0
446,1246,468,3,0
447,1246,425,0,3
446,1247,468,3,0
457,1249,479,3,0
457,1250,479,3,0
458,1250,436,0,3
457,1251,479,3,0
458,1251,436,0,3
459,1251,481,3,0
457,1252,479,3,0
458,1252,436,0,3
459,1252,481,3,0
457,1253,479,3,0
458,1253,436,0,3
459,1253,481,3,0
464,1254,442,0,3
479,1254,501,3,0
480,1254,458,0,3
481,1254,503,3,0
464,1255,442,0,3
479,1255,501,3,0
480,1255,458,0,3
481,1255,503,3,0
464,1256,442,0,3
479,1256,501,3,0
480,1256,458,0,3
481,1256,503,3,0
479,1257,501,3,0
480,1257,458,0,3
479,1258,501,3,0
468,1260,490,3,0
468,1261,490,3,0
469,1261,447,0,3
468,1262,490,3,0
469,1262,447,0,3
468,1263,490,3,0
469,1263,447,0,3
475,1263,497,3,0
468,1264,490,3,0
469,1264,447,0,3
472,1264,450,0,3
475,1264,497,3,0
468,1265,490,3,0
469,1265,447,0,3
472,1265,450,0,3
473,1265,495,3,0
475,1265,497,3,0
468,1266,490,3,0
469,1266,447,0,3
475,1266,497,3,0
468,1267,490,3,0
469,1267,447,0,3
475,1267,497,3,0
468,1268,490,3,0
469,1268,447,0,3
468,1269,490,3,0
479,1271,501,3,0
479,1272,501,3,0
480,1272,458,0,3
479,1273,501,3,0
480,1273,458,0,3
481,1273,503,3,0
464,1274,442,0,3
479,1274,501,3,0
480,1274,458,0,3
481,1274,503,3,0
464,1275,442,0,3
479,1275,501,3,0
480,1275,458,0,3
481,1275,503,3,0
486,1276,464,0,3
501,1276,523,3,0
502,1276,480,0,3
503,1276,525,3,0
486,1277,464,0,3
501,1277,523,3,0
502,1277,480,0,3
503,1277,525,3,0
486,1278,464,0,3
501,1278,523,3,0
502,1278,480,0,3
503,1278,525,3,0
501,1279,523,3,0
502,1279,480,0,3
501,1280,523,3,0
490,1282,512,3,0
490,1283,512,3,0
491,1283,469,0,3
490,1284,512,3,0
491,1284,469,0,3
490,1285,512,3,0
491,1285,469,0,3
493,1285,515,3,0
497,1285,519,3,0
490,1286,512,3,0
491,1286,469,0,3
493,1286,515,3,0
494,1286,472,0,3
497,1286,519,3,0
490,1287,512,3,0
491,1287,469,0,3
493,1287,515,3,0
494,1287,472,0,3
495,1287,517,3,0
497,1287,519,3,0
490,1288,512,3,0
491,1288,469,0,3
493,1288,515,3,0
497,1288,519,3,0
490,1289,512,3,0
491,1289,469,0,3
497,1289,519,3,0
490,1290,512,3,0
491,1290,469,0,3
490,1291,512,3,0
501,1293,523,3,0
501,1294,523,3,0
502,1294,480,0,3
501,1295,523,3,0
502,1295,480,0,3
503,1295,525,3,0
486,1296,464,0,3
501,1296,523,3,0
502,1296,480,0,3
503,1296,525,3,0
486,1297,464,0,3
501,1297,523,3,0
502,1297,480,0,3
503,1297,525,3,0
506,1298,484,0,2
523,1298,545,3,0
524,1298,502,0,3
525,1298,547,3,0
523,1299,545,3,0
524,1299,502,0,3
525,1299,547,3,0
523,1300,545,3,0
524,1300,502,0,3
525,1300,547,3,0
523,1301,545,3,0
524,1301,502,0,3
523,1302,545,3,0
512,1304,534,3,0
512,1305,534,3,0
513,1305,491,0,3
512,1306,534,3,0
513,1306,491,0,3
512,1307,534,3,0
513,1307,491,0,3
519,1307,541,3,0
512,1308,534,3,0
513,1308,491,0,3
516,1308,494,0,3
519,1308,541,3,0
512,1309,534,3,0
513,1309,491,0,3
516,1309,494,0,3
517,1309,539,3,0
519,1309,541,3,0
512,1310,534,3,0
513,1310,491,0,3
519,1310,541,3,0
512,1311,534,3,0
513,1311,491,0,3
519,1311,541,3,0
512,1312,534,3,0
513,1312,491,0,3
512,1313,534,3,0
523,1315,545,3,0
523,1316,545,3,0
524,1316,502,0,3
523,1317,545,3,0
524,1317,502,0,3
525,1317,547,3,0
523,1318,545,3,0
524,1318,502,0,3
525,1318,547,3,0
523,1319,545,3,0
524,1319,502,0,3
525,1319,547,3,0
529,1320,551,3,0
545,1320,567,3,0
546,1320,524,0,3
547,1320,569,3,0
529,1321,551,3,0
545,1321,567,3,0
546,1321,524,0,3
547,1321,569,3,0
545,1322,567,3,0
546,1322,524,0,3
547,1322,569,3,0
545,1323,567,3,0
546,1323,524,0,3
545,1324,567,3,0
534,1326,556,3,0
534,1327,556,3,0
535,1327,513,0,3
534,1328,556,3,0
535,1328,513,0,3
534,1329,556,3,0
535,1329,513,0,3
541,1329,563,3,0
534,1330,556,3,0
535,1330,513,0,3
540,1330,562,3,0
541,1330,563,3,0
534,1331,556,3,0
535,1331,513,0,3
539,1331,561,3,0
540,1331,562,3,0
541,1331,563,3,0
534,1332,556,3,0
535,1332,513,0,3
540,1332,562,3,0
541,1332,563,3,0
534,1333,556,3,0
535,1333,513,0,3
541,1333,563,3,0
534,1334,556,3,0
535,1334,513,0,3
534,1335,556,3,0
545,1337,567,3,0
545,1338,567,3,0
546,1338,524,0,3
545,1339,567,3,0
546,1339,524,0,3
547,1339,569,3,0
545,1340,567,3,0
546,1340,524,0,3
547,1340,569,3,0
529,1341,551,3,0
545,1341,567,3,0
546,1341,524,0,3
547,1341,569,3,0
551,1342,573,3,0
567,1342,589,3,0
568,1342,546,0,3
569,1342,591,3,0
551,1343,573,3,0
567,1343,589,3,0
568,1343,546,0,3
569,1343,591,3,0
567,1344,589,3,0
568,1344,546,0,3
569,1344,591,3,0
567,1345,589,3,0
568,1345,546,0,3
567,1346,589,3,0
557,1349,535,0,3
557,1350,535,0,3
557,1351,535,0,3
563,1351,585,3,0
557,1352,535,0,3
560,1352,538,0,3
563,1352,585,3,0
557,1353,535,0,3
560,1353,538,0,3
561,1353,583,3,0
563,1353,585,3,0
557,1354,535,0,3
563,1354,585,3,0
557,1355,535,0,3
563,1355,585,3,0
557,1356,535,0,3
567,1359,589,3,0
567,1360,589,3,0
568,1360,546,0,3
567,1361,589,3,0
568,1361,546,0,3
569,1361,591,3,0
567,1362,589,3,0
568,1362,546,0,3
569,1362,591,3,0
551,1363,573,3,0
567,1363,589,3,0
568,1363,546,0,3
569,1363,591,3,0
573,1364,595,3,0
576,1364,598,3,0
589,1364,611,3,0
590,1364,568,0,3
591,1364,613,3,0
573,1365,595,3,0
576,1365,598,3,0
589,1365,611,3,0
590,1365,568,0,3
591,1365,613,3,0
576,1366,598,3,0
589,1366,611,3,0
590,1366,568,0,3
591,1366,613,3,0
576,1367,598,3,0
589,1367,611,3,0
590,1367,568,0,3
576,1368,598,3,0
589,1368,611,3,0
579,1371,557,0,3
579,1372,557,0,3
579,1373,557,0,3
581,1373,603,3,0
585,1373,607,3,0
579,1374,557,0,3
581,1374,603,3,0
582,1374,560,0,3
584,1374,562,0,3
585,1374,607,3,0
579,1375,557,0,3
581,1375,603,3,0
582,1375,560,0,3
584,1375,562,0,3
585,1375,607,3,0
579,1376,557,0,3
581,1376,603,3,0
584,1376,562,0,3
585,1376,607,3,0
579,1377,557,0,3
585,1377,607,3,0
579,1378,557,0,3
589,1381,611,3,0
576,1382,598,3,0
589,1382,611,3,0
590,1382,568,0,3
576,1383,598,3,0
589,1383,611,3,0
590,1383,568,0,3
591,1383,613,3,0
576,1384,598,3,0
589,1384,611,3,0
590,1384,568,0,3
591,1384,613,3,0
573,1385,595,3,0
576,1385,598,3,0
589,1385,611,3,0
590,1385,568,0,3
591,1385,613,3,0
598,1386,620,3,0
610,1386,588,0,3
611,1386,633,3,0
612,1386,590,0,3
613,1386,635,3,0
598,1387,620,3,0
610,1387,588,0,3
611,1387,633,3,0
612,1387,590,0,3
613,1387,635,3,0
598,1388,620,3,0
610,1388,588,0,3
611,1388,633,3,0
612,1388,590,0,3
613,1388,635,3,0
598,1389,620,3,0
610,1389,588,0,3
611,1389,633,3,0
612,1389,590,0,3
598,1390,620,3,0
610,1390,588,0,3
611,1390,633,3,0
610,1391,588,0,3
610,1392,588,0,3
601,1393,579,0,3
610,1393,588,0,3
601,1394,579,0,3
610,1394,588,0,3
601,1395,579,0,3
603,1395,625,3,0
610,1395,588,0,3
601,1396,579,0,3
603,1396,625,3,0
604,1396,582,0,3
606,1396,584,0,3
610,1396,588,0,3
601,1397,579,0,3
603,1397,625,3,0
604,1397,582,0,3
606,1397,584,0,3
610,1397,588,0,3
601,1398,579,0,3
603,1398,625,3,0
606,1398,584,0,3
610,1398,588,0,3
601,1399,579,0,3
610,1399,588,0,3
601,1400,579,0,3
610,1400,588,0,3
610,1401,588,0,3
610,1402,588,0,3
610,1403,588,0,3
611,1403,633,3,0
598,1404,620,3,0
610,1404,588,0,3
611,1404,633,3,0
612,1404,590,0,3
598,1405,620,3,0
610,1405,588,0,3
611,1405,633,3,0
612,1405,590,0,3
613,1405,635,3,0
598,1406,620,3,0
610,1406,588,0,3
611,1406,633,3,0
612,1406,590,0,3
613,1406,635,3,0
598,1407,620,3,0
610,1407,588,0,3
611,1407,633,3,0
612,1407,590,0,3
613,1407,635,3,0
617,1408,639,3,0
620,1408,642,3,0
632,1408,610,0,3
633,1408,655,3,0
634,1408,612,0,3
635,1408,657,3,0
617,1409,639,3,0
620,1409,642,3,0
632,1409,610,0,3
633,1409,655,3,0
634,1409,612,0,3
635,1409,657,3,0
620,1410,642,3,0
632,1410,610,0,3
633,1410,655,3,0
634,1410,612,0,3
635,1410,657,3,0
620,1411,642,3,0
632,1411,610,0,3
633,1411,655,3,0
634,1411,612,0,3
620,1412,642,3,0
632,1412,610,0,3
633,1412,655,3,0
632,1413,610,0,3
622,1414,644,3,0
632,1414,610,0,3
622,1415,644,3,0
632,1415,610,0,3
622,1416,644,3,0
632,1416,610,0,3
622,1417,644,3,0
625,1417,647,3,0
632,1417,610,0,3
622,1418,644,3,0
625,1418,647,3,0
626,1418,604,0,3
628,1418,606,0,3
632,1418,610,0,3
622,1419,644,3,0
625,1419,647,3,0
626,1419,604,0,3
628,1419,606,0,3
632,1419,610,0,3
622,1420,644,3,0
625,1420,647,3,0
628,1420,606,0,3
632,1420,610,0,3
622,1421,644,3,0
632,1421,610,0,3
622,1422,644,3,0
632,1422,610,0,3
622,1423,644,3,0
632,1423,610,0,3
632,1424,610,0,3
632,1425,610,0,3
633,1425,655,3,0
620,1426,642,3,0
632,1426,610,0,3
633,1426,655,3,0
634,1426,612,0,3
620,1427,642,3,0
632,1427,610,0,3
633,1427,655,3,0
634,1427,612,0,3
635,1427,657,3,0
620,1428,642,3,0
632,1428,610,0,3
633,1428,655,3,0
634,1428,612,0,3
635,1428,657,3,0
617,1429,639,3,0
620,1429,642,3,0
632,1429,610,0,3
633,1429,655,3,0
634,1429,612,0,3
635,1429,657,3,0
639,1430,661,3,0
642,1430,664,3,0
643,1430,621,0,3
654,1430,632,0,3
655,1430,677,3,0
656,1430,634,0,3
658,1430,636,0,3
639,1431,661,3,0
642,1431,664,3,0
643,1431,621,0,3
654,1431,632,0,3
655,1431,677,3,0
656,1431,634,0,3
658,1431,636,0,3
642,1432,664,3,0
643,1432,621,0,3
654,1432,632,0,3
655,1432,677,3,0
656,1432,634,0,3
642,1433,664,3,0
643,1433,621,0,3
654,1433,632,0,3
655,1433,677,3,0
656,1433,634,0,3
642,1434,664,3,0
643,1434,621,0,3
654,1434,632,0,3
655,1434,677,3,0
643,1435,621,0,3
654,1435,632,0,3
643,1436,621,0,3
644,1436,666,3,0
654,1436,632,0,3
643,1437,621,0,3
644,1437,666,3,0
645,1437,623,0,3
654,1437,632,0,3
643,1438,621,0,3
644,1438,666,3,0
645,1438,623,0,3
654,1438,632,0,3
643,1439,621,0,3
644,1439,666,3,0
645,1439,623,0,3
647,1439,669,3,0
654,1439,632,0,3
643,1440,621,0,3
644,1440,666,3,0
645,1440,623,0,3
647,1440,669,3,0
648,1440,626,0,3
650,1440,628,0,3
654,1440,632,0,3
643,1441,621,0,3
644,1441,666,3,0
645,1441,623,0,3
647,1441,669,3,0
648,1441,626,0,3
650,1441,628,0,3
654,1441,632,0,3
643,1442,621,0,3
644,1442,666,3,0
645,1442,623,0,3
647,1442,669,3,0
650,1442,628,0,3
654,1442,632,0,3
643,1443,621,0,3
644,1443,666,3,0
645,1443,623,0,3
654,1443,632,0,3
643,1444,621,0,3
644,1444,666,3,0
645,1444,623,0,3
654,1444,632,0,3
643,1445,621,0,3
644,1445,666,3,0
654,1445,632,0,3
654,1446,632,0,3
643,1447,621,0,3
654,1447,632,0,3
655,1447,677,3,0
642,1448,664,3,0
643,1448,621,0,3
654,1448,632,0,3
655,1448,677,3,0
656,1448,634,0,3
642,1449,664,3,0
643,1449,621,0,3
654,1449,632,0,3
655,1449,677,3,0
656,1449,634,0,3
642,1450,664,3,0
643,1450,621,0,3
654,1450,632,0,3
655,1450,677,3,0
656,1450,634,0,3
658,1450,636,0,3
639,1451,661,3,0
642,1451,664,3,0
643,1451,621,0,3
654,1451,632,0,3
655,1451,677,3,0
656,1451,634,0,3
658,1451,636,0,3
660,1452,682,2,0
664,1452,686,3,0
676,1452,654,0,3
677,1452,699,3,0
678,1452,656,0,3
680,1452,658,0,3
664,1453,686,3,0
676,1453,654,0,3
677,1453,699,3,0
678,1453,656,0,3
680,1453,658,0,3
664,1454,686,3,0
676,1454,654,0,3
677,1454,699,3,0
678,1454,656,0,3
664,1455,686,3,0
676,1455,654,0,3
677,1455,699,3,0
678,1455,656,0,3
664,1456,686,3,0
676,1456,654,0,3
677,1456,699,3,0
676,1457,654,0,3
666,1458,688,3,0
676,1458,654,0,3
666,1459,688,3,0
676,1459,654,0,3
666,1460,688,3,0
676,1460,654,0,3
666,1461,688,3,0
669,1461,691,3,0
676,1461,654,0,3
666,1462,688,3,0
669,1462,691,3,0
670,1462,648,0,3
672,1462,650,0,3
676,1462,654,0,3
666,1463,688,3,0
669,1463,691,3,0
670,1463,648,0,3
671,1463,649,0,3
672,1463,650,0,3
676,1463,654,0,3
666,1464,688,3,0
669,1464,691,3,0
672,1464,650,0,3
676,1464,654,0,3
666,1465,688,3,0
676,1465,654,0,3
666,1466,688,3,0
676,1466,654,0,3
666,1467,688,3,0
676,1467,654,0,3
676,1468,654,0,3
676,1469,654,0,3
677,1469,699,3,0
664,1470,686,3,0
676,1470,654,0,3
677,1470,699,3,0
678,1470,656,0,3
664,1471,686,3,0
676,1471,654,0,3
677,1471,699,3,0
678,1471,656,0,3
664,1472,686,3,0
676,1472,654,0,3
677,1472,699,3,0
678,1472,656,0,3
680,1472,658,0,3
664,1473,686,3,0
676,1473,654,0,3
677,1473,699,3,0
678,1473,656,0,3
680,1473,658,0,3
686,1474,708,3,0
687,1474,709,3,0
698,1474,676,0,3
699,1474,721,3,0
700,1474,678,0,3
702,1474,680,0,3
686,1475,708,3,0
687,1475,709,3,0
698,1475,676,0,3
699,1475,721,3,0
700,1475,678,0,3
702,1475,680,0,3
686,1476,708,3,0
687,1476,709,3,0
698,1476,676,0,3
699,1476,721,3,0
700,1476,678,0,3
686,1477,708,3,0
687,1477,709,3,0
698,1477,676,0,3
699,1477,721,3,0
700,1477,678,0,3
686,1478,708,3,0
687,1478,709,3,0
698,1478,676,0,3
699,1478,721,3,0
687,1479,709,3,0
698,1479,676,0,3
687,1480,709,3,0
688,1480,710,3,0
698,1480,676,0,3
687,1481,709,3,0
688,1481,710,3,0
698,1481,676,0,3
687,1482,709,3,0
688,1482,710,3,0
698,1482,676,0,3
687,1483,709,3,0
688,1483,710,3,0
691,1483,713,3,0
698,1483,676,0,3
687,1484,709,3,0
688,1484,710,3,0
691,1484,713,3,0
692,1484,670,0,3
694,1484,672,0,3
698,1484,676,0,3
687,1485,709,3,0
688,1485,710,3,0
691,1485,713,3,0
692,1485,670,0,3
693,1485,671,0,3
694,1485,672,0,3
698,1485,676,0,3
687,1486,709,3,0
688,1486,710,3,0
691,1486,713,3,0
694,1486,672,0,3
698,1486,676,0,3
687,1487,709,3,0
688,1487,710,3,0
698,1487,676,0,3
687,1488,709,3,0
688,1488,710,3,0
698,1488,676,0,3
687,1489,709,3,0
688,1489,710,3,0
698,1489,676,0,3
698,1490,676,0,3
687,1491,709,3,0
698,1491,676,0,3
699,1491,721,3,0
686,1492,708,3,0
687,1492,709,3,0
698,1492,676,0,3
699,1492,721,3,0
700,1492,678,0,3
686,1493,708,3,0
687,1493,709,3,0
698,1493,676,0,3
699,1493,721,3,0
700,1493,678,0,3
686,1494,708,3,0
687,1494,709,3,0
698,1494,676,0,3
699,1494,721,3,0
700,1494,678,0,3
702,1494,680,0,3
686,1495,708,3,0
687,1495,709,3,0
698,1495,676,0,3
699,1495,721,3,0
700,1495,678,0,3
702,1495,680,0,3
705,1496,683,0,3
708,1496,730,3,0
720,1496,698,0,3
721,1496,743,3,0
722,1496,700,0,3
724,1496,702,0,3
705,1497,683,0,3
708,1497,730,3,0
720,1497,698,0,3
721,1497,743,3,0
722,1497,700,0,3
724,1497,702,0,3
708,1498,730,3,0
720,1498,698,0,3
721,1498,743,3,0
722,1498,700,0,3
708,1499,730,3,0
720,1499,698,0,3
721,1499,743,3,0
722,1499,700,0,3
708,1500,730,3,0
720,1500,698,0,3
721,1500,743,3,0
720,1501,698,0,3
720,1502,698,0,3
720,1503,698,0,3
712,1504,690,0,3
720,1504,698,0,3
712,1505,690,0,3
713,1505,735,3,0
720,1505,698,0,3
712,1506,690,0,3
713,1506,735,3,0
714,1506,736,3,0
716,1506,694,0,3
720,1506,698,0,3
712,1507,690,0,3
713,1507,735,3,0
714,1507,736,3,0
715,1507,693,0,3
716,1507,694,0,3
720,1507,698,0,3
712,1508,690,0,3
713,1508,735,3,0
716,1508,694,0,3
720,1508,698,0,3
712,1509,690,0,3
720,1509,698,0,3
720,1510,698,0,3
720,1511,698,0,3
720,1512,698,0,3
720,1513,698,0,3
721,1513,743,3,0
708,1514,730,3,0
720,1514,698,0,3
721,1514,743,3,0
722,1514,700,0,3
708,1515,730,3,0
720,1515,698,0,3
721,1515,743,3,0
722,1515,700,0,3
708,1516,730,3,0
720,1516,698,0,3
721,1516,743,3,0
722,1516,700,0,3
724,1516,702,0,3
705,1517,683,0,3
708,1517,730,3,0
720,1517,698,0,3
721,1517,743,3,0
722,1517,700,0,3
724,1517,702,0,3
726,1518,748,2,0
727,1518,705,0,3
728,1518,750,3,0
742,1518,720,0,3
745,1518,767,3,0
727,1519,705,0,3
728,1519,750,3,0
742,1519,720,0,3
745,1519,767,3,0
728,1520,750,3,0
742,1520,720,0,3
745,1520,767,3,0
742,1521,720,0,3
742,1522,720,0,3
742,1523,720,0,3
732,1524,754,3,0
742,1524,720,0,3
732,1525,754,3,0
742,1525,720,0,3
732,1526,754,3,0
740,1526,718,0,3
742,1526,720,0,3
732,1527,754,3,0
735,1527,757,3,0
740,1527,718,0,3
742,1527,720,0,3
732,1528,754,3,0
735,1528,757,3,0
740,1528,718,0,3
742,1528,720,0,3
732,1529,754,3,0
735,1529,757,3,0
737,1529,715,0,3
740,1529,718,0,3
742,1529,720,0,3
732,1530,754,3,0
735,1530,757,3,0
740,1530,718,0,3
742,1530,720,0,3
732,1531,754,3,0
740,1531,718,0,3
742,1531,720,0,3
732,1532,754,3,0
740,1532,718,0,3
742,1532,720,0,3
732,1533,754,3,0
742,1533,720,0,3
742,1534,720,0,3
742,1535,720,0,3
742,1536,720,0,3
742,1537,720,0,3
745,1537,767,3,0
728,1538,750,3,0
742,1538,720,0,3
745,1538,767,3,0
727,1539,705,0,3
728,1539,750,3,0
742,1539,720,0,3
745,1539,767,3,0
750,1540,772,3,0
764,1540,742,0,3
767,1540,789,3,0
769,1540,747,0,3
750,1541,772,3,0
764,1541,742,0,3
767,1541,789,3,0
750,1542,772,3,0
764,1542,742,0,3
767,1542,789,3,0
764,1543,742,0,3
764,1544,742,0,3
764,1545,742,0,3
754,1546,776,3,0
764,1546,742,0,3
754,1547,776,3,0
755,1547,777,3,0
764,1547,742,0,3
754,1548,776,3,0
755,1548,777,3,0
762,1548,740,0,3
764,1548,742,0,3
754,1549,776,3,0
755,1549,777,3,0
757,1549,779,3,0
762,1549,740,0,3
764,1549,742,0,3
754,1550,776,3,0
755,1550,777,3,0
757,1550,779,3,0
762,1550,740,0,3
764,1550,742,0,3
754,1551,776,3,0
755,1551,777,3,0
757,1551,779,3,0
759,1551,737,0,3
762,1551,740,0,3
764,1551,742,0,3
754,1552,776,3,0
755,1552,777,3,0
757,1552,779,3,0
762,1552,740,0,3
764,1552,742,0,3
754,1553,776,3,0
755,1553,777,3,0
762,1553,740,0,3
764,1553,742,0,3
754,1554,776,3,0
755,1554,777,3,0
762,1554,740,0,3
764,1554,742,0,3
754,1555,776,3,0
764,1555,742,0,3
764,1556,742,0,3
764,1557,742,0,3
764,1558,742,0,3
764,1559,742,0,3
767,1559,789,3,0
750,1560,772,3,0
764,1560,742,0,3
767,1560,789,3,0
750,1561,772,3,0
764,1561,742,0,3
767,1561,789,3,0
769,1561,747,0,3
771,1562,749,0,3
772,1562,794,3,0
775,1562,797,3,0
786,1562,764,0,3
787,1562,809,3,0
789,1562,811,3,0
790,1562,812,3,0
791,1562,769,0,3
771,1563,749,0,3
772,1563,794,3,0
775,1563,797,3,0
786,1563,764,0,3
787,1563,809,3,0
789,1563,811,3,0
790,1563,812,3,0
772,1564,794,3,0
775,1564,797,3,0
786,1564,764,0,3
787,1564,809,3,0
789,1564,811,3,0
775,1565,797,3,0
786,1565,764,0,3
787,1565,809,3,0
775,1566,797,3,0
786,1566,764,0,3
787,1566,809,3,0
775,1567,797,3,0
786,1567,764,0,3
775,1568,797,3,0
776,1568,798,3,0
786,1568,764,0,3
775,1569,797,3,0
776,1569,798,3,0
786,1569,764,0,3
775,1570,797,3,0
776,1570,798,3,0
778,1570,756,0,3
784,1570,762,0,3
786,1570,764,0,3
775,1571,797,3,0
776,1571,798,3,0
778,1571,756,0,3
779,1571,801,3,0
784,1571,762,0,3
786,1571,764,0,3
775,1572,797,3,0
776,1572,798,3,0
778,1572,756,0,3
779,1572,801,3,0
782,1572,760,0,3
784,1572,762,0,3
786,1572,764,0,3
775,1573,797,3,0
776,1573,798,3,0
778,1573,756,0,3
779,1573,801,3,0
781,1573,759,0,3
782,1573,760,0,3
784,1573,762,0,3
786,1573,764,0,3
775,1574,797,3,0
776,1574,798,3,0
778,1574,756,0,3
779,1574,801,3,0
782,1574,760,0,3
784,1574,762,0,3
786,1574,764,0,3
775,1575,797,3,0
776,1575,798,3,0
778,1575,756,0,3
784,1575,762,0,3
786,1575,764,0,3
775,1576,797,3,0
776,1576,798,3,0
784,1576,762,0,3
786,1576,764,0,3
775,1577,797,3,0
776,1577,798,3,0
786,1577,764,0,3
786,1578,764,0,3
775,1579,797,3,0
786,1579,764,0,3
787,1579,809,3,0
775,1580,797,3,0
786,1580,764,0,3
787,1580,809,3,0
775,1581,797,3,0
786,1581,764,0,3
787,1581,809,3,0
789,1581,811,3,0
772,1582,794,3,0
775,1582,797,3,0
786,1582,764,0,3
787,1582,809,3,0
789,1582,811,3,0
790,1582,812,3,0
771,1583,749,0,3
772,1583,794,3,0
775,1583,797,3,0
786,1583,764,0,3
787,1583,809,3,0
789,1583,811,3,0
790,1583,812,3,0
791,1583,769,0,3
160,1584,138,0,3
161,1584,139,0,3
162,1584,184,3,0
163,1584,141,0,3
166,1584,188,3,0
168,1584,190,3,0
169,1584,147,0,3
886,1585,908,3,0
896,1585,874,0,3
94,1586,72,0,3
95,1586,73,0,3
96,1586,118,3,0
97,1586,75,0,3
100,1586,122,3,0
101,1586,123,3,0
102,1586,124,3,0
103,1586,81,0,3
104,1586,126,3,0
490,1587,512,3,0
491,1587,469,0,3
493,1587,515,3,0
494,1587,472,0,3
495,1587,517,3,0
497,1587,519,3,0
357,1588,335,0,3
358,1588,380,3,0
359,1588,337,0,3
457,1590,479,3,0
1546,1591,1524,0,3
1547,1591,1525,0,3
1554,1591,1576,3,0
1556,1591,1578,3,0
1183,1592,1161,0,3
1184,1592,1206,3,0
291,1593,269,0,3
293,1593,271,0,3
294,1593,316,3,0
295,1593,273,0,3
296,1593,274,0,3
298,1593,320,3,0
299,1593,321,3,0
948,1594,970,3,0
950,1594,928,0,3
964,1594,986,3,0
967,1594,945,0,3
27,1595,5,0,2
28,1595,6,0,2
29,1595,7,0,2
31,1595,9,0,2
34,1595,56,3,0
38,1595,60,3,0
