792,0,814,2,0
793,0,771,0,3
795,0,773,0,3
797,0,819,3,0
808,0,830,3,0
809,0,831,3,0
811,0,789,0,3
793,1,771,0,3
795,1,773,0,3
797,1,819,3,0
808,1,830,3,0
809,1,831,3,0
811,1,789,0,3
795,2,773,0,3
797,2,819,3,0
808,2,830,3,0
809,2,831,3,0
795,3,773,0,3
797,3,819,3,0
808,3,830,3,0
809,3,831,3,0
797,4,819,3,0
808,4,830,3,0
797,5,819,3,0
808,5,830,3,0
797,6,819,3,0
798,6,820,3,0
807,6,829,3,0
808,6,830,3,0
797,7,819,3,0
798,7,820,3,0
799,7,821,3,0
806,7,828,3,0
807,7,829,3,0
808,7,830,3,0
797,8,819,3,0
798,8,820,3,0
799,8,821,3,0
800,8,778,0,3
805,8,827,3,0
806,8,828,3,0
807,8,829,3,0
808,8,830,3,0
797,9,819,3,0
798,9,820,3,0
799,9,821,3,0
800,9,778,0,3
801,9,823,3,0
805,9,827,3,0
806,9,828,3,0
807,9,829,3,0
808,9,830,3,0
797,10,819,3,0
798,10,820,3,0
799,10,821,3,0
800,10,778,0,3
801,10,823,3,0
805,10,827,3,0
806,10,828,3,0
807,10,829,3,0
808,10,830,3,0
797,11,819,3,0
798,11,820,3,0
799,11,821,3,0
800,11,778,0,3
801,11,823,3,0
805,11,827,3,0
806,11,828,3,0
807,11,829,3,0
808,11,830,3,0
797,12,819,3,0
798,12,820,3,0
799,12,821,3,0
800,12,778,0,3
805,12,827,3,0
806,12,828,3,0
807,12,829,3,0
808,12,830,3,0
797,13,819,3,0
798,13,820,3,0
799,13,821,3,0
805,13,827,3,0
806,13,828,3,0
807,13,829,3,0
808,13,830,3,0
797,14,819,3,0
798,14,820,3,0
806,14,828,3,0
807,14,829,3,0
808,14,830,3,0
797,15,819,3,0
807,15,829,3,0
808,15,830,3,0
808,16,830,3,0
797,17,819,3,0
808,17,830,3,0
809,17,831,3,0
795,18,773,0,3
797,18,819,3,0
808,18,830,3,0
809,18,831,3,0
795,19,773,0,3
797,19,819,3,0
808,19,830,3,0
809,19,831,3,0
811,19,789,0,3
793,20,771,0,3
795,20,773,0,3
797,20,819,3,0
808,20,830,3,0
809,20,831,3,0
811,20,789,0,3
792,21,814,2,0
793,21,771,0,3
795,21,773,0,3
797,21,819,3,0
808,21,830,3,0
809,21,831,3,0
811,21,789,0,3
813,21,791,0,3
815,22,793,0,3
816,22,794,0,3
817,22,795,0,3
830,22,852,3,0
831,22,853,3,0
833,22,811,0,3
834,22,856,3,0
815,23,793,0,3
816,23,794,0,3
817,23,795,0,3
830,23,852,3,0
831,23,853,3,0
833,23,811,0,3
816,24,794,0,3
817,24,795,0,3
830,24,852,3,0
831,24,853,3,0
817,25,795,0,3
830,25,852,3,0
831,25,853,3,0
830,26,852,3,0
830,27,852,3,0
820,28,842,3,0
829,28,851,3,0
830,28,852,3,0
820,29,842,3,0
821,29,843,3,0
828,29,850,3,0
829,29,851,3,0
830,29,852,3,0
820,30,842,3,0
821,30,843,3,0
822,30,800,0,3
827,30,849,3,0
828,30,850,3,0
829,30,851,3,0
830,30,852,3,0
820,31,842,3,0
821,31,843,3,0
822,31,800,0,3
826,31,804,0,3
827,31,849,3,0
828,31,850,3,0
829,31,851,3,0
830,31,852,3,0
820,32,842,3,0
821,32,843,3,0
822,32,800,0,3
826,32,804,0,3
827,32,849,3,0
828,32,850,3,0
829,32,851,3,0
830,32,852,3,0
820,33,842,3,0
821,33,843,3,0
822,33,800,0,3
826,33,804,0,3
827,33,849,3,0
828,33,850,3,0
829,33,851,3,0
830,33,852,3,0
820,34,842,3,0
821,34,843,3,0
822,34,800,0,3
826,34,804,0,3
827,34,849,3,0
828,34,850,3,0
829,34,851,3,0
830,34,852,3,0
820,35,842,3,0
821,35,843,3,0
827,35,849,3,0
828,35,850,3,0
829,35,851,3,0
830,35,852,3,0
820,36,842,3,0
828,36,850,3,0
829,36,851,3,0
830,36,852,3,0
829,37,851,3,0
830,37,852,3,0
830,38,852,3,0
830,39,852,3,0
831,39,853,3,0
817,40,795,0,3
830,40,852,3,0
831,40,853,3,0
816,41,794,0,3
817,41,795,0,3
830,41,852,3,0
831,41,853,3,0
833,41,811,0,3
815,42,793,0,3
816,42,794,0,3
817,42,795,0,3
830,42,852,3,0
831,42,853,3,0
833,42,811,0,3
834,42,856,3,0
815,43,793,0,3
816,43,794,0,3
817,43,795,0,3
830,43,852,3,0
831,43,853,3,0
833,43,811,0,3
834,43,856,3,0
835,43,813,0,3
838,44,816,0,3
839,44,817,0,3
852,44,874,3,0
855,44,833,0,3
856,44,878,3,0
838,45,816,0,3
839,45,817,0,3
852,45,874,3,0
855,45,833,0,3
838,46,816,0,3
839,46,817,0,3
852,46,874,3,0
839,47,817,0,3
852,47,874,3,0
852,48,874,3,0
852,49,874,3,0
842,50,864,3,0
851,50,873,3,0
852,50,874,3,0
842,51,864,3,0
843,51,865,3,0
851,51,873,3,0
852,51,874,3,0
842,52,864,3,0
843,52,865,3,0
849,52,871,3,0
851,52,873,3,0
852,52,874,3,0
842,53,864,3,0
843,53,865,3,0
848,53,826,0,3
849,53,871,3,0
851,53,873,3,0
852,53,874,3,0
842,54,864,3,0
843,54,865,3,0
848,54,826,0,3
849,54,871,3,0
851,54,873,3,0
852,54,874,3,0
842,55,864,3,0
843,55,865,3,0
848,55,826,0,3
849,55,871,3,0
851,55,873,3,0
852,55,874,3,0
842,56,864,3,0
843,56,865,3,0
848,56,826,0,3
849,56,871,3,0
851,56,873,3,0
852,56,874,3,0
842,57,864,3,0
843,57,865,3,0
849,57,871,3,0
851,57,873,3,0
852,57,874,3,0
842,58,864,3,0
851,58,873,3,0
852,58,874,3,0
851,59,873,3,0
852,59,874,3,0
852,60,874,3,0
852,61,874,3,0
839,62,817,0,3
852,62,874,3,0
838,63,816,0,3
839,63,817,0,3
852,63,874,3,0
855,63,833,0,3
838,64,816,0,3
839,64,817,0,3
852,64,874,3,0
855,64,833,0,3
856,64,878,3,0
838,65,816,0,3
839,65,817,0,3
852,65,874,3,0
855,65,833,0,3
856,65,878,3,0
857,65,835,0,3
860,66,838,0,3
874,66,896,3,0
877,66,855,0,3
878,66,900,3,0
860,67,838,0,3
874,67,896,3,0
877,67,855,0,3
860,68,838,0,3
874,68,896,3,0
874,69,896,3,0
874,70,896,3,0
874,71,896,3,0
864,72,886,3,0
873,72,895,3,0
874,72,896,3,0
864,73,886,3,0
873,73,895,3,0
874,73,896,3,0
864,74,886,3,0
871,74,893,3,0
873,74,895,3,0
874,74,896,3,0
864,75,886,3,0
867,75,889,3,0
870,75,848,0,3
871,75,893,3,0
873,75,895,3,0
874,75,896,3,0
864,76,886,3,0
867,76,889,3,0
869,76,847,0,3
870,76,848,0,3
871,76,893,3,0
873,76,895,3,0
874,76,896,3,0
864,77,886,3,0
867,77,889,3,0
869,77,847,0,3
870,77,848,0,3
871,77,893,3,0
873,77,895,3,0
874,77,896,3,0
864,78,886,3,0
870,78,848,0,3
871,78,893,3,0
873,78,895,3,0
874,78,896,3,0
864,79,886,3,0
871,79,893,3,0
873,79,895,3,0
874,79,896,3,0
864,80,886,3,0
873,80,895,3,0
874,80,896,3,0
873,81,895,3,0
874,81,896,3,0
874,82,896,3,0
874,83,896,3,0
874,84,896,3,0
860,85,838,0,3
874,85,896,3,0
877,85,855,0,3
860,86,838,0,3
874,86,896,3,0
877,86,855,0,3
878,86,900,3,0
860,87,838,0,3
874,87,896,3,0
877,87,855,0,3
878,87,900,3,0
879,87,857,0,3
882,88,860,0,3
883,88,905,3,0
896,88,918,3,0
897,88,919,3,0
900,88,922,3,0
882,89,860,0,3
883,89,905,3,0
896,89,918,3,0
897,89,919,3,0
882,90,860,0,3
883,90,905,3,0
896,90,918,3,0
897,90,919,3,0
883,91,905,3,0
896,91,918,3,0
897,91,919,3,0
896,92,918,3,0
896,93,918,3,0
895,94,917,3,0
896,94,918,3,0
895,95,917,3,0
896,95,918,3,0
888,96,866,0,3
895,96,917,3,0
896,96,918,3,0
888,97,866,0,3
892,97,870,0,3
895,97,917,3,0
896,97,918,3,0
888,98,866,0,3
890,98,912,3,0
891,98,869,0,3
892,98,870,0,3
895,98,917,3,0
896,98,918,3,0
888,99,866,0,3
891,99,869,0,3
892,99,870,0,3
895,99,917,3,0
896,99,918,3,0
888,100,866,0,3
892,100,870,0,3
895,100,917,3,0
896,100,918,3,0
895,101,917,3,0
896,101,918,3,0
895,102,917,3,0
896,102,918,3,0
895,103,917,3,0
896,103,918,3,0
896,104,918,3,0
896,105,918,3,0
897,105,919,3,0
883,106,905,3,0
896,106,918,3,0
897,106,919,3,0
882,107,860,0,3
883,107,905,3,0
896,107,918,3,0
897,107,919,3,0
882,108,860,0,3
883,108,905,3,0
896,108,918,3,0
897,108,919,3,0
900,108,922,3,0
882,109,860,0,3
883,109,905,3,0
896,109,918,3,0
897,109,919,3,0
900,109,922,3,0
904,110,882,0,3
905,110,927,3,0
918,110,940,3,0
919,110,941,3,0
904,111,882,0,3
905,111,927,3,0
918,111,940,3,0
919,111,941,3,0
904,112,882,0,3
905,112,927,3,0
918,112,940,3,0
919,112,941,3,0
905,113,927,3,0
918,113,940,3,0
919,113,941,3,0
918,114,940,3,0
918,115,940,3,0
917,116,939,3,0
918,116,940,3,0
917,117,939,3,0
918,117,940,3,0
910,118,888,0,3
917,118,939,3,0
918,118,940,3,0
910,119,888,0,3
911,119,889,0,3
917,119,939,3,0
918,119,940,3,0
910,120,888,0,3
911,120,889,0,3
912,120,934,3,0
913,120,891,0,3
917,120,939,3,0
918,120,940,3,0
910,121,888,0,3
911,121,889,0,3
913,121,891,0,3
917,121,939,3,0
918,121,940,3,0
910,122,888,0,3
917,122,939,3,0
918,122,940,3,0
917,123,939,3,0
918,123,940,3,0
917,124,939,3,0
918,124,940,3,0
917,125,939,3,0
918,125,940,3,0
918,126,940,3,0
918,127,940,3,0
919,127,941,3,0
905,128,927,3,0
918,128,940,3,0
919,128,941,3,0
904,129,882,0,3
905,129,927,3,0
918,129,940,3,0
919,129,941,3,0
904,130,882,0,3
905,130,927,3,0
918,130,940,3,0
919,130,941,3,0
904,131,882,0,3
905,131,927,3,0
918,131,940,3,0
919,131,941,3,0
924,132,902,0,2
927,132,949,3,0
940,132,962,3,0
942,132,920,0,3
943,132,921,0,3
927,133,949,3,0
940,133,962,3,0
942,133,920,0,3
943,133,921,0,3
927,134,949,3,0
940,134,962,3,0
942,134,920,0,3
927,135,949,3,0
940,135,962,3,0
940,136,962,3,0
940,137,962,3,0
939,138,961,3,0
940,138,962,3,0
931,139,953,3,0
938,139,916,0,3
939,139,961,3,0
940,139,962,3,0
931,140,953,3,0
932,140,910,0,3
938,140,916,0,3
939,140,961,3,0
940,140,962,3,0
931,141,953,3,0
932,141,910,0,3
933,141,911,0,3
936,141,914,0,3
938,141,916,0,3
939,141,961,3,0
940,141,962,3,0
931,142,953,3,0
932,142,910,0,3
933,142,911,0,3
934,142,956,3,0
935,142,913,0,3
936,142,914,0,3
938,142,916,0,3
939,142,961,3,0
940,142,962,3,0
931,143,953,3,0
932,143,910,0,3
933,143,911,0,3
935,143,913,0,3
936,143,914,0,3
938,143,916,0,3
939,143,961,3,0
940,143,962,3,0
931,144,953,3,0
932,144,910,0,3
936,144,914,0,3
938,144,916,0,3
939,144,961,3,0
940,144,962,3,0
931,145,953,3,0
938,145,916,0,3
939,145,961,3,0
940,145,962,3,0
938,146,916,0,3
939,146,961,3,0
940,146,962,3,0
939,147,961,3,0
940,147,962,3,0
940,148,962,3,0
940,149,962,3,0
927,150,949,3,0
940,150,962,3,0
942,150,920,0,3
927,151,949,3,0
940,151,962,3,0
942,151,920,0,3
943,151,921,0,3
927,152,949,3,0
940,152,962,3,0
942,152,920,0,3
943,152,921,0,3
924,153,902,0,2
927,153,949,3,0
940,153,962,3,0
942,153,920,0,3
943,153,921,0,3
945,153,923,0,3
946,154,924,0,2
948,154,970,3,0
949,154,971,3,0
964,154,942,0,3
965,154,943,0,3
948,155,970,3,0
949,155,971,3,0
964,155,942,0,3
965,155,943,0,3
948,156,970,3,0
949,156,971,3,0
964,156,942,0,3
949,157,971,3,0
961,160,983,3,0
960,161,938,0,3
961,161,983,3,0
954,162,932,0,3
960,162,938,0,3
961,162,983,3,0
954,163,932,0,3
955,163,933,0,3
958,163,936,0,3
960,163,938,0,3
961,163,983,3,0
954,164,932,0,3
955,164,933,0,3
956,164,978,3,0
958,164,936,0,3
960,164,938,0,3
961,164,983,3,0
954,165,932,0,3
955,165,933,0,3
958,165,936,0,3
960,165,938,0,3
961,165,983,3,0
954,166,932,0,3
958,166,936,0,3
960,166,938,0,3
961,166,983,3,0
960,167,938,0,3
961,167,983,3,0
960,168,938,0,3
961,168,983,3,0
961,169,983,3,0
949,172,971,3,0
964,172,942,0,3
948,173,970,3,0
949,173,971,3,0
964,173,942,0,3
965,173,943,0,3
948,174,970,3,0
949,174,971,3,0
964,174,942,0,3
965,174,943,0,3
946,175,924,0,2
948,175,970,3,0
949,175,971,3,0
964,175,942,0,3
965,175,943,0,3
967,175,945,0,3
968,176,946,0,2
970,176,992,3,0
971,176,993,3,0
986,176,964,0,3
970,177,992,3,0
971,177,993,3,0
986,177,964,0,3
970,178,992,3,0
971,178,993,3,0
986,178,964,0,3
971,179,993,3,0
983,182,1005,3,0
982,183,960,0,3
983,183,1005,3,0
976,184,954,0,3
982,184,960,0,3
983,184,1005,3,0
976,185,954,0,3
977,185,955,0,3
980,185,958,0,3
982,185,960,0,3
983,185,1005,3,0
976,186,954,0,3
977,186,955,0,3
978,186,1000,3,0
980,186,958,0,3
982,186,960,0,3
983,186,1005,3,0
976,187,954,0,3
977,187,955,0,3
980,187,958,0,3
982,187,960,0,3
983,187,1005,3,0
976,188,954,0,3
980,188,958,0,3
982,188,960,0,3
983,188,1005,3,0
982,189,960,0,3
983,189,1005,3,0
982,190,960,0,3
983,190,1005,3,0
983,191,1005,3,0
971,194,993,3,0
986,194,964,0,3
970,195,992,3,0
971,195,993,3,0
986,195,964,0,3
970,196,992,3,0
971,196,993,3,0
986,196,964,0,3
968,197,946,0,2
970,197,992,3,0
971,197,993,3,0
986,197,964,0,3
989,197,967,0,3
990,198,968,0,2
992,198,1014,3,0
993,198,1015,3,0
1006,198,984,0,3
1008,198,986,0,3
992,199,1014,3,0
993,199,1015,3,0
1006,199,984,0,3
1008,199,986,0,3
992,200,1014,3,0
993,200,1015,3,0
1006,200,984,0,3
1008,200,986,0,3
993,201,1015,3,0
1006,201,984,0,3
1006,202,984,0,3
1006,203,984,0,3
1005,204,1027,3,0
1006,204,984,0,3
1004,205,982,0,3
1005,205,1027,3,0
1006,205,984,0,3
998,206,976,0,3
1004,206,982,0,3
1005,206,1027,3,0
1006,206,984,0,3
998,207,976,0,3
999,207,977,0,3
1002,207,980,0,3
1004,207,982,0,3
1005,207,1027,3,0
1006,207,984,0,3
998,208,976,0,3
999,208,977,0,3
1000,208,1022,3,0
1002,208,980,0,3
1004,208,982,0,3
1005,208,1027,3,0
1006,208,984,0,3
998,209,976,0,3
999,209,977,0,3
1002,209,980,0,3
1004,209,982,0,3
1005,209,1027,3,0
1006,209,984,0,3
998,210,976,0,3
1002,210,980,0,3
1004,210,982,0,3
1005,210,1027,3,0
1006,210,984,0,3
1004,211,982,0,3
1005,211,1027,3,0
1006,211,984,0,3
1004,212,982,0,3
1005,212,1027,3,0
1006,212,984,0,3
1005,213,1027,3,0
1006,213,984,0,3
1006,214,984,0,3
1006,215,984,0,3
993,216,1015,3,0
1006,216,984,0,3
1008,216,986,0,3
992,217,1014,3,0
993,217,1015,3,0
1006,217,984,0,3
1008,217,986,0,3
992,218,1014,3,0
993,218,1015,3,0
1006,218,984,0,3
1008,218,986,0,3
990,219,968,0,2
992,219,1014,3,0
993,219,1015,3,0
1006,219,984,0,3
1008,219,986,0,3
1011,219,989,0,3
1012,220,990,0,2
1014,220,1036,3,0
1015,220,1037,3,0
1028,220,1006,0,3
1030,220,1008,0,3
1014,221,1036,3,0
1015,221,1037,3,0
1028,221,1006,0,3
1030,221,1008,0,3
1014,222,1036,3,0
1015,222,1037,3,0
1028,222,1006,0,3
1030,222,1008,0,3
1015,223,1037,3,0
1028,223,1006,0,3
1028,224,1006,0,3
1028,225,1006,0,3
1027,226,1049,3,0
1028,226,1006,0,3
1027,227,1049,3,0
1028,227,1006,0,3
1025,228,1047,3,0
1027,228,1049,3,0
1028,228,1006,0,3
1024,229,1002,0,3
1025,229,1047,3,0
1027,229,1049,3,0
1028,229,1006,0,3
1023,230,1001,0,3
1024,230,1002,0,3
1025,230,1047,3,0
1027,230,1049,3,0
1028,230,1006,0,3
1023,231,1001,0,3
1024,231,1002,0,3
1025,231,1047,3,0
1027,231,1049,3,0
1028,231,1006,0,3
1024,232,1002,0,3
1025,232,1047,3,0
1027,232,1049,3,0
1028,232,1006,0,3
1025,233,1047,3,0
1027,233,1049,3,0
1028,233,1006,0,3
1027,234,1049,3,0
1028,234,1006,0,3
1027,235,1049,3,0
1028,235,1006,0,3
1028,236,1006,0,3
1028,237,1006,0,3
1015,238,1037,3,0
1028,238,1006,0,3
1030,238,1008,0,3
1014,239,1036,3,0
1015,239,1037,3,0
1028,239,1006,0,3
1030,239,1008,0,3
1014,240,1036,3,0
1015,240,1037,3,0
1028,240,1006,0,3
1030,240,1008,0,3
1012,241,990,0,2
1014,241,1036,3,0
1015,241,1037,3,0
1028,241,1006,0,3
1030,241,1008,0,3
1034,242,1012,0,2
1036,242,1058,3,0
1037,242,1059,3,0
1039,242,1061,3,0
1050,242,1028,0,3
1052,242,1030,0,3
1053,242,1075,3,0
1036,243,1058,3,0
1037,243,1059,3,0
1039,243,1061,3,0
1050,243,1028,0,3
1052,243,1030,0,3
1053,243,1075,3,0
1036,244,1058,3,0
1037,244,1059,3,0
1039,244,1061,3,0
1050,244,1028,0,3
1052,244,1030,0,3
1037,245,1059,3,0
1039,245,1061,3,0
1050,245,1028,0,3
1039,246,1061,3,0
1050,246,1028,0,3
1039,247,1061,3,0
1050,247,1028,0,3
1039,248,1061,3,0
1049,248,1071,3,0
1050,248,1028,0,3
1039,249,1061,3,0
1049,249,1071,3,0
1050,249,1028,0,3
1039,250,1061,3,0
1049,250,1071,3,0
1050,250,1028,0,3
1039,251,1061,3,0
1046,251,1024,0,3
1049,251,1071,3,0
1050,251,1028,0,3
1039,252,1061,3,0
1044,252,1066,3,0
1045,252,1023,0,3
1046,252,1024,0,3
1049,252,1071,3,0
1050,252,1028,0,3
1039,253,1061,3,0
1045,253,1023,0,3
1046,253,1024,0,3
1049,253,1071,3,0
1050,253,1028,0,3
1039,254,1061,3,0
1046,254,1024,0,3
1049,254,1071,3,0
1050,254,1028,0,3
1039,255,1061,3,0
1049,255,1071,3,0
1050,255,1028,0,3
1039,256,1061,3,0
1049,256,1071,3,0
1050,256,1028,0,3
1039,257,1061,3,0
1049,257,1071,3,0
1050,257,1028,0,3
1050,258,1028,0,3
1039,259,1061,3,0
1050,259,1028,0,3
1037,260,1059,3,0
1039,260,1061,3,0
1050,260,1028,0,3
1052,260,1030,0,3
1036,261,1058,3,0
1037,261,1059,3,0
1039,261,1061,3,0
1050,261,1028,0,3
1052,261,1030,0,3
1053,261,1075,3,0
1036,262,1058,3,0
1037,262,1059,3,0
1039,262,1061,3,0
1050,262,1028,0,3
1052,262,1030,0,3
1053,262,1075,3,0
1034,263,1012,0,2
1036,263,1058,3,0
1037,263,1059,3,0
1039,263,1061,3,0
1050,263,1028,0,3
1052,263,1030,0,3
1053,263,1075,3,0
1058,264,1080,3,0
1061,264,1083,3,0
1072,264,1050,0,3
1074,264,1052,0,3
1075,264,1097,3,0
1058,265,1080,3,0
1061,265,1083,3,0
1072,265,1050,0,3
1074,265,1052,0,3
1075,265,1097,3,0
1058,266,1080,3,0
1061,266,1083,3,0
1072,266,1050,0,3
1074,266,1052,0,3
1061,267,1083,3,0
1072,267,1050,0,3
1061,268,1083,3,0
1072,268,1050,0,3
1061,269,1083,3,0
1072,269,1050,0,3
1061,270,1083,3,0
1071,270,1093,3,0
1072,270,1050,0,3
1061,271,1083,3,0
1071,271,1093,3,0
1072,271,1050,0,3
1061,272,1083,3,0
1064,272,1086,3,0
1071,272,1093,3,0
1072,272,1050,0,3
1061,273,1083,3,0
1064,273,1086,3,0
1065,273,1043,0,3
1068,273,1046,0,3
1071,273,1093,3,0
1072,273,1050,0,3
1061,274,1083,3,0
1064,274,1086,3,0
1065,274,1043,0,3
1068,274,1046,0,3
1071,274,1093,3,0
1072,274,1050,0,3
1061,275,1083,3,0
1064,275,1086,3,0
1065,275,1043,0,3
1068,275,1046,0,3
1071,275,1093,3,0
1072,275,1050,0,3
1061,276,1083,3,0
1064,276,1086,3,0
1068,276,1046,0,3
1071,276,1093,3,0
1072,276,1050,0,3
1061,277,1083,3,0
1071,277,1093,3,0
1072,277,1050,0,3
1061,278,1083,3,0
1071,278,1093,3,0
1072,278,1050,0,3
1061,279,1083,3,0
1071,279,1093,3,0
1072,279,1050,0,3
1072,280,1050,0,3
1061,281,1083,3,0
1072,281,1050,0,3
1061,282,1083,3,0
1072,282,1050,0,3
1074,282,1052,0,3
1058,283,1080,3,0
1061,283,1083,3,0
1072,283,1050,0,3
1074,283,1052,0,3
1075,283,1097,3,0
1058,284,1080,3,0
1061,284,1083,3,0
1072,284,1050,0,3
1074,284,1052,0,3
1075,284,1097,3,0
1058,285,1080,3,0
1061,285,1083,3,0
1072,285,1050,0,3
1074,285,1052,0,3
1075,285,1097,3,0
1094,286,1072,0,3
1097,286,1119,3,0
1094,287,1072,0,3
1097,287,1119,3,0
1094,288,1072,0,3
1094,289,1072,0,3
1094,290,1072,0,3
1094,291,1072,0,3
1093,292,1115,3,0
1094,292,1072,0,3
1092,293,1070,0,3
1093,293,1115,3,0
1094,293,1072,0,3
1086,294,1108,3,0
1092,294,1070,0,3
1093,294,1115,3,0
1094,294,1072,0,3
1086,295,1108,3,0
1087,295,1065,0,3
1090,295,1068,0,3
1092,295,1070,0,3
1093,295,1115,3,0
1094,295,1072,0,3
1086,296,1108,3,0
1087,296,1065,0,3
1090,296,1068,0,3
1092,296,1070,0,3
1093,296,1115,3,0
1094,296,1072,0,3
1086,297,1108,3,0
1087,297,1065,0,3
1090,297,1068,0,3
1092,297,1070,0,3
1093,297,1115,3,0
1094,297,1072,0,3
1086,298,1108,3,0
1090,298,1068,0,3
1092,298,1070,0,3
1093,298,1115,3,0
1094,298,1072,0,3
1092,299,1070,0,3
1093,299,1115,3,0
1094,299,1072,0,3
1092,300,1070,0,3
1093,300,1115,3,0
1094,300,1072,0,3
1093,301,1115,3,0
1094,301,1072,0,3
1094,302,1072,0,3
1094,303,1072,0,3
1094,304,1072,0,3
1094,305,1072,0,3
1097,305,1119,3,0
1094,306,1072,0,3
1097,306,1119,3,0
1094,307,1072,0,3
1097,307,1119,3,0
1116,308,1094,0,3
1116,309,1094,0,3
1116,310,1094,0,3
1116,311,1094,0,3
1116,312,1094,0,3
1116,313,1094,0,3
1115,314,1137,3,0
1116,314,1094,0,3
1114,315,1092,0,3
1115,315,1137,3,0
1116,315,1094,0,3
1108,316,1130,3,0
1114,316,1092,0,3
1115,316,1137,3,0
1116,316,1094,0,3
1108,317,1130,3,0
1112,317,1090,0,3
1114,317,1092,0,3
1115,317,1137,3,0
1116,317,1094,0,3
1108,318,1130,3,0
1112,318,1090,0,3
1114,318,1092,0,3
1115,318,1137,3,0
1116,318,1094,0,3
1108,319,1130,3,0
1112,319,1090,0,3
1114,319,1092,0,3
1115,319,1137,3,0
1116,319,1094,0,3
1108,320,1130,3,0
1112,320,1090,0,3
1114,320,1092,0,3
1115,320,1137,3,0
1116,320,1094,0,3
1114,321,1092,0,3
1115,321,1137,3,0
1116,321,1094,0,3
1114,322,1092,0,3
1115,322,1137,3,0
1116,322,1094,0,3
1115,323,1137,3,0
1116,323,1094,0,3
1116,324,1094,0,3
1116,325,1094,0,3
1116,326,1094,0,3
1116,327,1094,0,3
1116,328,1094,0,3
1116,329,1094,0,3
1138,330,1116,0,3
1138,331,1116,0,3
1138,332,1116,0,3
1138,333,1116,0,3
1138,334,1116,0,3
1138,335,1116,0,3
1137,336,1159,3,0
1138,336,1116,0,3
1136,337,1114,0,3
1137,337,1159,3,0
1138,337,1116,0,3
1136,338,1114,0,3
1137,338,1159,3,0
1138,338,1116,0,3
1134,339,1112,0,3
1136,339,1114,0,3
1137,339,1159,3,0
1138,339,1116,0,3
1134,340,1112,0,3
1136,340,1114,0,3
1137,340,1159,3,0
1138,340,1116,0,3
1134,341,1112,0,3
1136,341,1114,0,3
1137,341,1159,3,0
1138,341,1116,0,3
1134,342,1112,0,3
1136,342,1114,0,3
1137,342,1159,3,0
1138,342,1116,0,3
1136,343,1114,0,3
1137,343,1159,3,0
1138,343,1116,0,3
1136,344,1114,0,3
1137,344,1159,3,0
1138,344,1116,0,3
1137,345,1159,3,0
1138,345,1116,0,3
1138,346,1116,0,3
1138,347,1116,0,3
1138,348,1116,0,3
1138,349,1116,0,3
1138,350,1116,0,3
1138,351,1116,0,3
1143,351,1165,3,0
1160,352,1138,0,3
1160,353,1138,0,3
1160,354,1138,0,3
1160,355,1138,0,3
1160,356,1138,0,3
1160,357,1138,0,3
1159,358,1181,3,0
1160,358,1138,0,3
1158,359,1136,0,3
1159,359,1181,3,0
1160,359,1138,0,3
1152,360,1174,3,0
1158,360,1136,0,3
1159,360,1181,3,0
1160,360,1138,0,3
1152,361,1174,3,0
1156,361,1134,0,3
1158,361,1136,0,3
1159,361,1181,3,0
1160,361,1138,0,3
1152,362,1174,3,0
1156,362,1134,0,3
1158,362,1136,0,3
1159,362,1181,3,0
1160,362,1138,0,3
1152,363,1174,3,0
1156,363,1134,0,3
1158,363,1136,0,3
1159,363,1181,3,0
1160,363,1138,0,3
1152,364,1174,3,0
1156,364,1134,0,3
1158,364,1136,0,3
1159,364,1181,3,0
1160,364,1138,0,3
1158,365,1136,0,3
1159,365,1181,3,0
1160,365,1138,0,3
1158,366,1136,0,3
1159,366,1181,3,0
1160,366,1138,0,3
1159,367,1181,3,0
1160,367,1138,0,3
1160,368,1138,0,3
1160,369,1138,0,3
1160,370,1138,0,3
1160,371,1138,0,3
1160,372,1138,0,3
1160,373,1138,0,3
1165,373,1187,3,0
1182,374,1160,0,3
1182,375,1160,0,3
1182,376,1160,0,3
1182,377,1160,0,3
1182,378,1160,0,3
1182,379,1160,0,3
1182,380,1160,0,3
1180,381,1158,0,3
1182,381,1160,0,3
1174,382,1196,3,0
1180,382,1158,0,3
1182,382,1160,0,3
1174,383,1196,3,0
1178,383,1156,0,3
1180,383,1158,0,3
1182,383,1160,0,3
1174,384,1196,3,0
1178,384,1156,0,3
1180,384,1158,0,3
1182,384,1160,0,3
1174,385,1196,3,0
1178,385,1156,0,3
1180,385,1158,0,3
1182,385,1160,0,3
1174,386,1196,3,0
1178,386,1156,0,3
1180,386,1158,0,3
1182,386,1160,0,3
1180,387,1158,0,3
1182,387,1160,0,3
1180,388,1158,0,3
1182,388,1160,0,3
1182,389,1160,0,3
1182,390,1160,0,3
1182,391,1160,0,3
1182,392,1160,0,3
1182,393,1160,0,3
1182,394,1160,0,3
1182,395,1160,0,3
1187,395,1209,3,0
1204,396,1182,0,3
1204,397,1182,0,3
1204,398,1182,0,3
1204,399,1182,0,3
1204,400,1182,0,3
1204,401,1182,0,3
1203,402,1225,3,0
1204,402,1182,0,3
1202,403,1180,0,3
1203,403,1225,3,0
1204,403,1182,0,3
1196,404,1218,3,0
1202,404,1180,0,3
1203,404,1225,3,0
1204,404,1182,0,3
1196,405,1218,3,0
1200,405,1178,0,3
1202,405,1180,0,3
1203,405,1225,3,0
1204,405,1182,0,3
1196,406,1218,3,0
1200,406,1178,0,3
1202,406,1180,0,3
1203,406,1225,3,0
1204,406,1182,0,3
1196,407,1218,3,0
1200,407,1178,0,3
1202,407,1180,0,3
1203,407,1225,3,0
1204,407,1182,0,3
1196,408,1218,3,0
1200,408,1178,0,3
1202,408,1180,0,3
1203,408,1225,3,0
1204,408,1182,0,3
1202,409,1180,0,3
1203,409,1225,3,0
1204,409,1182,0,3
1202,410,1180,0,3
1203,410,1225,3,0
1204,410,1182,0,3
1203,411,1225,3,0
1204,411,1182,0,3
1204,412,1182,0,3
1204,413,1182,0,3
1204,414,1182,0,3
1204,415,1182,0,3
1204,416,1182,0,3
1204,417,1182,0,3
1209,417,1231,3,0
1215,418,1237,3,0
1215,419,1237,3,0
1215,420,1237,3,0
1215,421,1237,3,0
1215,422,1237,3,0
1215,423,1237,3,0
1215,424,1237,3,0
1225,424,1247,3,0
1215,425,1237,3,0
1224,425,1202,0,3
1225,425,1247,3,0
1215,426,1237,3,0
1218,426,1240,3,0
1224,426,1202,0,3
1225,426,1247,3,0
1215,427,1237,3,0
1218,427,1240,3,0
1222,427,1200,0,3
1224,427,1202,0,3
1225,427,1247,3,0
1215,428,1237,3,0
1218,428,1240,3,0
1222,428,1200,0,3
1224,428,1202,0,3
1225,428,1247,3,0
1215,429,1237,3,0
1218,429,1240,3,0
1222,429,1200,0,3
1224,429,1202,0,3
1225,429,1247,3,0
1215,430,1237,3,0
1218,430,1240,3,0
1222,430,1200,0,3
1224,430,1202,0,3
1225,430,1247,3,0
1215,431,1237,3,0
1224,431,1202,0,3
1225,431,1247,3,0
1215,432,1237,3,0
1224,432,1202,0,3
1225,432,1247,3,0
1215,433,1237,3,0
1225,433,1247,3,0
1215,435,1237,3,0
1215,436,1237,3,0
1215,437,1237,3,0
1215,438,1237,3,0
1215,439,1237,3,0
1231,439,1253,3,0
1237,440,1259,3,0
1237,441,1259,3,0
1237,442,1259,3,0
1237,443,1259,3,0
1237,444,1259,3,0
1237,445,1259,3,0
1237,446,1259,3,0
1247,446,1269,3,0
1237,447,1259,3,0
1246,447,1224,0,3
1247,447,1269,3,0
1237,448,1259,3,0
1240,448,1262,3,0
1246,448,1224,0,3
1247,448,1269,3,0
1237,449,1259,3,0
1240,449,1262,3,0
1244,449,1222,0,3
1246,449,1224,0,3
1247,449,1269,3,0
1237,450,1259,3,0
1240,450,1262,3,0
1244,450,1222,0,3
1246,450,1224,0,3
1247,450,1269,3,0
1237,451,1259,3,0
1240,451,1262,3,0
1244,451,1222,0,3
1246,451,1224,0,3
1247,451,1269,3,0
1237,452,1259,3,0
1240,452,1262,3,0
1244,452,1222,0,3
1246,452,1224,0,3
1247,452,1269,3,0
1237,453,1259,3,0
1246,453,1224,0,3
1247,453,1269,3,0
1237,454,1259,3,0
1246,454,1224,0,3
1247,454,1269,3,0
1237,455,1259,3,0
1247,455,1269,3,0
1237,457,1259,3,0
1237,458,1259,3,0
1237,459,1259,3,0
1237,460,1259,3,0
1237,461,1259,3,0
1253,461,1275,3,0
1259,462,1281,3,0
1273,462,1295,3,0
1259,463,1281,3,0
1273,463,1295,3,0
1259,464,1281,3,0
1259,465,1281,3,0
1259,466,1281,3,0
1259,467,1281,3,0
1259,468,1281,3,0
1269,468,1291,3,0
1259,469,1281,3,0
1268,469,1246,0,3
1269,469,1291,3,0
1259,470,1281,3,0
1262,470,1284,3,0
1268,470,1246,0,3
1269,470,1291,3,0
1259,471,1281,3,0
1262,471,1284,3,0
1266,471,1244,0,3
1268,471,1246,0,3
1269,471,1291,3,0
1259,472,1281,3,0
1262,472,1284,3,0
1266,472,1244,0,3
1268,472,1246,0,3
1269,472,1291,3,0
1259,473,1281,3,0
1262,473,1284,3,0
1266,473,1244,0,3
1268,473,1246,0,3
1269,473,1291,3,0
1259,474,1281,3,0
1262,474,1284,3,0
1266,474,1244,0,3
1268,474,1246,0,3
1269,474,1291,3,0
1259,475,1281,3,0
1268,475,1246,0,3
1269,475,1291,3,0
1259,476,1281,3,0
1268,476,1246,0,3
1269,476,1291,3,0
1259,477,1281,3,0
1269,477,1291,3,0
1259,479,1281,3,0
1259,480,1281,3,0
1259,481,1281,3,0
1273,481,1295,3,0
1259,482,1281,3,0
1273,482,1295,3,0
1259,483,1281,3,0
1273,483,1295,3,0
1275,483,1297,3,0
1281,484,1303,3,0
1292,484,1270,0,3
1281,485,1303,3,0
1292,485,1270,0,3
1281,486,1303,3,0
1292,486,1270,0,3
1281,487,1303,3,0
1292,487,1270,0,3
1281,488,1303,3,0
1292,488,1270,0,3
1281,489,1303,3,0
1292,489,1270,0,3
1281,490,1303,3,0
1291,490,1313,3,0
1292,490,1270,0,3
1281,491,1303,3,0
1290,491,1268,0,3
1291,491,1313,3,0
1292,491,1270,0,3
1281,492,1303,3,0
1284,492,1306,3,0
1290,492,1268,0,3
1291,492,1313,3,0
1292,492,1270,0,3
1281,493,1303,3,0
1284,493,1306,3,0
1288,493,1266,0,3
1290,493,1268,0,3
1291,493,1313,3,0
1292,493,1270,0,3
1281,494,1303,3,0
1284,494,1306,3,0
1288,494,1266,0,3
1290,494,1268,0,3
1291,494,1313,3,0
1292,494,1270,0,3
1281,495,1303,3,0
1284,495,1306,3,0
1288,495,1266,0,3
1290,495,1268,0,3
1291,495,1313,3,0
1292,495,1270,0,3
1281,496,1303,3,0
1284,496,1306,3,0
1288,496,1266,0,3
1290,496,1268,0,3
1291,496,1313,3,0
1292,496,1270,0,3
1281,497,1303,3,0
1290,497,1268,0,3
1291,497,1313,3,0
1292,497,1270,0,3
1281,498,1303,3,0
1290,498,1268,0,3
1291,498,1313,3,0
1292,498,1270,0,3
1281,499,1303,3,0
1291,499,1313,3,0
1292,499,1270,0,3
1292,500,1270,0,3
1281,501,1303,3,0
1292,501,1270,0,3
1281,502,1303,3,0
1292,502,1270,0,3
1281,503,1303,3,0
1292,503,1270,0,3
1281,504,1303,3,0
1292,504,1270,0,3
1281,505,1303,3,0
1292,505,1270,0,3
1297,505,1319,3,0
1303,506,1325,3,0
1314,506,1292,0,3
1303,507,1325,3,0
1314,507,1292,0,3
1303,508,1325,3,0
1314,508,1292,0,3
1303,509,1325,3,0
1314,509,1292,0,3
1303,510,1325,3,0
1314,510,1292,0,3
1303,511,1325,3,0
1314,511,1292,0,3
1303,512,1325,3,0
1313,512,1335,3,0
1314,512,1292,0,3
1303,513,1325,3,0
1312,513,1290,0,3
1313,513,1335,3,0
1314,513,1292,0,3
1303,514,1325,3,0
1306,514,1328,3,0
1312,514,1290,0,3
1313,514,1335,3,0
1314,514,1292,0,3
1303,515,1325,3,0
1306,515,1328,3,0
1307,515,1329,3,0
1310,515,1288,0,3
1312,515,1290,0,3
1313,515,1335,3,0
1314,515,1292,0,3
1303,516,1325,3,0
1306,516,1328,3,0
1307,516,1329,3,0
1310,516,1288,0,3
1312,516,1290,0,3
1313,516,1335,3,0
1314,516,1292,0,3
1303,517,1325,3,0
1306,517,1328,3,0
1307,517,1329,3,0
1310,517,1288,0,3
1312,517,1290,0,3
1313,517,1335,3,0
1314,517,1292,0,3
1303,518,1325,3,0
1306,518,1328,3,0
1310,518,1288,0,3
1312,518,1290,0,3
1313,518,1335,3,0
1314,518,1292,0,3
1303,519,1325,3,0
1312,519,1290,0,3
1313,519,1335,3,0
1314,519,1292,0,3
1303,520,1325,3,0
1312,520,1290,0,3
1313,520,1335,3,0
1314,520,1292,0,3
1303,521,1325,3,0
1313,521,1335,3,0
1314,521,1292,0,3
1314,522,1292,0,3
1303,523,1325,3,0
1314,523,1292,0,3
1303,524,1325,3,0
1314,524,1292,0,3
1303,525,1325,3,0
1314,525,1292,0,3
1303,526,1325,3,0
1314,526,1292,0,3
1303,527,1325,3,0
1314,527,1292,0,3
1319,527,1341,3,0
1325,528,1347,3,0
1337,528,1315,0,3
1325,529,1347,3,0
1337,529,1315,0,3
1325,530,1347,3,0
1337,530,1315,0,3
1325,531,1347,3,0
1337,531,1315,0,3
1325,532,1347,3,0
1325,533,1347,3,0
1325,534,1347,3,0
1325,535,1347,3,0
1334,535,1312,0,3
1325,536,1347,3,0
1328,536,1350,3,0
1334,536,1312,0,3
1325,537,1347,3,0
1328,537,1350,3,0
1329,537,1351,3,0
1332,537,1310,0,3
1334,537,1312,0,3
1325,538,1347,3,0
1328,538,1350,3,0
1329,538,1351,3,0
1332,538,1310,0,3
1334,538,1312,0,3
1325,539,1347,3,0
1328,539,1350,3,0
1329,539,1351,3,0
1332,539,1310,0,3
1334,539,1312,0,3
1325,540,1347,3,0
1328,540,1350,3,0
1332,540,1310,0,3
1334,540,1312,0,3
1325,541,1347,3,0
1334,541,1312,0,3
1325,542,1347,3,0
1334,542,1312,0,3
1325,543,1347,3,0
1325,545,1347,3,0
1337,545,1315,0,3
1325,546,1347,3,0
1337,546,1315,0,3
1325,547,1347,3,0
1337,547,1315,0,3
1325,548,1347,3,0
1337,548,1315,0,3
1325,549,1347,3,0
1337,549,1315,0,3
1341,549,1363,3,0
1347,550,1369,3,0
1359,550,1337,0,3
1361,550,1383,3,0
1347,551,1369,3,0
1359,551,1337,0,3
1361,551,1383,3,0
1347,552,1369,3,0
1359,552,1337,0,3
1347,553,1369,3,0
1359,553,1337,0,3
1347,554,1369,3,0
1347,555,1369,3,0
1347,556,1369,3,0
1347,557,1369,3,0
1356,557,1334,0,3
1347,558,1369,3,0
1350,558,1372,3,0
1356,558,1334,0,3
1347,559,1369,3,0
1350,559,1372,3,0
1354,559,1332,0,3
1356,559,1334,0,3
1347,560,1369,3,0
1350,560,1372,3,0
1354,560,1332,0,3
1356,560,1334,0,3
1347,561,1369,3,0
1350,561,1372,3,0
1354,561,1332,0,3
1356,561,1334,0,3
1347,562,1369,3,0
1350,562,1372,3,0
1354,562,1332,0,3
1356,562,1334,0,3
1347,563,1369,3,0
1356,563,1334,0,3
1347,564,1369,3,0
1356,564,1334,0,3
1347,565,1369,3,0
1347,567,1369,3,0
1359,567,1337,0,3
1347,568,1369,3,0
1359,568,1337,0,3
1347,569,1369,3,0
1359,569,1337,0,3
1361,569,1383,3,0
1347,570,1369,3,0
1359,570,1337,0,3
1361,570,1383,3,0
1347,571,1369,3,0
1359,571,1337,0,3
1361,571,1383,3,0
1363,571,1385,3,0
1364,572,1342,0,2
1381,572,1359,0,3
1383,572,1405,3,0
1381,573,1359,0,3
1383,573,1405,3,0
1381,574,1359,0,3
1381,575,1359,0,3
1372,580,1394,3,0
1372,581,1394,3,0
1376,581,1354,0,3
1372,582,1394,3,0
1374,582,1396,3,0
1376,582,1354,0,3
1372,583,1394,3,0
1376,583,1354,0,3
1372,584,1394,3,0
1376,584,1354,0,3
1381,589,1359,0,3
1381,590,1359,0,3
1381,591,1359,0,3
1383,591,1405,3,0
1381,592,1359,0,3
1383,592,1405,3,0
1364,593,1342,0,2
1381,593,1359,0,3
1383,593,1405,3,0
1386,594,1364,0,2
1403,594,1381,0,3
1405,594,1427,3,0
1403,595,1381,0,3
1405,595,1427,3,0
1403,596,1381,0,3
1403,597,1381,0,3
1400,601,1378,0,3
1394,602,1416,3,0
1400,602,1378,0,3
1394,603,1416,3,0
1398,603,1376,0,3
1400,603,1378,0,3
1394,604,1416,3,0
1396,604,1418,3,0
1398,604,1376,0,3
1400,604,1378,0,3
1394,605,1416,3,0
1398,605,1376,0,3
1400,605,1378,0,3
1394,606,1416,3,0
1398,606,1376,0,3
1400,606,1378,0,3
1400,607,1378,0,3
1400,608,1378,0,3
1403,611,1381,0,3
1403,612,1381,0,3
1403,613,1381,0,3
1405,613,1427,3,0
1403,614,1381,0,3
1405,614,1427,3,0
1386,615,1364,0,2
1403,615,1381,0,3
1405,615,1427,3,0
1408,616,1386,0,2
1411,616,1433,3,0
1425,616,1403,0,3
1427,616,1449,3,0
1411,617,1433,3,0
1425,617,1403,0,3
1427,617,1449,3,0
1411,618,1433,3,0
1425,618,1403,0,3
1411,619,1433,3,0
1425,619,1403,0,3
1422,623,1400,0,3
1416,624,1438,3,0
1422,624,1400,0,3
1416,625,1438,3,0
1420,625,1398,0,3
1422,625,1400,0,3
1416,626,1438,3,0
1420,626,1398,0,3
1422,626,1400,0,3
1416,627,1438,3,0
1420,627,1398,0,3
1422,627,1400,0,3
1416,628,1438,3,0
1420,628,1398,0,3
1422,628,1400,0,3
1422,629,1400,0,3
1422,630,1400,0,3
1425,633,1403,0,3
1411,634,1433,3,0
1425,634,1403,0,3
1411,635,1433,3,0
1425,635,1403,0,3
1427,635,1449,3,0
1411,636,1433,3,0
1425,636,1403,0,3
1427,636,1449,3,0
1408,637,1386,0,2
1411,637,1433,3,0
1425,637,1403,0,3
1427,637,1449,3,0
1429,637,1451,3,0
1430,638,1408,0,2
1433,638,1455,3,0
1447,638,1425,0,3
1449,638,1471,3,0
1433,639,1455,3,0
1447,639,1425,0,3
1449,639,1471,3,0
1433,640,1455,3,0
1447,640,1425,0,3
1433,641,1455,3,0
1447,641,1425,0,3
1438,646,1460,3,0
1438,647,1460,3,0
1442,647,1420,0,3
1438,648,1460,3,0
1442,648,1420,0,3
1438,649,1460,3,0
1442,649,1420,0,3
1438,650,1460,3,0
1442,650,1420,0,3
1447,655,1425,0,3
1433,656,1455,3,0
1447,656,1425,0,3
1433,657,1455,3,0
1447,657,1425,0,3
1449,657,1471,3,0
1433,658,1455,3,0
1447,658,1425,0,3
1449,658,1471,3,0
1430,659,1408,0,2
1433,659,1455,3,0
1447,659,1425,0,3
1449,659,1471,3,0
1451,659,1473,3,0
1452,660,1430,0,2
1455,660,1477,3,0
1469,660,1447,0,3
1455,661,1477,3,0
1469,661,1447,0,3
1455,662,1477,3,0
1469,662,1447,0,3
1455,663,1477,3,0
1469,663,1447,0,3
1460,668,1482,3,0
1460,669,1482,3,0
1464,669,1442,0,3
1460,670,1482,3,0
1464,670,1442,0,3
1460,671,1482,3,0
1464,671,1442,0,3
1460,672,1482,3,0
1464,672,1442,0,3
1469,677,1447,0,3
1455,678,1477,3,0
1469,678,1447,0,3
1455,679,1477,3,0
1469,679,1447,0,3
1455,680,1477,3,0
1469,680,1447,0,3
1452,681,1430,0,2
1455,681,1477,3,0
1469,681,1447,0,3
1473,681,1495,3,0
1474,682,1452,0,2
1478,682,1456,0,3
1491,682,1469,0,3
1478,683,1456,0,3
1491,683,1469,0,3
1478,684,1456,0,3
1491,684,1469,0,3
1478,685,1456,0,3
1491,685,1469,0,3
1478,686,1456,0,3
1482,690,1504,3,0
1482,691,1504,3,0
1483,691,1461,0,3
1486,691,1464,0,3
1482,692,1504,3,0
1483,692,1461,0,3
1486,692,1464,0,3
1482,693,1504,3,0
1483,693,1461,0,3
1486,693,1464,0,3
1482,694,1504,3,0
1486,694,1464,0,3
1478,699,1456,0,3
1491,699,1469,0,3
1478,700,1456,0,3
1491,700,1469,0,3
1478,701,1456,0,3
1491,701,1469,0,3
1478,702,1456,0,3
1491,702,1469,0,3
1474,703,1452,0,2
1478,703,1456,0,3
1491,703,1469,0,3
1495,703,1517,3,0
1499,704,1521,3,0
1500,704,1478,0,3
1513,704,1491,0,3
1499,705,1521,3,0
1500,705,1478,0,3
1513,705,1491,0,3
1499,706,1521,3,0
1500,706,1478,0,3
1513,706,1491,0,3
1499,707,1521,3,0
1500,707,1478,0,3
1513,707,1491,0,3
1500,708,1478,0,3
1504,712,1526,3,0
1504,713,1526,3,0
1505,713,1483,0,3
1508,713,1486,0,3
1504,714,1526,3,0
1505,714,1483,0,3
1508,714,1486,0,3
1504,715,1526,3,0
1505,715,1483,0,3
1508,715,1486,0,3
1504,716,1526,3,0
1508,716,1486,0,3
1500,721,1478,0,3
1513,721,1491,0,3
1499,722,1521,3,0
1500,722,1478,0,3
1513,722,1491,0,3
1499,723,1521,3,0
1500,723,1478,0,3
1513,723,1491,0,3
1499,724,1521,3,0
1500,724,1478,0,3
1513,724,1491,0,3
1499,725,1521,3,0
1500,725,1478,0,3
1513,725,1491,0,3
1517,725,1539,3,0
1518,726,1496,0,2
1521,726,1543,3,0
1522,726,1500,0,3
1534,726,1512,0,3
1535,726,1513,0,3
1537,726,1559,3,0
1521,727,1543,3,0
1522,727,1500,0,3
1534,727,1512,0,3
1535,727,1513,0,3
1537,727,1559,3,0
1521,728,1543,3,0
1522,728,1500,0,3
1534,728,1512,0,3
1535,728,1513,0,3
1521,729,1543,3,0
1522,729,1500,0,3
1534,729,1512,0,3
1535,729,1513,0,3
1522,730,1500,0,3
1534,730,1512,0,3
1534,731,1512,0,3
1534,732,1512,0,3
1525,733,1503,0,3
1532,733,1510,0,3
1534,733,1512,0,3
1525,734,1503,0,3
1526,734,1548,3,0
1532,734,1510,0,3
1534,734,1512,0,3
1525,735,1503,0,3
1526,735,1548,3,0
1530,735,1508,0,3
1532,735,1510,0,3
1534,735,1512,0,3
1525,736,1503,0,3
1526,736,1548,3,0
1528,736,1550,3,0
1529,736,1551,3,0
1530,736,1508,0,3
1532,736,1510,0,3
1534,736,1512,0,3
1525,737,1503,0,3
1526,737,1548,3,0
1529,737,1551,3,0
1530,737,1508,0,3
1532,737,1510,0,3
1534,737,1512,0,3
1525,738,1503,0,3
1526,738,1548,3,0
1530,738,1508,0,3
1532,738,1510,0,3
1534,738,1512,0,3
1525,739,1503,0,3
1532,739,1510,0,3
1534,739,1512,0,3
1532,740,1510,0,3
1534,740,1512,0,3
1534,741,1512,0,3
1534,742,1512,0,3
1522,743,1500,0,3
1534,743,1512,0,3
1535,743,1513,0,3
1521,744,1543,3,0
1522,744,1500,0,3
1534,744,1512,0,3
1535,744,1513,0,3
1521,745,1543,3,0
1522,745,1500,0,3
1534,745,1512,0,3
1535,745,1513,0,3
1537,745,1559,3,0
1521,746,1543,3,0
1522,746,1500,0,3
1534,746,1512,0,3
1535,746,1513,0,3
1537,746,1559,3,0
1518,747,1496,0,2
1521,747,1543,3,0
1522,747,1500,0,3
1534,747,1512,0,3
1535,747,1513,0,3
1537,747,1559,3,0
1540,748,1518,0,2
1543,748,1565,3,0
1544,748,1522,0,3
1545,748,1523,0,3
1556,748,1534,0,3
1557,748,1535,0,3
1559,748,1581,3,0
1543,749,1565,3,0
1544,749,1522,0,3
1545,749,1523,0,3
1556,749,1534,0,3
1557,749,1535,0,3
1559,749,1581,3,0
1543,750,1565,3,0
1544,750,1522,0,3
1545,750,1523,0,3
1556,750,1534,0,3
1557,750,1535,0,3
1543,751,1565,3,0
1544,751,1522,0,3
1545,751,1523,0,3
1556,751,1534,0,3
1557,751,1535,0,3
1544,752,1522,0,3
1545,752,1523,0,3
1556,752,1534,0,3
1545,753,1523,0,3
1556,753,1534,0,3
1545,754,1523,0,3
1556,754,1534,0,3
1545,755,1523,0,3
1547,755,1525,0,3
1556,755,1534,0,3
1545,756,1523,0,3
1547,756,1525,0,3
1548,756,1570,3,0
1556,756,1534,0,3
1545,757,1523,0,3
1547,757,1525,0,3
1548,757,1570,3,0
1552,757,1530,0,3
1556,757,1534,0,3
1545,758,1523,0,3
1547,758,1525,0,3
1548,758,1570,3,0
1550,758,1572,3,0
1551,758,1573,3,0
1552,758,1530,0,3
1556,758,1534,0,3
1545,759,1523,0,3
1547,759,1525,0,3
1548,759,1570,3,0
1551,759,1573,3,0
1552,759,1530,0,3
1556,759,1534,0,3
1545,760,1523,0,3
1547,760,1525,0,3
1548,760,1570,3,0
1552,760,1530,0,3
1556,760,1534,0,3
1545,761,1523,0,3
1547,761,1525,0,3
1556,761,1534,0,3
1545,762,1523,0,3
1556,762,1534,0,3
1545,763,1523,0,3
1556,763,1534,0,3
1556,764,1534,0,3
1544,765,1522,0,3
1545,765,1523,0,3
1556,765,1534,0,3
1557,765,1535,0,3
1543,766,1565,3,0
1544,766,1522,0,3
1545,766,1523,0,3
1556,766,1534,0,3
1557,766,1535,0,3
1543,767,1565,3,0
1544,767,1522,0,3
1545,767,1523,0,3
1556,767,1534,0,3
1557,767,1535,0,3
1559,767,1581,3,0
1543,768,1565,3,0
1544,768,1522,0,3
1545,768,1523,0,3
1556,768,1534,0,3
1557,768,1535,0,3
1559,768,1581,3,0
1540,769,1518,0,2
1543,769,1565,3,0
1544,769,1522,0,3
1545,769,1523,0,3
1556,769,1534,0,3
1557,769,1535,0,3
1559,769,1581,3,0
1565,770,3,3,3
1578,770,1556,0,3
1579,770,1557,0,3
1581,770,19,3,3
1565,771,3,3,3
1578,771,1556,0,3
1579,771,1557,0,3
1581,771,19,3,3
1565,772,3,3,3
1578,772,1556,0,3
1579,772,1557,0,3
1565,773,3,3,3
1578,773,1556,0,3
1579,773,1557,0,3
1578,774,1556,0,3
1578,775,1556,0,3
1578,776,1556,0,3
1569,777,1547,0,3
1578,777,1556,0,3
1569,778,1547,0,3
1570,778,8,3,3
1578,778,1556,0,3
1569,779,1547,0,3
1570,779,8,3,3
1571,779,1549,0,3
1574,779,1552,0,3
1578,779,1556,0,3
1569,780,1547,0,3
1570,780,8,3,3
1571,780,1549,0,3
1574,780,1552,0,3
1578,780,1556,0,3
1569,781,1547,0,3
1570,781,8,3,3
1571,781,1549,0,3
1574,781,1552,0,3
1578,781,1556,0,3
1569,782,1547,0,3
1570,782,8,3,3
1574,782,1552,0,3
1578,782,1556,0,3
1569,783,1547,0,3
1578,783,1556,0,3
1578,784,1556,0,3
1578,785,1556,0,3
1578,786,1556,0,3
1578,787,1556,0,3
1579,787,1557,0,3
1565,788,3,3,3
1578,788,1556,0,3
1579,788,1557,0,3
1565,789,3,3,3
1578,789,1556,0,3
1579,789,1557,0,3
1581,789,19,3,3
1565,790,3,3,3
1578,790,1556,0,3
1579,790,1557,0,3
1581,790,19,3,3
1565,791,3,3,3
1578,791,1556,0,3
1579,791,1557,0,3
1581,791,19,3,3
0,792,1562,3,2
1,792,23,2,0
3,792,25,2,0
5,792,1567,3,3
16,792,1578,3,3
17,792,1579,3,3
19,792,41,2,0
1,793,23,2,0
3,793,25,2,0
5,793,1567,3,3
16,793,1578,3,3
17,793,1579,3,3
19,793,41,2,0
3,794,25,2,0
5,794,1567,3,3
16,794,1578,3,3
17,794,1579,3,3
3,795,25,2,0
5,795,1567,3,3
16,795,1578,3,3
17,795,1579,3,3
5,796,1567,3,3
16,796,1578,3,3
5,797,1567,3,3
16,797,1578,3,3
5,798,1567,3,3
6,798,1568,3,3
15,798,1577,3,3
16,798,1578,3,3
5,799,1567,3,3
6,799,1568,3,3
7,799,1569,3,3
14,799,1576,3,3
15,799,1577,3,3
16,799,1578,3,3
5,800,1567,3,3
6,800,1568,3,3
7,800,1569,3,3
8,800,30,2,0
13,800,1575,3,3
14,800,1576,3,3
15,800,1577,3,3
16,800,1578,3,3
5,801,1567,3,3
6,801,1568,3,3
7,801,1569,3,3
8,801,30,2,0
9,801,1571,3,3
13,801,1575,3,3
14,801,1576,3,3
15,801,1577,3,3
16,801,1578,3,3
5,802,1567,3,3
6,802,1568,3,3
7,802,1569,3,3
8,802,30,2,0
9,802,1571,3,3
13,802,1575,3,3
14,802,1576,3,3
15,802,1577,3,3
16,802,1578,3,3
5,803,1567,3,3
6,803,1568,3,3
7,803,1569,3,3
8,803,30,2,0
9,803,1571,3,3
13,803,1575,3,3
14,803,1576,3,3
15,803,1577,3,3
16,803,1578,3,3
5,804,1567,3,3
6,804,1568,3,3
7,804,1569,3,3
8,804,30,2,0
13,804,1575,3,3
14,804,1576,3,3
15,804,1577,3,3
16,804,1578,3,3
5,805,1567,3,3
6,805,1568,3,3
7,805,1569,3,3
13,805,1575,3,3
14,805,1576,3,3
15,805,1577,3,3
16,805,1578,3,3
5,806,1567,3,3
6,806,1568,3,3
14,806,1576,3,3
15,806,1577,3,3
16,806,1578,3,3
5,807,1567,3,3
15,807,1577,3,3
16,807,1578,3,3
16,808,1578,3,3
5,809,1567,3,3
16,809,1578,3,3
17,809,1579,3,3
3,810,25,2,0
5,810,1567,3,3
16,810,1578,3,3
17,810,1579,3,3
3,811,25,2,0
5,811,1567,3,3
16,811,1578,3,3
17,811,1579,3,3
19,811,41,2,0
1,812,23,2,0
3,812,25,2,0
5,812,1567,3,3
16,812,1578,3,3
17,812,1579,3,3
19,812,41,2,0
0,813,1562,3,2
1,813,23,2,0
3,813,25,2,0
5,813,1567,3,3
16,813,1578,3,3
17,813,1579,3,3
19,813,41,2,0
21,813,43,2,0
23,814,45,3,0
24,814,46,3,0
25,814,47,3,0
38,814,16,0,2
39,814,17,0,2
41,814,63,3,0
42,814,20,0,2
23,815,45,3,0
24,815,46,3,0
25,815,47,3,0
38,815,16,0,2
39,815,17,0,2
41,815,63,3,0
24,816,46,3,0
25,816,47,3,0
38,816,16,0,2
39,816,17,0,2
25,817,47,3,0
38,817,16,0,2
39,817,17,0,2
38,818,16,0,2
38,819,16,0,2
28,820,6,0,2
37,820,15,0,2
38,820,16,0,2
28,821,6,0,2
29,821,7,0,2
36,821,14,0,2
37,821,15,0,2
38,821,16,0,2
28,822,6,0,2
29,822,7,0,2
30,822,52,3,0
35,822,13,0,2
36,822,14,0,2
37,822,15,0,2
38,822,16,0,2
28,823,6,0,2
29,823,7,0,2
30,823,52,3,0
34,823,56,3,0
35,823,13,0,2
36,823,14,0,2
37,823,15,0,2
38,823,16,0,2
28,824,6,0,2
29,824,7,0,2
30,824,52,3,0
34,824,56,3,0
35,824,13,0,2
36,824,14,0,2
37,824,15,0,2
38,824,16,0,2
28,825,6,0,2
29,825,7,0,2
30,825,52,3,0
34,825,56,3,0
35,825,13,0,2
36,825,14,0,2
37,825,15,0,2
38,825,16,0,2
28,826,6,0,2
29,826,7,0,2
30,826,52,3,0
34,826,56,3,0
35,826,13,0,2
36,826,14,0,2
37,826,15,0,2
38,826,16,0,2
28,827,6,0,2
29,827,7,0,2
35,827,13,0,2
36,827,14,0,2
37,827,15,0,2
38,827,16,0,2
28,828,6,0,2
36,828,14,0,2
37,828,15,0,2
38,828,16,0,2
37,829,15,0,2
38,829,16,0,2
38,830,16,0,2
38,831,16,0,2
39,831,17,0,2
25,832,47,3,0
38,832,16,0,2
39,832,17,0,2
24,833,46,3,0
25,833,47,3,0
38,833,16,0,2
39,833,17,0,2
41,833,63,3,0
23,834,45,3,0
24,834,46,3,0
25,834,47,3,0
38,834,16,0,2
39,834,17,0,2
41,834,63,3,0
42,834,20,0,2
23,835,45,3,0
24,835,46,3,0
25,835,47,3,0
38,835,16,0,2
39,835,17,0,2
41,835,63,3,0
42,835,20,0,2
43,835,65,3,0
46,836,68,3,0
47,836,69,3,0
60,836,38,0,3
63,836,85,3,0
64,836,42,0,3
46,837,68,3,0
47,837,69,3,0
60,837,38,0,3
63,837,85,3,0
46,838,68,3,0
47,838,69,3,0
60,838,38,0,3
47,839,69,3,0
60,839,38,0,3
60,840,38,0,3
60,841,38,0,3
50,842,28,0,3
59,842,37,0,3
60,842,38,0,3
50,843,28,0,3
51,843,29,0,3
59,843,37,0,3
60,843,38,0,3
50,844,28,0,3
51,844,29,0,3
57,844,35,0,3
59,844,37,0,3
60,844,38,0,3
50,845,28,0,3
51,845,29,0,3
56,845,78,3,0
57,845,35,0,3
59,845,37,0,3
60,845,38,0,3
50,846,28,0,3
51,846,29,0,3
56,846,78,3,0
57,846,35,0,3
59,846,37,0,3
60,846,38,0,3
50,847,28,0,3
51,847,29,0,3
56,847,78,3,0
57,847,35,0,3
59,847,37,0,3
60,847,38,0,3
50,848,28,0,3
51,848,29,0,3
56,848,78,3,0
57,848,35,0,3
59,848,37,0,3
60,848,38,0,3
50,849,28,0,3
51,849,29,0,3
57,849,35,0,3
59,849,37,0,3
60,849,38,0,3
50,850,28,0,3
59,850,37,0,3
60,850,38,0,3
59,851,37,0,3
60,851,38,0,3
60,852,38,0,3
60,853,38,0,3
47,854,69,3,0
60,854,38,0,3
46,855,68,3,0
47,855,69,3,0
60,855,38,0,3
63,855,85,3,0
46,856,68,3,0
47,856,69,3,0
60,856,38,0,3
63,856,85,3,0
64,856,42,0,3
46,857,68,3,0
47,857,69,3,0
60,857,38,0,3
63,857,85,3,0
64,857,42,0,3
65,857,87,3,0
68,858,90,3,0
82,858,60,0,3
85,858,107,3,0
86,858,64,0,3
68,859,90,3,0
82,859,60,0,3
85,859,107,3,0
68,860,90,3,0
82,860,60,0,3
82,861,60,0,3
82,862,60,0,3
82,863,60,0,3
72,864,50,0,3
81,864,59,0,3
82,864,60,0,3
72,865,50,0,3
81,865,59,0,3
82,865,60,0,3
72,866,50,0,3
79,866,57,0,3
81,866,59,0,3
82,866,60,0,3
72,867,50,0,3
75,867,53,0,3
78,867,100,3,0
79,867,57,0,3
81,867,59,0,3
82,867,60,0,3
72,868,50,0,3
75,868,53,0,3
77,868,99,3,0
78,868,100,3,0
79,868,57,0,3
81,868,59,0,3
82,868,60,0,3
72,869,50,0,3
75,869,53,0,3
77,869,99,3,0
78,869,100,3,0
79,869,57,0,3
81,869,59,0,3
82,869,60,0,3
72,870,50,0,3
78,870,100,3,0
79,870,57,0,3
81,870,59,0,3
82,870,60,0,3
72,871,50,0,3
79,871,57,0,3
81,871,59,0,3
82,871,60,0,3
72,872,50,0,3
81,872,59,0,3
82,872,60,0,3
81,873,59,0,3
82,873,60,0,3
82,874,60,0,3
82,875,60,0,3
82,876,60,0,3
68,877,90,3,0
82,877,60,0,3
85,877,107,3,0
68,878,90,3,0
82,878,60,0,3
85,878,107,3,0
86,878,64,0,3
68,879,90,3,0
82,879,60,0,3
85,879,107,3,0
86,879,64,0,3
87,879,109,3,0
90,880,112,3,0
91,880,69,0,3
104,880,82,0,3
105,880,83,0,3
108,880,86,0,3
90,881,112,3,0
91,881,69,0,3
104,881,82,0,3
105,881,83,0,3
90,882,112,3,0
91,882,69,0,3
104,882,82,0,3
105,882,83,0,3
91,883,69,0,3
104,883,82,0,3
105,883,83,0,3
104,884,82,0,3
104,885,82,0,3
103,886,81,0,3
104,886,82,0,3
103,887,81,0,3
104,887,82,0,3
96,888,118,3,0
103,888,81,0,3
104,888,82,0,3
96,889,118,3,0
100,889,122,3,0
103,889,81,0,3
104,889,82,0,3
96,890,118,3,0
98,890,76,0,3
99,890,121,3,0
100,890,122,3,0
103,890,81,0,3
104,890,82,0,3
96,891,118,3,0
99,891,121,3,0
100,891,122,3,0
103,891,81,0,3
104,891,82,0,3
96,892,118,3,0
100,892,122,3,0
103,892,81,0,3
104,892,82,0,3
103,893,81,0,3
104,893,82,0,3
103,894,81,0,3
104,894,82,0,3
103,895,81,0,3
104,895,82,0,3
104,896,82,0,3
104,897,82,0,3
105,897,83,0,3
91,898,69,0,3
104,898,82,0,3
105,898,83,0,3
90,899,112,3,0
91,899,69,0,3
104,899,82,0,3
105,899,83,0,3
90,900,112,3,0
91,900,69,0,3
104,900,82,0,3
105,900,83,0,3
108,900,86,0,3
90,901,112,3,0
91,901,69,0,3
104,901,82,0,3
105,901,83,0,3
108,901,86,0,3
112,902,134,3,0
113,902,91,0,3
126,902,104,0,3
127,902,105,0,3
112,903,134,3,0
113,903,91,0,3
126,903,104,0,3
127,903,105,0,3
112,904,134,3,0
113,904,91,0,3
126,904,104,0,3
127,904,105,0,3
113,905,91,0,3
126,905,104,0,3
127,905,105,0,3
126,906,104,0,3
126,907,104,0,3
125,908,103,0,3
126,908,104,0,3
125,909,103,0,3
126,909,104,0,3
118,910,140,3,0
125,910,103,0,3
126,910,104,0,3
118,911,140,3,0
119,911,141,3,0
125,911,103,0,3
126,911,104,0,3
118,912,140,3,0
119,912,141,3,0
120,912,98,0,3
121,912,143,3,0
125,912,103,0,3
126,912,104,0,3
118,913,140,3,0
119,913,141,3,0
121,913,143,3,0
125,913,103,0,3
126,913,104,0,3
118,914,140,3,0
125,914,103,0,3
126,914,104,0,3
125,915,103,0,3
126,915,104,0,3
125,916,103,0,3
126,916,104,0,3
125,917,103,0,3
126,917,104,0,3
126,918,104,0,3
126,919,104,0,3
127,919,105,0,3
113,920,91,0,3
126,920,104,0,3
127,920,105,0,3
112,921,134,3,0
113,921,91,0,3
126,921,104,0,3
127,921,105,0,3
112,922,134,3,0
113,922,91,0,3
126,922,104,0,3
127,922,105,0,3
112,923,134,3,0
113,923,91,0,3
126,923,104,0,3
127,923,105,0,3
132,924,154,2,0
135,924,113,0,3
148,924,126,0,3
150,924,172,3,0
151,924,173,3,0
135,925,113,0,3
148,925,126,0,3
150,925,172,3,0
151,925,173,3,0
135,926,113,0,3
148,926,126,0,3
150,926,172,3,0
135,927,113,0,3
148,927,126,0,3
148,928,126,0,3
148,929,126,0,3
147,930,125,0,3
148,930,126,0,3
139,931,117,0,3
146,931,168,3,0
147,931,125,0,3
148,931,126,0,3
139,932,117,0,3
140,932,162,3,0
146,932,168,3,0
147,932,125,0,3
148,932,126,0,3
139,933,117,0,3
140,933,162,3,0
141,933,163,3,0
144,933,166,3,0
146,933,168,3,0
147,933,125,0,3
148,933,126,0,3
139,934,117,0,3
140,934,162,3,0
141,934,163,3,0
142,934,120,0,3
143,934,165,3,0
144,934,166,3,0
146,934,168,3,0
147,934,125,0,3
148,934,126,0,3
139,935,117,0,3
140,935,162,3,0
141,935,163,3,0
143,935,165,3,0
144,935,166,3,0
146,935,168,3,0
147,935,125,0,3
148,935,126,0,3
139,936,117,0,3
140,936,162,3,0
144,936,166,3,0
146,936,168,3,0
147,936,125,0,3
148,936,126,0,3
139,937,117,0,3
146,937,168,3,0
147,937,125,0,3
148,937,126,0,3
146,938,168,3,0
147,938,125,0,3
148,938,126,0,3
147,939,125,0,3
148,939,126,0,3
148,940,126,0,3
148,941,126,0,3
135,942,113,0,3
148,942,126,0,3
150,942,172,3,0
135,943,113,0,3
148,943,126,0,3
150,943,172,3,0
151,943,173,3,0
135,944,113,0,3
148,944,126,0,3
150,944,172,3,0
151,944,173,3,0
132,945,154,2,0
135,945,113,0,3
148,945,126,0,3
150,945,172,3,0
151,945,173,3,0
153,945,175,3,0
154,946,176,2,0
156,946,134,0,3
157,946,135,0,3
172,946,194,3,0
173,946,195,3,0
156,947,134,0,3
157,947,135,0,3
172,947,194,3,0
173,947,195,3,0
156,948,134,0,3
157,948,135,0,3
172,948,194,3,0
157,949,135,0,3
169,952,147,0,3
168,953,190,3,0
169,953,147,0,3
162,954,184,3,0
168,954,190,3,0
169,954,147,0,3
162,955,184,3,0
163,955,185,3,0
166,955,188,3,0
168,955,190,3,0
169,955,147,0,3
162,956,184,3,0
163,956,185,3,0
164,956,142,0,3
166,956,188,3,0
168,956,190,3,0
169,956,147,0,3
162,957,184,3,0
163,957,185,3,0
166,957,188,3,0
168,957,190,3,0
169,957,147,0,3
162,958,184,3,0
166,958,188,3,0
168,958,190,3,0
169,958,147,0,3
168,959,190,3,0
169,959,147,0,3
168,960,190,3,0
169,960,147,0,3
169,961,147,0,3
157,964,135,0,3
172,964,194,3,0
156,965,134,0,3
157,965,135,0,3
172,965,194,3,0
173,965,195,3,0
156,966,134,0,3
157,966,135,0,3
172,966,194,3,0
173,966,195,3,0
154,967,176,2,0
156,967,134,0,3
157,967,135,0,3
172,967,194,3,0
173,967,195,3,0
175,967,197,3,0
176,968,198,2,0
178,968,156,0,3
179,968,157,0,3
194,968,216,3,0
178,969,156,0,3
179,969,157,0,3
194,969,216,3,0
178,970,156,0,3
179,970,157,0,3
194,970,216,3,0
179,971,157,0,3
191,974,169,0,3
190,975,212,3,0
191,975,169,0,3
184,976,206,3,0
190,976,212,3,0
191,976,169,0,3
184,977,206,3,0
185,977,207,3,0
188,977,210,3,0
190,977,212,3,0
191,977,169,0,3
184,978,206,3,0
185,978,207,3,0
186,978,164,0,3
188,978,210,3,0
190,978,212,3,0
191,978,169,0,3
184,979,206,3,0
185,979,207,3,0
188,979,210,3,0
190,979,212,3,0
191,979,169,0,3
184,980,206,3,0
188,980,210,3,0
190,980,212,3,0
191,980,169,0,3
190,981,212,3,0
191,981,169,0,3
190,982,212,3,0
191,982,169,0,3
191,983,169,0,3
179,986,157,0,3
194,986,216,3,0
178,987,156,0,3
179,987,157,0,3
194,987,216,3,0
178,988,156,0,3
179,988,157,0,3
194,988,216,3,0
176,989,198,2,0
178,989,156,0,3
179,989,157,0,3
194,989,216,3,0
197,989,219,3,0
198,990,220,2,0
200,990,178,0,3
201,990,179,0,3
214,990,236,3,0
216,990,238,3,0
200,991,178,0,3
201,991,179,0,3
214,991,236,3,0
216,991,238,3,0
200,992,178,0,3
201,992,179,0,3
214,992,236,3,0
216,992,238,3,0
201,993,179,0,3
214,993,236,3,0
214,994,236,3,0
214,995,236,3,0
213,996,191,0,3
214,996,236,3,0
212,997,234,3,0
213,997,191,0,3
214,997,236,3,0
206,998,228,3,0
212,998,234,3,0
213,998,191,0,3
214,998,236,3,0
206,999,228,3,0
207,999,229,3,0
210,999,232,3,0
212,999,234,3,0
213,999,191,0,3
214,999,236,3,0
206,1000,228,3,0
207,1000,229,3,0
208,1000,186,0,3
210,1000,232,3,0
212,1000,234,3,0
213,1000,191,0,3
214,1000,236,3,0
206,1001,228,3,0
207,1001,229,3,0
210,1001,232,3,0
212,1001,234,3,0
213,1001,191,0,3
214,1001,236,3,0
206,1002,228,3,0
210,1002,232,3,0
212,1002,234,3,0
213,1002,191,0,3
214,1002,236,3,0
212,1003,234,3,0
213,1003,191,0,3
214,1003,236,3,0
212,1004,234,3,0
213,1004,191,0,3
214,1004,236,3,0
213,1005,191,0,3
214,1005,236,3,0
214,1006,236,3,0
214,1007,236,3,0
201,1008,179,0,3
214,1008,236,3,0
216,1008,238,3,0
200,1009,178,0,3
201,1009,179,0,3
214,1009,236,3,0
216,1009,238,3,0
200,1010,178,0,3
201,1010,179,0,3
214,1010,236,3,0
216,1010,238,3,0
198,1011,220,2,0
200,1011,178,0,3
201,1011,179,0,3
214,1011,236,3,0
216,1011,238,3,0
219,1011,241,3,0
220,1012,242,2,0
222,1012,200,0,3
223,1012,201,0,3
236,1012,258,3,0
238,1012,260,3,0
222,1013,200,0,3
223,1013,201,0,3
236,1013,258,3,0
238,1013,260,3,0
222,1014,200,0,3
223,1014,201,0,3
236,1014,258,3,0
238,1014,260,3,0
223,1015,201,0,3
236,1015,258,3,0
236,1016,258,3,0
236,1017,258,3,0
235,1018,213,0,3
236,1018,258,3,0
235,1019,213,0,3
236,1019,258,3,0
233,1020,211,0,3
235,1020,213,0,3
236,1020,258,3,0
232,1021,254,3,0
233,1021,211,0,3
235,1021,213,0,3
236,1021,258,3,0
231,1022,253,3,0
232,1022,254,3,0
233,1022,211,0,3
235,1022,213,0,3
236,1022,258,3,0
231,1023,253,3,0
232,1023,254,3,0
233,1023,211,0,3
235,1023,213,0,3
236,1023,258,3,0
232,1024,254,3,0
233,1024,211,0,3
235,1024,213,0,3
236,1024,258,3,0
233,1025,211,0,3
235,1025,213,0,3
236,1025,258,3,0
235,1026,213,0,3
236,1026,258,3,0
235,1027,213,0,3
236,1027,258,3,0
236,1028,258,3,0
236,1029,258,3,0
223,1030,201,0,3
236,1030,258,3,0
238,1030,260,3,0
222,1031,200,0,3
223,1031,201,0,3
236,1031,258,3,0
238,1031,260,3,0
222,1032,200,0,3
223,1032,201,0,3
236,1032,258,3,0
238,1032,260,3,0
220,1033,242,2,0
222,1033,200,0,3
223,1033,201,0,3
236,1033,258,3,0
238,1033,260,3,0
242,1034,264,2,0
244,1034,222,0,3
245,1034,223,0,3
247,1034,225,0,3
258,1034,280,3,0
260,1034,282,3,0
261,1034,239,0,3
244,1035,222,0,3
245,1035,223,0,3
247,1035,225,0,3
258,1035,280,3,0
260,1035,282,3,0
261,1035,239,0,3
244,1036,222,0,3
245,1036,223,0,3
247,1036,225,0,3
258,1036,280,3,0
260,1036,282,3,0
245,1037,223,0,3
247,1037,225,0,3
258,1037,280,3,0
247,1038,225,0,3
258,1038,280,3,0
247,1039,225,0,3
258,1039,280,3,0
247,1040,225,0,3
257,1040,235,0,3
258,1040,280,3,0
247,1041,225,0,3
257,1041,235,0,3
258,1041,280,3,0
247,1042,225,0,3
257,1042,235,0,3
258,1042,280,3,0
247,1043,225,0,3
254,1043,276,3,0
257,1043,235,0,3
258,1043,280,3,0
247,1044,225,0,3
252,1044,230,0,3
253,1044,275,3,0
254,1044,276,3,0
257,1044,235,0,3
258,1044,280,3,0
247,1045,225,0,3
253,1045,275,3,0
254,1045,276,3,0
257,1045,235,0,3
258,1045,280,3,0
247,1046,225,0,3
254,1046,276,3,0
257,1046,235,0,3
258,1046,280,3,0
247,1047,225,0,3
257,1047,235,0,3
258,1047,280,3,0
247,1048,225,0,3
257,1048,235,0,3
258,1048,280,3,0
247,1049,225,0,3
257,1049,235,0,3
258,1049,280,3,0
258,1050,280,3,0
247,1051,225,0,3
258,1051,280,3,0
245,1052,223,0,3
247,1052,225,0,3
258,1052,280,3,0
260,1052,282,3,0
244,1053,222,0,3
245,1053,223,0,3
247,1053,225,0,3
258,1053,280,3,0
260,1053,282,3,0
261,1053,239,0,3
244,1054,222,0,3
245,1054,223,0,3
247,1054,225,0,3
258,1054,280,3,0
260,1054,282,3,0
261,1054,239,0,3
242,1055,264,2,0
244,1055,222,0,3
245,1055,223,0,3
247,1055,225,0,3
258,1055,280,3,0
260,1055,282,3,0
261,1055,239,0,3
266,1056,244,0,3
269,1056,247,0,3
280,1056,302,3,0
282,1056,304,3,0
283,1056,261,0,3
266,1057,244,0,3
269,1057,247,0,3
280,1057,302,3,0
282,1057,304,3,0
283,1057,261,0,3
266,1058,244,0,3
269,1058,247,0,3
280,1058,302,3,0
282,1058,304,3,0
269,1059,247,0,3
280,1059,302,3,0
269,1060,247,0,3
280,1060,302,3,0
269,1061,247,0,3
280,1061,302,3,0
269,1062,247,0,3
279,1062,257,0,3
280,1062,302,3,0
269,1063,247,0,3
279,1063,257,0,3
280,1063,302,3,0
269,1064,247,0,3
272,1064,250,0,3
279,1064,257,0,3
280,1064,302,3,0
269,1065,247,0,3
272,1065,250,0,3
273,1065,295,3,0
276,1065,298,3,0
279,1065,257,0,3
280,1065,302,3,0
269,1066,247,0,3
272,1066,250,0,3
273,1066,295,3,0
276,1066,298,3,0
279,1066,257,0,3
280,1066,302,3,0
269,1067,247,0,3
272,1067,250,0,3
273,1067,295,3,0
276,1067,298,3,0
279,1067,257,0,3
280,1067,302,3,0
269,1068,247,0,3
272,1068,250,0,3
276,1068,298,3,0
279,1068,257,0,3
280,1068,302,3,0
269,1069,247,0,3
279,1069,257,0,3
280,1069,302,3,0
269,1070,247,0,3
279,1070,257,0,3
280,1070,302,3,0
269,1071,247,0,3
279,1071,257,0,3
280,1071,302,3,0
280,1072,302,3,0
269,1073,247,0,3
280,1073,302,3,0
269,1074,247,0,3
280,1074,302,3,0
282,1074,304,3,0
266,1075,244,0,3
269,1075,247,0,3
280,1075,302,3,0
282,1075,304,3,0
283,1075,261,0,3
266,1076,244,0,3
269,1076,247,0,3
280,1076,302,3,0
282,1076,304,3,0
283,1076,261,0,3
266,1077,244,0,3
269,1077,247,0,3
280,1077,302,3,0
282,1077,304,3,0
283,1077,261,0,3
302,1078,324,3,0
305,1078,283,0,3
302,1079,324,3,0
305,1079,283,0,3
302,1080,324,3,0
302,1081,324,3,0
302,1082,324,3,0
302,1083,324,3,0
301,1084,279,0,3
302,1084,324,3,0
300,1085,322,3,0
301,1085,279,0,3
302,1085,324,3,0
294,1086,272,0,3
300,1086,322,3,0
301,1086,279,0,3
302,1086,324,3,0
294,1087,272,0,3
295,1087,317,3,0
298,1087,320,3,0
300,1087,322,3,0
301,1087,279,0,3
302,1087,324,3,0
294,1088,272,0,3
295,1088,317,3,0
298,1088,320,3,0
300,1088,322,3,0
301,1088,279,0,3
302,1088,324,3,0
294,1089,272,0,3
295,1089,317,3,0
298,1089,320,3,0
300,1089,322,3,0
301,1089,279,0,3
302,1089,324,3,0
294,1090,272,0,3
298,1090,320,3,0
300,1090,322,3,0
301,1090,279,0,3
302,1090,324,3,0
300,1091,322,3,0
301,1091,279,0,3
302,1091,324,3,0
300,1092,322,3,0
301,1092,279,0,3
302,1092,324,3,0
301,1093,279,0,3
302,1093,324,3,0
302,1094,324,3,0
302,1095,324,3,0
302,1096,324,3,0
302,1097,324,3,0
305,1097,283,0,3
302,1098,324,3,0
305,1098,283,0,3
302,1099,324,3,0
305,1099,283,0,3
324,1100,346,3,0
324,1101,346,3,0
324,1102,346,3,0
324,1103,346,3,0
324,1104,346,3,0
324,1105,346,3,0
323,1106,301,0,3
324,1106,346,3,0
322,1107,344,3,0
323,1107,301,0,3
324,1107,346,3,0
316,1108,294,0,3
322,1108,344,3,0
323,1108,301,0,3
324,1108,346,3,0
316,1109,294,0,3
320,1109,342,3,0
322,1109,344,3,0
323,1109,301,0,3
324,1109,346,3,0
316,1110,294,0,3
320,1110,342,3,0
322,1110,344,3,0
323,1110,301,0,3
324,1110,346,3,0
316,1111,294,0,3
320,1111,342,3,0
322,1111,344,3,0
323,1111,301,0,3
324,1111,346,3,0
316,1112,294,0,3
320,1112,342,3,0
322,1112,344,3,0
323,1112,301,0,3
324,1112,346,3,0
322,1113,344,3,0
323,1113,301,0,3
324,1113,346,3,0
322,1114,344,3,0
323,1114,301,0,3
324,1114,346,3,0
323,1115,301,0,3
324,1115,346,3,0
324,1116,346,3,0
324,1117,346,3,0
324,1118,346,3,0
324,1119,346,3,0
324,1120,346,3,0
324,1121,346,3,0
346,1122,368,3,0
346,1123,368,3,0
346,1124,368,3,0
346,1125,368,3,0
346,1126,368,3,0
346,1127,368,3,0
345,1128,323,0,3
346,1128,368,3,0
344,1129,366,3,0
345,1129,323,0,3
346,1129,368,3,0
344,1130,366,3,0
345,1130,323,0,3
346,1130,368,3,0
342,1131,364,3,0
344,1131,366,3,0
345,1131,323,0,3
346,1131,368,3,0
342,1132,364,3,0
344,1132,366,3,0
345,1132,323,0,3
346,1132,368,3,0
342,1133,364,3,0
344,1133,366,3,0
345,1133,323,0,3
346,1133,368,3,0
342,1134,364,3,0
344,1134,366,3,0
345,1134,323,0,3
346,1134,368,3,0
344,1135,366,3,0
345,1135,323,0,3
346,1135,368,3,0
344,1136,366,3,0
345,1136,323,0,3
346,1136,368,3,0
345,1137,323,0,3
346,1137,368,3,0
346,1138,368,3,0
346,1139,368,3,0
346,1140,368,3,0
346,1141,368,3,0
346,1142,368,3,0
346,1143,368,3,0
351,1143,329,0,3
368,1144,390,3,0
368,1145,390,3,0
368,1146,390,3,0
368,1147,390,3,0
368,1148,390,3,0
368,1149,390,3,0
367,1150,345,0,3
368,1150,390,3,0
366,1151,388,3,0
367,1151,345,0,3
368,1151,390,3,0
360,1152,338,0,3
366,1152,388,3,0
367,1152,345,0,3
368,1152,390,3,0
360,1153,338,0,3
364,1153,386,3,0
366,1153,388,3,0
367,1153,345,0,3
368,1153,390,3,0
360,1154,338,0,3
364,1154,386,3,0
366,1154,388,3,0
367,1154,345,0,3
368,1154,390,3,0
360,1155,338,0,3
364,1155,386,3,0
366,1155,388,3,0
367,1155,345,0,3
368,1155,390,3,0
360,1156,338,0,3
364,1156,386,3,0
366,1156,388,3,0
367,1156,345,0,3
368,1156,390,3,0
366,1157,388,3,0
367,1157,345,0,3
368,1157,390,3,0
366,1158,388,3,0
367,1158,345,0,3
368,1158,390,3,0
367,1159,345,0,3
368,1159,390,3,0
368,1160,390,3,0
368,1161,390,3,0
368,1162,390,3,0
368,1163,390,3,0
368,1164,390,3,0
368,1165,390,3,0
373,1165,351,0,3
390,1166,412,3,0
390,1167,412,3,0
390,1168,412,3,0
390,1169,412,3,0
390,1170,412,3,0
390,1171,412,3,0
390,1172,412,3,0
388,1173,410,3,0
390,1173,412,3,0
382,1174,360,0,3
388,1174,410,3,0
390,1174,412,3,0
382,1175,360,0,3
386,1175,408,3,0
388,1175,410,3,0
390,1175,412,3,0
382,1176,360,0,3
386,1176,408,3,0
388,1176,410,3,0
390,1176,412,3,0
382,1177,360,0,3
386,1177,408,3,0
388,1177,410,3,0
390,1177,412,3,0
382,1178,360,0,3
386,1178,408,3,0
388,1178,410,3,0
390,1178,412,3,0
388,1179,410,3,0
390,1179,412,3,0
388,1180,410,3,0
390,1180,412,3,0
390,1181,412,3,0
390,1182,412,3,0
390,1183,412,3,0
390,1184,412,3,0
390,1185,412,3,0
390,1186,412,3,0
390,1187,412,3,0
395,1187,373,0,3
412,1188,434,3,0
412,1189,434,3,0
412,1190,434,3,0
412,1191,434,3,0
412,1192,434,3,0
412,1193,434,3,0
411,1194,389,0,3
412,1194,434,3,0
410,1195,432,3,0
411,1195,389,0,3
412,1195,434,3,0
404,1196,382,0,3
410,1196,432,3,0
411,1196,389,0,3
412,1196,434,3,0
404,1197,382,0,3
408,1197,430,3,0
410,1197,432,3,0
411,1197,389,0,3
412,1197,434,3,0
404,1198,382,0,3
408,1198,430,3,0
410,1198,432,3,0
411,1198,389,0,3
412,1198,434,3,0
404,1199,382,0,3
408,1199,430,3,0
410,1199,432,3,0
411,1199,389,0,3
412,1199,434,3,0
404,1200,382,0,3
408,1200,430,3,0
410,1200,432,3,0
411,1200,389,0,3
412,1200,434,3,0
410,1201,432,3,0
411,1201,389,0,3
412,1201,434,3,0
410,1202,432,3,0
411,1202,389,0,3
412,1202,434,3,0
411,1203,389,0,3
412,1203,434,3,0
412,1204,434,3,0
412,1205,434,3,0
412,1206,434,3,0
412,1207,434,3,0
412,1208,434,3,0
412,1209,434,3,0
417,1209,395,0,3
423,1210,401,0,3
423,1211,401,0,3
423,1212,401,0,3
423,1213,401,0,3
423,1214,401,0,3
423,1215,401,0,3
423,1216,401,0,3
433,1216,411,0,3
423,1217,401,0,3
432,1217,454,3,0
433,1217,411,0,3
423,1218,401,0,3
426,1218,404,0,3
432,1218,454,3,0
433,1218,411,0,3
423,1219,401,0,3
426,1219,404,0,3
430,1219,452,3,0
432,1219,454,3,0
433,1219,411,0,3
423,1220,401,0,3
426,1220,404,0,3
430,1220,452,3,0
432,1220,454,3,0
433,1220,411,0,3
423,1221,401,0,3
426,1221,404,0,3
430,1221,452,3,0
432,1221,454,3,0
433,1221,411,0,3
423,1222,401,0,3
426,1222,404,0,3
430,1222,452,3,0
432,1222,454,3,0
433,1222,411,0,3
423,1223,401,0,3
432,1223,454,3,0
433,1223,411,0,3
423,1224,401,0,3
432,1224,454,3,0
433,1224,411,0,3
423,1225,401,0,3
433,1225,411,0,3
423,1227,401,0,3
423,1228,401,0,3
423,1229,401,0,3
423,1230,401,0,3
423,1231,401,0,3
439,1231,417,0,3
445,1232,423,0,3
445,1233,423,0,3
445,1234,423,0,3
445,1235,423,0,3
445,1236,423,0,3
445,1237,423,0,3
445,1238,423,0,3
455,1238,433,0,3
445,1239,423,0,3
454,1239,476,3,0
455,1239,433,0,3
445,1240,423,0,3
448,1240,426,0,3
454,1240,476,3,0
455,1240,433,0,3
445,1241,423,0,3
448,1241,426,0,3
452,1241,474,3,0
454,1241,476,3,0
455,1241,433,0,3
445,1242,423,0,3
448,1242,426,0,3
452,1242,474,3,0
454,1242,476,3,0
455,1242,433,0,3
445,1243,423,0,3
448,1243,426,0,3
452,1243,474,3,0
454,1243,476,3,0
455,1243,433,0,3
445,1244,423,0,3
448,1244,426,0,3
452,1244,474,3,0
454,1244,476,3,0
455,1244,433,0,3
445,1245,423,0,3
454,1245,476,3,0
455,1245,433,0,3
445,1246,423,0,3
454,1246,476,3,0
455,1246,433,0,3
445,1247,423,0,3
455,1247,433,0,3
445,1249,423,0,3
445,1250,423,0,3
445,1251,423,0,3
445,1252,423,0,3
445,1253,423,0,3
461,1253,439,0,3
467,1254,445,0,3
481,1254,459,0,3
467,1255,445,0,3
481,1255,459,0,3
467,1256,445,0,3
467,1257,445,0,3
467,1258,445,0,3
467,1259,445,0,3
467,1260,445,0,3
477,1260,455,0,3
467,1261,445,0,3
476,1261,498,3,0
477,1261,455,0,3
467,1262,445,0,3
470,1262,448,0,3
476,1262,498,3,0
477,1262,455,0,3
467,1263,445,0,3
470,1263,448,0,3
474,1263,496,3,0
476,1263,498,3,0
477,1263,455,0,3
467,1264,445,0,3
470,1264,448,0,3
474,1264,496,3,0
476,1264,498,3,0
477,1264,455,0,3
467,1265,445,0,3
470,1265,448,0,3
474,1265,496,3,0
476,1265,498,3,0
477,1265,455,0,3
467,1266,445,0,3
470,1266,448,0,3
474,1266,496,3,0
476,1266,498,3,0
477,1266,455,0,3
467,1267,445,0,3
476,1267,498,3,0
477,1267,455,0,3
467,1268,445,0,3
476,1268,498,3,0
477,1268,455,0,3
467,1269,445,0,3
477,1269,455,0,3
467,1271,445,0,3
467,1272,445,0,3
467,1273,445,0,3
481,1273,459,0,3
467,1274,445,0,3
481,1274,459,0,3
467,1275,445,0,3
481,1275,459,0,3
483,1275,461,0,3
489,1276,467,0,3
500,1276,522,3,0
489,1277,467,0,3
500,1277,522,3,0
489,1278,467,0,3
500,1278,522,3,0
489,1279,467,0,3
500,1279,522,3,0
489,1280,467,0,3
500,1280,522,3,0
489,1281,467,0,3
500,1281,522,3,0
489,1282,467,0,3
499,1282,477,0,3
500,1282,522,3,0
489,1283,467,0,3
498,1283,520,3,0
499,1283,477,0,3
500,1283,522,3,0
489,1284,467,0,3
492,1284,470,0,3
498,1284,520,3,0
499,1284,477,0,3
500,1284,522,3,0
489,1285,467,0,3
492,1285,470,0,3
496,1285,518,3,0
498,1285,520,3,0
499,1285,477,0,3
500,1285,522,3,0
489,1286,467,0,3
492,1286,470,0,3
496,1286,518,3,0
498,1286,520,3,0
499,1286,477,0,3
500,1286,522,3,0
489,1287,467,0,3
492,1287,470,0,3
496,1287,518,3,0
498,1287,520,3,0
499,1287,477,0,3
500,1287,522,3,0
489,1288,467,0,3
492,1288,470,0,3
496,1288,518,3,0
498,1288,520,3,0
499,1288,477,0,3
500,1288,522,3,0
489,1289,467,0,3
498,1289,520,3,0
499,1289,477,0,3
500,1289,522,3,0
489,1290,467,0,3
498,1290,520,3,0
499,1290,477,0,3
500,1290,522,3,0
489,1291,467,0,3
499,1291,477,0,3
500,1291,522,3,0
500,1292,522,3,0
489,1293,467,0,3
500,1293,522,3,0
489,1294,467,0,3
500,1294,522,3,0
489,1295,467,0,3
500,1295,522,3,0
489,1296,467,0,3
500,1296,522,3,0
489,1297,467,0,3
500,1297,522,3,0
505,1297,483,0,3
511,1298,489,0,3
522,1298,544,3,0
511,1299,489,0,3
522,1299,544,3,0
511,1300,489,0,3
522,1300,544,3,0
511,1301,489,0,3
522,1301,544,3,0
511,1302,489,0,3
522,1302,544,3,0
511,1303,489,0,3
522,1303,544,3,0
511,1304,489,0,3
521,1304,499,0,3
522,1304,544,3,0
511,1305,489,0,3
520,1305,542,3,0
521,1305,499,0,3
522,1305,544,3,0
511,1306,489,0,3
514,1306,492,0,3
520,1306,542,3,0
521,1306,499,0,3
522,1306,544,3,0
511,1307,489,0,3
514,1307,492,0,3
515,1307,493,0,3
518,1307,540,3,0
520,1307,542,3,0
521,1307,499,0,3
522,1307,544,3,0
511,1308,489,0,3
514,1308,492,0,3
515,1308,493,0,3
518,1308,540,3,0
520,1308,542,3,0
521,1308,499,0,3
522,1308,544,3,0
511,1309,489,0,3
514,1309,492,0,3
515,1309,493,0,3
518,1309,540,3,0
520,1309,542,3,0
521,1309,499,0,3
522,1309,544,3,0
511,1310,489,0,3
514,1310,492,0,3
518,1310,540,3,0
520,1310,542,3,0
521,1310,499,0,3
522,1310,544,3,0
511,1311,489,0,3
520,1311,542,3,0
521,1311,499,0,3
522,1311,544,3,0
511,1312,489,0,3
520,1312,542,3,0
521,1312,499,0,3
522,1312,544,3,0
511,1313,489,0,3
521,1313,499,0,3
522,1313,544,3,0
522,1314,544,3,0
511,1315,489,0,3
522,1315,544,3,0
511,1316,489,0,3
522,1316,544,3,0
511,1317,489,0,3
522,1317,544,3,0
511,1318,489,0,3
522,1318,544,3,0
511,1319,489,0,3
522,1319,544,3,0
527,1319,505,0,3
533,1320,511,0,3
545,1320,567,3,0
533,1321,511,0,3
545,1321,567,3,0
533,1322,511,0,3
545,1322,567,3,0
533,1323,511,0,3
545,1323,567,3,0
533,1324,511,0,3
533,1325,511,0,3
533,1326,511,0,3
533,1327,511,0,3
542,1327,564,3,0
533,1328,511,0,3
536,1328,514,0,3
542,1328,564,3,0
533,1329,511,0,3
536,1329,514,0,3
537,1329,515,0,3
540,1329,562,3,0
542,1329,564,3,0
533,1330,511,0,3
536,1330,514,0,3
537,1330,515,0,3
540,1330,562,3,0
542,1330,564,3,0
533,1331,511,0,3
536,1331,514,0,3
537,1331,515,0,3
540,1331,562,3,0
542,1331,564,3,0
533,1332,511,0,3
536,1332,514,0,3
540,1332,562,3,0
542,1332,564,3,0
533,1333,511,0,3
542,1333,564,3,0
533,1334,511,0,3
542,1334,564,3,0
533,1335,511,0,3
533,1337,511,0,3
545,1337,567,3,0
533,1338,511,0,3
545,1338,567,3,0
533,1339,511,0,3
545,1339,567,3,0
533,1340,511,0,3
545,1340,567,3,0
533,1341,511,0,3
545,1341,567,3,0
549,1341,527,0,3
555,1342,533,0,3
567,1342,589,3,0
569,1342,547,0,3
555,1343,533,0,3
567,1343,589,3,0
569,1343,547,0,3
555,1344,533,0,3
567,1344,589,3,0
555,1345,533,0,3
567,1345,589,3,0
555,1346,533,0,3
555,1347,533,0,3
555,1348,533,0,3
555,1349,533,0,3
564,1349,586,3,0
555,1350,533,0,3
558,1350,536,0,3
564,1350,586,3,0
555,1351,533,0,3
558,1351,536,0,3
562,1351,584,3,0
564,1351,586,3,0
555,1352,533,0,3
558,1352,536,0,3
562,1352,584,3,0
564,1352,586,3,0
555,1353,533,0,3
558,1353,536,0,3
562,1353,584,3,0
564,1353,586,3,0
555,1354,533,0,3
558,1354,536,0,3
562,1354,584,3,0
564,1354,586,3,0
555,1355,533,0,3
564,1355,586,3,0
555,1356,533,0,3
564,1356,586,3,0
555,1357,533,0,3
555,1359,533,0,3
567,1359,589,3,0
555,1360,533,0,3
567,1360,589,3,0
555,1361,533,0,3
567,1361,589,3,0
569,1361,547,0,3
555,1362,533,0,3
567,1362,589,3,0
569,1362,547,0,3
555,1363,533,0,3
567,1363,589,3,0
569,1363,547,0,3
571,1363,549,0,3
572,1364,594,2,0
589,1364,611,3,0
591,1364,569,0,3
589,1365,611,3,0
591,1365,569,0,3
589,1366,611,3,0
589,1367,611,3,0
580,1372,558,0,3
580,1373,558,0,3
584,1373,606,3,0
580,1374,558,0,3
582,1374,560,0,3
584,1374,606,3,0
580,1375,558,0,3
584,1375,606,3,0
580,1376,558,0,3
584,1376,606,3,0
589,1381,611,3,0
589,1382,611,3,0
589,1383,611,3,0
591,1383,569,0,3
589,1384,611,3,0
591,1384,569,0,3
572,1385,594,2,0
589,1385,611,3,0
591,1385,569,0,3
594,1386,616,2,0
611,1386,633,3,0
613,1386,591,0,3
611,1387,633,3,0
613,1387,591,0,3
611,1388,633,3,0
611,1389,633,3,0
608,1393,630,3,0
602,1394,580,0,3
608,1394,630,3,0
602,1395,580,0,3
606,1395,628,3,0
608,1395,630,3,0
602,1396,580,0,3
604,1396,582,0,3
606,1396,628,3,0
608,1396,630,3,0
602,1397,580,0,3
606,1397,628,3,0
608,1397,630,3,0
602,1398,580,0,3
606,1398,628,3,0
608,1398,630,3,0
608,1399,630,3,0
608,1400,630,3,0
611,1403,633,3,0
611,1404,633,3,0
611,1405,633,3,0
613,1405,591,0,3
611,1406,633,3,0
613,1406,591,0,3
594,1407,616,2,0
611,1407,633,3,0
613,1407,591,0,3
616,1408,638,2,0
619,1408,597,0,3
633,1408,655,3,0
635,1408,613,0,3
619,1409,597,0,3
633,1409,655,3,0
635,1409,613,0,3
619,1410,597,0,3
633,1410,655,3,0
619,1411,597,0,3
633,1411,655,3,0
630,1415,652,3,0
624,1416,602,0,3
630,1416,652,3,0
624,1417,602,0,3
628,1417,650,3,0
630,1417,652,3,0
624,1418,602,0,3
628,1418,650,3,0
630,1418,652,3,0
624,1419,602,0,3
628,1419,650,3,0
630,1419,652,3,0
624,1420,602,0,3
628,1420,650,3,0
630,1420,652,3,0
630,1421,652,3,0
630,1422,652,3,0
633,1425,655,3,0
619,1426,597,0,3
633,1426,655,3,0
619,1427,597,0,3
633,1427,655,3,0
635,1427,613,0,3
619,1428,597,0,3
633,1428,655,3,0
635,1428,613,0,3
616,1429,638,2,0
619,1429,597,0,3
633,1429,655,3,0
635,1429,613,0,3
637,1429,615,0,3
638,1430,660,2,0
641,1430,619,0,3
655,1430,677,3,0
657,1430,635,0,3
641,1431,619,0,3
655,1431,677,3,0
657,1431,635,0,3
641,1432,619,0,3
655,1432,677,3,0
641,1433,619,0,3
655,1433,677,3,0
646,1438,624,0,3
646,1439,624,0,3
650,1439,672,3,0
646,1440,624,0,3
650,1440,672,3,0
646,1441,624,0,3
650,1441,672,3,0
646,1442,624,0,3
650,1442,672,3,0
655,1447,677,3,0
641,1448,619,0,3
655,1448,677,3,0
641,1449,619,0,3
655,1449,677,3,0
657,1449,635,0,3
641,1450,619,0,3
655,1450,677,3,0
657,1450,635,0,3
638,1451,660,2,0
641,1451,619,0,3
655,1451,677,3,0
657,1451,635,0,3
659,1451,637,0,3
660,1452,682,2,0
663,1452,641,0,3
677,1452,699,3,0
663,1453,641,0,3
677,1453,699,3,0
663,1454,641,0,3
677,1454,699,3,0
663,1455,641,0,3
677,1455,699,3,0
668,1460,646,0,3
668,1461,646,0,3
672,1461,694,3,0
668,1462,646,0,3
672,1462,694,3,0
668,1463,646,0,3
672,1463,694,3,0
668,1464,646,0,3
672,1464,694,3,0
677,1469,699,3,0
663,1470,641,0,3
677,1470,699,3,0
663,1471,641,0,3
677,1471,699,3,0
663,1472,641,0,3
677,1472,699,3,0
660,1473,682,2,0
663,1473,641,0,3
677,1473,699,3,0
681,1473,659,0,3
682,1474,704,2,0
686,1474,708,3,0
699,1474,721,3,0
686,1475,708,3,0
699,1475,721,3,0
686,1476,708,3,0
699,1476,721,3,0
686,1477,708,3,0
699,1477,721,3,0
686,1478,708,3,0
690,1482,668,0,3
690,1483,668,0,3
691,1483,713,3,0
694,1483,716,3,0
690,1484,668,0,3
691,1484,713,3,0
694,1484,716,3,0
690,1485,668,0,3
691,1485,713,3,0
694,1485,716,3,0
690,1486,668,0,3
694,1486,716,3,0
686,1491,708,3,0
699,1491,721,3,0
686,1492,708,3,0
699,1492,721,3,0
686,1493,708,3,0
699,1493,721,3,0
686,1494,708,3,0
699,1494,721,3,0
682,1495,704,2,0
686,1495,708,3,0
699,1495,721,3,0
703,1495,681,0,3
707,1496,685,0,3
708,1496,730,3,0
721,1496,743,3,0
707,1497,685,0,3
708,1497,730,3,0
721,1497,743,3,0
707,1498,685,0,3
708,1498,730,3,0
721,1498,743,3,0
707,1499,685,0,3
708,1499,730,3,0
721,1499,743,3,0
708,1500,730,3,0
712,1504,690,0,3
712,1505,690,0,3
713,1505,735,3,0
716,1505,738,3,0
712,1506,690,0,3
713,1506,735,3,0
716,1506,738,3,0
712,1507,690,0,3
713,1507,735,3,0
716,1507,738,3,0
712,1508,690,0,3
716,1508,738,3,0
708,1513,730,3,0
721,1513,743,3,0
707,1514,685,0,3
708,1514,730,3,0
721,1514,743,3,0
707,1515,685,0,3
708,1515,730,3,0
721,1515,743,3,0
707,1516,685,0,3
708,1516,730,3,0
721,1516,743,3,0
707,1517,685,0,3
708,1517,730,3,0
721,1517,743,3,0
725,1517,703,0,3
726,1518,748,2,0
729,1518,707,0,3
730,1518,752,3,0
742,1518,764,3,0
743,1518,765,3,0
745,1518,723,0,3
729,1519,707,0,3
730,1519,752,3,0
742,1519,764,3,0
743,1519,765,3,0
745,1519,723,0,3
729,1520,707,0,3
730,1520,752,3,0
742,1520,764,3,0
743,1520,765,3,0
729,1521,707,0,3
730,1521,752,3,0
742,1521,764,3,0
743,1521,765,3,0
730,1522,752,3,0
742,1522,764,3,0
742,1523,764,3,0
742,1524,764,3,0
733,1525,755,3,0
740,1525,762,3,0
742,1525,764,3,0
733,1526,755,3,0
734,1526,712,0,3
740,1526,762,3,0
742,1526,764,3,0
733,1527,755,3,0
734,1527,712,0,3
738,1527,760,3,0
740,1527,762,3,0
742,1527,764,3,0
733,1528,755,3,0
734,1528,712,0,3
736,1528,714,0,3
737,1528,715,0,3
738,1528,760,3,0
740,1528,762,3,0
742,1528,764,3,0
733,1529,755,3,0
734,1529,712,0,3
737,1529,715,0,3
738,1529,760,3,0
740,1529,762,3,0
742,1529,764,3,0
733,1530,755,3,0
734,1530,712,0,3
738,1530,760,3,0
740,1530,762,3,0
742,1530,764,3,0
733,1531,755,3,0
740,1531,762,3,0
742,1531,764,3,0
740,1532,762,3,0
742,1532,764,3,0
742,1533,764,3,0
742,1534,764,3,0
730,1535,752,3,0
742,1535,764,3,0
743,1535,765,3,0
729,1536,707,0,3
730,1536,752,3,0
742,1536,764,3,0
743,1536,765,3,0
729,1537,707,0,3
730,1537,752,3,0
742,1537,764,3,0
743,1537,765,3,0
745,1537,723,0,3
729,1538,707,0,3
730,1538,752,3,0
742,1538,764,3,0
743,1538,765,3,0
745,1538,723,0,3
726,1539,748,2,0
729,1539,707,0,3
730,1539,752,3,0
742,1539,764,3,0
743,1539,765,3,0
745,1539,723,0,3
748,1540,770,2,0
751,1540,729,0,3
752,1540,774,3,0
753,1540,775,3,0
764,1540,786,3,0
765,1540,787,3,0
767,1540,745,0,3
751,1541,729,0,3
752,1541,774,3,0
753,1541,775,3,0
764,1541,786,3,0
765,1541,787,3,0
767,1541,745,0,3
751,1542,729,0,3
752,1542,774,3,0
753,1542,775,3,0
764,1542,786,3,0
765,1542,787,3,0
751,1543,729,0,3
752,1543,774,3,0
753,1543,775,3,0
764,1543,786,3,0
765,1543,787,3,0
752,1544,774,3,0
753,1544,775,3,0
764,1544,786,3,0
753,1545,775,3,0
764,1545,786,3,0
753,1546,775,3,0
764,1546,786,3,0
753,1547,775,3,0
755,1547,777,3,0
764,1547,786,3,0
753,1548,775,3,0
755,1548,777,3,0
756,1548,734,0,3
764,1548,786,3,0
753,1549,775,3,0
755,1549,777,3,0
756,1549,734,0,3
760,1549,782,3,0
764,1549,786,3,0
753,1550,775,3,0
755,1550,777,3,0
756,1550,734,0,3
758,1550,736,0,3
759,1550,737,0,3
760,1550,782,3,0
764,1550,786,3,0
753,1551,775,3,0
755,1551,777,3,0
756,1551,734,0,3
759,1551,737,0,3
760,1551,782,3,0
764,1551,786,3,0
753,1552,775,3,0
755,1552,777,3,0
756,1552,734,0,3
760,1552,782,3,0
764,1552,786,3,0
753,1553,775,3,0
755,1553,777,3,0
764,1553,786,3,0
753,1554,775,3,0
764,1554,786,3,0
753,1555,775,3,0
764,1555,786,3,0
764,1556,786,3,0
752,1557,774,3,0
753,1557,775,3,0
764,1557,786,3,0
765,1557,787,3,0
751,1558,729,0,3
752,1558,774,3,0
753,1558,775,3,0
764,1558,786,3,0
765,1558,787,3,0
751,1559,729,0,3
752,1559,774,3,0
753,1559,775,3,0
764,1559,786,3,0
765,1559,787,3,0
767,1559,745,0,3
751,1560,729,0,3
752,1560,774,3,0
753,1560,775,3,0
764,1560,786,3,0
765,1560,787,3,0
767,1560,745,0,3
748,1561,770,2,0
751,1561,729,0,3
752,1561,774,3,0
753,1561,775,3,0
764,1561,786,3,0
765,1561,787,3,0
767,1561,745,0,3
773,1562,751,0,3
786,1562,808,3,0
787,1562,809,3,0
789,1562,767,0,3
773,1563,751,0,3
786,1563,808,3,0
787,1563,809,3,0
789,1563,767,0,3
773,1564,751,0,3
786,1564,808,3,0
787,1564,809,3,0
773,1565,751,0,3
786,1565,808,3,0
787,1565,809,3,0
786,1566,808,3,0
786,1567,808,3,0
786,1568,808,3,0
777,1569,799,3,0
786,1569,808,3,0
777,1570,799,3,0
778,1570,756,0,3
786,1570,808,3,0
777,1571,799,3,0
778,1571,756,0,3
779,1571,801,3,0
782,1571,804,3,0
786,1571,808,3,0
777,1572,799,3,0
778,1572,756,0,3
779,1572,801,3,0
782,1572,804,3,0
786,1572,808,3,0
777,1573,799,3,0
778,1573,756,0,3
779,1573,801,3,0
782,1573,804,3,0
786,1573,808,3,0
777,1574,799,3,0
778,1574,756,0,3
782,1574,804,3,0
786,1574,808,3,0
777,1575,799,3,0
786,1575,808,3,0
786,1576,808,3,0
786,1577,808,3,0
786,1578,808,3,0
786,1579,808,3,0
787,1579,809,3,0
773,1580,751,0,3
786,1580,808,3,0
787,1580,809,3,0
773,1581,751,0,3
786,1581,808,3,0
787,1581,809,3,0
789,1581,767,0,3
773,1582,751,0,3
786,1582,808,3,0
787,1582,809,3,0
789,1582,767,0,3
773,1583,751,0,3
786,1583,808,3,0
787,1583,809,3,0
789,1583,767,0,3
162,1584,184,3,0
166,1584,188,3,0
168,1584,190,3,0
169,1584,147,0,3
1039,1585,1061,3,0
1050,1585,1028,0,3
815,1586,793,0,3
816,1586,794,0,3
817,1586,795,0,3
830,1586,852,3,0
831,1586,853,3,0
833,1586,811,0,3
834,1586,856,3,0
1303,1587,1325,3,0
1314,1587,1292,0,3
1319,1587,1341,3,0
686,1588,708,3,0
699,1588,721,3,0
169,1590,147,0,3
1094,1591,1072,0,3
445,1592,423,0,3
448,1592,426,0,3
452,1592,474,3,0
454,1592,476,3,0
455,1592,433,0,3
316,1593,294,0,3
320,1593,342,3,0
322,1593,344,3,0
323,1593,301,0,3
324,1593,346,3,0
96,1594,118,3,0
99,1594,121,3,0
100,1594,122,3,0
103,1594,81,0,3
104,1594,82,0,3
792,1595,814,2,0
793,1595,771,0,3
795,1595,773,0,3
797,1595,819,3,0
808,1595,830,3,0
809,1595,831,3,0
811,1595,789,0,3
