793,0,771,0,3
794,0,816,3,0
796,0,774,0,3
812,0,834,3,0
793,1,771,0,3
794,1,816,3,0
796,1,774,0,3
812,1,834,3,0
794,2,816,3,0
796,2,774,0,3
796,3,774,0,3
796,4,774,0,3
798,6,820,3,0
798,7,820,3,0
798,8,820,3,0
800,8,822,3,0
806,8,784,0,3
798,9,820,3,0
800,9,822,3,0
801,9,823,3,0
806,9,784,0,3
798,10,820,3,0
800,10,822,3,0
801,10,823,3,0
802,10,824,3,0
806,10,784,0,3
798,11,820,3,0
800,11,822,3,0
801,11,823,3,0
803,11,781,0,3
806,11,784,0,3
798,12,820,3,0
800,12,822,3,0
806,12,784,0,3
798,13,820,3,0
806,13,784,0,3
798,14,820,3,0
806,14,784,0,3
796,18,774,0,3
796,19,774,0,3
794,20,816,3,0
796,20,774,0,3
812,20,834,3,0
793,21,771,0,3
794,21,816,3,0
796,21,774,0,3
812,21,834,3,0
818,22,796,0,3
819,22,797,0,3
818,23,796,0,3
819,23,797,0,3
818,24,796,0,3
819,24,797,0,3
818,25,796,0,3
819,25,797,0,3
818,26,796,0,3
819,26,797,0,3
819,27,797,0,3
819,28,797,0,3
820,28,842,3,0
819,29,797,0,3
820,29,842,3,0
821,29,799,0,3
828,29,806,0,3
819,30,797,0,3
820,30,842,3,0
821,30,799,0,3
822,30,844,3,0
828,30,806,0,3
819,31,797,0,3
820,31,842,3,0
821,31,799,0,3
822,31,844,3,0
823,31,845,3,0
827,31,805,0,3
828,31,806,0,3
819,32,797,0,3
820,32,842,3,0
821,32,799,0,3
822,32,844,3,0
823,32,845,3,0
824,32,846,3,0
826,32,804,0,3
827,32,805,0,3
828,32,806,0,3
819,33,797,0,3
820,33,842,3,0
821,33,799,0,3
822,33,844,3,0
823,33,845,3,0
824,33,846,3,0
825,33,803,0,3
826,33,804,0,3
827,33,805,0,3
828,33,806,0,3
819,34,797,0,3
820,34,842,3,0
821,34,799,0,3
822,34,844,3,0
823,34,845,3,0
826,34,804,0,3
827,34,805,0,3
828,34,806,0,3
819,35,797,0,3
820,35,842,3,0
821,35,799,0,3
822,35,844,3,0
827,35,805,0,3
828,35,806,0,3
819,36,797,0,3
820,36,842,3,0
828,36,806,0,3
819,37,797,0,3
819,39,797,0,3
818,40,796,0,3
819,40,797,0,3
818,41,796,0,3
819,41,797,0,3
818,42,796,0,3
819,42,797,0,3
818,43,796,0,3
819,43,797,0,3
841,44,819,0,3
841,45,819,0,3
841,46,819,0,3
841,47,819,0,3
841,48,819,0,3
841,49,819,0,3
841,50,819,0,3
842,50,864,3,0
841,51,819,0,3
842,51,864,3,0
843,51,821,0,3
841,52,819,0,3
842,52,864,3,0
843,52,821,0,3
844,52,866,3,0
850,52,828,0,3
841,53,819,0,3
842,53,864,3,0
843,53,821,0,3
844,53,866,3,0
845,53,867,3,0
849,53,827,0,3
850,53,828,0,3
841,54,819,0,3
842,54,864,3,0
843,54,821,0,3
844,54,866,3,0
845,54,867,3,0
846,54,868,3,0
848,54,826,0,3
849,54,827,0,3
850,54,828,0,3
841,55,819,0,3
842,55,864,3,0
843,55,821,0,3
844,55,866,3,0
845,55,867,3,0
847,55,825,0,3
848,55,826,0,3
849,55,827,0,3
850,55,828,0,3
841,56,819,0,3
842,56,864,3,0
843,56,821,0,3
844,56,866,3,0
848,56,826,0,3
849,56,827,0,3
850,56,828,0,3
841,57,819,0,3
842,57,864,3,0
843,57,821,0,3
849,57,827,0,3
850,57,828,0,3
841,58,819,0,3
842,58,864,3,0
850,58,828,0,3
841,59,819,0,3
841,61,819,0,3
841,62,819,0,3
841,63,819,0,3
841,64,819,0,3
841,65,819,0,3
859,66,837,0,3
875,66,897,3,0
876,66,854,0,3
859,67,837,0,3
875,67,897,3,0
876,67,854,0,3
875,68,897,3,0
876,68,854,0,3
875,69,897,3,0
876,69,854,0,3
864,72,886,3,0
873,72,895,3,0
864,73,886,3,0
865,73,843,0,3
872,73,850,0,3
873,73,895,3,0
864,74,886,3,0
865,74,843,0,3
872,74,850,0,3
873,74,895,3,0
864,75,886,3,0
865,75,843,0,3
867,75,889,3,0
871,75,849,0,3
872,75,850,0,3
873,75,895,3,0
864,76,886,3,0
865,76,843,0,3
867,76,889,3,0
868,76,890,3,0
870,76,848,0,3
871,76,849,0,3
872,76,850,0,3
873,76,895,3,0
864,77,886,3,0
865,77,843,0,3
867,77,889,3,0
868,77,890,3,0
869,77,847,0,3
870,77,848,0,3
871,77,849,0,3
872,77,850,0,3
873,77,895,3,0
864,78,886,3,0
865,78,843,0,3
867,78,889,3,0
870,78,848,0,3
871,78,849,0,3
872,78,850,0,3
873,78,895,3,0
864,79,886,3,0
865,79,843,0,3
871,79,849,0,3
872,79,850,0,3
873,79,895,3,0
864,80,886,3,0
872,80,850,0,3
873,80,895,3,0
873,81,895,3,0
875,83,897,3,0
875,84,897,3,0
876,84,854,0,3
875,85,897,3,0
876,85,854,0,3
875,86,897,3,0
876,86,854,0,3
859,87,837,0,3
875,87,897,3,0
876,87,854,0,3
881,88,859,0,3
883,88,861,0,3
897,88,919,3,0
900,88,922,3,0
881,89,859,0,3
883,89,861,0,3
897,89,919,3,0
900,89,922,3,0
883,90,861,0,3
897,90,919,3,0
883,91,861,0,3
897,91,919,3,0
897,92,919,3,0
886,94,908,3,0
886,95,908,3,0
887,95,865,0,3
895,95,917,3,0
886,96,908,3,0
887,96,865,0,3
888,96,910,3,0
895,96,917,3,0
886,97,908,3,0
887,97,865,0,3
888,97,910,3,0
889,97,911,3,0
895,97,917,3,0
886,98,908,3,0
887,98,865,0,3
888,98,910,3,0
889,98,911,3,0
890,98,912,3,0
892,98,870,0,3
895,98,917,3,0
886,99,908,3,0
887,99,865,0,3
888,99,910,3,0
889,99,911,3,0
891,99,869,0,3
892,99,870,0,3
895,99,917,3,0
886,100,908,3,0
887,100,865,0,3
888,100,910,3,0
892,100,870,0,3
895,100,917,3,0
886,101,908,3,0
887,101,865,0,3
895,101,917,3,0
886,102,908,3,0
895,102,917,3,0
895,103,917,3,0
897,105,919,3,0
897,106,919,3,0
883,107,861,0,3
897,107,919,3,0
883,108,861,0,3
897,108,919,3,0
900,108,922,3,0
881,109,859,0,3
883,109,861,0,3
897,109,919,3,0
900,109,922,3,0
902,110,924,2,0
903,110,881,0,3
905,110,883,0,3
918,110,896,0,3
919,110,941,3,0
921,110,943,3,0
922,110,944,3,0
923,110,901,0,3
903,111,881,0,3
905,111,883,0,3
918,111,896,0,3
919,111,941,3,0
921,111,943,3,0
922,111,944,3,0
905,112,883,0,3
918,112,896,0,3
919,112,941,3,0
921,112,943,3,0
905,113,883,0,3
918,113,896,0,3
919,113,941,3,0
918,114,896,0,3
919,114,941,3,0
918,115,896,0,3
917,116,939,3,0
918,116,896,0,3
909,117,887,0,3
917,117,939,3,0
918,117,896,0,3
909,118,887,0,3
917,118,939,3,0
918,118,896,0,3
909,119,887,0,3
911,119,933,3,0
917,119,939,3,0
918,119,896,0,3
909,120,887,0,3
911,120,933,3,0
912,120,934,3,0
914,120,892,0,3
917,120,939,3,0
918,120,896,0,3
909,121,887,0,3
911,121,933,3,0
912,121,934,3,0
913,121,891,0,3
914,121,892,0,3
917,121,939,3,0
918,121,896,0,3
909,122,887,0,3
911,122,933,3,0
914,122,892,0,3
917,122,939,3,0
918,122,896,0,3
909,123,887,0,3
917,123,939,3,0
918,123,896,0,3
917,124,939,3,0
918,124,896,0,3
917,125,939,3,0
918,125,896,0,3
918,126,896,0,3
918,127,896,0,3
919,127,941,3,0
918,128,896,0,3
919,128,941,3,0
905,129,883,0,3
918,129,896,0,3
919,129,941,3,0
921,129,943,3,0
905,130,883,0,3
918,130,896,0,3
919,130,941,3,0
921,130,943,3,0
922,130,944,3,0
903,131,881,0,3
905,131,883,0,3
918,131,896,0,3
919,131,941,3,0
921,131,943,3,0
922,131,944,3,0
923,131,901,0,3
924,132,946,2,0
925,132,903,0,3
927,132,905,0,3
928,132,950,3,0
940,132,918,0,3
941,132,963,3,0
943,132,965,3,0
944,132,966,3,0
945,132,923,0,3
925,133,903,0,3
927,133,905,0,3
928,133,950,3,0
940,133,918,0,3
941,133,963,3,0
943,133,965,3,0
944,133,966,3,0
927,134,905,0,3
928,134,950,3,0
940,134,918,0,3
941,134,963,3,0
943,134,965,3,0
927,135,905,0,3
928,135,950,3,0
940,135,918,0,3
941,135,963,3,0
928,136,950,3,0
940,136,918,0,3
941,136,963,3,0
940,137,918,0,3
940,138,918,0,3
939,139,961,3,0
940,139,918,0,3
938,140,916,0,3
939,140,961,3,0
940,140,918,0,3
933,141,955,3,0
938,141,916,0,3
939,141,961,3,0
940,141,918,0,3
933,142,955,3,0
934,142,956,3,0
936,142,914,0,3
938,142,916,0,3
939,142,961,3,0
940,142,918,0,3
933,143,955,3,0
936,143,914,0,3
938,143,916,0,3
939,143,961,3,0
940,143,918,0,3
936,144,914,0,3
938,144,916,0,3
939,144,961,3,0
940,144,918,0,3
938,145,916,0,3
939,145,961,3,0
940,145,918,0,3
938,146,916,0,3
939,146,961,3,0
940,146,918,0,3
939,147,961,3,0
940,147,918,0,3
940,148,918,0,3
940,149,918,0,3
941,149,963,3,0
928,150,950,3,0
940,150,918,0,3
941,150,963,3,0
927,151,905,0,3
928,151,950,3,0
940,151,918,0,3
941,151,963,3,0
943,151,965,3,0
927,152,905,0,3
928,152,950,3,0
940,152,918,0,3
941,152,963,3,0
943,152,965,3,0
944,152,966,3,0
925,153,903,0,3
927,153,905,0,3
928,153,950,3,0
940,153,918,0,3
941,153,963,3,0
943,153,965,3,0
944,153,966,3,0
945,153,923,0,3
946,154,968,2,0
949,154,927,0,3
962,154,940,0,3
963,154,985,3,0
966,154,988,3,0
949,155,927,0,3
962,155,940,0,3
963,155,985,3,0
966,155,988,3,0
949,156,927,0,3
962,156,940,0,3
963,156,985,3,0
949,157,927,0,3
962,157,940,0,3
963,157,985,3,0
962,158,940,0,3
963,158,985,3,0
962,159,940,0,3
961,160,983,3,0
962,160,940,0,3
953,161,931,0,3
961,161,983,3,0
962,161,940,0,3
953,162,931,0,3
961,162,983,3,0
962,162,940,0,3
953,163,931,0,3
955,163,977,3,0
961,163,983,3,0
962,163,940,0,3
953,164,931,0,3
955,164,977,3,0
956,164,978,3,0
958,164,936,0,3
961,164,983,3,0
962,164,940,0,3
953,165,931,0,3
955,165,977,3,0
956,165,978,3,0
958,165,936,0,3
961,165,983,3,0
962,165,940,0,3
953,166,931,0,3
955,166,977,3,0
958,166,936,0,3
961,166,983,3,0
962,166,940,0,3
953,167,931,0,3
961,167,983,3,0
962,167,940,0,3
961,168,983,3,0
962,168,940,0,3
961,169,983,3,0
962,169,940,0,3
962,170,940,0,3
962,171,940,0,3
963,171,985,3,0
962,172,940,0,3
963,172,985,3,0
949,173,927,0,3
962,173,940,0,3
963,173,985,3,0
949,174,927,0,3
962,174,940,0,3
963,174,985,3,0
966,174,988,3,0
949,175,927,0,3
962,175,940,0,3
963,175,985,3,0
966,175,988,3,0
968,176,990,2,0
971,176,949,0,3
972,176,994,3,0
985,176,1007,3,0
971,177,949,0,3
972,177,994,3,0
985,177,1007,3,0
971,178,949,0,3
972,178,994,3,0
985,178,1007,3,0
971,179,949,0,3
972,179,994,3,0
985,179,1007,3,0
972,180,994,3,0
985,180,1007,3,0
974,182,996,3,0
974,183,996,3,0
983,183,1005,3,0
974,184,996,3,0
976,184,954,0,3
983,184,1005,3,0
974,185,996,3,0
976,185,954,0,3
977,185,999,3,0
983,185,1005,3,0
974,186,996,3,0
976,186,954,0,3
977,186,999,3,0
980,186,958,0,3
983,186,1005,3,0
974,187,996,3,0
976,187,954,0,3
977,187,999,3,0
980,187,958,0,3
983,187,1005,3,0
974,188,996,3,0
976,188,954,0,3
980,188,958,0,3
983,188,1005,3,0
974,189,996,3,0
983,189,1005,3,0
974,190,996,3,0
983,190,1005,3,0
983,191,1005,3,0
985,193,1007,3,0
972,194,994,3,0
985,194,1007,3,0
971,195,949,0,3
972,195,994,3,0
985,195,1007,3,0
971,196,949,0,3
972,196,994,3,0
985,196,1007,3,0
971,197,949,0,3
972,197,994,3,0
985,197,1007,3,0
991,198,1013,3,0
993,198,971,0,3
994,198,1016,3,0
991,199,1013,3,0
993,199,971,0,3
994,199,1016,3,0
993,200,971,0,3
994,200,1016,3,0
993,201,971,0,3
994,201,1016,3,0
994,202,1016,3,0
1007,202,1029,3,0
1005,204,1027,3,0
1005,205,1027,3,0
998,206,976,0,3
1005,206,1027,3,0
998,207,976,0,3
999,207,1021,3,0
1005,207,1027,3,0
998,208,976,0,3
999,208,1021,3,0
1002,208,980,0,3
1005,208,1027,3,0
998,209,976,0,3
999,209,1021,3,0
1002,209,980,0,3
1005,209,1027,3,0
998,210,976,0,3
999,210,1021,3,0
1002,210,980,0,3
1005,210,1027,3,0
998,211,976,0,3
1005,211,1027,3,0
1005,212,1027,3,0
1005,213,1027,3,0
994,216,1016,3,0
993,217,971,0,3
994,217,1016,3,0
993,218,971,0,3
994,218,1016,3,0
991,219,1013,3,0
993,219,971,0,3
994,219,1016,3,0
1016,220,1038,3,0
1033,220,1055,3,0
1016,221,1038,3,0
1016,222,1038,3,0
1016,223,1038,3,0
1016,224,1038,3,0
1027,227,1049,3,0
1020,228,998,0,3
1027,228,1049,3,0
1020,229,998,0,3
1021,229,1043,3,0
1027,229,1049,3,0
1020,230,998,0,3
1021,230,1043,3,0
1024,230,1002,0,3
1027,230,1049,3,0
1020,231,998,0,3
1021,231,1043,3,0
1024,231,1002,0,3
1027,231,1049,3,0
1020,232,998,0,3
1024,232,1002,0,3
1027,232,1049,3,0
1027,233,1049,3,0
1027,234,1049,3,0
1027,235,1049,3,0
1016,238,1038,3,0
1016,239,1038,3,0
1016,240,1038,3,0
1016,241,1038,3,0
1033,241,1055,3,0
1035,242,1013,0,3
1036,242,1058,3,0
1037,242,1015,0,3
1038,242,1060,3,0
1039,242,1061,3,0
1055,242,1077,3,0
1035,243,1013,0,3
1036,243,1058,3,0
1037,243,1015,0,3
1038,243,1060,3,0
1039,243,1061,3,0
1036,244,1058,3,0
1037,244,1015,0,3
1038,244,1060,3,0
1039,244,1061,3,0
1037,245,1015,0,3
1038,245,1060,3,0
1039,245,1061,3,0
1038,246,1060,3,0
1039,246,1061,3,0
1051,246,1073,3,0
1039,247,1061,3,0
1039,248,1061,3,0
1049,248,1071,3,0
1039,249,1061,3,0
1049,249,1071,3,0
1039,250,1061,3,0
1042,250,1020,0,3
1049,250,1071,3,0
1039,251,1061,3,0
1042,251,1020,0,3
1043,251,1065,3,0
1049,251,1071,3,0
1039,252,1061,3,0
1042,252,1020,0,3
1043,252,1065,3,0
1046,252,1024,0,3
1049,252,1071,3,0
1039,253,1061,3,0
1042,253,1020,0,3
1043,253,1065,3,0
1046,253,1024,0,3
1049,253,1071,3,0
1039,254,1061,3,0
1042,254,1020,0,3
1043,254,1065,3,0
1046,254,1024,0,3
1049,254,1071,3,0
1039,255,1061,3,0
1042,255,1020,0,3
1049,255,1071,3,0
1039,256,1061,3,0
1049,256,1071,3,0
1039,257,1061,3,0
1049,257,1071,3,0
1039,259,1061,3,0
1038,260,1060,3,0
1039,260,1061,3,0
1037,261,1015,0,3
1038,261,1060,3,0
1039,261,1061,3,0
1036,262,1058,3,0
1037,262,1015,0,3
1038,262,1060,3,0
1039,262,1061,3,0
1035,263,1013,0,3
1036,263,1058,3,0
1037,263,1015,0,3
1038,263,1060,3,0
1039,263,1061,3,0
1055,263,1077,3,0
1059,264,1037,0,3
1060,264,1082,3,0
1073,264,1095,3,0
1077,264,1099,3,0
1059,265,1037,0,3
1060,265,1082,3,0
1073,265,1095,3,0
1059,266,1037,0,3
1060,266,1082,3,0
1073,266,1095,3,0
1059,267,1037,0,3
1060,267,1082,3,0
1073,267,1095,3,0
1060,268,1082,3,0
1073,268,1095,3,0
1071,271,1093,3,0
1064,272,1042,0,3
1071,272,1093,3,0
1064,273,1042,0,3
1065,273,1087,3,0
1071,273,1093,3,0
1064,274,1042,0,3
1065,274,1087,3,0
1068,274,1046,0,3
1071,274,1093,3,0
1064,275,1042,0,3
1065,275,1087,3,0
1068,275,1046,0,3
1071,275,1093,3,0
1064,276,1042,0,3
1068,276,1046,0,3
1071,276,1093,3,0
1071,277,1093,3,0
1071,278,1093,3,0
1071,279,1093,3,0
1073,281,1095,3,0
1060,282,1082,3,0
1073,282,1095,3,0
1059,283,1037,0,3
1060,283,1082,3,0
1073,283,1095,3,0
1059,284,1037,0,3
1060,284,1082,3,0
1073,284,1095,3,0
1059,285,1037,0,3
1060,285,1082,3,0
1073,285,1095,3,0
1077,285,1099,3,0
1081,286,1059,0,3
1082,286,1104,3,0
1095,286,1117,3,0
1099,286,1121,3,0
1081,287,1059,0,3
1082,287,1104,3,0
1095,287,1117,3,0
1081,288,1059,0,3
1082,288,1104,3,0
1095,288,1117,3,0
1081,289,1059,0,3
1082,289,1104,3,0
1095,289,1117,3,0
1082,290,1104,3,0
1095,290,1117,3,0
1093,292,1115,3,0
1093,293,1115,3,0
1086,294,1064,0,3
1093,294,1115,3,0
1086,295,1064,0,3
1087,295,1109,3,0
1093,295,1115,3,0
1086,296,1064,0,3
1087,296,1109,3,0
1090,296,1068,0,3
1093,296,1115,3,0
1086,297,1064,0,3
1087,297,1109,3,0
1090,297,1068,0,3
1093,297,1115,3,0
1086,298,1064,0,3
1087,298,1109,3,0
1090,298,1068,0,3
1093,298,1115,3,0
1086,299,1064,0,3
1093,299,1115,3,0
1093,300,1115,3,0
1093,301,1115,3,0
1095,303,1117,3,0
1082,304,1104,3,0
1095,304,1117,3,0
1081,305,1059,0,3
1082,305,1104,3,0
1095,305,1117,3,0
1081,306,1059,0,3
1082,306,1104,3,0
1095,306,1117,3,0
1081,307,1059,0,3
1082,307,1104,3,0
1095,307,1117,3,0
1099,307,1121,3,0
1101,308,1123,3,0
1103,308,1081,0,3
1104,308,1126,3,0
1117,308,1139,3,0
1120,308,1098,0,3
1121,308,1143,3,0
1101,309,1123,3,0
1103,309,1081,0,3
1104,309,1126,3,0
1117,309,1139,3,0
1120,309,1098,0,3
1103,310,1081,0,3
1104,310,1126,3,0
1117,310,1139,3,0
1103,311,1081,0,3
1104,311,1126,3,0
1117,311,1139,3,0
1104,312,1126,3,0
1117,312,1139,3,0
1115,315,1137,3,0
1108,316,1086,0,3
1115,316,1137,3,0
1108,317,1086,0,3
1109,317,1131,3,0
1115,317,1137,3,0
1108,318,1086,0,3
1109,318,1131,3,0
1110,318,1088,0,3
1112,318,1090,0,3
1115,318,1137,3,0
1108,319,1086,0,3
1109,319,1131,3,0
1111,319,1133,3,0
1112,319,1090,0,3
1115,319,1137,3,0
1108,320,1086,0,3
1112,320,1090,0,3
1115,320,1137,3,0
1115,321,1137,3,0
1115,322,1137,3,0
1115,323,1137,3,0
1117,325,1139,3,0
1104,326,1126,3,0
1117,326,1139,3,0
1103,327,1081,0,3
1104,327,1126,3,0
1117,327,1139,3,0
1103,328,1081,0,3
1104,328,1126,3,0
1117,328,1139,3,0
1120,328,1098,0,3
1101,329,1123,3,0
1103,329,1081,0,3
1104,329,1126,3,0
1117,329,1139,3,0
1120,329,1098,0,3
1121,329,1143,3,0
1123,330,1145,3,0
1124,330,1102,0,3
1125,330,1103,0,3
1126,330,1148,3,0
1139,330,1161,3,0
1142,330,1120,0,3
1143,330,1165,3,0
1123,331,1145,3,0
1124,331,1102,0,3
1125,331,1103,0,3
1126,331,1148,3,0
1139,331,1161,3,0
1142,331,1120,0,3
1124,332,1102,0,3
1125,332,1103,0,3
1126,332,1148,3,0
1139,332,1161,3,0
1125,333,1103,0,3
1126,333,1148,3,0
1139,333,1161,3,0
1126,334,1148,3,0
1139,334,1161,3,0
1137,336,1159,3,0
1137,337,1159,3,0
1130,338,1108,0,3
1137,338,1159,3,0
1130,339,1108,0,3
1131,339,1153,3,0
1137,339,1159,3,0
1130,340,1108,0,3
1131,340,1153,3,0
1132,340,1110,0,3
1134,340,1112,0,3
1137,340,1159,3,0
1130,341,1108,0,3
1131,341,1153,3,0
1132,341,1110,0,3
1133,341,1155,3,0
1134,341,1112,0,3
1137,341,1159,3,0
1130,342,1108,0,3
1131,342,1153,3,0
1134,342,1112,0,3
1137,342,1159,3,0
1130,343,1108,0,3
1137,343,1159,3,0
1137,344,1159,3,0
1137,345,1159,3,0
1139,347,1161,3,0
1126,348,1148,3,0
1139,348,1161,3,0
1125,349,1103,0,3
1126,349,1148,3,0
1139,349,1161,3,0
1124,350,1102,0,3
1125,350,1103,0,3
1126,350,1148,3,0
1139,350,1161,3,0
1142,350,1120,0,3
1123,351,1145,3,0
1124,351,1102,0,3
1125,351,1103,0,3
1126,351,1148,3,0
1139,351,1161,3,0
1142,351,1120,0,3
1143,351,1165,3,0
1145,352,1167,3,0
1146,352,1124,0,3
1147,352,1125,0,3
1148,352,1170,3,0
1161,352,1183,3,0
1164,352,1142,0,3
1165,352,1187,3,0
1145,353,1167,3,0
1146,353,1124,0,3
1147,353,1125,0,3
1148,353,1170,3,0
1161,353,1183,3,0
1164,353,1142,0,3
1146,354,1124,0,3
1147,354,1125,0,3
1148,354,1170,3,0
1161,354,1183,3,0
1147,355,1125,0,3
1148,355,1170,3,0
1161,355,1183,3,0
1148,356,1170,3,0
1161,356,1183,3,0
1159,359,1181,3,0
1152,360,1130,0,3
1159,360,1181,3,0
1152,361,1130,0,3
1153,361,1175,3,0
1159,361,1181,3,0
1152,362,1130,0,3
1153,362,1175,3,0
1154,362,1132,0,3
1156,362,1134,0,3
1159,362,1181,3,0
1152,363,1130,0,3
1153,363,1175,3,0
1155,363,1177,3,0
1156,363,1134,0,3
1159,363,1181,3,0
1152,364,1130,0,3
1156,364,1134,0,3
1159,364,1181,3,0
1159,365,1181,3,0
1159,366,1181,3,0
1159,367,1181,3,0
1161,369,1183,3,0
1148,370,1170,3,0
1161,370,1183,3,0
1147,371,1125,0,3
1148,371,1170,3,0
1161,371,1183,3,0
1146,372,1124,0,3
1147,372,1125,0,3
1148,372,1170,3,0
1161,372,1183,3,0
1164,372,1142,0,3
1145,373,1167,3,0
1146,373,1124,0,3
1147,373,1125,0,3
1148,373,1170,3,0
1161,373,1183,3,0
1164,373,1142,0,3
1165,373,1187,3,0
1167,374,1189,3,0
1169,374,1147,0,3
1170,374,1192,3,0
1183,374,1205,3,0
1186,374,1164,0,3
1187,374,1209,3,0
1167,375,1189,3,0
1169,375,1147,0,3
1170,375,1192,3,0
1183,375,1205,3,0
1186,375,1164,0,3
1169,376,1147,0,3
1170,376,1192,3,0
1183,376,1205,3,0
1169,377,1147,0,3
1170,377,1192,3,0
1183,377,1205,3,0
1170,378,1192,3,0
1183,378,1205,3,0
1181,380,1203,3,0
1181,381,1203,3,0
1174,382,1152,0,3
1181,382,1203,3,0
1174,383,1152,0,3
1175,383,1197,3,0
1181,383,1203,3,0
1174,384,1152,0,3
1175,384,1197,3,0
1176,384,1154,0,3
1178,384,1156,0,3
1181,384,1203,3,0
1174,385,1152,0,3
1175,385,1197,3,0
1176,385,1154,0,3
1177,385,1199,3,0
1178,385,1156,0,3
1181,385,1203,3,0
1174,386,1152,0,3
1175,386,1197,3,0
1178,386,1156,0,3
1181,386,1203,3,0
1174,387,1152,0,3
1181,387,1203,3,0
1181,388,1203,3,0
1181,389,1203,3,0
1183,391,1205,3,0
1170,392,1192,3,0
1183,392,1205,3,0
1169,393,1147,0,3
1170,393,1192,3,0
1183,393,1205,3,0
1169,394,1147,0,3
1170,394,1192,3,0
1183,394,1205,3,0
1186,394,1164,0,3
1167,395,1189,3,0
1169,395,1147,0,3
1170,395,1192,3,0
1183,395,1205,3,0
1186,395,1164,0,3
1187,395,1209,3,0
1189,396,1211,3,0
1191,396,1169,0,3
1192,396,1214,3,0
1205,396,1227,3,0
1209,396,1231,3,0
1189,397,1211,3,0
1191,397,1169,0,3
1192,397,1214,3,0
1205,397,1227,3,0
1191,398,1169,0,3
1192,398,1214,3,0
1205,398,1227,3,0
1191,399,1169,0,3
1192,399,1214,3,0
1205,399,1227,3,0
1192,400,1214,3,0
1205,400,1227,3,0
1203,403,1225,3,0
1203,404,1225,3,0
1197,405,1219,3,0
1203,405,1225,3,0
1197,406,1219,3,0
1198,406,1176,0,3
1200,406,1178,0,3
1203,406,1225,3,0
1197,407,1219,3,0
1199,407,1221,3,0
1200,407,1178,0,3
1203,407,1225,3,0
1200,408,1178,0,3
1203,408,1225,3,0
1203,409,1225,3,0
1203,410,1225,3,0
1203,411,1225,3,0
1205,413,1227,3,0
1192,414,1214,3,0
1205,414,1227,3,0
1191,415,1169,0,3
1192,415,1214,3,0
1205,415,1227,3,0
1191,416,1169,0,3
1192,416,1214,3,0
1205,416,1227,3,0
1189,417,1211,3,0
1191,417,1169,0,3
1192,417,1214,3,0
1205,417,1227,3,0
1209,417,1231,3,0
1211,418,1233,3,0
1213,418,1191,0,3
1214,418,1236,3,0
1227,418,1249,3,0
1231,418,1253,3,0
1211,419,1233,3,0
1213,419,1191,0,3
1214,419,1236,3,0
1227,419,1249,3,0
1213,420,1191,0,3
1214,420,1236,3,0
1227,420,1249,3,0
1213,421,1191,0,3
1214,421,1236,3,0
1227,421,1249,3,0
1214,422,1236,3,0
1227,422,1249,3,0
1225,424,1247,3,0
1225,425,1247,3,0
1225,426,1247,3,0
1219,427,1241,3,0
1225,427,1247,3,0
1219,428,1241,3,0
1220,428,1198,0,3
1222,428,1200,0,3
1225,428,1247,3,0
1219,429,1241,3,0
1220,429,1198,0,3
1221,429,1243,3,0
1222,429,1200,0,3
1225,429,1247,3,0
1219,430,1241,3,0
1222,430,1200,0,3
1225,430,1247,3,0
1225,431,1247,3,0
1225,432,1247,3,0
1225,433,1247,3,0
1227,435,1249,3,0
1214,436,1236,3,0
1227,436,1249,3,0
1213,437,1191,0,3
1214,437,1236,3,0
1227,437,1249,3,0
1213,438,1191,0,3
1214,438,1236,3,0
1227,438,1249,3,0
1211,439,1233,3,0
1213,439,1191,0,3
1214,439,1236,3,0
1227,439,1249,3,0
1231,439,1253,3,0
1233,440,1255,3,0
1235,440,1213,0,3
1236,440,1258,3,0
1249,440,1271,3,0
1252,440,1230,0,3
1253,440,1275,3,0
1233,441,1255,3,0
1235,441,1213,0,3
1236,441,1258,3,0
1249,441,1271,3,0
1252,441,1230,0,3
1235,442,1213,0,3
1236,442,1258,3,0
1249,442,1271,3,0
1235,443,1213,0,3
1236,443,1258,3,0
1249,443,1271,3,0
1236,444,1258,3,0
1249,444,1271,3,0
1247,447,1269,3,0
1247,448,1269,3,0
1241,449,1263,3,0
1247,449,1269,3,0
1241,450,1263,3,0
1242,450,1220,0,3
1244,450,1222,0,3
1247,450,1269,3,0
1241,451,1263,3,0
1243,451,1265,3,0
1244,451,1222,0,3
1247,451,1269,3,0
1244,452,1222,0,3
1247,452,1269,3,0
1247,453,1269,3,0
1247,454,1269,3,0
1247,455,1269,3,0
1249,457,1271,3,0
1236,458,1258,3,0
1249,458,1271,3,0
1235,459,1213,0,3
1236,459,1258,3,0
1249,459,1271,3,0
1235,460,1213,0,3
1236,460,1258,3,0
1249,460,1271,3,0
1252,460,1230,0,3
1233,461,1255,3,0
1235,461,1213,0,3
1236,461,1258,3,0
1249,461,1271,3,0
1252,461,1230,0,3
1253,461,1275,3,0
1255,462,1277,3,0
1257,462,1235,0,3
1258,462,1280,3,0
1271,462,1293,3,0
1274,462,1252,0,3
1275,462,1297,3,0
1255,463,1277,3,0
1257,463,1235,0,3
1258,463,1280,3,0
1271,463,1293,3,0
1274,463,1252,0,3
1257,464,1235,0,3
1258,464,1280,3,0
1271,464,1293,3,0
1257,465,1235,0,3
1258,465,1280,3,0
1271,465,1293,3,0
1258,466,1280,3,0
1271,466,1293,3,0
1269,468,1291,3,0
1269,469,1291,3,0
1269,470,1291,3,0
1263,471,1285,3,0
1269,471,1291,3,0
1263,472,1285,3,0
1264,472,1242,0,3
1266,472,1244,0,3
1269,472,1291,3,0
1263,473,1285,3,0
1264,473,1242,0,3
1265,473,1287,3,0
1266,473,1244,0,3
1269,473,1291,3,0
1263,474,1285,3,0
1266,474,1244,0,3
1269,474,1291,3,0
1269,475,1291,3,0
1269,476,1291,3,0
1269,477,1291,3,0
1271,479,1293,3,0
1258,480,1280,3,0
1271,480,1293,3,0
1257,481,1235,0,3
1258,481,1280,3,0
1271,481,1293,3,0
1257,482,1235,0,3
1258,482,1280,3,0
1271,482,1293,3,0
1274,482,1252,0,3
1255,483,1277,3,0
1257,483,1235,0,3
1258,483,1280,3,0
1271,483,1293,3,0
1274,483,1252,0,3
1275,483,1297,3,0
1277,484,1299,3,0
1279,484,1257,0,3
1280,484,1302,3,0
1293,484,1315,3,0
1297,484,1319,3,0
1277,485,1299,3,0
1279,485,1257,0,3
1280,485,1302,3,0
1293,485,1315,3,0
1279,486,1257,0,3
1280,486,1302,3,0
1293,486,1315,3,0
1279,487,1257,0,3
1280,487,1302,3,0
1293,487,1315,3,0
1280,488,1302,3,0
1293,488,1315,3,0
1291,491,1313,3,0
1291,492,1313,3,0
1285,493,1307,3,0
1291,493,1313,3,0
1285,494,1307,3,0
1286,494,1264,0,3
1288,494,1266,0,3
1291,494,1313,3,0
1285,495,1307,3,0
1287,495,1309,3,0
1288,495,1266,0,3
1291,495,1313,3,0
1288,496,1266,0,3
1291,496,1313,3,0
1291,497,1313,3,0
1291,498,1313,3,0
1291,499,1313,3,0
1293,501,1315,3,0
1280,502,1302,3,0
1293,502,1315,3,0
1279,503,1257,0,3
1280,503,1302,3,0
1293,503,1315,3,0
1279,504,1257,0,3
1280,504,1302,3,0
1293,504,1315,3,0
1277,505,1299,3,0
1279,505,1257,0,3
1280,505,1302,3,0
1293,505,1315,3,0
1297,505,1319,3,0
1299,506,1321,3,0
1301,506,1279,0,3
1302,506,1324,3,0
1315,506,1337,3,0
1319,506,1341,3,0
1299,507,1321,3,0
1301,507,1279,0,3
1302,507,1324,3,0
1315,507,1337,3,0
1301,508,1279,0,3
1302,508,1324,3,0
1315,508,1337,3,0
1301,509,1279,0,3
1302,509,1324,3,0
1315,509,1337,3,0
1302,510,1324,3,0
1315,510,1337,3,0
1313,512,1335,3,0
1313,513,1335,3,0
1313,514,1335,3,0
1307,515,1329,3,0
1313,515,1335,3,0
1307,516,1329,3,0
1308,516,1286,0,3
1310,516,1288,0,3
1313,516,1335,3,0
1307,517,1329,3,0
1308,517,1286,0,3
1309,517,1331,3,0
1310,517,1288,0,3
1313,517,1335,3,0
1307,518,1329,3,0
1310,518,1288,0,3
1313,518,1335,3,0
1313,519,1335,3,0
1313,520,1335,3,0
1313,521,1335,3,0
1315,523,1337,3,0
1302,524,1324,3,0
1315,524,1337,3,0
1301,525,1279,0,3
1302,525,1324,3,0
1315,525,1337,3,0
1301,526,1279,0,3
1302,526,1324,3,0
1315,526,1337,3,0
1299,527,1321,3,0
1301,527,1279,0,3
1302,527,1324,3,0
1315,527,1337,3,0
1319,527,1341,3,0
1321,528,1343,3,0
1322,528,1300,0,3
1324,528,1346,3,0
1337,528,1359,3,0
1341,528,1363,3,0
1321,529,1343,3,0
1322,529,1300,0,3
1324,529,1346,3,0
1337,529,1359,3,0
1322,530,1300,0,3
1324,530,1346,3,0
1337,530,1359,3,0
1324,531,1346,3,0
1337,531,1359,3,0
1324,532,1346,3,0
1337,532,1359,3,0
1335,535,1357,3,0
1335,536,1357,3,0
1329,537,1351,3,0
1335,537,1357,3,0
1329,538,1351,3,0
1330,538,1308,0,3
1332,538,1310,0,3
1335,538,1357,3,0
1329,539,1351,3,0
1331,539,1353,3,0
1332,539,1310,0,3
1335,539,1357,3,0
1332,540,1310,0,3
1335,540,1357,3,0
1335,541,1357,3,0
1335,542,1357,3,0
1335,543,1357,3,0
1337,545,1359,3,0
1324,546,1346,3,0
1337,546,1359,3,0
1324,547,1346,3,0
1337,547,1359,3,0
1322,548,1300,0,3
1324,548,1346,3,0
1337,548,1359,3,0
1321,549,1343,3,0
1322,549,1300,0,3
1324,549,1346,3,0
1337,549,1359,3,0
1341,549,1363,3,0
1344,550,1322,0,3
1346,550,1368,3,0
1359,550,1381,3,0
1363,550,1385,3,0
1344,551,1322,0,3
1346,551,1368,3,0
1359,551,1381,3,0
1344,552,1322,0,3
1346,552,1368,3,0
1359,552,1381,3,0
1346,553,1368,3,0
1359,553,1381,3,0
1346,554,1368,3,0
1359,554,1381,3,0
1357,556,1379,3,0
1357,557,1379,3,0
1357,558,1379,3,0
1357,559,1379,3,0
1352,560,1330,0,3
1354,560,1332,0,3
1357,560,1379,3,0
1352,561,1330,0,3
1353,561,1375,3,0
1354,561,1332,0,3
1357,561,1379,3,0
1354,562,1332,0,3
1357,562,1379,3,0
1357,563,1379,3,0
1357,564,1379,3,0
1357,565,1379,3,0
1359,567,1381,3,0
1346,568,1368,3,0
1359,568,1381,3,0
1346,569,1368,3,0
1359,569,1381,3,0
1344,570,1322,0,3
1346,570,1368,3,0
1359,570,1381,3,0
1344,571,1322,0,3
1346,571,1368,3,0
1359,571,1381,3,0
1363,571,1385,3,0
1366,572,1344,0,3
1381,572,1403,3,0
1366,573,1344,0,3
1381,573,1403,3,0
1366,574,1344,0,3
1381,574,1403,3,0
1381,575,1403,3,0
1381,576,1403,3,0
1379,579,1401,3,0
1379,580,1401,3,0
1379,581,1401,3,0
1374,582,1352,0,3
1379,582,1401,3,0
1379,583,1401,3,0
1379,584,1401,3,0
1379,585,1401,3,0
1379,586,1401,3,0
1379,587,1401,3,0
1381,589,1403,3,0
1381,590,1403,3,0
1381,591,1403,3,0
1366,592,1344,0,3
1381,592,1403,3,0
1366,593,1344,0,3
1381,593,1403,3,0
1387,594,1409,3,0
1388,594,1366,0,3
1389,594,1367,0,3
1403,594,1425,3,0
1407,594,1429,3,0
1387,595,1409,3,0
1388,595,1366,0,3
1389,595,1367,0,3
1403,595,1425,3,0
1388,596,1366,0,3
1389,596,1367,0,3
1403,596,1425,3,0
1389,597,1367,0,3
1403,597,1425,3,0
1403,598,1425,3,0
1396,604,1374,0,3
1396,605,1374,0,3
1403,611,1425,3,0
1403,612,1425,3,0
1389,613,1367,0,3
1403,613,1425,3,0
1388,614,1366,0,3
1389,614,1367,0,3
1403,614,1425,3,0
1387,615,1409,3,0
1388,615,1366,0,3
1389,615,1367,0,3
1403,615,1425,3,0
1407,615,1429,3,0
1409,616,1431,3,0
1410,616,1388,0,3
1411,616,1389,0,3
1425,616,1447,3,0
1409,617,1431,3,0
1410,617,1388,0,3
1411,617,1389,0,3
1425,617,1447,3,0
1410,618,1388,0,3
1411,618,1389,0,3
1425,618,1447,3,0
1411,619,1389,0,3
1425,619,1447,3,0
1425,620,1447,3,0
1418,626,1396,0,3
1425,633,1447,3,0
1425,634,1447,3,0
1411,635,1389,0,3
1425,635,1447,3,0
1410,636,1388,0,3
1411,636,1389,0,3
1425,636,1447,3,0
1409,637,1431,3,0
1410,637,1388,0,3
1411,637,1389,0,3
1425,637,1447,3,0
1431,638,1453,3,0
1432,638,1410,0,3
1433,638,1411,0,3
1447,638,1469,3,0
1450,638,1428,0,3
1431,639,1453,3,0
1432,639,1410,0,3
1433,639,1411,0,3
1447,639,1469,3,0
1450,639,1428,0,3
1432,640,1410,0,3
1433,640,1411,0,3
1447,640,1469,3,0
1433,641,1411,0,3
1447,641,1469,3,0
1447,642,1469,3,0
1440,648,1418,0,3
1440,649,1418,0,3
1447,655,1469,3,0
1447,656,1469,3,0
1433,657,1411,0,3
1447,657,1469,3,0
1432,658,1410,0,3
1433,658,1411,0,3
1447,658,1469,3,0
1450,658,1428,0,3
1431,659,1453,3,0
1432,659,1410,0,3
1433,659,1411,0,3
1447,659,1469,3,0
1450,659,1428,0,3
1453,660,1475,3,0
1454,660,1432,0,3
1455,660,1433,0,3
1469,660,1491,3,0
1472,660,1450,0,3
1453,661,1475,3,0
1454,661,1432,0,3
1455,661,1433,0,3
1469,661,1491,3,0
1472,661,1450,0,3
1454,662,1432,0,3
1455,662,1433,0,3
1469,662,1491,3,0
1455,663,1433,0,3
1469,663,1491,3,0
1469,664,1491,3,0
1462,670,1440,0,3
1469,677,1491,3,0
1469,678,1491,3,0
1455,679,1433,0,3
1469,679,1491,3,0
1454,680,1432,0,3
1455,680,1433,0,3
1469,680,1491,3,0
1472,680,1450,0,3
1453,681,1475,3,0
1454,681,1432,0,3
1455,681,1433,0,3
1469,681,1491,3,0
1472,681,1450,0,3
1475,682,1497,3,0
1476,682,1454,0,3
1477,682,1455,0,3
1491,682,1513,3,0
1494,682,1472,0,3
1495,682,1517,3,0
1475,683,1497,3,0
1476,683,1454,0,3
1477,683,1455,0,3
1491,683,1513,3,0
1494,683,1472,0,3
1476,684,1454,0,3
1477,684,1455,0,3
1491,684,1513,3,0
1477,685,1455,0,3
1491,685,1513,3,0
1484,692,1462,0,3
1484,693,1462,0,3
1491,699,1513,3,0
1491,700,1513,3,0
1477,701,1455,0,3
1491,701,1513,3,0
1476,702,1454,0,3
1477,702,1455,0,3
1491,702,1513,3,0
1494,702,1472,0,3
1475,703,1497,3,0
1476,703,1454,0,3
1477,703,1455,0,3
1491,703,1513,3,0
1494,703,1472,0,3
1495,703,1517,3,0
1497,704,1519,3,0
1498,704,1476,0,3
1499,704,1477,0,3
1513,704,1535,3,0
1516,704,1494,0,3
1517,704,1539,3,0
1497,705,1519,3,0
1498,705,1476,0,3
1499,705,1477,0,3
1513,705,1535,3,0
1516,705,1494,0,3
1498,706,1476,0,3
1499,706,1477,0,3
1513,706,1535,3,0
1499,707,1477,0,3
1513,707,1535,3,0
1513,708,1535,3,0
1506,714,1484,0,3
1513,721,1535,3,0
1513,722,1535,3,0
1499,723,1477,0,3
1513,723,1535,3,0
1498,724,1476,0,3
1499,724,1477,0,3
1513,724,1535,3,0
1516,724,1494,0,3
1497,725,1519,3,0
1498,725,1476,0,3
1499,725,1477,0,3
1513,725,1535,3,0
1516,725,1494,0,3
1517,725,1539,3,0
1518,726,1496,0,2
1535,726,1557,3,0
1539,726,1561,3,0
1535,727,1557,3,0
1535,728,1557,3,0
1535,729,1557,3,0
1527,735,1505,0,3
1531,735,1509,0,3
1527,736,1505,0,3
1528,736,1506,0,3
1531,736,1509,0,3
1527,737,1505,0,3
1528,737,1506,0,3
1531,737,1509,0,3
1527,738,1505,0,3
1531,738,1509,0,3
1531,739,1509,0,3
1535,743,1557,3,0
1535,744,1557,3,0
1535,745,1557,3,0
1535,746,1557,3,0
1535,747,1557,3,0
1539,747,1561,3,0
1541,748,1563,3,0
1543,748,1521,0,3
1545,748,1523,0,3
1557,748,1579,3,0
1561,748,1583,3,0
1541,749,1563,3,0
1543,749,1521,0,3
1545,749,1523,0,3
1557,749,1579,3,0
1543,750,1521,0,3
1545,750,1523,0,3
1557,750,1579,3,0
1543,751,1521,0,3
1545,751,1523,0,3
1557,751,1579,3,0
1545,752,1523,0,3
1557,752,1579,3,0
1545,753,1523,0,3
1545,754,1523,0,3
1546,754,1524,0,3
1545,755,1523,0,3
1546,755,1524,0,3
1545,756,1523,0,3
1546,756,1524,0,3
1545,757,1523,0,3
1546,757,1524,0,3
1549,757,1527,0,3
1553,757,1531,0,3
1545,758,1523,0,3
1546,758,1524,0,3
1549,758,1527,0,3
1550,758,1528,0,3
1553,758,1531,0,3
1545,759,1523,0,3
1546,759,1524,0,3
1549,759,1527,0,3
1551,759,1573,3,0
1553,759,1531,0,3
1545,760,1523,0,3
1546,760,1524,0,3
1553,760,1531,0,3
1545,761,1523,0,3
1546,761,1524,0,3
1553,761,1531,0,3
1545,762,1523,0,3
1546,762,1524,0,3
1545,763,1523,0,3
1545,765,1523,0,3
1557,765,1579,3,0
1545,766,1523,0,3
1557,766,1579,3,0
1543,767,1521,0,3
1545,767,1523,0,3
1557,767,1579,3,0
1543,768,1521,0,3
1545,768,1523,0,3
1557,768,1579,3,0
1541,769,1563,3,0
1543,769,1521,0,3
1545,769,1523,0,3
1557,769,1579,3,0
1561,769,1583,3,0
1563,770,1,3,3
1564,770,1542,0,3
1565,770,1543,0,3
1567,770,1545,0,3
1579,770,17,3,3
1582,770,1560,0,3
1583,770,21,3,3
1563,771,1,3,3
1564,771,1542,0,3
1565,771,1543,0,3
1567,771,1545,0,3
1579,771,17,3,3
1582,771,1560,0,3
1564,772,1542,0,3
1565,772,1543,0,3
1567,772,1545,0,3
1579,772,17,3,3
1565,773,1543,0,3
1567,773,1545,0,3
1579,773,17,3,3
1567,774,1545,0,3
1567,775,1545,0,3
1567,776,1545,0,3
1568,776,1546,0,3
1577,776,15,3,3
1567,777,1545,0,3
1568,777,1546,0,3
1577,777,15,3,3
1567,778,1545,0,3
1568,778,1546,0,3
1570,778,1548,0,3
1577,778,15,3,3
1567,779,1545,0,3
1568,779,1546,0,3
1570,779,1548,0,3
1571,779,1549,0,3
1577,779,15,3,3
1567,780,1545,0,3
1568,780,1546,0,3
1570,780,1548,0,3
1571,780,1549,0,3
1572,780,1550,0,3
1577,780,15,3,3
1567,781,1545,0,3
1568,781,1546,0,3
1570,781,1548,0,3
1571,781,1549,0,3
1572,781,1550,0,3
1577,781,15,3,3
1567,782,1545,0,3
1568,782,1546,0,3
1570,782,1548,0,3
1571,782,1549,0,3
1577,782,15,3,3
1567,783,1545,0,3
1568,783,1546,0,3
1570,783,1548,0,3
1577,783,15,3,3
1567,784,1545,0,3
1568,784,1546,0,3
1577,784,15,3,3
1567,785,1545,0,3
1577,785,15,3,3
1567,787,1545,0,3
1579,787,17,3,3
1567,788,1545,0,3
1579,788,17,3,3
1565,789,1543,0,3
1567,789,1545,0,3
1579,789,17,3,3
1564,790,1542,0,3
1565,790,1543,0,3
1567,790,1545,0,3
1579,790,17,3,3
1582,790,1560,0,3
1563,791,1,3,3
1564,791,1542,0,3
1565,791,1543,0,3
1567,791,1545,0,3
1579,791,17,3,3
1582,791,1560,0,3
1583,791,21,3,3
1,792,23,2,0
2,792,1564,3,3
4,792,26,2,0
20,792,1582,3,3
1,793,23,2,0
2,793,1564,3,3
4,793,26,2,0
20,793,1582,3,3
2,794,1564,3,3
4,794,26,2,0
4,795,26,2,0
4,796,26,2,0
6,798,1568,3,3
6,799,1568,3,3
6,800,1568,3,3
8,800,1570,3,3
14,800,36,2,0
6,801,1568,3,3
8,801,1570,3,3
9,801,1571,3,3
14,801,36,2,0
6,802,1568,3,3
8,802,1570,3,3
9,802,1571,3,3
10,802,1572,3,3
14,802,36,2,0
6,803,1568,3,3
8,803,1570,3,3
9,803,1571,3,3
11,803,33,2,0
14,803,36,2,0
6,804,1568,3,3
8,804,1570,3,3
14,804,36,2,0
6,805,1568,3,3
14,805,36,2,0
6,806,1568,3,3
14,806,36,2,0
4,810,26,2,0
4,811,26,2,0
2,812,1564,3,3
4,812,26,2,0
20,812,1582,3,3
1,813,23,2,0
2,813,1564,3,3
4,813,26,2,0
20,813,1582,3,3
26,814,48,3,0
27,814,49,3,0
26,815,48,3,0
27,815,49,3,0
26,816,48,3,0
27,816,49,3,0
26,817,48,3,0
27,817,49,3,0
26,818,48,3,0
27,818,49,3,0
27,819,49,3,0
27,820,49,3,0
28,820,6,0,2
27,821,49,3,0
28,821,6,0,2
29,821,51,3,0
36,821,58,3,0
27,822,49,3,0
28,822,6,0,2
29,822,51,3,0
30,822,8,0,2
36,822,58,3,0
27,823,49,3,0
28,823,6,0,2
29,823,51,3,0
30,823,8,0,2
31,823,9,0,2
35,823,57,3,0
36,823,58,3,0
27,824,49,3,0
28,824,6,0,2
29,824,51,3,0
30,824,8,0,2
31,824,9,0,2
32,824,10,0,2
34,824,56,3,0
35,824,57,3,0
36,824,58,3,0
27,825,49,3,0
28,825,6,0,2
29,825,51,3,0
30,825,8,0,2
31,825,9,0,2
32,825,10,0,2
33,825,55,3,0
34,825,56,3,0
35,825,57,3,0
36,825,58,3,0
27,826,49,3,0
28,826,6,0,2
29,826,51,3,0
30,826,8,0,2
31,826,9,0,2
34,826,56,3,0
35,826,57,3,0
36,826,58,3,0
27,827,49,3,0
28,827,6,0,2
29,827,51,3,0
30,827,8,0,2
35,827,57,3,0
36,827,58,3,0
27,828,49,3,0
28,828,6,0,2
36,828,58,3,0
27,829,49,3,0
27,831,49,3,0
26,832,48,3,0
27,832,49,3,0
26,833,48,3,0
27,833,49,3,0
26,834,48,3,0
27,834,49,3,0
26,835,48,3,0
27,835,49,3,0
49,836,71,3,0
49,837,71,3,0
49,838,71,3,0
49,839,71,3,0
49,840,71,3,0
49,841,71,3,0
49,842,71,3,0
50,842,28,0,3
49,843,71,3,0
50,843,28,0,3
51,843,73,3,0
49,844,71,3,0
50,844,28,0,3
51,844,73,3,0
52,844,30,0,3
58,844,80,3,0
49,845,71,3,0
50,845,28,0,3
51,845,73,3,0
52,845,30,0,3
53,845,31,0,3
57,845,79,3,0
58,845,80,3,0
49,846,71,3,0
50,846,28,0,3
51,846,73,3,0
52,846,30,0,3
53,846,31,0,3
54,846,32,0,3
56,846,78,3,0
57,846,79,3,0
58,846,80,3,0
49,847,71,3,0
50,847,28,0,3
51,847,73,3,0
52,847,30,0,3
53,847,31,0,3
55,847,77,3,0
56,847,78,3,0
57,847,79,3,0
58,847,80,3,0
49,848,71,3,0
50,848,28,0,3
51,848,73,3,0
52,848,30,0,3
56,848,78,3,0
57,848,79,3,0
58,848,80,3,0
49,849,71,3,0
50,849,28,0,3
51,849,73,3,0
57,849,79,3,0
58,849,80,3,0
49,850,71,3,0
50,850,28,0,3
58,850,80,3,0
49,851,71,3,0
49,853,71,3,0
49,854,71,3,0
49,855,71,3,0
49,856,71,3,0
49,857,71,3,0
67,858,89,3,0
83,858,61,0,3
84,858,106,3,0
67,859,89,3,0
83,859,61,0,3
84,859,106,3,0
83,860,61,0,3
84,860,106,3,0
83,861,61,0,3
84,861,106,3,0
72,864,50,0,3
81,864,59,0,3
72,865,50,0,3
73,865,95,3,0
80,865,102,3,0
81,865,59,0,3
72,866,50,0,3
73,866,95,3,0
80,866,102,3,0
81,866,59,0,3
72,867,50,0,3
73,867,95,3,0
75,867,53,0,3
79,867,101,3,0
80,867,102,3,0
81,867,59,0,3
72,868,50,0,3
73,868,95,3,0
75,868,53,0,3
76,868,54,0,3
78,868,100,3,0
79,868,101,3,0
80,868,102,3,0
81,868,59,0,3
72,869,50,0,3
73,869,95,3,0
75,869,53,0,3
76,869,54,0,3
77,869,99,3,0
78,869,100,3,0
79,869,101,3,0
80,869,102,3,0
81,869,59,0,3
72,870,50,0,3
73,870,95,3,0
75,870,53,0,3
78,870,100,3,0
79,870,101,3,0
80,870,102,3,0
81,870,59,0,3
72,871,50,0,3
73,871,95,3,0
79,871,101,3,0
80,871,102,3,0
81,871,59,0,3
72,872,50,0,3
80,872,102,3,0
81,872,59,0,3
81,873,59,0,3
83,875,61,0,3
83,876,61,0,3
84,876,106,3,0
83,877,61,0,3
84,877,106,3,0
83,878,61,0,3
84,878,106,3,0
67,879,89,3,0
83,879,61,0,3
84,879,106,3,0
89,880,111,3,0
91,880,113,3,0
105,880,83,0,3
108,880,86,0,3
89,881,111,3,0
91,881,113,3,0
105,881,83,0,3
108,881,86,0,3
91,882,113,3,0
105,882,83,0,3
91,883,113,3,0
105,883,83,0,3
105,884,83,0,3
94,886,72,0,3
94,887,72,0,3
95,887,117,3,0
103,887,81,0,3
94,888,72,0,3
95,888,117,3,0
96,888,74,0,3
103,888,81,0,3
94,889,72,0,3
95,889,117,3,0
96,889,74,0,3
97,889,75,0,3
103,889,81,0,3
94,890,72,0,3
95,890,117,3,0
96,890,74,0,3
97,890,75,0,3
98,890,76,0,3
100,890,122,3,0
103,890,81,0,3
94,891,72,0,3
95,891,117,3,0
96,891,74,0,3
97,891,75,0,3
99,891,121,3,0
100,891,122,3,0
103,891,81,0,3
94,892,72,0,3
95,892,117,3,0
96,892,74,0,3
100,892,122,3,0
103,892,81,0,3
94,893,72,0,3
95,893,117,3,0
103,893,81,0,3
94,894,72,0,3
103,894,81,0,3
103,895,81,0,3
105,897,83,0,3
105,898,83,0,3
91,899,113,3,0
105,899,83,0,3
91,900,113,3,0
105,900,83,0,3
108,900,86,0,3
89,901,111,3,0
91,901,113,3,0
105,901,83,0,3
108,901,86,0,3
110,902,88,0,2
111,902,133,3,0
113,902,135,3,0
126,902,148,3,0
127,902,105,0,3
129,902,107,0,3
130,902,108,0,3
131,902,153,3,0
111,903,133,3,0
113,903,135,3,0
126,903,148,3,0
127,903,105,0,3
129,903,107,0,3
130,903,108,0,3
113,904,135,3,0
126,904,148,3,0
127,904,105,0,3
129,904,107,0,3
113,905,135,3,0
126,905,148,3,0
127,905,105,0,3
126,906,148,3,0
126,907,148,3,0
125,908,103,0,3
126,908,148,3,0
117,909,139,3,0
125,909,103,0,3
126,909,148,3,0
117,910,139,3,0
125,910,103,0,3
126,910,148,3,0
117,911,139,3,0
119,911,97,0,3
125,911,103,0,3
126,911,148,3,0
117,912,139,3,0
119,912,97,0,3
120,912,98,0,3
122,912,144,3,0
125,912,103,0,3
126,912,148,3,0
117,913,139,3,0
119,913,97,0,3
120,913,98,0,3
121,913,143,3,0
122,913,144,3,0
125,913,103,0,3
126,913,148,3,0
117,914,139,3,0
119,914,97,0,3
122,914,144,3,0
125,914,103,0,3
126,914,148,3,0
117,915,139,3,0
125,915,103,0,3
126,915,148,3,0
125,916,103,0,3
126,916,148,3,0
125,917,103,0,3
126,917,148,3,0
126,918,148,3,0
114,919,92,0,3
126,919,148,3,0
127,919,105,0,3
126,920,148,3,0
127,920,105,0,3
113,921,135,3,0
126,921,148,3,0
127,921,105,0,3
129,921,107,0,3
113,922,135,3,0
126,922,148,3,0
127,922,105,0,3
129,922,107,0,3
130,922,108,0,3
111,923,133,3,0
113,923,135,3,0
126,923,148,3,0
127,923,105,0,3
129,923,107,0,3
130,923,108,0,3
131,923,153,3,0
132,924,110,0,2
133,924,155,3,0
135,924,157,3,0
136,924,114,0,3
148,924,170,3,0
149,924,127,0,3
151,924,129,0,3
152,924,130,0,3
153,924,175,3,0
133,925,155,3,0
135,925,157,3,0
136,925,114,0,3
148,925,170,3,0
149,925,127,0,3
151,925,129,0,3
152,925,130,0,3
135,926,157,3,0
136,926,114,0,3
148,926,170,3,0
149,926,127,0,3
151,926,129,0,3
135,927,157,3,0
136,927,114,0,3
148,927,170,3,0
149,927,127,0,3
136,928,114,0,3
148,928,170,3,0
149,928,127,0,3
148,929,170,3,0
148,930,170,3,0
147,931,125,0,3
148,931,170,3,0
146,932,168,3,0
147,932,125,0,3
148,932,170,3,0
141,933,119,0,3
146,933,168,3,0
147,933,125,0,3
148,933,170,3,0
141,934,119,0,3
142,934,120,0,3
144,934,166,3,0
146,934,168,3,0
147,934,125,0,3
148,934,170,3,0
141,935,119,0,3
144,935,166,3,0
146,935,168,3,0
147,935,125,0,3
148,935,170,3,0
144,936,166,3,0
146,936,168,3,0
147,936,125,0,3
148,936,170,3,0
146,937,168,3,0
147,937,125,0,3
148,937,170,3,0
146,938,168,3,0
147,938,125,0,3
148,938,170,3,0
147,939,125,0,3
148,939,170,3,0
148,940,170,3,0
148,941,170,3,0
149,941,127,0,3
136,942,114,0,3
148,942,170,3,0
149,942,127,0,3
135,943,157,3,0
136,943,114,0,3
148,943,170,3,0
149,943,127,0,3
151,943,129,0,3
135,944,157,3,0
136,944,114,0,3
148,944,170,3,0
149,944,127,0,3
151,944,129,0,3
152,944,130,0,3
133,945,155,3,0
135,945,157,3,0
136,945,114,0,3
148,945,170,3,0
149,945,127,0,3
151,945,129,0,3
152,945,130,0,3
153,945,175,3,0
154,946,132,0,2
157,946,179,3,0
170,946,192,3,0
171,946,149,0,3
174,946,152,0,3
157,947,179,3,0
170,947,192,3,0
171,947,149,0,3
174,947,152,0,3
157,948,179,3,0
170,948,192,3,0
171,948,149,0,3
157,949,179,3,0
170,949,192,3,0
171,949,149,0,3
170,950,192,3,0
170,951,192,3,0
169,952,147,0,3
170,952,192,3,0
161,953,183,3,0
169,953,147,0,3
170,953,192,3,0
161,954,183,3,0
169,954,147,0,3
170,954,192,3,0
161,955,183,3,0
163,955,141,0,3
169,955,147,0,3
170,955,192,3,0
161,956,183,3,0
163,956,141,0,3
164,956,142,0,3
166,956,188,3,0
169,956,147,0,3
170,956,192,3,0
161,957,183,3,0
163,957,141,0,3
164,957,142,0,3
166,957,188,3,0
169,957,147,0,3
170,957,192,3,0
161,958,183,3,0
163,958,141,0,3
166,958,188,3,0
169,958,147,0,3
170,958,192,3,0
161,959,183,3,0
169,959,147,0,3
170,959,192,3,0
169,960,147,0,3
170,960,192,3,0
169,961,147,0,3
170,961,192,3,0
170,962,192,3,0
158,963,136,0,3
170,963,192,3,0
171,963,149,0,3
170,964,192,3,0
171,964,149,0,3
157,965,179,3,0
170,965,192,3,0
171,965,149,0,3
157,966,179,3,0
170,966,192,3,0
171,966,149,0,3
174,966,152,0,3
157,967,179,3,0
170,967,192,3,0
171,967,149,0,3
174,967,152,0,3
176,968,154,0,2
179,968,201,3,0
180,968,158,0,3
193,968,171,0,3
179,969,201,3,0
180,969,158,0,3
193,969,171,0,3
179,970,201,3,0
180,970,158,0,3
193,970,171,0,3
179,971,201,3,0
180,971,158,0,3
193,971,171,0,3
180,972,158,0,3
193,972,171,0,3
182,974,160,0,3
182,975,160,0,3
191,975,169,0,3
182,976,160,0,3
184,976,206,3,0
191,976,169,0,3
182,977,160,0,3
184,977,206,3,0
185,977,163,0,3
191,977,169,0,3
182,978,160,0,3
184,978,206,3,0
185,978,163,0,3
188,978,210,3,0
191,978,169,0,3
182,979,160,0,3
184,979,206,3,0
185,979,163,0,3
188,979,210,3,0
191,979,169,0,3
182,980,160,0,3
184,980,206,3,0
188,980,210,3,0
191,980,169,0,3
182,981,160,0,3
191,981,169,0,3
182,982,160,0,3
191,982,169,0,3
191,983,169,0,3
193,985,171,0,3
180,986,158,0,3
193,986,171,0,3
179,987,201,3,0
180,987,158,0,3
193,987,171,0,3
179,988,201,3,0
180,988,158,0,3
193,988,171,0,3
179,989,201,3,0
180,989,158,0,3
193,989,171,0,3
199,990,177,0,3
201,990,223,3,0
202,990,180,0,3
199,991,177,0,3
201,991,223,3,0
202,991,180,0,3
201,992,223,3,0
202,992,180,0,3
201,993,223,3,0
202,993,180,0,3
202,994,180,0,3
213,996,191,0,3
213,997,191,0,3
206,998,228,3,0
213,998,191,0,3
206,999,228,3,0
207,999,185,0,3
213,999,191,0,3
206,1000,228,3,0
207,1000,185,0,3
210,1000,232,3,0
213,1000,191,0,3
206,1001,228,3,0
207,1001,185,0,3
210,1001,232,3,0
213,1001,191,0,3
206,1002,228,3,0
207,1002,185,0,3
210,1002,232,3,0
213,1002,191,0,3
206,1003,228,3,0
213,1003,191,0,3
213,1004,191,0,3
213,1005,191,0,3
202,1007,180,0,3
202,1008,180,0,3
201,1009,223,3,0
202,1009,180,0,3
201,1010,223,3,0
202,1010,180,0,3
199,1011,177,0,3
201,1011,223,3,0
202,1011,180,0,3
224,1012,202,0,3
241,1012,219,0,3
224,1013,202,0,3
224,1014,202,0,3
224,1015,202,0,3
224,1016,202,0,3
235,1019,213,0,3
228,1020,250,3,0
235,1020,213,0,3
228,1021,250,3,0
229,1021,207,0,3
235,1021,213,0,3
228,1022,250,3,0
229,1022,207,0,3
232,1022,254,3,0
235,1022,213,0,3
228,1023,250,3,0
229,1023,207,0,3
232,1023,254,3,0
235,1023,213,0,3
228,1024,250,3,0
232,1024,254,3,0
235,1024,213,0,3
235,1025,213,0,3
235,1026,213,0,3
235,1027,213,0,3
224,1030,202,0,3
224,1031,202,0,3
224,1032,202,0,3
224,1033,202,0,3
241,1033,219,0,3
243,1034,265,3,0
244,1034,222,0,3
245,1034,267,3,0
246,1034,224,0,3
247,1034,225,0,3
263,1034,241,0,3
243,1035,265,3,0
244,1035,222,0,3
245,1035,267,3,0
246,1035,224,0,3
247,1035,225,0,3
244,1036,222,0,3
245,1036,267,3,0
246,1036,224,0,3
247,1036,225,0,3
245,1037,267,3,0
246,1037,224,0,3
247,1037,225,0,3
246,1038,224,0,3
247,1038,225,0,3
247,1039,225,0,3
247,1040,225,0,3
257,1040,235,0,3
247,1041,225,0,3
257,1041,235,0,3
247,1042,225,0,3
250,1042,272,3,0
257,1042,235,0,3
247,1043,225,0,3
250,1043,272,3,0
251,1043,229,0,3
257,1043,235,0,3
247,1044,225,0,3
250,1044,272,3,0
251,1044,229,0,3
254,1044,276,3,0
257,1044,235,0,3
247,1045,225,0,3
250,1045,272,3,0
251,1045,229,0,3
254,1045,276,3,0
257,1045,235,0,3
247,1046,225,0,3
250,1046,272,3,0
251,1046,229,0,3
254,1046,276,3,0
257,1046,235,0,3
247,1047,225,0,3
250,1047,272,3,0
257,1047,235,0,3
247,1048,225,0,3
257,1048,235,0,3
247,1049,225,0,3
257,1049,235,0,3
246,1051,224,0,3
247,1051,225,0,3
246,1052,224,0,3
247,1052,225,0,3
245,1053,267,3,0
246,1053,224,0,3
247,1053,225,0,3
244,1054,222,0,3
245,1054,267,3,0
246,1054,224,0,3
247,1054,225,0,3
243,1055,265,3,0
244,1055,222,0,3
245,1055,267,3,0
246,1055,224,0,3
247,1055,225,0,3
263,1055,241,0,3
267,1056,289,3,0
268,1056,246,0,3
281,1056,259,0,3
285,1056,263,0,3
267,1057,289,3,0
268,1057,246,0,3
281,1057,259,0,3
267,1058,289,3,0
268,1058,246,0,3
281,1058,259,0,3
267,1059,289,3,0
268,1059,246,0,3
281,1059,259,0,3
268,1060,246,0,3
281,1060,259,0,3
279,1063,257,0,3
272,1064,294,3,0
279,1064,257,0,3
272,1065,294,3,0
273,1065,251,0,3
279,1065,257,0,3
272,1066,294,3,0
273,1066,251,0,3
276,1066,298,3,0
279,1066,257,0,3
272,1067,294,3,0
273,1067,251,0,3
276,1067,298,3,0
279,1067,257,0,3
272,1068,294,3,0
276,1068,298,3,0
279,1068,257,0,3
279,1069,257,0,3
279,1070,257,0,3
279,1071,257,0,3
281,1073,259,0,3
268,1074,246,0,3
281,1074,259,0,3
267,1075,289,3,0
268,1075,246,0,3
281,1075,259,0,3
267,1076,289,3,0
268,1076,246,0,3
281,1076,259,0,3
267,1077,289,3,0
268,1077,246,0,3
281,1077,259,0,3
285,1077,263,0,3
289,1078,311,3,0
290,1078,268,0,3
303,1078,281,0,3
307,1078,285,0,3
289,1079,311,3,0
290,1079,268,0,3
303,1079,281,0,3
289,1080,311,3,0
290,1080,268,0,3
303,1080,281,0,3
289,1081,311,3,0
290,1081,268,0,3
303,1081,281,0,3
290,1082,268,0,3
301,1084,279,0,3
301,1085,279,0,3
294,1086,316,3,0
301,1086,279,0,3
294,1087,316,3,0
295,1087,273,0,3
301,1087,279,0,3
294,1088,316,3,0
295,1088,273,0,3
298,1088,320,3,0
301,1088,279,0,3
294,1089,316,3,0
295,1089,273,0,3
298,1089,320,3,0
301,1089,279,0,3
294,1090,316,3,0
295,1090,273,0,3
298,1090,320,3,0
301,1090,279,0,3
294,1091,316,3,0
301,1091,279,0,3
301,1092,279,0,3
301,1093,279,0,3
290,1095,268,0,3
303,1095,281,0,3
290,1096,268,0,3
303,1096,281,0,3
289,1097,311,3,0
290,1097,268,0,3
303,1097,281,0,3
289,1098,311,3,0
290,1098,268,0,3
303,1098,281,0,3
289,1099,311,3,0
290,1099,268,0,3
303,1099,281,0,3
307,1099,285,0,3
309,1100,287,0,3
311,1100,333,3,0
312,1100,290,0,3
325,1100,303,0,3
328,1100,350,3,0
329,1100,307,0,3
309,1101,287,0,3
311,1101,333,3,0
312,1101,290,0,3
325,1101,303,0,3
328,1101,350,3,0
311,1102,333,3,0
312,1102,290,0,3
325,1102,303,0,3
311,1103,333,3,0
312,1103,290,0,3
325,1103,303,0,3
312,1104,290,0,3
325,1104,303,0,3
323,1107,301,0,3
316,1108,338,3,0
323,1108,301,0,3
316,1109,338,3,0
317,1109,295,0,3
323,1109,301,0,3
316,1110,338,3,0
317,1110,295,0,3
318,1110,340,3,0
320,1110,342,3,0
323,1110,301,0,3
316,1111,338,3,0
317,1111,295,0,3
319,1111,297,0,3
320,1111,342,3,0
323,1111,301,0,3
316,1112,338,3,0
320,1112,342,3,0
323,1112,301,0,3
323,1113,301,0,3
323,1114,301,0,3
323,1115,301,0,3
325,1117,303,0,3
312,1118,290,0,3
325,1118,303,0,3
311,1119,333,3,0
312,1119,290,0,3
325,1119,303,0,3
311,1120,333,3,0
312,1120,290,0,3
325,1120,303,0,3
328,1120,350,3,0
309,1121,287,0,3
311,1121,333,3,0
312,1121,290,0,3
325,1121,303,0,3
328,1121,350,3,0
329,1121,307,0,3
331,1122,309,0,3
332,1122,354,3,0
333,1122,355,3,0
334,1122,312,0,3
347,1122,325,0,3
350,1122,372,3,0
351,1122,329,0,3
331,1123,309,0,3
332,1123,354,3,0
333,1123,355,3,0
334,1123,312,0,3
347,1123,325,0,3
350,1123,372,3,0
332,1124,354,3,0
333,1124,355,3,0
334,1124,312,0,3
347,1124,325,0,3
333,1125,355,3,0
334,1125,312,0,3
347,1125,325,0,3
334,1126,312,0,3
345,1128,323,0,3
345,1129,323,0,3
338,1130,360,3,0
345,1130,323,0,3
338,1131,360,3,0
339,1131,317,0,3
345,1131,323,0,3
338,1132,360,3,0
339,1132,317,0,3
340,1132,362,3,0
342,1132,364,3,0
345,1132,323,0,3
338,1133,360,3,0
339,1133,317,0,3
340,1133,362,3,0
341,1133,319,0,3
342,1133,364,3,0
345,1133,323,0,3
338,1134,360,3,0
339,1134,317,0,3
342,1134,364,3,0
345,1134,323,0,3
338,1135,360,3,0
345,1135,323,0,3
345,1136,323,0,3
345,1137,323,0,3
334,1139,312,0,3
347,1139,325,0,3
334,1140,312,0,3
347,1140,325,0,3
333,1141,355,3,0
334,1141,312,0,3
347,1141,325,0,3
332,1142,354,3,0
333,1142,355,3,0
334,1142,312,0,3
347,1142,325,0,3
350,1142,372,3,0
331,1143,309,0,3
332,1143,354,3,0
333,1143,355,3,0
334,1143,312,0,3
347,1143,325,0,3
350,1143,372,3,0
351,1143,329,0,3
353,1144,331,0,3
354,1144,376,3,0
355,1144,377,3,0
356,1144,334,0,3
369,1144,347,0,3
372,1144,394,3,0
373,1144,351,0,3
353,1145,331,0,3
354,1145,376,3,0
355,1145,377,3,0
356,1145,334,0,3
369,1145,347,0,3
372,1145,394,3,0
354,1146,376,3,0
355,1146,377,3,0
356,1146,334,0,3
369,1146,347,0,3
355,1147,377,3,0
356,1147,334,0,3
369,1147,347,0,3
356,1148,334,0,3
369,1148,347,0,3
367,1151,345,0,3
360,1152,382,3,0
367,1152,345,0,3
360,1153,382,3,0
361,1153,339,0,3
367,1153,345,0,3
360,1154,382,3,0
361,1154,339,0,3
362,1154,384,3,0
364,1154,386,3,0
367,1154,345,0,3
360,1155,382,3,0
361,1155,339,0,3
363,1155,341,0,3
364,1155,386,3,0
367,1155,345,0,3
360,1156,382,3,0
364,1156,386,3,0
367,1156,345,0,3
367,1157,345,0,3
367,1158,345,0,3
367,1159,345,0,3
369,1161,347,0,3
356,1162,334,0,3
369,1162,347,0,3
355,1163,377,3,0
356,1163,334,0,3
369,1163,347,0,3
354,1164,376,3,0
355,1164,377,3,0
356,1164,334,0,3
369,1164,347,0,3
372,1164,394,3,0
353,1165,331,0,3
354,1165,376,3,0
355,1165,377,3,0
356,1165,334,0,3
369,1165,347,0,3
372,1165,394,3,0
373,1165,351,0,3
375,1166,353,0,3
377,1166,399,3,0
378,1166,356,0,3
391,1166,369,0,3
394,1166,416,3,0
395,1166,373,0,3
375,1167,353,0,3
377,1167,399,3,0
378,1167,356,0,3
391,1167,369,0,3
394,1167,416,3,0
377,1168,399,3,0
378,1168,356,0,3
391,1168,369,0,3
377,1169,399,3,0
378,1169,356,0,3
391,1169,369,0,3
378,1170,356,0,3
389,1172,367,0,3
389,1173,367,0,3
382,1174,404,3,0
389,1174,367,0,3
382,1175,404,3,0
383,1175,361,0,3
389,1175,367,0,3
382,1176,404,3,0
383,1176,361,0,3
384,1176,406,3,0
386,1176,408,3,0
389,1176,367,0,3
382,1177,404,3,0
383,1177,361,0,3
384,1177,406,3,0
385,1177,363,0,3
386,1177,408,3,0
389,1177,367,0,3
382,1178,404,3,0
383,1178,361,0,3
386,1178,408,3,0
389,1178,367,0,3
382,1179,404,3,0
389,1179,367,0,3
389,1180,367,0,3
389,1181,367,0,3
378,1183,356,0,3
391,1183,369,0,3
378,1184,356,0,3
391,1184,369,0,3
377,1185,399,3,0
378,1185,356,0,3
391,1185,369,0,3
377,1186,399,3,0
378,1186,356,0,3
391,1186,369,0,3
394,1186,416,3,0
375,1187,353,0,3
377,1187,399,3,0
378,1187,356,0,3
391,1187,369,0,3
394,1187,416,3,0
395,1187,373,0,3
397,1188,375,0,3
399,1188,421,3,0
400,1188,378,0,3
413,1188,391,0,3
417,1188,395,0,3
397,1189,375,0,3
399,1189,421,3,0
400,1189,378,0,3
413,1189,391,0,3
399,1190,421,3,0
400,1190,378,0,3
413,1190,391,0,3
399,1191,421,3,0
400,1191,378,0,3
413,1191,391,0,3
400,1192,378,0,3
413,1192,391,0,3
411,1195,389,0,3
411,1196,389,0,3
405,1197,383,0,3
411,1197,389,0,3
405,1198,383,0,3
406,1198,428,3,0
408,1198,430,3,0
411,1198,389,0,3
405,1199,383,0,3
407,1199,385,0,3
408,1199,430,3,0
411,1199,389,0,3
408,1200,430,3,0
411,1200,389,0,3
411,1201,389,0,3
411,1202,389,0,3
411,1203,389,0,3
413,1205,391,0,3
400,1206,378,0,3
413,1206,391,0,3
399,1207,421,3,0
400,1207,378,0,3
413,1207,391,0,3
399,1208,421,3,0
400,1208,378,0,3
413,1208,391,0,3
397,1209,375,0,3
399,1209,421,3,0
400,1209,378,0,3
413,1209,391,0,3
417,1209,395,0,3
419,1210,397,0,3
421,1210,443,3,0
422,1210,400,0,3
435,1210,413,0,3
439,1210,417,0,3
419,1211,397,0,3
421,1211,443,3,0
422,1211,400,0,3
435,1211,413,0,3
421,1212,443,3,0
422,1212,400,0,3
435,1212,413,0,3
421,1213,443,3,0
422,1213,400,0,3
435,1213,413,0,3
422,1214,400,0,3
433,1216,411,0,3
433,1217,411,0,3
433,1218,411,0,3
427,1219,405,0,3
433,1219,411,0,3
427,1220,405,0,3
428,1220,450,3,0
430,1220,452,3,0
433,1220,411,0,3
427,1221,405,0,3
428,1221,450,3,0
429,1221,407,0,3
430,1221,452,3,0
433,1221,411,0,3
427,1222,405,0,3
430,1222,452,3,0
433,1222,411,0,3
433,1223,411,0,3
433,1224,411,0,3
433,1225,411,0,3
422,1227,400,0,3
435,1227,413,0,3
422,1228,400,0,3
435,1228,413,0,3
421,1229,443,3,0
422,1229,400,0,3
435,1229,413,0,3
421,1230,443,3,0
422,1230,400,0,3
435,1230,413,0,3
419,1231,397,0,3
421,1231,443,3,0
422,1231,400,0,3
435,1231,413,0,3
439,1231,417,0,3
441,1232,419,0,3
443,1232,465,3,0
444,1232,422,0,3
457,1232,435,0,3
460,1232,482,3,0
461,1232,439,0,3
441,1233,419,0,3
443,1233,465,3,0
444,1233,422,0,3
457,1233,435,0,3
460,1233,482,3,0
443,1234,465,3,0
444,1234,422,0,3
457,1234,435,0,3
443,1235,465,3,0
444,1235,422,0,3
457,1235,435,0,3
444,1236,422,0,3
457,1236,435,0,3
455,1239,433,0,3
455,1240,433,0,3
449,1241,427,0,3
455,1241,433,0,3
449,1242,427,0,3
450,1242,472,3,0
452,1242,474,3,0
455,1242,433,0,3
449,1243,427,0,3
451,1243,429,0,3
452,1243,474,3,0
455,1243,433,0,3
452,1244,474,3,0
455,1244,433,0,3
455,1245,433,0,3
455,1246,433,0,3
455,1247,433,0,3
457,1249,435,0,3
444,1250,422,0,3
457,1250,435,0,3
443,1251,465,3,0
444,1251,422,0,3
457,1251,435,0,3
443,1252,465,3,0
444,1252,422,0,3
457,1252,435,0,3
460,1252,482,3,0
441,1253,419,0,3
443,1253,465,3,0
444,1253,422,0,3
457,1253,435,0,3
460,1253,482,3,0
461,1253,439,0,3
463,1254,441,0,3
465,1254,487,3,0
466,1254,444,0,3
479,1254,457,0,3
482,1254,504,3,0
483,1254,461,0,3
463,1255,441,0,3
465,1255,487,3,0
466,1255,444,0,3
479,1255,457,0,3
482,1255,504,3,0
465,1256,487,3,0
466,1256,444,0,3
479,1256,457,0,3
465,1257,487,3,0
466,1257,444,0,3
479,1257,457,0,3
466,1258,444,0,3
477,1260,455,0,3
477,1261,455,0,3
477,1262,455,0,3
471,1263,449,0,3
477,1263,455,0,3
471,1264,449,0,3
472,1264,494,3,0
474,1264,496,3,0
477,1264,455,0,3
471,1265,449,0,3
472,1265,494,3,0
473,1265,451,0,3
474,1265,496,3,0
477,1265,455,0,3
471,1266,449,0,3
474,1266,496,3,0
477,1266,455,0,3
477,1267,455,0,3
477,1268,455,0,3
477,1269,455,0,3
466,1271,444,0,3
479,1271,457,0,3
466,1272,444,0,3
479,1272,457,0,3
465,1273,487,3,0
466,1273,444,0,3
479,1273,457,0,3
465,1274,487,3,0
466,1274,444,0,3
479,1274,457,0,3
482,1274,504,3,0
463,1275,441,0,3
465,1275,487,3,0
466,1275,444,0,3
479,1275,457,0,3
482,1275,504,3,0
483,1275,461,0,3
485,1276,463,0,3
487,1276,509,3,0
488,1276,466,0,3
501,1276,479,0,3
505,1276,483,0,3
485,1277,463,0,3
487,1277,509,3,0
488,1277,466,0,3
501,1277,479,0,3
487,1278,509,3,0
488,1278,466,0,3
501,1278,479,0,3
487,1279,509,3,0
488,1279,466,0,3
501,1279,479,0,3
488,1280,466,0,3
501,1280,479,0,3
499,1283,477,0,3
499,1284,477,0,3
493,1285,471,0,3
499,1285,477,0,3
493,1286,471,0,3
494,1286,516,3,0
496,1286,518,3,0
499,1286,477,0,3
493,1287,471,0,3
495,1287,473,0,3
496,1287,518,3,0
499,1287,477,0,3
496,1288,518,3,0
499,1288,477,0,3
499,1289,477,0,3
499,1290,477,0,3
499,1291,477,0,3
501,1293,479,0,3
488,1294,466,0,3
501,1294,479,0,3
487,1295,509,3,0
488,1295,466,0,3
501,1295,479,0,3
487,1296,509,3,0
488,1296,466,0,3
501,1296,479,0,3
485,1297,463,0,3
487,1297,509,3,0
488,1297,466,0,3
501,1297,479,0,3
505,1297,483,0,3
507,1298,485,0,3
509,1298,531,3,0
510,1298,488,0,3
523,1298,501,0,3
527,1298,505,0,3
507,1299,485,0,3
509,1299,531,3,0
510,1299,488,0,3
523,1299,501,0,3
509,1300,531,3,0
510,1300,488,0,3
523,1300,501,0,3
509,1301,531,3,0
510,1301,488,0,3
523,1301,501,0,3
510,1302,488,0,3
521,1304,499,0,3
521,1305,499,0,3
521,1306,499,0,3
515,1307,493,0,3
521,1307,499,0,3
515,1308,493,0,3
516,1308,538,3,0
518,1308,540,3,0
521,1308,499,0,3
515,1309,493,0,3
516,1309,538,3,0
517,1309,495,0,3
518,1309,540,3,0
521,1309,499,0,3
515,1310,493,0,3
518,1310,540,3,0
521,1310,499,0,3
521,1311,499,0,3
521,1312,499,0,3
521,1313,499,0,3
510,1315,488,0,3
523,1315,501,0,3
510,1316,488,0,3
523,1316,501,0,3
509,1317,531,3,0
510,1317,488,0,3
523,1317,501,0,3
509,1318,531,3,0
510,1318,488,0,3
523,1318,501,0,3
507,1319,485,0,3
509,1319,531,3,0
510,1319,488,0,3
523,1319,501,0,3
527,1319,505,0,3
529,1320,507,0,3
530,1320,552,3,0
532,1320,510,0,3
545,1320,523,0,3
549,1320,527,0,3
529,1321,507,0,3
530,1321,552,3,0
532,1321,510,0,3
545,1321,523,0,3
530,1322,552,3,0
532,1322,510,0,3
545,1322,523,0,3
532,1323,510,0,3
545,1323,523,0,3
532,1324,510,0,3
545,1324,523,0,3
543,1327,521,0,3
543,1328,521,0,3
537,1329,515,0,3
543,1329,521,0,3
537,1330,515,0,3
538,1330,560,3,0
540,1330,562,3,0
543,1330,521,0,3
537,1331,515,0,3
539,1331,517,0,3
540,1331,562,3,0
543,1331,521,0,3
540,1332,562,3,0
543,1332,521,0,3
543,1333,521,0,3
543,1334,521,0,3
543,1335,521,0,3
545,1337,523,0,3
532,1338,510,0,3
545,1338,523,0,3
532,1339,510,0,3
545,1339,523,0,3
530,1340,552,3,0
532,1340,510,0,3
545,1340,523,0,3
529,1341,507,0,3
530,1341,552,3,0
532,1341,510,0,3
545,1341,523,0,3
549,1341,527,0,3
552,1342,574,3,0
554,1342,532,0,3
567,1342,545,0,3
571,1342,549,0,3
552,1343,574,3,0
554,1343,532,0,3
567,1343,545,0,3
552,1344,574,3,0
554,1344,532,0,3
567,1344,545,0,3
554,1345,532,0,3
567,1345,545,0,3
554,1346,532,0,3
565,1348,543,0,3
565,1349,543,0,3
565,1350,543,0,3
565,1351,543,0,3
560,1352,582,3,0
562,1352,584,3,0
565,1352,543,0,3
560,1353,582,3,0
561,1353,539,0,3
562,1353,584,3,0
565,1353,543,0,3
562,1354,584,3,0
565,1354,543,0,3
565,1355,543,0,3
565,1356,543,0,3
565,1357,543,0,3
554,1359,532,0,3
567,1359,545,0,3
554,1360,532,0,3
567,1360,545,0,3
554,1361,532,0,3
567,1361,545,0,3
552,1362,574,3,0
554,1362,532,0,3
567,1362,545,0,3
552,1363,574,3,0
554,1363,532,0,3
567,1363,545,0,3
571,1363,549,0,3
574,1364,596,3,0
589,1364,567,0,3
574,1365,596,3,0
589,1365,567,0,3
574,1366,596,3,0
589,1366,567,0,3
589,1367,567,0,3
589,1368,567,0,3
587,1371,565,0,3
587,1372,565,0,3
587,1373,565,0,3
582,1374,604,3,0
587,1374,565,0,3
587,1375,565,0,3
587,1376,565,0,3
587,1377,565,0,3
587,1378,565,0,3
587,1379,565,0,3
589,1381,567,0,3
589,1382,567,0,3
589,1383,567,0,3
574,1384,596,3,0
589,1384,567,0,3
574,1385,596,3,0
589,1385,567,0,3
595,1386,573,0,3
596,1386,618,3,0
597,1386,619,3,0
611,1386,589,0,3
615,1386,593,0,3
595,1387,573,0,3
596,1387,618,3,0
597,1387,619,3,0
611,1387,589,0,3
596,1388,618,3,0
597,1388,619,3,0
611,1388,589,0,3
597,1389,619,3,0
611,1389,589,0,3
604,1396,626,3,0
604,1397,626,3,0
598,1403,576,0,3
611,1403,589,0,3
611,1404,589,0,3
597,1405,619,3,0
611,1405,589,0,3
596,1406,618,3,0
597,1406,619,3,0
611,1406,589,0,3
595,1407,573,0,3
596,1407,618,3,0
597,1407,619,3,0
611,1407,589,0,3
615,1407,593,0,3
617,1408,595,0,3
618,1408,640,3,0
619,1408,641,3,0
633,1408,611,0,3
617,1409,595,0,3
618,1409,640,3,0
619,1409,641,3,0
633,1409,611,0,3
618,1410,640,3,0
619,1410,641,3,0
633,1410,611,0,3
619,1411,641,3,0
633,1411,611,0,3
633,1412,611,0,3
626,1418,648,3,0
633,1425,611,0,3
633,1426,611,0,3
619,1427,641,3,0
633,1427,611,0,3
618,1428,640,3,0
619,1428,641,3,0
633,1428,611,0,3
617,1429,595,0,3
618,1429,640,3,0
619,1429,641,3,0
633,1429,611,0,3
639,1430,617,0,3
640,1430,662,3,0
641,1430,663,3,0
655,1430,633,0,3
658,1430,680,3,0
639,1431,617,0,3
640,1431,662,3,0
641,1431,663,3,0
655,1431,633,0,3
658,1431,680,3,0
640,1432,662,3,0
641,1432,663,3,0
655,1432,633,0,3
641,1433,663,3,0
655,1433,633,0,3
648,1440,670,3,0
648,1441,670,3,0
642,1447,620,0,3
655,1447,633,0,3
655,1448,633,0,3
641,1449,663,3,0
655,1449,633,0,3
640,1450,662,3,0
641,1450,663,3,0
655,1450,633,0,3
658,1450,680,3,0
639,1451,617,0,3
640,1451,662,3,0
641,1451,663,3,0
655,1451,633,0,3
658,1451,680,3,0
661,1452,639,0,3
662,1452,684,3,0
663,1452,685,3,0
677,1452,655,0,3
680,1452,702,3,0
661,1453,639,0,3
662,1453,684,3,0
663,1453,685,3,0
677,1453,655,0,3
680,1453,702,3,0
662,1454,684,3,0
663,1454,685,3,0
677,1454,655,0,3
663,1455,685,3,0
677,1455,655,0,3
677,1456,655,0,3
670,1462,692,3,0
677,1469,655,0,3
677,1470,655,0,3
663,1471,685,3,0
677,1471,655,0,3
662,1472,684,3,0
663,1472,685,3,0
677,1472,655,0,3
680,1472,702,3,0
661,1473,639,0,3
662,1473,684,3,0
663,1473,685,3,0
677,1473,655,0,3
680,1473,702,3,0
683,1474,661,0,3
684,1474,706,3,0
685,1474,707,3,0
699,1474,677,0,3
702,1474,724,3,0
703,1474,681,0,3
683,1475,661,0,3
684,1475,706,3,0
685,1475,707,3,0
699,1475,677,0,3
702,1475,724,3,0
684,1476,706,3,0
685,1476,707,3,0
699,1476,677,0,3
685,1477,707,3,0
699,1477,677,0,3
692,1484,714,3,0
692,1485,714,3,0
699,1491,677,0,3
699,1492,677,0,3
685,1493,707,3,0
699,1493,677,0,3
684,1494,706,3,0
685,1494,707,3,0
699,1494,677,0,3
702,1494,724,3,0
683,1495,661,0,3
684,1495,706,3,0
685,1495,707,3,0
699,1495,677,0,3
702,1495,724,3,0
703,1495,681,0,3
705,1496,683,0,3
706,1496,728,3,0
707,1496,729,3,0
721,1496,699,0,3
724,1496,746,3,0
725,1496,703,0,3
705,1497,683,0,3
706,1497,728,3,0
707,1497,729,3,0
721,1497,699,0,3
724,1497,746,3,0
706,1498,728,3,0
707,1498,729,3,0
721,1498,699,0,3
707,1499,729,3,0
721,1499,699,0,3
721,1500,699,0,3
714,1506,736,3,0
721,1513,699,0,3
721,1514,699,0,3
707,1515,729,3,0
721,1515,699,0,3
706,1516,728,3,0
707,1516,729,3,0
721,1516,699,0,3
724,1516,746,3,0
705,1517,683,0,3
706,1517,728,3,0
707,1517,729,3,0
721,1517,699,0,3
724,1517,746,3,0
725,1517,703,0,3
726,1518,748,2,0
743,1518,721,0,3
747,1518,725,0,3
743,1519,721,0,3
743,1520,721,0,3
743,1521,721,0,3
735,1527,757,3,0
739,1527,761,3,0
735,1528,757,3,0
736,1528,758,3,0
739,1528,761,3,0
735,1529,757,3,0
736,1529,758,3,0
739,1529,761,3,0
735,1530,757,3,0
739,1530,761,3,0
739,1531,761,3,0
743,1535,721,0,3
743,1536,721,0,3
743,1537,721,0,3
743,1538,721,0,3
743,1539,721,0,3
747,1539,725,0,3
749,1540,727,0,3
751,1540,773,3,0
753,1540,775,3,0
765,1540,743,0,3
769,1540,747,0,3
749,1541,727,0,3
751,1541,773,3,0
753,1541,775,3,0
765,1541,743,0,3
751,1542,773,3,0
753,1542,775,3,0
765,1542,743,0,3
751,1543,773,3,0
753,1543,775,3,0
765,1543,743,0,3
753,1544,775,3,0
765,1544,743,0,3
753,1545,775,3,0
753,1546,775,3,0
754,1546,776,3,0
753,1547,775,3,0
754,1547,776,3,0
753,1548,775,3,0
754,1548,776,3,0
753,1549,775,3,0
754,1549,776,3,0
757,1549,779,3,0
761,1549,783,3,0
753,1550,775,3,0
754,1550,776,3,0
757,1550,779,3,0
758,1550,780,3,0
761,1550,783,3,0
753,1551,775,3,0
754,1551,776,3,0
757,1551,779,3,0
759,1551,737,0,3
761,1551,783,3,0
753,1552,775,3,0
754,1552,776,3,0
761,1552,783,3,0
753,1553,775,3,0
754,1553,776,3,0
761,1553,783,3,0
753,1554,775,3,0
754,1554,776,3,0
753,1555,775,3,0
753,1557,775,3,0
765,1557,743,0,3
753,1558,775,3,0
765,1558,743,0,3
751,1559,773,3,0
753,1559,775,3,0
765,1559,743,0,3
751,1560,773,3,0
753,1560,775,3,0
765,1560,743,0,3
749,1561,727,0,3
751,1561,773,3,0
753,1561,775,3,0
765,1561,743,0,3
769,1561,747,0,3
771,1562,749,0,3
772,1562,794,3,0
773,1562,795,3,0
775,1562,797,3,0
787,1562,765,0,3
790,1562,812,3,0
791,1562,769,0,3
771,1563,749,0,3
772,1563,794,3,0
773,1563,795,3,0
775,1563,797,3,0
787,1563,765,0,3
790,1563,812,3,0
772,1564,794,3,0
773,1564,795,3,0
775,1564,797,3,0
787,1564,765,0,3
773,1565,795,3,0
775,1565,797,3,0
787,1565,765,0,3
775,1566,797,3,0
775,1567,797,3,0
775,1568,797,3,0
776,1568,798,3,0
785,1568,763,0,3
775,1569,797,3,0
776,1569,798,3,0
785,1569,763,0,3
775,1570,797,3,0
776,1570,798,3,0
778,1570,800,3,0
785,1570,763,0,3
775,1571,797,3,0
776,1571,798,3,0
778,1571,800,3,0
779,1571,801,3,0
785,1571,763,0,3
775,1572,797,3,0
776,1572,798,3,0
778,1572,800,3,0
779,1572,801,3,0
780,1572,802,3,0
785,1572,763,0,3
775,1573,797,3,0
776,1573,798,3,0
778,1573,800,3,0
779,1573,801,3,0
780,1573,802,3,0
785,1573,763,0,3
775,1574,797,3,0
776,1574,798,3,0
778,1574,800,3,0
779,1574,801,3,0
785,1574,763,0,3
775,1575,797,3,0
776,1575,798,3,0
778,1575,800,3,0
785,1575,763,0,3
775,1576,797,3,0
776,1576,798,3,0
785,1576,763,0,3
775,1577,797,3,0
785,1577,763,0,3
775,1579,797,3,0
787,1579,765,0,3
775,1580,797,3,0
787,1580,765,0,3
773,1581,795,3,0
775,1581,797,3,0
787,1581,765,0,3
772,1582,794,3,0
773,1582,795,3,0
775,1582,797,3,0
787,1582,765,0,3
790,1582,812,3,0
771,1583,749,0,3
772,1583,794,3,0
773,1583,795,3,0
775,1583,797,3,0
787,1583,765,0,3
790,1583,812,3,0
791,1583,769,0,3
161,1584,183,3,0
163,1584,141,0,3
166,1584,188,3,0
169,1584,147,0,3
170,1584,192,3,0
886,1585,908,3,0
94,1586,72,0,3
95,1586,117,3,0
96,1586,74,0,3
97,1586,75,0,3
98,1586,76,0,3
100,1586,122,3,0
103,1586,81,0,3
493,1587,471,0,3
495,1587,473,0,3
496,1587,518,3,0
499,1587,477,0,3
677,1588,655,0,3
169,1590,147,0,3
170,1590,192,3,0
1545,1591,1523,0,3
1546,1591,1524,0,3
1167,1592,1189,3,0
1169,1592,1147,0,3
1170,1592,1192,3,0
1183,1592,1205,3,0
1186,1592,1164,0,3
1187,1592,1209,3,0
294,1593,316,3,0
295,1593,273,0,3
298,1593,320,3,0
301,1593,279,0,3
903,1594,881,0,3
905,1594,883,0,3
918,1594,896,0,3
919,1594,941,3,0
921,1594,943,3,0
922,1594,944,3,0
923,1594,901,0,3
27,1595,49,3,0
28,1595,6,0,2
29,1595,51,3,0
30,1595,8,0,2
31,1595,9,0,2
32,1595,10,0,2
34,1595,56,3,0
35,1595,57,3,0
36,1595,58,3,0
