793,0,815,3,0
794,0,772,0,3
797,0,775,0,3
809,0,787,0,3
810,0,832,3,0
811,0,833,3,0
812,0,790,0,3
813,0,791,0,3
793,1,815,3,0
794,1,772,0,3
797,1,775,0,3
809,1,787,0,3
810,1,832,3,0
811,1,833,3,0
812,1,790,0,3
794,2,772,0,3
797,2,775,0,3
809,2,787,0,3
810,2,832,3,0
811,2,833,3,0
797,3,775,0,3
809,3,787,0,3
810,3,832,3,0
797,4,775,0,3
809,4,787,0,3
797,5,775,0,3
797,6,775,0,3
797,7,775,0,3
799,7,777,0,3
807,7,829,3,0
797,8,775,0,3
799,8,777,0,3
800,8,778,0,3
806,8,828,3,0
807,8,829,3,0
797,9,775,0,3
799,9,777,0,3
800,9,778,0,3
801,9,779,0,3
805,9,827,3,0
806,9,828,3,0
807,9,829,3,0
797,10,775,0,3
799,10,777,0,3
800,10,778,0,3
801,10,779,0,3
804,10,782,0,3
805,10,827,3,0
806,10,828,3,0
807,10,829,3,0
797,11,775,0,3
799,11,777,0,3
800,11,778,0,3
801,11,779,0,3
804,11,782,0,3
805,11,827,3,0
806,11,828,3,0
807,11,829,3,0
797,12,775,0,3
799,12,777,0,3
800,12,778,0,3
804,12,782,0,3
805,12,827,3,0
806,12,828,3,0
807,12,829,3,0
797,13,775,0,3
799,13,777,0,3
805,13,827,3,0
806,13,828,3,0
807,13,829,3,0
797,14,775,0,3
806,14,828,3,0
807,14,829,3,0
797,15,775,0,3
807,15,829,3,0
797,17,775,0,3
809,17,787,0,3
797,18,775,0,3
809,18,787,0,3
810,18,832,3,0
797,19,775,0,3
809,19,787,0,3
810,19,832,3,0
811,19,833,3,0
794,20,772,0,3
797,20,775,0,3
809,20,787,0,3
810,20,832,3,0
811,20,833,3,0
812,20,790,0,3
793,21,815,3,0
794,21,772,0,3
797,21,775,0,3
809,21,787,0,3
810,21,832,3,0
811,21,833,3,0
812,21,790,0,3
813,21,791,0,3
815,22,837,3,0
816,22,794,0,3
819,22,797,0,3
831,22,809,0,3
832,22,854,3,0
833,22,855,3,0
834,22,812,0,3
815,23,837,3,0
816,23,794,0,3
819,23,797,0,3
831,23,809,0,3
832,23,854,3,0
833,23,855,3,0
816,24,794,0,3
819,24,797,0,3
831,24,809,0,3
832,24,854,3,0
819,25,797,0,3
831,25,809,0,3
819,26,797,0,3
819,27,797,0,3
819,28,797,0,3
829,28,851,3,0
819,29,797,0,3
821,29,799,0,3
828,29,850,3,0
829,29,851,3,0
819,30,797,0,3
821,30,799,0,3
822,30,800,0,3
827,30,849,3,0
828,30,850,3,0
829,30,851,3,0
819,31,797,0,3
821,31,799,0,3
822,31,800,0,3
823,31,801,0,3
826,31,804,0,3
827,31,849,3,0
828,31,850,3,0
829,31,851,3,0
819,32,797,0,3
821,32,799,0,3
822,32,800,0,3
823,32,801,0,3
825,32,803,0,3
826,32,804,0,3
827,32,849,3,0
828,32,850,3,0
829,32,851,3,0
819,33,797,0,3
821,33,799,0,3
822,33,800,0,3
823,33,801,0,3
825,33,803,0,3
826,33,804,0,3
827,33,849,3,0
828,33,850,3,0
829,33,851,3,0
819,34,797,0,3
821,34,799,0,3
822,34,800,0,3
826,34,804,0,3
827,34,849,3,0
828,34,850,3,0
829,34,851,3,0
819,35,797,0,3
821,35,799,0,3
827,35,849,3,0
828,35,850,3,0
829,35,851,3,0
819,36,797,0,3
828,36,850,3,0
829,36,851,3,0
819,37,797,0,3
829,37,851,3,0
819,39,797,0,3
831,39,809,0,3
819,40,797,0,3
831,40,809,0,3
832,40,854,3,0
819,41,797,0,3
831,41,809,0,3
832,41,854,3,0
833,41,855,3,0
816,42,794,0,3
819,42,797,0,3
831,42,809,0,3
832,42,854,3,0
833,42,855,3,0
834,42,812,0,3
815,43,837,3,0
816,43,794,0,3
819,43,797,0,3
831,43,809,0,3
832,43,854,3,0
833,43,855,3,0
834,43,812,0,3
838,44,816,0,3
841,44,819,0,3
853,44,831,0,3
854,44,876,3,0
855,44,877,3,0
838,45,816,0,3
841,45,819,0,3
853,45,831,0,3
854,45,876,3,0
855,45,877,3,0
838,46,816,0,3
841,46,819,0,3
853,46,831,0,3
854,46,876,3,0
855,46,877,3,0
841,47,819,0,3
853,47,831,0,3
854,47,876,3,0
841,48,819,0,3
853,48,831,0,3
841,49,819,0,3
841,50,819,0,3
841,51,819,0,3
841,52,819,0,3
844,52,822,0,3
850,52,872,3,0
841,53,819,0,3
844,53,822,0,3
845,53,823,0,3
849,53,871,3,0
850,53,872,3,0
841,54,819,0,3
844,54,822,0,3
845,54,823,0,3
848,54,826,0,3
849,54,871,3,0
850,54,872,3,0
841,55,819,0,3
844,55,822,0,3
845,55,823,0,3
848,55,826,0,3
849,55,871,3,0
850,55,872,3,0
841,56,819,0,3
844,56,822,0,3
848,56,826,0,3
849,56,871,3,0
850,56,872,3,0
841,57,819,0,3
849,57,871,3,0
850,57,872,3,0
841,58,819,0,3
850,58,872,3,0
841,59,819,0,3
841,61,819,0,3
853,61,831,0,3
841,62,819,0,3
853,62,831,0,3
854,62,876,3,0
841,63,819,0,3
853,63,831,0,3
854,63,876,3,0
855,63,877,3,0
838,64,816,0,3
841,64,819,0,3
853,64,831,0,3
854,64,876,3,0
855,64,877,3,0
838,65,816,0,3
841,65,819,0,3
853,65,831,0,3
854,65,876,3,0
855,65,877,3,0
860,66,838,0,3
863,66,841,0,3
875,66,853,0,3
876,66,898,3,0
877,66,899,3,0
860,67,838,0,3
863,67,841,0,3
875,67,853,0,3
876,67,898,3,0
877,67,899,3,0
860,68,838,0,3
863,68,841,0,3
875,68,853,0,3
876,68,898,3,0
863,69,841,0,3
875,69,853,0,3
863,70,841,0,3
863,71,841,0,3
863,72,841,0,3
864,72,886,3,0
863,73,841,0,3
864,73,886,3,0
865,73,843,0,3
872,73,894,3,0
863,74,841,0,3
864,74,886,3,0
865,74,843,0,3
871,74,893,3,0
872,74,894,3,0
863,75,841,0,3
864,75,886,3,0
865,75,843,0,3
867,75,845,0,3
870,75,848,0,3
871,75,893,3,0
872,75,894,3,0
863,76,841,0,3
864,76,886,3,0
865,76,843,0,3
867,76,845,0,3
870,76,848,0,3
871,76,893,3,0
872,76,894,3,0
863,77,841,0,3
864,77,886,3,0
865,77,843,0,3
867,77,845,0,3
870,77,848,0,3
871,77,893,3,0
872,77,894,3,0
863,78,841,0,3
864,78,886,3,0
865,78,843,0,3
870,78,848,0,3
871,78,893,3,0
872,78,894,3,0
863,79,841,0,3
864,79,886,3,0
865,79,843,0,3
871,79,893,3,0
872,79,894,3,0
863,80,841,0,3
864,80,886,3,0
872,80,894,3,0
863,81,841,0,3
863,83,841,0,3
875,83,853,0,3
863,84,841,0,3
875,84,853,0,3
876,84,898,3,0
863,85,841,0,3
875,85,853,0,3
876,85,898,3,0
877,85,899,3,0
860,86,838,0,3
863,86,841,0,3
875,86,853,0,3
876,86,898,3,0
877,86,899,3,0
860,87,838,0,3
863,87,841,0,3
875,87,853,0,3
876,87,898,3,0
877,87,899,3,0
882,88,860,0,3
897,88,875,0,3
898,88,920,3,0
899,88,921,3,0
882,89,860,0,3
897,89,875,0,3
898,89,920,3,0
899,89,921,3,0
882,90,860,0,3
897,90,875,0,3
898,90,920,3,0
899,90,921,3,0
897,91,875,0,3
898,91,920,3,0
897,92,875,0,3
886,94,908,3,0
886,95,908,3,0
887,95,865,0,3
886,96,908,3,0
887,96,865,0,3
888,96,910,3,0
886,97,908,3,0
887,97,865,0,3
888,97,910,3,0
889,97,867,0,3
886,98,908,3,0
887,98,865,0,3
888,98,910,3,0
889,98,867,0,3
890,98,868,0,3
892,98,870,0,3
886,99,908,3,0
887,99,865,0,3
888,99,910,3,0
889,99,867,0,3
892,99,870,0,3
886,100,908,3,0
887,100,865,0,3
888,100,910,3,0
892,100,870,0,3
886,101,908,3,0
887,101,865,0,3
886,102,908,3,0
897,105,875,0,3
897,106,875,0,3
898,106,920,3,0
897,107,875,0,3
898,107,920,3,0
899,107,921,3,0
882,108,860,0,3
897,108,875,0,3
898,108,920,3,0
899,108,921,3,0
882,109,860,0,3
897,109,875,0,3
898,109,920,3,0
899,109,921,3,0
904,110,882,0,3
905,110,927,3,0
920,110,942,3,0
904,111,882,0,3
905,111,927,3,0
920,111,942,3,0
904,112,882,0,3
905,112,927,3,0
920,112,942,3,0
905,113,927,3,0
909,117,887,0,3
916,117,894,0,3
909,118,887,0,3
910,118,932,3,0
916,118,894,0,3
909,119,887,0,3
910,119,932,3,0
911,119,889,0,3
914,119,892,0,3
916,119,894,0,3
909,120,887,0,3
910,120,932,3,0
911,120,889,0,3
912,120,890,0,3
914,120,892,0,3
916,120,894,0,3
909,121,887,0,3
910,121,932,3,0
911,121,889,0,3
914,121,892,0,3
916,121,894,0,3
909,122,887,0,3
910,122,932,3,0
914,122,892,0,3
916,122,894,0,3
909,123,887,0,3
916,123,894,0,3
916,124,894,0,3
920,128,942,3,0
905,129,927,3,0
920,129,942,3,0
904,130,882,0,3
905,130,927,3,0
920,130,942,3,0
904,131,882,0,3
905,131,927,3,0
920,131,942,3,0
923,131,901,0,3
926,132,904,0,3
927,132,949,3,0
940,132,962,3,0
942,132,964,3,0
945,132,923,0,3
926,133,904,0,3
927,133,949,3,0
940,133,962,3,0
942,133,964,3,0
926,134,904,0,3
927,134,949,3,0
940,134,962,3,0
942,134,964,3,0
927,135,949,3,0
940,135,962,3,0
942,135,964,3,0
940,136,962,3,0
940,137,962,3,0
940,138,962,3,0
940,139,962,3,0
932,140,954,3,0
938,140,916,0,3
940,140,962,3,0
932,141,954,3,0
938,141,916,0,3
940,141,962,3,0
932,142,954,3,0
934,142,912,0,3
936,142,914,0,3
938,142,916,0,3
940,142,962,3,0
932,143,954,3,0
936,143,914,0,3
938,143,916,0,3
940,143,962,3,0
932,144,954,3,0
936,144,914,0,3
938,144,916,0,3
940,144,962,3,0
938,145,916,0,3
940,145,962,3,0
938,146,916,0,3
940,146,962,3,0
940,147,962,3,0
940,148,962,3,0
940,149,962,3,0
940,150,962,3,0
942,150,964,3,0
927,151,949,3,0
940,151,962,3,0
942,151,964,3,0
926,152,904,0,3
927,152,949,3,0
940,152,962,3,0
942,152,964,3,0
926,153,904,0,3
927,153,949,3,0
940,153,962,3,0
942,153,964,3,0
945,153,923,0,3
949,154,971,3,0
962,154,984,3,0
963,154,941,0,3
964,154,986,3,0
949,155,971,3,0
962,155,984,3,0
963,155,941,0,3
964,155,986,3,0
949,156,971,3,0
962,156,984,3,0
963,156,941,0,3
964,156,986,3,0
949,157,971,3,0
962,157,984,3,0
963,157,941,0,3
962,158,984,3,0
962,159,984,3,0
962,160,984,3,0
962,161,984,3,0
954,162,976,3,0
962,162,984,3,0
954,163,976,3,0
958,163,936,0,3
962,163,984,3,0
954,164,976,3,0
956,164,934,0,3
958,164,936,0,3
962,164,984,3,0
954,165,976,3,0
958,165,936,0,3
962,165,984,3,0
954,166,976,3,0
958,166,936,0,3
962,166,984,3,0
962,167,984,3,0
962,168,984,3,0
962,169,984,3,0
962,170,984,3,0
962,171,984,3,0
963,171,941,0,3
962,172,984,3,0
963,172,941,0,3
964,172,986,3,0
949,173,971,3,0
962,173,984,3,0
963,173,941,0,3
964,173,986,3,0
949,174,971,3,0
962,174,984,3,0
963,174,941,0,3
964,174,986,3,0
949,175,971,3,0
962,175,984,3,0
963,175,941,0,3
964,175,986,3,0
971,176,993,3,0
984,176,1006,3,0
985,176,963,0,3
986,176,1008,3,0
987,176,1009,3,0
971,177,993,3,0
984,177,1006,3,0
985,177,963,0,3
986,177,1008,3,0
987,177,1009,3,0
971,178,993,3,0
984,178,1006,3,0
985,178,963,0,3
986,178,1008,3,0
987,178,1009,3,0
971,179,993,3,0
984,179,1006,3,0
985,179,963,0,3
986,179,1008,3,0
984,180,1006,3,0
985,180,963,0,3
984,181,1006,3,0
974,182,996,3,0
984,182,1006,3,0
974,183,996,3,0
984,183,1006,3,0
974,184,996,3,0
976,184,998,3,0
984,184,1006,3,0
974,185,996,3,0
976,185,998,3,0
984,185,1006,3,0
974,186,996,3,0
976,186,998,3,0
978,186,956,0,3
980,186,958,0,3
984,186,1006,3,0
974,187,996,3,0
976,187,998,3,0
980,187,958,0,3
984,187,1006,3,0
974,188,996,3,0
976,188,998,3,0
980,188,958,0,3
984,188,1006,3,0
974,189,996,3,0
984,189,1006,3,0
974,190,996,3,0
984,190,1006,3,0
984,191,1006,3,0
984,192,1006,3,0
984,193,1006,3,0
985,193,963,0,3
984,194,1006,3,0
985,194,963,0,3
986,194,1008,3,0
971,195,993,3,0
984,195,1006,3,0
985,195,963,0,3
986,195,1008,3,0
987,195,1009,3,0
971,196,993,3,0
984,196,1006,3,0
985,196,963,0,3
986,196,1008,3,0
987,196,1009,3,0
971,197,993,3,0
984,197,1006,3,0
985,197,963,0,3
986,197,1008,3,0
987,197,1009,3,0
992,198,970,0,3
993,198,1015,3,0
1007,198,985,0,3
1008,198,1030,3,0
1009,198,1031,3,0
992,199,970,0,3
993,199,1015,3,0
1007,199,985,0,3
1008,199,1030,3,0
1009,199,1031,3,0
992,200,970,0,3
993,200,1015,3,0
1007,200,985,0,3
1008,200,1030,3,0
993,201,1015,3,0
1007,201,985,0,3
996,204,1018,3,0
996,205,1018,3,0
996,206,1018,3,0
998,206,1020,3,0
996,207,1018,3,0
998,207,1020,3,0
999,207,1021,3,0
1002,207,980,0,3
996,208,1018,3,0
998,208,1020,3,0
999,208,1021,3,0
1000,208,978,0,3
1002,208,980,0,3
996,209,1018,3,0
998,209,1020,3,0
999,209,1021,3,0
1002,209,980,0,3
996,210,1018,3,0
998,210,1020,3,0
1002,210,980,0,3
996,211,1018,3,0
996,212,1018,3,0
1007,215,985,0,3
1007,216,985,0,3
1008,216,1030,3,0
993,217,1015,3,0
1007,217,985,0,3
1008,217,1030,3,0
1009,217,1031,3,0
992,218,970,0,3
993,218,1015,3,0
1007,218,985,0,3
1008,218,1030,3,0
1009,218,1031,3,0
992,219,970,0,3
993,219,1015,3,0
1007,219,985,0,3
1008,219,1030,3,0
1009,219,1031,3,0
1011,219,989,0,3
1014,220,992,0,3
1015,220,1037,3,0
1017,220,995,0,3
1028,220,1050,3,0
1029,220,1007,0,3
1030,220,1052,3,0
1031,220,1053,3,0
1014,221,992,0,3
1015,221,1037,3,0
1017,221,995,0,3
1028,221,1050,3,0
1029,221,1007,0,3
1030,221,1052,3,0
1031,221,1053,3,0
1014,222,992,0,3
1015,222,1037,3,0
1017,222,995,0,3
1028,222,1050,3,0
1029,222,1007,0,3
1030,222,1052,3,0
1031,222,1053,3,0
1015,223,1037,3,0
1017,223,995,0,3
1028,223,1050,3,0
1029,223,1007,0,3
1030,223,1052,3,0
1017,224,995,0,3
1028,224,1050,3,0
1029,224,1007,0,3
1017,225,995,0,3
1028,225,1050,3,0
1017,226,995,0,3
1018,226,1040,3,0
1028,226,1050,3,0
1017,227,995,0,3
1018,227,1040,3,0
1027,227,1049,3,0
1028,227,1050,3,0
1017,228,995,0,3
1018,228,1040,3,0
1020,228,1042,3,0
1027,228,1049,3,0
1028,228,1050,3,0
1017,229,995,0,3
1018,229,1040,3,0
1020,229,1042,3,0
1021,229,1043,3,0
1027,229,1049,3,0
1028,229,1050,3,0
1017,230,995,0,3
1018,230,1040,3,0
1020,230,1042,3,0
1021,230,1043,3,0
1022,230,1000,0,3
1024,230,1002,0,3
1027,230,1049,3,0
1028,230,1050,3,0
1017,231,995,0,3
1018,231,1040,3,0
1020,231,1042,3,0
1021,231,1043,3,0
1024,231,1002,0,3
1027,231,1049,3,0
1028,231,1050,3,0
1017,232,995,0,3
1018,232,1040,3,0
1020,232,1042,3,0
1024,232,1002,0,3
1027,232,1049,3,0
1028,232,1050,3,0
1017,233,995,0,3
1018,233,1040,3,0
1027,233,1049,3,0
1028,233,1050,3,0
1017,234,995,0,3
1018,234,1040,3,0
1027,234,1049,3,0
1028,234,1050,3,0
1017,235,995,0,3
1027,235,1049,3,0
1028,235,1050,3,0
1028,236,1050,3,0
1017,237,995,0,3
1028,237,1050,3,0
1029,237,1007,0,3
1017,238,995,0,3
1028,238,1050,3,0
1029,238,1007,0,3
1030,238,1052,3,0
1015,239,1037,3,0
1017,239,995,0,3
1028,239,1050,3,0
1029,239,1007,0,3
1030,239,1052,3,0
1031,239,1053,3,0
1014,240,992,0,3
1015,240,1037,3,0
1017,240,995,0,3
1028,240,1050,3,0
1029,240,1007,0,3
1030,240,1052,3,0
1031,240,1053,3,0
1014,241,992,0,3
1015,241,1037,3,0
1017,241,995,0,3
1028,241,1050,3,0
1029,241,1007,0,3
1030,241,1052,3,0
1031,241,1053,3,0
1036,242,1014,0,3
1037,242,1059,3,0
1039,242,1017,0,3
1050,242,1072,3,0
1052,242,1074,3,0
1053,242,1075,3,0
1036,243,1014,0,3
1037,243,1059,3,0
1039,243,1017,0,3
1050,243,1072,3,0
1052,243,1074,3,0
1053,243,1075,3,0
1036,244,1014,0,3
1037,244,1059,3,0
1039,244,1017,0,3
1050,244,1072,3,0
1052,244,1074,3,0
1037,245,1059,3,0
1039,245,1017,0,3
1050,245,1072,3,0
1039,246,1017,0,3
1050,246,1072,3,0
1039,247,1017,0,3
1050,247,1072,3,0
1039,248,1017,0,3
1040,248,1062,3,0
1049,248,1071,3,0
1050,248,1072,3,0
1039,249,1017,0,3
1040,249,1062,3,0
1049,249,1071,3,0
1050,249,1072,3,0
1039,250,1017,0,3
1040,250,1062,3,0
1042,250,1064,3,0
1049,250,1071,3,0
1050,250,1072,3,0
1039,251,1017,0,3
1040,251,1062,3,0
1042,251,1064,3,0
1043,251,1065,3,0
1046,251,1024,0,3
1049,251,1071,3,0
1050,251,1072,3,0
1039,252,1017,0,3
1040,252,1062,3,0
1042,252,1064,3,0
1043,252,1065,3,0
1044,252,1022,0,3
1046,252,1024,0,3
1049,252,1071,3,0
1050,252,1072,3,0
1039,253,1017,0,3
1040,253,1062,3,0
1042,253,1064,3,0
1043,253,1065,3,0
1046,253,1024,0,3
1049,253,1071,3,0
1050,253,1072,3,0
1039,254,1017,0,3
1040,254,1062,3,0
1042,254,1064,3,0
1046,254,1024,0,3
1049,254,1071,3,0
1050,254,1072,3,0
1039,255,1017,0,3
1040,255,1062,3,0
1049,255,1071,3,0
1050,255,1072,3,0
1039,256,1017,0,3
1040,256,1062,3,0
1049,256,1071,3,0
1050,256,1072,3,0
1039,257,1017,0,3
1049,257,1071,3,0
1050,257,1072,3,0
1050,258,1072,3,0
1039,259,1017,0,3
1050,259,1072,3,0
1039,260,1017,0,3
1050,260,1072,3,0
1052,260,1074,3,0
1037,261,1059,3,0
1039,261,1017,0,3
1050,261,1072,3,0
1052,261,1074,3,0
1053,261,1075,3,0
1036,262,1014,0,3
1037,262,1059,3,0
1039,262,1017,0,3
1050,262,1072,3,0
1052,262,1074,3,0
1053,262,1075,3,0
1036,263,1014,0,3
1037,263,1059,3,0
1039,263,1017,0,3
1050,263,1072,3,0
1052,263,1074,3,0
1053,263,1075,3,0
1058,264,1036,0,3
1059,264,1081,3,0
1061,264,1039,0,3
1072,264,1094,3,0
1075,264,1097,3,0
1058,265,1036,0,3
1059,265,1081,3,0
1061,265,1039,0,3
1072,265,1094,3,0
1075,265,1097,3,0
1058,266,1036,0,3
1059,266,1081,3,0
1061,266,1039,0,3
1072,266,1094,3,0
1075,266,1097,3,0
1059,267,1081,3,0
1061,267,1039,0,3
1072,267,1094,3,0
1061,268,1039,0,3
1072,268,1094,3,0
1061,269,1039,0,3
1072,269,1094,3,0
1061,270,1039,0,3
1062,270,1084,3,0
1072,270,1094,3,0
1061,271,1039,0,3
1062,271,1084,3,0
1071,271,1093,3,0
1072,271,1094,3,0
1061,272,1039,0,3
1062,272,1084,3,0
1064,272,1086,3,0
1071,272,1093,3,0
1072,272,1094,3,0
1061,273,1039,0,3
1062,273,1084,3,0
1064,273,1086,3,0
1065,273,1087,3,0
1071,273,1093,3,0
1072,273,1094,3,0
1061,274,1039,0,3
1062,274,1084,3,0
1064,274,1086,3,0
1065,274,1087,3,0
1066,274,1044,0,3
1068,274,1046,0,3
1071,274,1093,3,0
1072,274,1094,3,0
1061,275,1039,0,3
1062,275,1084,3,0
1064,275,1086,3,0
1065,275,1087,3,0
1068,275,1046,0,3
1071,275,1093,3,0
1072,275,1094,3,0
1061,276,1039,0,3
1062,276,1084,3,0
1064,276,1086,3,0
1068,276,1046,0,3
1071,276,1093,3,0
1072,276,1094,3,0
1061,277,1039,0,3
1062,277,1084,3,0
1071,277,1093,3,0
1072,277,1094,3,0
1061,278,1039,0,3
1062,278,1084,3,0
1071,278,1093,3,0
1072,278,1094,3,0
1061,279,1039,0,3
1071,279,1093,3,0
1072,279,1094,3,0
1072,280,1094,3,0
1061,281,1039,0,3
1072,281,1094,3,0
1061,282,1039,0,3
1072,282,1094,3,0
1059,283,1081,3,0
1061,283,1039,0,3
1072,283,1094,3,0
1075,283,1097,3,0
1058,284,1036,0,3
1059,284,1081,3,0
1061,284,1039,0,3
1072,284,1094,3,0
1075,284,1097,3,0
1058,285,1036,0,3
1059,285,1081,3,0
1061,285,1039,0,3
1072,285,1094,3,0
1075,285,1097,3,0
1079,286,1057,0,3
1080,286,1058,0,3
1083,286,1061,0,3
1079,287,1057,0,3
1080,287,1058,0,3
1083,287,1061,0,3
1080,288,1058,0,3
1083,288,1061,0,3
1083,289,1061,0,3
1083,290,1061,0,3
1083,291,1061,0,3
1083,292,1061,0,3
1084,292,1106,3,0
1093,292,1115,3,0
1083,293,1061,0,3
1084,293,1106,3,0
1093,293,1115,3,0
1083,294,1061,0,3
1084,294,1106,3,0
1086,294,1108,3,0
1093,294,1115,3,0
1083,295,1061,0,3
1084,295,1106,3,0
1086,295,1108,3,0
1087,295,1109,3,0
1090,295,1068,0,3
1093,295,1115,3,0
1083,296,1061,0,3
1084,296,1106,3,0
1086,296,1108,3,0
1087,296,1109,3,0
1088,296,1066,0,3
1090,296,1068,0,3
1093,296,1115,3,0
1083,297,1061,0,3
1084,297,1106,3,0
1086,297,1108,3,0
1087,297,1109,3,0
1090,297,1068,0,3
1093,297,1115,3,0
1083,298,1061,0,3
1084,298,1106,3,0
1086,298,1108,3,0
1090,298,1068,0,3
1093,298,1115,3,0
1083,299,1061,0,3
1084,299,1106,3,0
1093,299,1115,3,0
1083,300,1061,0,3
1084,300,1106,3,0
1093,300,1115,3,0
1083,301,1061,0,3
1093,301,1115,3,0
1083,303,1061,0,3
1083,304,1061,0,3
1083,305,1061,0,3
1080,306,1058,0,3
1083,306,1061,0,3
1079,307,1057,0,3
1080,307,1058,0,3
1083,307,1061,0,3
1101,308,1079,0,3
1102,308,1080,0,3
1116,308,1138,3,0
1118,308,1140,3,0
1101,309,1079,0,3
1102,309,1080,0,3
1116,309,1138,3,0
1118,309,1140,3,0
1102,310,1080,0,3
1116,310,1138,3,0
1118,310,1140,3,0
1116,311,1138,3,0
1118,311,1140,3,0
1116,312,1138,3,0
1116,313,1138,3,0
1106,314,1128,3,0
1116,314,1138,3,0
1106,315,1128,3,0
1116,315,1138,3,0
1106,316,1128,3,0
1116,316,1138,3,0
1106,317,1128,3,0
1109,317,1131,3,0
1116,317,1138,3,0
1106,318,1128,3,0
1109,318,1131,3,0
1110,318,1088,0,3
1112,318,1090,0,3
1116,318,1138,3,0
1106,319,1128,3,0
1109,319,1131,3,0
1112,319,1090,0,3
1116,319,1138,3,0
1106,320,1128,3,0
1112,320,1090,0,3
1116,320,1138,3,0
1106,321,1128,3,0
1116,321,1138,3,0
1106,322,1128,3,0
1116,322,1138,3,0
1116,323,1138,3,0
1116,324,1138,3,0
1116,325,1138,3,0
1116,326,1138,3,0
1118,326,1140,3,0
1116,327,1138,3,0
1118,327,1140,3,0
1102,328,1080,0,3
1116,328,1138,3,0
1118,328,1140,3,0
1101,329,1079,0,3
1102,329,1080,0,3
1116,329,1138,3,0
1118,329,1140,3,0
1123,330,1101,0,3
1124,330,1102,0,3
1138,330,1160,3,0
1140,330,1162,3,0
1123,331,1101,0,3
1124,331,1102,0,3
1138,331,1160,3,0
1140,331,1162,3,0
1124,332,1102,0,3
1138,332,1160,3,0
1140,332,1162,3,0
1138,333,1160,3,0
1138,334,1160,3,0
1138,335,1160,3,0
1128,336,1150,3,0
1138,336,1160,3,0
1128,337,1150,3,0
1138,337,1160,3,0
1128,338,1150,3,0
1138,338,1160,3,0
1128,339,1150,3,0
1131,339,1153,3,0
1134,339,1112,0,3
1138,339,1160,3,0
1128,340,1150,3,0
1131,340,1153,3,0
1132,340,1110,0,3
1134,340,1112,0,3
1138,340,1160,3,0
1128,341,1150,3,0
1131,341,1153,3,0
1134,341,1112,0,3
1138,341,1160,3,0
1128,342,1150,3,0
1134,342,1112,0,3
1138,342,1160,3,0
1128,343,1150,3,0
1138,343,1160,3,0
1128,344,1150,3,0
1138,344,1160,3,0
1138,345,1160,3,0
1138,346,1160,3,0
1138,347,1160,3,0
1138,348,1160,3,0
1140,348,1162,3,0
1138,349,1160,3,0
1140,349,1162,3,0
1124,350,1102,0,3
1138,350,1160,3,0
1140,350,1162,3,0
1123,351,1101,0,3
1124,351,1102,0,3
1138,351,1160,3,0
1140,351,1162,3,0
1145,352,1123,0,3
1146,352,1124,0,3
1160,352,1182,3,0
1162,352,1184,3,0
1145,353,1123,0,3
1146,353,1124,0,3
1160,353,1182,3,0
1162,353,1184,3,0
1146,354,1124,0,3
1160,354,1182,3,0
1162,354,1184,3,0
1160,355,1182,3,0
1162,355,1184,3,0
1160,356,1182,3,0
1160,357,1182,3,0
1150,358,1172,3,0
1160,358,1182,3,0
1150,359,1172,3,0
1160,359,1182,3,0
1150,360,1172,3,0
1160,360,1182,3,0
1150,361,1172,3,0
1160,361,1182,3,0
1150,362,1172,3,0
1154,362,1132,0,3
1156,362,1134,0,3
1160,362,1182,3,0
1150,363,1172,3,0
1156,363,1134,0,3
1160,363,1182,3,0
1150,364,1172,3,0
1156,364,1134,0,3
1160,364,1182,3,0
1150,365,1172,3,0
1160,365,1182,3,0
1150,366,1172,3,0
1160,366,1182,3,0
1160,367,1182,3,0
1160,368,1182,3,0
1160,369,1182,3,0
1160,370,1182,3,0
1162,370,1184,3,0
1160,371,1182,3,0
1162,371,1184,3,0
1146,372,1124,0,3
1160,372,1182,3,0
1162,372,1184,3,0
1145,373,1123,0,3
1146,373,1124,0,3
1160,373,1182,3,0
1162,373,1184,3,0
1167,374,1145,0,3
1168,374,1146,0,3
1169,374,1191,3,0
1171,374,1149,0,3
1184,374,1206,3,0
1167,375,1145,0,3
1168,375,1146,0,3
1169,375,1191,3,0
1171,375,1149,0,3
1184,375,1206,3,0
1168,376,1146,0,3
1169,376,1191,3,0
1171,376,1149,0,3
1184,376,1206,3,0
1169,377,1191,3,0
1171,377,1149,0,3
1171,378,1149,0,3
1171,379,1149,0,3
1171,380,1149,0,3
1172,380,1194,3,0
1171,381,1149,0,3
1172,381,1194,3,0
1171,382,1149,0,3
1172,382,1194,3,0
1171,383,1149,0,3
1172,383,1194,3,0
1178,383,1156,0,3
1171,384,1149,0,3
1172,384,1194,3,0
1178,384,1156,0,3
1171,385,1149,0,3
1172,385,1194,3,0
1178,385,1156,0,3
1171,386,1149,0,3
1172,386,1194,3,0
1178,386,1156,0,3
1171,387,1149,0,3
1172,387,1194,3,0
1171,388,1149,0,3
1172,388,1194,3,0
1171,389,1149,0,3
1171,391,1149,0,3
1171,392,1149,0,3
1184,392,1206,3,0
1169,393,1191,3,0
1171,393,1149,0,3
1184,393,1206,3,0
1168,394,1146,0,3
1169,394,1191,3,0
1171,394,1149,0,3
1184,394,1206,3,0
1167,395,1145,0,3
1168,395,1146,0,3
1169,395,1191,3,0
1171,395,1149,0,3
1184,395,1206,3,0
1189,396,1167,0,3
1190,396,1168,0,3
1191,396,1213,3,0
1206,396,1228,3,0
1189,397,1167,0,3
1190,397,1168,0,3
1191,397,1213,3,0
1206,397,1228,3,0
1190,398,1168,0,3
1191,398,1213,3,0
1206,398,1228,3,0
1191,399,1213,3,0
1206,399,1228,3,0
1194,402,1216,3,0
1194,403,1216,3,0
1195,403,1217,3,0
1194,404,1216,3,0
1195,404,1217,3,0
1194,405,1216,3,0
1195,405,1217,3,0
1194,406,1216,3,0
1195,406,1217,3,0
1200,406,1178,0,3
1194,407,1216,3,0
1195,407,1217,3,0
1200,407,1178,0,3
1194,408,1216,3,0
1195,408,1217,3,0
1200,408,1178,0,3
1194,409,1216,3,0
1195,409,1217,3,0
1194,410,1216,3,0
1206,414,1228,3,0
1191,415,1213,3,0
1206,415,1228,3,0
1190,416,1168,0,3
1191,416,1213,3,0
1206,416,1228,3,0
1189,417,1167,0,3
1190,417,1168,0,3
1191,417,1213,3,0
1206,417,1228,3,0
1211,418,1189,0,3
1212,418,1190,0,3
1213,418,1235,3,0
1228,418,1250,3,0
1211,419,1189,0,3
1212,419,1190,0,3
1213,419,1235,3,0
1228,419,1250,3,0
1212,420,1190,0,3
1213,420,1235,3,0
1228,420,1250,3,0
1213,421,1235,3,0
1216,424,1238,3,0
1225,424,1247,3,0
1216,425,1238,3,0
1217,425,1239,3,0
1225,425,1247,3,0
1216,426,1238,3,0
1217,426,1239,3,0
1225,426,1247,3,0
1216,427,1238,3,0
1217,427,1239,3,0
1222,427,1200,0,3
1225,427,1247,3,0
1216,428,1238,3,0
1217,428,1239,3,0
1222,428,1200,0,3
1225,428,1247,3,0
1216,429,1238,3,0
1217,429,1239,3,0
1222,429,1200,0,3
1225,429,1247,3,0
1216,430,1238,3,0
1217,430,1239,3,0
1222,430,1200,0,3
1225,430,1247,3,0
1216,431,1238,3,0
1217,431,1239,3,0
1225,431,1247,3,0
1216,432,1238,3,0
1225,432,1247,3,0
1225,433,1247,3,0
1228,436,1250,3,0
1213,437,1235,3,0
1228,437,1250,3,0
1212,438,1190,0,3
1213,438,1235,3,0
1228,438,1250,3,0
1211,439,1189,0,3
1212,439,1190,0,3
1213,439,1235,3,0
1228,439,1250,3,0
1233,440,1211,0,3
1234,440,1212,0,3
1235,440,1257,3,0
1250,440,1272,3,0
1233,441,1211,0,3
1234,441,1212,0,3
1235,441,1257,3,0
1250,441,1272,3,0
1234,442,1212,0,3
1235,442,1257,3,0
1250,442,1272,3,0
1235,443,1257,3,0
1250,443,1272,3,0
1238,446,1260,3,0
1238,447,1260,3,0
1239,447,1261,3,0
1238,448,1260,3,0
1239,448,1261,3,0
1238,449,1260,3,0
1239,449,1261,3,0
1238,450,1260,3,0
1239,450,1261,3,0
1244,450,1222,0,3
1238,451,1260,3,0
1239,451,1261,3,0
1244,451,1222,0,3
1238,452,1260,3,0
1239,452,1261,3,0
1244,452,1222,0,3
1238,453,1260,3,0
1239,453,1261,3,0
1238,454,1260,3,0
1250,458,1272,3,0
1235,459,1257,3,0
1250,459,1272,3,0
1234,460,1212,0,3
1235,460,1257,3,0
1250,460,1272,3,0
1233,461,1211,0,3
1234,461,1212,0,3
1235,461,1257,3,0
1250,461,1272,3,0
1255,462,1233,0,3
1256,462,1234,0,3
1257,462,1279,3,0
1271,462,1293,3,0
1272,462,1294,3,0
1255,463,1233,0,3
1256,463,1234,0,3
1257,463,1279,3,0
1271,463,1293,3,0
1272,463,1294,3,0
1256,464,1234,0,3
1257,464,1279,3,0
1271,464,1293,3,0
1272,464,1294,3,0
1257,465,1279,3,0
1271,465,1293,3,0
1260,468,1282,3,0
1269,468,1247,0,3
1260,469,1282,3,0
1261,469,1283,3,0
1269,469,1247,0,3
1260,470,1282,3,0
1261,470,1283,3,0
1269,470,1247,0,3
1260,471,1282,3,0
1261,471,1283,3,0
1266,471,1244,0,3
1269,471,1247,0,3
1260,472,1282,3,0
1261,472,1283,3,0
1266,472,1244,0,3
1269,472,1247,0,3
1260,473,1282,3,0
1261,473,1283,3,0
1266,473,1244,0,3
1269,473,1247,0,3
1260,474,1282,3,0
1261,474,1283,3,0
1266,474,1244,0,3
1269,474,1247,0,3
1260,475,1282,3,0
1261,475,1283,3,0
1269,475,1247,0,3
1260,476,1282,3,0
1269,476,1247,0,3
1269,477,1247,0,3
1271,479,1293,3,0
1271,480,1293,3,0
1272,480,1294,3,0
1257,481,1279,3,0
1271,481,1293,3,0
1272,481,1294,3,0
1256,482,1234,0,3
1257,482,1279,3,0
1271,482,1293,3,0
1272,482,1294,3,0
1255,483,1233,0,3
1256,483,1234,0,3
1257,483,1279,3,0
1271,483,1293,3,0
1272,483,1294,3,0
1277,484,1255,0,3
1278,484,1256,0,3
1279,484,1301,3,0
1280,484,1258,0,3
1293,484,1315,3,0
1277,485,1255,0,3
1278,485,1256,0,3
1279,485,1301,3,0
1280,485,1258,0,3
1293,485,1315,3,0
1278,486,1256,0,3
1279,486,1301,3,0
1280,486,1258,0,3
1293,486,1315,3,0
1279,487,1301,3,0
1280,487,1258,0,3
1293,487,1315,3,0
1280,488,1258,0,3
1293,488,1315,3,0
1282,490,1304,3,0
1282,491,1304,3,0
1283,491,1305,3,0
1291,491,1269,0,3
1282,492,1304,3,0
1283,492,1305,3,0
1291,492,1269,0,3
1282,493,1304,3,0
1283,493,1305,3,0
1289,493,1311,3,0
1291,493,1269,0,3
1282,494,1304,3,0
1283,494,1305,3,0
1288,494,1266,0,3
1289,494,1311,3,0
1291,494,1269,0,3
1282,495,1304,3,0
1283,495,1305,3,0
1288,495,1266,0,3
1289,495,1311,3,0
1291,495,1269,0,3
1282,496,1304,3,0
1283,496,1305,3,0
1288,496,1266,0,3
1289,496,1311,3,0
1291,496,1269,0,3
1282,497,1304,3,0
1283,497,1305,3,0
1289,497,1311,3,0
1291,497,1269,0,3
1282,498,1304,3,0
1291,498,1269,0,3
1291,499,1269,0,3
1293,501,1315,3,0
1280,502,1258,0,3
1293,502,1315,3,0
1279,503,1301,3,0
1280,503,1258,0,3
1293,503,1315,3,0
1278,504,1256,0,3
1279,504,1301,3,0
1280,504,1258,0,3
1293,504,1315,3,0
1277,505,1255,0,3
1278,505,1256,0,3
1279,505,1301,3,0
1280,505,1258,0,3
1293,505,1315,3,0
1299,506,1277,0,3
1300,506,1278,0,3
1301,506,1323,3,0
1302,506,1280,0,3
1314,506,1336,3,0
1316,506,1338,3,0
1299,507,1277,0,3
1300,507,1278,0,3
1301,507,1323,3,0
1302,507,1280,0,3
1314,507,1336,3,0
1316,507,1338,3,0
1300,508,1278,0,3
1301,508,1323,3,0
1302,508,1280,0,3
1314,508,1336,3,0
1316,508,1338,3,0
1301,509,1323,3,0
1302,509,1280,0,3
1314,509,1336,3,0
1302,510,1280,0,3
1314,510,1336,3,0
1314,511,1336,3,0
1313,512,1291,0,3
1314,512,1336,3,0
1305,513,1327,3,0
1313,513,1291,0,3
1314,513,1336,3,0
1305,514,1327,3,0
1313,514,1291,0,3
1314,514,1336,3,0
1305,515,1327,3,0
1310,515,1288,0,3
1313,515,1291,0,3
1314,515,1336,3,0
1305,516,1327,3,0
1310,516,1288,0,3
1313,516,1291,0,3
1314,516,1336,3,0
1305,517,1327,3,0
1310,517,1288,0,3
1313,517,1291,0,3
1314,517,1336,3,0
1305,518,1327,3,0
1310,518,1288,0,3
1313,518,1291,0,3
1314,518,1336,3,0
1305,519,1327,3,0
1313,519,1291,0,3
1314,519,1336,3,0
1313,520,1291,0,3
1314,520,1336,3,0
1313,521,1291,0,3
1314,521,1336,3,0
1314,522,1336,3,0
1314,523,1336,3,0
1302,524,1280,0,3
1314,524,1336,3,0
1316,524,1338,3,0
1301,525,1323,3,0
1302,525,1280,0,3
1314,525,1336,3,0
1316,525,1338,3,0
1300,526,1278,0,3
1301,526,1323,3,0
1302,526,1280,0,3
1314,526,1336,3,0
1316,526,1338,3,0
1299,527,1277,0,3
1300,527,1278,0,3
1301,527,1323,3,0
1302,527,1280,0,3
1314,527,1336,3,0
1316,527,1338,3,0
1321,528,1299,0,3
1322,528,1300,0,3
1323,528,1345,3,0
1324,528,1302,0,3
1336,528,1358,3,0
1338,528,1360,3,0
1321,529,1299,0,3
1322,529,1300,0,3
1323,529,1345,3,0
1324,529,1302,0,3
1336,529,1358,3,0
1338,529,1360,3,0
1322,530,1300,0,3
1323,530,1345,3,0
1324,530,1302,0,3
1336,530,1358,3,0
1338,530,1360,3,0
1323,531,1345,3,0
1324,531,1302,0,3
1336,531,1358,3,0
1338,531,1360,3,0
1324,532,1302,0,3
1336,532,1358,3,0
1336,533,1358,3,0
1336,534,1358,3,0
1327,535,1349,3,0
1335,535,1313,0,3
1336,535,1358,3,0
1327,536,1349,3,0
1335,536,1313,0,3
1336,536,1358,3,0
1327,537,1349,3,0
1335,537,1313,0,3
1336,537,1358,3,0
1327,538,1349,3,0
1332,538,1310,0,3
1335,538,1313,0,3
1336,538,1358,3,0
1327,539,1349,3,0
1332,539,1310,0,3
1335,539,1313,0,3
1336,539,1358,3,0
1327,540,1349,3,0
1332,540,1310,0,3
1335,540,1313,0,3
1336,540,1358,3,0
1327,541,1349,3,0
1335,541,1313,0,3
1336,541,1358,3,0
1335,542,1313,0,3
1336,542,1358,3,0
1335,543,1313,0,3
1336,543,1358,3,0
1336,544,1358,3,0
1336,545,1358,3,0
1324,546,1302,0,3
1336,546,1358,3,0
1338,546,1360,3,0
1323,547,1345,3,0
1324,547,1302,0,3
1336,547,1358,3,0
1338,547,1360,3,0
1322,548,1300,0,3
1323,548,1345,3,0
1324,548,1302,0,3
1336,548,1358,3,0
1338,548,1360,3,0
1321,549,1299,0,3
1322,549,1300,0,3
1323,549,1345,3,0
1324,549,1302,0,3
1336,549,1358,3,0
1338,549,1360,3,0
1343,550,1321,0,3
1344,550,1322,0,3
1345,550,1367,3,0
1346,550,1324,0,3
1347,550,1369,3,0
1358,550,1380,3,0
1360,550,1382,3,0
1343,551,1321,0,3
1344,551,1322,0,3
1345,551,1367,3,0
1346,551,1324,0,3
1347,551,1369,3,0
1358,551,1380,3,0
1360,551,1382,3,0
1344,552,1322,0,3
1345,552,1367,3,0
1346,552,1324,0,3
1347,552,1369,3,0
1358,552,1380,3,0
1360,552,1382,3,0
1345,553,1367,3,0
1346,553,1324,0,3
1347,553,1369,3,0
1358,553,1380,3,0
1346,554,1324,0,3
1347,554,1369,3,0
1358,554,1380,3,0
1347,555,1369,3,0
1358,555,1380,3,0
1347,556,1369,3,0
1357,556,1335,0,3
1358,556,1380,3,0
1347,557,1369,3,0
1349,557,1371,3,0
1357,557,1335,0,3
1358,557,1380,3,0
1347,558,1369,3,0
1349,558,1371,3,0
1357,558,1335,0,3
1358,558,1380,3,0
1347,559,1369,3,0
1349,559,1371,3,0
1354,559,1332,0,3
1357,559,1335,0,3
1358,559,1380,3,0
1347,560,1369,3,0
1349,560,1371,3,0
1354,560,1332,0,3
1357,560,1335,0,3
1358,560,1380,3,0
1347,561,1369,3,0
1349,561,1371,3,0
1354,561,1332,0,3
1357,561,1335,0,3
1358,561,1380,3,0
1347,562,1369,3,0
1349,562,1371,3,0
1354,562,1332,0,3
1357,562,1335,0,3
1358,562,1380,3,0
1347,563,1369,3,0
1349,563,1371,3,0
1357,563,1335,0,3
1358,563,1380,3,0
1347,564,1369,3,0
1357,564,1335,0,3
1358,564,1380,3,0
1347,565,1369,3,0
1357,565,1335,0,3
1358,565,1380,3,0
1358,566,1380,3,0
1347,567,1369,3,0
1358,567,1380,3,0
1346,568,1324,0,3
1347,568,1369,3,0
1358,568,1380,3,0
1360,568,1382,3,0
1345,569,1367,3,0
1346,569,1324,0,3
1347,569,1369,3,0
1358,569,1380,3,0
1360,569,1382,3,0
1344,570,1322,0,3
1345,570,1367,3,0
1346,570,1324,0,3
1347,570,1369,3,0
1358,570,1380,3,0
1360,570,1382,3,0
1343,571,1321,0,3
1344,571,1322,0,3
1345,571,1367,3,0
1346,571,1324,0,3
1347,571,1369,3,0
1358,571,1380,3,0
1360,571,1382,3,0
1365,572,1343,0,3
1366,572,1344,0,3
1368,572,1346,0,3
1369,572,1391,3,0
1382,572,1404,3,0
1365,573,1343,0,3
1366,573,1344,0,3
1368,573,1346,0,3
1369,573,1391,3,0
1382,573,1404,3,0
1366,574,1344,0,3
1368,574,1346,0,3
1369,574,1391,3,0
1382,574,1404,3,0
1368,575,1346,0,3
1369,575,1391,3,0
1382,575,1404,3,0
1368,576,1346,0,3
1369,576,1391,3,0
1369,577,1391,3,0
1369,578,1391,3,0
1369,579,1391,3,0
1371,579,1393,3,0
1379,579,1357,0,3
1369,580,1391,3,0
1371,580,1393,3,0
1379,580,1357,0,3
1369,581,1391,3,0
1371,581,1393,3,0
1379,581,1357,0,3
1369,582,1391,3,0
1371,582,1393,3,0
1374,582,1352,0,3
1376,582,1354,0,3
1379,582,1357,0,3
1369,583,1391,3,0
1371,583,1393,3,0
1376,583,1354,0,3
1379,583,1357,0,3
1369,584,1391,3,0
1371,584,1393,3,0
1376,584,1354,0,3
1379,584,1357,0,3
1369,585,1391,3,0
1371,585,1393,3,0
1379,585,1357,0,3
1369,586,1391,3,0
1379,586,1357,0,3
1369,587,1391,3,0
1379,587,1357,0,3
1369,589,1391,3,0
1368,590,1346,0,3
1369,590,1391,3,0
1382,590,1404,3,0
1368,591,1346,0,3
1369,591,1391,3,0
1382,591,1404,3,0
1366,592,1344,0,3
1368,592,1346,0,3
1369,592,1391,3,0
1382,592,1404,3,0
1365,593,1343,0,3
1366,593,1344,0,3
1368,593,1346,0,3
1369,593,1391,3,0
1382,593,1404,3,0
1387,594,1365,0,3
1388,594,1366,0,3
1390,594,1368,0,3
1391,594,1413,3,0
1402,594,1424,3,0
1404,594,1426,3,0
1387,595,1365,0,3
1388,595,1366,0,3
1390,595,1368,0,3
1391,595,1413,3,0
1402,595,1424,3,0
1404,595,1426,3,0
1388,596,1366,0,3
1390,596,1368,0,3
1391,596,1413,3,0
1402,596,1424,3,0
1404,596,1426,3,0
1390,597,1368,0,3
1391,597,1413,3,0
1402,597,1424,3,0
1390,598,1368,0,3
1391,598,1413,3,0
1402,598,1424,3,0
1391,599,1413,3,0
1402,599,1424,3,0
1391,600,1413,3,0
1401,600,1379,0,3
1402,600,1424,3,0
1391,601,1413,3,0
1393,601,1415,3,0
1401,601,1379,0,3
1402,601,1424,3,0
1391,602,1413,3,0
1393,602,1415,3,0
1401,602,1379,0,3
1402,602,1424,3,0
1391,603,1413,3,0
1393,603,1415,3,0
1398,603,1376,0,3
1401,603,1379,0,3
1402,603,1424,3,0
1391,604,1413,3,0
1393,604,1415,3,0
1396,604,1374,0,3
1398,604,1376,0,3
1401,604,1379,0,3
1402,604,1424,3,0
1391,605,1413,3,0
1393,605,1415,3,0
1398,605,1376,0,3
1401,605,1379,0,3
1402,605,1424,3,0
1391,606,1413,3,0
1393,606,1415,3,0
1398,606,1376,0,3
1401,606,1379,0,3
1402,606,1424,3,0
1391,607,1413,3,0
1393,607,1415,3,0
1401,607,1379,0,3
1402,607,1424,3,0
1391,608,1413,3,0
1401,608,1379,0,3
1402,608,1424,3,0
1391,609,1413,3,0
1401,609,1379,0,3
1402,609,1424,3,0
1402,610,1424,3,0
1391,611,1413,3,0
1402,611,1424,3,0
1390,612,1368,0,3
1391,612,1413,3,0
1402,612,1424,3,0
1404,612,1426,3,0
1390,613,1368,0,3
1391,613,1413,3,0
1402,613,1424,3,0
1404,613,1426,3,0
1388,614,1366,0,3
1390,614,1368,0,3
1391,614,1413,3,0
1402,614,1424,3,0
1404,614,1426,3,0
1387,615,1365,0,3
1388,615,1366,0,3
1390,615,1368,0,3
1391,615,1413,3,0
1402,615,1424,3,0
1404,615,1426,3,0
1409,616,1387,0,3
1410,616,1388,0,3
1412,616,1390,0,3
1413,616,1435,3,0
1424,616,1446,3,0
1426,616,1448,3,0
1409,617,1387,0,3
1410,617,1388,0,3
1412,617,1390,0,3
1413,617,1435,3,0
1424,617,1446,3,0
1426,617,1448,3,0
1410,618,1388,0,3
1412,618,1390,0,3
1413,618,1435,3,0
1424,618,1446,3,0
1426,618,1448,3,0
1412,619,1390,0,3
1413,619,1435,3,0
1424,619,1446,3,0
1426,619,1448,3,0
1412,620,1390,0,3
1413,620,1435,3,0
1424,620,1446,3,0
1413,621,1435,3,0
1424,621,1446,3,0
1413,622,1435,3,0
1424,622,1446,3,0
1413,623,1435,3,0
1423,623,1401,0,3
1424,623,1446,3,0
1413,624,1435,3,0
1423,624,1401,0,3
1424,624,1446,3,0
1413,625,1435,3,0
1423,625,1401,0,3
1424,625,1446,3,0
1413,626,1435,3,0
1418,626,1396,0,3
1420,626,1398,0,3
1423,626,1401,0,3
1424,626,1446,3,0
1413,627,1435,3,0
1420,627,1398,0,3
1423,627,1401,0,3
1424,627,1446,3,0
1413,628,1435,3,0
1420,628,1398,0,3
1423,628,1401,0,3
1424,628,1446,3,0
1413,629,1435,3,0
1423,629,1401,0,3
1424,629,1446,3,0
1413,630,1435,3,0
1423,630,1401,0,3
1424,630,1446,3,0
1413,631,1435,3,0
1423,631,1401,0,3
1424,631,1446,3,0
1424,632,1446,3,0
1413,633,1435,3,0
1424,633,1446,3,0
1412,634,1390,0,3
1413,634,1435,3,0
1424,634,1446,3,0
1426,634,1448,3,0
1412,635,1390,0,3
1413,635,1435,3,0
1424,635,1446,3,0
1426,635,1448,3,0
1410,636,1388,0,3
1412,636,1390,0,3
1413,636,1435,3,0
1424,636,1446,3,0
1426,636,1448,3,0
1409,637,1387,0,3
1410,637,1388,0,3
1412,637,1390,0,3
1413,637,1435,3,0
1424,637,1446,3,0
1426,637,1448,3,0
1431,638,1409,0,3
1432,638,1410,0,3
1435,638,1457,3,0
1446,638,1468,3,0
1448,638,1470,3,0
1431,639,1409,0,3
1432,639,1410,0,3
1435,639,1457,3,0
1446,639,1468,3,0
1448,639,1470,3,0
1432,640,1410,0,3
1435,640,1457,3,0
1446,640,1468,3,0
1448,640,1470,3,0
1435,641,1457,3,0
1446,641,1468,3,0
1435,642,1457,3,0
1446,642,1468,3,0
1435,643,1457,3,0
1446,643,1468,3,0
1435,644,1457,3,0
1445,644,1423,0,3
1446,644,1468,3,0
1435,645,1457,3,0
1445,645,1423,0,3
1446,645,1468,3,0
1435,646,1457,3,0
1445,646,1423,0,3
1446,646,1468,3,0
1435,647,1457,3,0
1445,647,1423,0,3
1446,647,1468,3,0
1435,648,1457,3,0
1440,648,1418,0,3
1445,648,1423,0,3
1446,648,1468,3,0
1435,649,1457,3,0
1445,649,1423,0,3
1446,649,1468,3,0
1435,650,1457,3,0
1445,650,1423,0,3
1446,650,1468,3,0
1435,651,1457,3,0
1445,651,1423,0,3
1446,651,1468,3,0
1435,652,1457,3,0
1445,652,1423,0,3
1446,652,1468,3,0
1435,653,1457,3,0
1445,653,1423,0,3
1446,653,1468,3,0
1446,654,1468,3,0
1435,655,1457,3,0
1446,655,1468,3,0
1435,656,1457,3,0
1446,656,1468,3,0
1448,656,1470,3,0
1435,657,1457,3,0
1446,657,1468,3,0
1448,657,1470,3,0
1432,658,1410,0,3
1435,658,1457,3,0
1446,658,1468,3,0
1448,658,1470,3,0
1431,659,1409,0,3
1432,659,1410,0,3
1435,659,1457,3,0
1446,659,1468,3,0
1448,659,1470,3,0
1453,660,1431,0,3
1454,660,1432,0,3
1455,660,1433,0,3
1456,660,1434,0,3
1457,660,1479,3,0
1468,660,1490,3,0
1470,660,1492,3,0
1472,660,1494,3,0
1453,661,1431,0,3
1454,661,1432,0,3
1455,661,1433,0,3
1456,661,1434,0,3
1457,661,1479,3,0
1468,661,1490,3,0
1470,661,1492,3,0
1472,661,1494,3,0
1454,662,1432,0,3
1455,662,1433,0,3
1456,662,1434,0,3
1457,662,1479,3,0
1468,662,1490,3,0
1470,662,1492,3,0
1455,663,1433,0,3
1456,663,1434,0,3
1457,663,1479,3,0
1468,663,1490,3,0
1470,663,1492,3,0
1456,664,1434,0,3
1457,664,1479,3,0
1468,664,1490,3,0
1457,665,1479,3,0
1468,665,1490,3,0
1457,666,1479,3,0
1468,666,1490,3,0
1457,667,1479,3,0
1459,667,1481,3,0
1467,667,1445,0,3
1468,667,1490,3,0
1457,668,1479,3,0
1459,668,1481,3,0
1467,668,1445,0,3
1468,668,1490,3,0
1457,669,1479,3,0
1459,669,1481,3,0
1467,669,1445,0,3
1468,669,1490,3,0
1457,670,1479,3,0
1459,670,1481,3,0
1462,670,1440,0,3
1467,670,1445,0,3
1468,670,1490,3,0
1457,671,1479,3,0
1459,671,1481,3,0
1467,671,1445,0,3
1468,671,1490,3,0
1457,672,1479,3,0
1459,672,1481,3,0
1467,672,1445,0,3
1468,672,1490,3,0
1457,673,1479,3,0
1459,673,1481,3,0
1467,673,1445,0,3
1468,673,1490,3,0
1457,674,1479,3,0
1467,674,1445,0,3
1468,674,1490,3,0
1457,675,1479,3,0
1467,675,1445,0,3
1468,675,1490,3,0
1468,676,1490,3,0
1457,677,1479,3,0
1468,677,1490,3,0
1456,678,1434,0,3
1457,678,1479,3,0
1468,678,1490,3,0
1470,678,1492,3,0
1455,679,1433,0,3
1456,679,1434,0,3
1457,679,1479,3,0
1468,679,1490,3,0
1470,679,1492,3,0
1454,680,1432,0,3
1455,680,1433,0,3
1456,680,1434,0,3
1457,680,1479,3,0
1468,680,1490,3,0
1470,680,1492,3,0
1472,680,1494,3,0
1453,681,1431,0,3
1454,681,1432,0,3
1455,681,1433,0,3
1456,681,1434,0,3
1457,681,1479,3,0
1468,681,1490,3,0
1470,681,1492,3,0
1472,681,1494,3,0
1475,682,1453,0,3
1477,682,1455,0,3
1478,682,1456,0,3
1479,682,1501,3,0
1490,682,1512,3,0
1475,683,1453,0,3
1477,683,1455,0,3
1478,683,1456,0,3
1479,683,1501,3,0
1490,683,1512,3,0
1477,684,1455,0,3
1478,684,1456,0,3
1479,684,1501,3,0
1490,684,1512,3,0
1477,685,1455,0,3
1478,685,1456,0,3
1479,685,1501,3,0
1490,685,1512,3,0
1478,686,1456,0,3
1479,686,1501,3,0
1490,686,1512,3,0
1479,687,1501,3,0
1490,687,1512,3,0
1479,688,1501,3,0
1489,688,1467,0,3
1490,688,1512,3,0
1479,689,1501,3,0
1481,689,1503,3,0
1489,689,1467,0,3
1490,689,1512,3,0
1479,690,1501,3,0
1481,690,1503,3,0
1489,690,1467,0,3
1490,690,1512,3,0
1479,691,1501,3,0
1481,691,1503,3,0
1489,691,1467,0,3
1490,691,1512,3,0
1479,692,1501,3,0
1481,692,1503,3,0
1484,692,1462,0,3
1489,692,1467,0,3
1490,692,1512,3,0
1479,693,1501,3,0
1481,693,1503,3,0
1489,693,1467,0,3
1490,693,1512,3,0
1479,694,1501,3,0
1481,694,1503,3,0
1489,694,1467,0,3
1490,694,1512,3,0
1479,695,1501,3,0
1481,695,1503,3,0
1489,695,1467,0,3
1490,695,1512,3,0
1479,696,1501,3,0
1489,696,1467,0,3
1490,696,1512,3,0
1479,697,1501,3,0
1489,697,1467,0,3
1490,697,1512,3,0
1490,698,1512,3,0
1479,699,1501,3,0
1490,699,1512,3,0
1478,700,1456,0,3
1479,700,1501,3,0
1490,700,1512,3,0
1477,701,1455,0,3
1478,701,1456,0,3
1479,701,1501,3,0
1490,701,1512,3,0
1477,702,1455,0,3
1478,702,1456,0,3
1479,702,1501,3,0
1490,702,1512,3,0
1475,703,1453,0,3
1477,703,1455,0,3
1478,703,1456,0,3
1479,703,1501,3,0
1490,703,1512,3,0
1496,704,1518,2,0
1497,704,1475,0,3
1498,704,1476,0,3
1499,704,1477,0,3
1500,704,1478,0,3
1501,704,1523,3,0
1512,704,1534,3,0
1513,704,1535,3,0
1516,704,1538,3,0
1497,705,1475,0,3
1498,705,1476,0,3
1499,705,1477,0,3
1500,705,1478,0,3
1501,705,1523,3,0
1512,705,1534,3,0
1513,705,1535,3,0
1516,705,1538,3,0
1498,706,1476,0,3
1499,706,1477,0,3
1500,706,1478,0,3
1501,706,1523,3,0
1512,706,1534,3,0
1513,706,1535,3,0
1499,707,1477,0,3
1500,707,1478,0,3
1501,707,1523,3,0
1512,707,1534,3,0
1513,707,1535,3,0
1500,708,1478,0,3
1501,708,1523,3,0
1512,708,1534,3,0
1513,708,1535,3,0
1501,709,1523,3,0
1512,709,1534,3,0
1501,710,1523,3,0
1512,710,1534,3,0
1501,711,1523,3,0
1503,711,1525,3,0
1511,711,1489,0,3
1512,711,1534,3,0
1501,712,1523,3,0
1503,712,1525,3,0
1510,712,1488,0,3
1511,712,1489,0,3
1512,712,1534,3,0
1501,713,1523,3,0
1503,713,1525,3,0
1510,713,1488,0,3
1511,713,1489,0,3
1512,713,1534,3,0
1501,714,1523,3,0
1503,714,1525,3,0
1506,714,1484,0,3
1510,714,1488,0,3
1511,714,1489,0,3
1512,714,1534,3,0
1501,715,1523,3,0
1503,715,1525,3,0
1510,715,1488,0,3
1511,715,1489,0,3
1512,715,1534,3,0
1501,716,1523,3,0
1503,716,1525,3,0
1510,716,1488,0,3
1511,716,1489,0,3
1512,716,1534,3,0
1501,717,1523,3,0
1503,717,1525,3,0
1510,717,1488,0,3
1511,717,1489,0,3
1512,717,1534,3,0
1501,718,1523,3,0
1510,718,1488,0,3
1511,718,1489,0,3
1512,718,1534,3,0
1501,719,1523,3,0
1511,719,1489,0,3
1512,719,1534,3,0
1512,720,1534,3,0
1501,721,1523,3,0
1512,721,1534,3,0
1513,721,1535,3,0
1500,722,1478,0,3
1501,722,1523,3,0
1512,722,1534,3,0
1513,722,1535,3,0
1499,723,1477,0,3
1500,723,1478,0,3
1501,723,1523,3,0
1512,723,1534,3,0
1513,723,1535,3,0
1498,724,1476,0,3
1499,724,1477,0,3
1500,724,1478,0,3
1501,724,1523,3,0
1512,724,1534,3,0
1513,724,1535,3,0
1516,724,1538,3,0
1497,725,1475,0,3
1498,725,1476,0,3
1499,725,1477,0,3
1500,725,1478,0,3
1501,725,1523,3,0
1512,725,1534,3,0
1513,725,1535,3,0
1516,725,1538,3,0
1519,726,1497,0,3
1520,726,1498,0,3
1523,726,1545,3,0
1535,726,1557,3,0
1537,726,1559,3,0
1519,727,1497,0,3
1520,727,1498,0,3
1523,727,1545,3,0
1535,727,1557,3,0
1537,727,1559,3,0
1520,728,1498,0,3
1523,728,1545,3,0
1535,728,1557,3,0
1523,729,1545,3,0
1535,729,1557,3,0
1523,730,1545,3,0
1523,731,1545,3,0
1523,732,1545,3,0
1524,732,1502,0,3
1533,732,1511,0,3
1523,733,1545,3,0
1524,733,1502,0,3
1525,733,1547,3,0
1533,733,1511,0,3
1523,734,1545,3,0
1524,734,1502,0,3
1525,734,1547,3,0
1526,734,1548,3,0
1531,734,1509,0,3
1533,734,1511,0,3
1523,735,1545,3,0
1524,735,1502,0,3
1525,735,1547,3,0
1526,735,1548,3,0
1530,735,1508,0,3
1531,735,1509,0,3
1533,735,1511,0,3
1523,736,1545,3,0
1524,736,1502,0,3
1525,736,1547,3,0
1526,736,1548,3,0
1530,736,1508,0,3
1531,736,1509,0,3
1533,736,1511,0,3
1523,737,1545,3,0
1524,737,1502,0,3
1525,737,1547,3,0
1526,737,1548,3,0
1530,737,1508,0,3
1531,737,1509,0,3
1533,737,1511,0,3
1523,738,1545,3,0
1524,738,1502,0,3
1525,738,1547,3,0
1526,738,1548,3,0
1530,738,1508,0,3
1531,738,1509,0,3
1533,738,1511,0,3
1523,739,1545,3,0
1524,739,1502,0,3
1525,739,1547,3,0
1531,739,1509,0,3
1533,739,1511,0,3
1523,740,1545,3,0
1524,740,1502,0,3
1533,740,1511,0,3
1523,741,1545,3,0
1533,741,1511,0,3
1523,743,1545,3,0
1535,743,1557,3,0
1523,744,1545,3,0
1535,744,1557,3,0
1523,745,1545,3,0
1535,745,1557,3,0
1537,745,1559,3,0
1520,746,1498,0,3
1523,746,1545,3,0
1535,746,1557,3,0
1537,746,1559,3,0
1519,747,1497,0,3
1520,747,1498,0,3
1523,747,1545,3,0
1535,747,1557,3,0
1537,747,1559,3,0
1539,747,1561,3,0
1541,748,1519,0,3
1542,748,1520,0,3
1545,748,1567,3,0
1557,748,1579,3,0
1558,748,1536,0,3
1559,748,1581,3,0
1561,748,1583,3,0
1541,749,1519,0,3
1542,749,1520,0,3
1545,749,1567,3,0
1557,749,1579,3,0
1558,749,1536,0,3
1559,749,1581,3,0
1542,750,1520,0,3
1545,750,1567,3,0
1557,750,1579,3,0
1558,750,1536,0,3
1559,750,1581,3,0
1545,751,1567,3,0
1557,751,1579,3,0
1558,751,1536,0,3
1545,752,1567,3,0
1557,752,1579,3,0
1545,753,1567,3,0
1545,754,1567,3,0
1546,754,1524,0,3
1545,755,1567,3,0
1546,755,1524,0,3
1547,755,1569,3,0
1555,755,1533,0,3
1545,756,1567,3,0
1546,756,1524,0,3
1547,756,1569,3,0
1548,756,1570,3,0
1554,756,1532,0,3
1555,756,1533,0,3
1545,757,1567,3,0
1546,757,1524,0,3
1547,757,1569,3,0
1548,757,1570,3,0
1553,757,1531,0,3
1554,757,1532,0,3
1555,757,1533,0,3
1545,758,1567,3,0
1546,758,1524,0,3
1547,758,1569,3,0
1548,758,1570,3,0
1553,758,1531,0,3
1554,758,1532,0,3
1555,758,1533,0,3
1545,759,1567,3,0
1546,759,1524,0,3
1547,759,1569,3,0
1548,759,1570,3,0
1553,759,1531,0,3
1554,759,1532,0,3
1555,759,1533,0,3
1545,760,1567,3,0
1546,760,1524,0,3
1547,760,1569,3,0
1548,760,1570,3,0
1553,760,1531,0,3
1554,760,1532,0,3
1555,760,1533,0,3
1545,761,1567,3,0
1546,761,1524,0,3
1547,761,1569,3,0
1553,761,1531,0,3
1554,761,1532,0,3
1555,761,1533,0,3
1545,762,1567,3,0
1546,762,1524,0,3
1554,762,1532,0,3
1555,762,1533,0,3
1545,763,1567,3,0
1555,763,1533,0,3
1545,765,1567,3,0
1557,765,1579,3,0
1545,766,1567,3,0
1557,766,1579,3,0
1558,766,1536,0,3
1545,767,1567,3,0
1557,767,1579,3,0
1558,767,1536,0,3
1559,767,1581,3,0
1542,768,1520,0,3
1545,768,1567,3,0
1557,768,1579,3,0
1558,768,1536,0,3
1559,768,1581,3,0
1541,769,1519,0,3
1542,769,1520,0,3
1545,769,1567,3,0
1557,769,1579,3,0
1558,769,1536,0,3
1559,769,1581,3,0
1561,769,1583,3,0
1563,770,1541,0,3
1564,770,1542,0,3
1567,770,5,3,3
1579,770,17,3,3
1580,770,1558,0,3
1582,770,20,3,3
1563,771,1541,0,3
1564,771,1542,0,3
1567,771,5,3,3
1579,771,17,3,3
1580,771,1558,0,3
1564,772,1542,0,3
1567,772,5,3,3
1579,772,17,3,3
1580,772,1558,0,3
1567,773,5,3,3
1579,773,17,3,3
1567,774,5,3,3
1567,775,5,3,3
1567,776,5,3,3
1577,776,1555,0,3
1567,777,5,3,3
1569,777,7,3,3
1576,777,1554,0,3
1577,777,1555,0,3
1567,778,5,3,3
1569,778,7,3,3
1570,778,8,3,3
1575,778,1553,0,3
1576,778,1554,0,3
1577,778,1555,0,3
1567,779,5,3,3
1569,779,7,3,3
1570,779,8,3,3
1574,779,12,3,3
1575,779,1553,0,3
1576,779,1554,0,3
1577,779,1555,0,3
1567,780,5,3,3
1569,780,7,3,3
1570,780,8,3,3
1574,780,12,3,3
1575,780,1553,0,3
1576,780,1554,0,3
1577,780,1555,0,3
1567,781,5,3,3
1569,781,7,3,3
1570,781,8,3,3
1574,781,12,3,3
1575,781,1553,0,3
1576,781,1554,0,3
1577,781,1555,0,3
1567,782,5,3,3
1569,782,7,3,3
1570,782,8,3,3
1574,782,12,3,3
1575,782,1553,0,3
1576,782,1554,0,3
1577,782,1555,0,3
1567,783,5,3,3
1569,783,7,3,3
1575,783,1553,0,3
1576,783,1554,0,3
1577,783,1555,0,3
1567,784,5,3,3
1576,784,1554,0,3
1577,784,1555,0,3
1567,785,5,3,3
1577,785,1555,0,3
1567,787,5,3,3
1579,787,17,3,3
1567,788,5,3,3
1579,788,17,3,3
1580,788,1558,0,3
1567,789,5,3,3
1579,789,17,3,3
1580,789,1558,0,3
1564,790,1542,0,3
1567,790,5,3,3
1579,790,17,3,3
1580,790,1558,0,3
1582,790,20,3,3
1563,791,1541,0,3
1564,791,1542,0,3
1567,791,5,3,3
1579,791,17,3,3
1580,791,1558,0,3
1582,791,20,3,3
1583,791,21,3,3
1,792,1563,3,3
2,792,24,2,0
5,792,27,2,0
17,792,39,2,0
18,792,1580,3,3
19,792,1581,3,3
20,792,42,2,0
21,792,43,2,0
1,793,1563,3,3
2,793,24,2,0
5,793,27,2,0
17,793,39,2,0
18,793,1580,3,3
19,793,1581,3,3
20,793,42,2,0
2,794,24,2,0
5,794,27,2,0
17,794,39,2,0
18,794,1580,3,3
19,794,1581,3,3
5,795,27,2,0
17,795,39,2,0
18,795,1580,3,3
5,796,27,2,0
17,796,39,2,0
5,797,27,2,0
5,798,27,2,0
5,799,27,2,0
7,799,29,2,0
15,799,1577,3,3
5,800,27,2,0
7,800,29,2,0
8,800,30,2,0
14,800,1576,3,3
15,800,1577,3,3
5,801,27,2,0
7,801,29,2,0
8,801,30,2,0
9,801,31,2,0
13,801,1575,3,3
14,801,1576,3,3
15,801,1577,3,3
5,802,27,2,0
7,802,29,2,0
8,802,30,2,0
9,802,31,2,0
12,802,34,2,0
13,802,1575,3,3
14,802,1576,3,3
15,802,1577,3,3
5,803,27,2,0
7,803,29,2,0
8,803,30,2,0
9,803,31,2,0
12,803,34,2,0
13,803,1575,3,3
14,803,1576,3,3
15,803,1577,3,3
5,804,27,2,0
7,804,29,2,0
8,804,30,2,0
12,804,34,2,0
13,804,1575,3,3
14,804,1576,3,3
15,804,1577,3,3
5,805,27,2,0
7,805,29,2,0
13,805,1575,3,3
14,805,1576,3,3
15,805,1577,3,3
5,806,27,2,0
14,806,1576,3,3
15,806,1577,3,3
5,807,27,2,0
15,807,1577,3,3
5,809,27,2,0
17,809,39,2,0
5,810,27,2,0
17,810,39,2,0
18,810,1580,3,3
5,811,27,2,0
17,811,39,2,0
18,811,1580,3,3
19,811,1581,3,3
2,812,24,2,0
5,812,27,2,0
17,812,39,2,0
18,812,1580,3,3
19,812,1581,3,3
20,812,42,2,0
1,813,1563,3,3
2,813,24,2,0
5,813,27,2,0
17,813,39,2,0
18,813,1580,3,3
19,813,1581,3,3
20,813,42,2,0
21,813,43,2,0
23,814,1,0,2
24,814,46,3,0
27,814,49,3,0
39,814,61,3,0
40,814,18,0,2
41,814,19,0,2
42,814,64,3,0
23,815,1,0,2
24,815,46,3,0
27,815,49,3,0
39,815,61,3,0
40,815,18,0,2
41,815,19,0,2
24,816,46,3,0
27,816,49,3,0
39,816,61,3,0
40,816,18,0,2
27,817,49,3,0
39,817,61,3,0
27,818,49,3,0
27,819,49,3,0
27,820,49,3,0
37,820,15,0,2
27,821,49,3,0
29,821,51,3,0
36,821,14,0,2
37,821,15,0,2
27,822,49,3,0
29,822,51,3,0
30,822,52,3,0
35,822,13,0,2
36,822,14,0,2
37,822,15,0,2
27,823,49,3,0
29,823,51,3,0
30,823,52,3,0
31,823,53,3,0
34,823,56,3,0
35,823,13,0,2
36,823,14,0,2
37,823,15,0,2
27,824,49,3,0
29,824,51,3,0
30,824,52,3,0
31,824,53,3,0
33,824,55,3,0
34,824,56,3,0
35,824,13,0,2
36,824,14,0,2
37,824,15,0,2
27,825,49,3,0
29,825,51,3,0
30,825,52,3,0
31,825,53,3,0
33,825,55,3,0
34,825,56,3,0
35,825,13,0,2
36,825,14,0,2
37,825,15,0,2
27,826,49,3,0
29,826,51,3,0
30,826,52,3,0
34,826,56,3,0
35,826,13,0,2
36,826,14,0,2
37,826,15,0,2
27,827,49,3,0
29,827,51,3,0
35,827,13,0,2
36,827,14,0,2
37,827,15,0,2
27,828,49,3,0
36,828,14,0,2
37,828,15,0,2
27,829,49,3,0
37,829,15,0,2
27,831,49,3,0
39,831,61,3,0
27,832,49,3,0
39,832,61,3,0
40,832,18,0,2
27,833,49,3,0
39,833,61,3,0
40,833,18,0,2
41,833,19,0,2
24,834,46,3,0
27,834,49,3,0
39,834,61,3,0
40,834,18,0,2
41,834,19,0,2
42,834,64,3,0
23,835,1,0,2
24,835,46,3,0
27,835,49,3,0
39,835,61,3,0
40,835,18,0,2
41,835,19,0,2
42,835,64,3,0
46,836,68,3,0
49,836,71,3,0
61,836,83,3,0
62,836,40,0,3
63,836,41,0,3
46,837,68,3,0
49,837,71,3,0
61,837,83,3,0
62,837,40,0,3
63,837,41,0,3
46,838,68,3,0
49,838,71,3,0
61,838,83,3,0
62,838,40,0,3
63,838,41,0,3
49,839,71,3,0
61,839,83,3,0
62,839,40,0,3
49,840,71,3,0
61,840,83,3,0
49,841,71,3,0
49,842,71,3,0
49,843,71,3,0
49,844,71,3,0
52,844,74,3,0
58,844,36,0,3
49,845,71,3,0
52,845,74,3,0
53,845,75,3,0
57,845,35,0,3
58,845,36,0,3
49,846,71,3,0
52,846,74,3,0
53,846,75,3,0
56,846,78,3,0
57,846,35,0,3
58,846,36,0,3
49,847,71,3,0
52,847,74,3,0
53,847,75,3,0
56,847,78,3,0
57,847,35,0,3
58,847,36,0,3
49,848,71,3,0
52,848,74,3,0
56,848,78,3,0
57,848,35,0,3
58,848,36,0,3
49,849,71,3,0
57,849,35,0,3
58,849,36,0,3
49,850,71,3,0
58,850,36,0,3
49,851,71,3,0
49,853,71,3,0
61,853,83,3,0
49,854,71,3,0
61,854,83,3,0
62,854,40,0,3
49,855,71,3,0
61,855,83,3,0
62,855,40,0,3
63,855,41,0,3
46,856,68,3,0
49,856,71,3,0
61,856,83,3,0
62,856,40,0,3
63,856,41,0,3
46,857,68,3,0
49,857,71,3,0
61,857,83,3,0
62,857,40,0,3
63,857,41,0,3
68,858,90,3,0
71,858,93,3,0
83,858,105,3,0
84,858,62,0,3
85,858,63,0,3
68,859,90,3,0
71,859,93,3,0
83,859,105,3,0
84,859,62,0,3
85,859,63,0,3
68,860,90,3,0
71,860,93,3,0
83,860,105,3,0
84,860,62,0,3
71,861,93,3,0
83,861,105,3,0
71,862,93,3,0
71,863,93,3,0
71,864,93,3,0
72,864,50,0,3
71,865,93,3,0
72,865,50,0,3
73,865,95,3,0
80,865,58,0,3
71,866,93,3,0
72,866,50,0,3
73,866,95,3,0
79,866,57,0,3
80,866,58,0,3
71,867,93,3,0
72,867,50,0,3
73,867,95,3,0
75,867,97,3,0
78,867,100,3,0
79,867,57,0,3
80,867,58,0,3
71,868,93,3,0
72,868,50,0,3
73,868,95,3,0
75,868,97,3,0
78,868,100,3,0
79,868,57,0,3
80,868,58,0,3
71,869,93,3,0
72,869,50,0,3
73,869,95,3,0
75,869,97,3,0
78,869,100,3,0
79,869,57,0,3
80,869,58,0,3
71,870,93,3,0
72,870,50,0,3
73,870,95,3,0
78,870,100,3,0
79,870,57,0,3
80,870,58,0,3
71,871,93,3,0
72,871,50,0,3
73,871,95,3,0
79,871,57,0,3
80,871,58,0,3
71,872,93,3,0
72,872,50,0,3
80,872,58,0,3
71,873,93,3,0
71,875,93,3,0
83,875,105,3,0
71,876,93,3,0
83,876,105,3,0
84,876,62,0,3
71,877,93,3,0
83,877,105,3,0
84,877,62,0,3
85,877,63,0,3
68,878,90,3,0
71,878,93,3,0
83,878,105,3,0
84,878,62,0,3
85,878,63,0,3
68,879,90,3,0
71,879,93,3,0
83,879,105,3,0
84,879,62,0,3
85,879,63,0,3
90,880,112,3,0
105,880,127,3,0
106,880,84,0,3
107,880,85,0,3
90,881,112,3,0
105,881,127,3,0
106,881,84,0,3
107,881,85,0,3
90,882,112,3,0
105,882,127,3,0
106,882,84,0,3
107,882,85,0,3
105,883,127,3,0
106,883,84,0,3
105,884,127,3,0
94,886,72,0,3
94,887,72,0,3
95,887,117,3,0
94,888,72,0,3
95,888,117,3,0
96,888,74,0,3
94,889,72,0,3
95,889,117,3,0
96,889,74,0,3
97,889,119,3,0
94,890,72,0,3
95,890,117,3,0
96,890,74,0,3
97,890,119,3,0
98,890,120,3,0
100,890,122,3,0
94,891,72,0,3
95,891,117,3,0
96,891,74,0,3
97,891,119,3,0
100,891,122,3,0
94,892,72,0,3
95,892,117,3,0
96,892,74,0,3
100,892,122,3,0
94,893,72,0,3
95,893,117,3,0
94,894,72,0,3
105,897,127,3,0
105,898,127,3,0
106,898,84,0,3
105,899,127,3,0
106,899,84,0,3
107,899,85,0,3
90,900,112,3,0
105,900,127,3,0
106,900,84,0,3
107,900,85,0,3
90,901,112,3,0
105,901,127,3,0
106,901,84,0,3
107,901,85,0,3
112,902,134,3,0
113,902,91,0,3
128,902,106,0,3
112,903,134,3,0
113,903,91,0,3
128,903,106,0,3
112,904,134,3,0
113,904,91,0,3
128,904,106,0,3
113,905,91,0,3
117,909,139,3,0
124,909,146,3,0
117,910,139,3,0
118,910,96,0,3
124,910,146,3,0
117,911,139,3,0
118,911,96,0,3
119,911,141,3,0
122,911,144,3,0
124,911,146,3,0
117,912,139,3,0
118,912,96,0,3
119,912,141,3,0
120,912,142,3,0
122,912,144,3,0
124,912,146,3,0
117,913,139,3,0
118,913,96,0,3
119,913,141,3,0
122,913,144,3,0
124,913,146,3,0
117,914,139,3,0
118,914,96,0,3
122,914,144,3,0
124,914,146,3,0
117,915,139,3,0
124,915,146,3,0
124,916,146,3,0
128,920,106,0,3
113,921,91,0,3
128,921,106,0,3
112,922,134,3,0
113,922,91,0,3
128,922,106,0,3
112,923,134,3,0
113,923,91,0,3
128,923,106,0,3
131,923,153,3,0
134,924,156,3,0
135,924,113,0,3
148,924,126,0,3
150,924,128,0,3
153,924,175,3,0
134,925,156,3,0
135,925,113,0,3
148,925,126,0,3
150,925,128,0,3
134,926,156,3,0
135,926,113,0,3
148,926,126,0,3
150,926,128,0,3
135,927,113,0,3
148,927,126,0,3
150,927,128,0,3
148,928,126,0,3
148,929,126,0,3
148,930,126,0,3
148,931,126,0,3
140,932,118,0,3
146,932,168,3,0
148,932,126,0,3
140,933,118,0,3
146,933,168,3,0
148,933,126,0,3
140,934,118,0,3
142,934,164,3,0
144,934,166,3,0
146,934,168,3,0
148,934,126,0,3
140,935,118,0,3
144,935,166,3,0
146,935,168,3,0
148,935,126,0,3
140,936,118,0,3
144,936,166,3,0
146,936,168,3,0
148,936,126,0,3
146,937,168,3,0
148,937,126,0,3
146,938,168,3,0
148,938,126,0,3
148,939,126,0,3
148,940,126,0,3
148,941,126,0,3
148,942,126,0,3
150,942,128,0,3
135,943,113,0,3
148,943,126,0,3
150,943,128,0,3
134,944,156,3,0
135,944,113,0,3
148,944,126,0,3
150,944,128,0,3
134,945,156,3,0
135,945,113,0,3
148,945,126,0,3
150,945,128,0,3
153,945,175,3,0
157,946,135,0,3
170,946,148,0,3
171,946,193,3,0
172,946,150,0,3
157,947,135,0,3
170,947,148,0,3
171,947,193,3,0
172,947,150,0,3
157,948,135,0,3
170,948,148,0,3
171,948,193,3,0
172,948,150,0,3
157,949,135,0,3
170,949,148,0,3
171,949,193,3,0
170,950,148,0,3
170,951,148,0,3
170,952,148,0,3
170,953,148,0,3
162,954,140,0,3
170,954,148,0,3
162,955,140,0,3
166,955,188,3,0
170,955,148,0,3
162,956,140,0,3
164,956,186,3,0
166,956,188,3,0
170,956,148,0,3
162,957,140,0,3
166,957,188,3,0
170,957,148,0,3
162,958,140,0,3
166,958,188,3,0
170,958,148,0,3
170,959,148,0,3
170,960,148,0,3
170,961,148,0,3
170,962,148,0,3
170,963,148,0,3
171,963,193,3,0
170,964,148,0,3
171,964,193,3,0
172,964,150,0,3
157,965,135,0,3
170,965,148,0,3
171,965,193,3,0
172,965,150,0,3
157,966,135,0,3
170,966,148,0,3
171,966,193,3,0
172,966,150,0,3
157,967,135,0,3
170,967,148,0,3
171,967,193,3,0
172,967,150,0,3
179,968,157,0,3
192,968,170,0,3
193,968,215,3,0
194,968,172,0,3
195,968,173,0,3
179,969,157,0,3
192,969,170,0,3
193,969,215,3,0
194,969,172,0,3
195,969,173,0,3
179,970,157,0,3
192,970,170,0,3
193,970,215,3,0
194,970,172,0,3
195,970,173,0,3
179,971,157,0,3
192,971,170,0,3
193,971,215,3,0
194,971,172,0,3
192,972,170,0,3
193,972,215,3,0
192,973,170,0,3
182,974,160,0,3
192,974,170,0,3
182,975,160,0,3
192,975,170,0,3
182,976,160,0,3
184,976,162,0,3
192,976,170,0,3
182,977,160,0,3
184,977,162,0,3
192,977,170,0,3
182,978,160,0,3
184,978,162,0,3
186,978,208,3,0
188,978,210,3,0
192,978,170,0,3
182,979,160,0,3
184,979,162,0,3
188,979,210,3,0
192,979,170,0,3
182,980,160,0,3
184,980,162,0,3
188,980,210,3,0
192,980,170,0,3
182,981,160,0,3
192,981,170,0,3
182,982,160,0,3
192,982,170,0,3
192,983,170,0,3
192,984,170,0,3
192,985,170,0,3
193,985,215,3,0
192,986,170,0,3
193,986,215,3,0
194,986,172,0,3
179,987,157,0,3
192,987,170,0,3
193,987,215,3,0
194,987,172,0,3
195,987,173,0,3
179,988,157,0,3
192,988,170,0,3
193,988,215,3,0
194,988,172,0,3
195,988,173,0,3
179,989,157,0,3
192,989,170,0,3
193,989,215,3,0
194,989,172,0,3
195,989,173,0,3
200,990,222,3,0
201,990,179,0,3
215,990,237,3,0
216,990,194,0,3
217,990,195,0,3
200,991,222,3,0
201,991,179,0,3
215,991,237,3,0
216,991,194,0,3
217,991,195,0,3
200,992,222,3,0
201,992,179,0,3
215,992,237,3,0
216,992,194,0,3
201,993,179,0,3
215,993,237,3,0
204,996,182,0,3
204,997,182,0,3
204,998,182,0,3
206,998,184,0,3
204,999,182,0,3
206,999,184,0,3
207,999,185,0,3
210,999,232,3,0
204,1000,182,0,3
206,1000,184,0,3
207,1000,185,0,3
208,1000,230,3,0
210,1000,232,3,0
204,1001,182,0,3
206,1001,184,0,3
207,1001,185,0,3
210,1001,232,3,0
204,1002,182,0,3
206,1002,184,0,3
210,1002,232,3,0
204,1003,182,0,3
204,1004,182,0,3
215,1007,237,3,0
215,1008,237,3,0
216,1008,194,0,3
201,1009,179,0,3
215,1009,237,3,0
216,1009,194,0,3
217,1009,195,0,3
200,1010,222,3,0
201,1010,179,0,3
215,1010,237,3,0
216,1010,194,0,3
217,1010,195,0,3
200,1011,222,3,0
201,1011,179,0,3
215,1011,237,3,0
216,1011,194,0,3
217,1011,195,0,3
219,1011,241,3,0
222,1012,244,3,0
223,1012,201,0,3
225,1012,247,3,0
236,1012,214,0,3
237,1012,259,3,0
238,1012,216,0,3
239,1012,217,0,3
222,1013,244,3,0
223,1013,201,0,3
225,1013,247,3,0
236,1013,214,0,3
237,1013,259,3,0
238,1013,216,0,3
239,1013,217,0,3
222,1014,244,3,0
223,1014,201,0,3
225,1014,247,3,0
236,1014,214,0,3
237,1014,259,3,0
238,1014,216,0,3
239,1014,217,0,3
223,1015,201,0,3
225,1015,247,3,0
236,1015,214,0,3
237,1015,259,3,0
238,1015,216,0,3
225,1016,247,3,0
236,1016,214,0,3
237,1016,259,3,0
225,1017,247,3,0
236,1017,214,0,3
225,1018,247,3,0
226,1018,204,0,3
236,1018,214,0,3
225,1019,247,3,0
226,1019,204,0,3
235,1019,213,0,3
236,1019,214,0,3
225,1020,247,3,0
226,1020,204,0,3
228,1020,206,0,3
235,1020,213,0,3
236,1020,214,0,3
225,1021,247,3,0
226,1021,204,0,3
228,1021,206,0,3
229,1021,207,0,3
235,1021,213,0,3
236,1021,214,0,3
225,1022,247,3,0
226,1022,204,0,3
228,1022,206,0,3
229,1022,207,0,3
230,1022,252,3,0
232,1022,254,3,0
235,1022,213,0,3
236,1022,214,0,3
225,1023,247,3,0
226,1023,204,0,3
228,1023,206,0,3
229,1023,207,0,3
232,1023,254,3,0
235,1023,213,0,3
236,1023,214,0,3
225,1024,247,3,0
226,1024,204,0,3
228,1024,206,0,3
232,1024,254,3,0
235,1024,213,0,3
236,1024,214,0,3
225,1025,247,3,0
226,1025,204,0,3
235,1025,213,0,3
236,1025,214,0,3
225,1026,247,3,0
226,1026,204,0,3
235,1026,213,0,3
236,1026,214,0,3
225,1027,247,3,0
235,1027,213,0,3
236,1027,214,0,3
236,1028,214,0,3
225,1029,247,3,0
236,1029,214,0,3
237,1029,259,3,0
225,1030,247,3,0
236,1030,214,0,3
237,1030,259,3,0
238,1030,216,0,3
223,1031,201,0,3
225,1031,247,3,0
236,1031,214,0,3
237,1031,259,3,0
238,1031,216,0,3
239,1031,217,0,3
222,1032,244,3,0
223,1032,201,0,3
225,1032,247,3,0
236,1032,214,0,3
237,1032,259,3,0
238,1032,216,0,3
239,1032,217,0,3
222,1033,244,3,0
223,1033,201,0,3
225,1033,247,3,0
236,1033,214,0,3
237,1033,259,3,0
238,1033,216,0,3
239,1033,217,0,3
244,1034,266,3,0
245,1034,223,0,3
247,1034,269,3,0
258,1034,236,0,3
260,1034,238,0,3
261,1034,239,0,3
244,1035,266,3,0
245,1035,223,0,3
247,1035,269,3,0
258,1035,236,0,3
260,1035,238,0,3
261,1035,239,0,3
244,1036,266,3,0
245,1036,223,0,3
247,1036,269,3,0
258,1036,236,0,3
260,1036,238,0,3
245,1037,223,0,3
247,1037,269,3,0
258,1037,236,0,3
247,1038,269,3,0
258,1038,236,0,3
247,1039,269,3,0
258,1039,236,0,3
247,1040,269,3,0
248,1040,226,0,3
257,1040,235,0,3
258,1040,236,0,3
247,1041,269,3,0
248,1041,226,0,3
257,1041,235,0,3
258,1041,236,0,3
247,1042,269,3,0
248,1042,226,0,3
250,1042,228,0,3
257,1042,235,0,3
258,1042,236,0,3
247,1043,269,3,0
248,1043,226,0,3
250,1043,228,0,3
251,1043,229,0,3
254,1043,276,3,0
257,1043,235,0,3
258,1043,236,0,3
247,1044,269,3,0
248,1044,226,0,3
250,1044,228,0,3
251,1044,229,0,3
252,1044,274,3,0
254,1044,276,3,0
257,1044,235,0,3
258,1044,236,0,3
247,1045,269,3,0
248,1045,226,0,3
250,1045,228,0,3
251,1045,229,0,3
254,1045,276,3,0
257,1045,235,0,3
258,1045,236,0,3
247,1046,269,3,0
248,1046,226,0,3
250,1046,228,0,3
254,1046,276,3,0
257,1046,235,0,3
258,1046,236,0,3
247,1047,269,3,0
248,1047,226,0,3
257,1047,235,0,3
258,1047,236,0,3
247,1048,269,3,0
248,1048,226,0,3
257,1048,235,0,3
258,1048,236,0,3
247,1049,269,3,0
257,1049,235,0,3
258,1049,236,0,3
258,1050,236,0,3
247,1051,269,3,0
258,1051,236,0,3
247,1052,269,3,0
258,1052,236,0,3
260,1052,238,0,3
245,1053,223,0,3
247,1053,269,3,0
258,1053,236,0,3
260,1053,238,0,3
261,1053,239,0,3
244,1054,266,3,0
245,1054,223,0,3
247,1054,269,3,0
258,1054,236,0,3
260,1054,238,0,3
261,1054,239,0,3
244,1055,266,3,0
245,1055,223,0,3
247,1055,269,3,0
258,1055,236,0,3
260,1055,238,0,3
261,1055,239,0,3
266,1056,288,3,0
267,1056,245,0,3
269,1056,291,3,0
280,1056,258,0,3
283,1056,261,0,3
266,1057,288,3,0
267,1057,245,0,3
269,1057,291,3,0
280,1057,258,0,3
283,1057,261,0,3
266,1058,288,3,0
267,1058,245,0,3
269,1058,291,3,0
280,1058,258,0,3
283,1058,261,0,3
267,1059,245,0,3
269,1059,291,3,0
280,1059,258,0,3
269,1060,291,3,0
280,1060,258,0,3
269,1061,291,3,0
280,1061,258,0,3
269,1062,291,3,0
270,1062,248,0,3
280,1062,258,0,3
269,1063,291,3,0
270,1063,248,0,3
279,1063,257,0,3
280,1063,258,0,3
269,1064,291,3,0
270,1064,248,0,3
272,1064,250,0,3
279,1064,257,0,3
280,1064,258,0,3
269,1065,291,3,0
270,1065,248,0,3
272,1065,250,0,3
273,1065,251,0,3
279,1065,257,0,3
280,1065,258,0,3
269,1066,291,3,0
270,1066,248,0,3
272,1066,250,0,3
273,1066,251,0,3
274,1066,296,3,0
276,1066,298,3,0
279,1066,257,0,3
280,1066,258,0,3
269,1067,291,3,0
270,1067,248,0,3
272,1067,250,0,3
273,1067,251,0,3
276,1067,298,3,0
279,1067,257,0,3
280,1067,258,0,3
269,1068,291,3,0
270,1068,248,0,3
272,1068,250,0,3
276,1068,298,3,0
279,1068,257,0,3
280,1068,258,0,3
269,1069,291,3,0
270,1069,248,0,3
279,1069,257,0,3
280,1069,258,0,3
269,1070,291,3,0
270,1070,248,0,3
279,1070,257,0,3
280,1070,258,0,3
269,1071,291,3,0
279,1071,257,0,3
280,1071,258,0,3
280,1072,258,0,3
269,1073,291,3,0
280,1073,258,0,3
269,1074,291,3,0
280,1074,258,0,3
267,1075,245,0,3
269,1075,291,3,0
280,1075,258,0,3
283,1075,261,0,3
266,1076,288,3,0
267,1076,245,0,3
269,1076,291,3,0
280,1076,258,0,3
283,1076,261,0,3
266,1077,288,3,0
267,1077,245,0,3
269,1077,291,3,0
280,1077,258,0,3
283,1077,261,0,3
287,1078,309,3,0
288,1078,310,3,0
291,1078,313,3,0
287,1079,309,3,0
288,1079,310,3,0
291,1079,313,3,0
288,1080,310,3,0
291,1080,313,3,0
291,1081,313,3,0
291,1082,313,3,0
291,1083,313,3,0
291,1084,313,3,0
292,1084,270,0,3
301,1084,279,0,3
291,1085,313,3,0
292,1085,270,0,3
301,1085,279,0,3
291,1086,313,3,0
292,1086,270,0,3
294,1086,272,0,3
301,1086,279,0,3
291,1087,313,3,0
292,1087,270,0,3
294,1087,272,0,3
295,1087,273,0,3
298,1087,320,3,0
301,1087,279,0,3
291,1088,313,3,0
292,1088,270,0,3
294,1088,272,0,3
295,1088,273,0,3
296,1088,318,3,0
298,1088,320,3,0
301,1088,279,0,3
291,1089,313,3,0
292,1089,270,0,3
294,1089,272,0,3
295,1089,273,0,3
298,1089,320,3,0
301,1089,279,0,3
291,1090,313,3,0
292,1090,270,0,3
294,1090,272,0,3
298,1090,320,3,0
301,1090,279,0,3
291,1091,313,3,0
292,1091,270,0,3
301,1091,279,0,3
291,1092,313,3,0
292,1092,270,0,3
301,1092,279,0,3
291,1093,313,3,0
301,1093,279,0,3
291,1095,313,3,0
291,1096,313,3,0
291,1097,313,3,0
288,1098,310,3,0
291,1098,313,3,0
287,1099,309,3,0
288,1099,310,3,0
291,1099,313,3,0
309,1100,331,3,0
310,1100,332,3,0
324,1100,302,0,3
326,1100,304,0,3
309,1101,331,3,0
310,1101,332,3,0
324,1101,302,0,3
326,1101,304,0,3
310,1102,332,3,0
324,1102,302,0,3
326,1102,304,0,3
324,1103,302,0,3
326,1103,304,0,3
324,1104,302,0,3
324,1105,302,0,3
314,1106,292,0,3
324,1106,302,0,3
314,1107,292,0,3
324,1107,302,0,3
314,1108,292,0,3
324,1108,302,0,3
314,1109,292,0,3
317,1109,295,0,3
324,1109,302,0,3
314,1110,292,0,3
317,1110,295,0,3
318,1110,340,3,0
320,1110,342,3,0
324,1110,302,0,3
314,1111,292,0,3
317,1111,295,0,3
320,1111,342,3,0
324,1111,302,0,3
314,1112,292,0,3
320,1112,342,3,0
324,1112,302,0,3
314,1113,292,0,3
324,1113,302,0,3
314,1114,292,0,3
324,1114,302,0,3
324,1115,302,0,3
324,1116,302,0,3
324,1117,302,0,3
324,1118,302,0,3
326,1118,304,0,3
324,1119,302,0,3
326,1119,304,0,3
310,1120,332,3,0
324,1120,302,0,3
326,1120,304,0,3
309,1121,331,3,0
310,1121,332,3,0
324,1121,302,0,3
326,1121,304,0,3
331,1122,353,3,0
332,1122,354,3,0
346,1122,324,0,3
348,1122,326,0,3
331,1123,353,3,0
332,1123,354,3,0
346,1123,324,0,3
348,1123,326,0,3
332,1124,354,3,0
346,1124,324,0,3
348,1124,326,0,3
346,1125,324,0,3
346,1126,324,0,3
346,1127,324,0,3
336,1128,314,0,3
346,1128,324,0,3
336,1129,314,0,3
346,1129,324,0,3
336,1130,314,0,3
346,1130,324,0,3
336,1131,314,0,3
339,1131,317,0,3
342,1131,364,3,0
346,1131,324,0,3
336,1132,314,0,3
339,1132,317,0,3
340,1132,362,3,0
342,1132,364,3,0
346,1132,324,0,3
336,1133,314,0,3
339,1133,317,0,3
342,1133,364,3,0
346,1133,324,0,3
336,1134,314,0,3
342,1134,364,3,0
346,1134,324,0,3
336,1135,314,0,3
346,1135,324,0,3
336,1136,314,0,3
346,1136,324,0,3
346,1137,324,0,3
346,1138,324,0,3
346,1139,324,0,3
346,1140,324,0,3
348,1140,326,0,3
346,1141,324,0,3
348,1141,326,0,3
332,1142,354,3,0
346,1142,324,0,3
348,1142,326,0,3
331,1143,353,3,0
332,1143,354,3,0
346,1143,324,0,3
348,1143,326,0,3
353,1144,375,3,0
354,1144,376,3,0
368,1144,346,0,3
370,1144,348,0,3
353,1145,375,3,0
354,1145,376,3,0
368,1145,346,0,3
370,1145,348,0,3
354,1146,376,3,0
368,1146,346,0,3
370,1146,348,0,3
368,1147,346,0,3
370,1147,348,0,3
368,1148,346,0,3
368,1149,346,0,3
358,1150,336,0,3
368,1150,346,0,3
358,1151,336,0,3
368,1151,346,0,3
358,1152,336,0,3
368,1152,346,0,3
358,1153,336,0,3
368,1153,346,0,3
358,1154,336,0,3
362,1154,384,3,0
364,1154,386,3,0
368,1154,346,0,3
358,1155,336,0,3
364,1155,386,3,0
368,1155,346,0,3
358,1156,336,0,3
364,1156,386,3,0
368,1156,346,0,3
358,1157,336,0,3
368,1157,346,0,3
358,1158,336,0,3
368,1158,346,0,3
368,1159,346,0,3
368,1160,346,0,3
368,1161,346,0,3
368,1162,346,0,3
370,1162,348,0,3
368,1163,346,0,3
370,1163,348,0,3
354,1164,376,3,0
368,1164,346,0,3
370,1164,348,0,3
353,1165,375,3,0
354,1165,376,3,0
368,1165,346,0,3
370,1165,348,0,3
375,1166,397,3,0
376,1166,398,3,0
377,1166,355,0,3
379,1166,401,3,0
392,1166,370,0,3
375,1167,397,3,0
376,1167,398,3,0
377,1167,355,0,3
379,1167,401,3,0
392,1167,370,0,3
376,1168,398,3,0
377,1168,355,0,3
379,1168,401,3,0
392,1168,370,0,3
377,1169,355,0,3
379,1169,401,3,0
379,1170,401,3,0
379,1171,401,3,0
379,1172,401,3,0
380,1172,358,0,3
379,1173,401,3,0
380,1173,358,0,3
379,1174,401,3,0
380,1174,358,0,3
379,1175,401,3,0
380,1175,358,0,3
386,1175,408,3,0
379,1176,401,3,0
380,1176,358,0,3
386,1176,408,3,0
379,1177,401,3,0
380,1177,358,0,3
386,1177,408,3,0
379,1178,401,3,0
380,1178,358,0,3
386,1178,408,3,0
379,1179,401,3,0
380,1179,358,0,3
379,1180,401,3,0
380,1180,358,0,3
379,1181,401,3,0
379,1183,401,3,0
379,1184,401,3,0
392,1184,370,0,3
377,1185,355,0,3
379,1185,401,3,0
392,1185,370,0,3
376,1186,398,3,0
377,1186,355,0,3
379,1186,401,3,0
392,1186,370,0,3
375,1187,397,3,0
376,1187,398,3,0
377,1187,355,0,3
379,1187,401,3,0
392,1187,370,0,3
397,1188,419,3,0
398,1188,420,3,0
399,1188,377,0,3
414,1188,392,0,3
397,1189,419,3,0
398,1189,420,3,0
399,1189,377,0,3
414,1189,392,0,3
398,1190,420,3,0
399,1190,377,0,3
414,1190,392,0,3
399,1191,377,0,3
414,1191,392,0,3
402,1194,380,0,3
402,1195,380,0,3
403,1195,381,0,3
402,1196,380,0,3
403,1196,381,0,3
402,1197,380,0,3
403,1197,381,0,3
402,1198,380,0,3
403,1198,381,0,3
408,1198,430,3,0
402,1199,380,0,3
403,1199,381,0,3
408,1199,430,3,0
402,1200,380,0,3
403,1200,381,0,3
408,1200,430,3,0
402,1201,380,0,3
403,1201,381,0,3
402,1202,380,0,3
414,1206,392,0,3
399,1207,377,0,3
414,1207,392,0,3
398,1208,420,3,0
399,1208,377,0,3
414,1208,392,0,3
397,1209,419,3,0
398,1209,420,3,0
399,1209,377,0,3
414,1209,392,0,3
419,1210,441,3,0
420,1210,442,3,0
421,1210,399,0,3
436,1210,414,0,3
419,1211,441,3,0
420,1211,442,3,0
421,1211,399,0,3
436,1211,414,0,3
420,1212,442,3,0
421,1212,399,0,3
436,1212,414,0,3
421,1213,399,0,3
424,1216,402,0,3
433,1216,411,0,3
424,1217,402,0,3
425,1217,403,0,3
433,1217,411,0,3
424,1218,402,0,3
425,1218,403,0,3
433,1218,411,0,3
424,1219,402,0,3
425,1219,403,0,3
430,1219,452,3,0
433,1219,411,0,3
424,1220,402,0,3
425,1220,403,0,3
430,1220,452,3,0
433,1220,411,0,3
424,1221,402,0,3
425,1221,403,0,3
430,1221,452,3,0
433,1221,411,0,3
424,1222,402,0,3
425,1222,403,0,3
430,1222,452,3,0
433,1222,411,0,3
424,1223,402,0,3
425,1223,403,0,3
433,1223,411,0,3
424,1224,402,0,3
433,1224,411,0,3
433,1225,411,0,3
436,1228,414,0,3
421,1229,399,0,3
436,1229,414,0,3
420,1230,442,3,0
421,1230,399,0,3
436,1230,414,0,3
419,1231,441,3,0
420,1231,442,3,0
421,1231,399,0,3
436,1231,414,0,3
441,1232,463,3,0
442,1232,464,3,0
443,1232,421,0,3
458,1232,436,0,3
441,1233,463,3,0
442,1233,464,3,0
443,1233,421,0,3
458,1233,436,0,3
442,1234,464,3,0
443,1234,421,0,3
458,1234,436,0,3
443,1235,421,0,3
458,1235,436,0,3
446,1238,424,0,3
446,1239,424,0,3
447,1239,425,0,3
446,1240,424,0,3
447,1240,425,0,3
446,1241,424,0,3
447,1241,425,0,3
446,1242,424,0,3
447,1242,425,0,3
452,1242,474,3,0
446,1243,424,0,3
447,1243,425,0,3
452,1243,474,3,0
446,1244,424,0,3
447,1244,425,0,3
452,1244,474,3,0
446,1245,424,0,3
447,1245,425,0,3
446,1246,424,0,3
458,1250,436,0,3
443,1251,421,0,3
458,1251,436,0,3
442,1252,464,3,0
443,1252,421,0,3
458,1252,436,0,3
441,1253,463,3,0
442,1253,464,3,0
443,1253,421,0,3
458,1253,436,0,3
463,1254,485,3,0
464,1254,486,3,0
465,1254,443,0,3
479,1254,457,0,3
480,1254,458,0,3
463,1255,485,3,0
464,1255,486,3,0
465,1255,443,0,3
479,1255,457,0,3
480,1255,458,0,3
464,1256,486,3,0
465,1256,443,0,3
479,1256,457,0,3
480,1256,458,0,3
465,1257,443,0,3
479,1257,457,0,3
468,1260,446,0,3
477,1260,499,3,0
468,1261,446,0,3
469,1261,447,0,3
477,1261,499,3,0
468,1262,446,0,3
469,1262,447,0,3
477,1262,499,3,0
468,1263,446,0,3
469,1263,447,0,3
474,1263,496,3,0
477,1263,499,3,0
468,1264,446,0,3
469,1264,447,0,3
474,1264,496,3,0
477,1264,499,3,0
468,1265,446,0,3
469,1265,447,0,3
474,1265,496,3,0
477,1265,499,3,0
468,1266,446,0,3
469,1266,447,0,3
474,1266,496,3,0
477,1266,499,3,0
468,1267,446,0,3
469,1267,447,0,3
477,1267,499,3,0
468,1268,446,0,3
477,1268,499,3,0
477,1269,499,3,0
479,1271,457,0,3
479,1272,457,0,3
480,1272,458,0,3
465,1273,443,0,3
479,1273,457,0,3
480,1273,458,0,3
464,1274,486,3,0
465,1274,443,0,3
479,1274,457,0,3
480,1274,458,0,3
463,1275,485,3,0
464,1275,486,3,0
465,1275,443,0,3
479,1275,457,0,3
480,1275,458,0,3
485,1276,507,3,0
486,1276,508,3,0
487,1276,465,0,3
488,1276,510,3,0
501,1276,479,0,3
485,1277,507,3,0
486,1277,508,3,0
487,1277,465,0,3
488,1277,510,3,0
501,1277,479,0,3
486,1278,508,3,0
487,1278,465,0,3
488,1278,510,3,0
501,1278,479,0,3
487,1279,465,0,3
488,1279,510,3,0
501,1279,479,0,3
488,1280,510,3,0
501,1280,479,0,3
490,1282,468,0,3
490,1283,468,0,3
491,1283,469,0,3
499,1283,521,3,0
490,1284,468,0,3
491,1284,469,0,3
499,1284,521,3,0
490,1285,468,0,3
491,1285,469,0,3
497,1285,475,0,3
499,1285,521,3,0
490,1286,468,0,3
491,1286,469,0,3
496,1286,518,3,0
497,1286,475,0,3
499,1286,521,3,0
490,1287,468,0,3
491,1287,469,0,3
496,1287,518,3,0
497,1287,475,0,3
499,1287,521,3,0
490,1288,468,0,3
491,1288,469,0,3
496,1288,518,3,0
497,1288,475,0,3
499,1288,521,3,0
490,1289,468,0,3
491,1289,469,0,3
497,1289,475,0,3
499,1289,521,3,0
490,1290,468,0,3
499,1290,521,3,0
499,1291,521,3,0
501,1293,479,0,3
488,1294,510,3,0
501,1294,479,0,3
487,1295,465,0,3
488,1295,510,3,0
501,1295,479,0,3
486,1296,508,3,0
487,1296,465,0,3
488,1296,510,3,0
501,1296,479,0,3
485,1297,507,3,0
486,1297,508,3,0
487,1297,465,0,3
488,1297,510,3,0
501,1297,479,0,3
507,1298,529,3,0
508,1298,530,3,0
509,1298,487,0,3
510,1298,532,3,0
522,1298,500,0,3
524,1298,502,0,3
507,1299,529,3,0
508,1299,530,3,0
509,1299,487,0,3
510,1299,532,3,0
522,1299,500,0,3
524,1299,502,0,3
508,1300,530,3,0
509,1300,487,0,3
510,1300,532,3,0
522,1300,500,0,3
524,1300,502,0,3
509,1301,487,0,3
510,1301,532,3,0
522,1301,500,0,3
510,1302,532,3,0
522,1302,500,0,3
522,1303,500,0,3
521,1304,543,3,0
522,1304,500,0,3
513,1305,491,0,3
521,1305,543,3,0
522,1305,500,0,3
513,1306,491,0,3
521,1306,543,3,0
522,1306,500,0,3
513,1307,491,0,3
518,1307,540,3,0
521,1307,543,3,0
522,1307,500,0,3
513,1308,491,0,3
518,1308,540,3,0
521,1308,543,3,0
522,1308,500,0,3
513,1309,491,0,3
518,1309,540,3,0
521,1309,543,3,0
522,1309,500,0,3
513,1310,491,0,3
518,1310,540,3,0
521,1310,543,3,0
522,1310,500,0,3
513,1311,491,0,3
521,1311,543,3,0
522,1311,500,0,3
521,1312,543,3,0
522,1312,500,0,3
521,1313,543,3,0
522,1313,500,0,3
522,1314,500,0,3
522,1315,500,0,3
510,1316,532,3,0
522,1316,500,0,3
524,1316,502,0,3
509,1317,487,0,3
510,1317,532,3,0
522,1317,500,0,3
524,1317,502,0,3
508,1318,530,3,0
509,1318,487,0,3
510,1318,532,3,0
522,1318,500,0,3
524,1318,502,0,3
507,1319,529,3,0
508,1319,530,3,0
509,1319,487,0,3
510,1319,532,3,0
522,1319,500,0,3
524,1319,502,0,3
529,1320,551,3,0
530,1320,552,3,0
531,1320,509,0,3
532,1320,554,3,0
544,1320,522,0,3
546,1320,524,0,3
529,1321,551,3,0
530,1321,552,3,0
531,1321,509,0,3
532,1321,554,3,0
544,1321,522,0,3
546,1321,524,0,3
530,1322,552,3,0
531,1322,509,0,3
532,1322,554,3,0
544,1322,522,0,3
546,1322,524,0,3
531,1323,509,0,3
532,1323,554,3,0
544,1323,522,0,3
546,1323,524,0,3
532,1324,554,3,0
544,1324,522,0,3
544,1325,522,0,3
544,1326,522,0,3
535,1327,513,0,3
543,1327,565,3,0
544,1327,522,0,3
535,1328,513,0,3
543,1328,565,3,0
544,1328,522,0,3
535,1329,513,0,3
543,1329,565,3,0
544,1329,522,0,3
535,1330,513,0,3
540,1330,562,3,0
543,1330,565,3,0
544,1330,522,0,3
535,1331,513,0,3
540,1331,562,3,0
543,1331,565,3,0
544,1331,522,0,3
535,1332,513,0,3
540,1332,562,3,0
543,1332,565,3,0
544,1332,522,0,3
535,1333,513,0,3
543,1333,565,3,0
544,1333,522,0,3
543,1334,565,3,0
544,1334,522,0,3
543,1335,565,3,0
544,1335,522,0,3
544,1336,522,0,3
544,1337,522,0,3
532,1338,554,3,0
544,1338,522,0,3
546,1338,524,0,3
531,1339,509,0,3
532,1339,554,3,0
544,1339,522,0,3
546,1339,524,0,3
530,1340,552,3,0
531,1340,509,0,3
532,1340,554,3,0
544,1340,522,0,3
546,1340,524,0,3
529,1341,551,3,0
530,1341,552,3,0
531,1341,509,0,3
532,1341,554,3,0
544,1341,522,0,3
546,1341,524,0,3
551,1342,573,3,0
552,1342,574,3,0
553,1342,531,0,3
554,1342,576,3,0
555,1342,533,0,3
566,1342,544,0,3
568,1342,546,0,3
551,1343,573,3,0
552,1343,574,3,0
553,1343,531,0,3
554,1343,576,3,0
555,1343,533,0,3
566,1343,544,0,3
568,1343,546,0,3
552,1344,574,3,0
553,1344,531,0,3
554,1344,576,3,0
555,1344,533,0,3
566,1344,544,0,3
568,1344,546,0,3
553,1345,531,0,3
554,1345,576,3,0
555,1345,533,0,3
566,1345,544,0,3
554,1346,576,3,0
555,1346,533,0,3
566,1346,544,0,3
555,1347,533,0,3
566,1347,544,0,3
555,1348,533,0,3
565,1348,587,3,0
566,1348,544,0,3
555,1349,533,0,3
557,1349,535,0,3
565,1349,587,3,0
566,1349,544,0,3
555,1350,533,0,3
557,1350,535,0,3
565,1350,587,3,0
566,1350,544,0,3
555,1351,533,0,3
557,1351,535,0,3
562,1351,584,3,0
565,1351,587,3,0
566,1351,544,0,3
555,1352,533,0,3
557,1352,535,0,3
562,1352,584,3,0
565,1352,587,3,0
566,1352,544,0,3
555,1353,533,0,3
557,1353,535,0,3
562,1353,584,3,0
565,1353,587,3,0
566,1353,544,0,3
555,1354,533,0,3
557,1354,535,0,3
562,1354,584,3,0
565,1354,587,3,0
566,1354,544,0,3
555,1355,533,0,3
557,1355,535,0,3
565,1355,587,3,0
566,1355,544,0,3
555,1356,533,0,3
565,1356,587,3,0
566,1356,544,0,3
555,1357,533,0,3
565,1357,587,3,0
566,1357,544,0,3
566,1358,544,0,3
555,1359,533,0,3
566,1359,544,0,3
554,1360,576,3,0
555,1360,533,0,3
566,1360,544,0,3
568,1360,546,0,3
553,1361,531,0,3
554,1361,576,3,0
555,1361,533,0,3
566,1361,544,0,3
568,1361,546,0,3
552,1362,574,3,0
553,1362,531,0,3
554,1362,576,3,0
555,1362,533,0,3
566,1362,544,0,3
568,1362,546,0,3
551,1363,573,3,0
552,1363,574,3,0
553,1363,531,0,3
554,1363,576,3,0
555,1363,533,0,3
566,1363,544,0,3
568,1363,546,0,3
573,1364,595,3,0
574,1364,596,3,0
576,1364,598,3,0
577,1364,555,0,3
590,1364,568,0,3
573,1365,595,3,0
574,1365,596,3,0
576,1365,598,3,0
577,1365,555,0,3
590,1365,568,0,3
574,1366,596,3,0
576,1366,598,3,0
577,1366,555,0,3
590,1366,568,0,3
576,1367,598,3,0
577,1367,555,0,3
590,1367,568,0,3
576,1368,598,3,0
577,1368,555,0,3
577,1369,555,0,3
577,1370,555,0,3
577,1371,555,0,3
579,1371,557,0,3
587,1371,609,3,0
577,1372,555,0,3
579,1372,557,0,3
587,1372,609,3,0
577,1373,555,0,3
579,1373,557,0,3
587,1373,609,3,0
577,1374,555,0,3
579,1374,557,0,3
582,1374,604,3,0
584,1374,606,3,0
587,1374,609,3,0
577,1375,555,0,3
579,1375,557,0,3
584,1375,606,3,0
587,1375,609,3,0
577,1376,555,0,3
579,1376,557,0,3
584,1376,606,3,0
587,1376,609,3,0
577,1377,555,0,3
579,1377,557,0,3
587,1377,609,3,0
577,1378,555,0,3
587,1378,609,3,0
577,1379,555,0,3
587,1379,609,3,0
577,1381,555,0,3
576,1382,598,3,0
577,1382,555,0,3
590,1382,568,0,3
576,1383,598,3,0
577,1383,555,0,3
590,1383,568,0,3
574,1384,596,3,0
576,1384,598,3,0
577,1384,555,0,3
590,1384,568,0,3
573,1385,595,3,0
574,1385,596,3,0
576,1385,598,3,0
577,1385,555,0,3
590,1385,568,0,3
595,1386,617,3,0
596,1386,618,3,0
598,1386,620,3,0
599,1386,577,0,3
610,1386,588,0,3
612,1386,590,0,3
595,1387,617,3,0
596,1387,618,3,0
598,1387,620,3,0
599,1387,577,0,3
610,1387,588,0,3
612,1387,590,0,3
596,1388,618,3,0
598,1388,620,3,0
599,1388,577,0,3
610,1388,588,0,3
612,1388,590,0,3
598,1389,620,3,0
599,1389,577,0,3
610,1389,588,0,3
598,1390,620,3,0
599,1390,577,0,3
610,1390,588,0,3
599,1391,577,0,3
610,1391,588,0,3
599,1392,577,0,3
609,1392,631,3,0
610,1392,588,0,3
599,1393,577,0,3
601,1393,579,0,3
609,1393,631,3,0
610,1393,588,0,3
599,1394,577,0,3
601,1394,579,0,3
609,1394,631,3,0
610,1394,588,0,3
599,1395,577,0,3
601,1395,579,0,3
606,1395,628,3,0
609,1395,631,3,0
610,1395,588,0,3
599,1396,577,0,3
601,1396,579,0,3
604,1396,626,3,0
606,1396,628,3,0
609,1396,631,3,0
610,1396,588,0,3
599,1397,577,0,3
601,1397,579,0,3
606,1397,628,3,0
609,1397,631,3,0
610,1397,588,0,3
599,1398,577,0,3
601,1398,579,0,3
606,1398,628,3,0
609,1398,631,3,0
610,1398,588,0,3
599,1399,577,0,3
601,1399,579,0,3
609,1399,631,3,0
610,1399,588,0,3
599,1400,577,0,3
609,1400,631,3,0
610,1400,588,0,3
599,1401,577,0,3
609,1401,631,3,0
610,1401,588,0,3
610,1402,588,0,3
599,1403,577,0,3
610,1403,588,0,3
598,1404,620,3,0
599,1404,577,0,3
610,1404,588,0,3
612,1404,590,0,3
598,1405,620,3,0
599,1405,577,0,3
610,1405,588,0,3
612,1405,590,0,3
596,1406,618,3,0
598,1406,620,3,0
599,1406,577,0,3
610,1406,588,0,3
612,1406,590,0,3
595,1407,617,3,0
596,1407,618,3,0
598,1407,620,3,0
599,1407,577,0,3
610,1407,588,0,3
612,1407,590,0,3
617,1408,639,3,0
618,1408,640,3,0
620,1408,642,3,0
621,1408,599,0,3
632,1408,610,0,3
634,1408,612,0,3
617,1409,639,3,0
618,1409,640,3,0
620,1409,642,3,0
621,1409,599,0,3
632,1409,610,0,3
634,1409,612,0,3
618,1410,640,3,0
620,1410,642,3,0
621,1410,599,0,3
632,1410,610,0,3
634,1410,612,0,3
620,1411,642,3,0
621,1411,599,0,3
632,1411,610,0,3
634,1411,612,0,3
620,1412,642,3,0
621,1412,599,0,3
632,1412,610,0,3
621,1413,599,0,3
632,1413,610,0,3
621,1414,599,0,3
632,1414,610,0,3
621,1415,599,0,3
631,1415,653,3,0
632,1415,610,0,3
621,1416,599,0,3
631,1416,653,3,0
632,1416,610,0,3
621,1417,599,0,3
631,1417,653,3,0
632,1417,610,0,3
621,1418,599,0,3
626,1418,648,3,0
628,1418,650,3,0
631,1418,653,3,0
632,1418,610,0,3
621,1419,599,0,3
628,1419,650,3,0
631,1419,653,3,0
632,1419,610,0,3
621,1420,599,0,3
628,1420,650,3,0
631,1420,653,3,0
632,1420,610,0,3
621,1421,599,0,3
631,1421,653,3,0
632,1421,610,0,3
621,1422,599,0,3
631,1422,653,3,0
632,1422,610,0,3
621,1423,599,0,3
631,1423,653,3,0
632,1423,610,0,3
632,1424,610,0,3
621,1425,599,0,3
632,1425,610,0,3
620,1426,642,3,0
621,1426,599,0,3
632,1426,610,0,3
634,1426,612,0,3
620,1427,642,3,0
621,1427,599,0,3
632,1427,610,0,3
634,1427,612,0,3
618,1428,640,3,0
620,1428,642,3,0
621,1428,599,0,3
632,1428,610,0,3
634,1428,612,0,3
617,1429,639,3,0
618,1429,640,3,0
620,1429,642,3,0
621,1429,599,0,3
632,1429,610,0,3
634,1429,612,0,3
639,1430,661,3,0
640,1430,662,3,0
643,1430,621,0,3
654,1430,632,0,3
656,1430,634,0,3
639,1431,661,3,0
640,1431,662,3,0
643,1431,621,0,3
654,1431,632,0,3
656,1431,634,0,3
640,1432,662,3,0
643,1432,621,0,3
654,1432,632,0,3
656,1432,634,0,3
643,1433,621,0,3
654,1433,632,0,3
643,1434,621,0,3
654,1434,632,0,3
643,1435,621,0,3
654,1435,632,0,3
643,1436,621,0,3
653,1436,675,3,0
654,1436,632,0,3
643,1437,621,0,3
653,1437,675,3,0
654,1437,632,0,3
643,1438,621,0,3
653,1438,675,3,0
654,1438,632,0,3
643,1439,621,0,3
653,1439,675,3,0
654,1439,632,0,3
643,1440,621,0,3
648,1440,670,3,0
653,1440,675,3,0
654,1440,632,0,3
643,1441,621,0,3
653,1441,675,3,0
654,1441,632,0,3
643,1442,621,0,3
653,1442,675,3,0
654,1442,632,0,3
643,1443,621,0,3
653,1443,675,3,0
654,1443,632,0,3
643,1444,621,0,3
653,1444,675,3,0
654,1444,632,0,3
643,1445,621,0,3
653,1445,675,3,0
654,1445,632,0,3
654,1446,632,0,3
643,1447,621,0,3
654,1447,632,0,3
643,1448,621,0,3
654,1448,632,0,3
656,1448,634,0,3
643,1449,621,0,3
654,1449,632,0,3
656,1449,634,0,3
640,1450,662,3,0
643,1450,621,0,3
654,1450,632,0,3
656,1450,634,0,3
639,1451,661,3,0
640,1451,662,3,0
643,1451,621,0,3
654,1451,632,0,3
656,1451,634,0,3
661,1452,683,3,0
662,1452,684,3,0
663,1452,685,3,0
664,1452,686,3,0
665,1452,643,0,3
676,1452,654,0,3
678,1452,656,0,3
680,1452,658,0,3
661,1453,683,3,0
662,1453,684,3,0
663,1453,685,3,0
664,1453,686,3,0
665,1453,643,0,3
676,1453,654,0,3
678,1453,656,0,3
680,1453,658,0,3
662,1454,684,3,0
663,1454,685,3,0
664,1454,686,3,0
665,1454,643,0,3
676,1454,654,0,3
678,1454,656,0,3
663,1455,685,3,0
664,1455,686,3,0
665,1455,643,0,3
676,1455,654,0,3
678,1455,656,0,3
664,1456,686,3,0
665,1456,643,0,3
676,1456,654,0,3
665,1457,643,0,3
676,1457,654,0,3
665,1458,643,0,3
676,1458,654,0,3
665,1459,643,0,3
667,1459,645,0,3
675,1459,697,3,0
676,1459,654,0,3
665,1460,643,0,3
667,1460,645,0,3
675,1460,697,3,0
676,1460,654,0,3
665,1461,643,0,3
667,1461,645,0,3
675,1461,697,3,0
676,1461,654,0,3
665,1462,643,0,3
667,1462,645,0,3
670,1462,692,3,0
675,1462,697,3,0
676,1462,654,0,3
665,1463,643,0,3
667,1463,645,0,3
675,1463,697,3,0
676,1463,654,0,3
665,1464,643,0,3
667,1464,645,0,3
675,1464,697,3,0
676,1464,654,0,3
665,1465,643,0,3
667,1465,645,0,3
675,1465,697,3,0
676,1465,654,0,3
665,1466,643,0,3
675,1466,697,3,0
676,1466,654,0,3
665,1467,643,0,3
675,1467,697,3,0
676,1467,654,0,3
676,1468,654,0,3
665,1469,643,0,3
676,1469,654,0,3
664,1470,686,3,0
665,1470,643,0,3
676,1470,654,0,3
678,1470,656,0,3
663,1471,685,3,0
664,1471,686,3,0
665,1471,643,0,3
676,1471,654,0,3
678,1471,656,0,3
662,1472,684,3,0
663,1472,685,3,0
664,1472,686,3,0
665,1472,643,0,3
676,1472,654,0,3
678,1472,656,0,3
680,1472,658,0,3
661,1473,683,3,0
662,1473,684,3,0
663,1473,685,3,0
664,1473,686,3,0
665,1473,643,0,3
676,1473,654,0,3
678,1473,656,0,3
680,1473,658,0,3
683,1474,705,3,0
685,1474,707,3,0
686,1474,708,3,0
687,1474,665,0,3
698,1474,676,0,3
683,1475,705,3,0
685,1475,707,3,0
686,1475,708,3,0
687,1475,665,0,3
698,1475,676,0,3
685,1476,707,3,0
686,1476,708,3,0
687,1476,665,0,3
698,1476,676,0,3
685,1477,707,3,0
686,1477,708,3,0
687,1477,665,0,3
698,1477,676,0,3
686,1478,708,3,0
687,1478,665,0,3
698,1478,676,0,3
687,1479,665,0,3
698,1479,676,0,3
687,1480,665,0,3
697,1480,719,3,0
698,1480,676,0,3
687,1481,665,0,3
689,1481,667,0,3
697,1481,719,3,0
698,1481,676,0,3
687,1482,665,0,3
689,1482,667,0,3
697,1482,719,3,0
698,1482,676,0,3
687,1483,665,0,3
689,1483,667,0,3
697,1483,719,3,0
698,1483,676,0,3
687,1484,665,0,3
689,1484,667,0,3
692,1484,714,3,0
697,1484,719,3,0
698,1484,676,0,3
687,1485,665,0,3
689,1485,667,0,3
697,1485,719,3,0
698,1485,676,0,3
687,1486,665,0,3
689,1486,667,0,3
697,1486,719,3,0
698,1486,676,0,3
687,1487,665,0,3
689,1487,667,0,3
697,1487,719,3,0
698,1487,676,0,3
687,1488,665,0,3
697,1488,719,3,0
698,1488,676,0,3
687,1489,665,0,3
697,1489,719,3,0
698,1489,676,0,3
698,1490,676,0,3
687,1491,665,0,3
698,1491,676,0,3
686,1492,708,3,0
687,1492,665,0,3
698,1492,676,0,3
685,1493,707,3,0
686,1493,708,3,0
687,1493,665,0,3
698,1493,676,0,3
685,1494,707,3,0
686,1494,708,3,0
687,1494,665,0,3
698,1494,676,0,3
683,1495,705,3,0
685,1495,707,3,0
686,1495,708,3,0
687,1495,665,0,3
698,1495,676,0,3
704,1496,682,0,2
705,1496,727,3,0
706,1496,728,3,0
707,1496,729,3,0
708,1496,730,3,0
709,1496,687,0,3
720,1496,698,0,3
721,1496,699,0,3
724,1496,702,0,3
705,1497,727,3,0
706,1497,728,3,0
707,1497,729,3,0
708,1497,730,3,0
709,1497,687,0,3
720,1497,698,0,3
721,1497,699,0,3
724,1497,702,0,3
706,1498,728,3,0
707,1498,729,3,0
708,1498,730,3,0
709,1498,687,0,3
720,1498,698,0,3
721,1498,699,0,3
707,1499,729,3,0
708,1499,730,3,0
709,1499,687,0,3
720,1499,698,0,3
721,1499,699,0,3
708,1500,730,3,0
709,1500,687,0,3
720,1500,698,0,3
721,1500,699,0,3
709,1501,687,0,3
720,1501,698,0,3
709,1502,687,0,3
720,1502,698,0,3
709,1503,687,0,3
711,1503,689,0,3
719,1503,741,3,0
720,1503,698,0,3
709,1504,687,0,3
711,1504,689,0,3
718,1504,740,3,0
719,1504,741,3,0
720,1504,698,0,3
709,1505,687,0,3
711,1505,689,0,3
718,1505,740,3,0
719,1505,741,3,0
720,1505,698,0,3
709,1506,687,0,3
711,1506,689,0,3
714,1506,736,3,0
718,1506,740,3,0
719,1506,741,3,0
720,1506,698,0,3
709,1507,687,0,3
711,1507,689,0,3
718,1507,740,3,0
719,1507,741,3,0
720,1507,698,0,3
709,1508,687,0,3
711,1508,689,0,3
718,1508,740,3,0
719,1508,741,3,0
720,1508,698,0,3
709,1509,687,0,3
711,1509,689,0,3
718,1509,740,3,0
719,1509,741,3,0
720,1509,698,0,3
709,1510,687,0,3
718,1510,740,3,0
719,1510,741,3,0
720,1510,698,0,3
709,1511,687,0,3
719,1511,741,3,0
720,1511,698,0,3
720,1512,698,0,3
709,1513,687,0,3
720,1513,698,0,3
721,1513,699,0,3
708,1514,730,3,0
709,1514,687,0,3
720,1514,698,0,3
721,1514,699,0,3
707,1515,729,3,0
708,1515,730,3,0
709,1515,687,0,3
720,1515,698,0,3
721,1515,699,0,3
706,1516,728,3,0
707,1516,729,3,0
708,1516,730,3,0
709,1516,687,0,3
720,1516,698,0,3
721,1516,699,0,3
724,1516,702,0,3
705,1517,727,3,0
706,1517,728,3,0
707,1517,729,3,0
708,1517,730,3,0
709,1517,687,0,3
720,1517,698,0,3
721,1517,699,0,3
724,1517,702,0,3
727,1518,749,3,0
728,1518,750,3,0
731,1518,709,0,3
743,1518,721,0,3
745,1518,723,0,3
727,1519,749,3,0
728,1519,750,3,0
731,1519,709,0,3
743,1519,721,0,3
745,1519,723,0,3
728,1520,750,3,0
731,1520,709,0,3
743,1520,721,0,3
731,1521,709,0,3
743,1521,721,0,3
731,1522,709,0,3
731,1523,709,0,3
731,1524,709,0,3
732,1524,754,3,0
741,1524,763,3,0
731,1525,709,0,3
732,1525,754,3,0
733,1525,711,0,3
741,1525,763,3,0
731,1526,709,0,3
732,1526,754,3,0
733,1526,711,0,3
734,1526,712,0,3
739,1526,761,3,0
741,1526,763,3,0
731,1527,709,0,3
732,1527,754,3,0
733,1527,711,0,3
734,1527,712,0,3
738,1527,760,3,0
739,1527,761,3,0
741,1527,763,3,0
731,1528,709,0,3
732,1528,754,3,0
733,1528,711,0,3
734,1528,712,0,3
738,1528,760,3,0
739,1528,761,3,0
741,1528,763,3,0
731,1529,709,0,3
732,1529,754,3,0
733,1529,711,0,3
734,1529,712,0,3
738,1529,760,3,0
739,1529,761,3,0
741,1529,763,3,0
731,1530,709,0,3
732,1530,754,3,0
733,1530,711,0,3
734,1530,712,0,3
738,1530,760,3,0
739,1530,761,3,0
741,1530,763,3,0
731,1531,709,0,3
732,1531,754,3,0
733,1531,711,0,3
739,1531,761,3,0
741,1531,763,3,0
731,1532,709,0,3
732,1532,754,3,0
741,1532,763,3,0
731,1533,709,0,3
741,1533,763,3,0
731,1535,709,0,3
743,1535,721,0,3
731,1536,709,0,3
743,1536,721,0,3
731,1537,709,0,3
743,1537,721,0,3
745,1537,723,0,3
728,1538,750,3,0
731,1538,709,0,3
743,1538,721,0,3
745,1538,723,0,3
727,1539,749,3,0
728,1539,750,3,0
731,1539,709,0,3
743,1539,721,0,3
745,1539,723,0,3
747,1539,725,0,3
749,1540,771,3,0
750,1540,772,3,0
753,1540,731,0,3
765,1540,743,0,3
766,1540,788,3,0
767,1540,745,0,3
769,1540,747,0,3
749,1541,771,3,0
750,1541,772,3,0
753,1541,731,0,3
765,1541,743,0,3
766,1541,788,3,0
767,1541,745,0,3
750,1542,772,3,0
753,1542,731,0,3
765,1542,743,0,3
766,1542,788,3,0
767,1542,745,0,3
753,1543,731,0,3
765,1543,743,0,3
766,1543,788,3,0
753,1544,731,0,3
765,1544,743,0,3
753,1545,731,0,3
753,1546,731,0,3
754,1546,776,3,0
753,1547,731,0,3
754,1547,776,3,0
755,1547,733,0,3
763,1547,785,3,0
753,1548,731,0,3
754,1548,776,3,0
755,1548,733,0,3
756,1548,734,0,3
762,1548,784,3,0
763,1548,785,3,0
753,1549,731,0,3
754,1549,776,3,0
755,1549,733,0,3
756,1549,734,0,3
761,1549,783,3,0
762,1549,784,3,0
763,1549,785,3,0
753,1550,731,0,3
754,1550,776,3,0
755,1550,733,0,3
756,1550,734,0,3
761,1550,783,3,0
762,1550,784,3,0
763,1550,785,3,0
753,1551,731,0,3
754,1551,776,3,0
755,1551,733,0,3
756,1551,734,0,3
761,1551,783,3,0
762,1551,784,3,0
763,1551,785,3,0
753,1552,731,0,3
754,1552,776,3,0
755,1552,733,0,3
756,1552,734,0,3
761,1552,783,3,0
762,1552,784,3,0
763,1552,785,3,0
753,1553,731,0,3
754,1553,776,3,0
755,1553,733,0,3
761,1553,783,3,0
762,1553,784,3,0
763,1553,785,3,0
753,1554,731,0,3
754,1554,776,3,0
762,1554,784,3,0
763,1554,785,3,0
753,1555,731,0,3
763,1555,785,3,0
753,1557,731,0,3
765,1557,743,0,3
753,1558,731,0,3
765,1558,743,0,3
766,1558,788,3,0
753,1559,731,0,3
765,1559,743,0,3
766,1559,788,3,0
767,1559,745,0,3
750,1560,772,3,0
753,1560,731,0,3
765,1560,743,0,3
766,1560,788,3,0
767,1560,745,0,3
749,1561,771,3,0
750,1561,772,3,0
753,1561,731,0,3
765,1561,743,0,3
766,1561,788,3,0
767,1561,745,0,3
769,1561,747,0,3
771,1562,793,3,0
772,1562,794,3,0
775,1562,753,0,3
787,1562,765,0,3
788,1562,810,3,0
790,1562,768,0,3
771,1563,793,3,0
772,1563,794,3,0
775,1563,753,0,3
787,1563,765,0,3
788,1563,810,3,0
772,1564,794,3,0
775,1564,753,0,3
787,1564,765,0,3
788,1564,810,3,0
775,1565,753,0,3
787,1565,765,0,3
775,1566,753,0,3
775,1567,753,0,3
775,1568,753,0,3
785,1568,807,3,0
775,1569,753,0,3
777,1569,755,0,3
784,1569,806,3,0
785,1569,807,3,0
775,1570,753,0,3
777,1570,755,0,3
778,1570,756,0,3
783,1570,805,3,0
784,1570,806,3,0
785,1570,807,3,0
775,1571,753,0,3
777,1571,755,0,3
778,1571,756,0,3
782,1571,760,0,3
783,1571,805,3,0
784,1571,806,3,0
785,1571,807,3,0
775,1572,753,0,3
777,1572,755,0,3
778,1572,756,0,3
782,1572,760,0,3
783,1572,805,3,0
784,1572,806,3,0
785,1572,807,3,0
775,1573,753,0,3
777,1573,755,0,3
778,1573,756,0,3
782,1573,760,0,3
783,1573,805,3,0
784,1573,806,3,0
785,1573,807,3,0
775,1574,753,0,3
777,1574,755,0,3
778,1574,756,0,3
782,1574,760,0,3
783,1574,805,3,0
784,1574,806,3,0
785,1574,807,3,0
775,1575,753,0,3
777,1575,755,0,3
783,1575,805,3,0
784,1575,806,3,0
785,1575,807,3,0
775,1576,753,0,3
784,1576,806,3,0
785,1576,807,3,0
775,1577,753,0,3
785,1577,807,3,0
775,1579,753,0,3
787,1579,765,0,3
775,1580,753,0,3
787,1580,765,0,3
788,1580,810,3,0
775,1581,753,0,3
787,1581,765,0,3
788,1581,810,3,0
772,1582,794,3,0
775,1582,753,0,3
787,1582,765,0,3
788,1582,810,3,0
790,1582,768,0,3
771,1583,793,3,0
772,1583,794,3,0
775,1583,753,0,3
787,1583,765,0,3
788,1583,810,3,0
790,1583,768,0,3
791,1583,769,0,3
162,1584,140,0,3
166,1584,188,3,0
170,1584,148,0,3
886,1585,908,3,0
94,1586,72,0,3
95,1586,117,3,0
96,1586,74,0,3
97,1586,119,3,0
98,1586,120,3,0
100,1586,122,3,0
490,1587,468,0,3
491,1587,469,0,3
496,1587,518,3,0
497,1587,475,0,3
499,1587,521,3,0
685,1588,707,3,0
686,1588,708,3,0
687,1588,665,0,3
698,1588,676,0,3
1336,1589,1358,3,0
170,1590,148,0,3
1545,1591,1567,3,0
1546,1591,1524,0,3
1554,1591,1532,0,3
1555,1591,1533,0,3
1167,1592,1145,0,3
1168,1592,1146,0,3
1169,1592,1191,3,0
1171,1592,1149,0,3
1184,1592,1206,3,0
291,1593,313,3,0
292,1593,270,0,3
294,1593,272,0,3
295,1593,273,0,3
296,1593,318,3,0
298,1593,320,3,0
301,1593,279,0,3
94,1594,72,0,3
95,1594,117,3,0
96,1594,74,0,3
97,1594,119,3,0
100,1594,122,3,0
27,1595,49,3,0
29,1595,51,3,0
30,1595,52,3,0
31,1595,53,3,0
33,1595,55,3,0
34,1595,56,3,0
35,1595,13,0,2
36,1595,14,0,2
37,1595,15,0,2
