795,0,817,3,0
796,0,818,3,0
808,0,830,3,0
810,0,788,0,3
811,0,833,3,0
795,1,817,3,0
796,1,818,3,0
808,1,830,3,0
810,1,788,0,3
811,1,833,3,0
795,2,817,3,0
796,2,818,3,0
808,2,830,3,0
810,2,788,0,3
811,2,833,3,0
795,3,817,3,0
796,3,818,3,0
808,3,830,3,0
810,3,788,0,3
796,4,818,3,0
808,4,830,3,0
808,5,830,3,0
798,6,776,0,3
808,6,830,3,0
798,7,776,0,3
807,7,785,0,3
808,7,830,3,0
798,8,776,0,3
800,8,778,0,3
807,8,785,0,3
808,8,830,3,0
798,9,776,0,3
800,9,778,0,3
801,9,823,3,0
805,9,827,3,0
807,9,785,0,3
808,9,830,3,0
798,10,776,0,3
800,10,778,0,3
801,10,823,3,0
802,10,824,3,0
804,10,782,0,3
805,10,827,3,0
807,10,785,0,3
808,10,830,3,0
798,11,776,0,3
800,11,778,0,3
801,11,823,3,0
802,11,824,3,0
803,11,781,0,3
804,11,782,0,3
805,11,827,3,0
807,11,785,0,3
808,11,830,3,0
798,12,776,0,3
800,12,778,0,3
801,12,823,3,0
804,12,782,0,3
805,12,827,3,0
807,12,785,0,3
808,12,830,3,0
798,13,776,0,3
800,13,778,0,3
805,13,827,3,0
807,13,785,0,3
808,13,830,3,0
798,14,776,0,3
807,14,785,0,3
808,14,830,3,0
798,15,776,0,3
807,15,785,0,3
808,15,830,3,0
808,16,830,3,0
808,17,830,3,0
796,18,818,3,0
808,18,830,3,0
810,18,788,0,3
795,19,817,3,0
796,19,818,3,0
808,19,830,3,0
810,19,788,0,3
811,19,833,3,0
795,20,817,3,0
796,20,818,3,0
808,20,830,3,0
810,20,788,0,3
811,20,833,3,0
795,21,817,3,0
796,21,818,3,0
808,21,830,3,0
810,21,788,0,3
811,21,833,3,0
817,22,839,3,0
818,22,840,3,0
830,22,852,3,0
832,22,810,0,3
833,22,855,3,0
834,22,856,3,0
835,22,857,3,0
817,23,839,3,0
818,23,840,3,0
830,23,852,3,0
832,23,810,0,3
833,23,855,3,0
834,23,856,3,0
817,24,839,3,0
818,24,840,3,0
830,24,852,3,0
832,24,810,0,3
833,24,855,3,0
817,25,839,3,0
818,25,840,3,0
830,25,852,3,0
832,25,810,0,3
818,26,840,3,0
830,26,852,3,0
820,28,798,0,3
830,28,852,3,0
820,29,798,0,3
829,29,807,0,3
830,29,852,3,0
820,30,798,0,3
822,30,800,0,3
829,30,807,0,3
830,30,852,3,0
820,31,798,0,3
822,31,800,0,3
823,31,845,3,0
827,31,849,3,0
829,31,807,0,3
830,31,852,3,0
820,32,798,0,3
822,32,800,0,3
823,32,845,3,0
826,32,804,0,3
827,32,849,3,0
829,32,807,0,3
830,32,852,3,0
820,33,798,0,3
822,33,800,0,3
823,33,845,3,0
825,33,803,0,3
826,33,804,0,3
827,33,849,3,0
829,33,807,0,3
830,33,852,3,0
820,34,798,0,3
822,34,800,0,3
823,34,845,3,0
826,34,804,0,3
827,34,849,3,0
829,34,807,0,3
830,34,852,3,0
820,35,798,0,3
822,35,800,0,3
827,35,849,3,0
829,35,807,0,3
830,35,852,3,0
820,36,798,0,3
829,36,807,0,3
830,36,852,3,0
820,37,798,0,3
829,37,807,0,3
830,37,852,3,0
830,38,852,3,0
830,39,852,3,0
818,40,840,3,0
830,40,852,3,0
832,40,810,0,3
817,41,839,3,0
818,41,840,3,0
830,41,852,3,0
832,41,810,0,3
833,41,855,3,0
817,42,839,3,0
818,42,840,3,0
830,42,852,3,0
832,42,810,0,3
833,42,855,3,0
834,42,856,3,0
817,43,839,3,0
818,43,840,3,0
830,43,852,3,0
832,43,810,0,3
833,43,855,3,0
834,43,856,3,0
835,43,857,3,0
837,44,859,3,0
839,44,861,3,0
840,44,862,3,0
852,44,874,3,0
854,44,832,0,3
855,44,877,3,0
856,44,834,0,3
857,44,879,3,0
837,45,859,3,0
839,45,861,3,0
840,45,862,3,0
852,45,874,3,0
854,45,832,0,3
855,45,877,3,0
856,45,834,0,3
839,46,861,3,0
840,46,862,3,0
852,46,874,3,0
854,46,832,0,3
855,46,877,3,0
839,47,861,3,0
840,47,862,3,0
852,47,874,3,0
854,47,832,0,3
840,48,862,3,0
852,48,874,3,0
852,49,874,3,0
842,50,820,0,3
852,50,874,3,0
842,51,820,0,3
851,51,829,0,3
852,51,874,3,0
842,52,820,0,3
844,52,822,0,3
851,52,829,0,3
852,52,874,3,0
842,53,820,0,3
844,53,822,0,3
845,53,867,3,0
849,53,871,3,0
851,53,829,0,3
852,53,874,3,0
842,54,820,0,3
844,54,822,0,3
845,54,867,3,0
848,54,826,0,3
849,54,871,3,0
851,54,829,0,3
852,54,874,3,0
842,55,820,0,3
844,55,822,0,3
845,55,867,3,0
847,55,825,0,3
848,55,826,0,3
849,55,871,3,0
851,55,829,0,3
852,55,874,3,0
842,56,820,0,3
844,56,822,0,3
845,56,867,3,0
848,56,826,0,3
849,56,871,3,0
851,56,829,0,3
852,56,874,3,0
842,57,820,0,3
844,57,822,0,3
849,57,871,3,0
851,57,829,0,3
852,57,874,3,0
842,58,820,0,3
851,58,829,0,3
852,58,874,3,0
842,59,820,0,3
851,59,829,0,3
852,59,874,3,0
852,60,874,3,0
852,61,874,3,0
840,62,862,3,0
852,62,874,3,0
854,62,832,0,3
839,63,861,3,0
840,63,862,3,0
852,63,874,3,0
854,63,832,0,3
855,63,877,3,0
839,64,861,3,0
840,64,862,3,0
852,64,874,3,0
854,64,832,0,3
855,64,877,3,0
856,64,834,0,3
837,65,859,3,0
839,65,861,3,0
840,65,862,3,0
852,65,874,3,0
854,65,832,0,3
855,65,877,3,0
856,65,834,0,3
857,65,879,3,0
859,66,881,3,0
860,66,838,0,3
861,66,883,3,0
862,66,884,3,0
874,66,896,3,0
876,66,854,0,3
877,66,899,3,0
878,66,856,0,3
879,66,901,3,0
859,67,881,3,0
860,67,838,0,3
861,67,883,3,0
862,67,884,3,0
874,67,896,3,0
876,67,854,0,3
877,67,899,3,0
878,67,856,0,3
860,68,838,0,3
861,68,883,3,0
862,68,884,3,0
874,68,896,3,0
876,68,854,0,3
877,68,899,3,0
861,69,883,3,0
862,69,884,3,0
874,69,896,3,0
876,69,854,0,3
862,70,884,3,0
874,70,896,3,0
864,72,842,0,3
874,72,896,3,0
864,73,842,0,3
873,73,851,0,3
874,73,896,3,0
864,74,842,0,3
866,74,844,0,3
873,74,851,0,3
874,74,896,3,0
864,75,842,0,3
866,75,844,0,3
871,75,849,0,3
873,75,851,0,3
874,75,896,3,0
864,76,842,0,3
866,76,844,0,3
868,76,890,3,0
870,76,848,0,3
871,76,849,0,3
873,76,851,0,3
874,76,896,3,0
864,77,842,0,3
866,77,844,0,3
868,77,890,3,0
870,77,848,0,3
871,77,849,0,3
873,77,851,0,3
874,77,896,3,0
864,78,842,0,3
866,78,844,0,3
870,78,848,0,3
871,78,849,0,3
873,78,851,0,3
874,78,896,3,0
864,79,842,0,3
866,79,844,0,3
871,79,849,0,3
873,79,851,0,3
874,79,896,3,0
864,80,842,0,3
873,80,851,0,3
874,80,896,3,0
864,81,842,0,3
873,81,851,0,3
874,81,896,3,0
874,82,896,3,0
874,83,896,3,0
862,84,884,3,0
874,84,896,3,0
876,84,854,0,3
861,85,883,3,0
862,85,884,3,0
874,85,896,3,0
876,85,854,0,3
877,85,899,3,0
860,86,838,0,3
861,86,883,3,0
862,86,884,3,0
874,86,896,3,0
876,86,854,0,3
877,86,899,3,0
878,86,856,0,3
859,87,881,3,0
860,87,838,0,3
861,87,883,3,0
862,87,884,3,0
874,87,896,3,0
876,87,854,0,3
877,87,899,3,0
878,87,856,0,3
879,87,901,3,0
881,88,903,3,0
882,88,860,0,3
883,88,905,3,0
884,88,906,3,0
896,88,918,3,0
898,88,876,0,3
901,88,923,3,0
881,89,903,3,0
882,89,860,0,3
883,89,905,3,0
884,89,906,3,0
896,89,918,3,0
898,89,876,0,3
882,90,860,0,3
883,90,905,3,0
884,90,906,3,0
896,90,918,3,0
898,90,876,0,3
883,91,905,3,0
884,91,906,3,0
896,91,918,3,0
898,91,876,0,3
884,92,906,3,0
896,92,918,3,0
896,93,918,3,0
896,94,918,3,0
895,95,873,0,3
896,95,918,3,0
895,96,873,0,3
896,96,918,3,0
893,97,871,0,3
895,97,873,0,3
896,97,918,3,0
890,98,912,3,0
892,98,870,0,3
893,98,871,0,3
895,98,873,0,3
896,98,918,3,0
890,99,912,3,0
891,99,869,0,3
892,99,870,0,3
893,99,871,0,3
895,99,873,0,3
896,99,918,3,0
892,100,870,0,3
893,100,871,0,3
895,100,873,0,3
896,100,918,3,0
893,101,871,0,3
895,101,873,0,3
896,101,918,3,0
895,102,873,0,3
896,102,918,3,0
895,103,873,0,3
896,103,918,3,0
896,104,918,3,0
896,105,918,3,0
884,106,906,3,0
896,106,918,3,0
898,106,876,0,3
883,107,905,3,0
884,107,906,3,0
896,107,918,3,0
898,107,876,0,3
882,108,860,0,3
883,108,905,3,0
884,108,906,3,0
896,108,918,3,0
898,108,876,0,3
881,109,903,3,0
882,109,860,0,3
883,109,905,3,0
884,109,906,3,0
896,109,918,3,0
898,109,876,0,3
901,109,923,3,0
903,110,925,3,0
905,110,927,3,0
906,110,928,3,0
920,110,898,0,3
923,110,945,3,0
903,111,925,3,0
905,111,927,3,0
906,111,928,3,0
920,111,898,0,3
905,112,927,3,0
906,112,928,3,0
920,112,898,0,3
905,113,927,3,0
906,113,928,3,0
920,113,898,0,3
906,114,928,3,0
917,117,895,0,3
916,118,938,3,0
917,118,895,0,3
915,119,893,0,3
916,119,938,3,0
917,119,895,0,3
912,120,934,3,0
914,120,892,0,3
915,120,893,0,3
916,120,938,3,0
917,120,895,0,3
912,121,934,3,0
913,121,891,0,3
914,121,892,0,3
915,121,893,0,3
916,121,938,3,0
917,121,895,0,3
914,122,892,0,3
915,122,893,0,3
916,122,938,3,0
917,122,895,0,3
915,123,893,0,3
916,123,938,3,0
917,123,895,0,3
916,124,938,3,0
917,124,895,0,3
917,125,895,0,3
906,128,928,3,0
920,128,898,0,3
905,129,927,3,0
906,129,928,3,0
920,129,898,0,3
905,130,927,3,0
906,130,928,3,0
920,130,898,0,3
903,131,925,3,0
905,131,927,3,0
906,131,928,3,0
920,131,898,0,3
923,131,945,3,0
924,132,946,2,0
925,132,947,3,0
927,132,949,3,0
928,132,950,3,0
929,132,907,0,3
940,132,918,0,3
942,132,920,0,3
945,132,967,3,0
925,133,947,3,0
927,133,949,3,0
928,133,950,3,0
929,133,907,0,3
940,133,918,0,3
942,133,920,0,3
927,134,949,3,0
928,134,950,3,0
929,134,907,0,3
940,134,918,0,3
942,134,920,0,3
927,135,949,3,0
928,135,950,3,0
929,135,907,0,3
940,135,918,0,3
942,135,920,0,3
928,136,950,3,0
929,136,907,0,3
940,136,918,0,3
929,137,907,0,3
940,137,918,0,3
929,138,907,0,3
940,138,918,0,3
929,139,907,0,3
939,139,917,0,3
940,139,918,0,3
929,140,907,0,3
932,140,910,0,3
938,140,960,3,0
939,140,917,0,3
940,140,918,0,3
929,141,907,0,3
932,141,910,0,3
938,141,960,3,0
939,141,917,0,3
940,141,918,0,3
929,142,907,0,3
932,142,910,0,3
934,142,956,3,0
936,142,914,0,3
938,142,960,3,0
939,142,917,0,3
940,142,918,0,3
929,143,907,0,3
932,143,910,0,3
934,143,956,3,0
935,143,913,0,3
936,143,914,0,3
938,143,960,3,0
939,143,917,0,3
940,143,918,0,3
929,144,907,0,3
932,144,910,0,3
936,144,914,0,3
938,144,960,3,0
939,144,917,0,3
940,144,918,0,3
929,145,907,0,3
932,145,910,0,3
938,145,960,3,0
939,145,917,0,3
940,145,918,0,3
929,146,907,0,3
938,146,960,3,0
939,146,917,0,3
940,146,918,0,3
929,147,907,0,3
939,147,917,0,3
940,147,918,0,3
940,148,918,0,3
929,149,907,0,3
940,149,918,0,3
928,150,950,3,0
929,150,907,0,3
940,150,918,0,3
942,150,920,0,3
927,151,949,3,0
928,151,950,3,0
929,151,907,0,3
940,151,918,0,3
942,151,920,0,3
927,152,949,3,0
928,152,950,3,0
929,152,907,0,3
940,152,918,0,3
942,152,920,0,3
925,153,947,3,0
927,153,949,3,0
928,153,950,3,0
929,153,907,0,3
940,153,918,0,3
942,153,920,0,3
945,153,967,3,0
946,154,968,2,0
947,154,969,3,0
949,154,971,3,0
950,154,972,3,0
951,154,929,0,3
962,154,940,0,3
963,154,941,0,3
964,154,942,0,3
967,154,989,3,0
947,155,969,3,0
949,155,971,3,0
950,155,972,3,0
951,155,929,0,3
962,155,940,0,3
963,155,941,0,3
964,155,942,0,3
949,156,971,3,0
950,156,972,3,0
951,156,929,0,3
962,156,940,0,3
963,156,941,0,3
964,156,942,0,3
949,157,971,3,0
950,157,972,3,0
951,157,929,0,3
962,157,940,0,3
963,157,941,0,3
964,157,942,0,3
950,158,972,3,0
951,158,929,0,3
962,158,940,0,3
963,158,941,0,3
951,159,929,0,3
951,160,929,0,3
962,160,940,0,3
951,161,929,0,3
953,161,931,0,3
962,161,940,0,3
951,162,929,0,3
953,162,931,0,3
954,162,932,0,3
960,162,982,3,0
962,162,940,0,3
951,163,929,0,3
953,163,931,0,3
954,163,932,0,3
960,163,982,3,0
962,163,940,0,3
951,164,929,0,3
953,164,931,0,3
954,164,932,0,3
956,164,978,3,0
960,164,982,3,0
962,164,940,0,3
951,165,929,0,3
953,165,931,0,3
954,165,932,0,3
956,165,978,3,0
960,165,982,3,0
962,165,940,0,3
951,166,929,0,3
953,166,931,0,3
954,166,932,0,3
960,166,982,3,0
962,166,940,0,3
951,167,929,0,3
953,167,931,0,3
954,167,932,0,3
960,167,982,3,0
962,167,940,0,3
951,168,929,0,3
953,168,931,0,3
960,168,982,3,0
962,168,940,0,3
951,169,929,0,3
962,169,940,0,3
962,170,940,0,3
951,171,929,0,3
962,171,940,0,3
963,171,941,0,3
950,172,972,3,0
951,172,929,0,3
962,172,940,0,3
963,172,941,0,3
964,172,942,0,3
949,173,971,3,0
950,173,972,3,0
951,173,929,0,3
962,173,940,0,3
963,173,941,0,3
964,173,942,0,3
949,174,971,3,0
950,174,972,3,0
951,174,929,0,3
962,174,940,0,3
963,174,941,0,3
964,174,942,0,3
947,175,969,3,0
949,175,971,3,0
950,175,972,3,0
951,175,929,0,3
962,175,940,0,3
963,175,941,0,3
964,175,942,0,3
967,175,989,3,0
968,176,990,2,0
969,176,991,3,0
971,176,993,3,0
972,176,994,3,0
985,176,963,0,3
986,176,964,0,3
989,176,1011,3,0
969,177,991,3,0
971,177,993,3,0
972,177,994,3,0
985,177,963,0,3
986,177,964,0,3
971,178,993,3,0
972,178,994,3,0
985,178,963,0,3
986,178,964,0,3
971,179,993,3,0
972,179,994,3,0
985,179,963,0,3
986,179,964,0,3
972,180,994,3,0
985,180,963,0,3
975,183,953,0,3
975,184,953,0,3
976,184,954,0,3
982,184,1004,3,0
975,185,953,0,3
976,185,954,0,3
982,185,1004,3,0
975,186,953,0,3
976,186,954,0,3
980,186,1002,3,0
982,186,1004,3,0
975,187,953,0,3
976,187,954,0,3
980,187,1002,3,0
982,187,1004,3,0
975,188,953,0,3
976,188,954,0,3
980,188,1002,3,0
982,188,1004,3,0
975,189,953,0,3
976,189,954,0,3
982,189,1004,3,0
975,190,953,0,3
982,190,1004,3,0
985,193,963,0,3
972,194,994,3,0
985,194,963,0,3
986,194,964,0,3
971,195,993,3,0
972,195,994,3,0
985,195,963,0,3
986,195,964,0,3
971,196,993,3,0
972,196,994,3,0
985,196,963,0,3
986,196,964,0,3
969,197,991,3,0
971,197,993,3,0
972,197,994,3,0
985,197,963,0,3
986,197,964,0,3
989,197,1011,3,0
990,198,1012,2,0
993,198,1015,3,0
994,198,972,0,3
1007,198,985,0,3
1008,198,986,0,3
1011,198,1033,3,0
993,199,1015,3,0
994,199,972,0,3
1007,199,985,0,3
1008,199,986,0,3
993,200,1015,3,0
994,200,972,0,3
1007,200,985,0,3
1008,200,986,0,3
993,201,1015,3,0
994,201,972,0,3
1007,201,985,0,3
1008,201,986,0,3
994,202,972,0,3
1007,202,985,0,3
997,205,975,0,3
1005,205,983,0,3
997,206,975,0,3
998,206,976,0,3
1004,206,1026,3,0
1005,206,983,0,3
997,207,975,0,3
998,207,976,0,3
1004,207,1026,3,0
1005,207,983,0,3
997,208,975,0,3
998,208,976,0,3
1002,208,1024,3,0
1004,208,1026,3,0
1005,208,983,0,3
997,209,975,0,3
998,209,976,0,3
1002,209,1024,3,0
1004,209,1026,3,0
1005,209,983,0,3
997,210,975,0,3
998,210,976,0,3
1002,210,1024,3,0
1004,210,1026,3,0
1005,210,983,0,3
997,211,975,0,3
998,211,976,0,3
1004,211,1026,3,0
1005,211,983,0,3
997,212,975,0,3
1004,212,1026,3,0
1005,212,983,0,3
1005,213,983,0,3
1007,215,985,0,3
994,216,972,0,3
1007,216,985,0,3
1008,216,986,0,3
993,217,1015,3,0
994,217,972,0,3
1007,217,985,0,3
1008,217,986,0,3
993,218,1015,3,0
994,218,972,0,3
1007,218,985,0,3
1008,218,986,0,3
993,219,1015,3,0
994,219,972,0,3
1007,219,985,0,3
1008,219,986,0,3
1011,219,1033,3,0
1015,220,1037,3,0
1016,220,994,0,3
1029,220,1007,0,3
1030,220,1008,0,3
1031,220,1009,0,3
1033,220,1055,3,0
1015,221,1037,3,0
1016,221,994,0,3
1029,221,1007,0,3
1030,221,1008,0,3
1031,221,1009,0,3
1015,222,1037,3,0
1016,222,994,0,3
1029,222,1007,0,3
1030,222,1008,0,3
1031,222,1009,0,3
1015,223,1037,3,0
1016,223,994,0,3
1029,223,1007,0,3
1030,223,1008,0,3
1016,224,994,0,3
1029,224,1007,0,3
1018,226,1040,3,0
1018,227,1040,3,0
1019,227,997,0,3
1018,228,1040,3,0
1019,228,997,0,3
1020,228,998,0,3
1026,228,1048,3,0
1018,229,1040,3,0
1019,229,997,0,3
1020,229,998,0,3
1026,229,1048,3,0
1018,230,1040,3,0
1019,230,997,0,3
1020,230,998,0,3
1024,230,1046,3,0
1026,230,1048,3,0
1018,231,1040,3,0
1019,231,997,0,3
1020,231,998,0,3
1024,231,1046,3,0
1026,231,1048,3,0
1018,232,1040,3,0
1019,232,997,0,3
1020,232,998,0,3
1024,232,1046,3,0
1026,232,1048,3,0
1018,233,1040,3,0
1019,233,997,0,3
1020,233,998,0,3
1026,233,1048,3,0
1018,234,1040,3,0
1019,234,997,0,3
1026,234,1048,3,0
1018,235,1040,3,0
1029,237,1007,0,3
1016,238,994,0,3
1029,238,1007,0,3
1030,238,1008,0,3
1015,239,1037,3,0
1016,239,994,0,3
1029,239,1007,0,3
1030,239,1008,0,3
1031,239,1009,0,3
1015,240,1037,3,0
1016,240,994,0,3
1029,240,1007,0,3
1030,240,1008,0,3
1031,240,1009,0,3
1015,241,1037,3,0
1016,241,994,0,3
1029,241,1007,0,3
1030,241,1008,0,3
1031,241,1009,0,3
1033,241,1055,3,0
1037,242,1015,0,3
1038,242,1016,0,3
1051,242,1029,0,3
1052,242,1030,0,3
1053,242,1031,0,3
1055,242,1077,3,0
1037,243,1015,0,3
1038,243,1016,0,3
1051,243,1029,0,3
1052,243,1030,0,3
1053,243,1031,0,3
1037,244,1015,0,3
1038,244,1016,0,3
1051,244,1029,0,3
1052,244,1030,0,3
1053,244,1031,0,3
1037,245,1015,0,3
1038,245,1016,0,3
1051,245,1029,0,3
1052,245,1030,0,3
1038,246,1016,0,3
1051,246,1029,0,3
1040,248,1062,3,0
1040,249,1062,3,0
1041,249,1019,0,3
1040,250,1062,3,0
1041,250,1019,0,3
1042,250,1020,0,3
1048,250,1070,3,0
1040,251,1062,3,0
1041,251,1019,0,3
1042,251,1020,0,3
1048,251,1070,3,0
1040,252,1062,3,0
1041,252,1019,0,3
1042,252,1020,0,3
1046,252,1068,3,0
1048,252,1070,3,0
1040,253,1062,3,0
1041,253,1019,0,3
1042,253,1020,0,3
1046,253,1068,3,0
1048,253,1070,3,0
1040,254,1062,3,0
1041,254,1019,0,3
1042,254,1020,0,3
1046,254,1068,3,0
1048,254,1070,3,0
1040,255,1062,3,0
1041,255,1019,0,3
1042,255,1020,0,3
1048,255,1070,3,0
1040,256,1062,3,0
1041,256,1019,0,3
1048,256,1070,3,0
1040,257,1062,3,0
1051,259,1029,0,3
1038,260,1016,0,3
1051,260,1029,0,3
1052,260,1030,0,3
1037,261,1015,0,3
1038,261,1016,0,3
1051,261,1029,0,3
1052,261,1030,0,3
1053,261,1031,0,3
1037,262,1015,0,3
1038,262,1016,0,3
1051,262,1029,0,3
1052,262,1030,0,3
1053,262,1031,0,3
1037,263,1015,0,3
1038,263,1016,0,3
1051,263,1029,0,3
1052,263,1030,0,3
1053,263,1031,0,3
1055,263,1077,3,0
1056,264,1078,2,0
1059,264,1037,0,3
1060,264,1038,0,3
1061,264,1039,0,3
1073,264,1051,0,3
1074,264,1052,0,3
1075,264,1053,0,3
1077,264,1099,3,0
1059,265,1037,0,3
1060,265,1038,0,3
1061,265,1039,0,3
1073,265,1051,0,3
1074,265,1052,0,3
1075,265,1053,0,3
1059,266,1037,0,3
1060,266,1038,0,3
1061,266,1039,0,3
1073,266,1051,0,3
1074,266,1052,0,3
1075,266,1053,0,3
1059,267,1037,0,3
1060,267,1038,0,3
1061,267,1039,0,3
1073,267,1051,0,3
1074,267,1052,0,3
1060,268,1038,0,3
1061,268,1039,0,3
1073,268,1051,0,3
1061,269,1039,0,3
1061,270,1039,0,3
1062,270,1084,3,0
1061,271,1039,0,3
1062,271,1084,3,0
1061,272,1039,0,3
1062,272,1084,3,0
1064,272,1042,0,3
1070,272,1092,3,0
1061,273,1039,0,3
1062,273,1084,3,0
1064,273,1042,0,3
1065,273,1043,0,3
1070,273,1092,3,0
1061,274,1039,0,3
1062,274,1084,3,0
1064,274,1042,0,3
1065,274,1043,0,3
1066,274,1044,0,3
1070,274,1092,3,0
1061,275,1039,0,3
1062,275,1084,3,0
1064,275,1042,0,3
1065,275,1043,0,3
1066,275,1044,0,3
1070,275,1092,3,0
1061,276,1039,0,3
1062,276,1084,3,0
1064,276,1042,0,3
1065,276,1043,0,3
1070,276,1092,3,0
1061,277,1039,0,3
1062,277,1084,3,0
1064,277,1042,0,3
1070,277,1092,3,0
1061,278,1039,0,3
1062,278,1084,3,0
1070,278,1092,3,0
1061,279,1039,0,3
1062,279,1084,3,0
1061,281,1039,0,3
1073,281,1051,0,3
1060,282,1038,0,3
1061,282,1039,0,3
1073,282,1051,0,3
1074,282,1052,0,3
1059,283,1037,0,3
1060,283,1038,0,3
1061,283,1039,0,3
1073,283,1051,0,3
1074,283,1052,0,3
1075,283,1053,0,3
1059,284,1037,0,3
1060,284,1038,0,3
1061,284,1039,0,3
1073,284,1051,0,3
1074,284,1052,0,3
1075,284,1053,0,3
1059,285,1037,0,3
1060,285,1038,0,3
1061,285,1039,0,3
1073,285,1051,0,3
1074,285,1052,0,3
1075,285,1053,0,3
1077,285,1099,3,0
1078,286,1100,2,0
1080,286,1058,0,3
1081,286,1059,0,3
1082,286,1060,0,3
1083,286,1061,0,3
1095,286,1073,0,3
1097,286,1075,0,3
1099,286,1121,3,0
1080,287,1058,0,3
1081,287,1059,0,3
1082,287,1060,0,3
1083,287,1061,0,3
1095,287,1073,0,3
1097,287,1075,0,3
1080,288,1058,0,3
1081,288,1059,0,3
1082,288,1060,0,3
1083,288,1061,0,3
1095,288,1073,0,3
1097,288,1075,0,3
1081,289,1059,0,3
1082,289,1060,0,3
1083,289,1061,0,3
1095,289,1073,0,3
1082,290,1060,0,3
1083,290,1061,0,3
1095,290,1073,0,3
1083,291,1061,0,3
1083,292,1061,0,3
1084,292,1106,3,0
1083,293,1061,0,3
1084,293,1106,3,0
1083,294,1061,0,3
1084,294,1106,3,0
1086,294,1064,0,3
1092,294,1114,3,0
1083,295,1061,0,3
1084,295,1106,3,0
1086,295,1064,0,3
1087,295,1065,0,3
1092,295,1114,3,0
1083,296,1061,0,3
1084,296,1106,3,0
1086,296,1064,0,3
1087,296,1065,0,3
1088,296,1066,0,3
1092,296,1114,3,0
1083,297,1061,0,3
1084,297,1106,3,0
1086,297,1064,0,3
1087,297,1065,0,3
1088,297,1066,0,3
1092,297,1114,3,0
1083,298,1061,0,3
1084,298,1106,3,0
1086,298,1064,0,3
1087,298,1065,0,3
1092,298,1114,3,0
1083,299,1061,0,3
1084,299,1106,3,0
1086,299,1064,0,3
1092,299,1114,3,0
1083,300,1061,0,3
1084,300,1106,3,0
1092,300,1114,3,0
1083,301,1061,0,3
1084,301,1106,3,0
1083,303,1061,0,3
1095,303,1073,0,3
1082,304,1060,0,3
1083,304,1061,0,3
1095,304,1073,0,3
1081,305,1059,0,3
1082,305,1060,0,3
1083,305,1061,0,3
1095,305,1073,0,3
1097,305,1075,0,3
1080,306,1058,0,3
1081,306,1059,0,3
1082,306,1060,0,3
1083,306,1061,0,3
1095,306,1073,0,3
1097,306,1075,0,3
1080,307,1058,0,3
1081,307,1059,0,3
1082,307,1060,0,3
1083,307,1061,0,3
1095,307,1073,0,3
1097,307,1075,0,3
1099,307,1121,3,0
1100,308,1122,2,0
1102,308,1080,0,3
1103,308,1081,0,3
1104,308,1082,0,3
1105,308,1083,0,3
1117,308,1095,0,3
1119,308,1097,0,3
1121,308,1143,3,0
1102,309,1080,0,3
1103,309,1081,0,3
1104,309,1082,0,3
1105,309,1083,0,3
1117,309,1095,0,3
1119,309,1097,0,3
1102,310,1080,0,3
1103,310,1081,0,3
1104,310,1082,0,3
1105,310,1083,0,3
1117,310,1095,0,3
1119,310,1097,0,3
1103,311,1081,0,3
1104,311,1082,0,3
1105,311,1083,0,3
1117,311,1095,0,3
1104,312,1082,0,3
1105,312,1083,0,3
1117,312,1095,0,3
1105,313,1083,0,3
1105,314,1083,0,3
1106,314,1128,3,0
1105,315,1083,0,3
1106,315,1128,3,0
1105,316,1083,0,3
1106,316,1128,3,0
1114,316,1136,3,0
1105,317,1083,0,3
1106,317,1128,3,0
1109,317,1087,0,3
1114,317,1136,3,0
1105,318,1083,0,3
1106,318,1128,3,0
1109,318,1087,0,3
1110,318,1088,0,3
1114,318,1136,3,0
1105,319,1083,0,3
1106,319,1128,3,0
1109,319,1087,0,3
1110,319,1088,0,3
1114,319,1136,3,0
1105,320,1083,0,3
1106,320,1128,3,0
1109,320,1087,0,3
1114,320,1136,3,0
1105,321,1083,0,3
1106,321,1128,3,0
1114,321,1136,3,0
1105,322,1083,0,3
1106,322,1128,3,0
1114,322,1136,3,0
1105,323,1083,0,3
1106,323,1128,3,0
1105,325,1083,0,3
1117,325,1095,0,3
1104,326,1082,0,3
1105,326,1083,0,3
1117,326,1095,0,3
1103,327,1081,0,3
1104,327,1082,0,3
1105,327,1083,0,3
1117,327,1095,0,3
1119,327,1097,0,3
1102,328,1080,0,3
1103,328,1081,0,3
1104,328,1082,0,3
1105,328,1083,0,3
1117,328,1095,0,3
1119,328,1097,0,3
1102,329,1080,0,3
1103,329,1081,0,3
1104,329,1082,0,3
1105,329,1083,0,3
1117,329,1095,0,3
1119,329,1097,0,3
1121,329,1143,3,0
1122,330,1144,2,0
1124,330,1102,0,3
1125,330,1103,0,3
1126,330,1104,0,3
1127,330,1105,0,3
1139,330,1117,0,3
1141,330,1119,0,3
1143,330,1165,3,0
1124,331,1102,0,3
1125,331,1103,0,3
1126,331,1104,0,3
1127,331,1105,0,3
1139,331,1117,0,3
1141,331,1119,0,3
1124,332,1102,0,3
1125,332,1103,0,3
1126,332,1104,0,3
1127,332,1105,0,3
1139,332,1117,0,3
1141,332,1119,0,3
1125,333,1103,0,3
1126,333,1104,0,3
1127,333,1105,0,3
1139,333,1117,0,3
1126,334,1104,0,3
1127,334,1105,0,3
1139,334,1117,0,3
1127,335,1105,0,3
1127,336,1105,0,3
1128,336,1150,3,0
1127,337,1105,0,3
1128,337,1150,3,0
1127,338,1105,0,3
1128,338,1150,3,0
1136,338,1158,3,0
1127,339,1105,0,3
1128,339,1150,3,0
1131,339,1109,0,3
1136,339,1158,3,0
1127,340,1105,0,3
1128,340,1150,3,0
1131,340,1109,0,3
1136,340,1158,3,0
1127,341,1105,0,3
1128,341,1150,3,0
1131,341,1109,0,3
1136,341,1158,3,0
1127,342,1105,0,3
1128,342,1150,3,0
1131,342,1109,0,3
1136,342,1158,3,0
1127,343,1105,0,3
1128,343,1150,3,0
1136,343,1158,3,0
1127,344,1105,0,3
1128,344,1150,3,0
1136,344,1158,3,0
1127,345,1105,0,3
1128,345,1150,3,0
1127,347,1105,0,3
1139,347,1117,0,3
1126,348,1104,0,3
1127,348,1105,0,3
1139,348,1117,0,3
1125,349,1103,0,3
1126,349,1104,0,3
1127,349,1105,0,3
1139,349,1117,0,3
1141,349,1119,0,3
1124,350,1102,0,3
1125,350,1103,0,3
1126,350,1104,0,3
1127,350,1105,0,3
1139,350,1117,0,3
1141,350,1119,0,3
1124,351,1102,0,3
1125,351,1103,0,3
1126,351,1104,0,3
1127,351,1105,0,3
1139,351,1117,0,3
1141,351,1119,0,3
1143,351,1165,3,0
1144,352,1166,2,0
1146,352,1124,0,3
1147,352,1125,0,3
1148,352,1126,0,3
1149,352,1127,0,3
1161,352,1139,0,3
1163,352,1141,0,3
1165,352,1187,3,0
1146,353,1124,0,3
1147,353,1125,0,3
1148,353,1126,0,3
1149,353,1127,0,3
1161,353,1139,0,3
1163,353,1141,0,3
1146,354,1124,0,3
1147,354,1125,0,3
1148,354,1126,0,3
1149,354,1127,0,3
1161,354,1139,0,3
1163,354,1141,0,3
1147,355,1125,0,3
1148,355,1126,0,3
1149,355,1127,0,3
1161,355,1139,0,3
1148,356,1126,0,3
1149,356,1127,0,3
1161,356,1139,0,3
1149,357,1127,0,3
1149,358,1127,0,3
1150,358,1172,3,0
1149,359,1127,0,3
1150,359,1172,3,0
1149,360,1127,0,3
1150,360,1172,3,0
1152,360,1174,3,0
1158,360,1180,3,0
1149,361,1127,0,3
1150,361,1172,3,0
1152,361,1174,3,0
1153,361,1131,0,3
1158,361,1180,3,0
1149,362,1127,0,3
1150,362,1172,3,0
1152,362,1174,3,0
1153,362,1131,0,3
1154,362,1132,0,3
1158,362,1180,3,0
1149,363,1127,0,3
1150,363,1172,3,0
1152,363,1174,3,0
1153,363,1131,0,3
1154,363,1132,0,3
1158,363,1180,3,0
1149,364,1127,0,3
1150,364,1172,3,0
1152,364,1174,3,0
1153,364,1131,0,3
1158,364,1180,3,0
1149,365,1127,0,3
1150,365,1172,3,0
1152,365,1174,3,0
1158,365,1180,3,0
1149,366,1127,0,3
1150,366,1172,3,0
1158,366,1180,3,0
1149,367,1127,0,3
1150,367,1172,3,0
1149,369,1127,0,3
1161,369,1139,0,3
1148,370,1126,0,3
1149,370,1127,0,3
1161,370,1139,0,3
1147,371,1125,0,3
1148,371,1126,0,3
1149,371,1127,0,3
1161,371,1139,0,3
1163,371,1141,0,3
1146,372,1124,0,3
1147,372,1125,0,3
1148,372,1126,0,3
1149,372,1127,0,3
1161,372,1139,0,3
1163,372,1141,0,3
1146,373,1124,0,3
1147,373,1125,0,3
1148,373,1126,0,3
1149,373,1127,0,3
1161,373,1139,0,3
1163,373,1141,0,3
1165,373,1187,3,0
1166,374,1188,2,0
1168,374,1146,0,3
1169,374,1147,0,3
1170,374,1148,0,3
1171,374,1149,0,3
1185,374,1163,0,3
1187,374,1209,3,0
1168,375,1146,0,3
1169,375,1147,0,3
1170,375,1148,0,3
1171,375,1149,0,3
1185,375,1163,0,3
1168,376,1146,0,3
1169,376,1147,0,3
1170,376,1148,0,3
1171,376,1149,0,3
1185,376,1163,0,3
1169,377,1147,0,3
1170,377,1148,0,3
1171,377,1149,0,3
1170,378,1148,0,3
1171,378,1149,0,3
1171,379,1149,0,3
1171,380,1149,0,3
1172,380,1194,3,0
1171,381,1149,0,3
1172,381,1194,3,0
1171,382,1149,0,3
1172,382,1194,3,0
1180,382,1202,3,0
1171,383,1149,0,3
1172,383,1194,3,0
1175,383,1153,0,3
1180,383,1202,3,0
1171,384,1149,0,3
1172,384,1194,3,0
1175,384,1153,0,3
1176,384,1154,0,3
1180,384,1202,3,0
1171,385,1149,0,3
1172,385,1194,3,0
1175,385,1153,0,3
1176,385,1154,0,3
1180,385,1202,3,0
1171,386,1149,0,3
1172,386,1194,3,0
1175,386,1153,0,3
1180,386,1202,3,0
1171,387,1149,0,3
1172,387,1194,3,0
1180,387,1202,3,0
1171,388,1149,0,3
1172,388,1194,3,0
1180,388,1202,3,0
1171,389,1149,0,3
1172,389,1194,3,0
1171,391,1149,0,3
1170,392,1148,0,3
1171,392,1149,0,3
1169,393,1147,0,3
1170,393,1148,0,3
1171,393,1149,0,3
1185,393,1163,0,3
1168,394,1146,0,3
1169,394,1147,0,3
1170,394,1148,0,3
1171,394,1149,0,3
1185,394,1163,0,3
1168,395,1146,0,3
1169,395,1147,0,3
1170,395,1148,0,3
1171,395,1149,0,3
1185,395,1163,0,3
1187,395,1209,3,0
1188,396,1210,2,0
1190,396,1168,0,3
1191,396,1169,0,3
1193,396,1171,0,3
1206,396,1228,3,0
1207,396,1185,0,3
1209,396,1231,3,0
1190,397,1168,0,3
1191,397,1169,0,3
1193,397,1171,0,3
1206,397,1228,3,0
1207,397,1185,0,3
1190,398,1168,0,3
1191,398,1169,0,3
1193,398,1171,0,3
1206,398,1228,3,0
1207,398,1185,0,3
1191,399,1169,0,3
1193,399,1171,0,3
1206,399,1228,3,0
1193,400,1171,0,3
1193,401,1171,0,3
1193,402,1171,0,3
1194,402,1216,3,0
1193,403,1171,0,3
1194,403,1216,3,0
1193,404,1171,0,3
1194,404,1216,3,0
1202,404,1224,3,0
1193,405,1171,0,3
1194,405,1216,3,0
1197,405,1175,0,3
1202,405,1224,3,0
1193,406,1171,0,3
1194,406,1216,3,0
1197,406,1175,0,3
1202,406,1224,3,0
1193,407,1171,0,3
1194,407,1216,3,0
1197,407,1175,0,3
1202,407,1224,3,0
1193,408,1171,0,3
1194,408,1216,3,0
1197,408,1175,0,3
1202,408,1224,3,0
1193,409,1171,0,3
1194,409,1216,3,0
1202,409,1224,3,0
1193,410,1171,0,3
1194,410,1216,3,0
1202,410,1224,3,0
1193,411,1171,0,3
1194,411,1216,3,0
1193,413,1171,0,3
1193,414,1171,0,3
1206,414,1228,3,0
1191,415,1169,0,3
1193,415,1171,0,3
1206,415,1228,3,0
1207,415,1185,0,3
1190,416,1168,0,3
1191,416,1169,0,3
1193,416,1171,0,3
1206,416,1228,3,0
1207,416,1185,0,3
1190,417,1168,0,3
1191,417,1169,0,3
1193,417,1171,0,3
1206,417,1228,3,0
1207,417,1185,0,3
1209,417,1231,3,0
1210,418,1232,2,0
1212,418,1190,0,3
1213,418,1191,0,3
1215,418,1193,0,3
1228,418,1250,3,0
1229,418,1207,0,3
1231,418,1253,3,0
1212,419,1190,0,3
1213,419,1191,0,3
1215,419,1193,0,3
1228,419,1250,3,0
1229,419,1207,0,3
1212,420,1190,0,3
1213,420,1191,0,3
1215,420,1193,0,3
1228,420,1250,3,0
1229,420,1207,0,3
1213,421,1191,0,3
1215,421,1193,0,3
1228,421,1250,3,0
1215,422,1193,0,3
1215,423,1193,0,3
1215,424,1193,0,3
1216,424,1238,3,0
1215,425,1193,0,3
1216,425,1238,3,0
1215,426,1193,0,3
1216,426,1238,3,0
1224,426,1246,3,0
1215,427,1193,0,3
1216,427,1238,3,0
1219,427,1197,0,3
1224,427,1246,3,0
1215,428,1193,0,3
1216,428,1238,3,0
1219,428,1197,0,3
1224,428,1246,3,0
1215,429,1193,0,3
1216,429,1238,3,0
1219,429,1197,0,3
1224,429,1246,3,0
1215,430,1193,0,3
1216,430,1238,3,0
1219,430,1197,0,3
1224,430,1246,3,0
1215,431,1193,0,3
1216,431,1238,3,0
1224,431,1246,3,0
1215,432,1193,0,3
1216,432,1238,3,0
1224,432,1246,3,0
1215,433,1193,0,3
1216,433,1238,3,0
1215,435,1193,0,3
1215,436,1193,0,3
1228,436,1250,3,0
1213,437,1191,0,3
1215,437,1193,0,3
1228,437,1250,3,0
1229,437,1207,0,3
1212,438,1190,0,3
1213,438,1191,0,3
1215,438,1193,0,3
1228,438,1250,3,0
1229,438,1207,0,3
1212,439,1190,0,3
1213,439,1191,0,3
1215,439,1193,0,3
1228,439,1250,3,0
1229,439,1207,0,3
1231,439,1253,3,0
1232,440,1254,2,0
1234,440,1212,0,3
1235,440,1213,0,3
1250,440,1272,3,0
1251,440,1229,0,3
1253,440,1275,3,0
1234,441,1212,0,3
1235,441,1213,0,3
1250,441,1272,3,0
1251,441,1229,0,3
1234,442,1212,0,3
1235,442,1213,0,3
1250,442,1272,3,0
1251,442,1229,0,3
1235,443,1213,0,3
1250,443,1272,3,0
1238,446,1260,3,0
1238,447,1260,3,0
1238,448,1260,3,0
1246,448,1268,3,0
1238,449,1260,3,0
1241,449,1219,0,3
1246,449,1268,3,0
1238,450,1260,3,0
1241,450,1219,0,3
1246,450,1268,3,0
1238,451,1260,3,0
1241,451,1219,0,3
1246,451,1268,3,0
1238,452,1260,3,0
1241,452,1219,0,3
1246,452,1268,3,0
1238,453,1260,3,0
1246,453,1268,3,0
1238,454,1260,3,0
1246,454,1268,3,0
1238,455,1260,3,0
1250,458,1272,3,0
1235,459,1213,0,3
1250,459,1272,3,0
1251,459,1229,0,3
1234,460,1212,0,3
1235,460,1213,0,3
1250,460,1272,3,0
1251,460,1229,0,3
1234,461,1212,0,3
1235,461,1213,0,3
1250,461,1272,3,0
1251,461,1229,0,3
1253,461,1275,3,0
1254,462,1276,2,0
1256,462,1234,0,3
1257,462,1235,0,3
1272,462,1294,3,0
1273,462,1251,0,3
1275,462,1297,3,0
1256,463,1234,0,3
1257,463,1235,0,3
1272,463,1294,3,0
1273,463,1251,0,3
1256,464,1234,0,3
1257,464,1235,0,3
1272,464,1294,3,0
1273,464,1251,0,3
1257,465,1235,0,3
1272,465,1294,3,0
1260,468,1282,3,0
1260,469,1282,3,0
1260,470,1282,3,0
1262,470,1240,0,3
1268,470,1290,3,0
1260,471,1282,3,0
1262,471,1240,0,3
1263,471,1241,0,3
1268,471,1290,3,0
1260,472,1282,3,0
1262,472,1240,0,3
1263,472,1241,0,3
1268,472,1290,3,0
1260,473,1282,3,0
1262,473,1240,0,3
1263,473,1241,0,3
1268,473,1290,3,0
1260,474,1282,3,0
1262,474,1240,0,3
1263,474,1241,0,3
1268,474,1290,3,0
1260,475,1282,3,0
1262,475,1240,0,3
1268,475,1290,3,0
1260,476,1282,3,0
1268,476,1290,3,0
1260,477,1282,3,0
1272,480,1294,3,0
1257,481,1235,0,3
1272,481,1294,3,0
1273,481,1251,0,3
1256,482,1234,0,3
1257,482,1235,0,3
1272,482,1294,3,0
1273,482,1251,0,3
1256,483,1234,0,3
1257,483,1235,0,3
1272,483,1294,3,0
1273,483,1251,0,3
1275,483,1297,3,0
1276,484,1298,2,0
1278,484,1256,0,3
1279,484,1257,0,3
1295,484,1273,0,3
1297,484,1319,3,0
1278,485,1256,0,3
1279,485,1257,0,3
1295,485,1273,0,3
1278,486,1256,0,3
1279,486,1257,0,3
1295,486,1273,0,3
1279,487,1257,0,3
1282,490,1304,3,0
1282,491,1304,3,0
1282,492,1304,3,0
1284,492,1262,0,3
1290,492,1312,3,0
1282,493,1304,3,0
1284,493,1262,0,3
1285,493,1263,0,3
1290,493,1312,3,0
1282,494,1304,3,0
1284,494,1262,0,3
1285,494,1263,0,3
1290,494,1312,3,0
1282,495,1304,3,0
1284,495,1262,0,3
1285,495,1263,0,3
1290,495,1312,3,0
1282,496,1304,3,0
1284,496,1262,0,3
1285,496,1263,0,3
1290,496,1312,3,0
1282,497,1304,3,0
1284,497,1262,0,3
1290,497,1312,3,0
1282,498,1304,3,0
1290,498,1312,3,0
1282,499,1304,3,0
1279,503,1257,0,3
1295,503,1273,0,3
1278,504,1256,0,3
1279,504,1257,0,3
1295,504,1273,0,3
1278,505,1256,0,3
1279,505,1257,0,3
1295,505,1273,0,3
1297,505,1319,3,0
1298,506,1320,2,0
1300,506,1278,0,3
1301,506,1279,0,3
1302,506,1280,0,3
1315,506,1337,3,0
1316,506,1338,3,0
1317,506,1295,0,3
1319,506,1341,3,0
1300,507,1278,0,3
1301,507,1279,0,3
1302,507,1280,0,3
1315,507,1337,3,0
1316,507,1338,3,0
1317,507,1295,0,3
1300,508,1278,0,3
1301,508,1279,0,3
1302,508,1280,0,3
1315,508,1337,3,0
1316,508,1338,3,0
1317,508,1295,0,3
1301,509,1279,0,3
1302,509,1280,0,3
1315,509,1337,3,0
1316,509,1338,3,0
1302,510,1280,0,3
1315,510,1337,3,0
1304,512,1326,3,0
1304,513,1326,3,0
1304,514,1326,3,0
1306,514,1284,0,3
1312,514,1334,3,0
1304,515,1326,3,0
1306,515,1284,0,3
1307,515,1285,0,3
1312,515,1334,3,0
1304,516,1326,3,0
1306,516,1284,0,3
1307,516,1285,0,3
1312,516,1334,3,0
1304,517,1326,3,0
1306,517,1284,0,3
1307,517,1285,0,3
1312,517,1334,3,0
1304,518,1326,3,0
1306,518,1284,0,3
1307,518,1285,0,3
1312,518,1334,3,0
1304,519,1326,3,0
1306,519,1284,0,3
1312,519,1334,3,0
1304,520,1326,3,0
1312,520,1334,3,0
1304,521,1326,3,0
1315,523,1337,3,0
1302,524,1280,0,3
1315,524,1337,3,0
1316,524,1338,3,0
1301,525,1279,0,3
1302,525,1280,0,3
1315,525,1337,3,0
1316,525,1338,3,0
1317,525,1295,0,3
1300,526,1278,0,3
1301,526,1279,0,3
1302,526,1280,0,3
1315,526,1337,3,0
1316,526,1338,3,0
1317,526,1295,0,3
1300,527,1278,0,3
1301,527,1279,0,3
1302,527,1280,0,3
1315,527,1337,3,0
1316,527,1338,3,0
1317,527,1295,0,3
1319,527,1341,3,0
1320,528,1342,2,0
1322,528,1300,0,3
1323,528,1301,0,3
1324,528,1302,0,3
1337,528,1359,3,0
1339,528,1317,0,3
1341,528,1363,3,0
1322,529,1300,0,3
1323,529,1301,0,3
1324,529,1302,0,3
1337,529,1359,3,0
1339,529,1317,0,3
1322,530,1300,0,3
1323,530,1301,0,3
1324,530,1302,0,3
1337,530,1359,3,0
1339,530,1317,0,3
1323,531,1301,0,3
1324,531,1302,0,3
1337,531,1359,3,0
1324,532,1302,0,3
1337,532,1359,3,0
1326,534,1348,3,0
1326,535,1348,3,0
1326,536,1348,3,0
1328,536,1306,0,3
1326,537,1348,3,0
1328,537,1306,0,3
1329,537,1307,0,3
1326,538,1348,3,0
1328,538,1306,0,3
1329,538,1307,0,3
1326,539,1348,3,0
1328,539,1306,0,3
1329,539,1307,0,3
1326,540,1348,3,0
1328,540,1306,0,3
1329,540,1307,0,3
1326,541,1348,3,0
1328,541,1306,0,3
1326,542,1348,3,0
1326,543,1348,3,0
1337,545,1359,3,0
1324,546,1302,0,3
1337,546,1359,3,0
1323,547,1301,0,3
1324,547,1302,0,3
1337,547,1359,3,0
1339,547,1317,0,3
1322,548,1300,0,3
1323,548,1301,0,3
1324,548,1302,0,3
1337,548,1359,3,0
1339,548,1317,0,3
1322,549,1300,0,3
1323,549,1301,0,3
1324,549,1302,0,3
1337,549,1359,3,0
1339,549,1317,0,3
1341,549,1363,3,0
1342,550,1364,2,0
1344,550,1322,0,3
1345,550,1323,0,3
1346,550,1324,0,3
1359,550,1381,3,0
1361,550,1339,0,3
1363,550,1385,3,0
1344,551,1322,0,3
1345,551,1323,0,3
1346,551,1324,0,3
1359,551,1381,3,0
1361,551,1339,0,3
1344,552,1322,0,3
1345,552,1323,0,3
1346,552,1324,0,3
1359,552,1381,3,0
1361,552,1339,0,3
1345,553,1323,0,3
1346,553,1324,0,3
1359,553,1381,3,0
1346,554,1324,0,3
1359,554,1381,3,0
1348,556,1370,3,0
1348,557,1370,3,0
1348,558,1370,3,0
1348,559,1370,3,0
1351,559,1329,0,3
1348,560,1370,3,0
1351,560,1329,0,3
1348,561,1370,3,0
1351,561,1329,0,3
1348,562,1370,3,0
1351,562,1329,0,3
1348,563,1370,3,0
1348,564,1370,3,0
1348,565,1370,3,0
1359,567,1381,3,0
1346,568,1324,0,3
1359,568,1381,3,0
1345,569,1323,0,3
1346,569,1324,0,3
1359,569,1381,3,0
1361,569,1339,0,3
1344,570,1322,0,3
1345,570,1323,0,3
1346,570,1324,0,3
1359,570,1381,3,0
1361,570,1339,0,3
1344,571,1322,0,3
1345,571,1323,0,3
1346,571,1324,0,3
1359,571,1381,3,0
1361,571,1339,0,3
1363,571,1385,3,0
1364,572,1386,2,0
1366,572,1344,0,3
1367,572,1345,0,3
1368,572,1346,0,3
1381,572,1403,3,0
1383,572,1361,0,3
1385,572,1407,3,0
1366,573,1344,0,3
1367,573,1345,0,3
1368,573,1346,0,3
1381,573,1403,3,0
1383,573,1361,0,3
1366,574,1344,0,3
1367,574,1345,0,3
1368,574,1346,0,3
1381,574,1403,3,0
1383,574,1361,0,3
1367,575,1345,0,3
1368,575,1346,0,3
1381,575,1403,3,0
1368,576,1346,0,3
1381,576,1403,3,0
1370,578,1392,3,0
1370,579,1392,3,0
1370,580,1392,3,0
1370,581,1392,3,0
1373,581,1351,0,3
1370,582,1392,3,0
1373,582,1351,0,3
1370,583,1392,3,0
1373,583,1351,0,3
1370,584,1392,3,0
1373,584,1351,0,3
1370,585,1392,3,0
1370,586,1392,3,0
1370,587,1392,3,0
1381,589,1403,3,0
1368,590,1346,0,3
1381,590,1403,3,0
1367,591,1345,0,3
1368,591,1346,0,3
1381,591,1403,3,0
1383,591,1361,0,3
1366,592,1344,0,3
1367,592,1345,0,3
1368,592,1346,0,3
1381,592,1403,3,0
1383,592,1361,0,3
1366,593,1344,0,3
1367,593,1345,0,3
1368,593,1346,0,3
1381,593,1403,3,0
1383,593,1361,0,3
1385,593,1407,3,0
1386,594,1408,2,0
1389,594,1367,0,3
1390,594,1368,0,3
1403,594,1425,3,0
1404,594,1426,3,0
1405,594,1383,0,3
1407,594,1429,3,0
1389,595,1367,0,3
1390,595,1368,0,3
1403,595,1425,3,0
1404,595,1426,3,0
1405,595,1383,0,3
1389,596,1367,0,3
1390,596,1368,0,3
1403,596,1425,3,0
1404,596,1426,3,0
1405,596,1383,0,3
1389,597,1367,0,3
1390,597,1368,0,3
1403,597,1425,3,0
1404,597,1426,3,0
1390,598,1368,0,3
1403,598,1425,3,0
1392,600,1414,3,0
1392,601,1414,3,0
1401,601,1423,3,0
1392,602,1414,3,0
1401,602,1423,3,0
1392,603,1414,3,0
1395,603,1373,0,3
1401,603,1423,3,0
1392,604,1414,3,0
1395,604,1373,0,3
1401,604,1423,3,0
1392,605,1414,3,0
1395,605,1373,0,3
1401,605,1423,3,0
1392,606,1414,3,0
1395,606,1373,0,3
1401,606,1423,3,0
1392,607,1414,3,0
1401,607,1423,3,0
1392,608,1414,3,0
1401,608,1423,3,0
1392,609,1414,3,0
1401,609,1423,3,0
1403,611,1425,3,0
1390,612,1368,0,3
1403,612,1425,3,0
1404,612,1426,3,0
1389,613,1367,0,3
1390,613,1368,0,3
1403,613,1425,3,0
1404,613,1426,3,0
1405,613,1383,0,3
1389,614,1367,0,3
1390,614,1368,0,3
1403,614,1425,3,0
1404,614,1426,3,0
1405,614,1383,0,3
1389,615,1367,0,3
1390,615,1368,0,3
1403,615,1425,3,0
1404,615,1426,3,0
1405,615,1383,0,3
1407,615,1429,3,0
1408,616,1430,2,0
1411,616,1389,0,3
1412,616,1390,0,3
1425,616,1447,3,0
1426,616,1448,3,0
1427,616,1405,0,3
1429,616,1451,3,0
1411,617,1389,0,3
1412,617,1390,0,3
1425,617,1447,3,0
1426,617,1448,3,0
1427,617,1405,0,3
1411,618,1389,0,3
1412,618,1390,0,3
1425,618,1447,3,0
1426,618,1448,3,0
1427,618,1405,0,3
1411,619,1389,0,3
1412,619,1390,0,3
1425,619,1447,3,0
1426,619,1448,3,0
1412,620,1390,0,3
1425,620,1447,3,0
1414,622,1436,3,0
1414,623,1436,3,0
1423,623,1445,3,0
1414,624,1436,3,0
1423,624,1445,3,0
1414,625,1436,3,0
1417,625,1395,0,3
1423,625,1445,3,0
1414,626,1436,3,0
1417,626,1395,0,3
1423,626,1445,3,0
1414,627,1436,3,0
1417,627,1395,0,3
1423,627,1445,3,0
1414,628,1436,3,0
1417,628,1395,0,3
1423,628,1445,3,0
1414,629,1436,3,0
1423,629,1445,3,0
1414,630,1436,3,0
1423,630,1445,3,0
1414,631,1436,3,0
1423,631,1445,3,0
1425,633,1447,3,0
1412,634,1390,0,3
1425,634,1447,3,0
1426,634,1448,3,0
1411,635,1389,0,3
1412,635,1390,0,3
1425,635,1447,3,0
1426,635,1448,3,0
1427,635,1405,0,3
1411,636,1389,0,3
1412,636,1390,0,3
1425,636,1447,3,0
1426,636,1448,3,0
1427,636,1405,0,3
1411,637,1389,0,3
1412,637,1390,0,3
1425,637,1447,3,0
1426,637,1448,3,0
1427,637,1405,0,3
1429,637,1451,3,0
1430,638,1452,2,0
1433,638,1411,0,3
1434,638,1412,0,3
1447,638,1469,3,0
1448,638,1470,3,0
1449,638,1427,0,3
1451,638,1473,3,0
1433,639,1411,0,3
1434,639,1412,0,3
1447,639,1469,3,0
1448,639,1470,3,0
1449,639,1427,0,3
1433,640,1411,0,3
1434,640,1412,0,3
1447,640,1469,3,0
1448,640,1470,3,0
1449,640,1427,0,3
1433,641,1411,0,3
1434,641,1412,0,3
1447,641,1469,3,0
1448,641,1470,3,0
1434,642,1412,0,3
1447,642,1469,3,0
1436,644,1458,3,0
1436,645,1458,3,0
1445,645,1467,3,0
1436,646,1458,3,0
1445,646,1467,3,0
1436,647,1458,3,0
1439,647,1417,0,3
1445,647,1467,3,0
1436,648,1458,3,0
1439,648,1417,0,3
1445,648,1467,3,0
1436,649,1458,3,0
1439,649,1417,0,3
1445,649,1467,3,0
1436,650,1458,3,0
1439,650,1417,0,3
1445,650,1467,3,0
1436,651,1458,3,0
1445,651,1467,3,0
1436,652,1458,3,0
1445,652,1467,3,0
1436,653,1458,3,0
1445,653,1467,3,0
1447,655,1469,3,0
1434,656,1412,0,3
1447,656,1469,3,0
1448,656,1470,3,0
1433,657,1411,0,3
1434,657,1412,0,3
1447,657,1469,3,0
1448,657,1470,3,0
1449,657,1427,0,3
1433,658,1411,0,3
1434,658,1412,0,3
1447,658,1469,3,0
1448,658,1470,3,0
1449,658,1427,0,3
1433,659,1411,0,3
1434,659,1412,0,3
1447,659,1469,3,0
1448,659,1470,3,0
1449,659,1427,0,3
1451,659,1473,3,0
1452,660,1474,2,0
1454,660,1432,0,3
1455,660,1433,0,3
1456,660,1434,0,3
1469,660,1491,3,0
1470,660,1492,3,0
1471,660,1449,0,3
1473,660,1495,3,0
1454,661,1432,0,3
1455,661,1433,0,3
1456,661,1434,0,3
1469,661,1491,3,0
1470,661,1492,3,0
1471,661,1449,0,3
1454,662,1432,0,3
1455,662,1433,0,3
1456,662,1434,0,3
1469,662,1491,3,0
1470,662,1492,3,0
1471,662,1449,0,3
1455,663,1433,0,3
1456,663,1434,0,3
1469,663,1491,3,0
1470,663,1492,3,0
1456,664,1434,0,3
1469,664,1491,3,0
1458,666,1480,3,0
1458,667,1480,3,0
1467,667,1489,3,0
1458,668,1480,3,0
1467,668,1489,3,0
1458,669,1480,3,0
1461,669,1439,0,3
1467,669,1489,3,0
1458,670,1480,3,0
1461,670,1439,0,3
1462,670,1440,0,3
1467,670,1489,3,0
1458,671,1480,3,0
1461,671,1439,0,3
1462,671,1440,0,3
1467,671,1489,3,0
1458,672,1480,3,0
1461,672,1439,0,3
1467,672,1489,3,0
1458,673,1480,3,0
1467,673,1489,3,0
1458,674,1480,3,0
1467,674,1489,3,0
1458,675,1480,3,0
1467,675,1489,3,0
1469,677,1491,3,0
1456,678,1434,0,3
1469,678,1491,3,0
1470,678,1492,3,0
1455,679,1433,0,3
1456,679,1434,0,3
1469,679,1491,3,0
1470,679,1492,3,0
1471,679,1449,0,3
1454,680,1432,0,3
1455,680,1433,0,3
1456,680,1434,0,3
1469,680,1491,3,0
1470,680,1492,3,0
1471,680,1449,0,3
1454,681,1432,0,3
1455,681,1433,0,3
1456,681,1434,0,3
1469,681,1491,3,0
1470,681,1492,3,0
1471,681,1449,0,3
1473,681,1495,3,0
1474,682,1496,2,0
1476,682,1454,0,3
1477,682,1455,0,3
1491,682,1513,3,0
1492,682,1514,3,0
1493,682,1471,0,3
1495,682,1517,3,0
1476,683,1454,0,3
1477,683,1455,0,3
1491,683,1513,3,0
1492,683,1514,3,0
1493,683,1471,0,3
1476,684,1454,0,3
1477,684,1455,0,3
1491,684,1513,3,0
1492,684,1514,3,0
1493,684,1471,0,3
1477,685,1455,0,3
1491,685,1513,3,0
1492,685,1514,3,0
1491,686,1513,3,0
1480,688,1502,3,0
1480,689,1502,3,0
1489,689,1511,3,0
1480,690,1502,3,0
1489,690,1511,3,0
1480,691,1502,3,0
1483,691,1461,0,3
1489,691,1511,3,0
1480,692,1502,3,0
1483,692,1461,0,3
1484,692,1462,0,3
1489,692,1511,3,0
1480,693,1502,3,0
1483,693,1461,0,3
1484,693,1462,0,3
1489,693,1511,3,0
1480,694,1502,3,0
1483,694,1461,0,3
1489,694,1511,3,0
1480,695,1502,3,0
1489,695,1511,3,0
1480,696,1502,3,0
1489,696,1511,3,0
1480,697,1502,3,0
1489,697,1511,3,0
1491,699,1513,3,0
1491,700,1513,3,0
1492,700,1514,3,0
1477,701,1455,0,3
1491,701,1513,3,0
1492,701,1514,3,0
1493,701,1471,0,3
1476,702,1454,0,3
1477,702,1455,0,3
1491,702,1513,3,0
1492,702,1514,3,0
1493,702,1471,0,3
1476,703,1454,0,3
1477,703,1455,0,3
1491,703,1513,3,0
1492,703,1514,3,0
1493,703,1471,0,3
1495,703,1517,3,0
1496,704,1518,2,0
1499,704,1477,0,3
1515,704,1493,0,3
1499,705,1477,0,3
1515,705,1493,0,3
1499,706,1477,0,3
1515,706,1493,0,3
1499,707,1477,0,3
1502,710,1524,3,0
1502,711,1524,3,0
1503,711,1481,0,3
1511,711,1533,3,0
1502,712,1524,3,0
1503,712,1481,0,3
1511,712,1533,3,0
1502,713,1524,3,0
1503,713,1481,0,3
1505,713,1483,0,3
1511,713,1533,3,0
1502,714,1524,3,0
1503,714,1481,0,3
1505,714,1483,0,3
1506,714,1484,0,3
1511,714,1533,3,0
1502,715,1524,3,0
1503,715,1481,0,3
1505,715,1483,0,3
1506,715,1484,0,3
1511,715,1533,3,0
1502,716,1524,3,0
1503,716,1481,0,3
1505,716,1483,0,3
1511,716,1533,3,0
1502,717,1524,3,0
1503,717,1481,0,3
1511,717,1533,3,0
1502,718,1524,3,0
1503,718,1481,0,3
1511,718,1533,3,0
1502,719,1524,3,0
1511,719,1533,3,0
1499,723,1477,0,3
1515,723,1493,0,3
1499,724,1477,0,3
1515,724,1493,0,3
1499,725,1477,0,3
1515,725,1493,0,3
1521,726,1499,0,3
1534,726,1556,3,0
1535,726,1557,3,0
1537,726,1515,0,3
1538,726,1516,0,3
1539,726,1561,3,0
1521,727,1499,0,3
1534,727,1556,3,0
1535,727,1557,3,0
1537,727,1515,0,3
1538,727,1516,0,3
1521,728,1499,0,3
1534,728,1556,3,0
1535,728,1557,3,0
1537,728,1515,0,3
1521,729,1499,0,3
1534,729,1556,3,0
1535,729,1557,3,0
1534,730,1556,3,0
1535,730,1557,3,0
1524,732,1546,3,0
1534,732,1556,3,0
1524,733,1546,3,0
1533,733,1555,3,0
1534,733,1556,3,0
1524,734,1546,3,0
1533,734,1555,3,0
1534,734,1556,3,0
1524,735,1546,3,0
1527,735,1505,0,3
1531,735,1509,0,3
1533,735,1555,3,0
1534,735,1556,3,0
1524,736,1546,3,0
1527,736,1505,0,3
1531,736,1509,0,3
1533,736,1555,3,0
1534,736,1556,3,0
1524,737,1546,3,0
1527,737,1505,0,3
1531,737,1509,0,3
1533,737,1555,3,0
1534,737,1556,3,0
1524,738,1546,3,0
1527,738,1505,0,3
1531,738,1509,0,3
1533,738,1555,3,0
1534,738,1556,3,0
1524,739,1546,3,0
1531,739,1509,0,3
1533,739,1555,3,0
1534,739,1556,3,0
1524,740,1546,3,0
1533,740,1555,3,0
1534,740,1556,3,0
1524,741,1546,3,0
1533,741,1555,3,0
1534,741,1556,3,0
1534,742,1556,3,0
1534,743,1556,3,0
1535,743,1557,3,0
1534,744,1556,3,0
1535,744,1557,3,0
1521,745,1499,0,3
1534,745,1556,3,0
1535,745,1557,3,0
1537,745,1515,0,3
1521,746,1499,0,3
1534,746,1556,3,0
1535,746,1557,3,0
1537,746,1515,0,3
1538,746,1516,0,3
1521,747,1499,0,3
1534,747,1556,3,0
1535,747,1557,3,0
1537,747,1515,0,3
1538,747,1516,0,3
1539,747,1561,3,0
1543,748,1521,0,3
1556,748,1578,3,0
1557,748,1579,3,0
1559,748,1537,0,3
1560,748,1538,0,3
1543,749,1521,0,3
1556,749,1578,3,0
1557,749,1579,3,0
1559,749,1537,0,3
1560,749,1538,0,3
1543,750,1521,0,3
1556,750,1578,3,0
1557,750,1579,3,0
1559,750,1537,0,3
1543,751,1521,0,3
1556,751,1578,3,0
1557,751,1579,3,0
1556,752,1578,3,0
1557,752,1579,3,0
1556,753,1578,3,0
1546,754,1568,3,0
1556,754,1578,3,0
1546,755,1568,3,0
1555,755,1577,3,0
1556,755,1578,3,0
1546,756,1568,3,0
1548,756,1570,3,0
1555,756,1577,3,0
1556,756,1578,3,0
1546,757,1568,3,0
1548,757,1570,3,0
1549,757,1527,0,3
1553,757,1531,0,3
1555,757,1577,3,0
1556,757,1578,3,0
1546,758,1568,3,0
1548,758,1570,3,0
1549,758,1527,0,3
1550,758,1528,0,3
1553,758,1531,0,3
1555,758,1577,3,0
1556,758,1578,3,0
1546,759,1568,3,0
1548,759,1570,3,0
1549,759,1527,0,3
1550,759,1528,0,3
1553,759,1531,0,3
1555,759,1577,3,0
1556,759,1578,3,0
1546,760,1568,3,0
1548,760,1570,3,0
1549,760,1527,0,3
1553,760,1531,0,3
1555,760,1577,3,0
1556,760,1578,3,0
1546,761,1568,3,0
1548,761,1570,3,0
1553,761,1531,0,3
1555,761,1577,3,0
1556,761,1578,3,0
1546,762,1568,3,0
1555,762,1577,3,0
1556,762,1578,3,0
1546,763,1568,3,0
1555,763,1577,3,0
1556,763,1578,3,0
1556,764,1578,3,0
1556,765,1578,3,0
1557,765,1579,3,0
1556,766,1578,3,0
1557,766,1579,3,0
1543,767,1521,0,3
1556,767,1578,3,0
1557,767,1579,3,0
1559,767,1537,0,3
1543,768,1521,0,3
1556,768,1578,3,0
1557,768,1579,3,0
1559,768,1537,0,3
1560,768,1538,0,3
1543,769,1521,0,3
1556,769,1578,3,0
1557,769,1579,3,0
1559,769,1537,0,3
1560,769,1538,0,3
1565,770,1543,0,3
1566,770,1544,0,3
1580,770,18,3,3
1581,770,1559,0,3
1565,771,1543,0,3
1566,771,1544,0,3
1580,771,18,3,3
1581,771,1559,0,3
1565,772,1543,0,3
1566,772,1544,0,3
1580,772,18,3,3
1581,772,1559,0,3
1565,773,1543,0,3
1566,773,1544,0,3
1580,773,18,3,3
1566,774,1544,0,3
1568,776,6,3,3
1568,777,6,3,3
1577,777,15,3,3
1568,778,6,3,3
1577,778,15,3,3
1568,779,6,3,3
1571,779,1549,0,3
1575,779,1553,0,3
1577,779,15,3,3
1568,780,6,3,3
1571,780,1549,0,3
1572,780,1550,0,3
1575,780,1553,0,3
1577,780,15,3,3
1568,781,6,3,3
1571,781,1549,0,3
1572,781,1550,0,3
1575,781,1553,0,3
1577,781,15,3,3
1568,782,6,3,3
1571,782,1549,0,3
1575,782,1553,0,3
1577,782,15,3,3
1568,783,6,3,3
1575,783,1553,0,3
1577,783,15,3,3
1568,784,6,3,3
1577,784,15,3,3
1568,785,6,3,3
1577,785,15,3,3
1566,788,1544,0,3
1580,788,18,3,3
1565,789,1543,0,3
1566,789,1544,0,3
1580,789,18,3,3
1581,789,1559,0,3
1565,790,1543,0,3
1566,790,1544,0,3
1580,790,18,3,3
1581,790,1559,0,3
1565,791,1543,0,3
1566,791,1544,0,3
1580,791,18,3,3
1581,791,1559,0,3
3,792,1565,3,3
4,792,1566,3,3
16,792,1578,3,3
18,792,40,2,0
19,792,1581,3,3
3,793,1565,3,3
4,793,1566,3,3
16,793,1578,3,3
18,793,40,2,0
19,793,1581,3,3
3,794,1565,3,3
4,794,1566,3,3
16,794,1578,3,3
18,794,40,2,0
19,794,1581,3,3
3,795,1565,3,3
4,795,1566,3,3
16,795,1578,3,3
18,795,40,2,0
4,796,1566,3,3
16,796,1578,3,3
16,797,1578,3,3
6,798,28,2,0
16,798,1578,3,3
6,799,28,2,0
15,799,37,2,0
16,799,1578,3,3
6,800,28,2,0
8,800,30,2,0
15,800,37,2,0
16,800,1578,3,3
6,801,28,2,0
8,801,30,2,0
9,801,1571,3,3
13,801,1575,3,3
15,801,37,2,0
16,801,1578,3,3
6,802,28,2,0
8,802,30,2,0
9,802,1571,3,3
10,802,1572,3,3
12,802,34,2,0
13,802,1575,3,3
15,802,37,2,0
16,802,1578,3,3
6,803,28,2,0
8,803,30,2,0
9,803,1571,3,3
10,803,1572,3,3
11,803,33,2,0
12,803,34,2,0
13,803,1575,3,3
15,803,37,2,0
16,803,1578,3,3
6,804,28,2,0
8,804,30,2,0
9,804,1571,3,3
12,804,34,2,0
13,804,1575,3,3
15,804,37,2,0
16,804,1578,3,3
6,805,28,2,0
8,805,30,2,0
13,805,1575,3,3
15,805,37,2,0
16,805,1578,3,3
6,806,28,2,0
15,806,37,2,0
16,806,1578,3,3
6,807,28,2,0
15,807,37,2,0
16,807,1578,3,3
16,808,1578,3,3
16,809,1578,3,3
4,810,1566,3,3
16,810,1578,3,3
18,810,40,2,0
3,811,1565,3,3
4,811,1566,3,3
16,811,1578,3,3
18,811,40,2,0
19,811,1581,3,3
3,812,1565,3,3
4,812,1566,3,3
16,812,1578,3,3
18,812,40,2,0
19,812,1581,3,3
3,813,1565,3,3
4,813,1566,3,3
16,813,1578,3,3
18,813,40,2,0
19,813,1581,3,3
25,814,3,0,2
26,814,4,0,2
38,814,16,0,2
40,814,62,3,0
41,814,19,0,2
42,814,20,0,2
43,814,21,0,2
25,815,3,0,2
26,815,4,0,2
38,815,16,0,2
40,815,62,3,0
41,815,19,0,2
42,815,20,0,2
25,816,3,0,2
26,816,4,0,2
38,816,16,0,2
40,816,62,3,0
41,816,19,0,2
25,817,3,0,2
26,817,4,0,2
38,817,16,0,2
40,817,62,3,0
26,818,4,0,2
38,818,16,0,2
28,820,50,3,0
38,820,16,0,2
28,821,50,3,0
37,821,59,3,0
38,821,16,0,2
28,822,50,3,0
30,822,52,3,0
37,822,59,3,0
38,822,16,0,2
28,823,50,3,0
30,823,52,3,0
31,823,9,0,2
35,823,13,0,2
37,823,59,3,0
38,823,16,0,2
28,824,50,3,0
30,824,52,3,0
31,824,9,0,2
34,824,56,3,0
35,824,13,0,2
37,824,59,3,0
38,824,16,0,2
28,825,50,3,0
30,825,52,3,0
31,825,9,0,2
33,825,55,3,0
34,825,56,3,0
35,825,13,0,2
37,825,59,3,0
38,825,16,0,2
28,826,50,3,0
30,826,52,3,0
31,826,9,0,2
34,826,56,3,0
35,826,13,0,2
37,826,59,3,0
38,826,16,0,2
28,827,50,3,0
30,827,52,3,0
35,827,13,0,2
37,827,59,3,0
38,827,16,0,2
28,828,50,3,0
37,828,59,3,0
38,828,16,0,2
28,829,50,3,0
37,829,59,3,0
38,829,16,0,2
38,830,16,0,2
38,831,16,0,2
26,832,4,0,2
38,832,16,0,2
40,832,62,3,0
25,833,3,0,2
26,833,4,0,2
38,833,16,0,2
40,833,62,3,0
41,833,19,0,2
25,834,3,0,2
26,834,4,0,2
38,834,16,0,2
40,834,62,3,0
41,834,19,0,2
42,834,20,0,2
25,835,3,0,2
26,835,4,0,2
38,835,16,0,2
40,835,62,3,0
41,835,19,0,2
42,835,20,0,2
43,835,21,0,2
45,836,23,0,3
47,836,25,0,3
48,836,26,0,3
60,836,38,0,3
62,836,84,3,0
63,836,41,0,3
64,836,86,3,0
65,836,43,0,3
45,837,23,0,3
47,837,25,0,3
48,837,26,0,3
60,837,38,0,3
62,837,84,3,0
63,837,41,0,3
64,837,86,3,0
47,838,25,0,3
48,838,26,0,3
60,838,38,0,3
62,838,84,3,0
63,838,41,0,3
47,839,25,0,3
48,839,26,0,3
60,839,38,0,3
62,839,84,3,0
48,840,26,0,3
60,840,38,0,3
60,841,38,0,3
50,842,72,3,0
60,842,38,0,3
50,843,72,3,0
59,843,81,3,0
60,843,38,0,3
50,844,72,3,0
52,844,74,3,0
59,844,81,3,0
60,844,38,0,3
50,845,72,3,0
52,845,74,3,0
53,845,31,0,3
57,845,35,0,3
59,845,81,3,0
60,845,38,0,3
50,846,72,3,0
52,846,74,3,0
53,846,31,0,3
56,846,78,3,0
57,846,35,0,3
59,846,81,3,0
60,846,38,0,3
50,847,72,3,0
52,847,74,3,0
53,847,31,0,3
55,847,77,3,0
56,847,78,3,0
57,847,35,0,3
59,847,81,3,0
60,847,38,0,3
50,848,72,3,0
52,848,74,3,0
53,848,31,0,3
56,848,78,3,0
57,848,35,0,3
59,848,81,3,0
60,848,38,0,3
50,849,72,3,0
52,849,74,3,0
57,849,35,0,3
59,849,81,3,0
60,849,38,0,3
50,850,72,3,0
59,850,81,3,0
60,850,38,0,3
50,851,72,3,0
59,851,81,3,0
60,851,38,0,3
60,852,38,0,3
60,853,38,0,3
48,854,26,0,3
60,854,38,0,3
62,854,84,3,0
47,855,25,0,3
48,855,26,0,3
60,855,38,0,3
62,855,84,3,0
63,855,41,0,3
47,856,25,0,3
48,856,26,0,3
60,856,38,0,3
62,856,84,3,0
63,856,41,0,3
64,856,86,3,0
45,857,23,0,3
47,857,25,0,3
48,857,26,0,3
60,857,38,0,3
62,857,84,3,0
63,857,41,0,3
64,857,86,3,0
65,857,43,0,3
67,858,45,0,3
68,858,90,3,0
69,858,47,0,3
70,858,48,0,3
82,858,60,0,3
84,858,106,3,0
85,858,63,0,3
86,858,108,3,0
87,858,65,0,3
67,859,45,0,3
68,859,90,3,0
69,859,47,0,3
70,859,48,0,3
82,859,60,0,3
84,859,106,3,0
85,859,63,0,3
86,859,108,3,0
68,860,90,3,0
69,860,47,0,3
70,860,48,0,3
82,860,60,0,3
84,860,106,3,0
85,860,63,0,3
69,861,47,0,3
70,861,48,0,3
82,861,60,0,3
84,861,106,3,0
70,862,48,0,3
82,862,60,0,3
72,864,94,3,0
82,864,60,0,3
72,865,94,3,0
81,865,103,3,0
82,865,60,0,3
72,866,94,3,0
74,866,96,3,0
81,866,103,3,0
82,866,60,0,3
72,867,94,3,0
74,867,96,3,0
79,867,101,3,0
81,867,103,3,0
82,867,60,0,3
72,868,94,3,0
74,868,96,3,0
76,868,54,0,3
78,868,100,3,0
79,868,101,3,0
81,868,103,3,0
82,868,60,0,3
72,869,94,3,0
74,869,96,3,0
76,869,54,0,3
78,869,100,3,0
79,869,101,3,0
81,869,103,3,0
82,869,60,0,3
72,870,94,3,0
74,870,96,3,0
78,870,100,3,0
79,870,101,3,0
81,870,103,3,0
82,870,60,0,3
72,871,94,3,0
74,871,96,3,0
79,871,101,3,0
81,871,103,3,0
82,871,60,0,3
72,872,94,3,0
81,872,103,3,0
82,872,60,0,3
72,873,94,3,0
81,873,103,3,0
82,873,60,0,3
82,874,60,0,3
82,875,60,0,3
70,876,48,0,3
82,876,60,0,3
84,876,106,3,0
69,877,47,0,3
70,877,48,0,3
82,877,60,0,3
84,877,106,3,0
85,877,63,0,3
68,878,90,3,0
69,878,47,0,3
70,878,48,0,3
82,878,60,0,3
84,878,106,3,0
85,878,63,0,3
86,878,108,3,0
67,879,45,0,3
68,879,90,3,0
69,879,47,0,3
70,879,48,0,3
82,879,60,0,3
84,879,106,3,0
85,879,63,0,3
86,879,108,3,0
87,879,65,0,3
89,880,67,0,3
90,880,112,3,0
91,880,69,0,3
92,880,70,0,3
104,880,82,0,3
106,880,128,3,0
109,880,87,0,3
89,881,67,0,3
90,881,112,3,0
91,881,69,0,3
92,881,70,0,3
104,881,82,0,3
106,881,128,3,0
90,882,112,3,0
91,882,69,0,3
92,882,70,0,3
104,882,82,0,3
106,882,128,3,0
91,883,69,0,3
92,883,70,0,3
104,883,82,0,3
106,883,128,3,0
92,884,70,0,3
104,884,82,0,3
104,885,82,0,3
104,886,82,0,3
103,887,125,3,0
104,887,82,0,3
103,888,125,3,0
104,888,82,0,3
101,889,123,3,0
103,889,125,3,0
104,889,82,0,3
98,890,76,0,3
100,890,122,3,0
101,890,123,3,0
103,890,125,3,0
104,890,82,0,3
98,891,76,0,3
99,891,121,3,0
100,891,122,3,0
101,891,123,3,0
103,891,125,3,0
104,891,82,0,3
100,892,122,3,0
101,892,123,3,0
103,892,125,3,0
104,892,82,0,3
101,893,123,3,0
103,893,125,3,0
104,893,82,0,3
103,894,125,3,0
104,894,82,0,3
103,895,125,3,0
104,895,82,0,3
104,896,82,0,3
104,897,82,0,3
92,898,70,0,3
104,898,82,0,3
106,898,128,3,0
91,899,69,0,3
92,899,70,0,3
104,899,82,0,3
106,899,128,3,0
90,900,112,3,0
91,900,69,0,3
92,900,70,0,3
104,900,82,0,3
106,900,128,3,0
89,901,67,0,3
90,901,112,3,0
91,901,69,0,3
92,901,70,0,3
104,901,82,0,3
106,901,128,3,0
109,901,87,0,3
111,902,89,0,3
113,902,91,0,3
114,902,92,0,3
128,902,150,3,0
131,902,109,0,3
111,903,89,0,3
113,903,91,0,3
114,903,92,0,3
128,903,150,3,0
113,904,91,0,3
114,904,92,0,3
128,904,150,3,0
113,905,91,0,3
114,905,92,0,3
128,905,150,3,0
114,906,92,0,3
125,909,147,3,0
124,910,102,0,3
125,910,147,3,0
123,911,145,3,0
124,911,102,0,3
125,911,147,3,0
120,912,98,0,3
122,912,144,3,0
123,912,145,3,0
124,912,102,0,3
125,912,147,3,0
120,913,98,0,3
121,913,143,3,0
122,913,144,3,0
123,913,145,3,0
124,913,102,0,3
125,913,147,3,0
122,914,144,3,0
123,914,145,3,0
124,914,102,0,3
125,914,147,3,0
123,915,145,3,0
124,915,102,0,3
125,915,147,3,0
124,916,102,0,3
125,916,147,3,0
125,917,147,3,0
114,920,92,0,3
128,920,150,3,0
113,921,91,0,3
114,921,92,0,3
128,921,150,3,0
113,922,91,0,3
114,922,92,0,3
128,922,150,3,0
111,923,89,0,3
113,923,91,0,3
114,923,92,0,3
128,923,150,3,0
131,923,109,0,3
132,924,110,0,2
133,924,111,0,3
135,924,113,0,3
136,924,114,0,3
137,924,159,3,0
148,924,170,3,0
150,924,172,3,0
153,924,131,0,3
133,925,111,0,3
135,925,113,0,3
136,925,114,0,3
137,925,159,3,0
148,925,170,3,0
150,925,172,3,0
135,926,113,0,3
136,926,114,0,3
137,926,159,3,0
148,926,170,3,0
150,926,172,3,0
135,927,113,0,3
136,927,114,0,3
137,927,159,3,0
148,927,170,3,0
150,927,172,3,0
136,928,114,0,3
137,928,159,3,0
148,928,170,3,0
137,929,159,3,0
148,929,170,3,0
137,930,159,3,0
148,930,170,3,0
137,931,159,3,0
147,931,169,3,0
148,931,170,3,0
137,932,159,3,0
140,932,162,3,0
146,932,124,0,3
147,932,169,3,0
148,932,170,3,0
137,933,159,3,0
140,933,162,3,0
146,933,124,0,3
147,933,169,3,0
148,933,170,3,0
137,934,159,3,0
140,934,162,3,0
142,934,120,0,3
144,934,166,3,0
146,934,124,0,3
147,934,169,3,0
148,934,170,3,0
137,935,159,3,0
140,935,162,3,0
142,935,120,0,3
143,935,165,3,0
144,935,166,3,0
146,935,124,0,3
147,935,169,3,0
148,935,170,3,0
137,936,159,3,0
140,936,162,3,0
144,936,166,3,0
146,936,124,0,3
147,936,169,3,0
148,936,170,3,0
137,937,159,3,0
140,937,162,3,0
146,937,124,0,3
147,937,169,3,0
148,937,170,3,0
137,938,159,3,0
146,938,124,0,3
147,938,169,3,0
148,938,170,3,0
137,939,159,3,0
147,939,169,3,0
148,939,170,3,0
148,940,170,3,0
137,941,159,3,0
148,941,170,3,0
136,942,114,0,3
137,942,159,3,0
148,942,170,3,0
150,942,172,3,0
135,943,113,0,3
136,943,114,0,3
137,943,159,3,0
148,943,170,3,0
150,943,172,3,0
135,944,113,0,3
136,944,114,0,3
137,944,159,3,0
148,944,170,3,0
150,944,172,3,0
133,945,111,0,3
135,945,113,0,3
136,945,114,0,3
137,945,159,3,0
148,945,170,3,0
150,945,172,3,0
153,945,131,0,3
154,946,132,0,2
155,946,133,0,3
157,946,135,0,3
158,946,136,0,3
159,946,181,3,0
170,946,192,3,0
171,946,193,3,0
172,946,194,3,0
175,946,153,0,3
155,947,133,0,3
157,947,135,0,3
158,947,136,0,3
159,947,181,3,0
170,947,192,3,0
171,947,193,3,0
172,947,194,3,0
157,948,135,0,3
158,948,136,0,3
159,948,181,3,0
170,948,192,3,0
171,948,193,3,0
172,948,194,3,0
157,949,135,0,3
158,949,136,0,3
159,949,181,3,0
170,949,192,3,0
171,949,193,3,0
172,949,194,3,0
158,950,136,0,3
159,950,181,3,0
170,950,192,3,0
171,950,193,3,0
159,951,181,3,0
159,952,181,3,0
170,952,192,3,0
159,953,181,3,0
161,953,183,3,0
170,953,192,3,0
159,954,181,3,0
161,954,183,3,0
162,954,184,3,0
168,954,146,0,3
170,954,192,3,0
159,955,181,3,0
161,955,183,3,0
162,955,184,3,0
168,955,146,0,3
170,955,192,3,0
159,956,181,3,0
161,956,183,3,0
162,956,184,3,0
164,956,142,0,3
168,956,146,0,3
170,956,192,3,0
159,957,181,3,0
161,957,183,3,0
162,957,184,3,0
164,957,142,0,3
168,957,146,0,3
170,957,192,3,0
159,958,181,3,0
161,958,183,3,0
162,958,184,3,0
168,958,146,0,3
170,958,192,3,0
159,959,181,3,0
161,959,183,3,0
162,959,184,3,0
168,959,146,0,3
170,959,192,3,0
159,960,181,3,0
161,960,183,3,0
168,960,146,0,3
170,960,192,3,0
159,961,181,3,0
170,961,192,3,0
170,962,192,3,0
159,963,181,3,0
170,963,192,3,0
171,963,193,3,0
158,964,136,0,3
159,964,181,3,0
170,964,192,3,0
171,964,193,3,0
172,964,194,3,0
157,965,135,0,3
158,965,136,0,3
159,965,181,3,0
170,965,192,3,0
171,965,193,3,0
172,965,194,3,0
157,966,135,0,3
158,966,136,0,3
159,966,181,3,0
170,966,192,3,0
171,966,193,3,0
172,966,194,3,0
155,967,133,0,3
157,967,135,0,3
158,967,136,0,3
159,967,181,3,0
170,967,192,3,0
171,967,193,3,0
172,967,194,3,0
175,967,153,0,3
176,968,154,0,2
177,968,155,0,3
179,968,157,0,3
180,968,158,0,3
193,968,215,3,0
194,968,216,3,0
197,968,175,0,3
177,969,155,0,3
179,969,157,0,3
180,969,158,0,3
193,969,215,3,0
194,969,216,3,0
179,970,157,0,3
180,970,158,0,3
193,970,215,3,0
194,970,216,3,0
179,971,157,0,3
180,971,158,0,3
193,971,215,3,0
194,971,216,3,0
180,972,158,0,3
193,972,215,3,0
183,975,205,3,0
183,976,205,3,0
184,976,206,3,0
190,976,168,0,3
183,977,205,3,0
184,977,206,3,0
190,977,168,0,3
183,978,205,3,0
184,978,206,3,0
188,978,166,0,3
190,978,168,0,3
183,979,205,3,0
184,979,206,3,0
188,979,166,0,3
190,979,168,0,3
183,980,205,3,0
184,980,206,3,0
188,980,166,0,3
190,980,168,0,3
183,981,205,3,0
184,981,206,3,0
190,981,168,0,3
183,982,205,3,0
190,982,168,0,3
193,985,215,3,0
180,986,158,0,3
193,986,215,3,0
194,986,216,3,0
179,987,157,0,3
180,987,158,0,3
193,987,215,3,0
194,987,216,3,0
179,988,157,0,3
180,988,158,0,3
193,988,215,3,0
194,988,216,3,0
177,989,155,0,3
179,989,157,0,3
180,989,158,0,3
193,989,215,3,0
194,989,216,3,0
197,989,175,0,3
198,990,176,0,2
201,990,179,0,3
202,990,224,3,0
215,990,237,3,0
216,990,238,3,0
219,990,197,0,3
201,991,179,0,3
202,991,224,3,0
215,991,237,3,0
216,991,238,3,0
201,992,179,0,3
202,992,224,3,0
215,992,237,3,0
216,992,238,3,0
201,993,179,0,3
202,993,224,3,0
215,993,237,3,0
216,993,238,3,0
202,994,224,3,0
215,994,237,3,0
205,997,227,3,0
213,997,235,3,0
205,998,227,3,0
206,998,228,3,0
212,998,190,0,3
213,998,235,3,0
205,999,227,3,0
206,999,228,3,0
212,999,190,0,3
213,999,235,3,0
205,1000,227,3,0
206,1000,228,3,0
210,1000,188,0,3
212,1000,190,0,3
213,1000,235,3,0
205,1001,227,3,0
206,1001,228,3,0
210,1001,188,0,3
212,1001,190,0,3
213,1001,235,3,0
205,1002,227,3,0
206,1002,228,3,0
210,1002,188,0,3
212,1002,190,0,3
213,1002,235,3,0
205,1003,227,3,0
206,1003,228,3,0
212,1003,190,0,3
213,1003,235,3,0
205,1004,227,3,0
212,1004,190,0,3
213,1004,235,3,0
213,1005,235,3,0
215,1007,237,3,0
202,1008,224,3,0
215,1008,237,3,0
216,1008,238,3,0
201,1009,179,0,3
202,1009,224,3,0
215,1009,237,3,0
216,1009,238,3,0
201,1010,179,0,3
202,1010,224,3,0
215,1010,237,3,0
216,1010,238,3,0
201,1011,179,0,3
202,1011,224,3,0
215,1011,237,3,0
216,1011,238,3,0
219,1011,197,0,3
223,1012,201,0,3
224,1012,246,3,0
237,1012,259,3,0
238,1012,260,3,0
239,1012,261,3,0
241,1012,219,0,3
223,1013,201,0,3
224,1013,246,3,0
237,1013,259,3,0
238,1013,260,3,0
239,1013,261,3,0
223,1014,201,0,3
224,1014,246,3,0
237,1014,259,3,0
238,1014,260,3,0
239,1014,261,3,0
223,1015,201,0,3
224,1015,246,3,0
237,1015,259,3,0
238,1015,260,3,0
224,1016,246,3,0
237,1016,259,3,0
226,1018,204,0,3
226,1019,204,0,3
227,1019,249,3,0
226,1020,204,0,3
227,1020,249,3,0
228,1020,250,3,0
234,1020,212,0,3
226,1021,204,0,3
227,1021,249,3,0
228,1021,250,3,0
234,1021,212,0,3
226,1022,204,0,3
227,1022,249,3,0
228,1022,250,3,0
232,1022,210,0,3
234,1022,212,0,3
226,1023,204,0,3
227,1023,249,3,0
228,1023,250,3,0
232,1023,210,0,3
234,1023,212,0,3
226,1024,204,0,3
227,1024,249,3,0
228,1024,250,3,0
232,1024,210,0,3
234,1024,212,0,3
226,1025,204,0,3
227,1025,249,3,0
228,1025,250,3,0
234,1025,212,0,3
226,1026,204,0,3
227,1026,249,3,0
234,1026,212,0,3
226,1027,204,0,3
237,1029,259,3,0
224,1030,246,3,0
237,1030,259,3,0
238,1030,260,3,0
223,1031,201,0,3
224,1031,246,3,0
237,1031,259,3,0
238,1031,260,3,0
239,1031,261,3,0
223,1032,201,0,3
224,1032,246,3,0
237,1032,259,3,0
238,1032,260,3,0
239,1032,261,3,0
223,1033,201,0,3
224,1033,246,3,0
237,1033,259,3,0
238,1033,260,3,0
239,1033,261,3,0
241,1033,219,0,3
245,1034,267,3,0
246,1034,268,3,0
259,1034,281,3,0
260,1034,282,3,0
261,1034,283,3,0
263,1034,241,0,3
245,1035,267,3,0
246,1035,268,3,0
259,1035,281,3,0
260,1035,282,3,0
261,1035,283,3,0
245,1036,267,3,0
246,1036,268,3,0
259,1036,281,3,0
260,1036,282,3,0
261,1036,283,3,0
245,1037,267,3,0
246,1037,268,3,0
259,1037,281,3,0
260,1037,282,3,0
246,1038,268,3,0
259,1038,281,3,0
248,1040,226,0,3
248,1041,226,0,3
249,1041,271,3,0
248,1042,226,0,3
249,1042,271,3,0
250,1042,272,3,0
256,1042,234,0,3
248,1043,226,0,3
249,1043,271,3,0
250,1043,272,3,0
256,1043,234,0,3
248,1044,226,0,3
249,1044,271,3,0
250,1044,272,3,0
254,1044,232,0,3
256,1044,234,0,3
248,1045,226,0,3
249,1045,271,3,0
250,1045,272,3,0
254,1045,232,0,3
256,1045,234,0,3
248,1046,226,0,3
249,1046,271,3,0
250,1046,272,3,0
254,1046,232,0,3
256,1046,234,0,3
248,1047,226,0,3
249,1047,271,3,0
250,1047,272,3,0
256,1047,234,0,3
248,1048,226,0,3
249,1048,271,3,0
256,1048,234,0,3
248,1049,226,0,3
259,1051,281,3,0
246,1052,268,3,0
259,1052,281,3,0
260,1052,282,3,0
245,1053,267,3,0
246,1053,268,3,0
259,1053,281,3,0
260,1053,282,3,0
261,1053,283,3,0
245,1054,267,3,0
246,1054,268,3,0
259,1054,281,3,0
260,1054,282,3,0
261,1054,283,3,0
245,1055,267,3,0
246,1055,268,3,0
259,1055,281,3,0
260,1055,282,3,0
261,1055,283,3,0
263,1055,241,0,3
264,1056,242,0,2
267,1056,289,3,0
268,1056,290,3,0
269,1056,291,3,0
281,1056,303,3,0
282,1056,304,3,0
283,1056,305,3,0
285,1056,263,0,3
267,1057,289,3,0
268,1057,290,3,0
269,1057,291,3,0
281,1057,303,3,0
282,1057,304,3,0
283,1057,305,3,0
267,1058,289,3,0
268,1058,290,3,0
269,1058,291,3,0
281,1058,303,3,0
282,1058,304,3,0
283,1058,305,3,0
267,1059,289,3,0
268,1059,290,3,0
269,1059,291,3,0
281,1059,303,3,0
282,1059,304,3,0
268,1060,290,3,0
269,1060,291,3,0
281,1060,303,3,0
269,1061,291,3,0
269,1062,291,3,0
270,1062,248,0,3
269,1063,291,3,0
270,1063,248,0,3
269,1064,291,3,0
270,1064,248,0,3
272,1064,294,3,0
278,1064,256,0,3
269,1065,291,3,0
270,1065,248,0,3
272,1065,294,3,0
273,1065,295,3,0
278,1065,256,0,3
269,1066,291,3,0
270,1066,248,0,3
272,1066,294,3,0
273,1066,295,3,0
274,1066,296,3,0
278,1066,256,0,3
269,1067,291,3,0
270,1067,248,0,3
272,1067,294,3,0
273,1067,295,3,0
274,1067,296,3,0
278,1067,256,0,3
269,1068,291,3,0
270,1068,248,0,3
272,1068,294,3,0
273,1068,295,3,0
278,1068,256,0,3
269,1069,291,3,0
270,1069,248,0,3
272,1069,294,3,0
278,1069,256,0,3
269,1070,291,3,0
270,1070,248,0,3
278,1070,256,0,3
269,1071,291,3,0
270,1071,248,0,3
269,1073,291,3,0
281,1073,303,3,0
268,1074,290,3,0
269,1074,291,3,0
281,1074,303,3,0
282,1074,304,3,0
267,1075,289,3,0
268,1075,290,3,0
269,1075,291,3,0
281,1075,303,3,0
282,1075,304,3,0
283,1075,305,3,0
267,1076,289,3,0
268,1076,290,3,0
269,1076,291,3,0
281,1076,303,3,0
282,1076,304,3,0
283,1076,305,3,0
267,1077,289,3,0
268,1077,290,3,0
269,1077,291,3,0
281,1077,303,3,0
282,1077,304,3,0
283,1077,305,3,0
285,1077,263,0,3
286,1078,264,0,2
288,1078,310,3,0
289,1078,311,3,0
290,1078,312,3,0
291,1078,313,3,0
303,1078,325,3,0
305,1078,327,3,0
307,1078,285,0,3
288,1079,310,3,0
289,1079,311,3,0
290,1079,312,3,0
291,1079,313,3,0
303,1079,325,3,0
305,1079,327,3,0
288,1080,310,3,0
289,1080,311,3,0
290,1080,312,3,0
291,1080,313,3,0
303,1080,325,3,0
305,1080,327,3,0
289,1081,311,3,0
290,1081,312,3,0
291,1081,313,3,0
303,1081,325,3,0
290,1082,312,3,0
291,1082,313,3,0
303,1082,325,3,0
291,1083,313,3,0
291,1084,313,3,0
292,1084,270,0,3
291,1085,313,3,0
292,1085,270,0,3
291,1086,313,3,0
292,1086,270,0,3
294,1086,316,3,0
300,1086,278,0,3
291,1087,313,3,0
292,1087,270,0,3
294,1087,316,3,0
295,1087,317,3,0
300,1087,278,0,3
291,1088,313,3,0
292,1088,270,0,3
294,1088,316,3,0
295,1088,317,3,0
296,1088,318,3,0
300,1088,278,0,3
291,1089,313,3,0
292,1089,270,0,3
294,1089,316,3,0
295,1089,317,3,0
296,1089,318,3,0
300,1089,278,0,3
291,1090,313,3,0
292,1090,270,0,3
294,1090,316,3,0
295,1090,317,3,0
300,1090,278,0,3
291,1091,313,3,0
292,1091,270,0,3
294,1091,316,3,0
300,1091,278,0,3
291,1092,313,3,0
292,1092,270,0,3
300,1092,278,0,3
291,1093,313,3,0
292,1093,270,0,3
291,1095,313,3,0
303,1095,325,3,0
290,1096,312,3,0
291,1096,313,3,0
303,1096,325,3,0
289,1097,311,3,0
290,1097,312,3,0
291,1097,313,3,0
303,1097,325,3,0
305,1097,327,3,0
288,1098,310,3,0
289,1098,311,3,0
290,1098,312,3,0
291,1098,313,3,0
303,1098,325,3,0
305,1098,327,3,0
288,1099,310,3,0
289,1099,311,3,0
290,1099,312,3,0
291,1099,313,3,0
303,1099,325,3,0
305,1099,327,3,0
307,1099,285,0,3
308,1100,286,0,2
310,1100,332,3,0
311,1100,333,3,0
312,1100,334,3,0
313,1100,335,3,0
325,1100,347,3,0
327,1100,349,3,0
329,1100,307,0,3
310,1101,332,3,0
311,1101,333,3,0
312,1101,334,3,0
313,1101,335,3,0
325,1101,347,3,0
327,1101,349,3,0
310,1102,332,3,0
311,1102,333,3,0
312,1102,334,3,0
313,1102,335,3,0
325,1102,347,3,0
327,1102,349,3,0
311,1103,333,3,0
312,1103,334,3,0
313,1103,335,3,0
325,1103,347,3,0
312,1104,334,3,0
313,1104,335,3,0
325,1104,347,3,0
313,1105,335,3,0
313,1106,335,3,0
314,1106,292,0,3
313,1107,335,3,0
314,1107,292,0,3
313,1108,335,3,0
314,1108,292,0,3
322,1108,300,0,3
313,1109,335,3,0
314,1109,292,0,3
317,1109,339,3,0
322,1109,300,0,3
313,1110,335,3,0
314,1110,292,0,3
317,1110,339,3,0
318,1110,340,3,0
322,1110,300,0,3
313,1111,335,3,0
314,1111,292,0,3
317,1111,339,3,0
318,1111,340,3,0
322,1111,300,0,3
313,1112,335,3,0
314,1112,292,0,3
317,1112,339,3,0
322,1112,300,0,3
313,1113,335,3,0
314,1113,292,0,3
322,1113,300,0,3
313,1114,335,3,0
314,1114,292,0,3
322,1114,300,0,3
313,1115,335,3,0
314,1115,292,0,3
313,1117,335,3,0
325,1117,347,3,0
312,1118,334,3,0
313,1118,335,3,0
325,1118,347,3,0
311,1119,333,3,0
312,1119,334,3,0
313,1119,335,3,0
325,1119,347,3,0
327,1119,349,3,0
310,1120,332,3,0
311,1120,333,3,0
312,1120,334,3,0
313,1120,335,3,0
325,1120,347,3,0
327,1120,349,3,0
310,1121,332,3,0
311,1121,333,3,0
312,1121,334,3,0
313,1121,335,3,0
325,1121,347,3,0
327,1121,349,3,0
329,1121,307,0,3
330,1122,308,0,2
332,1122,354,3,0
333,1122,355,3,0
334,1122,356,3,0
335,1122,357,3,0
347,1122,369,3,0
349,1122,371,3,0
351,1122,329,0,3
332,1123,354,3,0
333,1123,355,3,0
334,1123,356,3,0
335,1123,357,3,0
347,1123,369,3,0
349,1123,371,3,0
332,1124,354,3,0
333,1124,355,3,0
334,1124,356,3,0
335,1124,357,3,0
347,1124,369,3,0
349,1124,371,3,0
333,1125,355,3,0
334,1125,356,3,0
335,1125,357,3,0
347,1125,369,3,0
334,1126,356,3,0
335,1126,357,3,0
347,1126,369,3,0
335,1127,357,3,0
335,1128,357,3,0
336,1128,314,0,3
335,1129,357,3,0
336,1129,314,0,3
335,1130,357,3,0
336,1130,314,0,3
344,1130,322,0,3
335,1131,357,3,0
336,1131,314,0,3
339,1131,361,3,0
344,1131,322,0,3
335,1132,357,3,0
336,1132,314,0,3
339,1132,361,3,0
344,1132,322,0,3
335,1133,357,3,0
336,1133,314,0,3
339,1133,361,3,0
344,1133,322,0,3
335,1134,357,3,0
336,1134,314,0,3
339,1134,361,3,0
344,1134,322,0,3
335,1135,357,3,0
336,1135,314,0,3
344,1135,322,0,3
335,1136,357,3,0
336,1136,314,0,3
344,1136,322,0,3
335,1137,357,3,0
336,1137,314,0,3
335,1139,357,3,0
347,1139,369,3,0
334,1140,356,3,0
335,1140,357,3,0
347,1140,369,3,0
333,1141,355,3,0
334,1141,356,3,0
335,1141,357,3,0
347,1141,369,3,0
349,1141,371,3,0
332,1142,354,3,0
333,1142,355,3,0
334,1142,356,3,0
335,1142,357,3,0
347,1142,369,3,0
349,1142,371,3,0
332,1143,354,3,0
333,1143,355,3,0
334,1143,356,3,0
335,1143,357,3,0
347,1143,369,3,0
349,1143,371,3,0
351,1143,329,0,3
352,1144,330,0,2
354,1144,376,3,0
355,1144,377,3,0
356,1144,378,3,0
357,1144,379,3,0
369,1144,391,3,0
371,1144,393,3,0
373,1144,351,0,3
354,1145,376,3,0
355,1145,377,3,0
356,1145,378,3,0
357,1145,379,3,0
369,1145,391,3,0
371,1145,393,3,0
354,1146,376,3,0
355,1146,377,3,0
356,1146,378,3,0
357,1146,379,3,0
369,1146,391,3,0
371,1146,393,3,0
355,1147,377,3,0
356,1147,378,3,0
357,1147,379,3,0
369,1147,391,3,0
356,1148,378,3,0
357,1148,379,3,0
369,1148,391,3,0
357,1149,379,3,0
357,1150,379,3,0
358,1150,336,0,3
357,1151,379,3,0
358,1151,336,0,3
357,1152,379,3,0
358,1152,336,0,3
360,1152,338,0,3
366,1152,344,0,3
357,1153,379,3,0
358,1153,336,0,3
360,1153,338,0,3
361,1153,383,3,0
366,1153,344,0,3
357,1154,379,3,0
358,1154,336,0,3
360,1154,338,0,3
361,1154,383,3,0
362,1154,384,3,0
366,1154,344,0,3
357,1155,379,3,0
358,1155,336,0,3
360,1155,338,0,3
361,1155,383,3,0
362,1155,384,3,0
366,1155,344,0,3
357,1156,379,3,0
358,1156,336,0,3
360,1156,338,0,3
361,1156,383,3,0
366,1156,344,0,3
357,1157,379,3,0
358,1157,336,0,3
360,1157,338,0,3
366,1157,344,0,3
357,1158,379,3,0
358,1158,336,0,3
366,1158,344,0,3
357,1159,379,3,0
358,1159,336,0,3
357,1161,379,3,0
369,1161,391,3,0
356,1162,378,3,0
357,1162,379,3,0
369,1162,391,3,0
355,1163,377,3,0
356,1163,378,3,0
357,1163,379,3,0
369,1163,391,3,0
371,1163,393,3,0
354,1164,376,3,0
355,1164,377,3,0
356,1164,378,3,0
357,1164,379,3,0
369,1164,391,3,0
371,1164,393,3,0
354,1165,376,3,0
355,1165,377,3,0
356,1165,378,3,0
357,1165,379,3,0
369,1165,391,3,0
371,1165,393,3,0
373,1165,351,0,3
374,1166,352,0,2
376,1166,398,3,0
377,1166,399,3,0
378,1166,400,3,0
379,1166,401,3,0
393,1166,415,3,0
395,1166,373,0,3
376,1167,398,3,0
377,1167,399,3,0
378,1167,400,3,0
379,1167,401,3,0
393,1167,415,3,0
376,1168,398,3,0
377,1168,399,3,0
378,1168,400,3,0
379,1168,401,3,0
393,1168,415,3,0
377,1169,399,3,0
378,1169,400,3,0
379,1169,401,3,0
378,1170,400,3,0
379,1170,401,3,0
379,1171,401,3,0
379,1172,401,3,0
380,1172,358,0,3
379,1173,401,3,0
380,1173,358,0,3
379,1174,401,3,0
380,1174,358,0,3
388,1174,366,0,3
379,1175,401,3,0
380,1175,358,0,3
383,1175,405,3,0
388,1175,366,0,3
379,1176,401,3,0
380,1176,358,0,3
383,1176,405,3,0
384,1176,406,3,0
388,1176,366,0,3
379,1177,401,3,0
380,1177,358,0,3
383,1177,405,3,0
384,1177,406,3,0
388,1177,366,0,3
379,1178,401,3,0
380,1178,358,0,3
383,1178,405,3,0
388,1178,366,0,3
379,1179,401,3,0
380,1179,358,0,3
388,1179,366,0,3
379,1180,401,3,0
380,1180,358,0,3
388,1180,366,0,3
379,1181,401,3,0
380,1181,358,0,3
379,1183,401,3,0
378,1184,400,3,0
379,1184,401,3,0
377,1185,399,3,0
378,1185,400,3,0
379,1185,401,3,0
393,1185,415,3,0
376,1186,398,3,0
377,1186,399,3,0
378,1186,400,3,0
379,1186,401,3,0
393,1186,415,3,0
376,1187,398,3,0
377,1187,399,3,0
378,1187,400,3,0
379,1187,401,3,0
393,1187,415,3,0
395,1187,373,0,3
396,1188,374,0,2
398,1188,420,3,0
399,1188,421,3,0
401,1188,423,3,0
414,1188,392,0,3
415,1188,437,3,0
417,1188,395,0,3
398,1189,420,3,0
399,1189,421,3,0
401,1189,423,3,0
414,1189,392,0,3
415,1189,437,3,0
398,1190,420,3,0
399,1190,421,3,0
401,1190,423,3,0
414,1190,392,0,3
415,1190,437,3,0
399,1191,421,3,0
401,1191,423,3,0
414,1191,392,0,3
401,1192,423,3,0
401,1193,423,3,0
401,1194,423,3,0
402,1194,380,0,3
401,1195,423,3,0
402,1195,380,0,3
401,1196,423,3,0
402,1196,380,0,3
410,1196,388,0,3
401,1197,423,3,0
402,1197,380,0,3
405,1197,427,3,0
410,1197,388,0,3
401,1198,423,3,0
402,1198,380,0,3
405,1198,427,3,0
410,1198,388,0,3
401,1199,423,3,0
402,1199,380,0,3
405,1199,427,3,0
410,1199,388,0,3
401,1200,423,3,0
402,1200,380,0,3
405,1200,427,3,0
410,1200,388,0,3
401,1201,423,3,0
402,1201,380,0,3
410,1201,388,0,3
401,1202,423,3,0
402,1202,380,0,3
410,1202,388,0,3
401,1203,423,3,0
402,1203,380,0,3
401,1205,423,3,0
401,1206,423,3,0
414,1206,392,0,3
399,1207,421,3,0
401,1207,423,3,0
414,1207,392,0,3
415,1207,437,3,0
398,1208,420,3,0
399,1208,421,3,0
401,1208,423,3,0
414,1208,392,0,3
415,1208,437,3,0
398,1209,420,3,0
399,1209,421,3,0
401,1209,423,3,0
414,1209,392,0,3
415,1209,437,3,0
417,1209,395,0,3
418,1210,396,0,2
420,1210,442,3,0
421,1210,443,3,0
423,1210,445,3,0
436,1210,414,0,3
437,1210,459,3,0
439,1210,417,0,3
420,1211,442,3,0
421,1211,443,3,0
423,1211,445,3,0
436,1211,414,0,3
437,1211,459,3,0
420,1212,442,3,0
421,1212,443,3,0
423,1212,445,3,0
436,1212,414,0,3
437,1212,459,3,0
421,1213,443,3,0
423,1213,445,3,0
436,1213,414,0,3
423,1214,445,3,0
423,1215,445,3,0
423,1216,445,3,0
424,1216,402,0,3
423,1217,445,3,0
424,1217,402,0,3
423,1218,445,3,0
424,1218,402,0,3
432,1218,410,0,3
423,1219,445,3,0
424,1219,402,0,3
427,1219,449,3,0
432,1219,410,0,3
423,1220,445,3,0
424,1220,402,0,3
427,1220,449,3,0
432,1220,410,0,3
423,1221,445,3,0
424,1221,402,0,3
427,1221,449,3,0
432,1221,410,0,3
423,1222,445,3,0
424,1222,402,0,3
427,1222,449,3,0
432,1222,410,0,3
423,1223,445,3,0
424,1223,402,0,3
432,1223,410,0,3
423,1224,445,3,0
424,1224,402,0,3
432,1224,410,0,3
423,1225,445,3,0
424,1225,402,0,3
423,1227,445,3,0
423,1228,445,3,0
436,1228,414,0,3
421,1229,443,3,0
423,1229,445,3,0
436,1229,414,0,3
437,1229,459,3,0
420,1230,442,3,0
421,1230,443,3,0
423,1230,445,3,0
436,1230,414,0,3
437,1230,459,3,0
420,1231,442,3,0
421,1231,443,3,0
423,1231,445,3,0
436,1231,414,0,3
437,1231,459,3,0
439,1231,417,0,3
440,1232,418,0,2
442,1232,464,3,0
443,1232,465,3,0
458,1232,436,0,3
459,1232,481,3,0
461,1232,439,0,3
442,1233,464,3,0
443,1233,465,3,0
458,1233,436,0,3
459,1233,481,3,0
442,1234,464,3,0
443,1234,465,3,0
458,1234,436,0,3
459,1234,481,3,0
443,1235,465,3,0
458,1235,436,0,3
446,1238,424,0,3
446,1239,424,0,3
446,1240,424,0,3
454,1240,432,0,3
446,1241,424,0,3
449,1241,471,3,0
454,1241,432,0,3
446,1242,424,0,3
449,1242,471,3,0
454,1242,432,0,3
446,1243,424,0,3
449,1243,471,3,0
454,1243,432,0,3
446,1244,424,0,3
449,1244,471,3,0
454,1244,432,0,3
446,1245,424,0,3
454,1245,432,0,3
446,1246,424,0,3
454,1246,432,0,3
446,1247,424,0,3
458,1250,436,0,3
443,1251,465,3,0
458,1251,436,0,3
459,1251,481,3,0
442,1252,464,3,0
443,1252,465,3,0
458,1252,436,0,3
459,1252,481,3,0
442,1253,464,3,0
443,1253,465,3,0
458,1253,436,0,3
459,1253,481,3,0
461,1253,439,0,3
462,1254,440,0,2
464,1254,486,3,0
465,1254,487,3,0
480,1254,458,0,3
481,1254,503,3,0
483,1254,461,0,3
464,1255,486,3,0
465,1255,487,3,0
480,1255,458,0,3
481,1255,503,3,0
464,1256,486,3,0
465,1256,487,3,0
480,1256,458,0,3
481,1256,503,3,0
465,1257,487,3,0
480,1257,458,0,3
468,1260,446,0,3
468,1261,446,0,3
468,1262,446,0,3
470,1262,492,3,0
476,1262,454,0,3
468,1263,446,0,3
470,1263,492,3,0
471,1263,493,3,0
476,1263,454,0,3
468,1264,446,0,3
470,1264,492,3,0
471,1264,493,3,0
476,1264,454,0,3
468,1265,446,0,3
470,1265,492,3,0
471,1265,493,3,0
476,1265,454,0,3
468,1266,446,0,3
470,1266,492,3,0
471,1266,493,3,0
476,1266,454,0,3
468,1267,446,0,3
470,1267,492,3,0
476,1267,454,0,3
468,1268,446,0,3
476,1268,454,0,3
468,1269,446,0,3
480,1272,458,0,3
465,1273,487,3,0
480,1273,458,0,3
481,1273,503,3,0
464,1274,486,3,0
465,1274,487,3,0
480,1274,458,0,3
481,1274,503,3,0
464,1275,486,3,0
465,1275,487,3,0
480,1275,458,0,3
481,1275,503,3,0
483,1275,461,0,3
484,1276,462,0,2
486,1276,508,3,0
487,1276,509,3,0
503,1276,525,3,0
505,1276,483,0,3
486,1277,508,3,0
487,1277,509,3,0
503,1277,525,3,0
486,1278,508,3,0
487,1278,509,3,0
503,1278,525,3,0
487,1279,509,3,0
490,1282,468,0,3
490,1283,468,0,3
490,1284,468,0,3
492,1284,514,3,0
498,1284,476,0,3
490,1285,468,0,3
492,1285,514,3,0
493,1285,515,3,0
498,1285,476,0,3
490,1286,468,0,3
492,1286,514,3,0
493,1286,515,3,0
498,1286,476,0,3
490,1287,468,0,3
492,1287,514,3,0
493,1287,515,3,0
498,1287,476,0,3
490,1288,468,0,3
492,1288,514,3,0
493,1288,515,3,0
498,1288,476,0,3
490,1289,468,0,3
492,1289,514,3,0
498,1289,476,0,3
490,1290,468,0,3
498,1290,476,0,3
490,1291,468,0,3
487,1295,509,3,0
503,1295,525,3,0
486,1296,508,3,0
487,1296,509,3,0
503,1296,525,3,0
486,1297,508,3,0
487,1297,509,3,0
503,1297,525,3,0
505,1297,483,0,3
506,1298,484,0,2
508,1298,530,3,0
509,1298,531,3,0
510,1298,532,3,0
523,1298,501,0,3
524,1298,502,0,3
525,1298,547,3,0
527,1298,505,0,3
508,1299,530,3,0
509,1299,531,3,0
510,1299,532,3,0
523,1299,501,0,3
524,1299,502,0,3
525,1299,547,3,0
508,1300,530,3,0
509,1300,531,3,0
510,1300,532,3,0
523,1300,501,0,3
524,1300,502,0,3
525,1300,547,3,0
509,1301,531,3,0
510,1301,532,3,0
523,1301,501,0,3
524,1301,502,0,3
510,1302,532,3,0
523,1302,501,0,3
512,1304,490,0,3
512,1305,490,0,3
512,1306,490,0,3
514,1306,536,3,0
520,1306,498,0,3
512,1307,490,0,3
514,1307,536,3,0
515,1307,537,3,0
520,1307,498,0,3
512,1308,490,0,3
514,1308,536,3,0
515,1308,537,3,0
520,1308,498,0,3
512,1309,490,0,3
514,1309,536,3,0
515,1309,537,3,0
520,1309,498,0,3
512,1310,490,0,3
514,1310,536,3,0
515,1310,537,3,0
520,1310,498,0,3
512,1311,490,0,3
514,1311,536,3,0
520,1311,498,0,3
512,1312,490,0,3
520,1312,498,0,3
512,1313,490,0,3
523,1315,501,0,3
510,1316,532,3,0
523,1316,501,0,3
524,1316,502,0,3
509,1317,531,3,0
510,1317,532,3,0
523,1317,501,0,3
524,1317,502,0,3
525,1317,547,3,0
508,1318,530,3,0
509,1318,531,3,0
510,1318,532,3,0
523,1318,501,0,3
524,1318,502,0,3
525,1318,547,3,0
508,1319,530,3,0
509,1319,531,3,0
510,1319,532,3,0
523,1319,501,0,3
524,1319,502,0,3
525,1319,547,3,0
527,1319,505,0,3
528,1320,506,0,2
530,1320,552,3,0
531,1320,553,3,0
532,1320,554,3,0
545,1320,523,0,3
547,1320,569,3,0
549,1320,527,0,3
530,1321,552,3,0
531,1321,553,3,0
532,1321,554,3,0
545,1321,523,0,3
547,1321,569,3,0
530,1322,552,3,0
531,1322,553,3,0
532,1322,554,3,0
545,1322,523,0,3
547,1322,569,3,0
531,1323,553,3,0
532,1323,554,3,0
545,1323,523,0,3
532,1324,554,3,0
545,1324,523,0,3
534,1326,512,0,3
534,1327,512,0,3
534,1328,512,0,3
536,1328,558,3,0
534,1329,512,0,3
536,1329,558,3,0
537,1329,559,3,0
534,1330,512,0,3
536,1330,558,3,0
537,1330,559,3,0
534,1331,512,0,3
536,1331,558,3,0
537,1331,559,3,0
534,1332,512,0,3
536,1332,558,3,0
537,1332,559,3,0
534,1333,512,0,3
536,1333,558,3,0
534,1334,512,0,3
534,1335,512,0,3
545,1337,523,0,3
532,1338,554,3,0
545,1338,523,0,3
531,1339,553,3,0
532,1339,554,3,0
545,1339,523,0,3
547,1339,569,3,0
530,1340,552,3,0
531,1340,553,3,0
532,1340,554,3,0
545,1340,523,0,3
547,1340,569,3,0
530,1341,552,3,0
531,1341,553,3,0
532,1341,554,3,0
545,1341,523,0,3
547,1341,569,3,0
549,1341,527,0,3
550,1342,528,0,2
552,1342,574,3,0
553,1342,575,3,0
554,1342,576,3,0
567,1342,545,0,3
569,1342,591,3,0
571,1342,549,0,3
552,1343,574,3,0
553,1343,575,3,0
554,1343,576,3,0
567,1343,545,0,3
569,1343,591,3,0
552,1344,574,3,0
553,1344,575,3,0
554,1344,576,3,0
567,1344,545,0,3
569,1344,591,3,0
553,1345,575,3,0
554,1345,576,3,0
567,1345,545,0,3
554,1346,576,3,0
567,1346,545,0,3
556,1348,534,0,3
556,1349,534,0,3
556,1350,534,0,3
556,1351,534,0,3
559,1351,581,3,0
556,1352,534,0,3
559,1352,581,3,0
556,1353,534,0,3
559,1353,581,3,0
556,1354,534,0,3
559,1354,581,3,0
556,1355,534,0,3
556,1356,534,0,3
556,1357,534,0,3
567,1359,545,0,3
554,1360,576,3,0
567,1360,545,0,3
553,1361,575,3,0
554,1361,576,3,0
567,1361,545,0,3
569,1361,591,3,0
552,1362,574,3,0
553,1362,575,3,0
554,1362,576,3,0
567,1362,545,0,3
569,1362,591,3,0
552,1363,574,3,0
553,1363,575,3,0
554,1363,576,3,0
567,1363,545,0,3
569,1363,591,3,0
571,1363,549,0,3
572,1364,550,0,2
574,1364,596,3,0
575,1364,597,3,0
576,1364,598,3,0
589,1364,567,0,3
591,1364,613,3,0
593,1364,571,0,3
574,1365,596,3,0
575,1365,597,3,0
576,1365,598,3,0
589,1365,567,0,3
591,1365,613,3,0
574,1366,596,3,0
575,1366,597,3,0
576,1366,598,3,0
589,1366,567,0,3
591,1366,613,3,0
575,1367,597,3,0
576,1367,598,3,0
589,1367,567,0,3
576,1368,598,3,0
589,1368,567,0,3
578,1370,556,0,3
578,1371,556,0,3
578,1372,556,0,3
578,1373,556,0,3
581,1373,603,3,0
578,1374,556,0,3
581,1374,603,3,0
578,1375,556,0,3
581,1375,603,3,0
578,1376,556,0,3
581,1376,603,3,0
578,1377,556,0,3
578,1378,556,0,3
578,1379,556,0,3
589,1381,567,0,3
576,1382,598,3,0
589,1382,567,0,3
575,1383,597,3,0
576,1383,598,3,0
589,1383,567,0,3
591,1383,613,3,0
574,1384,596,3,0
575,1384,597,3,0
576,1384,598,3,0
589,1384,567,0,3
591,1384,613,3,0
574,1385,596,3,0
575,1385,597,3,0
576,1385,598,3,0
589,1385,567,0,3
591,1385,613,3,0
593,1385,571,0,3
594,1386,572,0,2
597,1386,619,3,0
598,1386,620,3,0
611,1386,589,0,3
612,1386,590,0,3
613,1386,635,3,0
615,1386,593,0,3
597,1387,619,3,0
598,1387,620,3,0
611,1387,589,0,3
612,1387,590,0,3
613,1387,635,3,0
597,1388,619,3,0
598,1388,620,3,0
611,1388,589,0,3
612,1388,590,0,3
613,1388,635,3,0
597,1389,619,3,0
598,1389,620,3,0
611,1389,589,0,3
612,1389,590,0,3
598,1390,620,3,0
611,1390,589,0,3
600,1392,578,0,3
600,1393,578,0,3
609,1393,587,0,3
600,1394,578,0,3
609,1394,587,0,3
600,1395,578,0,3
603,1395,625,3,0
609,1395,587,0,3
600,1396,578,0,3
603,1396,625,3,0
609,1396,587,0,3
600,1397,578,0,3
603,1397,625,3,0
609,1397,587,0,3
600,1398,578,0,3
603,1398,625,3,0
609,1398,587,0,3
600,1399,578,0,3
609,1399,587,0,3
600,1400,578,0,3
609,1400,587,0,3
600,1401,578,0,3
609,1401,587,0,3
611,1403,589,0,3
598,1404,620,3,0
611,1404,589,0,3
612,1404,590,0,3
597,1405,619,3,0
598,1405,620,3,0
611,1405,589,0,3
612,1405,590,0,3
613,1405,635,3,0
597,1406,619,3,0
598,1406,620,3,0
611,1406,589,0,3
612,1406,590,0,3
613,1406,635,3,0
597,1407,619,3,0
598,1407,620,3,0
611,1407,589,0,3
612,1407,590,0,3
613,1407,635,3,0
615,1407,593,0,3
616,1408,594,0,2
619,1408,641,3,0
620,1408,642,3,0
633,1408,611,0,3
634,1408,612,0,3
635,1408,657,3,0
637,1408,615,0,3
619,1409,641,3,0
620,1409,642,3,0
633,1409,611,0,3
634,1409,612,0,3
635,1409,657,3,0
619,1410,641,3,0
620,1410,642,3,0
633,1410,611,0,3
634,1410,612,0,3
635,1410,657,3,0
619,1411,641,3,0
620,1411,642,3,0
633,1411,611,0,3
634,1411,612,0,3
620,1412,642,3,0
633,1412,611,0,3
622,1414,600,0,3
622,1415,600,0,3
631,1415,609,0,3
622,1416,600,0,3
631,1416,609,0,3
622,1417,600,0,3
625,1417,647,3,0
631,1417,609,0,3
622,1418,600,0,3
625,1418,647,3,0
631,1418,609,0,3
622,1419,600,0,3
625,1419,647,3,0
631,1419,609,0,3
622,1420,600,0,3
625,1420,647,3,0
631,1420,609,0,3
622,1421,600,0,3
631,1421,609,0,3
622,1422,600,0,3
631,1422,609,0,3
622,1423,600,0,3
631,1423,609,0,3
633,1425,611,0,3
620,1426,642,3,0
633,1426,611,0,3
634,1426,612,0,3
619,1427,641,3,0
620,1427,642,3,0
633,1427,611,0,3
634,1427,612,0,3
635,1427,657,3,0
619,1428,641,3,0
620,1428,642,3,0
633,1428,611,0,3
634,1428,612,0,3
635,1428,657,3,0
619,1429,641,3,0
620,1429,642,3,0
633,1429,611,0,3
634,1429,612,0,3
635,1429,657,3,0
637,1429,615,0,3
638,1430,616,0,2
641,1430,663,3,0
642,1430,664,3,0
655,1430,633,0,3
656,1430,634,0,3
657,1430,679,3,0
659,1430,637,0,3
641,1431,663,3,0
642,1431,664,3,0
655,1431,633,0,3
656,1431,634,0,3
657,1431,679,3,0
641,1432,663,3,0
642,1432,664,3,0
655,1432,633,0,3
656,1432,634,0,3
657,1432,679,3,0
641,1433,663,3,0
642,1433,664,3,0
655,1433,633,0,3
656,1433,634,0,3
642,1434,664,3,0
655,1434,633,0,3
644,1436,622,0,3
644,1437,622,0,3
653,1437,631,0,3
644,1438,622,0,3
653,1438,631,0,3
644,1439,622,0,3
647,1439,669,3,0
653,1439,631,0,3
644,1440,622,0,3
647,1440,669,3,0
653,1440,631,0,3
644,1441,622,0,3
647,1441,669,3,0
653,1441,631,0,3
644,1442,622,0,3
647,1442,669,3,0
653,1442,631,0,3
644,1443,622,0,3
653,1443,631,0,3
644,1444,622,0,3
653,1444,631,0,3
644,1445,622,0,3
653,1445,631,0,3
655,1447,633,0,3
642,1448,664,3,0
655,1448,633,0,3
656,1448,634,0,3
641,1449,663,3,0
642,1449,664,3,0
655,1449,633,0,3
656,1449,634,0,3
657,1449,679,3,0
641,1450,663,3,0
642,1450,664,3,0
655,1450,633,0,3
656,1450,634,0,3
657,1450,679,3,0
641,1451,663,3,0
642,1451,664,3,0
655,1451,633,0,3
656,1451,634,0,3
657,1451,679,3,0
659,1451,637,0,3
660,1452,638,0,2
662,1452,684,3,0
663,1452,685,3,0
664,1452,686,3,0
677,1452,655,0,3
678,1452,656,0,3
679,1452,701,3,0
681,1452,659,0,3
662,1453,684,3,0
663,1453,685,3,0
664,1453,686,3,0
677,1453,655,0,3
678,1453,656,0,3
679,1453,701,3,0
662,1454,684,3,0
663,1454,685,3,0
664,1454,686,3,0
677,1454,655,0,3
678,1454,656,0,3
679,1454,701,3,0
663,1455,685,3,0
664,1455,686,3,0
677,1455,655,0,3
678,1455,656,0,3
664,1456,686,3,0
677,1456,655,0,3
666,1458,644,0,3
666,1459,644,0,3
675,1459,653,0,3
666,1460,644,0,3
675,1460,653,0,3
666,1461,644,0,3
669,1461,691,3,0
675,1461,653,0,3
666,1462,644,0,3
669,1462,691,3,0
670,1462,692,3,0
675,1462,653,0,3
666,1463,644,0,3
669,1463,691,3,0
670,1463,692,3,0
675,1463,653,0,3
666,1464,644,0,3
669,1464,691,3,0
675,1464,653,0,3
666,1465,644,0,3
675,1465,653,0,3
666,1466,644,0,3
675,1466,653,0,3
666,1467,644,0,3
675,1467,653,0,3
677,1469,655,0,3
664,1470,686,3,0
677,1470,655,0,3
678,1470,656,0,3
663,1471,685,3,0
664,1471,686,3,0
677,1471,655,0,3
678,1471,656,0,3
679,1471,701,3,0
662,1472,684,3,0
663,1472,685,3,0
664,1472,686,3,0
677,1472,655,0,3
678,1472,656,0,3
679,1472,701,3,0
662,1473,684,3,0
663,1473,685,3,0
664,1473,686,3,0
677,1473,655,0,3
678,1473,656,0,3
679,1473,701,3,0
681,1473,659,0,3
682,1474,660,0,2
684,1474,706,3,0
685,1474,707,3,0
699,1474,677,0,3
700,1474,678,0,3
701,1474,723,3,0
703,1474,681,0,3
684,1475,706,3,0
685,1475,707,3,0
699,1475,677,0,3
700,1475,678,0,3
701,1475,723,3,0
684,1476,706,3,0
685,1476,707,3,0
699,1476,677,0,3
700,1476,678,0,3
701,1476,723,3,0
685,1477,707,3,0
699,1477,677,0,3
700,1477,678,0,3
699,1478,677,0,3
688,1480,666,0,3
688,1481,666,0,3
697,1481,675,0,3
688,1482,666,0,3
697,1482,675,0,3
688,1483,666,0,3
691,1483,713,3,0
697,1483,675,0,3
688,1484,666,0,3
691,1484,713,3,0
692,1484,714,3,0
697,1484,675,0,3
688,1485,666,0,3
691,1485,713,3,0
692,1485,714,3,0
697,1485,675,0,3
688,1486,666,0,3
691,1486,713,3,0
697,1486,675,0,3
688,1487,666,0,3
697,1487,675,0,3
688,1488,666,0,3
697,1488,675,0,3
688,1489,666,0,3
697,1489,675,0,3
699,1491,677,0,3
699,1492,677,0,3
700,1492,678,0,3
685,1493,707,3,0
699,1493,677,0,3
700,1493,678,0,3
701,1493,723,3,0
684,1494,706,3,0
685,1494,707,3,0
699,1494,677,0,3
700,1494,678,0,3
701,1494,723,3,0
684,1495,706,3,0
685,1495,707,3,0
699,1495,677,0,3
700,1495,678,0,3
701,1495,723,3,0
703,1495,681,0,3
704,1496,682,0,2
707,1496,729,3,0
723,1496,745,3,0
707,1497,729,3,0
723,1497,745,3,0
707,1498,729,3,0
723,1498,745,3,0
707,1499,729,3,0
710,1502,688,0,3
710,1503,688,0,3
711,1503,733,3,0
719,1503,697,0,3
710,1504,688,0,3
711,1504,733,3,0
719,1504,697,0,3
710,1505,688,0,3
711,1505,733,3,0
713,1505,735,3,0
719,1505,697,0,3
710,1506,688,0,3
711,1506,733,3,0
713,1506,735,3,0
714,1506,736,3,0
719,1506,697,0,3
710,1507,688,0,3
711,1507,733,3,0
713,1507,735,3,0
714,1507,736,3,0
719,1507,697,0,3
710,1508,688,0,3
711,1508,733,3,0
713,1508,735,3,0
719,1508,697,0,3
710,1509,688,0,3
711,1509,733,3,0
719,1509,697,0,3
710,1510,688,0,3
711,1510,733,3,0
719,1510,697,0,3
710,1511,688,0,3
719,1511,697,0,3
707,1515,729,3,0
723,1515,745,3,0
707,1516,729,3,0
723,1516,745,3,0
707,1517,729,3,0
723,1517,745,3,0
729,1518,751,3,0
742,1518,720,0,3
743,1518,721,0,3
745,1518,767,3,0
746,1518,768,3,0
747,1518,725,0,3
729,1519,751,3,0
742,1519,720,0,3
743,1519,721,0,3
745,1519,767,3,0
746,1519,768,3,0
729,1520,751,3,0
742,1520,720,0,3
743,1520,721,0,3
745,1520,767,3,0
729,1521,751,3,0
742,1521,720,0,3
743,1521,721,0,3
742,1522,720,0,3
743,1522,721,0,3
732,1524,710,0,3
742,1524,720,0,3
732,1525,710,0,3
741,1525,719,0,3
742,1525,720,0,3
732,1526,710,0,3
741,1526,719,0,3
742,1526,720,0,3
732,1527,710,0,3
735,1527,757,3,0
739,1527,761,3,0
741,1527,719,0,3
742,1527,720,0,3
732,1528,710,0,3
735,1528,757,3,0
739,1528,761,3,0
741,1528,719,0,3
742,1528,720,0,3
732,1529,710,0,3
735,1529,757,3,0
739,1529,761,3,0
741,1529,719,0,3
742,1529,720,0,3
732,1530,710,0,3
735,1530,757,3,0
739,1530,761,3,0
741,1530,719,0,3
742,1530,720,0,3
732,1531,710,0,3
739,1531,761,3,0
741,1531,719,0,3
742,1531,720,0,3
732,1532,710,0,3
741,1532,719,0,3
742,1532,720,0,3
732,1533,710,0,3
741,1533,719,0,3
742,1533,720,0,3
742,1534,720,0,3
742,1535,720,0,3
743,1535,721,0,3
742,1536,720,0,3
743,1536,721,0,3
729,1537,751,3,0
742,1537,720,0,3
743,1537,721,0,3
745,1537,767,3,0
729,1538,751,3,0
742,1538,720,0,3
743,1538,721,0,3
745,1538,767,3,0
746,1538,768,3,0
729,1539,751,3,0
742,1539,720,0,3
743,1539,721,0,3
745,1539,767,3,0
746,1539,768,3,0
747,1539,725,0,3
751,1540,773,3,0
764,1540,742,0,3
765,1540,743,0,3
767,1540,789,3,0
768,1540,790,3,0
751,1541,773,3,0
764,1541,742,0,3
765,1541,743,0,3
767,1541,789,3,0
768,1541,790,3,0
751,1542,773,3,0
764,1542,742,0,3
765,1542,743,0,3
767,1542,789,3,0
751,1543,773,3,0
764,1543,742,0,3
765,1543,743,0,3
764,1544,742,0,3
765,1544,743,0,3
764,1545,742,0,3
754,1546,732,0,3
764,1546,742,0,3
754,1547,732,0,3
763,1547,741,0,3
764,1547,742,0,3
754,1548,732,0,3
756,1548,734,0,3
763,1548,741,0,3
764,1548,742,0,3
754,1549,732,0,3
756,1549,734,0,3
757,1549,779,3,0
761,1549,783,3,0
763,1549,741,0,3
764,1549,742,0,3
754,1550,732,0,3
756,1550,734,0,3
757,1550,779,3,0
758,1550,780,3,0
761,1550,783,3,0
763,1550,741,0,3
764,1550,742,0,3
754,1551,732,0,3
756,1551,734,0,3
757,1551,779,3,0
758,1551,780,3,0
761,1551,783,3,0
763,1551,741,0,3
764,1551,742,0,3
754,1552,732,0,3
756,1552,734,0,3
757,1552,779,3,0
761,1552,783,3,0
763,1552,741,0,3
764,1552,742,0,3
754,1553,732,0,3
756,1553,734,0,3
761,1553,783,3,0
763,1553,741,0,3
764,1553,742,0,3
754,1554,732,0,3
763,1554,741,0,3
764,1554,742,0,3
754,1555,732,0,3
763,1555,741,0,3
764,1555,742,0,3
764,1556,742,0,3
764,1557,742,0,3
765,1557,743,0,3
764,1558,742,0,3
765,1558,743,0,3
751,1559,773,3,0
764,1559,742,0,3
765,1559,743,0,3
767,1559,789,3,0
751,1560,773,3,0
764,1560,742,0,3
765,1560,743,0,3
767,1560,789,3,0
768,1560,790,3,0
751,1561,773,3,0
764,1561,742,0,3
765,1561,743,0,3
767,1561,789,3,0
768,1561,790,3,0
773,1562,795,3,0
774,1562,796,3,0
788,1562,766,0,3
789,1562,811,3,0
773,1563,795,3,0
774,1563,796,3,0
788,1563,766,0,3
789,1563,811,3,0
773,1564,795,3,0
774,1564,796,3,0
788,1564,766,0,3
789,1564,811,3,0
773,1565,795,3,0
774,1565,796,3,0
788,1565,766,0,3
774,1566,796,3,0
776,1568,754,0,3
776,1569,754,0,3
785,1569,763,0,3
776,1570,754,0,3
785,1570,763,0,3
776,1571,754,0,3
779,1571,801,3,0
783,1571,805,3,0
785,1571,763,0,3
776,1572,754,0,3
779,1572,801,3,0
780,1572,802,3,0
783,1572,805,3,0
785,1572,763,0,3
776,1573,754,0,3
779,1573,801,3,0
780,1573,802,3,0
783,1573,805,3,0
785,1573,763,0,3
776,1574,754,0,3
779,1574,801,3,0
783,1574,805,3,0
785,1574,763,0,3
776,1575,754,0,3
783,1575,805,3,0
785,1575,763,0,3
776,1576,754,0,3
785,1576,763,0,3
776,1577,754,0,3
785,1577,763,0,3
774,1580,796,3,0
788,1580,766,0,3
773,1581,795,3,0
774,1581,796,3,0
788,1581,766,0,3
789,1581,811,3,0
773,1582,795,3,0
774,1582,796,3,0
788,1582,766,0,3
789,1582,811,3,0
773,1583,795,3,0
774,1583,796,3,0
788,1583,766,0,3
789,1583,811,3,0
137,1584,159,3,0
140,1584,162,3,0
146,1584,124,0,3
147,1584,169,3,0
148,1584,170,3,0
137,1586,159,3,0
140,1586,162,3,0
142,1586,120,0,3
144,1586,166,3,0
146,1586,124,0,3
147,1586,169,3,0
148,1586,170,3,0
490,1587,468,0,3
492,1587,514,3,0
493,1587,515,3,0
498,1587,476,0,3
357,1588,379,3,0
358,1588,336,0,3
137,1590,159,3,0
147,1590,169,3,0
148,1590,170,3,0
1546,1591,1568,3,0
1555,1591,1577,3,0
1556,1591,1578,3,0
1166,1592,1188,2,0
1168,1592,1146,0,3
1169,1592,1147,0,3
1170,1592,1148,0,3
1171,1592,1149,0,3
1185,1592,1163,0,3
1187,1592,1209,3,0
1078,1593,1100,2,0
1080,1593,1058,0,3
1081,1593,1059,0,3
1082,1593,1060,0,3
1083,1593,1061,0,3
1095,1593,1073,0,3
1097,1593,1075,0,3
1099,1593,1121,3,0
947,1594,969,3,0
949,1594,971,3,0
950,1594,972,3,0
951,1594,929,0,3
962,1594,940,0,3
963,1594,941,0,3
964,1594,942,0,3
967,1594,989,3,0
28,1595,50,3,0
30,1595,52,3,0
31,1595,9,0,2
34,1595,56,3,0
35,1595,13,0,2
37,1595,59,3,0
38,1595,16,0,2
