792,0,770,0,2
794,0,772,0,3
796,0,774,0,3
797,0,819,3,0
808,0,830,3,0
810,0,832,3,0
812,0,790,0,3
813,0,791,0,3
794,1,772,0,3
796,1,774,0,3
797,1,819,3,0
808,1,830,3,0
810,1,832,3,0
812,1,790,0,3
794,2,772,0,3
796,2,774,0,3
797,2,819,3,0
808,2,830,3,0
810,2,832,3,0
796,3,774,0,3
797,3,819,3,0
808,3,830,3,0
810,3,832,3,0
796,4,774,0,3
797,4,819,3,0
808,4,830,3,0
797,5,819,3,0
808,5,830,3,0
797,6,819,3,0
808,6,830,3,0
797,7,819,3,0
799,7,821,3,0
808,7,830,3,0
797,8,819,3,0
799,8,821,3,0
800,8,778,0,3
808,8,830,3,0
797,9,819,3,0
799,9,821,3,0
800,9,778,0,3
801,9,823,3,0
808,9,830,3,0
797,10,819,3,0
799,10,821,3,0
800,10,778,0,3
801,10,823,3,0
802,10,780,0,3
808,10,830,3,0
797,11,819,3,0
799,11,821,3,0
800,11,778,0,3
801,11,823,3,0
802,11,780,0,3
803,11,781,0,3
808,11,830,3,0
797,12,819,3,0
799,12,821,3,0
800,12,778,0,3
801,12,823,3,0
808,12,830,3,0
797,13,819,3,0
799,13,821,3,0
800,13,778,0,3
808,13,830,3,0
797,14,819,3,0
799,14,821,3,0
808,14,830,3,0
797,15,819,3,0
808,15,830,3,0
808,16,830,3,0
797,17,819,3,0
808,17,830,3,0
796,18,774,0,3
797,18,819,3,0
808,18,830,3,0
810,18,832,3,0
796,19,774,0,3
797,19,819,3,0
808,19,830,3,0
810,19,832,3,0
794,20,772,0,3
796,20,774,0,3
797,20,819,3,0
808,20,830,3,0
810,20,832,3,0
812,20,790,0,3
794,21,772,0,3
796,21,774,0,3
797,21,819,3,0
808,21,830,3,0
810,21,832,3,0
812,21,790,0,3
813,21,791,0,3
814,22,792,0,2
816,22,794,0,3
818,22,796,0,3
819,22,841,3,0
830,22,852,3,0
832,22,854,3,0
835,22,813,0,3
816,23,794,0,3
818,23,796,0,3
819,23,841,3,0
830,23,852,3,0
832,23,854,3,0
816,24,794,0,3
818,24,796,0,3
819,24,841,3,0
830,24,852,3,0
832,24,854,3,0
818,25,796,0,3
819,25,841,3,0
830,25,852,3,0
832,25,854,3,0
818,26,796,0,3
819,26,841,3,0
830,26,852,3,0
819,27,841,3,0
830,27,852,3,0
819,28,841,3,0
830,28,852,3,0
819,29,841,3,0
821,29,843,3,0
830,29,852,3,0
819,30,841,3,0
821,30,843,3,0
822,30,800,0,3
830,30,852,3,0
819,31,841,3,0
821,31,843,3,0
822,31,800,0,3
823,31,845,3,0
830,31,852,3,0
819,32,841,3,0
821,32,843,3,0
822,32,800,0,3
823,32,845,3,0
824,32,802,0,3
830,32,852,3,0
819,33,841,3,0
821,33,843,3,0
822,33,800,0,3
823,33,845,3,0
824,33,802,0,3
830,33,852,3,0
819,34,841,3,0
821,34,843,3,0
822,34,800,0,3
823,34,845,3,0
830,34,852,3,0
819,35,841,3,0
821,35,843,3,0
822,35,800,0,3
830,35,852,3,0
819,36,841,3,0
821,36,843,3,0
830,36,852,3,0
819,37,841,3,0
830,37,852,3,0
830,38,852,3,0
819,39,841,3,0
830,39,852,3,0
818,40,796,0,3
819,40,841,3,0
830,40,852,3,0
832,40,854,3,0
818,41,796,0,3
819,41,841,3,0
830,41,852,3,0
832,41,854,3,0
816,42,794,0,3
818,42,796,0,3
819,42,841,3,0
830,42,852,3,0
832,42,854,3,0
816,43,794,0,3
818,43,796,0,3
819,43,841,3,0
830,43,852,3,0
832,43,854,3,0
835,43,813,0,3
836,44,814,0,2
838,44,816,0,3
852,44,874,3,0
854,44,876,3,0
855,44,877,3,0
856,44,878,3,0
838,45,816,0,3
852,45,874,3,0
854,45,876,3,0
855,45,877,3,0
856,45,878,3,0
838,46,816,0,3
852,46,874,3,0
854,46,876,3,0
855,46,877,3,0
852,47,874,3,0
854,47,876,3,0
852,48,874,3,0
852,49,874,3,0
852,50,874,3,0
843,51,821,0,3
852,51,874,3,0
843,52,821,0,3
844,52,822,0,3
850,52,828,0,3
852,52,874,3,0
843,53,821,0,3
844,53,822,0,3
845,53,867,3,0
850,53,828,0,3
852,53,874,3,0
843,54,821,0,3
844,54,822,0,3
845,54,867,3,0
850,54,828,0,3
852,54,874,3,0
843,55,821,0,3
844,55,822,0,3
845,55,867,3,0
850,55,828,0,3
852,55,874,3,0
843,56,821,0,3
844,56,822,0,3
845,56,867,3,0
850,56,828,0,3
852,56,874,3,0
843,57,821,0,3
844,57,822,0,3
850,57,828,0,3
852,57,874,3,0
843,58,821,0,3
850,58,828,0,3
852,58,874,3,0
852,59,874,3,0
852,60,874,3,0
852,61,874,3,0
852,62,874,3,0
854,62,876,3,0
852,63,874,3,0
854,63,876,3,0
855,63,877,3,0
838,64,816,0,3
852,64,874,3,0
854,64,876,3,0
855,64,877,3,0
856,64,878,3,0
838,65,816,0,3
852,65,874,3,0
854,65,876,3,0
855,65,877,3,0
856,65,878,3,0
860,66,838,0,3
862,66,840,0,3
863,66,841,0,3
874,66,896,3,0
876,66,898,3,0
877,66,899,3,0
878,66,900,3,0
860,67,838,0,3
862,67,840,0,3
863,67,841,0,3
874,67,896,3,0
876,67,898,3,0
877,67,899,3,0
878,67,900,3,0
860,68,838,0,3
862,68,840,0,3
863,68,841,0,3
874,68,896,3,0
876,68,898,3,0
877,68,899,3,0
862,69,840,0,3
863,69,841,0,3
874,69,896,3,0
876,69,898,3,0
862,70,840,0,3
863,70,841,0,3
874,70,896,3,0
863,71,841,0,3
874,71,896,3,0
863,72,841,0,3
874,72,896,3,0
863,73,841,0,3
865,73,843,0,3
874,73,896,3,0
863,74,841,0,3
865,74,843,0,3
866,74,844,0,3
872,74,850,0,3
874,74,896,3,0
863,75,841,0,3
865,75,843,0,3
866,75,844,0,3
867,75,889,3,0
872,75,850,0,3
874,75,896,3,0
863,76,841,0,3
865,76,843,0,3
866,76,844,0,3
867,76,889,3,0
872,76,850,0,3
874,76,896,3,0
863,77,841,0,3
865,77,843,0,3
866,77,844,0,3
867,77,889,3,0
872,77,850,0,3
874,77,896,3,0
863,78,841,0,3
865,78,843,0,3
866,78,844,0,3
867,78,889,3,0
872,78,850,0,3
874,78,896,3,0
863,79,841,0,3
865,79,843,0,3
866,79,844,0,3
872,79,850,0,3
874,79,896,3,0
863,80,841,0,3
865,80,843,0,3
872,80,850,0,3
874,80,896,3,0
863,81,841,0,3
874,81,896,3,0
874,82,896,3,0
863,83,841,0,3
874,83,896,3,0
862,84,840,0,3
863,84,841,0,3
874,84,896,3,0
876,84,898,3,0
862,85,840,0,3
863,85,841,0,3
874,85,896,3,0
876,85,898,3,0
877,85,899,3,0
860,86,838,0,3
862,86,840,0,3
863,86,841,0,3
874,86,896,3,0
876,86,898,3,0
877,86,899,3,0
878,86,900,3,0
860,87,838,0,3
862,87,840,0,3
863,87,841,0,3
874,87,896,3,0
876,87,898,3,0
877,87,899,3,0
878,87,900,3,0
880,88,858,0,2
882,88,860,0,3
884,88,862,0,3
885,88,863,0,3
896,88,918,3,0
898,88,920,3,0
899,88,921,3,0
900,88,922,3,0
882,89,860,0,3
884,89,862,0,3
885,89,863,0,3
896,89,918,3,0
898,89,920,3,0
899,89,921,3,0
900,89,922,3,0
882,90,860,0,3
884,90,862,0,3
885,90,863,0,3
896,90,918,3,0
898,90,920,3,0
899,90,921,3,0
884,91,862,0,3
885,91,863,0,3
896,91,918,3,0
898,91,920,3,0
884,92,862,0,3
885,92,863,0,3
896,92,918,3,0
885,93,863,0,3
896,93,918,3,0
885,94,863,0,3
886,94,908,3,0
896,94,918,3,0
885,95,863,0,3
886,95,908,3,0
896,95,918,3,0
885,96,863,0,3
886,96,908,3,0
888,96,866,0,3
894,96,872,0,3
896,96,918,3,0
885,97,863,0,3
886,97,908,3,0
888,97,866,0,3
889,97,911,3,0
894,97,872,0,3
896,97,918,3,0
885,98,863,0,3
886,98,908,3,0
888,98,866,0,3
889,98,911,3,0
894,98,872,0,3
896,98,918,3,0
885,99,863,0,3
886,99,908,3,0
888,99,866,0,3
889,99,911,3,0
891,99,913,3,0
894,99,872,0,3
896,99,918,3,0
885,100,863,0,3
886,100,908,3,0
888,100,866,0,3
889,100,911,3,0
894,100,872,0,3
896,100,918,3,0
885,101,863,0,3
886,101,908,3,0
888,101,866,0,3
894,101,872,0,3
896,101,918,3,0
885,102,863,0,3
886,102,908,3,0
894,102,872,0,3
896,102,918,3,0
885,103,863,0,3
886,103,908,3,0
896,103,918,3,0
896,104,918,3,0
885,105,863,0,3
896,105,918,3,0
884,106,862,0,3
885,106,863,0,3
896,106,918,3,0
898,106,920,3,0
884,107,862,0,3
885,107,863,0,3
896,107,918,3,0
898,107,920,3,0
899,107,921,3,0
882,108,860,0,3
884,108,862,0,3
885,108,863,0,3
896,108,918,3,0
898,108,920,3,0
899,108,921,3,0
900,108,922,3,0
882,109,860,0,3
884,109,862,0,3
885,109,863,0,3
896,109,918,3,0
898,109,920,3,0
899,109,921,3,0
900,109,922,3,0
902,110,880,0,2
904,110,882,0,3
906,110,884,0,3
907,110,885,0,3
918,110,940,3,0
920,110,942,3,0
921,110,943,3,0
922,110,944,3,0
904,111,882,0,3
906,111,884,0,3
907,111,885,0,3
918,111,940,3,0
920,111,942,3,0
921,111,943,3,0
922,111,944,3,0
904,112,882,0,3
906,112,884,0,3
907,112,885,0,3
918,112,940,3,0
920,112,942,3,0
921,112,943,3,0
906,113,884,0,3
907,113,885,0,3
918,113,940,3,0
920,113,942,3,0
906,114,884,0,3
907,114,885,0,3
918,114,940,3,0
907,115,885,0,3
918,115,940,3,0
907,116,885,0,3
908,116,930,3,0
918,116,940,3,0
907,117,885,0,3
908,117,930,3,0
918,117,940,3,0
907,118,885,0,3
908,118,930,3,0
910,118,888,0,3
916,118,894,0,3
918,118,940,3,0
907,119,885,0,3
908,119,930,3,0
910,119,888,0,3
916,119,894,0,3
918,119,940,3,0
907,120,885,0,3
908,120,930,3,0
910,120,888,0,3
916,120,894,0,3
918,120,940,3,0
907,121,885,0,3
908,121,930,3,0
910,121,888,0,3
913,121,935,3,0
916,121,894,0,3
918,121,940,3,0
907,122,885,0,3
908,122,930,3,0
910,122,888,0,3
916,122,894,0,3
918,122,940,3,0
907,123,885,0,3
908,123,930,3,0
910,123,888,0,3
916,123,894,0,3
918,123,940,3,0
907,124,885,0,3
908,124,930,3,0
916,124,894,0,3
918,124,940,3,0
907,125,885,0,3
908,125,930,3,0
918,125,940,3,0
918,126,940,3,0
907,127,885,0,3
918,127,940,3,0
906,128,884,0,3
907,128,885,0,3
918,128,940,3,0
920,128,942,3,0
906,129,884,0,3
907,129,885,0,3
918,129,940,3,0
920,129,942,3,0
921,129,943,3,0
904,130,882,0,3
906,130,884,0,3
907,130,885,0,3
918,130,940,3,0
920,130,942,3,0
921,130,943,3,0
922,130,944,3,0
904,131,882,0,3
906,131,884,0,3
907,131,885,0,3
918,131,940,3,0
920,131,942,3,0
921,131,943,3,0
922,131,944,3,0
924,132,902,0,2
925,132,903,0,3
926,132,904,0,3
928,132,906,0,3
940,132,962,3,0
944,132,966,3,0
945,132,967,3,0
925,133,903,0,3
926,133,904,0,3
928,133,906,0,3
940,133,962,3,0
944,133,966,3,0
926,134,904,0,3
928,134,906,0,3
940,134,962,3,0
928,135,906,0,3
940,135,962,3,0
928,136,906,0,3
940,136,962,3,0
940,137,962,3,0
930,138,908,0,3
940,138,962,3,0
930,139,908,0,3
931,139,909,0,3
940,139,962,3,0
930,140,908,0,3
931,140,909,0,3
932,140,910,0,3
938,140,916,0,3
940,140,962,3,0
930,141,908,0,3
931,141,909,0,3
932,141,910,0,3
938,141,916,0,3
940,141,962,3,0
930,142,908,0,3
931,142,909,0,3
932,142,910,0,3
938,142,916,0,3
940,142,962,3,0
930,143,908,0,3
931,143,909,0,3
932,143,910,0,3
935,143,957,3,0
938,143,916,0,3
940,143,962,3,0
930,144,908,0,3
931,144,909,0,3
932,144,910,0,3
938,144,916,0,3
940,144,962,3,0
930,145,908,0,3
931,145,909,0,3
932,145,910,0,3
938,145,916,0,3
940,145,962,3,0
930,146,908,0,3
931,146,909,0,3
938,146,916,0,3
940,146,962,3,0
930,147,908,0,3
940,147,962,3,0
940,148,962,3,0
940,149,962,3,0
928,150,906,0,3
940,150,962,3,0
928,151,906,0,3
940,151,962,3,0
926,152,904,0,3
928,152,906,0,3
940,152,962,3,0
944,152,966,3,0
925,153,903,0,3
926,153,904,0,3
928,153,906,0,3
940,153,962,3,0
944,153,966,3,0
945,153,967,3,0
946,154,924,0,2
947,154,925,0,3
948,154,926,0,3
950,154,928,0,3
951,154,929,0,3
962,154,984,3,0
964,154,986,3,0
966,154,988,3,0
967,154,989,3,0
947,155,925,0,3
948,155,926,0,3
950,155,928,0,3
951,155,929,0,3
962,155,984,3,0
964,155,986,3,0
966,155,988,3,0
948,156,926,0,3
950,156,928,0,3
951,156,929,0,3
962,156,984,3,0
964,156,986,3,0
950,157,928,0,3
951,157,929,0,3
962,157,984,3,0
964,157,986,3,0
950,158,928,0,3
951,158,929,0,3
962,158,984,3,0
951,159,929,0,3
962,159,984,3,0
951,160,929,0,3
962,160,984,3,0
951,161,929,0,3
962,161,984,3,0
951,162,929,0,3
954,162,932,0,3
962,162,984,3,0
951,163,929,0,3
954,163,932,0,3
955,163,977,3,0
962,163,984,3,0
951,164,929,0,3
954,164,932,0,3
955,164,977,3,0
958,164,980,3,0
962,164,984,3,0
951,165,929,0,3
954,165,932,0,3
955,165,977,3,0
957,165,979,3,0
958,165,980,3,0
962,165,984,3,0
951,166,929,0,3
954,166,932,0,3
955,166,977,3,0
958,166,980,3,0
962,166,984,3,0
951,167,929,0,3
954,167,932,0,3
962,167,984,3,0
951,168,929,0,3
962,168,984,3,0
951,169,929,0,3
962,169,984,3,0
962,170,984,3,0
951,171,929,0,3
962,171,984,3,0
950,172,928,0,3
951,172,929,0,3
962,172,984,3,0
964,172,986,3,0
950,173,928,0,3
951,173,929,0,3
962,173,984,3,0
964,173,986,3,0
948,174,926,0,3
950,174,928,0,3
951,174,929,0,3
962,174,984,3,0
964,174,986,3,0
966,174,988,3,0
947,175,925,0,3
948,175,926,0,3
950,175,928,0,3
951,175,929,0,3
962,175,984,3,0
964,175,986,3,0
966,175,988,3,0
967,175,989,3,0
968,176,946,0,2
969,176,947,0,3
970,176,948,0,3
972,176,950,0,3
973,176,951,0,3
985,176,963,0,3
986,176,1008,3,0
988,176,1010,3,0
989,176,1011,3,0
969,177,947,0,3
970,177,948,0,3
972,177,950,0,3
973,177,951,0,3
985,177,963,0,3
986,177,1008,3,0
988,177,1010,3,0
970,178,948,0,3
972,178,950,0,3
973,178,951,0,3
985,178,963,0,3
986,178,1008,3,0
972,179,950,0,3
973,179,951,0,3
985,179,963,0,3
986,179,1008,3,0
972,180,950,0,3
973,180,951,0,3
985,180,963,0,3
973,181,951,0,3
973,182,951,0,3
973,183,951,0,3
975,183,953,0,3
983,183,961,0,3
973,184,951,0,3
975,184,953,0,3
976,184,954,0,3
982,184,1004,3,0
983,184,961,0,3
973,185,951,0,3
975,185,953,0,3
976,185,954,0,3
977,185,999,3,0
982,185,1004,3,0
983,185,961,0,3
973,186,951,0,3
975,186,953,0,3
976,186,954,0,3
977,186,999,3,0
980,186,1002,3,0
982,186,1004,3,0
983,186,961,0,3
973,187,951,0,3
975,187,953,0,3
976,187,954,0,3
977,187,999,3,0
979,187,1001,3,0
980,187,1002,3,0
982,187,1004,3,0
983,187,961,0,3
973,188,951,0,3
975,188,953,0,3
976,188,954,0,3
977,188,999,3,0
980,188,1002,3,0
982,188,1004,3,0
983,188,961,0,3
973,189,951,0,3
975,189,953,0,3
976,189,954,0,3
982,189,1004,3,0
983,189,961,0,3
973,190,951,0,3
975,190,953,0,3
982,190,1004,3,0
983,190,961,0,3
973,191,951,0,3
983,191,961,0,3
973,193,951,0,3
985,193,963,0,3
972,194,950,0,3
973,194,951,0,3
985,194,963,0,3
986,194,1008,3,0
972,195,950,0,3
973,195,951,0,3
985,195,963,0,3
986,195,1008,3,0
970,196,948,0,3
972,196,950,0,3
973,196,951,0,3
985,196,963,0,3
986,196,1008,3,0
988,196,1010,3,0
969,197,947,0,3
970,197,948,0,3
972,197,950,0,3
973,197,951,0,3
985,197,963,0,3
986,197,1008,3,0
988,197,1010,3,0
989,197,1011,3,0
990,198,968,0,2
991,198,969,0,3
992,198,970,0,3
993,198,971,0,3
994,198,972,0,3
1007,198,985,0,3
1008,198,1030,3,0
1010,198,1032,3,0
991,199,969,0,3
992,199,970,0,3
993,199,971,0,3
994,199,972,0,3
1007,199,985,0,3
1008,199,1030,3,0
1010,199,1032,3,0
992,200,970,0,3
993,200,971,0,3
994,200,972,0,3
1007,200,985,0,3
1008,200,1030,3,0
993,201,971,0,3
994,201,972,0,3
1007,201,985,0,3
1008,201,1030,3,0
994,202,972,0,3
1007,202,985,0,3
996,204,974,0,3
996,205,974,0,3
997,205,975,0,3
1005,205,983,0,3
996,206,974,0,3
997,206,975,0,3
998,206,976,0,3
1005,206,983,0,3
996,207,974,0,3
997,207,975,0,3
998,207,976,0,3
999,207,1021,3,0
1005,207,983,0,3
996,208,974,0,3
997,208,975,0,3
998,208,976,0,3
999,208,1021,3,0
1000,208,978,0,3
1002,208,1024,3,0
1005,208,983,0,3
996,209,974,0,3
997,209,975,0,3
998,209,976,0,3
999,209,1021,3,0
1000,209,978,0,3
1001,209,1023,3,0
1002,209,1024,3,0
1005,209,983,0,3
996,210,974,0,3
997,210,975,0,3
998,210,976,0,3
999,210,1021,3,0
1002,210,1024,3,0
1005,210,983,0,3
996,211,974,0,3
997,211,975,0,3
998,211,976,0,3
1005,211,983,0,3
996,212,974,0,3
997,212,975,0,3
1005,212,983,0,3
996,213,974,0,3
1005,213,983,0,3
1007,215,985,0,3
994,216,972,0,3
1007,216,985,0,3
1008,216,1030,3,0
993,217,971,0,3
994,217,972,0,3
1007,217,985,0,3
1008,217,1030,3,0
992,218,970,0,3
993,218,971,0,3
994,218,972,0,3
1007,218,985,0,3
1008,218,1030,3,0
1010,218,1032,3,0
991,219,969,0,3
992,219,970,0,3
993,219,971,0,3
994,219,972,0,3
1007,219,985,0,3
1008,219,1030,3,0
1010,219,1032,3,0
1012,220,990,0,2
1014,220,992,0,3
1016,220,994,0,3
1029,220,1007,0,3
1030,220,1008,0,3
1032,220,1054,3,0
1014,221,992,0,3
1016,221,994,0,3
1029,221,1007,0,3
1030,221,1008,0,3
1032,221,1054,3,0
1014,222,992,0,3
1016,222,994,0,3
1029,222,1007,0,3
1030,222,1008,0,3
1016,223,994,0,3
1029,223,1007,0,3
1030,223,1008,0,3
1016,224,994,0,3
1029,224,1007,0,3
1018,226,996,0,3
1018,227,996,0,3
1019,227,997,0,3
1027,227,1005,0,3
1018,228,996,0,3
1019,228,997,0,3
1020,228,998,0,3
1027,228,1005,0,3
1018,229,996,0,3
1019,229,997,0,3
1020,229,998,0,3
1021,229,1043,3,0
1027,229,1005,0,3
1018,230,996,0,3
1019,230,997,0,3
1020,230,998,0,3
1021,230,1043,3,0
1022,230,1000,0,3
1024,230,1046,3,0
1027,230,1005,0,3
1018,231,996,0,3
1019,231,997,0,3
1020,231,998,0,3
1021,231,1043,3,0
1022,231,1000,0,3
1023,231,1045,3,0
1024,231,1046,3,0
1027,231,1005,0,3
1018,232,996,0,3
1019,232,997,0,3
1020,232,998,0,3
1021,232,1043,3,0
1024,232,1046,3,0
1027,232,1005,0,3
1018,233,996,0,3
1019,233,997,0,3
1020,233,998,0,3
1027,233,1005,0,3
1018,234,996,0,3
1019,234,997,0,3
1027,234,1005,0,3
1018,235,996,0,3
1027,235,1005,0,3
1029,237,1007,0,3
1016,238,994,0,3
1029,238,1007,0,3
1030,238,1008,0,3
1016,239,994,0,3
1029,239,1007,0,3
1030,239,1008,0,3
1014,240,992,0,3
1016,240,994,0,3
1029,240,1007,0,3
1030,240,1008,0,3
1032,240,1054,3,0
1014,241,992,0,3
1016,241,994,0,3
1029,241,1007,0,3
1030,241,1008,0,3
1032,241,1054,3,0
1034,242,1012,0,2
1036,242,1014,0,3
1038,242,1016,0,3
1054,242,1076,3,0
1036,243,1014,0,3
1038,243,1016,0,3
1054,243,1076,3,0
1036,244,1014,0,3
1038,244,1016,0,3
1038,245,1016,0,3
1038,246,1016,0,3
1040,248,1018,0,3
1040,249,1018,0,3
1041,249,1019,0,3
1049,249,1027,0,3
1040,250,1018,0,3
1041,250,1019,0,3
1042,250,1020,0,3
1048,250,1070,3,0
1049,250,1027,0,3
1040,251,1018,0,3
1041,251,1019,0,3
1042,251,1020,0,3
1043,251,1065,3,0
1048,251,1070,3,0
1049,251,1027,0,3
1040,252,1018,0,3
1041,252,1019,0,3
1042,252,1020,0,3
1043,252,1065,3,0
1044,252,1022,0,3
1046,252,1068,3,0
1048,252,1070,3,0
1049,252,1027,0,3
1040,253,1018,0,3
1041,253,1019,0,3
1042,253,1020,0,3
1043,253,1065,3,0
1044,253,1022,0,3
1045,253,1067,3,0
1046,253,1068,3,0
1048,253,1070,3,0
1049,253,1027,0,3
1040,254,1018,0,3
1041,254,1019,0,3
1042,254,1020,0,3
1043,254,1065,3,0
1046,254,1068,3,0
1048,254,1070,3,0
1049,254,1027,0,3
1040,255,1018,0,3
1041,255,1019,0,3
1042,255,1020,0,3
1048,255,1070,3,0
1049,255,1027,0,3
1040,256,1018,0,3
1041,256,1019,0,3
1048,256,1070,3,0
1049,256,1027,0,3
1040,257,1018,0,3
1049,257,1027,0,3
1038,260,1016,0,3
1038,261,1016,0,3
1036,262,1014,0,3
1038,262,1016,0,3
1054,262,1076,3,0
1036,263,1014,0,3
1038,263,1016,0,3
1054,263,1076,3,0
1058,264,1036,0,3
1059,264,1037,0,3
1060,264,1038,0,3
1076,264,1098,3,0
1058,265,1036,0,3
1059,265,1037,0,3
1060,265,1038,0,3
1076,265,1098,3,0
1058,266,1036,0,3
1059,266,1037,0,3
1060,266,1038,0,3
1059,267,1037,0,3
1060,267,1038,0,3
1060,268,1038,0,3
1062,270,1040,0,3
1062,271,1040,0,3
1063,271,1041,0,3
1071,271,1049,0,3
1062,272,1040,0,3
1063,272,1041,0,3
1070,272,1092,3,0
1071,272,1049,0,3
1062,273,1040,0,3
1063,273,1041,0,3
1065,273,1087,3,0
1070,273,1092,3,0
1071,273,1049,0,3
1062,274,1040,0,3
1063,274,1041,0,3
1065,274,1087,3,0
1066,274,1044,0,3
1070,274,1092,3,0
1071,274,1049,0,3
1062,275,1040,0,3
1063,275,1041,0,3
1065,275,1087,3,0
1066,275,1044,0,3
1067,275,1089,3,0
1070,275,1092,3,0
1071,275,1049,0,3
1062,276,1040,0,3
1063,276,1041,0,3
1065,276,1087,3,0
1070,276,1092,3,0
1071,276,1049,0,3
1062,277,1040,0,3
1063,277,1041,0,3
1070,277,1092,3,0
1071,277,1049,0,3
1062,278,1040,0,3
1063,278,1041,0,3
1070,278,1092,3,0
1071,278,1049,0,3
1062,279,1040,0,3
1071,279,1049,0,3
1060,282,1038,0,3
1059,283,1037,0,3
1060,283,1038,0,3
1058,284,1036,0,3
1059,284,1037,0,3
1060,284,1038,0,3
1076,284,1098,3,0
1058,285,1036,0,3
1059,285,1037,0,3
1060,285,1038,0,3
1076,285,1098,3,0
1080,286,1058,0,3
1081,286,1059,0,3
1082,286,1060,0,3
1095,286,1073,0,3
1097,286,1119,3,0
1098,286,1120,3,0
1080,287,1058,0,3
1081,287,1059,0,3
1082,287,1060,0,3
1095,287,1073,0,3
1097,287,1119,3,0
1098,287,1120,3,0
1080,288,1058,0,3
1081,288,1059,0,3
1082,288,1060,0,3
1095,288,1073,0,3
1097,288,1119,3,0
1081,289,1059,0,3
1082,289,1060,0,3
1095,289,1073,0,3
1082,290,1060,0,3
1095,290,1073,0,3
1085,293,1063,0,3
1093,293,1071,0,3
1085,294,1063,0,3
1092,294,1114,3,0
1093,294,1071,0,3
1085,295,1063,0,3
1092,295,1114,3,0
1093,295,1071,0,3
1085,296,1063,0,3
1088,296,1066,0,3
1090,296,1112,3,0
1092,296,1114,3,0
1093,296,1071,0,3
1085,297,1063,0,3
1088,297,1066,0,3
1089,297,1111,3,0
1090,297,1112,3,0
1092,297,1114,3,0
1093,297,1071,0,3
1085,298,1063,0,3
1090,298,1112,3,0
1092,298,1114,3,0
1093,298,1071,0,3
1085,299,1063,0,3
1092,299,1114,3,0
1093,299,1071,0,3
1085,300,1063,0,3
1092,300,1114,3,0
1093,300,1071,0,3
1093,301,1071,0,3
1095,303,1073,0,3
1082,304,1060,0,3
1095,304,1073,0,3
1081,305,1059,0,3
1082,305,1060,0,3
1095,305,1073,0,3
1097,305,1119,3,0
1080,306,1058,0,3
1081,306,1059,0,3
1082,306,1060,0,3
1095,306,1073,0,3
1097,306,1119,3,0
1098,306,1120,3,0
1080,307,1058,0,3
1081,307,1059,0,3
1082,307,1060,0,3
1095,307,1073,0,3
1097,307,1119,3,0
1098,307,1120,3,0
1102,308,1080,0,3
1103,308,1081,0,3
1104,308,1082,0,3
1117,308,1095,0,3
1119,308,1141,3,0
1120,308,1142,3,0
1102,309,1080,0,3
1103,309,1081,0,3
1104,309,1082,0,3
1117,309,1095,0,3
1119,309,1141,3,0
1120,309,1142,3,0
1102,310,1080,0,3
1103,310,1081,0,3
1104,310,1082,0,3
1117,310,1095,0,3
1119,310,1141,3,0
1103,311,1081,0,3
1104,311,1082,0,3
1117,311,1095,0,3
1104,312,1082,0,3
1117,312,1095,0,3
1107,315,1085,0,3
1115,315,1093,0,3
1107,316,1085,0,3
1114,316,1136,3,0
1115,316,1093,0,3
1107,317,1085,0,3
1114,317,1136,3,0
1115,317,1093,0,3
1107,318,1085,0,3
1112,318,1134,3,0
1114,318,1136,3,0
1115,318,1093,0,3
1107,319,1085,0,3
1111,319,1133,3,0
1112,319,1134,3,0
1114,319,1136,3,0
1115,319,1093,0,3
1107,320,1085,0,3
1112,320,1134,3,0
1114,320,1136,3,0
1115,320,1093,0,3
1107,321,1085,0,3
1114,321,1136,3,0
1115,321,1093,0,3
1107,322,1085,0,3
1114,322,1136,3,0
1115,322,1093,0,3
1115,323,1093,0,3
1117,325,1095,0,3
1104,326,1082,0,3
1117,326,1095,0,3
1103,327,1081,0,3
1104,327,1082,0,3
1117,327,1095,0,3
1119,327,1141,3,0
1102,328,1080,0,3
1103,328,1081,0,3
1104,328,1082,0,3
1117,328,1095,0,3
1119,328,1141,3,0
1120,328,1142,3,0
1102,329,1080,0,3
1103,329,1081,0,3
1104,329,1082,0,3
1117,329,1095,0,3
1119,329,1141,3,0
1120,329,1142,3,0
1124,330,1102,0,3
1125,330,1103,0,3
1126,330,1104,0,3
1141,330,1163,3,0
1142,330,1164,3,0
1124,331,1102,0,3
1125,331,1103,0,3
1126,331,1104,0,3
1141,331,1163,3,0
1142,331,1164,3,0
1124,332,1102,0,3
1125,332,1103,0,3
1126,332,1104,0,3
1141,332,1163,3,0
1125,333,1103,0,3
1126,333,1104,0,3
1126,334,1104,0,3
1129,337,1107,0,3
1137,337,1115,0,3
1129,338,1107,0,3
1136,338,1158,3,0
1137,338,1115,0,3
1129,339,1107,0,3
1136,339,1158,3,0
1137,339,1115,0,3
1129,340,1107,0,3
1134,340,1156,3,0
1136,340,1158,3,0
1137,340,1115,0,3
1129,341,1107,0,3
1133,341,1155,3,0
1134,341,1156,3,0
1136,341,1158,3,0
1137,341,1115,0,3
1129,342,1107,0,3
1134,342,1156,3,0
1136,342,1158,3,0
1137,342,1115,0,3
1129,343,1107,0,3
1136,343,1158,3,0
1137,343,1115,0,3
1129,344,1107,0,3
1136,344,1158,3,0
1137,344,1115,0,3
1137,345,1115,0,3
1126,348,1104,0,3
1125,349,1103,0,3
1126,349,1104,0,3
1141,349,1163,3,0
1124,350,1102,0,3
1125,350,1103,0,3
1126,350,1104,0,3
1141,350,1163,3,0
1142,350,1164,3,0
1124,351,1102,0,3
1125,351,1103,0,3
1126,351,1104,0,3
1141,351,1163,3,0
1142,351,1164,3,0
1146,352,1124,0,3
1147,352,1125,0,3
1148,352,1126,0,3
1163,352,1185,3,0
1164,352,1186,3,0
1165,352,1187,3,0
1146,353,1124,0,3
1147,353,1125,0,3
1148,353,1126,0,3
1163,353,1185,3,0
1164,353,1186,3,0
1146,354,1124,0,3
1147,354,1125,0,3
1148,354,1126,0,3
1163,354,1185,3,0
1147,355,1125,0,3
1148,355,1126,0,3
1148,356,1126,0,3
1151,359,1129,0,3
1159,359,1137,0,3
1151,360,1129,0,3
1152,360,1174,3,0
1158,360,1180,3,0
1159,360,1137,0,3
1151,361,1129,0,3
1152,361,1174,3,0
1158,361,1180,3,0
1159,361,1137,0,3
1151,362,1129,0,3
1152,362,1174,3,0
1156,362,1178,3,0
1158,362,1180,3,0
1159,362,1137,0,3
1151,363,1129,0,3
1152,363,1174,3,0
1155,363,1177,3,0
1156,363,1178,3,0
1158,363,1180,3,0
1159,363,1137,0,3
1151,364,1129,0,3
1152,364,1174,3,0
1156,364,1178,3,0
1158,364,1180,3,0
1159,364,1137,0,3
1151,365,1129,0,3
1152,365,1174,3,0
1158,365,1180,3,0
1159,365,1137,0,3
1151,366,1129,0,3
1158,366,1180,3,0
1159,366,1137,0,3
1159,367,1137,0,3
1148,370,1126,0,3
1147,371,1125,0,3
1148,371,1126,0,3
1163,371,1185,3,0
1146,372,1124,0,3
1147,372,1125,0,3
1148,372,1126,0,3
1163,372,1185,3,0
1164,372,1186,3,0
1146,373,1124,0,3
1147,373,1125,0,3
1148,373,1126,0,3
1163,373,1185,3,0
1164,373,1186,3,0
1165,373,1187,3,0
1168,374,1146,0,3
1169,374,1147,0,3
1170,374,1148,0,3
1171,374,1149,0,3
1185,374,1207,3,0
1186,374,1208,3,0
1187,374,1209,3,0
1168,375,1146,0,3
1169,375,1147,0,3
1170,375,1148,0,3
1171,375,1149,0,3
1185,375,1207,3,0
1186,375,1208,3,0
1168,376,1146,0,3
1169,376,1147,0,3
1170,376,1148,0,3
1171,376,1149,0,3
1185,376,1207,3,0
1169,377,1147,0,3
1170,377,1148,0,3
1171,377,1149,0,3
1170,378,1148,0,3
1171,378,1149,0,3
1171,379,1149,0,3
1171,380,1149,0,3
1171,381,1149,0,3
1173,381,1151,0,3
1181,381,1159,0,3
1171,382,1149,0,3
1173,382,1151,0,3
1174,382,1196,3,0
1180,382,1202,3,0
1181,382,1159,0,3
1171,383,1149,0,3
1173,383,1151,0,3
1174,383,1196,3,0
1180,383,1202,3,0
1181,383,1159,0,3
1171,384,1149,0,3
1173,384,1151,0,3
1174,384,1196,3,0
1178,384,1200,3,0
1180,384,1202,3,0
1181,384,1159,0,3
1171,385,1149,0,3
1173,385,1151,0,3
1174,385,1196,3,0
1177,385,1199,3,0
1178,385,1200,3,0
1180,385,1202,3,0
1181,385,1159,0,3
1171,386,1149,0,3
1173,386,1151,0,3
1174,386,1196,3,0
1178,386,1200,3,0
1180,386,1202,3,0
1181,386,1159,0,3
1171,387,1149,0,3
1173,387,1151,0,3
1174,387,1196,3,0
1180,387,1202,3,0
1181,387,1159,0,3
1171,388,1149,0,3
1173,388,1151,0,3
1180,388,1202,3,0
1181,388,1159,0,3
1171,389,1149,0,3
1181,389,1159,0,3
1171,391,1149,0,3
1170,392,1148,0,3
1171,392,1149,0,3
1169,393,1147,0,3
1170,393,1148,0,3
1171,393,1149,0,3
1185,393,1207,3,0
1168,394,1146,0,3
1169,394,1147,0,3
1170,394,1148,0,3
1171,394,1149,0,3
1185,394,1207,3,0
1186,394,1208,3,0
1168,395,1146,0,3
1169,395,1147,0,3
1170,395,1148,0,3
1171,395,1149,0,3
1185,395,1207,3,0
1186,395,1208,3,0
1187,395,1209,3,0
1190,396,1168,0,3
1191,396,1169,0,3
1192,396,1170,0,3
1193,396,1171,0,3
1204,396,1182,0,3
1207,396,1229,3,0
1208,396,1230,3,0
1209,396,1231,3,0
1190,397,1168,0,3
1191,397,1169,0,3
1192,397,1170,0,3
1193,397,1171,0,3
1204,397,1182,0,3
1207,397,1229,3,0
1208,397,1230,3,0
1190,398,1168,0,3
1191,398,1169,0,3
1192,398,1170,0,3
1193,398,1171,0,3
1204,398,1182,0,3
1207,398,1229,3,0
1191,399,1169,0,3
1192,399,1170,0,3
1193,399,1171,0,3
1204,399,1182,0,3
1192,400,1170,0,3
1193,400,1171,0,3
1204,400,1182,0,3
1193,401,1171,0,3
1204,401,1182,0,3
1193,402,1171,0,3
1204,402,1182,0,3
1193,403,1171,0,3
1195,403,1173,0,3
1203,403,1181,0,3
1204,403,1182,0,3
1193,404,1171,0,3
1195,404,1173,0,3
1196,404,1218,3,0
1202,404,1224,3,0
1203,404,1181,0,3
1204,404,1182,0,3
1193,405,1171,0,3
1195,405,1173,0,3
1196,405,1218,3,0
1202,405,1224,3,0
1203,405,1181,0,3
1204,405,1182,0,3
1193,406,1171,0,3
1195,406,1173,0,3
1196,406,1218,3,0
1200,406,1222,3,0
1202,406,1224,3,0
1203,406,1181,0,3
1204,406,1182,0,3
1193,407,1171,0,3
1195,407,1173,0,3
1196,407,1218,3,0
1199,407,1221,3,0
1200,407,1222,3,0
1202,407,1224,3,0
1203,407,1181,0,3
1204,407,1182,0,3
1193,408,1171,0,3
1195,408,1173,0,3
1196,408,1218,3,0
1200,408,1222,3,0
1202,408,1224,3,0
1203,408,1181,0,3
1204,408,1182,0,3
1193,409,1171,0,3
1195,409,1173,0,3
1196,409,1218,3,0
1202,409,1224,3,0
1203,409,1181,0,3
1204,409,1182,0,3
1193,410,1171,0,3
1195,410,1173,0,3
1202,410,1224,3,0
1203,410,1181,0,3
1204,410,1182,0,3
1193,411,1171,0,3
1203,411,1181,0,3
1204,411,1182,0,3
1204,412,1182,0,3
1193,413,1171,0,3
1204,413,1182,0,3
1192,414,1170,0,3
1193,414,1171,0,3
1204,414,1182,0,3
1191,415,1169,0,3
1192,415,1170,0,3
1193,415,1171,0,3
1204,415,1182,0,3
1207,415,1229,3,0
1190,416,1168,0,3
1191,416,1169,0,3
1192,416,1170,0,3
1193,416,1171,0,3
1204,416,1182,0,3
1207,416,1229,3,0
1208,416,1230,3,0
1190,417,1168,0,3
1191,417,1169,0,3
1192,417,1170,0,3
1193,417,1171,0,3
1204,417,1182,0,3
1207,417,1229,3,0
1208,417,1230,3,0
1209,417,1231,3,0
1212,418,1190,0,3
1213,418,1191,0,3
1214,418,1192,0,3
1215,418,1193,0,3
1226,418,1204,0,3
1229,418,1251,3,0
1230,418,1252,3,0
1231,418,1253,3,0
1212,419,1190,0,3
1213,419,1191,0,3
1214,419,1192,0,3
1215,419,1193,0,3
1226,419,1204,0,3
1229,419,1251,3,0
1230,419,1252,3,0
1212,420,1190,0,3
1213,420,1191,0,3
1214,420,1192,0,3
1215,420,1193,0,3
1226,420,1204,0,3
1229,420,1251,3,0
1213,421,1191,0,3
1214,421,1192,0,3
1215,421,1193,0,3
1226,421,1204,0,3
1214,422,1192,0,3
1215,422,1193,0,3
1226,422,1204,0,3
1215,423,1193,0,3
1226,423,1204,0,3
1215,424,1193,0,3
1226,424,1204,0,3
1215,425,1193,0,3
1217,425,1195,0,3
1226,425,1204,0,3
1215,426,1193,0,3
1217,426,1195,0,3
1218,426,1240,3,0
1224,426,1246,3,0
1226,426,1204,0,3
1215,427,1193,0,3
1217,427,1195,0,3
1218,427,1240,3,0
1224,427,1246,3,0
1226,427,1204,0,3
1215,428,1193,0,3
1217,428,1195,0,3
1218,428,1240,3,0
1222,428,1244,3,0
1224,428,1246,3,0
1226,428,1204,0,3
1215,429,1193,0,3
1217,429,1195,0,3
1218,429,1240,3,0
1221,429,1243,3,0
1222,429,1244,3,0
1224,429,1246,3,0
1226,429,1204,0,3
1215,430,1193,0,3
1217,430,1195,0,3
1218,430,1240,3,0
1222,430,1244,3,0
1224,430,1246,3,0
1226,430,1204,0,3
1215,431,1193,0,3
1217,431,1195,0,3
1218,431,1240,3,0
1224,431,1246,3,0
1226,431,1204,0,3
1215,432,1193,0,3
1217,432,1195,0,3
1224,432,1246,3,0
1226,432,1204,0,3
1215,433,1193,0,3
1226,433,1204,0,3
1226,434,1204,0,3
1215,435,1193,0,3
1226,435,1204,0,3
1214,436,1192,0,3
1215,436,1193,0,3
1226,436,1204,0,3
1213,437,1191,0,3
1214,437,1192,0,3
1215,437,1193,0,3
1226,437,1204,0,3
1229,437,1251,3,0
1212,438,1190,0,3
1213,438,1191,0,3
1214,438,1192,0,3
1215,438,1193,0,3
1226,438,1204,0,3
1229,438,1251,3,0
1230,438,1252,3,0
1212,439,1190,0,3
1213,439,1191,0,3
1214,439,1192,0,3
1215,439,1193,0,3
1226,439,1204,0,3
1229,439,1251,3,0
1230,439,1252,3,0
1231,439,1253,3,0
1234,440,1212,0,3
1235,440,1213,0,3
1236,440,1214,0,3
1248,440,1226,0,3
1252,440,1274,3,0
1253,440,1275,3,0
1234,441,1212,0,3
1235,441,1213,0,3
1236,441,1214,0,3
1248,441,1226,0,3
1252,441,1274,3,0
1234,442,1212,0,3
1235,442,1213,0,3
1236,442,1214,0,3
1248,442,1226,0,3
1235,443,1213,0,3
1236,443,1214,0,3
1248,443,1226,0,3
1236,444,1214,0,3
1248,444,1226,0,3
1248,445,1226,0,3
1248,446,1226,0,3
1239,447,1217,0,3
1248,447,1226,0,3
1239,448,1217,0,3
1240,448,1262,3,0
1246,448,1268,3,0
1248,448,1226,0,3
1239,449,1217,0,3
1240,449,1262,3,0
1246,449,1268,3,0
1248,449,1226,0,3
1239,450,1217,0,3
1240,450,1262,3,0
1244,450,1266,3,0
1246,450,1268,3,0
1248,450,1226,0,3
1239,451,1217,0,3
1240,451,1262,3,0
1243,451,1265,3,0
1244,451,1266,3,0
1246,451,1268,3,0
1248,451,1226,0,3
1239,452,1217,0,3
1240,452,1262,3,0
1244,452,1266,3,0
1246,452,1268,3,0
1248,452,1226,0,3
1239,453,1217,0,3
1240,453,1262,3,0
1246,453,1268,3,0
1248,453,1226,0,3
1239,454,1217,0,3
1246,454,1268,3,0
1248,454,1226,0,3
1248,455,1226,0,3
1248,456,1226,0,3
1248,457,1226,0,3
1236,458,1214,0,3
1248,458,1226,0,3
1235,459,1213,0,3
1236,459,1214,0,3
1248,459,1226,0,3
1234,460,1212,0,3
1235,460,1213,0,3
1236,460,1214,0,3
1248,460,1226,0,3
1252,460,1274,3,0
1234,461,1212,0,3
1235,461,1213,0,3
1236,461,1214,0,3
1248,461,1226,0,3
1252,461,1274,3,0
1253,461,1275,3,0
1256,462,1234,0,3
1257,462,1235,0,3
1258,462,1236,0,3
1270,462,1292,3,0
1274,462,1296,3,0
1275,462,1297,3,0
1256,463,1234,0,3
1257,463,1235,0,3
1258,463,1236,0,3
1270,463,1292,3,0
1274,463,1296,3,0
1256,464,1234,0,3
1257,464,1235,0,3
1258,464,1236,0,3
1270,464,1292,3,0
1257,465,1235,0,3
1258,465,1236,0,3
1270,465,1292,3,0
1258,466,1236,0,3
1270,466,1292,3,0
1270,467,1292,3,0
1270,468,1292,3,0
1270,469,1292,3,0
1262,470,1284,3,0
1268,470,1290,3,0
1270,470,1292,3,0
1262,471,1284,3,0
1263,471,1241,0,3
1268,471,1290,3,0
1270,471,1292,3,0
1262,472,1284,3,0
1263,472,1241,0,3
1266,472,1288,3,0
1268,472,1290,3,0
1270,472,1292,3,0
1262,473,1284,3,0
1263,473,1241,0,3
1265,473,1287,3,0
1266,473,1288,3,0
1268,473,1290,3,0
1270,473,1292,3,0
1262,474,1284,3,0
1263,474,1241,0,3
1266,474,1288,3,0
1268,474,1290,3,0
1270,474,1292,3,0
1262,475,1284,3,0
1268,475,1290,3,0
1270,475,1292,3,0
1268,476,1290,3,0
1270,476,1292,3,0
1270,477,1292,3,0
1270,478,1292,3,0
1270,479,1292,3,0
1258,480,1236,0,3
1270,480,1292,3,0
1257,481,1235,0,3
1258,481,1236,0,3
1270,481,1292,3,0
1256,482,1234,0,3
1257,482,1235,0,3
1258,482,1236,0,3
1270,482,1292,3,0
1274,482,1296,3,0
1256,483,1234,0,3
1257,483,1235,0,3
1258,483,1236,0,3
1270,483,1292,3,0
1274,483,1296,3,0
1275,483,1297,3,0
1278,484,1256,0,3
1280,484,1258,0,3
1296,484,1318,3,0
1297,484,1319,3,0
1278,485,1256,0,3
1280,485,1258,0,3
1296,485,1318,3,0
1278,486,1256,0,3
1280,486,1258,0,3
1280,487,1258,0,3
1280,488,1258,0,3
1284,492,1306,3,0
1290,492,1312,3,0
1284,493,1306,3,0
1285,493,1263,0,3
1289,493,1311,3,0
1290,493,1312,3,0
1284,494,1306,3,0
1285,494,1263,0,3
1288,494,1310,3,0
1289,494,1311,3,0
1290,494,1312,3,0
1284,495,1306,3,0
1285,495,1263,0,3
1287,495,1309,3,0
1288,495,1310,3,0
1289,495,1311,3,0
1290,495,1312,3,0
1284,496,1306,3,0
1285,496,1263,0,3
1288,496,1310,3,0
1289,496,1311,3,0
1290,496,1312,3,0
1284,497,1306,3,0
1289,497,1311,3,0
1290,497,1312,3,0
1290,498,1312,3,0
1280,502,1258,0,3
1280,503,1258,0,3
1278,504,1256,0,3
1280,504,1258,0,3
1296,504,1318,3,0
1278,505,1256,0,3
1280,505,1258,0,3
1296,505,1318,3,0
1297,505,1319,3,0
1300,506,1278,0,3
1301,506,1279,0,3
1302,506,1280,0,3
1317,506,1339,3,0
1318,506,1340,3,0
1319,506,1341,3,0
1300,507,1278,0,3
1301,507,1279,0,3
1302,507,1280,0,3
1317,507,1339,3,0
1318,507,1340,3,0
1300,508,1278,0,3
1301,508,1279,0,3
1302,508,1280,0,3
1317,508,1339,3,0
1301,509,1279,0,3
1302,509,1280,0,3
1302,510,1280,0,3
1305,513,1283,0,3
1305,514,1283,0,3
1306,514,1328,3,0
1305,515,1283,0,3
1306,515,1328,3,0
1307,515,1285,0,3
1311,515,1333,3,0
1305,516,1283,0,3
1306,516,1328,3,0
1307,516,1285,0,3
1310,516,1332,3,0
1311,516,1333,3,0
1305,517,1283,0,3
1306,517,1328,3,0
1307,517,1285,0,3
1309,517,1331,3,0
1310,517,1332,3,0
1311,517,1333,3,0
1305,518,1283,0,3
1306,518,1328,3,0
1307,518,1285,0,3
1310,518,1332,3,0
1311,518,1333,3,0
1305,519,1283,0,3
1306,519,1328,3,0
1311,519,1333,3,0
1305,520,1283,0,3
1302,524,1280,0,3
1301,525,1279,0,3
1302,525,1280,0,3
1317,525,1339,3,0
1300,526,1278,0,3
1301,526,1279,0,3
1302,526,1280,0,3
1317,526,1339,3,0
1318,526,1340,3,0
1300,527,1278,0,3
1301,527,1279,0,3
1302,527,1280,0,3
1317,527,1339,3,0
1318,527,1340,3,0
1319,527,1341,3,0
1322,528,1300,0,3
1323,528,1301,0,3
1324,528,1302,0,3
1340,528,1362,3,0
1341,528,1363,3,0
1322,529,1300,0,3
1323,529,1301,0,3
1324,529,1302,0,3
1340,529,1362,3,0
1322,530,1300,0,3
1323,530,1301,0,3
1324,530,1302,0,3
1323,531,1301,0,3
1324,531,1302,0,3
1324,532,1302,0,3
1327,535,1305,0,3
1327,536,1305,0,3
1328,536,1350,3,0
1327,537,1305,0,3
1328,537,1350,3,0
1329,537,1307,0,3
1333,537,1355,3,0
1327,538,1305,0,3
1328,538,1350,3,0
1329,538,1307,0,3
1332,538,1354,3,0
1333,538,1355,3,0
1327,539,1305,0,3
1328,539,1350,3,0
1329,539,1307,0,3
1331,539,1353,3,0
1332,539,1354,3,0
1333,539,1355,3,0
1327,540,1305,0,3
1328,540,1350,3,0
1329,540,1307,0,3
1332,540,1354,3,0
1333,540,1355,3,0
1327,541,1305,0,3
1328,541,1350,3,0
1333,541,1355,3,0
1327,542,1305,0,3
1324,546,1302,0,3
1323,547,1301,0,3
1324,547,1302,0,3
1322,548,1300,0,3
1323,548,1301,0,3
1324,548,1302,0,3
1340,548,1362,3,0
1322,549,1300,0,3
1323,549,1301,0,3
1324,549,1302,0,3
1340,549,1362,3,0
1341,549,1363,3,0
1344,550,1322,0,3
1345,550,1323,0,3
1346,550,1324,0,3
1347,550,1325,0,3
1359,550,1337,0,3
1360,550,1382,3,0
1361,550,1383,3,0
1362,550,1384,3,0
1363,550,1385,3,0
1344,551,1322,0,3
1345,551,1323,0,3
1346,551,1324,0,3
1347,551,1325,0,3
1359,551,1337,0,3
1360,551,1382,3,0
1361,551,1383,3,0
1362,551,1384,3,0
1344,552,1322,0,3
1345,552,1323,0,3
1346,552,1324,0,3
1347,552,1325,0,3
1359,552,1337,0,3
1360,552,1382,3,0
1361,552,1383,3,0
1345,553,1323,0,3
1346,553,1324,0,3
1347,553,1325,0,3
1359,553,1337,0,3
1360,553,1382,3,0
1346,554,1324,0,3
1347,554,1325,0,3
1359,554,1337,0,3
1347,555,1325,0,3
1347,556,1325,0,3
1347,557,1325,0,3
1349,557,1327,0,3
1347,558,1325,0,3
1349,558,1327,0,3
1350,558,1372,3,0
1356,558,1334,0,3
1347,559,1325,0,3
1349,559,1327,0,3
1350,559,1372,3,0
1351,559,1329,0,3
1356,559,1334,0,3
1347,560,1325,0,3
1349,560,1327,0,3
1350,560,1372,3,0
1351,560,1329,0,3
1354,560,1376,3,0
1356,560,1334,0,3
1347,561,1325,0,3
1349,561,1327,0,3
1350,561,1372,3,0
1351,561,1329,0,3
1353,561,1375,3,0
1354,561,1376,3,0
1356,561,1334,0,3
1347,562,1325,0,3
1349,562,1327,0,3
1350,562,1372,3,0
1351,562,1329,0,3
1354,562,1376,3,0
1356,562,1334,0,3
1347,563,1325,0,3
1349,563,1327,0,3
1350,563,1372,3,0
1356,563,1334,0,3
1347,564,1325,0,3
1349,564,1327,0,3
1356,564,1334,0,3
1347,565,1325,0,3
1347,567,1325,0,3
1359,567,1337,0,3
1346,568,1324,0,3
1347,568,1325,0,3
1359,568,1337,0,3
1360,568,1382,3,0
1345,569,1323,0,3
1346,569,1324,0,3
1347,569,1325,0,3
1359,569,1337,0,3
1360,569,1382,3,0
1361,569,1383,3,0
1344,570,1322,0,3
1345,570,1323,0,3
1346,570,1324,0,3
1347,570,1325,0,3
1359,570,1337,0,3
1360,570,1382,3,0
1361,570,1383,3,0
1362,570,1384,3,0
1344,571,1322,0,3
1345,571,1323,0,3
1346,571,1324,0,3
1347,571,1325,0,3
1359,571,1337,0,3
1360,571,1382,3,0
1361,571,1383,3,0
1362,571,1384,3,0
1363,571,1385,3,0
1368,572,1346,0,3
1369,572,1347,0,3
1381,572,1359,0,3
1382,572,1404,3,0
1383,572,1405,3,0
1384,572,1406,3,0
1385,572,1407,3,0
1368,573,1346,0,3
1369,573,1347,0,3
1381,573,1359,0,3
1382,573,1404,3,0
1383,573,1405,3,0
1384,573,1406,3,0
1368,574,1346,0,3
1369,574,1347,0,3
1381,574,1359,0,3
1382,574,1404,3,0
1383,574,1405,3,0
1368,575,1346,0,3
1369,575,1347,0,3
1381,575,1359,0,3
1382,575,1404,3,0
1368,576,1346,0,3
1369,576,1347,0,3
1381,576,1359,0,3
1369,577,1347,0,3
1369,578,1347,0,3
1369,579,1347,0,3
1371,579,1349,0,3
1369,580,1347,0,3
1371,580,1349,0,3
1372,580,1394,3,0
1378,580,1356,0,3
1369,581,1347,0,3
1371,581,1349,0,3
1372,581,1394,3,0
1373,581,1351,0,3
1378,581,1356,0,3
1369,582,1347,0,3
1371,582,1349,0,3
1372,582,1394,3,0
1373,582,1351,0,3
1376,582,1398,3,0
1378,582,1356,0,3
1369,583,1347,0,3
1371,583,1349,0,3
1372,583,1394,3,0
1373,583,1351,0,3
1375,583,1397,3,0
1376,583,1398,3,0
1378,583,1356,0,3
1369,584,1347,0,3
1371,584,1349,0,3
1372,584,1394,3,0
1373,584,1351,0,3
1376,584,1398,3,0
1378,584,1356,0,3
1369,585,1347,0,3
1371,585,1349,0,3
1372,585,1394,3,0
1378,585,1356,0,3
1369,586,1347,0,3
1371,586,1349,0,3
1378,586,1356,0,3
1369,587,1347,0,3
1369,589,1347,0,3
1381,589,1359,0,3
1368,590,1346,0,3
1369,590,1347,0,3
1381,590,1359,0,3
1382,590,1404,3,0
1368,591,1346,0,3
1369,591,1347,0,3
1381,591,1359,0,3
1382,591,1404,3,0
1383,591,1405,3,0
1368,592,1346,0,3
1369,592,1347,0,3
1381,592,1359,0,3
1382,592,1404,3,0
1383,592,1405,3,0
1384,592,1406,3,0
1368,593,1346,0,3
1369,593,1347,0,3
1381,593,1359,0,3
1382,593,1404,3,0
1383,593,1405,3,0
1384,593,1406,3,0
1385,593,1407,3,0
1391,594,1369,0,3
1403,594,1381,0,3
1406,594,1428,3,0
1407,594,1429,3,0
1391,595,1369,0,3
1403,595,1381,0,3
1406,595,1428,3,0
1391,596,1369,0,3
1403,596,1381,0,3
1391,597,1369,0,3
1403,597,1381,0,3
1391,598,1369,0,3
1403,598,1381,0,3
1391,599,1369,0,3
1391,600,1369,0,3
1391,601,1369,0,3
1393,601,1371,0,3
1391,602,1369,0,3
1393,602,1371,0,3
1394,602,1416,3,0
1400,602,1378,0,3
1391,603,1369,0,3
1393,603,1371,0,3
1394,603,1416,3,0
1395,603,1373,0,3
1400,603,1378,0,3
1391,604,1369,0,3
1393,604,1371,0,3
1394,604,1416,3,0
1395,604,1373,0,3
1398,604,1420,3,0
1400,604,1378,0,3
1391,605,1369,0,3
1393,605,1371,0,3
1394,605,1416,3,0
1395,605,1373,0,3
1397,605,1419,3,0
1398,605,1420,3,0
1400,605,1378,0,3
1391,606,1369,0,3
1393,606,1371,0,3
1394,606,1416,3,0
1395,606,1373,0,3
1398,606,1420,3,0
1400,606,1378,0,3
1391,607,1369,0,3
1393,607,1371,0,3
1394,607,1416,3,0
1400,607,1378,0,3
1391,608,1369,0,3
1393,608,1371,0,3
1400,608,1378,0,3
1391,609,1369,0,3
1391,611,1369,0,3
1403,611,1381,0,3
1391,612,1369,0,3
1403,612,1381,0,3
1391,613,1369,0,3
1403,613,1381,0,3
1391,614,1369,0,3
1403,614,1381,0,3
1406,614,1428,3,0
1391,615,1369,0,3
1403,615,1381,0,3
1406,615,1428,3,0
1407,615,1429,3,0
1413,616,1391,0,3
1425,616,1403,0,3
1428,616,1450,3,0
1429,616,1451,3,0
1413,617,1391,0,3
1425,617,1403,0,3
1428,617,1450,3,0
1413,618,1391,0,3
1425,618,1403,0,3
1413,619,1391,0,3
1425,619,1403,0,3
1413,620,1391,0,3
1425,620,1403,0,3
1413,621,1391,0,3
1413,622,1391,0,3
1413,623,1391,0,3
1415,623,1393,0,3
1413,624,1391,0,3
1415,624,1393,0,3
1416,624,1438,3,0
1422,624,1400,0,3
1413,625,1391,0,3
1415,625,1393,0,3
1416,625,1438,3,0
1417,625,1395,0,3
1421,625,1443,3,0
1422,625,1400,0,3
1413,626,1391,0,3
1415,626,1393,0,3
1416,626,1438,3,0
1417,626,1395,0,3
1420,626,1442,3,0
1421,626,1443,3,0
1422,626,1400,0,3
1413,627,1391,0,3
1415,627,1393,0,3
1416,627,1438,3,0
1417,627,1395,0,3
1419,627,1441,3,0
1420,627,1442,3,0
1421,627,1443,3,0
1422,627,1400,0,3
1413,628,1391,0,3
1415,628,1393,0,3
1416,628,1438,3,0
1417,628,1395,0,3
1420,628,1442,3,0
1421,628,1443,3,0
1422,628,1400,0,3
1413,629,1391,0,3
1415,629,1393,0,3
1416,629,1438,3,0
1421,629,1443,3,0
1422,629,1400,0,3
1413,630,1391,0,3
1415,630,1393,0,3
1422,630,1400,0,3
1413,631,1391,0,3
1413,633,1391,0,3
1425,633,1403,0,3
1413,634,1391,0,3
1425,634,1403,0,3
1413,635,1391,0,3
1425,635,1403,0,3
1413,636,1391,0,3
1425,636,1403,0,3
1428,636,1450,3,0
1413,637,1391,0,3
1425,637,1403,0,3
1428,637,1450,3,0
1429,637,1451,3,0
1447,638,1425,0,3
1450,638,1472,3,0
1451,638,1473,3,0
1447,639,1425,0,3
1450,639,1472,3,0
1447,640,1425,0,3
1447,641,1425,0,3
1447,642,1425,0,3
1436,644,1458,3,0
1436,645,1458,3,0
1436,646,1458,3,0
1438,646,1460,3,0
1444,646,1422,0,3
1436,647,1458,3,0
1438,647,1460,3,0
1439,647,1417,0,3
1443,647,1465,3,0
1444,647,1422,0,3
1436,648,1458,3,0
1438,648,1460,3,0
1439,648,1417,0,3
1442,648,1464,3,0
1443,648,1465,3,0
1444,648,1422,0,3
1436,649,1458,3,0
1438,649,1460,3,0
1439,649,1417,0,3
1441,649,1463,3,0
1442,649,1464,3,0
1443,649,1465,3,0
1444,649,1422,0,3
1436,650,1458,3,0
1438,650,1460,3,0
1439,650,1417,0,3
1442,650,1464,3,0
1443,650,1465,3,0
1444,650,1422,0,3
1436,651,1458,3,0
1438,651,1460,3,0
1443,651,1465,3,0
1444,651,1422,0,3
1436,652,1458,3,0
1444,652,1422,0,3
1436,653,1458,3,0
1447,655,1425,0,3
1447,656,1425,0,3
1447,657,1425,0,3
1447,658,1425,0,3
1450,658,1472,3,0
1447,659,1425,0,3
1450,659,1472,3,0
1451,659,1473,3,0
1453,660,1431,0,3
1456,660,1434,0,3
1469,660,1447,0,3
1472,660,1494,3,0
1473,660,1495,3,0
1453,661,1431,0,3
1456,661,1434,0,3
1469,661,1447,0,3
1472,661,1494,3,0
1456,662,1434,0,3
1469,662,1447,0,3
1456,663,1434,0,3
1469,663,1447,0,3
1456,664,1434,0,3
1469,664,1447,0,3
1458,666,1480,3,0
1458,667,1480,3,0
1458,668,1480,3,0
1460,668,1482,3,0
1458,669,1480,3,0
1460,669,1482,3,0
1461,669,1439,0,3
1458,670,1480,3,0
1460,670,1482,3,0
1461,670,1439,0,3
1458,671,1480,3,0
1460,671,1482,3,0
1461,671,1439,0,3
1463,671,1485,3,0
1458,672,1480,3,0
1460,672,1482,3,0
1461,672,1439,0,3
1458,673,1480,3,0
1460,673,1482,3,0
1458,674,1480,3,0
1458,675,1480,3,0
1469,677,1447,0,3
1456,678,1434,0,3
1469,678,1447,0,3
1456,679,1434,0,3
1469,679,1447,0,3
1456,680,1434,0,3
1469,680,1447,0,3
1472,680,1494,3,0
1453,681,1431,0,3
1456,681,1434,0,3
1469,681,1447,0,3
1472,681,1494,3,0
1473,681,1495,3,0
1478,682,1456,0,3
1479,682,1457,0,3
1491,682,1469,0,3
1494,682,1516,3,0
1495,682,1517,3,0
1478,683,1456,0,3
1479,683,1457,0,3
1491,683,1469,0,3
1494,683,1516,3,0
1478,684,1456,0,3
1479,684,1457,0,3
1491,684,1469,0,3
1478,685,1456,0,3
1479,685,1457,0,3
1491,685,1469,0,3
1478,686,1456,0,3
1479,686,1457,0,3
1491,686,1469,0,3
1479,687,1457,0,3
1479,688,1457,0,3
1480,688,1502,3,0
1479,689,1457,0,3
1480,689,1502,3,0
1481,689,1503,3,0
1479,690,1457,0,3
1480,690,1502,3,0
1481,690,1503,3,0
1482,690,1504,3,0
1479,691,1457,0,3
1480,691,1502,3,0
1481,691,1503,3,0
1482,691,1504,3,0
1483,691,1461,0,3
1479,692,1457,0,3
1480,692,1502,3,0
1481,692,1503,3,0
1482,692,1504,3,0
1483,692,1461,0,3
1479,693,1457,0,3
1480,693,1502,3,0
1481,693,1503,3,0
1482,693,1504,3,0
1483,693,1461,0,3
1485,693,1507,3,0
1479,694,1457,0,3
1480,694,1502,3,0
1481,694,1503,3,0
1482,694,1504,3,0
1483,694,1461,0,3
1479,695,1457,0,3
1480,695,1502,3,0
1481,695,1503,3,0
1482,695,1504,3,0
1479,696,1457,0,3
1480,696,1502,3,0
1481,696,1503,3,0
1479,697,1457,0,3
1480,697,1502,3,0
1479,699,1457,0,3
1491,699,1469,0,3
1478,700,1456,0,3
1479,700,1457,0,3
1491,700,1469,0,3
1478,701,1456,0,3
1479,701,1457,0,3
1491,701,1469,0,3
1478,702,1456,0,3
1479,702,1457,0,3
1491,702,1469,0,3
1494,702,1516,3,0
1478,703,1456,0,3
1479,703,1457,0,3
1491,703,1469,0,3
1494,703,1516,3,0
1495,703,1517,3,0
1497,704,1519,3,0
1501,704,1479,0,3
1512,704,1490,0,3
1513,704,1491,0,3
1516,704,1538,3,0
1517,704,1539,3,0
1497,705,1519,3,0
1501,705,1479,0,3
1512,705,1490,0,3
1513,705,1491,0,3
1516,705,1538,3,0
1501,706,1479,0,3
1512,706,1490,0,3
1513,706,1491,0,3
1501,707,1479,0,3
1512,707,1490,0,3
1513,707,1491,0,3
1501,708,1479,0,3
1512,708,1490,0,3
1513,708,1491,0,3
1501,709,1479,0,3
1512,709,1490,0,3
1501,710,1479,0,3
1502,710,1524,3,0
1512,710,1490,0,3
1501,711,1479,0,3
1502,711,1524,3,0
1512,711,1490,0,3
1501,712,1479,0,3
1502,712,1524,3,0
1504,712,1526,3,0
1512,712,1490,0,3
1501,713,1479,0,3
1502,713,1524,3,0
1504,713,1526,3,0
1505,713,1483,0,3
1512,713,1490,0,3
1501,714,1479,0,3
1502,714,1524,3,0
1504,714,1526,3,0
1505,714,1483,0,3
1512,714,1490,0,3
1501,715,1479,0,3
1502,715,1524,3,0
1504,715,1526,3,0
1505,715,1483,0,3
1512,715,1490,0,3
1501,716,1479,0,3
1502,716,1524,3,0
1504,716,1526,3,0
1505,716,1483,0,3
1512,716,1490,0,3
1501,717,1479,0,3
1502,717,1524,3,0
1504,717,1526,3,0
1512,717,1490,0,3
1501,718,1479,0,3
1502,718,1524,3,0
1512,718,1490,0,3
1501,719,1479,0,3
1502,719,1524,3,0
1512,719,1490,0,3
1512,720,1490,0,3
1501,721,1479,0,3
1512,721,1490,0,3
1513,721,1491,0,3
1501,722,1479,0,3
1512,722,1490,0,3
1513,722,1491,0,3
1501,723,1479,0,3
1512,723,1490,0,3
1513,723,1491,0,3
1501,724,1479,0,3
1512,724,1490,0,3
1513,724,1491,0,3
1516,724,1538,3,0
1497,725,1519,3,0
1501,725,1479,0,3
1512,725,1490,0,3
1513,725,1491,0,3
1516,725,1538,3,0
1517,725,1539,3,0
1519,726,1541,3,0
1520,726,1498,0,3
1522,726,1500,0,3
1523,726,1501,0,3
1534,726,1512,0,3
1536,726,1514,0,3
1539,726,1561,3,0
1519,727,1541,3,0
1520,727,1498,0,3
1522,727,1500,0,3
1523,727,1501,0,3
1534,727,1512,0,3
1536,727,1514,0,3
1520,728,1498,0,3
1522,728,1500,0,3
1523,728,1501,0,3
1534,728,1512,0,3
1536,728,1514,0,3
1522,729,1500,0,3
1523,729,1501,0,3
1534,729,1512,0,3
1536,729,1514,0,3
1522,730,1500,0,3
1523,730,1501,0,3
1534,730,1512,0,3
1523,731,1501,0,3
1534,731,1512,0,3
1523,732,1501,0,3
1524,732,1546,3,0
1534,732,1512,0,3
1523,733,1501,0,3
1524,733,1546,3,0
1534,733,1512,0,3
1523,734,1501,0,3
1524,734,1546,3,0
1526,734,1548,3,0
1534,734,1512,0,3
1523,735,1501,0,3
1524,735,1546,3,0
1526,735,1548,3,0
1527,735,1505,0,3
1531,735,1509,0,3
1534,735,1512,0,3
1523,736,1501,0,3
1524,736,1546,3,0
1526,736,1548,3,0
1527,736,1505,0,3
1531,736,1509,0,3
1534,736,1512,0,3
1523,737,1501,0,3
1524,737,1546,3,0
1526,737,1548,3,0
1527,737,1505,0,3
1529,737,1551,3,0
1531,737,1509,0,3
1534,737,1512,0,3
1523,738,1501,0,3
1524,738,1546,3,0
1526,738,1548,3,0
1527,738,1505,0,3
1531,738,1509,0,3
1534,738,1512,0,3
1523,739,1501,0,3
1524,739,1546,3,0
1526,739,1548,3,0
1531,739,1509,0,3
1534,739,1512,0,3
1523,740,1501,0,3
1524,740,1546,3,0
1534,740,1512,0,3
1523,741,1501,0,3
1524,741,1546,3,0
1534,741,1512,0,3
1534,742,1512,0,3
1523,743,1501,0,3
1534,743,1512,0,3
1522,744,1500,0,3
1523,744,1501,0,3
1534,744,1512,0,3
1536,744,1514,0,3
1522,745,1500,0,3
1523,745,1501,0,3
1534,745,1512,0,3
1536,745,1514,0,3
1520,746,1498,0,3
1522,746,1500,0,3
1523,746,1501,0,3
1534,746,1512,0,3
1536,746,1514,0,3
1519,747,1541,3,0
1520,747,1498,0,3
1522,747,1500,0,3
1523,747,1501,0,3
1534,747,1512,0,3
1536,747,1514,0,3
1539,747,1561,3,0
1542,748,1520,0,3
1544,748,1566,3,0
1545,748,1523,0,3
1556,748,1534,0,3
1558,748,1536,0,3
1560,748,1582,3,0
1561,748,1583,3,0
1542,749,1520,0,3
1544,749,1566,3,0
1545,749,1523,0,3
1556,749,1534,0,3
1558,749,1536,0,3
1560,749,1582,3,0
1542,750,1520,0,3
1544,750,1566,3,0
1545,750,1523,0,3
1556,750,1534,0,3
1558,750,1536,0,3
1544,751,1566,3,0
1545,751,1523,0,3
1556,751,1534,0,3
1558,751,1536,0,3
1544,752,1566,3,0
1545,752,1523,0,3
1556,752,1534,0,3
1545,753,1523,0,3
1556,753,1534,0,3
1545,754,1523,0,3
1546,754,1568,3,0
1556,754,1534,0,3
1545,755,1523,0,3
1546,755,1568,3,0
1556,755,1534,0,3
1545,756,1523,0,3
1546,756,1568,3,0
1548,756,1570,3,0
1556,756,1534,0,3
1545,757,1523,0,3
1546,757,1568,3,0
1548,757,1570,3,0
1549,757,1527,0,3
1556,757,1534,0,3
1545,758,1523,0,3
1546,758,1568,3,0
1548,758,1570,3,0
1549,758,1527,0,3
1550,758,1572,3,0
1556,758,1534,0,3
1545,759,1523,0,3
1546,759,1568,3,0
1548,759,1570,3,0
1549,759,1527,0,3
1550,759,1572,3,0
1551,759,1573,3,0
1556,759,1534,0,3
1545,760,1523,0,3
1546,760,1568,3,0
1548,760,1570,3,0
1549,760,1527,0,3
1556,760,1534,0,3
1545,761,1523,0,3
1546,761,1568,3,0
1548,761,1570,3,0
1556,761,1534,0,3
1545,762,1523,0,3
1546,762,1568,3,0
1556,762,1534,0,3
1545,763,1523,0,3
1546,763,1568,3,0
1556,763,1534,0,3
1556,764,1534,0,3
1545,765,1523,0,3
1556,765,1534,0,3
1544,766,1566,3,0
1545,766,1523,0,3
1556,766,1534,0,3
1558,766,1536,0,3
1544,767,1566,3,0
1545,767,1523,0,3
1556,767,1534,0,3
1558,767,1536,0,3
1542,768,1520,0,3
1544,768,1566,3,0
1545,768,1523,0,3
1556,768,1534,0,3
1558,768,1536,0,3
1560,768,1582,3,0
1542,769,1520,0,3
1544,769,1566,3,0
1545,769,1523,0,3
1556,769,1534,0,3
1558,769,1536,0,3
1560,769,1582,3,0
1561,769,1583,3,0
1562,770,0,2,3
1563,770,1,3,3
1564,770,1542,0,3
1566,770,4,3,3
1567,770,1545,0,3
1578,770,1556,0,3
1580,770,1558,0,3
1582,770,20,3,3
1583,770,21,3,3
1563,771,1,3,3
1564,771,1542,0,3
1566,771,4,3,3
1567,771,1545,0,3
1578,771,1556,0,3
1580,771,1558,0,3
1582,771,20,3,3
1564,772,1542,0,3
1566,772,4,3,3
1567,772,1545,0,3
1578,772,1556,0,3
1580,772,1558,0,3
1566,773,4,3,3
1567,773,1545,0,3
1578,773,1556,0,3
1580,773,1558,0,3
1566,774,4,3,3
1567,774,1545,0,3
1578,774,1556,0,3
1567,775,1545,0,3
1578,775,1556,0,3
1567,776,1545,0,3
1568,776,6,3,3
1578,776,1556,0,3
1567,777,1545,0,3
1568,777,6,3,3
1569,777,1547,0,3
1578,777,1556,0,3
1567,778,1545,0,3
1568,778,6,3,3
1569,778,1547,0,3
1570,778,8,3,3
1578,778,1556,0,3
1567,779,1545,0,3
1568,779,6,3,3
1569,779,1547,0,3
1570,779,8,3,3
1571,779,1549,0,3
1578,779,1556,0,3
1567,780,1545,0,3
1568,780,6,3,3
1569,780,1547,0,3
1570,780,8,3,3
1571,780,1549,0,3
1572,780,10,3,3
1578,780,1556,0,3
1567,781,1545,0,3
1568,781,6,3,3
1569,781,1547,0,3
1570,781,8,3,3
1571,781,1549,0,3
1572,781,10,3,3
1573,781,11,3,3
1578,781,1556,0,3
1567,782,1545,0,3
1568,782,6,3,3
1569,782,1547,0,3
1570,782,8,3,3
1571,782,1549,0,3
1578,782,1556,0,3
1567,783,1545,0,3
1568,783,6,3,3
1569,783,1547,0,3
1570,783,8,3,3
1578,783,1556,0,3
1567,784,1545,0,3
1568,784,6,3,3
1569,784,1547,0,3
1578,784,1556,0,3
1567,785,1545,0,3
1568,785,6,3,3
1578,785,1556,0,3
1578,786,1556,0,3
1567,787,1545,0,3
1578,787,1556,0,3
1566,788,4,3,3
1567,788,1545,0,3
1578,788,1556,0,3
1580,788,1558,0,3
1566,789,4,3,3
1567,789,1545,0,3
1578,789,1556,0,3
1580,789,1558,0,3
1564,790,1542,0,3
1566,790,4,3,3
1567,790,1545,0,3
1578,790,1556,0,3
1580,790,1558,0,3
1582,790,20,3,3
1563,791,1,3,3
1564,791,1542,0,3
1566,791,4,3,3
1567,791,1545,0,3
1578,791,1556,0,3
1580,791,1558,0,3
1582,791,20,3,3
1583,791,21,3,3
0,792,22,1,0
2,792,24,2,0
4,792,26,2,0
5,792,1567,3,3
16,792,1578,3,3
18,792,1580,3,3
20,792,42,2,0
21,792,43,2,0
2,793,24,2,0
4,793,26,2,0
5,793,1567,3,3
16,793,1578,3,3
18,793,1580,3,3
20,793,42,2,0
2,794,24,2,0
4,794,26,2,0
5,794,1567,3,3
16,794,1578,3,3
18,794,1580,3,3
4,795,26,2,0
5,795,1567,3,3
16,795,1578,3,3
18,795,1580,3,3
4,796,26,2,0
5,796,1567,3,3
16,796,1578,3,3
5,797,1567,3,3
16,797,1578,3,3
5,798,1567,3,3
16,798,1578,3,3
5,799,1567,3,3
7,799,1569,3,3
16,799,1578,3,3
5,800,1567,3,3
7,800,1569,3,3
8,800,30,2,0
16,800,1578,3,3
5,801,1567,3,3
7,801,1569,3,3
8,801,30,2,0
9,801,1571,3,3
16,801,1578,3,3
5,802,1567,3,3
7,802,1569,3,3
8,802,30,2,0
9,802,1571,3,3
10,802,32,2,0
16,802,1578,3,3
5,803,1567,3,3
7,803,1569,3,3
8,803,30,2,0
9,803,1571,3,3
10,803,32,2,0
11,803,33,2,0
16,803,1578,3,3
5,804,1567,3,3
7,804,1569,3,3
8,804,30,2,0
9,804,1571,3,3
16,804,1578,3,3
5,805,1567,3,3
7,805,1569,3,3
8,805,30,2,0
16,805,1578,3,3
5,806,1567,3,3
7,806,1569,3,3
16,806,1578,3,3
5,807,1567,3,3
16,807,1578,3,3
16,808,1578,3,3
5,809,1567,3,3
16,809,1578,3,3
4,810,26,2,0
5,810,1567,3,3
16,810,1578,3,3
18,810,1580,3,3
4,811,26,2,0
5,811,1567,3,3
16,811,1578,3,3
18,811,1580,3,3
2,812,24,2,0
4,812,26,2,0
5,812,1567,3,3
16,812,1578,3,3
18,812,1580,3,3
20,812,42,2,0
2,813,24,2,0
4,813,26,2,0
5,813,1567,3,3
16,813,1578,3,3
18,813,1580,3,3
20,813,42,2,0
21,813,43,2,0
22,814,44,2,0
24,814,46,3,0
26,814,48,3,0
27,814,5,0,2
38,814,16,0,2
40,814,18,0,2
43,814,65,3,0
24,815,46,3,0
26,815,48,3,0
27,815,5,0,2
38,815,16,0,2
40,815,18,0,2
24,816,46,3,0
26,816,48,3,0
27,816,5,0,2
38,816,16,0,2
40,816,18,0,2
26,817,48,3,0
27,817,5,0,2
38,817,16,0,2
40,817,18,0,2
26,818,48,3,0
27,818,5,0,2
38,818,16,0,2
27,819,5,0,2
38,819,16,0,2
27,820,5,0,2
38,820,16,0,2
27,821,5,0,2
29,821,7,0,2
38,821,16,0,2
27,822,5,0,2
29,822,7,0,2
30,822,52,3,0
38,822,16,0,2
27,823,5,0,2
29,823,7,0,2
30,823,52,3,0
31,823,9,0,2
38,823,16,0,2
27,824,5,0,2
29,824,7,0,2
30,824,52,3,0
31,824,9,0,2
32,824,54,3,0
38,824,16,0,2
27,825,5,0,2
29,825,7,0,2
30,825,52,3,0
31,825,9,0,2
32,825,54,3,0
38,825,16,0,2
27,826,5,0,2
29,826,7,0,2
30,826,52,3,0
31,826,9,0,2
38,826,16,0,2
27,827,5,0,2
29,827,7,0,2
30,827,52,3,0
38,827,16,0,2
27,828,5,0,2
29,828,7,0,2
38,828,16,0,2
27,829,5,0,2
38,829,16,0,2
38,830,16,0,2
27,831,5,0,2
38,831,16,0,2
26,832,48,3,0
27,832,5,0,2
38,832,16,0,2
40,832,18,0,2
26,833,48,3,0
27,833,5,0,2
38,833,16,0,2
40,833,18,0,2
24,834,46,3,0
26,834,48,3,0
27,834,5,0,2
38,834,16,0,2
40,834,18,0,2
24,835,46,3,0
26,835,48,3,0
27,835,5,0,2
38,835,16,0,2
40,835,18,0,2
43,835,65,3,0
44,836,66,2,0
46,836,68,3,0
60,836,38,0,3
62,836,40,0,3
63,836,41,0,3
64,836,42,0,3
46,837,68,3,0
60,837,38,0,3
62,837,40,0,3
63,837,41,0,3
64,837,42,0,3
46,838,68,3,0
60,838,38,0,3
62,838,40,0,3
63,838,41,0,3
60,839,38,0,3
62,839,40,0,3
60,840,38,0,3
60,841,38,0,3
60,842,38,0,3
51,843,73,3,0
60,843,38,0,3
51,844,73,3,0
52,844,74,3,0
58,844,80,3,0
60,844,38,0,3
51,845,73,3,0
52,845,74,3,0
53,845,31,0,3
58,845,80,3,0
60,845,38,0,3
51,846,73,3,0
52,846,74,3,0
53,846,31,0,3
58,846,80,3,0
60,846,38,0,3
51,847,73,3,0
52,847,74,3,0
53,847,31,0,3
58,847,80,3,0
60,847,38,0,3
51,848,73,3,0
52,848,74,3,0
53,848,31,0,3
58,848,80,3,0
60,848,38,0,3
51,849,73,3,0
52,849,74,3,0
58,849,80,3,0
60,849,38,0,3
51,850,73,3,0
58,850,80,3,0
60,850,38,0,3
60,851,38,0,3
60,852,38,0,3
60,853,38,0,3
60,854,38,0,3
62,854,40,0,3
60,855,38,0,3
62,855,40,0,3
63,855,41,0,3
46,856,68,3,0
60,856,38,0,3
62,856,40,0,3
63,856,41,0,3
64,856,42,0,3
46,857,68,3,0
60,857,38,0,3
62,857,40,0,3
63,857,41,0,3
64,857,42,0,3
68,858,90,3,0
70,858,92,3,0
71,858,93,3,0
82,858,60,0,3
84,858,62,0,3
85,858,63,0,3
86,858,64,0,3
68,859,90,3,0
70,859,92,3,0
71,859,93,3,0
82,859,60,0,3
84,859,62,0,3
85,859,63,0,3
86,859,64,0,3
68,860,90,3,0
70,860,92,3,0
71,860,93,3,0
82,860,60,0,3
84,860,62,0,3
85,860,63,0,3
70,861,92,3,0
71,861,93,3,0
82,861,60,0,3
84,861,62,0,3
70,862,92,3,0
71,862,93,3,0
82,862,60,0,3
71,863,93,3,0
82,863,60,0,3
71,864,93,3,0
82,864,60,0,3
71,865,93,3,0
73,865,95,3,0
82,865,60,0,3
71,866,93,3,0
73,866,95,3,0
74,866,96,3,0
80,866,102,3,0
82,866,60,0,3
71,867,93,3,0
73,867,95,3,0
74,867,96,3,0
75,867,53,0,3
80,867,102,3,0
82,867,60,0,3
71,868,93,3,0
73,868,95,3,0
74,868,96,3,0
75,868,53,0,3
80,868,102,3,0
82,868,60,0,3
71,869,93,3,0
73,869,95,3,0
74,869,96,3,0
75,869,53,0,3
80,869,102,3,0
82,869,60,0,3
71,870,93,3,0
73,870,95,3,0
74,870,96,3,0
75,870,53,0,3
80,870,102,3,0
82,870,60,0,3
71,871,93,3,0
73,871,95,3,0
74,871,96,3,0
80,871,102,3,0
82,871,60,0,3
71,872,93,3,0
73,872,95,3,0
80,872,102,3,0
82,872,60,0,3
71,873,93,3,0
82,873,60,0,3
82,874,60,0,3
71,875,93,3,0
82,875,60,0,3
70,876,92,3,0
71,876,93,3,0
82,876,60,0,3
84,876,62,0,3
70,877,92,3,0
71,877,93,3,0
82,877,60,0,3
84,877,62,0,3
85,877,63,0,3
68,878,90,3,0
70,878,92,3,0
71,878,93,3,0
82,878,60,0,3
84,878,62,0,3
85,878,63,0,3
86,878,64,0,3
68,879,90,3,0
70,879,92,3,0
71,879,93,3,0
82,879,60,0,3
84,879,62,0,3
85,879,63,0,3
86,879,64,0,3
88,880,110,2,0
90,880,112,3,0
92,880,114,3,0
93,880,115,3,0
104,880,82,0,3
106,880,84,0,3
107,880,85,0,3
108,880,86,0,3
90,881,112,3,0
92,881,114,3,0
93,881,115,3,0
104,881,82,0,3
106,881,84,0,3
107,881,85,0,3
108,881,86,0,3
90,882,112,3,0
92,882,114,3,0
93,882,115,3,0
104,882,82,0,3
106,882,84,0,3
107,882,85,0,3
92,883,114,3,0
93,883,115,3,0
104,883,82,0,3
106,883,84,0,3
92,884,114,3,0
93,884,115,3,0
104,884,82,0,3
93,885,115,3,0
104,885,82,0,3
93,886,115,3,0
94,886,72,0,3
104,886,82,0,3
93,887,115,3,0
94,887,72,0,3
104,887,82,0,3
93,888,115,3,0
94,888,72,0,3
96,888,118,3,0
102,888,124,3,0
104,888,82,0,3
93,889,115,3,0
94,889,72,0,3
96,889,118,3,0
97,889,75,0,3
102,889,124,3,0
104,889,82,0,3
93,890,115,3,0
94,890,72,0,3
96,890,118,3,0
97,890,75,0,3
102,890,124,3,0
104,890,82,0,3
93,891,115,3,0
94,891,72,0,3
96,891,118,3,0
97,891,75,0,3
99,891,77,0,3
102,891,124,3,0
104,891,82,0,3
93,892,115,3,0
94,892,72,0,3
96,892,118,3,0
97,892,75,0,3
102,892,124,3,0
104,892,82,0,3
93,893,115,3,0
94,893,72,0,3
96,893,118,3,0
102,893,124,3,0
104,893,82,0,3
93,894,115,3,0
94,894,72,0,3
102,894,124,3,0
104,894,82,0,3
93,895,115,3,0
94,895,72,0,3
104,895,82,0,3
104,896,82,0,3
93,897,115,3,0
104,897,82,0,3
92,898,114,3,0
93,898,115,3,0
104,898,82,0,3
106,898,84,0,3
92,899,114,3,0
93,899,115,3,0
104,899,82,0,3
106,899,84,0,3
107,899,85,0,3
90,900,112,3,0
92,900,114,3,0
93,900,115,3,0
104,900,82,0,3
106,900,84,0,3
107,900,85,0,3
108,900,86,0,3
90,901,112,3,0
92,901,114,3,0
93,901,115,3,0
104,901,82,0,3
106,901,84,0,3
107,901,85,0,3
108,901,86,0,3
110,902,132,2,0
112,902,134,3,0
114,902,136,3,0
115,902,137,3,0
126,902,104,0,3
128,902,106,0,3
129,902,107,0,3
130,902,108,0,3
112,903,134,3,0
114,903,136,3,0
115,903,137,3,0
126,903,104,0,3
128,903,106,0,3
129,903,107,0,3
130,903,108,0,3
112,904,134,3,0
114,904,136,3,0
115,904,137,3,0
126,904,104,0,3
128,904,106,0,3
129,904,107,0,3
114,905,136,3,0
115,905,137,3,0
126,905,104,0,3
128,905,106,0,3
114,906,136,3,0
115,906,137,3,0
126,906,104,0,3
115,907,137,3,0
126,907,104,0,3
115,908,137,3,0
116,908,94,0,3
126,908,104,0,3
115,909,137,3,0
116,909,94,0,3
126,909,104,0,3
115,910,137,3,0
116,910,94,0,3
118,910,140,3,0
124,910,146,3,0
126,910,104,0,3
115,911,137,3,0
116,911,94,0,3
118,911,140,3,0
124,911,146,3,0
126,911,104,0,3
115,912,137,3,0
116,912,94,0,3
118,912,140,3,0
124,912,146,3,0
126,912,104,0,3
115,913,137,3,0
116,913,94,0,3
118,913,140,3,0
121,913,99,0,3
124,913,146,3,0
126,913,104,0,3
115,914,137,3,0
116,914,94,0,3
118,914,140,3,0
124,914,146,3,0
126,914,104,0,3
115,915,137,3,0
116,915,94,0,3
118,915,140,3,0
124,915,146,3,0
126,915,104,0,3
115,916,137,3,0
116,916,94,0,3
124,916,146,3,0
126,916,104,0,3
115,917,137,3,0
116,917,94,0,3
126,917,104,0,3
126,918,104,0,3
115,919,137,3,0
126,919,104,0,3
114,920,136,3,0
115,920,137,3,0
126,920,104,0,3
128,920,106,0,3
114,921,136,3,0
115,921,137,3,0
126,921,104,0,3
128,921,106,0,3
129,921,107,0,3
112,922,134,3,0
114,922,136,3,0
115,922,137,3,0
126,922,104,0,3
128,922,106,0,3
129,922,107,0,3
130,922,108,0,3
112,923,134,3,0
114,923,136,3,0
115,923,137,3,0
126,923,104,0,3
128,923,106,0,3
129,923,107,0,3
130,923,108,0,3
132,924,154,2,0
133,924,155,3,0
134,924,156,3,0
136,924,158,3,0
148,924,126,0,3
152,924,130,0,3
153,924,131,0,3
133,925,155,3,0
134,925,156,3,0
136,925,158,3,0
148,925,126,0,3
152,925,130,0,3
134,926,156,3,0
136,926,158,3,0
148,926,126,0,3
136,927,158,3,0
148,927,126,0,3
136,928,158,3,0
148,928,126,0,3
148,929,126,0,3
138,930,160,3,0
148,930,126,0,3
138,931,160,3,0
139,931,161,3,0
148,931,126,0,3
138,932,160,3,0
139,932,161,3,0
140,932,162,3,0
146,932,168,3,0
148,932,126,0,3
138,933,160,3,0
139,933,161,3,0
140,933,162,3,0
146,933,168,3,0
148,933,126,0,3
138,934,160,3,0
139,934,161,3,0
140,934,162,3,0
146,934,168,3,0
148,934,126,0,3
138,935,160,3,0
139,935,161,3,0
140,935,162,3,0
143,935,121,0,3
146,935,168,3,0
148,935,126,0,3
138,936,160,3,0
139,936,161,3,0
140,936,162,3,0
146,936,168,3,0
148,936,126,0,3
138,937,160,3,0
139,937,161,3,0
140,937,162,3,0
146,937,168,3,0
148,937,126,0,3
138,938,160,3,0
139,938,161,3,0
146,938,168,3,0
148,938,126,0,3
138,939,160,3,0
148,939,126,0,3
148,940,126,0,3
148,941,126,0,3
136,942,158,3,0
148,942,126,0,3
136,943,158,3,0
148,943,126,0,3
134,944,156,3,0
136,944,158,3,0
148,944,126,0,3
152,944,130,0,3
133,945,155,3,0
134,945,156,3,0
136,945,158,3,0
148,945,126,0,3
152,945,130,0,3
153,945,131,0,3
154,946,176,2,0
155,946,177,3,0
156,946,178,3,0
158,946,180,3,0
159,946,181,3,0
170,946,148,0,3
172,946,150,0,3
174,946,152,0,3
175,946,153,0,3
155,947,177,3,0
156,947,178,3,0
158,947,180,3,0
159,947,181,3,0
170,947,148,0,3
172,947,150,0,3
174,947,152,0,3
156,948,178,3,0
158,948,180,3,0
159,948,181,3,0
170,948,148,0,3
172,948,150,0,3
158,949,180,3,0
159,949,181,3,0
170,949,148,0,3
172,949,150,0,3
158,950,180,3,0
159,950,181,3,0
170,950,148,0,3
159,951,181,3,0
170,951,148,0,3
159,952,181,3,0
170,952,148,0,3
159,953,181,3,0
170,953,148,0,3
159,954,181,3,0
162,954,184,3,0
170,954,148,0,3
159,955,181,3,0
162,955,184,3,0
163,955,141,0,3
170,955,148,0,3
159,956,181,3,0
162,956,184,3,0
163,956,141,0,3
166,956,144,0,3
170,956,148,0,3
159,957,181,3,0
162,957,184,3,0
163,957,141,0,3
165,957,143,0,3
166,957,144,0,3
170,957,148,0,3
159,958,181,3,0
162,958,184,3,0
163,958,141,0,3
166,958,144,0,3
170,958,148,0,3
159,959,181,3,0
162,959,184,3,0
170,959,148,0,3
159,960,181,3,0
170,960,148,0,3
159,961,181,3,0
170,961,148,0,3
170,962,148,0,3
159,963,181,3,0
170,963,148,0,3
158,964,180,3,0
159,964,181,3,0
170,964,148,0,3
172,964,150,0,3
158,965,180,3,0
159,965,181,3,0
170,965,148,0,3
172,965,150,0,3
156,966,178,3,0
158,966,180,3,0
159,966,181,3,0
170,966,148,0,3
172,966,150,0,3
174,966,152,0,3
155,967,177,3,0
156,967,178,3,0
158,967,180,3,0
159,967,181,3,0
170,967,148,0,3
172,967,150,0,3
174,967,152,0,3
175,967,153,0,3
176,968,198,2,0
177,968,199,3,0
178,968,200,3,0
180,968,202,3,0
181,968,203,3,0
193,968,215,3,0
194,968,172,0,3
196,968,174,0,3
197,968,175,0,3
177,969,199,3,0
178,969,200,3,0
180,969,202,3,0
181,969,203,3,0
193,969,215,3,0
194,969,172,0,3
196,969,174,0,3
178,970,200,3,0
180,970,202,3,0
181,970,203,3,0
193,970,215,3,0
194,970,172,0,3
180,971,202,3,0
181,971,203,3,0
193,971,215,3,0
194,971,172,0,3
180,972,202,3,0
181,972,203,3,0
193,972,215,3,0
181,973,203,3,0
181,974,203,3,0
181,975,203,3,0
183,975,205,3,0
191,975,213,3,0
181,976,203,3,0
183,976,205,3,0
184,976,206,3,0
190,976,168,0,3
191,976,213,3,0
181,977,203,3,0
183,977,205,3,0
184,977,206,3,0
185,977,163,0,3
190,977,168,0,3
191,977,213,3,0
181,978,203,3,0
183,978,205,3,0
184,978,206,3,0
185,978,163,0,3
188,978,166,0,3
190,978,168,0,3
191,978,213,3,0
181,979,203,3,0
183,979,205,3,0
184,979,206,3,0
185,979,163,0,3
187,979,165,0,3
188,979,166,0,3
190,979,168,0,3
191,979,213,3,0
181,980,203,3,0
183,980,205,3,0
184,980,206,3,0
185,980,163,0,3
188,980,166,0,3
190,980,168,0,3
191,980,213,3,0
181,981,203,3,0
183,981,205,3,0
184,981,206,3,0
190,981,168,0,3
191,981,213,3,0
181,982,203,3,0
183,982,205,3,0
190,982,168,0,3
191,982,213,3,0
181,983,203,3,0
191,983,213,3,0
181,985,203,3,0
193,985,215,3,0
180,986,202,3,0
181,986,203,3,0
193,986,215,3,0
194,986,172,0,3
180,987,202,3,0
181,987,203,3,0
193,987,215,3,0
194,987,172,0,3
178,988,200,3,0
180,988,202,3,0
181,988,203,3,0
193,988,215,3,0
194,988,172,0,3
196,988,174,0,3
177,989,199,3,0
178,989,200,3,0
180,989,202,3,0
181,989,203,3,0
193,989,215,3,0
194,989,172,0,3
196,989,174,0,3
197,989,175,0,3
198,990,220,2,0
199,990,221,3,0
200,990,222,3,0
201,990,223,3,0
202,990,224,3,0
215,990,237,3,0
216,990,194,0,3
218,990,196,0,3
199,991,221,3,0
200,991,222,3,0
201,991,223,3,0
202,991,224,3,0
215,991,237,3,0
216,991,194,0,3
218,991,196,0,3
200,992,222,3,0
201,992,223,3,0
202,992,224,3,0
215,992,237,3,0
216,992,194,0,3
201,993,223,3,0
202,993,224,3,0
215,993,237,3,0
216,993,194,0,3
202,994,224,3,0
215,994,237,3,0
204,996,226,3,0
204,997,226,3,0
205,997,227,3,0
213,997,235,3,0
204,998,226,3,0
205,998,227,3,0
206,998,228,3,0
213,998,235,3,0
204,999,226,3,0
205,999,227,3,0
206,999,228,3,0
207,999,185,0,3
213,999,235,3,0
204,1000,226,3,0
205,1000,227,3,0
206,1000,228,3,0
207,1000,185,0,3
208,1000,230,3,0
210,1000,188,0,3
213,1000,235,3,0
204,1001,226,3,0
205,1001,227,3,0
206,1001,228,3,0
207,1001,185,0,3
208,1001,230,3,0
209,1001,187,0,3
210,1001,188,0,3
213,1001,235,3,0
204,1002,226,3,0
205,1002,227,3,0
206,1002,228,3,0
207,1002,185,0,3
210,1002,188,0,3
213,1002,235,3,0
204,1003,226,3,0
205,1003,227,3,0
206,1003,228,3,0
213,1003,235,3,0
204,1004,226,3,0
205,1004,227,3,0
213,1004,235,3,0
204,1005,226,3,0
213,1005,235,3,0
215,1007,237,3,0
202,1008,224,3,0
215,1008,237,3,0
216,1008,194,0,3
201,1009,223,3,0
202,1009,224,3,0
215,1009,237,3,0
216,1009,194,0,3
200,1010,222,3,0
201,1010,223,3,0
202,1010,224,3,0
215,1010,237,3,0
216,1010,194,0,3
218,1010,196,0,3
199,1011,221,3,0
200,1011,222,3,0
201,1011,223,3,0
202,1011,224,3,0
215,1011,237,3,0
216,1011,194,0,3
218,1011,196,0,3
220,1012,242,2,0
222,1012,244,3,0
224,1012,246,3,0
237,1012,259,3,0
238,1012,260,3,0
240,1012,218,0,3
222,1013,244,3,0
224,1013,246,3,0
237,1013,259,3,0
238,1013,260,3,0
240,1013,218,0,3
222,1014,244,3,0
224,1014,246,3,0
237,1014,259,3,0
238,1014,260,3,0
224,1015,246,3,0
237,1015,259,3,0
238,1015,260,3,0
224,1016,246,3,0
237,1016,259,3,0
226,1018,248,3,0
226,1019,248,3,0
227,1019,249,3,0
235,1019,257,3,0
226,1020,248,3,0
227,1020,249,3,0
228,1020,250,3,0
235,1020,257,3,0
226,1021,248,3,0
227,1021,249,3,0
228,1021,250,3,0
229,1021,207,0,3
235,1021,257,3,0
226,1022,248,3,0
227,1022,249,3,0
228,1022,250,3,0
229,1022,207,0,3
230,1022,252,3,0
232,1022,210,0,3
235,1022,257,3,0
226,1023,248,3,0
227,1023,249,3,0
228,1023,250,3,0
229,1023,207,0,3
230,1023,252,3,0
231,1023,209,0,3
232,1023,210,0,3
235,1023,257,3,0
226,1024,248,3,0
227,1024,249,3,0
228,1024,250,3,0
229,1024,207,0,3
232,1024,210,0,3
235,1024,257,3,0
226,1025,248,3,0
227,1025,249,3,0
228,1025,250,3,0
235,1025,257,3,0
226,1026,248,3,0
227,1026,249,3,0
235,1026,257,3,0
226,1027,248,3,0
235,1027,257,3,0
237,1029,259,3,0
224,1030,246,3,0
237,1030,259,3,0
238,1030,260,3,0
224,1031,246,3,0
237,1031,259,3,0
238,1031,260,3,0
222,1032,244,3,0
224,1032,246,3,0
237,1032,259,3,0
238,1032,260,3,0
240,1032,218,0,3
222,1033,244,3,0
224,1033,246,3,0
237,1033,259,3,0
238,1033,260,3,0
240,1033,218,0,3
242,1034,264,2,0
244,1034,266,3,0
246,1034,268,3,0
262,1034,240,0,3
244,1035,266,3,0
246,1035,268,3,0
262,1035,240,0,3
244,1036,266,3,0
246,1036,268,3,0
246,1037,268,3,0
246,1038,268,3,0
248,1040,270,3,0
248,1041,270,3,0
249,1041,271,3,0
257,1041,279,3,0
248,1042,270,3,0
249,1042,271,3,0
250,1042,272,3,0
256,1042,234,0,3
257,1042,279,3,0
248,1043,270,3,0
249,1043,271,3,0
250,1043,272,3,0
251,1043,229,0,3
256,1043,234,0,3
257,1043,279,3,0
248,1044,270,3,0
249,1044,271,3,0
250,1044,272,3,0
251,1044,229,0,3
252,1044,274,3,0
254,1044,232,0,3
256,1044,234,0,3
257,1044,279,3,0
248,1045,270,3,0
249,1045,271,3,0
250,1045,272,3,0
251,1045,229,0,3
252,1045,274,3,0
253,1045,231,0,3
254,1045,232,0,3
256,1045,234,0,3
257,1045,279,3,0
248,1046,270,3,0
249,1046,271,3,0
250,1046,272,3,0
251,1046,229,0,3
254,1046,232,0,3
256,1046,234,0,3
257,1046,279,3,0
248,1047,270,3,0
249,1047,271,3,0
250,1047,272,3,0
256,1047,234,0,3
257,1047,279,3,0
248,1048,270,3,0
249,1048,271,3,0
256,1048,234,0,3
257,1048,279,3,0
248,1049,270,3,0
257,1049,279,3,0
246,1052,268,3,0
246,1053,268,3,0
244,1054,266,3,0
246,1054,268,3,0
262,1054,240,0,3
244,1055,266,3,0
246,1055,268,3,0
262,1055,240,0,3
266,1056,288,3,0
267,1056,289,3,0
268,1056,290,3,0
284,1056,262,0,3
266,1057,288,3,0
267,1057,289,3,0
268,1057,290,3,0
284,1057,262,0,3
266,1058,288,3,0
267,1058,289,3,0
268,1058,290,3,0
267,1059,289,3,0
268,1059,290,3,0
268,1060,290,3,0
270,1062,292,3,0
270,1063,292,3,0
271,1063,293,3,0
279,1063,301,3,0
270,1064,292,3,0
271,1064,293,3,0
278,1064,256,0,3
279,1064,301,3,0
270,1065,292,3,0
271,1065,293,3,0
273,1065,251,0,3
278,1065,256,0,3
279,1065,301,3,0
270,1066,292,3,0
271,1066,293,3,0
273,1066,251,0,3
274,1066,296,3,0
278,1066,256,0,3
279,1066,301,3,0
270,1067,292,3,0
271,1067,293,3,0
273,1067,251,0,3
274,1067,296,3,0
275,1067,253,0,3
278,1067,256,0,3
279,1067,301,3,0
270,1068,292,3,0
271,1068,293,3,0
273,1068,251,0,3
278,1068,256,0,3
279,1068,301,3,0
270,1069,292,3,0
271,1069,293,3,0
278,1069,256,0,3
279,1069,301,3,0
270,1070,292,3,0
271,1070,293,3,0
278,1070,256,0,3
279,1070,301,3,0
270,1071,292,3,0
279,1071,301,3,0
268,1074,290,3,0
267,1075,289,3,0
268,1075,290,3,0
266,1076,288,3,0
267,1076,289,3,0
268,1076,290,3,0
284,1076,262,0,3
266,1077,288,3,0
267,1077,289,3,0
268,1077,290,3,0
284,1077,262,0,3
288,1078,310,3,0
289,1078,311,3,0
290,1078,312,3,0
303,1078,325,3,0
305,1078,283,0,3
306,1078,284,0,3
288,1079,310,3,0
289,1079,311,3,0
290,1079,312,3,0
303,1079,325,3,0
305,1079,283,0,3
306,1079,284,0,3
288,1080,310,3,0
289,1080,311,3,0
290,1080,312,3,0
303,1080,325,3,0
305,1080,283,0,3
289,1081,311,3,0
290,1081,312,3,0
303,1081,325,3,0
290,1082,312,3,0
303,1082,325,3,0
293,1085,315,3,0
301,1085,323,3,0
293,1086,315,3,0
300,1086,278,0,3
301,1086,323,3,0
293,1087,315,3,0
300,1087,278,0,3
301,1087,323,3,0
293,1088,315,3,0
296,1088,318,3,0
298,1088,276,0,3
300,1088,278,0,3
301,1088,323,3,0
293,1089,315,3,0
296,1089,318,3,0
297,1089,275,0,3
298,1089,276,0,3
300,1089,278,0,3
301,1089,323,3,0
293,1090,315,3,0
298,1090,276,0,3
300,1090,278,0,3
301,1090,323,3,0
293,1091,315,3,0
300,1091,278,0,3
301,1091,323,3,0
293,1092,315,3,0
300,1092,278,0,3
301,1092,323,3,0
301,1093,323,3,0
303,1095,325,3,0
290,1096,312,3,0
303,1096,325,3,0
289,1097,311,3,0
290,1097,312,3,0
303,1097,325,3,0
305,1097,283,0,3
288,1098,310,3,0
289,1098,311,3,0
290,1098,312,3,0
303,1098,325,3,0
305,1098,283,0,3
306,1098,284,0,3
288,1099,310,3,0
289,1099,311,3,0
290,1099,312,3,0
303,1099,325,3,0
305,1099,283,0,3
306,1099,284,0,3
310,1100,332,3,0
311,1100,333,3,0
312,1100,334,3,0
325,1100,347,3,0
327,1100,305,0,3
328,1100,306,0,3
310,1101,332,3,0
311,1101,333,3,0
312,1101,334,3,0
325,1101,347,3,0
327,1101,305,0,3
328,1101,306,0,3
310,1102,332,3,0
311,1102,333,3,0
312,1102,334,3,0
325,1102,347,3,0
327,1102,305,0,3
311,1103,333,3,0
312,1103,334,3,0
325,1103,347,3,0
312,1104,334,3,0
325,1104,347,3,0
315,1107,337,3,0
323,1107,345,3,0
315,1108,337,3,0
322,1108,300,0,3
323,1108,345,3,0
315,1109,337,3,0
322,1109,300,0,3
323,1109,345,3,0
315,1110,337,3,0
320,1110,298,0,3
322,1110,300,0,3
323,1110,345,3,0
315,1111,337,3,0
319,1111,297,0,3
320,1111,298,0,3
322,1111,300,0,3
323,1111,345,3,0
315,1112,337,3,0
320,1112,298,0,3
322,1112,300,0,3
323,1112,345,3,0
315,1113,337,3,0
322,1113,300,0,3
323,1113,345,3,0
315,1114,337,3,0
322,1114,300,0,3
323,1114,345,3,0
323,1115,345,3,0
325,1117,347,3,0
312,1118,334,3,0
325,1118,347,3,0
311,1119,333,3,0
312,1119,334,3,0
325,1119,347,3,0
327,1119,305,0,3
310,1120,332,3,0
311,1120,333,3,0
312,1120,334,3,0
325,1120,347,3,0
327,1120,305,0,3
328,1120,306,0,3
310,1121,332,3,0
311,1121,333,3,0
312,1121,334,3,0
325,1121,347,3,0
327,1121,305,0,3
328,1121,306,0,3
332,1122,354,3,0
333,1122,355,3,0
334,1122,356,3,0
349,1122,327,0,3
350,1122,328,0,3
332,1123,354,3,0
333,1123,355,3,0
334,1123,356,3,0
349,1123,327,0,3
350,1123,328,0,3
332,1124,354,3,0
333,1124,355,3,0
334,1124,356,3,0
349,1124,327,0,3
333,1125,355,3,0
334,1125,356,3,0
334,1126,356,3,0
337,1129,359,3,0
345,1129,367,3,0
337,1130,359,3,0
344,1130,322,0,3
345,1130,367,3,0
337,1131,359,3,0
344,1131,322,0,3
345,1131,367,3,0
337,1132,359,3,0
342,1132,320,0,3
344,1132,322,0,3
345,1132,367,3,0
337,1133,359,3,0
341,1133,319,0,3
342,1133,320,0,3
344,1133,322,0,3
345,1133,367,3,0
337,1134,359,3,0
342,1134,320,0,3
344,1134,322,0,3
345,1134,367,3,0
337,1135,359,3,0
344,1135,322,0,3
345,1135,367,3,0
337,1136,359,3,0
344,1136,322,0,3
345,1136,367,3,0
345,1137,367,3,0
334,1140,356,3,0
333,1141,355,3,0
334,1141,356,3,0
349,1141,327,0,3
332,1142,354,3,0
333,1142,355,3,0
334,1142,356,3,0
349,1142,327,0,3
350,1142,328,0,3
332,1143,354,3,0
333,1143,355,3,0
334,1143,356,3,0
349,1143,327,0,3
350,1143,328,0,3
354,1144,376,3,0
355,1144,377,3,0
356,1144,378,3,0
371,1144,349,0,3
372,1144,350,0,3
373,1144,351,0,3
354,1145,376,3,0
355,1145,377,3,0
356,1145,378,3,0
371,1145,349,0,3
372,1145,350,0,3
354,1146,376,3,0
355,1146,377,3,0
356,1146,378,3,0
371,1146,349,0,3
355,1147,377,3,0
356,1147,378,3,0
356,1148,378,3,0
359,1151,381,3,0
367,1151,389,3,0
359,1152,381,3,0
360,1152,338,0,3
366,1152,344,0,3
367,1152,389,3,0
359,1153,381,3,0
360,1153,338,0,3
366,1153,344,0,3
367,1153,389,3,0
359,1154,381,3,0
360,1154,338,0,3
364,1154,342,0,3
366,1154,344,0,3
367,1154,389,3,0
359,1155,381,3,0
360,1155,338,0,3
363,1155,341,0,3
364,1155,342,0,3
366,1155,344,0,3
367,1155,389,3,0
359,1156,381,3,0
360,1156,338,0,3
364,1156,342,0,3
366,1156,344,0,3
367,1156,389,3,0
359,1157,381,3,0
360,1157,338,0,3
366,1157,344,0,3
367,1157,389,3,0
359,1158,381,3,0
366,1158,344,0,3
367,1158,389,3,0
367,1159,389,3,0
356,1162,378,3,0
355,1163,377,3,0
356,1163,378,3,0
371,1163,349,0,3
354,1164,376,3,0
355,1164,377,3,0
356,1164,378,3,0
371,1164,349,0,3
372,1164,350,0,3
354,1165,376,3,0
355,1165,377,3,0
356,1165,378,3,0
371,1165,349,0,3
372,1165,350,0,3
373,1165,351,0,3
376,1166,398,3,0
377,1166,399,3,0
378,1166,400,3,0
379,1166,401,3,0
393,1166,371,0,3
394,1166,372,0,3
395,1166,373,0,3
376,1167,398,3,0
377,1167,399,3,0
378,1167,400,3,0
379,1167,401,3,0
393,1167,371,0,3
394,1167,372,0,3
376,1168,398,3,0
377,1168,399,3,0
378,1168,400,3,0
379,1168,401,3,0
393,1168,371,0,3
377,1169,399,3,0
378,1169,400,3,0
379,1169,401,3,0
378,1170,400,3,0
379,1170,401,3,0
379,1171,401,3,0
379,1172,401,3,0
379,1173,401,3,0
381,1173,403,3,0
389,1173,411,3,0
379,1174,401,3,0
381,1174,403,3,0
382,1174,360,0,3
388,1174,366,0,3
389,1174,411,3,0
379,1175,401,3,0
381,1175,403,3,0
382,1175,360,0,3
388,1175,366,0,3
389,1175,411,3,0
379,1176,401,3,0
381,1176,403,3,0
382,1176,360,0,3
386,1176,364,0,3
388,1176,366,0,3
389,1176,411,3,0
379,1177,401,3,0
381,1177,403,3,0
382,1177,360,0,3
385,1177,363,0,3
386,1177,364,0,3
388,1177,366,0,3
389,1177,411,3,0
379,1178,401,3,0
381,1178,403,3,0
382,1178,360,0,3
386,1178,364,0,3
388,1178,366,0,3
389,1178,411,3,0
379,1179,401,3,0
381,1179,403,3,0
382,1179,360,0,3
388,1179,366,0,3
389,1179,411,3,0
379,1180,401,3,0
381,1180,403,3,0
388,1180,366,0,3
389,1180,411,3,0
379,1181,401,3,0
389,1181,411,3,0
379,1183,401,3,0
378,1184,400,3,0
379,1184,401,3,0
377,1185,399,3,0
378,1185,400,3,0
379,1185,401,3,0
393,1185,371,0,3
376,1186,398,3,0
377,1186,399,3,0
378,1186,400,3,0
379,1186,401,3,0
393,1186,371,0,3
394,1186,372,0,3
376,1187,398,3,0
377,1187,399,3,0
378,1187,400,3,0
379,1187,401,3,0
393,1187,371,0,3
394,1187,372,0,3
395,1187,373,0,3
398,1188,420,3,0
399,1188,421,3,0
400,1188,422,3,0
401,1188,423,3,0
412,1188,434,3,0
415,1188,393,0,3
416,1188,394,0,3
417,1188,395,0,3
398,1189,420,3,0
399,1189,421,3,0
400,1189,422,3,0
401,1189,423,3,0
412,1189,434,3,0
415,1189,393,0,3
416,1189,394,0,3
398,1190,420,3,0
399,1190,421,3,0
400,1190,422,3,0
401,1190,423,3,0
412,1190,434,3,0
415,1190,393,0,3
399,1191,421,3,0
400,1191,422,3,0
401,1191,423,3,0
412,1191,434,3,0
400,1192,422,3,0
401,1192,423,3,0
412,1192,434,3,0
401,1193,423,3,0
412,1193,434,3,0
401,1194,423,3,0
412,1194,434,3,0
401,1195,423,3,0
403,1195,425,3,0
411,1195,433,3,0
412,1195,434,3,0
401,1196,423,3,0
403,1196,425,3,0
404,1196,382,0,3
410,1196,388,0,3
411,1196,433,3,0
412,1196,434,3,0
401,1197,423,3,0
403,1197,425,3,0
404,1197,382,0,3
410,1197,388,0,3
411,1197,433,3,0
412,1197,434,3,0
401,1198,423,3,0
403,1198,425,3,0
404,1198,382,0,3
408,1198,386,0,3
410,1198,388,0,3
411,1198,433,3,0
412,1198,434,3,0
401,1199,423,3,0
403,1199,425,3,0
404,1199,382,0,3
407,1199,385,0,3
408,1199,386,0,3
410,1199,388,0,3
411,1199,433,3,0
412,1199,434,3,0
401,1200,423,3,0
403,1200,425,3,0
404,1200,382,0,3
408,1200,386,0,3
410,1200,388,0,3
411,1200,433,3,0
412,1200,434,3,0
401,1201,423,3,0
403,1201,425,3,0
404,1201,382,0,3
410,1201,388,0,3
411,1201,433,3,0
412,1201,434,3,0
401,1202,423,3,0
403,1202,425,3,0
410,1202,388,0,3
411,1202,433,3,0
412,1202,434,3,0
401,1203,423,3,0
411,1203,433,3,0
412,1203,434,3,0
412,1204,434,3,0
401,1205,423,3,0
412,1205,434,3,0
400,1206,422,3,0
401,1206,423,3,0
412,1206,434,3,0
399,1207,421,3,0
400,1207,422,3,0
401,1207,423,3,0
412,1207,434,3,0
415,1207,393,0,3
398,1208,420,3,0
399,1208,421,3,0
400,1208,422,3,0
401,1208,423,3,0
412,1208,434,3,0
415,1208,393,0,3
416,1208,394,0,3
398,1209,420,3,0
399,1209,421,3,0
400,1209,422,3,0
401,1209,423,3,0
412,1209,434,3,0
415,1209,393,0,3
416,1209,394,0,3
417,1209,395,0,3
420,1210,442,3,0
421,1210,443,3,0
422,1210,444,3,0
423,1210,445,3,0
434,1210,456,3,0
437,1210,415,0,3
438,1210,416,0,3
439,1210,417,0,3
420,1211,442,3,0
421,1211,443,3,0
422,1211,444,3,0
423,1211,445,3,0
434,1211,456,3,0
437,1211,415,0,3
438,1211,416,0,3
420,1212,442,3,0
421,1212,443,3,0
422,1212,444,3,0
423,1212,445,3,0
434,1212,456,3,0
437,1212,415,0,3
421,1213,443,3,0
422,1213,444,3,0
423,1213,445,3,0
434,1213,456,3,0
422,1214,444,3,0
423,1214,445,3,0
434,1214,456,3,0
423,1215,445,3,0
434,1215,456,3,0
423,1216,445,3,0
434,1216,456,3,0
423,1217,445,3,0
425,1217,447,3,0
434,1217,456,3,0
423,1218,445,3,0
425,1218,447,3,0
426,1218,404,0,3
432,1218,410,0,3
434,1218,456,3,0
423,1219,445,3,0
425,1219,447,3,0
426,1219,404,0,3
432,1219,410,0,3
434,1219,456,3,0
423,1220,445,3,0
425,1220,447,3,0
426,1220,404,0,3
430,1220,408,0,3
432,1220,410,0,3
434,1220,456,3,0
423,1221,445,3,0
425,1221,447,3,0
426,1221,404,0,3
429,1221,407,0,3
430,1221,408,0,3
432,1221,410,0,3
434,1221,456,3,0
423,1222,445,3,0
425,1222,447,3,0
426,1222,404,0,3
430,1222,408,0,3
432,1222,410,0,3
434,1222,456,3,0
423,1223,445,3,0
425,1223,447,3,0
426,1223,404,0,3
432,1223,410,0,3
434,1223,456,3,0
423,1224,445,3,0
425,1224,447,3,0
432,1224,410,0,3
434,1224,456,3,0
423,1225,445,3,0
434,1225,456,3,0
434,1226,456,3,0
423,1227,445,3,0
434,1227,456,3,0
422,1228,444,3,0
423,1228,445,3,0
434,1228,456,3,0
421,1229,443,3,0
422,1229,444,3,0
423,1229,445,3,0
434,1229,456,3,0
437,1229,415,0,3
420,1230,442,3,0
421,1230,443,3,0
422,1230,444,3,0
423,1230,445,3,0
434,1230,456,3,0
437,1230,415,0,3
438,1230,416,0,3
420,1231,442,3,0
421,1231,443,3,0
422,1231,444,3,0
423,1231,445,3,0
434,1231,456,3,0
437,1231,415,0,3
438,1231,416,0,3
439,1231,417,0,3
442,1232,464,3,0
443,1232,465,3,0
444,1232,466,3,0
456,1232,478,3,0
460,1232,438,0,3
461,1232,439,0,3
442,1233,464,3,0
443,1233,465,3,0
444,1233,466,3,0
456,1233,478,3,0
460,1233,438,0,3
442,1234,464,3,0
443,1234,465,3,0
444,1234,466,3,0
456,1234,478,3,0
443,1235,465,3,0
444,1235,466,3,0
456,1235,478,3,0
444,1236,466,3,0
456,1236,478,3,0
456,1237,478,3,0
456,1238,478,3,0
447,1239,469,3,0
456,1239,478,3,0
447,1240,469,3,0
448,1240,426,0,3
454,1240,432,0,3
456,1240,478,3,0
447,1241,469,3,0
448,1241,426,0,3
454,1241,432,0,3
456,1241,478,3,0
447,1242,469,3,0
448,1242,426,0,3
452,1242,430,0,3
454,1242,432,0,3
456,1242,478,3,0
447,1243,469,3,0
448,1243,426,0,3
451,1243,429,0,3
452,1243,430,0,3
454,1243,432,0,3
456,1243,478,3,0
447,1244,469,3,0
448,1244,426,0,3
452,1244,430,0,3
454,1244,432,0,3
456,1244,478,3,0
447,1245,469,3,0
448,1245,426,0,3
454,1245,432,0,3
456,1245,478,3,0
447,1246,469,3,0
454,1246,432,0,3
456,1246,478,3,0
456,1247,478,3,0
456,1248,478,3,0
456,1249,478,3,0
444,1250,466,3,0
456,1250,478,3,0
443,1251,465,3,0
444,1251,466,3,0
456,1251,478,3,0
442,1252,464,3,0
443,1252,465,3,0
444,1252,466,3,0
456,1252,478,3,0
460,1252,438,0,3
442,1253,464,3,0
443,1253,465,3,0
444,1253,466,3,0
456,1253,478,3,0
460,1253,438,0,3
461,1253,439,0,3
464,1254,486,3,0
465,1254,487,3,0
466,1254,488,3,0
478,1254,456,0,3
482,1254,460,0,3
483,1254,461,0,3
464,1255,486,3,0
465,1255,487,3,0
466,1255,488,3,0
478,1255,456,0,3
482,1255,460,0,3
464,1256,486,3,0
465,1256,487,3,0
466,1256,488,3,0
478,1256,456,0,3
465,1257,487,3,0
466,1257,488,3,0
478,1257,456,0,3
466,1258,488,3,0
478,1258,456,0,3
478,1259,456,0,3
478,1260,456,0,3
478,1261,456,0,3
470,1262,448,0,3
476,1262,454,0,3
478,1262,456,0,3
470,1263,448,0,3
471,1263,493,3,0
476,1263,454,0,3
478,1263,456,0,3
470,1264,448,0,3
471,1264,493,3,0
474,1264,452,0,3
476,1264,454,0,3
478,1264,456,0,3
470,1265,448,0,3
471,1265,493,3,0
473,1265,451,0,3
474,1265,452,0,3
476,1265,454,0,3
478,1265,456,0,3
470,1266,448,0,3
471,1266,493,3,0
474,1266,452,0,3
476,1266,454,0,3
478,1266,456,0,3
470,1267,448,0,3
476,1267,454,0,3
478,1267,456,0,3
476,1268,454,0,3
478,1268,456,0,3
478,1269,456,0,3
478,1270,456,0,3
478,1271,456,0,3
466,1272,488,3,0
478,1272,456,0,3
465,1273,487,3,0
466,1273,488,3,0
478,1273,456,0,3
464,1274,486,3,0
465,1274,487,3,0
466,1274,488,3,0
478,1274,456,0,3
482,1274,460,0,3
464,1275,486,3,0
465,1275,487,3,0
466,1275,488,3,0
478,1275,456,0,3
482,1275,460,0,3
483,1275,461,0,3
486,1276,508,3,0
488,1276,510,3,0
504,1276,482,0,3
505,1276,483,0,3
486,1277,508,3,0
488,1277,510,3,0
504,1277,482,0,3
486,1278,508,3,0
488,1278,510,3,0
488,1279,510,3,0
488,1280,510,3,0
492,1284,470,0,3
498,1284,476,0,3
492,1285,470,0,3
493,1285,515,3,0
497,1285,475,0,3
498,1285,476,0,3
492,1286,470,0,3
493,1286,515,3,0
496,1286,474,0,3
497,1286,475,0,3
498,1286,476,0,3
492,1287,470,0,3
493,1287,515,3,0
495,1287,473,0,3
496,1287,474,0,3
497,1287,475,0,3
498,1287,476,0,3
492,1288,470,0,3
493,1288,515,3,0
496,1288,474,0,3
497,1288,475,0,3
498,1288,476,0,3
492,1289,470,0,3
497,1289,475,0,3
498,1289,476,0,3
498,1290,476,0,3
488,1294,510,3,0
488,1295,510,3,0
486,1296,508,3,0
488,1296,510,3,0
504,1296,482,0,3
486,1297,508,3,0
488,1297,510,3,0
504,1297,482,0,3
505,1297,483,0,3
508,1298,530,3,0
509,1298,531,3,0
510,1298,532,3,0
525,1298,503,0,3
526,1298,504,0,3
527,1298,505,0,3
508,1299,530,3,0
509,1299,531,3,0
510,1299,532,3,0
525,1299,503,0,3
526,1299,504,0,3
508,1300,530,3,0
509,1300,531,3,0
510,1300,532,3,0
525,1300,503,0,3
509,1301,531,3,0
510,1301,532,3,0
510,1302,532,3,0
513,1305,535,3,0
513,1306,535,3,0
514,1306,492,0,3
513,1307,535,3,0
514,1307,492,0,3
515,1307,537,3,0
519,1307,497,0,3
513,1308,535,3,0
514,1308,492,0,3
515,1308,537,3,0
518,1308,496,0,3
519,1308,497,0,3
513,1309,535,3,0
514,1309,492,0,3
515,1309,537,3,0
517,1309,495,0,3
518,1309,496,0,3
519,1309,497,0,3
513,1310,535,3,0
514,1310,492,0,3
515,1310,537,3,0
518,1310,496,0,3
519,1310,497,0,3
513,1311,535,3,0
514,1311,492,0,3
519,1311,497,0,3
513,1312,535,3,0
510,1316,532,3,0
509,1317,531,3,0
510,1317,532,3,0
525,1317,503,0,3
508,1318,530,3,0
509,1318,531,3,0
510,1318,532,3,0
525,1318,503,0,3
526,1318,504,0,3
508,1319,530,3,0
509,1319,531,3,0
510,1319,532,3,0
525,1319,503,0,3
526,1319,504,0,3
527,1319,505,0,3
530,1320,552,3,0
531,1320,553,3,0
532,1320,554,3,0
548,1320,526,0,3
549,1320,527,0,3
530,1321,552,3,0
531,1321,553,3,0
532,1321,554,3,0
548,1321,526,0,3
530,1322,552,3,0
531,1322,553,3,0
532,1322,554,3,0
531,1323,553,3,0
532,1323,554,3,0
532,1324,554,3,0
535,1327,557,3,0
535,1328,557,3,0
536,1328,514,0,3
535,1329,557,3,0
536,1329,514,0,3
537,1329,559,3,0
541,1329,519,0,3
535,1330,557,3,0
536,1330,514,0,3
537,1330,559,3,0
540,1330,518,0,3
541,1330,519,0,3
535,1331,557,3,0
536,1331,514,0,3
537,1331,559,3,0
539,1331,517,0,3
540,1331,518,0,3
541,1331,519,0,3
535,1332,557,3,0
536,1332,514,0,3
537,1332,559,3,0
540,1332,518,0,3
541,1332,519,0,3
535,1333,557,3,0
536,1333,514,0,3
541,1333,519,0,3
535,1334,557,3,0
532,1338,554,3,0
531,1339,553,3,0
532,1339,554,3,0
530,1340,552,3,0
531,1340,553,3,0
532,1340,554,3,0
548,1340,526,0,3
530,1341,552,3,0
531,1341,553,3,0
532,1341,554,3,0
548,1341,526,0,3
549,1341,527,0,3
552,1342,574,3,0
553,1342,575,3,0
554,1342,576,3,0
555,1342,577,3,0
567,1342,589,3,0
568,1342,546,0,3
569,1342,547,0,3
570,1342,548,0,3
571,1342,549,0,3
552,1343,574,3,0
553,1343,575,3,0
554,1343,576,3,0
555,1343,577,3,0
567,1343,589,3,0
568,1343,546,0,3
569,1343,547,0,3
570,1343,548,0,3
552,1344,574,3,0
553,1344,575,3,0
554,1344,576,3,0
555,1344,577,3,0
567,1344,589,3,0
568,1344,546,0,3
569,1344,547,0,3
553,1345,575,3,0
554,1345,576,3,0
555,1345,577,3,0
567,1345,589,3,0
568,1345,546,0,3
554,1346,576,3,0
555,1346,577,3,0
567,1346,589,3,0
555,1347,577,3,0
555,1348,577,3,0
555,1349,577,3,0
557,1349,579,3,0
555,1350,577,3,0
557,1350,579,3,0
558,1350,536,0,3
564,1350,586,3,0
555,1351,577,3,0
557,1351,579,3,0
558,1351,536,0,3
559,1351,581,3,0
564,1351,586,3,0
555,1352,577,3,0
557,1352,579,3,0
558,1352,536,0,3
559,1352,581,3,0
562,1352,540,0,3
564,1352,586,3,0
555,1353,577,3,0
557,1353,579,3,0
558,1353,536,0,3
559,1353,581,3,0
561,1353,539,0,3
562,1353,540,0,3
564,1353,586,3,0
555,1354,577,3,0
557,1354,579,3,0
558,1354,536,0,3
559,1354,581,3,0
562,1354,540,0,3
564,1354,586,3,0
555,1355,577,3,0
557,1355,579,3,0
558,1355,536,0,3
564,1355,586,3,0
555,1356,577,3,0
557,1356,579,3,0
564,1356,586,3,0
555,1357,577,3,0
555,1359,577,3,0
567,1359,589,3,0
554,1360,576,3,0
555,1360,577,3,0
567,1360,589,3,0
568,1360,546,0,3
553,1361,575,3,0
554,1361,576,3,0
555,1361,577,3,0
567,1361,589,3,0
568,1361,546,0,3
569,1361,547,0,3
552,1362,574,3,0
553,1362,575,3,0
554,1362,576,3,0
555,1362,577,3,0
567,1362,589,3,0
568,1362,546,0,3
569,1362,547,0,3
570,1362,548,0,3
552,1363,574,3,0
553,1363,575,3,0
554,1363,576,3,0
555,1363,577,3,0
567,1363,589,3,0
568,1363,546,0,3
569,1363,547,0,3
570,1363,548,0,3
571,1363,549,0,3
576,1364,598,3,0
577,1364,599,3,0
589,1364,611,3,0
590,1364,568,0,3
591,1364,569,0,3
592,1364,570,0,3
593,1364,571,0,3
576,1365,598,3,0
577,1365,599,3,0
589,1365,611,3,0
590,1365,568,0,3
591,1365,569,0,3
592,1365,570,0,3
576,1366,598,3,0
577,1366,599,3,0
589,1366,611,3,0
590,1366,568,0,3
591,1366,569,0,3
576,1367,598,3,0
577,1367,599,3,0
589,1367,611,3,0
590,1367,568,0,3
576,1368,598,3,0
577,1368,599,3,0
589,1368,611,3,0
577,1369,599,3,0
577,1370,599,3,0
577,1371,599,3,0
579,1371,601,3,0
577,1372,599,3,0
579,1372,601,3,0
580,1372,558,0,3
586,1372,608,3,0
577,1373,599,3,0
579,1373,601,3,0
580,1373,558,0,3
581,1373,603,3,0
586,1373,608,3,0
577,1374,599,3,0
579,1374,601,3,0
580,1374,558,0,3
581,1374,603,3,0
584,1374,562,0,3
586,1374,608,3,0
577,1375,599,3,0
579,1375,601,3,0
580,1375,558,0,3
581,1375,603,3,0
583,1375,561,0,3
584,1375,562,0,3
586,1375,608,3,0
577,1376,599,3,0
579,1376,601,3,0
580,1376,558,0,3
581,1376,603,3,0
584,1376,562,0,3
586,1376,608,3,0
577,1377,599,3,0
579,1377,601,3,0
580,1377,558,0,3
586,1377,608,3,0
577,1378,599,3,0
579,1378,601,3,0
586,1378,608,3,0
577,1379,599,3,0
577,1381,599,3,0
589,1381,611,3,0
576,1382,598,3,0
577,1382,599,3,0
589,1382,611,3,0
590,1382,568,0,3
576,1383,598,3,0
577,1383,599,3,0
589,1383,611,3,0
590,1383,568,0,3
591,1383,569,0,3
576,1384,598,3,0
577,1384,599,3,0
589,1384,611,3,0
590,1384,568,0,3
591,1384,569,0,3
592,1384,570,0,3
576,1385,598,3,0
577,1385,599,3,0
589,1385,611,3,0
590,1385,568,0,3
591,1385,569,0,3
592,1385,570,0,3
593,1385,571,0,3
599,1386,621,3,0
611,1386,633,3,0
614,1386,592,0,3
615,1386,593,0,3
599,1387,621,3,0
611,1387,633,3,0
614,1387,592,0,3
599,1388,621,3,0
611,1388,633,3,0
599,1389,621,3,0
611,1389,633,3,0
599,1390,621,3,0
611,1390,633,3,0
599,1391,621,3,0
599,1392,621,3,0
599,1393,621,3,0
601,1393,623,3,0
599,1394,621,3,0
601,1394,623,3,0
602,1394,580,0,3
608,1394,630,3,0
599,1395,621,3,0
601,1395,623,3,0
602,1395,580,0,3
603,1395,625,3,0
608,1395,630,3,0
599,1396,621,3,0
601,1396,623,3,0
602,1396,580,0,3
603,1396,625,3,0
606,1396,584,0,3
608,1396,630,3,0
599,1397,621,3,0
601,1397,623,3,0
602,1397,580,0,3
603,1397,625,3,0
605,1397,583,0,3
606,1397,584,0,3
608,1397,630,3,0
599,1398,621,3,0
601,1398,623,3,0
602,1398,580,0,3
603,1398,625,3,0
606,1398,584,0,3
608,1398,630,3,0
599,1399,621,3,0
601,1399,623,3,0
602,1399,580,0,3
608,1399,630,3,0
599,1400,621,3,0
601,1400,623,3,0
608,1400,630,3,0
599,1401,621,3,0
599,1403,621,3,0
611,1403,633,3,0
599,1404,621,3,0
611,1404,633,3,0
599,1405,621,3,0
611,1405,633,3,0
599,1406,621,3,0
611,1406,633,3,0
614,1406,592,0,3
599,1407,621,3,0
611,1407,633,3,0
614,1407,592,0,3
615,1407,593,0,3
621,1408,643,3,0
633,1408,655,3,0
636,1408,614,0,3
637,1408,615,0,3
621,1409,643,3,0
633,1409,655,3,0
636,1409,614,0,3
621,1410,643,3,0
633,1410,655,3,0
621,1411,643,3,0
633,1411,655,3,0
621,1412,643,3,0
633,1412,655,3,0
621,1413,643,3,0
621,1414,643,3,0
621,1415,643,3,0
623,1415,645,3,0
621,1416,643,3,0
623,1416,645,3,0
624,1416,602,0,3
630,1416,652,3,0
621,1417,643,3,0
623,1417,645,3,0
624,1417,602,0,3
625,1417,647,3,0
629,1417,607,0,3
630,1417,652,3,0
621,1418,643,3,0
623,1418,645,3,0
624,1418,602,0,3
625,1418,647,3,0
628,1418,606,0,3
629,1418,607,0,3
630,1418,652,3,0
621,1419,643,3,0
623,1419,645,3,0
624,1419,602,0,3
625,1419,647,3,0
627,1419,605,0,3
628,1419,606,0,3
629,1419,607,0,3
630,1419,652,3,0
621,1420,643,3,0
623,1420,645,3,0
624,1420,602,0,3
625,1420,647,3,0
628,1420,606,0,3
629,1420,607,0,3
630,1420,652,3,0
621,1421,643,3,0
623,1421,645,3,0
624,1421,602,0,3
629,1421,607,0,3
630,1421,652,3,0
621,1422,643,3,0
623,1422,645,3,0
630,1422,652,3,0
621,1423,643,3,0
621,1425,643,3,0
633,1425,655,3,0
621,1426,643,3,0
633,1426,655,3,0
621,1427,643,3,0
633,1427,655,3,0
621,1428,643,3,0
633,1428,655,3,0
636,1428,614,0,3
621,1429,643,3,0
633,1429,655,3,0
636,1429,614,0,3
637,1429,615,0,3
655,1430,677,3,0
658,1430,636,0,3
659,1430,637,0,3
655,1431,677,3,0
658,1431,636,0,3
655,1432,677,3,0
655,1433,677,3,0
655,1434,677,3,0
644,1436,622,0,3
644,1437,622,0,3
644,1438,622,0,3
646,1438,624,0,3
652,1438,674,3,0
644,1439,622,0,3
646,1439,624,0,3
647,1439,669,3,0
651,1439,629,0,3
652,1439,674,3,0
644,1440,622,0,3
646,1440,624,0,3
647,1440,669,3,0
650,1440,628,0,3
651,1440,629,0,3
652,1440,674,3,0
644,1441,622,0,3
646,1441,624,0,3
647,1441,669,3,0
649,1441,627,0,3
650,1441,628,0,3
651,1441,629,0,3
652,1441,674,3,0
644,1442,622,0,3
646,1442,624,0,3
647,1442,669,3,0
650,1442,628,0,3
651,1442,629,0,3
652,1442,674,3,0
644,1443,622,0,3
646,1443,624,0,3
651,1443,629,0,3
652,1443,674,3,0
644,1444,622,0,3
652,1444,674,3,0
644,1445,622,0,3
655,1447,677,3,0
655,1448,677,3,0
655,1449,677,3,0
655,1450,677,3,0
658,1450,636,0,3
655,1451,677,3,0
658,1451,636,0,3
659,1451,637,0,3
661,1452,683,3,0
664,1452,686,3,0
677,1452,699,3,0
680,1452,658,0,3
681,1452,659,0,3
661,1453,683,3,0
664,1453,686,3,0
677,1453,699,3,0
680,1453,658,0,3
664,1454,686,3,0
677,1454,699,3,0
664,1455,686,3,0
677,1455,699,3,0
664,1456,686,3,0
677,1456,699,3,0
666,1458,644,0,3
666,1459,644,0,3
666,1460,644,0,3
668,1460,646,0,3
666,1461,644,0,3
668,1461,646,0,3
669,1461,691,3,0
666,1462,644,0,3
668,1462,646,0,3
669,1462,691,3,0
666,1463,644,0,3
668,1463,646,0,3
669,1463,691,3,0
671,1463,649,0,3
666,1464,644,0,3
668,1464,646,0,3
669,1464,691,3,0
666,1465,644,0,3
668,1465,646,0,3
666,1466,644,0,3
666,1467,644,0,3
677,1469,699,3,0
664,1470,686,3,0
677,1470,699,3,0
664,1471,686,3,0
677,1471,699,3,0
664,1472,686,3,0
677,1472,699,3,0
680,1472,658,0,3
661,1473,683,3,0
664,1473,686,3,0
677,1473,699,3,0
680,1473,658,0,3
681,1473,659,0,3
686,1474,708,3,0
687,1474,709,3,0
699,1474,721,3,0
702,1474,680,0,3
703,1474,681,0,3
686,1475,708,3,0
687,1475,709,3,0
699,1475,721,3,0
702,1475,680,0,3
686,1476,708,3,0
687,1476,709,3,0
699,1476,721,3,0
686,1477,708,3,0
687,1477,709,3,0
699,1477,721,3,0
686,1478,708,3,0
687,1478,709,3,0
699,1478,721,3,0
687,1479,709,3,0
687,1480,709,3,0
688,1480,666,0,3
687,1481,709,3,0
688,1481,666,0,3
689,1481,667,0,3
687,1482,709,3,0
688,1482,666,0,3
689,1482,667,0,3
690,1482,668,0,3
687,1483,709,3,0
688,1483,666,0,3
689,1483,667,0,3
690,1483,668,0,3
691,1483,713,3,0
687,1484,709,3,0
688,1484,666,0,3
689,1484,667,0,3
690,1484,668,0,3
691,1484,713,3,0
687,1485,709,3,0
688,1485,666,0,3
689,1485,667,0,3
690,1485,668,0,3
691,1485,713,3,0
693,1485,671,0,3
687,1486,709,3,0
688,1486,666,0,3
689,1486,667,0,3
690,1486,668,0,3
691,1486,713,3,0
687,1487,709,3,0
688,1487,666,0,3
689,1487,667,0,3
690,1487,668,0,3
687,1488,709,3,0
688,1488,666,0,3
689,1488,667,0,3
687,1489,709,3,0
688,1489,666,0,3
687,1491,709,3,0
699,1491,721,3,0
686,1492,708,3,0
687,1492,709,3,0
699,1492,721,3,0
686,1493,708,3,0
687,1493,709,3,0
699,1493,721,3,0
686,1494,708,3,0
687,1494,709,3,0
699,1494,721,3,0
702,1494,680,0,3
686,1495,708,3,0
687,1495,709,3,0
699,1495,721,3,0
702,1495,680,0,3
703,1495,681,0,3
705,1496,683,0,3
709,1496,731,3,0
720,1496,742,3,0
721,1496,743,3,0
724,1496,702,0,3
725,1496,703,0,3
705,1497,683,0,3
709,1497,731,3,0
720,1497,742,3,0
721,1497,743,3,0
724,1497,702,0,3
709,1498,731,3,0
720,1498,742,3,0
721,1498,743,3,0
709,1499,731,3,0
720,1499,742,3,0
721,1499,743,3,0
709,1500,731,3,0
720,1500,742,3,0
721,1500,743,3,0
709,1501,731,3,0
720,1501,742,3,0
709,1502,731,3,0
710,1502,688,0,3
720,1502,742,3,0
709,1503,731,3,0
710,1503,688,0,3
720,1503,742,3,0
709,1504,731,3,0
710,1504,688,0,3
712,1504,690,0,3
720,1504,742,3,0
709,1505,731,3,0
710,1505,688,0,3
712,1505,690,0,3
713,1505,735,3,0
720,1505,742,3,0
709,1506,731,3,0
710,1506,688,0,3
712,1506,690,0,3
713,1506,735,3,0
720,1506,742,3,0
709,1507,731,3,0
710,1507,688,0,3
712,1507,690,0,3
713,1507,735,3,0
720,1507,742,3,0
709,1508,731,3,0
710,1508,688,0,3
712,1508,690,0,3
713,1508,735,3,0
720,1508,742,3,0
709,1509,731,3,0
710,1509,688,0,3
712,1509,690,0,3
720,1509,742,3,0
709,1510,731,3,0
710,1510,688,0,3
720,1510,742,3,0
709,1511,731,3,0
710,1511,688,0,3
720,1511,742,3,0
720,1512,742,3,0
709,1513,731,3,0
720,1513,742,3,0
721,1513,743,3,0
709,1514,731,3,0
720,1514,742,3,0
721,1514,743,3,0
709,1515,731,3,0
720,1515,742,3,0
721,1515,743,3,0
709,1516,731,3,0
720,1516,742,3,0
721,1516,743,3,0
724,1516,702,0,3
705,1517,683,0,3
709,1517,731,3,0
720,1517,742,3,0
721,1517,743,3,0
724,1517,702,0,3
725,1517,703,0,3
727,1518,705,0,3
728,1518,750,3,0
730,1518,752,3,0
731,1518,753,3,0
742,1518,764,3,0
744,1518,766,3,0
747,1518,725,0,3
727,1519,705,0,3
728,1519,750,3,0
730,1519,752,3,0
731,1519,753,3,0
742,1519,764,3,0
744,1519,766,3,0
728,1520,750,3,0
730,1520,752,3,0
731,1520,753,3,0
742,1520,764,3,0
744,1520,766,3,0
730,1521,752,3,0
731,1521,753,3,0
742,1521,764,3,0
744,1521,766,3,0
730,1522,752,3,0
731,1522,753,3,0
742,1522,764,3,0
731,1523,753,3,0
742,1523,764,3,0
731,1524,753,3,0
732,1524,710,0,3
742,1524,764,3,0
731,1525,753,3,0
732,1525,710,0,3
742,1525,764,3,0
731,1526,753,3,0
732,1526,710,0,3
734,1526,712,0,3
742,1526,764,3,0
731,1527,753,3,0
732,1527,710,0,3
734,1527,712,0,3
735,1527,757,3,0
739,1527,761,3,0
742,1527,764,3,0
731,1528,753,3,0
732,1528,710,0,3
734,1528,712,0,3
735,1528,757,3,0
739,1528,761,3,0
742,1528,764,3,0
731,1529,753,3,0
732,1529,710,0,3
734,1529,712,0,3
735,1529,757,3,0
737,1529,715,0,3
739,1529,761,3,0
742,1529,764,3,0
731,1530,753,3,0
732,1530,710,0,3
734,1530,712,0,3
735,1530,757,3,0
739,1530,761,3,0
742,1530,764,3,0
731,1531,753,3,0
732,1531,710,0,3
734,1531,712,0,3
739,1531,761,3,0
742,1531,764,3,0
731,1532,753,3,0
732,1532,710,0,3
742,1532,764,3,0
731,1533,753,3,0
732,1533,710,0,3
742,1533,764,3,0
742,1534,764,3,0
731,1535,753,3,0
742,1535,764,3,0
730,1536,752,3,0
731,1536,753,3,0
742,1536,764,3,0
744,1536,766,3,0
730,1537,752,3,0
731,1537,753,3,0
742,1537,764,3,0
744,1537,766,3,0
728,1538,750,3,0
730,1538,752,3,0
731,1538,753,3,0
742,1538,764,3,0
744,1538,766,3,0
727,1539,705,0,3
728,1539,750,3,0
730,1539,752,3,0
731,1539,753,3,0
742,1539,764,3,0
744,1539,766,3,0
747,1539,725,0,3
750,1540,772,3,0
752,1540,730,0,3
753,1540,775,3,0
764,1540,786,3,0
766,1540,788,3,0
768,1540,746,0,3
769,1540,747,0,3
750,1541,772,3,0
752,1541,730,0,3
753,1541,775,3,0
764,1541,786,3,0
766,1541,788,3,0
768,1541,746,0,3
750,1542,772,3,0
752,1542,730,0,3
753,1542,775,3,0
764,1542,786,3,0
766,1542,788,3,0
752,1543,730,0,3
753,1543,775,3,0
764,1543,786,3,0
766,1543,788,3,0
752,1544,730,0,3
753,1544,775,3,0
764,1544,786,3,0
753,1545,775,3,0
764,1545,786,3,0
753,1546,775,3,0
754,1546,732,0,3
764,1546,786,3,0
753,1547,775,3,0
754,1547,732,0,3
764,1547,786,3,0
753,1548,775,3,0
754,1548,732,0,3
756,1548,734,0,3
764,1548,786,3,0
753,1549,775,3,0
754,1549,732,0,3
756,1549,734,0,3
757,1549,779,3,0
764,1549,786,3,0
753,1550,775,3,0
754,1550,732,0,3
756,1550,734,0,3
757,1550,779,3,0
758,1550,736,0,3
764,1550,786,3,0
753,1551,775,3,0
754,1551,732,0,3
756,1551,734,0,3
757,1551,779,3,0
758,1551,736,0,3
759,1551,737,0,3
764,1551,786,3,0
753,1552,775,3,0
754,1552,732,0,3
756,1552,734,0,3
757,1552,779,3,0
764,1552,786,3,0
753,1553,775,3,0
754,1553,732,0,3
756,1553,734,0,3
764,1553,786,3,0
753,1554,775,3,0
754,1554,732,0,3
764,1554,786,3,0
753,1555,775,3,0
754,1555,732,0,3
764,1555,786,3,0
764,1556,786,3,0
753,1557,775,3,0
764,1557,786,3,0
752,1558,730,0,3
753,1558,775,3,0
764,1558,786,3,0
766,1558,788,3,0
752,1559,730,0,3
753,1559,775,3,0
764,1559,786,3,0
766,1559,788,3,0
750,1560,772,3,0
752,1560,730,0,3
753,1560,775,3,0
764,1560,786,3,0
766,1560,788,3,0
768,1560,746,0,3
750,1561,772,3,0
752,1561,730,0,3
753,1561,775,3,0
764,1561,786,3,0
766,1561,788,3,0
768,1561,746,0,3
769,1561,747,0,3
770,1562,748,0,2
771,1562,749,0,3
772,1562,794,3,0
774,1562,752,0,3
775,1562,797,3,0
786,1562,808,3,0
788,1562,810,3,0
790,1562,768,0,3
791,1562,769,0,3
771,1563,749,0,3
772,1563,794,3,0
774,1563,752,0,3
775,1563,797,3,0
786,1563,808,3,0
788,1563,810,3,0
790,1563,768,0,3
772,1564,794,3,0
774,1564,752,0,3
775,1564,797,3,0
786,1564,808,3,0
788,1564,810,3,0
774,1565,752,0,3
775,1565,797,3,0
786,1565,808,3,0
788,1565,810,3,0
774,1566,752,0,3
775,1566,797,3,0
786,1566,808,3,0
775,1567,797,3,0
786,1567,808,3,0
775,1568,797,3,0
776,1568,754,0,3
786,1568,808,3,0
775,1569,797,3,0
776,1569,754,0,3
777,1569,799,3,0
786,1569,808,3,0
775,1570,797,3,0
776,1570,754,0,3
777,1570,799,3,0
778,1570,756,0,3
786,1570,808,3,0
775,1571,797,3,0
776,1571,754,0,3
777,1571,799,3,0
778,1571,756,0,3
779,1571,801,3,0
786,1571,808,3,0
775,1572,797,3,0
776,1572,754,0,3
777,1572,799,3,0
778,1572,756,0,3
779,1572,801,3,0
780,1572,758,0,3
786,1572,808,3,0
775,1573,797,3,0
776,1573,754,0,3
777,1573,799,3,0
778,1573,756,0,3
779,1573,801,3,0
780,1573,758,0,3
781,1573,759,0,3
786,1573,808,3,0
775,1574,797,3,0
776,1574,754,0,3
777,1574,799,3,0
778,1574,756,0,3
779,1574,801,3,0
786,1574,808,3,0
775,1575,797,3,0
776,1575,754,0,3
777,1575,799,3,0
778,1575,756,0,3
786,1575,808,3,0
775,1576,797,3,0
776,1576,754,0,3
777,1576,799,3,0
786,1576,808,3,0
775,1577,797,3,0
776,1577,754,0,3
786,1577,808,3,0
786,1578,808,3,0
775,1579,797,3,0
786,1579,808,3,0
774,1580,752,0,3
775,1580,797,3,0
786,1580,808,3,0
788,1580,810,3,0
774,1581,752,0,3
775,1581,797,3,0
786,1581,808,3,0
788,1581,810,3,0
772,1582,794,3,0
774,1582,752,0,3
775,1582,797,3,0
786,1582,808,3,0
788,1582,810,3,0
790,1582,768,0,3
771,1583,749,0,3
772,1583,794,3,0
774,1583,752,0,3
775,1583,797,3,0
786,1583,808,3,0
788,1583,810,3,0
790,1583,768,0,3
791,1583,769,0,3
159,1584,181,3,0
162,1584,184,3,0
163,1584,141,0,3
166,1584,144,0,3
170,1584,148,0,3
885,1585,863,0,3
886,1585,908,3,0
896,1585,918,3,0
93,1586,115,3,0
94,1586,72,0,3
96,1586,118,3,0
97,1586,75,0,3
102,1586,124,3,0
104,1586,82,0,3
492,1587,470,0,3
493,1587,515,3,0
495,1587,473,0,3
496,1587,474,0,3
497,1587,475,0,3
498,1587,476,0,3
664,1588,686,3,0
677,1588,699,3,0
444,1590,466,3,0
456,1590,478,3,0
1545,1591,1523,0,3
1546,1591,1568,3,0
1556,1591,1534,0,3
1168,1592,1146,0,3
1169,1592,1147,0,3
1170,1592,1148,0,3
1171,1592,1149,0,3
1185,1592,1207,3,0
1186,1592,1208,3,0
1187,1592,1209,3,0
293,1593,315,3,0
296,1593,318,3,0
298,1593,276,0,3
300,1593,278,0,3
301,1593,323,3,0
947,1594,925,0,3
948,1594,926,0,3
950,1594,928,0,3
951,1594,929,0,3
962,1594,984,3,0
964,1594,986,3,0
966,1594,988,3,0
967,1594,989,3,0
27,1595,5,0,2
29,1595,7,0,2
30,1595,52,3,0
31,1595,9,0,2
32,1595,54,3,0
38,1595,16,0,2
