792,0,770,0,2
796,0,818,3,0
812,0,834,3,0
796,1,818,3,0
796,2,818,3,0
796,3,818,3,0
796,4,818,3,0
798,6,820,3,0
798,7,820,3,0
806,7,784,0,3
798,8,820,3,0
805,8,783,0,3
806,8,784,0,3
798,9,820,3,0
804,9,782,0,3
805,9,783,0,3
806,9,784,0,3
798,10,820,3,0
802,10,780,0,3
803,10,825,3,0
804,10,782,0,3
805,10,783,0,3
806,10,784,0,3
798,11,820,3,0
803,11,825,3,0
804,11,782,0,3
805,11,783,0,3
806,11,784,0,3
798,12,820,3,0
804,12,782,0,3
805,12,783,0,3
806,12,784,0,3
798,13,820,3,0
805,13,783,0,3
806,13,784,0,3
798,14,820,3,0
806,14,784,0,3
796,17,818,3,0
796,18,818,3,0
796,19,818,3,0
796,20,818,3,0
812,20,834,3,0
792,21,770,0,2
796,21,818,3,0
812,21,834,3,0
813,21,791,0,3
814,22,792,0,2
815,22,793,0,3
818,22,840,3,0
834,22,856,3,0
815,23,793,0,3
818,23,840,3,0
818,24,840,3,0
818,25,840,3,0
818,26,840,3,0
820,28,842,3,0
820,29,842,3,0
828,29,806,0,3
820,30,842,3,0
827,30,805,0,3
828,30,806,0,3
820,31,842,3,0
826,31,804,0,3
827,31,805,0,3
828,31,806,0,3
820,32,842,3,0
825,32,847,3,0
826,32,804,0,3
827,32,805,0,3
828,32,806,0,3
820,33,842,3,0
825,33,847,3,0
826,33,804,0,3
827,33,805,0,3
828,33,806,0,3
820,34,842,3,0
826,34,804,0,3
827,34,805,0,3
828,34,806,0,3
820,35,842,3,0
827,35,805,0,3
828,35,806,0,3
820,36,842,3,0
828,36,806,0,3
818,39,840,3,0
818,40,840,3,0
818,41,840,3,0
815,42,793,0,3
818,42,840,3,0
834,42,856,3,0
814,43,792,0,2
815,43,793,0,3
818,43,840,3,0
834,43,856,3,0
835,43,813,0,3
836,44,814,0,2
838,44,816,0,3
840,44,862,3,0
856,44,878,3,0
838,45,816,0,3
840,45,862,3,0
838,46,816,0,3
840,46,862,3,0
840,47,862,3,0
840,48,862,3,0
842,50,864,3,0
842,51,864,3,0
843,51,865,3,0
850,51,828,0,3
842,52,864,3,0
843,52,865,3,0
849,52,827,0,3
850,52,828,0,3
842,53,864,3,0
843,53,865,3,0
848,53,826,0,3
849,53,827,0,3
850,53,828,0,3
842,54,864,3,0
843,54,865,3,0
847,54,869,3,0
848,54,826,0,3
849,54,827,0,3
850,54,828,0,3
842,55,864,3,0
843,55,865,3,0
847,55,869,3,0
848,55,826,0,3
849,55,827,0,3
850,55,828,0,3
842,56,864,3,0
843,56,865,3,0
848,56,826,0,3
849,56,827,0,3
850,56,828,0,3
842,57,864,3,0
843,57,865,3,0
849,57,827,0,3
850,57,828,0,3
842,58,864,3,0
850,58,828,0,3
840,61,862,3,0
840,62,862,3,0
838,63,816,0,3
840,63,862,3,0
838,64,816,0,3
840,64,862,3,0
856,64,878,3,0
836,65,814,0,2
838,65,816,0,3
840,65,862,3,0
856,65,878,3,0
858,66,836,0,2
860,66,838,0,3
862,66,884,3,0
878,66,900,3,0
860,67,838,0,3
862,67,884,3,0
860,68,838,0,3
862,68,884,3,0
862,69,884,3,0
862,70,884,3,0
864,72,886,3,0
864,73,886,3,0
865,73,887,3,0
872,73,850,0,3
864,74,886,3,0
865,74,887,3,0
871,74,849,0,3
872,74,850,0,3
864,75,886,3,0
865,75,887,3,0
867,75,889,3,0
870,75,848,0,3
871,75,849,0,3
872,75,850,0,3
864,76,886,3,0
865,76,887,3,0
867,76,889,3,0
869,76,891,3,0
870,76,848,0,3
871,76,849,0,3
872,76,850,0,3
864,77,886,3,0
865,77,887,3,0
867,77,889,3,0
869,77,891,3,0
870,77,848,0,3
871,77,849,0,3
872,77,850,0,3
864,78,886,3,0
865,78,887,3,0
870,78,848,0,3
871,78,849,0,3
872,78,850,0,3
864,79,886,3,0
865,79,887,3,0
871,79,849,0,3
872,79,850,0,3
864,80,886,3,0
872,80,850,0,3
862,83,884,3,0
862,84,884,3,0
860,85,838,0,3
862,85,884,3,0
860,86,838,0,3
862,86,884,3,0
878,86,900,3,0
858,87,836,0,2
860,87,838,0,3
862,87,884,3,0
878,87,900,3,0
880,88,858,0,2
882,88,860,0,3
884,88,906,3,0
885,88,907,3,0
900,88,922,3,0
882,89,860,0,3
884,89,906,3,0
885,89,907,3,0
882,90,860,0,3
884,90,906,3,0
885,90,907,3,0
884,91,906,3,0
885,91,907,3,0
884,92,906,3,0
885,92,907,3,0
885,93,907,3,0
885,94,907,3,0
886,94,908,3,0
885,95,907,3,0
886,95,908,3,0
887,95,909,3,0
885,96,907,3,0
886,96,908,3,0
887,96,909,3,0
893,96,871,0,3
885,97,907,3,0
886,97,908,3,0
887,97,909,3,0
892,97,870,0,3
893,97,871,0,3
885,98,907,3,0
886,98,908,3,0
887,98,909,3,0
890,98,912,3,0
891,98,913,3,0
892,98,870,0,3
893,98,871,0,3
885,99,907,3,0
886,99,908,3,0
887,99,909,3,0
891,99,913,3,0
892,99,870,0,3
893,99,871,0,3
885,100,907,3,0
886,100,908,3,0
887,100,909,3,0
892,100,870,0,3
893,100,871,0,3
885,101,907,3,0
886,101,908,3,0
887,101,909,3,0
893,101,871,0,3
885,102,907,3,0
886,102,908,3,0
885,103,907,3,0
884,105,906,3,0
885,105,907,3,0
884,106,906,3,0
885,106,907,3,0
882,107,860,0,3
884,107,906,3,0
885,107,907,3,0
882,108,860,0,3
884,108,906,3,0
885,108,907,3,0
900,108,922,3,0
880,109,858,0,2
882,109,860,0,3
884,109,906,3,0
885,109,907,3,0
900,109,922,3,0
902,110,880,0,2
904,110,882,0,3
906,110,928,3,0
918,110,896,0,3
922,110,944,3,0
904,111,882,0,3
906,111,928,3,0
918,111,896,0,3
904,112,882,0,3
906,112,928,3,0
918,112,896,0,3
906,113,928,3,0
918,113,896,0,3
906,114,928,3,0
918,114,896,0,3
918,115,896,0,3
908,116,930,3,0
918,116,896,0,3
908,117,930,3,0
909,117,931,3,0
918,117,896,0,3
908,118,930,3,0
909,118,931,3,0
915,118,937,3,0
918,118,896,0,3
908,119,930,3,0
909,119,931,3,0
915,119,937,3,0
918,119,896,0,3
908,120,930,3,0
909,120,931,3,0
912,120,934,3,0
913,120,935,3,0
915,120,937,3,0
918,120,896,0,3
908,121,930,3,0
909,121,931,3,0
913,121,935,3,0
915,121,937,3,0
918,121,896,0,3
908,122,930,3,0
909,122,931,3,0
915,122,937,3,0
918,122,896,0,3
908,123,930,3,0
909,123,931,3,0
915,123,937,3,0
918,123,896,0,3
908,124,930,3,0
918,124,896,0,3
918,125,896,0,3
918,126,896,0,3
906,127,928,3,0
918,127,896,0,3
906,128,928,3,0
918,128,896,0,3
904,129,882,0,3
906,129,928,3,0
918,129,896,0,3
904,130,882,0,3
906,130,928,3,0
918,130,896,0,3
922,130,944,3,0
902,131,880,0,2
904,131,882,0,3
906,131,928,3,0
918,131,896,0,3
922,131,944,3,0
923,131,901,0,3
924,132,946,2,0
926,132,904,0,3
928,132,950,3,0
940,132,918,0,3
941,132,963,3,0
943,132,965,3,0
944,132,966,3,0
926,133,904,0,3
928,133,950,3,0
940,133,918,0,3
941,133,963,3,0
943,133,965,3,0
926,134,904,0,3
928,134,950,3,0
940,134,918,0,3
941,134,963,3,0
928,135,950,3,0
940,135,918,0,3
941,135,963,3,0
928,136,950,3,0
940,136,918,0,3
940,137,918,0,3
930,138,952,3,0
940,138,918,0,3
930,139,952,3,0
931,139,953,3,0
940,139,918,0,3
930,140,952,3,0
931,140,953,3,0
940,140,918,0,3
930,141,952,3,0
931,141,953,3,0
940,141,918,0,3
930,142,952,3,0
931,142,953,3,0
934,142,956,3,0
935,142,957,3,0
940,142,918,0,3
930,143,952,3,0
931,143,953,3,0
935,143,957,3,0
940,143,918,0,3
930,144,952,3,0
931,144,953,3,0
940,144,918,0,3
930,145,952,3,0
931,145,953,3,0
940,145,918,0,3
930,146,952,3,0
940,146,918,0,3
940,147,918,0,3
940,148,918,0,3
928,149,950,3,0
940,149,918,0,3
941,149,963,3,0
928,150,950,3,0
940,150,918,0,3
941,150,963,3,0
926,151,904,0,3
928,151,950,3,0
940,151,918,0,3
941,151,963,3,0
943,151,965,3,0
926,152,904,0,3
928,152,950,3,0
940,152,918,0,3
941,152,963,3,0
943,152,965,3,0
944,152,966,3,0
924,153,946,2,0
926,153,904,0,3
928,153,950,3,0
940,153,918,0,3
941,153,963,3,0
943,153,965,3,0
944,153,966,3,0
946,154,968,2,0
948,154,926,0,3
951,154,973,3,0
962,154,940,0,3
963,154,985,3,0
965,154,987,3,0
966,154,988,3,0
948,155,926,0,3
951,155,973,3,0
962,155,940,0,3
963,155,985,3,0
965,155,987,3,0
948,156,926,0,3
951,156,973,3,0
962,156,940,0,3
963,156,985,3,0
951,157,973,3,0
962,157,940,0,3
963,157,985,3,0
951,158,973,3,0
962,158,940,0,3
951,159,973,3,0
962,159,940,0,3
951,160,973,3,0
952,160,974,3,0
961,160,939,0,3
962,160,940,0,3
951,161,973,3,0
952,161,974,3,0
953,161,975,3,0
961,161,939,0,3
962,161,940,0,3
951,162,973,3,0
952,162,974,3,0
953,162,975,3,0
961,162,939,0,3
962,162,940,0,3
951,163,973,3,0
952,163,974,3,0
953,163,975,3,0
958,163,936,0,3
961,163,939,0,3
962,163,940,0,3
951,164,973,3,0
952,164,974,3,0
953,164,975,3,0
956,164,978,3,0
957,164,979,3,0
958,164,936,0,3
961,164,939,0,3
962,164,940,0,3
951,165,973,3,0
952,165,974,3,0
953,165,975,3,0
957,165,979,3,0
958,165,936,0,3
961,165,939,0,3
962,165,940,0,3
951,166,973,3,0
952,166,974,3,0
953,166,975,3,0
958,166,936,0,3
961,166,939,0,3
962,166,940,0,3
951,167,973,3,0
952,167,974,3,0
953,167,975,3,0
961,167,939,0,3
962,167,940,0,3
951,168,973,3,0
952,168,974,3,0
961,168,939,0,3
962,168,940,0,3
951,169,973,3,0
961,169,939,0,3
962,169,940,0,3
962,170,940,0,3
951,171,973,3,0
962,171,940,0,3
963,171,985,3,0
951,172,973,3,0
962,172,940,0,3
963,172,985,3,0
948,173,926,0,3
951,173,973,3,0
962,173,940,0,3
963,173,985,3,0
965,173,987,3,0
948,174,926,0,3
951,174,973,3,0
962,174,940,0,3
963,174,985,3,0
965,174,987,3,0
966,174,988,3,0
946,175,968,2,0
948,175,926,0,3
951,175,973,3,0
962,175,940,0,3
963,175,985,3,0
965,175,987,3,0
966,175,988,3,0
968,176,990,2,0
970,176,948,0,3
973,176,995,3,0
984,176,962,0,3
986,176,964,0,3
987,176,1009,3,0
988,176,1010,3,0
970,177,948,0,3
973,177,995,3,0
984,177,962,0,3
986,177,964,0,3
987,177,1009,3,0
970,178,948,0,3
973,178,995,3,0
984,178,962,0,3
986,178,964,0,3
973,179,995,3,0
984,179,962,0,3
973,180,995,3,0
984,180,962,0,3
973,181,995,3,0
984,181,962,0,3
973,182,995,3,0
974,182,996,3,0
983,182,961,0,3
984,182,962,0,3
973,183,995,3,0
974,183,996,3,0
975,183,997,3,0
983,183,961,0,3
984,183,962,0,3
973,184,995,3,0
974,184,996,3,0
975,184,997,3,0
983,184,961,0,3
984,184,962,0,3
973,185,995,3,0
974,185,996,3,0
975,185,997,3,0
977,185,999,3,0
980,185,958,0,3
983,185,961,0,3
984,185,962,0,3
973,186,995,3,0
974,186,996,3,0
975,186,997,3,0
977,186,999,3,0
978,186,1000,3,0
979,186,1001,3,0
980,186,958,0,3
983,186,961,0,3
984,186,962,0,3
973,187,995,3,0
974,187,996,3,0
975,187,997,3,0
977,187,999,3,0
979,187,1001,3,0
980,187,958,0,3
983,187,961,0,3
984,187,962,0,3
973,188,995,3,0
974,188,996,3,0
975,188,997,3,0
980,188,958,0,3
983,188,961,0,3
984,188,962,0,3
973,189,995,3,0
974,189,996,3,0
975,189,997,3,0
983,189,961,0,3
984,189,962,0,3
973,190,995,3,0
974,190,996,3,0
983,190,961,0,3
984,190,962,0,3
973,191,995,3,0
983,191,961,0,3
984,191,962,0,3
984,192,962,0,3
973,193,995,3,0
984,193,962,0,3
973,194,995,3,0
984,194,962,0,3
986,194,964,0,3
970,195,948,0,3
973,195,995,3,0
984,195,962,0,3
986,195,964,0,3
987,195,1009,3,0
970,196,948,0,3
973,196,995,3,0
984,196,962,0,3
986,196,964,0,3
987,196,1009,3,0
988,196,1010,3,0
968,197,990,2,0
970,197,948,0,3
973,197,995,3,0
984,197,962,0,3
986,197,964,0,3
987,197,1009,3,0
988,197,1010,3,0
992,198,970,0,3
995,198,1017,3,0
1006,198,984,0,3
1008,198,986,0,3
992,199,970,0,3
995,199,1017,3,0
1006,199,984,0,3
1008,199,986,0,3
992,200,970,0,3
995,200,1017,3,0
1006,200,984,0,3
1008,200,986,0,3
995,201,1017,3,0
1006,201,984,0,3
995,202,1017,3,0
1006,202,984,0,3
995,203,1017,3,0
1006,203,984,0,3
995,204,1017,3,0
1005,204,983,0,3
1006,204,984,0,3
995,205,1017,3,0
1004,205,1026,3,0
1005,205,983,0,3
1006,205,984,0,3
995,206,1017,3,0
1004,206,1026,3,0
1005,206,983,0,3
1006,206,984,0,3
995,207,1017,3,0
999,207,1021,3,0
1002,207,980,0,3
1004,207,1026,3,0
1005,207,983,0,3
1006,207,984,0,3
995,208,1017,3,0
999,208,1021,3,0
1000,208,1022,3,0
1001,208,1023,3,0
1002,208,980,0,3
1004,208,1026,3,0
1005,208,983,0,3
1006,208,984,0,3
995,209,1017,3,0
999,209,1021,3,0
1001,209,1023,3,0
1002,209,980,0,3
1004,209,1026,3,0
1005,209,983,0,3
1006,209,984,0,3
995,210,1017,3,0
1002,210,980,0,3
1004,210,1026,3,0
1005,210,983,0,3
1006,210,984,0,3
995,211,1017,3,0
1004,211,1026,3,0
1005,211,983,0,3
1006,211,984,0,3
995,212,1017,3,0
1004,212,1026,3,0
1005,212,983,0,3
1006,212,984,0,3
995,213,1017,3,0
1005,213,983,0,3
1006,213,984,0,3
1006,214,984,0,3
995,215,1017,3,0
1006,215,984,0,3
995,216,1017,3,0
1006,216,984,0,3
1008,216,986,0,3
992,217,970,0,3
995,217,1017,3,0
1006,217,984,0,3
1008,217,986,0,3
992,218,970,0,3
995,218,1017,3,0
1006,218,984,0,3
1008,218,986,0,3
992,219,970,0,3
995,219,1017,3,0
1006,219,984,0,3
1008,219,986,0,3
1011,219,1033,3,0
1012,220,1034,2,0
1014,220,992,0,3
1015,220,993,0,3
1017,220,1039,3,0
1028,220,1006,0,3
1014,221,992,0,3
1015,221,993,0,3
1017,221,1039,3,0
1028,221,1006,0,3
1014,222,992,0,3
1015,222,993,0,3
1017,222,1039,3,0
1028,222,1006,0,3
1015,223,993,0,3
1017,223,1039,3,0
1028,223,1006,0,3
1017,224,1039,3,0
1028,224,1006,0,3
1017,225,1039,3,0
1028,225,1006,0,3
1017,226,1039,3,0
1028,226,1006,0,3
1017,227,1039,3,0
1026,227,1048,3,0
1028,227,1006,0,3
1017,228,1039,3,0
1026,228,1048,3,0
1028,228,1006,0,3
1017,229,1039,3,0
1021,229,1043,3,0
1024,229,1046,3,0
1026,229,1048,3,0
1028,229,1006,0,3
1017,230,1039,3,0
1021,230,1043,3,0
1022,230,1044,3,0
1023,230,1045,3,0
1024,230,1046,3,0
1026,230,1048,3,0
1028,230,1006,0,3
1017,231,1039,3,0
1021,231,1043,3,0
1023,231,1045,3,0
1024,231,1046,3,0
1026,231,1048,3,0
1028,231,1006,0,3
1017,232,1039,3,0
1024,232,1046,3,0
1026,232,1048,3,0
1028,232,1006,0,3
1017,233,1039,3,0
1026,233,1048,3,0
1028,233,1006,0,3
1017,234,1039,3,0
1026,234,1048,3,0
1028,234,1006,0,3
1017,235,1039,3,0
1028,235,1006,0,3
1028,236,1006,0,3
1017,237,1039,3,0
1028,237,1006,0,3
1015,238,993,0,3
1017,238,1039,3,0
1028,238,1006,0,3
1014,239,992,0,3
1015,239,993,0,3
1017,239,1039,3,0
1028,239,1006,0,3
1014,240,992,0,3
1015,240,993,0,3
1017,240,1039,3,0
1028,240,1006,0,3
1012,241,1034,2,0
1014,241,992,0,3
1015,241,993,0,3
1017,241,1039,3,0
1028,241,1006,0,3
1033,241,1055,3,0
1034,242,1056,2,0
1036,242,1014,0,3
1037,242,1015,0,3
1039,242,1061,3,0
1050,242,1028,0,3
1036,243,1014,0,3
1037,243,1015,0,3
1039,243,1061,3,0
1050,243,1028,0,3
1036,244,1014,0,3
1037,244,1015,0,3
1039,244,1061,3,0
1050,244,1028,0,3
1037,245,1015,0,3
1039,245,1061,3,0
1050,245,1028,0,3
1039,246,1061,3,0
1050,246,1028,0,3
1039,247,1061,3,0
1050,247,1028,0,3
1039,248,1061,3,0
1050,248,1028,0,3
1039,249,1061,3,0
1048,249,1070,3,0
1050,249,1028,0,3
1039,250,1061,3,0
1048,250,1070,3,0
1050,250,1028,0,3
1039,251,1061,3,0
1043,251,1065,3,0
1046,251,1068,3,0
1048,251,1070,3,0
1050,251,1028,0,3
1039,252,1061,3,0
1043,252,1065,3,0
1044,252,1066,3,0
1045,252,1067,3,0
1046,252,1068,3,0
1048,252,1070,3,0
1050,252,1028,0,3
1039,253,1061,3,0
1043,253,1065,3,0
1045,253,1067,3,0
1046,253,1068,3,0
1048,253,1070,3,0
1050,253,1028,0,3
1039,254,1061,3,0
1046,254,1068,3,0
1048,254,1070,3,0
1050,254,1028,0,3
1039,255,1061,3,0
1048,255,1070,3,0
1050,255,1028,0,3
1039,256,1061,3,0
1048,256,1070,3,0
1050,256,1028,0,3
1039,257,1061,3,0
1050,257,1028,0,3
1050,258,1028,0,3
1039,259,1061,3,0
1050,259,1028,0,3
1037,260,1015,0,3
1039,260,1061,3,0
1050,260,1028,0,3
1036,261,1014,0,3
1037,261,1015,0,3
1039,261,1061,3,0
1050,261,1028,0,3
1036,262,1014,0,3
1037,262,1015,0,3
1039,262,1061,3,0
1050,262,1028,0,3
1034,263,1056,2,0
1036,263,1014,0,3
1037,263,1015,0,3
1039,263,1061,3,0
1050,263,1028,0,3
1055,263,1077,3,0
1056,264,1078,2,0
1058,264,1036,0,3
1059,264,1037,0,3
1061,264,1083,3,0
1072,264,1050,0,3
1058,265,1036,0,3
1059,265,1037,0,3
1061,265,1083,3,0
1072,265,1050,0,3
1058,266,1036,0,3
1059,266,1037,0,3
1061,266,1083,3,0
1072,266,1050,0,3
1059,267,1037,0,3
1061,267,1083,3,0
1072,267,1050,0,3
1061,268,1083,3,0
1072,268,1050,0,3
1061,269,1083,3,0
1072,269,1050,0,3
1061,270,1083,3,0
1072,270,1050,0,3
1061,271,1083,3,0
1063,271,1041,0,3
1070,271,1092,3,0
1072,271,1050,0,3
1061,272,1083,3,0
1063,272,1041,0,3
1070,272,1092,3,0
1072,272,1050,0,3
1061,273,1083,3,0
1063,273,1041,0,3
1065,273,1087,3,0
1068,273,1090,3,0
1070,273,1092,3,0
1072,273,1050,0,3
1061,274,1083,3,0
1063,274,1041,0,3
1065,274,1087,3,0
1066,274,1088,3,0
1067,274,1089,3,0
1068,274,1090,3,0
1070,274,1092,3,0
1072,274,1050,0,3
1061,275,1083,3,0
1063,275,1041,0,3
1065,275,1087,3,0
1067,275,1089,3,0
1068,275,1090,3,0
1070,275,1092,3,0
1072,275,1050,0,3
1061,276,1083,3,0
1063,276,1041,0,3
1068,276,1090,3,0
1070,276,1092,3,0
1072,276,1050,0,3
1061,277,1083,3,0
1063,277,1041,0,3
1070,277,1092,3,0
1072,277,1050,0,3
1061,278,1083,3,0
1070,278,1092,3,0
1072,278,1050,0,3
1061,279,1083,3,0
1072,279,1050,0,3
1072,280,1050,0,3
1061,281,1083,3,0
1072,281,1050,0,3
1059,282,1037,0,3
1061,282,1083,3,0
1072,282,1050,0,3
1058,283,1036,0,3
1059,283,1037,0,3
1061,283,1083,3,0
1072,283,1050,0,3
1058,284,1036,0,3
1059,284,1037,0,3
1061,284,1083,3,0
1072,284,1050,0,3
1056,285,1078,2,0
1058,285,1036,0,3
1059,285,1037,0,3
1061,285,1083,3,0
1072,285,1050,0,3
1077,285,1099,3,0
1078,286,1100,2,0
1080,286,1058,0,3
1081,286,1059,0,3
1083,286,1105,3,0
1094,286,1072,0,3
1080,287,1058,0,3
1081,287,1059,0,3
1083,287,1105,3,0
1094,287,1072,0,3
1080,288,1058,0,3
1081,288,1059,0,3
1083,288,1105,3,0
1094,288,1072,0,3
1081,289,1059,0,3
1083,289,1105,3,0
1094,289,1072,0,3
1083,290,1105,3,0
1094,290,1072,0,3
1083,291,1105,3,0
1094,291,1072,0,3
1083,292,1105,3,0
1094,292,1072,0,3
1083,293,1105,3,0
1085,293,1063,0,3
1092,293,1114,3,0
1094,293,1072,0,3
1083,294,1105,3,0
1085,294,1063,0,3
1092,294,1114,3,0
1094,294,1072,0,3
1083,295,1105,3,0
1085,295,1063,0,3
1087,295,1109,3,0
1090,295,1112,3,0
1092,295,1114,3,0
1094,295,1072,0,3
1083,296,1105,3,0
1085,296,1063,0,3
1087,296,1109,3,0
1088,296,1110,3,0
1089,296,1111,3,0
1090,296,1112,3,0
1092,296,1114,3,0
1094,296,1072,0,3
1083,297,1105,3,0
1085,297,1063,0,3
1087,297,1109,3,0
1089,297,1111,3,0
1090,297,1112,3,0
1092,297,1114,3,0
1094,297,1072,0,3
1083,298,1105,3,0
1085,298,1063,0,3
1090,298,1112,3,0
1092,298,1114,3,0
1094,298,1072,0,3
1083,299,1105,3,0
1085,299,1063,0,3
1092,299,1114,3,0
1094,299,1072,0,3
1083,300,1105,3,0
1092,300,1114,3,0
1094,300,1072,0,3
1083,301,1105,3,0
1094,301,1072,0,3
1094,302,1072,0,3
1083,303,1105,3,0
1094,303,1072,0,3
1081,304,1059,0,3
1083,304,1105,3,0
1094,304,1072,0,3
1080,305,1058,0,3
1081,305,1059,0,3
1083,305,1105,3,0
1094,305,1072,0,3
1080,306,1058,0,3
1081,306,1059,0,3
1083,306,1105,3,0
1094,306,1072,0,3
1078,307,1100,2,0
1080,307,1058,0,3
1081,307,1059,0,3
1083,307,1105,3,0
1094,307,1072,0,3
1099,307,1121,3,0
1100,308,1122,2,0
1102,308,1080,0,3
1103,308,1081,0,3
1105,308,1127,3,0
1118,308,1140,3,0
1102,309,1080,0,3
1103,309,1081,0,3
1105,309,1127,3,0
1118,309,1140,3,0
1102,310,1080,0,3
1103,310,1081,0,3
1105,310,1127,3,0
1118,310,1140,3,0
1103,311,1081,0,3
1105,311,1127,3,0
1105,312,1127,3,0
1105,313,1127,3,0
1105,314,1127,3,0
1105,315,1127,3,0
1107,315,1085,0,3
1114,315,1136,3,0
1105,316,1127,3,0
1107,316,1085,0,3
1114,316,1136,3,0
1105,317,1127,3,0
1107,317,1085,0,3
1109,317,1131,3,0
1112,317,1134,3,0
1114,317,1136,3,0
1105,318,1127,3,0
1107,318,1085,0,3
1109,318,1131,3,0
1110,318,1132,3,0
1111,318,1133,3,0
1112,318,1134,3,0
1114,318,1136,3,0
1105,319,1127,3,0
1107,319,1085,0,3
1109,319,1131,3,0
1111,319,1133,3,0
1112,319,1134,3,0
1114,319,1136,3,0
1105,320,1127,3,0
1107,320,1085,0,3
1112,320,1134,3,0
1114,320,1136,3,0
1105,321,1127,3,0
1107,321,1085,0,3
1114,321,1136,3,0
1105,322,1127,3,0
1114,322,1136,3,0
1105,323,1127,3,0
1105,325,1127,3,0
1103,326,1081,0,3
1105,326,1127,3,0
1118,326,1140,3,0
1102,327,1080,0,3
1103,327,1081,0,3
1105,327,1127,3,0
1118,327,1140,3,0
1102,328,1080,0,3
1103,328,1081,0,3
1105,328,1127,3,0
1118,328,1140,3,0
1100,329,1122,2,0
1102,329,1080,0,3
1103,329,1081,0,3
1105,329,1127,3,0
1118,329,1140,3,0
1122,330,1144,2,0
1123,330,1101,0,3
1124,330,1102,0,3
1125,330,1103,0,3
1127,330,1149,3,0
1140,330,1162,3,0
1141,330,1163,3,0
1123,331,1101,0,3
1124,331,1102,0,3
1125,331,1103,0,3
1127,331,1149,3,0
1140,331,1162,3,0
1141,331,1163,3,0
1124,332,1102,0,3
1125,332,1103,0,3
1127,332,1149,3,0
1140,332,1162,3,0
1125,333,1103,0,3
1127,333,1149,3,0
1127,334,1149,3,0
1127,335,1149,3,0
1127,336,1149,3,0
1127,337,1149,3,0
1136,337,1158,3,0
1127,338,1149,3,0
1135,338,1113,0,3
1136,338,1158,3,0
1127,339,1149,3,0
1131,339,1153,3,0
1134,339,1156,3,0
1135,339,1113,0,3
1136,339,1158,3,0
1127,340,1149,3,0
1131,340,1153,3,0
1132,340,1154,3,0
1133,340,1155,3,0
1134,340,1156,3,0
1135,340,1113,0,3
1136,340,1158,3,0
1127,341,1149,3,0
1131,341,1153,3,0
1133,341,1155,3,0
1134,341,1156,3,0
1135,341,1113,0,3
1136,341,1158,3,0
1127,342,1149,3,0
1134,342,1156,3,0
1135,342,1113,0,3
1136,342,1158,3,0
1127,343,1149,3,0
1135,343,1113,0,3
1136,343,1158,3,0
1127,344,1149,3,0
1136,344,1158,3,0
1127,345,1149,3,0
1127,347,1149,3,0
1125,348,1103,0,3
1127,348,1149,3,0
1140,348,1162,3,0
1124,349,1102,0,3
1125,349,1103,0,3
1127,349,1149,3,0
1140,349,1162,3,0
1141,349,1163,3,0
1123,350,1101,0,3
1124,350,1102,0,3
1125,350,1103,0,3
1127,350,1149,3,0
1140,350,1162,3,0
1141,350,1163,3,0
1122,351,1144,2,0
1123,351,1101,0,3
1124,351,1102,0,3
1125,351,1103,0,3
1127,351,1149,3,0
1140,351,1162,3,0
1141,351,1163,3,0
1144,352,1166,2,0
1145,352,1123,0,3
1146,352,1124,0,3
1147,352,1125,0,3
1149,352,1171,3,0
1162,352,1184,3,0
1163,352,1185,3,0
1145,353,1123,0,3
1146,353,1124,0,3
1147,353,1125,0,3
1149,353,1171,3,0
1162,353,1184,3,0
1163,353,1185,3,0
1146,354,1124,0,3
1147,354,1125,0,3
1149,354,1171,3,0
1162,354,1184,3,0
1147,355,1125,0,3
1149,355,1171,3,0
1149,356,1171,3,0
1149,357,1171,3,0
1149,358,1171,3,0
1149,359,1171,3,0
1158,359,1180,3,0
1149,360,1171,3,0
1157,360,1135,0,3
1158,360,1180,3,0
1149,361,1171,3,0
1153,361,1175,3,0
1156,361,1178,3,0
1157,361,1135,0,3
1158,361,1180,3,0
1149,362,1171,3,0
1153,362,1175,3,0
1154,362,1176,3,0
1155,362,1177,3,0
1156,362,1178,3,0
1157,362,1135,0,3
1158,362,1180,3,0
1149,363,1171,3,0
1153,363,1175,3,0
1155,363,1177,3,0
1156,363,1178,3,0
1157,363,1135,0,3
1158,363,1180,3,0
1149,364,1171,3,0
1156,364,1178,3,0
1157,364,1135,0,3
1158,364,1180,3,0
1149,365,1171,3,0
1157,365,1135,0,3
1158,365,1180,3,0
1149,366,1171,3,0
1158,366,1180,3,0
1149,367,1171,3,0
1149,369,1171,3,0
1147,370,1125,0,3
1149,370,1171,3,0
1162,370,1184,3,0
1146,371,1124,0,3
1147,371,1125,0,3
1149,371,1171,3,0
1162,371,1184,3,0
1163,371,1185,3,0
1145,372,1123,0,3
1146,372,1124,0,3
1147,372,1125,0,3
1149,372,1171,3,0
1162,372,1184,3,0
1163,372,1185,3,0
1144,373,1166,2,0
1145,373,1123,0,3
1146,373,1124,0,3
1147,373,1125,0,3
1149,373,1171,3,0
1162,373,1184,3,0
1163,373,1185,3,0
1165,373,1187,3,0
1166,374,1188,2,0
1168,374,1146,0,3
1169,374,1147,0,3
1171,374,1193,3,0
1184,374,1206,3,0
1185,374,1207,3,0
1168,375,1146,0,3
1169,375,1147,0,3
1171,375,1193,3,0
1184,375,1206,3,0
1185,375,1207,3,0
1168,376,1146,0,3
1169,376,1147,0,3
1171,376,1193,3,0
1184,376,1206,3,0
1169,377,1147,0,3
1171,377,1193,3,0
1171,378,1193,3,0
1171,379,1193,3,0
1171,380,1193,3,0
1171,381,1193,3,0
1180,381,1202,3,0
1171,382,1193,3,0
1180,382,1202,3,0
1171,383,1193,3,0
1178,383,1200,3,0
1180,383,1202,3,0
1171,384,1193,3,0
1176,384,1198,3,0
1177,384,1199,3,0
1178,384,1200,3,0
1180,384,1202,3,0
1171,385,1193,3,0
1177,385,1199,3,0
1178,385,1200,3,0
1180,385,1202,3,0
1171,386,1193,3,0
1178,386,1200,3,0
1180,386,1202,3,0
1171,387,1193,3,0
1180,387,1202,3,0
1171,388,1193,3,0
1180,388,1202,3,0
1171,389,1193,3,0
1171,391,1193,3,0
1169,392,1147,0,3
1171,392,1193,3,0
1184,392,1206,3,0
1168,393,1146,0,3
1169,393,1147,0,3
1171,393,1193,3,0
1184,393,1206,3,0
1185,393,1207,3,0
1168,394,1146,0,3
1169,394,1147,0,3
1171,394,1193,3,0
1184,394,1206,3,0
1185,394,1207,3,0
1166,395,1188,2,0
1168,395,1146,0,3
1169,395,1147,0,3
1171,395,1193,3,0
1184,395,1206,3,0
1185,395,1207,3,0
1187,395,1209,3,0
1188,396,1210,2,0
1190,396,1168,0,3
1191,396,1169,0,3
1193,396,1215,3,0
1207,396,1229,3,0
1190,397,1168,0,3
1191,397,1169,0,3
1193,397,1215,3,0
1207,397,1229,3,0
1190,398,1168,0,3
1191,398,1169,0,3
1193,398,1215,3,0
1191,399,1169,0,3
1193,399,1215,3,0
1193,400,1215,3,0
1193,401,1215,3,0
1193,402,1215,3,0
1193,403,1215,3,0
1202,403,1224,3,0
1193,404,1215,3,0
1202,404,1224,3,0
1193,405,1215,3,0
1200,405,1222,3,0
1202,405,1224,3,0
1193,406,1215,3,0
1198,406,1220,3,0
1199,406,1221,3,0
1200,406,1222,3,0
1202,406,1224,3,0
1193,407,1215,3,0
1199,407,1221,3,0
1200,407,1222,3,0
1202,407,1224,3,0
1193,408,1215,3,0
1200,408,1222,3,0
1202,408,1224,3,0
1193,409,1215,3,0
1202,409,1224,3,0
1193,410,1215,3,0
1202,410,1224,3,0
1193,411,1215,3,0
1193,413,1215,3,0
1191,414,1169,0,3
1193,414,1215,3,0
1190,415,1168,0,3
1191,415,1169,0,3
1193,415,1215,3,0
1207,415,1229,3,0
1190,416,1168,0,3
1191,416,1169,0,3
1193,416,1215,3,0
1207,416,1229,3,0
1188,417,1210,2,0
1190,417,1168,0,3
1191,417,1169,0,3
1193,417,1215,3,0
1207,417,1229,3,0
1210,418,1232,2,0
1212,418,1190,0,3
1213,418,1191,0,3
1215,418,1237,3,0
1229,418,1251,3,0
1212,419,1190,0,3
1213,419,1191,0,3
1215,419,1237,3,0
1229,419,1251,3,0
1212,420,1190,0,3
1213,420,1191,0,3
1215,420,1237,3,0
1213,421,1191,0,3
1215,421,1237,3,0
1215,422,1237,3,0
1215,423,1237,3,0
1215,424,1237,3,0
1225,424,1203,0,3
1215,425,1237,3,0
1224,425,1246,3,0
1225,425,1203,0,3
1215,426,1237,3,0
1224,426,1246,3,0
1225,426,1203,0,3
1215,427,1237,3,0
1222,427,1244,3,0
1224,427,1246,3,0
1225,427,1203,0,3
1215,428,1237,3,0
1220,428,1242,3,0
1221,428,1243,3,0
1222,428,1244,3,0
1224,428,1246,3,0
1225,428,1203,0,3
1215,429,1237,3,0
1221,429,1243,3,0
1222,429,1244,3,0
1224,429,1246,3,0
1225,429,1203,0,3
1215,430,1237,3,0
1222,430,1244,3,0
1224,430,1246,3,0
1225,430,1203,0,3
1215,431,1237,3,0
1224,431,1246,3,0
1225,431,1203,0,3
1215,432,1237,3,0
1224,432,1246,3,0
1225,432,1203,0,3
1215,433,1237,3,0
1225,433,1203,0,3
1215,435,1237,3,0
1213,436,1191,0,3
1215,436,1237,3,0
1212,437,1190,0,3
1213,437,1191,0,3
1215,437,1237,3,0
1229,437,1251,3,0
1212,438,1190,0,3
1213,438,1191,0,3
1215,438,1237,3,0
1229,438,1251,3,0
1210,439,1232,2,0
1212,439,1190,0,3
1213,439,1191,0,3
1215,439,1237,3,0
1229,439,1251,3,0
1232,440,1254,2,0
1234,440,1212,0,3
1235,440,1213,0,3
1237,440,1259,3,0
1251,440,1273,3,0
1234,441,1212,0,3
1235,441,1213,0,3
1237,441,1259,3,0
1251,441,1273,3,0
1234,442,1212,0,3
1235,442,1213,0,3
1237,442,1259,3,0
1235,443,1213,0,3
1237,443,1259,3,0
1237,444,1259,3,0
1237,445,1259,3,0
1237,446,1259,3,0
1247,446,1225,0,3
1237,447,1259,3,0
1246,447,1268,3,0
1247,447,1225,0,3
1237,448,1259,3,0
1246,448,1268,3,0
1247,448,1225,0,3
1237,449,1259,3,0
1244,449,1266,3,0
1246,449,1268,3,0
1247,449,1225,0,3
1237,450,1259,3,0
1242,450,1264,3,0
1243,450,1265,3,0
1244,450,1266,3,0
1246,450,1268,3,0
1247,450,1225,0,3
1237,451,1259,3,0
1243,451,1265,3,0
1244,451,1266,3,0
1246,451,1268,3,0
1247,451,1225,0,3
1237,452,1259,3,0
1244,452,1266,3,0
1246,452,1268,3,0
1247,452,1225,0,3
1237,453,1259,3,0
1246,453,1268,3,0
1247,453,1225,0,3
1237,454,1259,3,0
1246,454,1268,3,0
1247,454,1225,0,3
1237,455,1259,3,0
1247,455,1225,0,3
1237,457,1259,3,0
1235,458,1213,0,3
1237,458,1259,3,0
1234,459,1212,0,3
1235,459,1213,0,3
1237,459,1259,3,0
1251,459,1273,3,0
1234,460,1212,0,3
1235,460,1213,0,3
1237,460,1259,3,0
1251,460,1273,3,0
1232,461,1254,2,0
1234,461,1212,0,3
1235,461,1213,0,3
1237,461,1259,3,0
1251,461,1273,3,0
1254,462,1276,2,0
1256,462,1234,0,3
1257,462,1235,0,3
1259,462,1281,3,0
1273,462,1295,3,0
1256,463,1234,0,3
1257,463,1235,0,3
1259,463,1281,3,0
1273,463,1295,3,0
1256,464,1234,0,3
1257,464,1235,0,3
1259,464,1281,3,0
1257,465,1235,0,3
1259,465,1281,3,0
1259,466,1281,3,0
1259,467,1281,3,0
1259,468,1281,3,0
1269,468,1247,0,3
1259,469,1281,3,0
1268,469,1290,3,0
1269,469,1247,0,3
1259,470,1281,3,0
1268,470,1290,3,0
1269,470,1247,0,3
1259,471,1281,3,0
1266,471,1288,3,0
1268,471,1290,3,0
1269,471,1247,0,3
1259,472,1281,3,0
1264,472,1286,3,0
1265,472,1287,3,0
1266,472,1288,3,0
1268,472,1290,3,0
1269,472,1247,0,3
1259,473,1281,3,0
1265,473,1287,3,0
1266,473,1288,3,0
1268,473,1290,3,0
1269,473,1247,0,3
1259,474,1281,3,0
1266,474,1288,3,0
1268,474,1290,3,0
1269,474,1247,0,3
1259,475,1281,3,0
1268,475,1290,3,0
1269,475,1247,0,3
1259,476,1281,3,0
1268,476,1290,3,0
1269,476,1247,0,3
1259,477,1281,3,0
1269,477,1247,0,3
1259,479,1281,3,0
1257,480,1235,0,3
1259,480,1281,3,0
1256,481,1234,0,3
1257,481,1235,0,3
1259,481,1281,3,0
1273,481,1295,3,0
1256,482,1234,0,3
1257,482,1235,0,3
1259,482,1281,3,0
1273,482,1295,3,0
1254,483,1276,2,0
1256,483,1234,0,3
1257,483,1235,0,3
1259,483,1281,3,0
1273,483,1295,3,0
1276,484,1298,2,0
1278,484,1256,0,3
1279,484,1257,0,3
1281,484,1303,3,0
1295,484,1317,3,0
1278,485,1256,0,3
1279,485,1257,0,3
1281,485,1303,3,0
1295,485,1317,3,0
1278,486,1256,0,3
1279,486,1257,0,3
1281,486,1303,3,0
1279,487,1257,0,3
1281,487,1303,3,0
1281,488,1303,3,0
1281,489,1303,3,0
1281,490,1303,3,0
1291,490,1269,0,3
1281,491,1303,3,0
1290,491,1312,3,0
1291,491,1269,0,3
1281,492,1303,3,0
1290,492,1312,3,0
1291,492,1269,0,3
1281,493,1303,3,0
1288,493,1310,3,0
1290,493,1312,3,0
1291,493,1269,0,3
1281,494,1303,3,0
1286,494,1308,3,0
1287,494,1309,3,0
1288,494,1310,3,0
1290,494,1312,3,0
1291,494,1269,0,3
1281,495,1303,3,0
1287,495,1309,3,0
1288,495,1310,3,0
1290,495,1312,3,0
1291,495,1269,0,3
1281,496,1303,3,0
1288,496,1310,3,0
1290,496,1312,3,0
1291,496,1269,0,3
1281,497,1303,3,0
1290,497,1312,3,0
1291,497,1269,0,3
1281,498,1303,3,0
1290,498,1312,3,0
1291,498,1269,0,3
1281,499,1303,3,0
1291,499,1269,0,3
1281,501,1303,3,0
1279,502,1257,0,3
1281,502,1303,3,0
1278,503,1256,0,3
1279,503,1257,0,3
1281,503,1303,3,0
1295,503,1317,3,0
1278,504,1256,0,3
1279,504,1257,0,3
1281,504,1303,3,0
1295,504,1317,3,0
1276,505,1298,2,0
1278,505,1256,0,3
1279,505,1257,0,3
1281,505,1303,3,0
1295,505,1317,3,0
1298,506,1320,2,0
1300,506,1278,0,3
1301,506,1279,0,3
1303,506,1325,3,0
1300,507,1278,0,3
1301,507,1279,0,3
1303,507,1325,3,0
1300,508,1278,0,3
1301,508,1279,0,3
1303,508,1325,3,0
1301,509,1279,0,3
1303,509,1325,3,0
1303,510,1325,3,0
1303,511,1325,3,0
1303,512,1325,3,0
1303,513,1325,3,0
1312,513,1334,3,0
1303,514,1325,3,0
1312,514,1334,3,0
1303,515,1325,3,0
1310,515,1332,3,0
1312,515,1334,3,0
1303,516,1325,3,0
1308,516,1330,3,0
1309,516,1331,3,0
1310,516,1332,3,0
1312,516,1334,3,0
1303,517,1325,3,0
1309,517,1331,3,0
1310,517,1332,3,0
1312,517,1334,3,0
1303,518,1325,3,0
1310,518,1332,3,0
1312,518,1334,3,0
1303,519,1325,3,0
1312,519,1334,3,0
1303,520,1325,3,0
1312,520,1334,3,0
1303,521,1325,3,0
1303,523,1325,3,0
1301,524,1279,0,3
1303,524,1325,3,0
1300,525,1278,0,3
1301,525,1279,0,3
1303,525,1325,3,0
1300,526,1278,0,3
1301,526,1279,0,3
1303,526,1325,3,0
1298,527,1320,2,0
1300,527,1278,0,3
1301,527,1279,0,3
1303,527,1325,3,0
1320,528,1342,2,0
1322,528,1300,0,3
1323,528,1301,0,3
1325,528,1347,3,0
1322,529,1300,0,3
1323,529,1301,0,3
1325,529,1347,3,0
1322,530,1300,0,3
1323,530,1301,0,3
1325,530,1347,3,0
1323,531,1301,0,3
1325,531,1347,3,0
1325,532,1347,3,0
1325,533,1347,3,0
1325,534,1347,3,0
1325,535,1347,3,0
1334,535,1356,3,0
1325,536,1347,3,0
1334,536,1356,3,0
1325,537,1347,3,0
1332,537,1354,3,0
1334,537,1356,3,0
1325,538,1347,3,0
1330,538,1352,3,0
1331,538,1353,3,0
1332,538,1354,3,0
1334,538,1356,3,0
1325,539,1347,3,0
1331,539,1353,3,0
1332,539,1354,3,0
1334,539,1356,3,0
1325,540,1347,3,0
1332,540,1354,3,0
1334,540,1356,3,0
1325,541,1347,3,0
1334,541,1356,3,0
1325,542,1347,3,0
1334,542,1356,3,0
1325,543,1347,3,0
1325,545,1347,3,0
1323,546,1301,0,3
1325,546,1347,3,0
1322,547,1300,0,3
1323,547,1301,0,3
1325,547,1347,3,0
1322,548,1300,0,3
1323,548,1301,0,3
1325,548,1347,3,0
1320,549,1342,2,0
1322,549,1300,0,3
1323,549,1301,0,3
1325,549,1347,3,0
1342,550,1364,2,0
1344,550,1322,0,3
1345,550,1323,0,3
1347,550,1369,3,0
1344,551,1322,0,3
1345,551,1323,0,3
1347,551,1369,3,0
1344,552,1322,0,3
1345,552,1323,0,3
1347,552,1369,3,0
1345,553,1323,0,3
1347,553,1369,3,0
1347,554,1369,3,0
1347,555,1369,3,0
1347,556,1369,3,0
1347,557,1369,3,0
1356,557,1378,3,0
1347,558,1369,3,0
1356,558,1378,3,0
1347,559,1369,3,0
1354,559,1376,3,0
1356,559,1378,3,0
1347,560,1369,3,0
1352,560,1374,3,0
1353,560,1375,3,0
1354,560,1376,3,0
1356,560,1378,3,0
1347,561,1369,3,0
1353,561,1375,3,0
1354,561,1376,3,0
1356,561,1378,3,0
1347,562,1369,3,0
1354,562,1376,3,0
1356,562,1378,3,0
1347,563,1369,3,0
1356,563,1378,3,0
1347,564,1369,3,0
1356,564,1378,3,0
1347,565,1369,3,0
1347,567,1369,3,0
1345,568,1323,0,3
1347,568,1369,3,0
1344,569,1322,0,3
1345,569,1323,0,3
1347,569,1369,3,0
1344,570,1322,0,3
1345,570,1323,0,3
1347,570,1369,3,0
1342,571,1364,2,0
1344,571,1322,0,3
1345,571,1323,0,3
1347,571,1369,3,0
1363,571,1385,3,0
1366,572,1344,0,3
1367,572,1345,0,3
1369,572,1391,3,0
1383,572,1405,3,0
1366,573,1344,0,3
1367,573,1345,0,3
1369,573,1391,3,0
1383,573,1405,3,0
1366,574,1344,0,3
1367,574,1345,0,3
1369,574,1391,3,0
1367,575,1345,0,3
1369,575,1391,3,0
1369,576,1391,3,0
1369,577,1391,3,0
1369,578,1391,3,0
1369,579,1391,3,0
1378,579,1400,3,0
1369,580,1391,3,0
1378,580,1400,3,0
1369,581,1391,3,0
1376,581,1398,3,0
1378,581,1400,3,0
1369,582,1391,3,0
1374,582,1396,3,0
1376,582,1398,3,0
1378,582,1400,3,0
1369,583,1391,3,0
1376,583,1398,3,0
1378,583,1400,3,0
1369,584,1391,3,0
1376,584,1398,3,0
1378,584,1400,3,0
1369,585,1391,3,0
1378,585,1400,3,0
1369,586,1391,3,0
1378,586,1400,3,0
1369,587,1391,3,0
1369,589,1391,3,0
1367,590,1345,0,3
1369,590,1391,3,0
1366,591,1344,0,3
1367,591,1345,0,3
1369,591,1391,3,0
1383,591,1405,3,0
1366,592,1344,0,3
1367,592,1345,0,3
1369,592,1391,3,0
1383,592,1405,3,0
1366,593,1344,0,3
1367,593,1345,0,3
1369,593,1391,3,0
1383,593,1405,3,0
1385,593,1407,3,0
1388,594,1366,0,3
1389,594,1367,0,3
1391,594,1413,3,0
1405,594,1427,3,0
1388,595,1366,0,3
1389,595,1367,0,3
1391,595,1413,3,0
1405,595,1427,3,0
1388,596,1366,0,3
1389,596,1367,0,3
1391,596,1413,3,0
1389,597,1367,0,3
1391,597,1413,3,0
1391,598,1413,3,0
1391,599,1413,3,0
1391,600,1413,3,0
1391,601,1413,3,0
1391,602,1413,3,0
1391,603,1413,3,0
1398,603,1420,3,0
1391,604,1413,3,0
1396,604,1418,3,0
1398,604,1420,3,0
1391,605,1413,3,0
1398,605,1420,3,0
1391,606,1413,3,0
1398,606,1420,3,0
1391,607,1413,3,0
1391,608,1413,3,0
1391,609,1413,3,0
1391,611,1413,3,0
1389,612,1367,0,3
1391,612,1413,3,0
1388,613,1366,0,3
1389,613,1367,0,3
1391,613,1413,3,0
1405,613,1427,3,0
1388,614,1366,0,3
1389,614,1367,0,3
1391,614,1413,3,0
1405,614,1427,3,0
1388,615,1366,0,3
1389,615,1367,0,3
1391,615,1413,3,0
1405,615,1427,3,0
1407,615,1429,3,0
1410,616,1388,0,3
1411,616,1389,0,3
1413,616,1435,3,0
1427,616,1449,3,0
1410,617,1388,0,3
1411,617,1389,0,3
1413,617,1435,3,0
1427,617,1449,3,0
1410,618,1388,0,3
1411,618,1389,0,3
1413,618,1435,3,0
1411,619,1389,0,3
1413,619,1435,3,0
1413,620,1435,3,0
1413,621,1435,3,0
1413,622,1435,3,0
1413,623,1435,3,0
1413,624,1435,3,0
1413,625,1435,3,0
1420,625,1442,3,0
1413,626,1435,3,0
1418,626,1440,3,0
1420,626,1442,3,0
1413,627,1435,3,0
1420,627,1442,3,0
1413,628,1435,3,0
1420,628,1442,3,0
1413,629,1435,3,0
1413,630,1435,3,0
1413,631,1435,3,0
1413,633,1435,3,0
1411,634,1389,0,3
1413,634,1435,3,0
1410,635,1388,0,3
1411,635,1389,0,3
1413,635,1435,3,0
1427,635,1449,3,0
1410,636,1388,0,3
1411,636,1389,0,3
1413,636,1435,3,0
1427,636,1449,3,0
1410,637,1388,0,3
1411,637,1389,0,3
1413,637,1435,3,0
1427,637,1449,3,0
1429,637,1451,3,0
1432,638,1410,0,3
1433,638,1411,0,3
1435,638,1457,3,0
1432,639,1410,0,3
1433,639,1411,0,3
1435,639,1457,3,0
1432,640,1410,0,3
1433,640,1411,0,3
1435,640,1457,3,0
1433,641,1411,0,3
1435,641,1457,3,0
1435,642,1457,3,0
1435,643,1457,3,0
1435,644,1457,3,0
1435,645,1457,3,0
1435,646,1457,3,0
1435,647,1457,3,0
1439,647,1417,0,3
1442,647,1464,3,0
1435,648,1457,3,0
1439,648,1417,0,3
1440,648,1462,3,0
1442,648,1464,3,0
1435,649,1457,3,0
1439,649,1417,0,3
1442,649,1464,3,0
1435,650,1457,3,0
1442,650,1464,3,0
1435,651,1457,3,0
1435,652,1457,3,0
1435,653,1457,3,0
1435,655,1457,3,0
1433,656,1411,0,3
1435,656,1457,3,0
1432,657,1410,0,3
1433,657,1411,0,3
1435,657,1457,3,0
1432,658,1410,0,3
1433,658,1411,0,3
1435,658,1457,3,0
1432,659,1410,0,3
1433,659,1411,0,3
1435,659,1457,3,0
1451,659,1473,3,0
1454,660,1432,0,3
1455,660,1433,0,3
1457,660,1479,3,0
1454,661,1432,0,3
1455,661,1433,0,3
1457,661,1479,3,0
1454,662,1432,0,3
1455,662,1433,0,3
1457,662,1479,3,0
1455,663,1433,0,3
1457,663,1479,3,0
1457,664,1479,3,0
1457,665,1479,3,0
1457,666,1479,3,0
1467,666,1445,0,3
1457,667,1479,3,0
1467,667,1445,0,3
1457,668,1479,3,0
1467,668,1445,0,3
1457,669,1479,3,0
1461,669,1439,0,3
1467,669,1445,0,3
1457,670,1479,3,0
1461,670,1439,0,3
1467,670,1445,0,3
1457,671,1479,3,0
1461,671,1439,0,3
1467,671,1445,0,3
1457,672,1479,3,0
1467,672,1445,0,3
1457,673,1479,3,0
1467,673,1445,0,3
1457,674,1479,3,0
1467,674,1445,0,3
1457,675,1479,3,0
1467,675,1445,0,3
1457,677,1479,3,0
1455,678,1433,0,3
1457,678,1479,3,0
1454,679,1432,0,3
1455,679,1433,0,3
1457,679,1479,3,0
1454,680,1432,0,3
1455,680,1433,0,3
1457,680,1479,3,0
1454,681,1432,0,3
1455,681,1433,0,3
1457,681,1479,3,0
1473,681,1495,3,0
1476,682,1454,0,3
1478,682,1456,0,3
1479,682,1501,3,0
1493,682,1515,3,0
1476,683,1454,0,3
1478,683,1456,0,3
1479,683,1501,3,0
1493,683,1515,3,0
1476,684,1454,0,3
1478,684,1456,0,3
1479,684,1501,3,0
1478,685,1456,0,3
1479,685,1501,3,0
1478,686,1456,0,3
1479,686,1501,3,0
1479,687,1501,3,0
1479,688,1501,3,0
1479,689,1501,3,0
1488,689,1510,3,0
1479,690,1501,3,0
1488,690,1510,3,0
1479,691,1501,3,0
1483,691,1461,0,3
1486,691,1508,3,0
1488,691,1510,3,0
1479,692,1501,3,0
1483,692,1461,0,3
1486,692,1508,3,0
1488,692,1510,3,0
1479,693,1501,3,0
1483,693,1461,0,3
1486,693,1508,3,0
1488,693,1510,3,0
1479,694,1501,3,0
1486,694,1508,3,0
1488,694,1510,3,0
1479,695,1501,3,0
1488,695,1510,3,0
1479,696,1501,3,0
1488,696,1510,3,0
1479,697,1501,3,0
1478,699,1456,0,3
1479,699,1501,3,0
1478,700,1456,0,3
1479,700,1501,3,0
1476,701,1454,0,3
1478,701,1456,0,3
1479,701,1501,3,0
1493,701,1515,3,0
1476,702,1454,0,3
1478,702,1456,0,3
1479,702,1501,3,0
1493,702,1515,3,0
1476,703,1454,0,3
1478,703,1456,0,3
1479,703,1501,3,0
1493,703,1515,3,0
1495,703,1517,3,0
1498,704,1476,0,3
1500,704,1478,0,3
1501,704,1523,3,0
1515,704,1537,3,0
1516,704,1494,0,3
1498,705,1476,0,3
1500,705,1478,0,3
1501,705,1523,3,0
1515,705,1537,3,0
1498,706,1476,0,3
1500,706,1478,0,3
1501,706,1523,3,0
1500,707,1478,0,3
1501,707,1523,3,0
1500,708,1478,0,3
1501,708,1523,3,0
1501,709,1523,3,0
1501,710,1523,3,0
1501,711,1523,3,0
1503,711,1525,3,0
1510,711,1532,3,0
1501,712,1523,3,0
1503,712,1525,3,0
1509,712,1531,3,0
1510,712,1532,3,0
1501,713,1523,3,0
1503,713,1525,3,0
1508,713,1530,3,0
1509,713,1531,3,0
1510,713,1532,3,0
1501,714,1523,3,0
1503,714,1525,3,0
1508,714,1530,3,0
1509,714,1531,3,0
1510,714,1532,3,0
1501,715,1523,3,0
1503,715,1525,3,0
1508,715,1530,3,0
1509,715,1531,3,0
1510,715,1532,3,0
1501,716,1523,3,0
1503,716,1525,3,0
1508,716,1530,3,0
1509,716,1531,3,0
1510,716,1532,3,0
1501,717,1523,3,0
1503,717,1525,3,0
1509,717,1531,3,0
1510,717,1532,3,0
1501,718,1523,3,0
1510,718,1532,3,0
1501,719,1523,3,0
1500,721,1478,0,3
1501,721,1523,3,0
1500,722,1478,0,3
1501,722,1523,3,0
1498,723,1476,0,3
1500,723,1478,0,3
1501,723,1523,3,0
1515,723,1537,3,0
1498,724,1476,0,3
1500,724,1478,0,3
1501,724,1523,3,0
1515,724,1537,3,0
1516,724,1494,0,3
1498,725,1476,0,3
1500,725,1478,0,3
1501,725,1523,3,0
1515,725,1537,3,0
1516,725,1494,0,3
1517,725,1539,3,0
1518,726,1540,2,0
1519,726,1541,3,0
1520,726,1498,0,3
1521,726,1499,0,3
1522,726,1500,0,3
1523,726,1545,3,0
1538,726,1516,0,3
1519,727,1541,3,0
1520,727,1498,0,3
1521,727,1499,0,3
1522,727,1500,0,3
1523,727,1545,3,0
1520,728,1498,0,3
1521,728,1499,0,3
1522,728,1500,0,3
1523,728,1545,3,0
1521,729,1499,0,3
1522,729,1500,0,3
1523,729,1545,3,0
1522,730,1500,0,3
1523,730,1545,3,0
1523,731,1545,3,0
1523,732,1545,3,0
1523,733,1545,3,0
1532,733,1554,3,0
1523,734,1545,3,0
1531,734,1553,3,0
1532,734,1554,3,0
1523,735,1545,3,0
1530,735,1552,3,0
1531,735,1553,3,0
1532,735,1554,3,0
1523,736,1545,3,0
1528,736,1550,3,0
1529,736,1507,0,3
1530,736,1552,3,0
1531,736,1553,3,0
1532,736,1554,3,0
1523,737,1545,3,0
1529,737,1507,0,3
1530,737,1552,3,0
1531,737,1553,3,0
1532,737,1554,3,0
1523,738,1545,3,0
1530,738,1552,3,0
1531,738,1553,3,0
1532,738,1554,3,0
1523,739,1545,3,0
1531,739,1553,3,0
1532,739,1554,3,0
1523,740,1545,3,0
1532,740,1554,3,0
1523,741,1545,3,0
1522,743,1500,0,3
1523,743,1545,3,0
1521,744,1499,0,3
1522,744,1500,0,3
1523,744,1545,3,0
1520,745,1498,0,3
1521,745,1499,0,3
1522,745,1500,0,3
1523,745,1545,3,0
1519,746,1541,3,0
1520,746,1498,0,3
1521,746,1499,0,3
1522,746,1500,0,3
1523,746,1545,3,0
1538,746,1516,0,3
1518,747,1540,2,0
1519,747,1541,3,0
1520,747,1498,0,3
1521,747,1499,0,3
1522,747,1500,0,3
1523,747,1545,3,0
1538,747,1516,0,3
1540,748,1562,2,0
1541,748,1563,3,0
1542,748,1520,0,3
1543,748,1521,0,3
1544,748,1522,0,3
1545,748,1567,3,0
1560,748,1538,0,3
1541,749,1563,3,0
1542,749,1520,0,3
1543,749,1521,0,3
1544,749,1522,0,3
1545,749,1567,3,0
1542,750,1520,0,3
1543,750,1521,0,3
1544,750,1522,0,3
1545,750,1567,3,0
1543,751,1521,0,3
1544,751,1522,0,3
1545,751,1567,3,0
1544,752,1522,0,3
1545,752,1567,3,0
1545,753,1567,3,0
1545,754,1567,3,0
1546,754,1524,0,3
1545,755,1567,3,0
1546,755,1524,0,3
1554,755,1576,3,0
1545,756,1567,3,0
1546,756,1524,0,3
1553,756,1575,3,0
1554,756,1576,3,0
1545,757,1567,3,0
1546,757,1524,0,3
1552,757,1574,3,0
1553,757,1575,3,0
1554,757,1576,3,0
1545,758,1567,3,0
1546,758,1524,0,3
1550,758,1572,3,0
1551,758,1529,0,3
1552,758,1574,3,0
1553,758,1575,3,0
1554,758,1576,3,0
1545,759,1567,3,0
1546,759,1524,0,3
1551,759,1529,0,3
1552,759,1574,3,0
1553,759,1575,3,0
1554,759,1576,3,0
1545,760,1567,3,0
1546,760,1524,0,3
1552,760,1574,3,0
1553,760,1575,3,0
1554,760,1576,3,0
1545,761,1567,3,0
1546,761,1524,0,3
1553,761,1575,3,0
1554,761,1576,3,0
1545,762,1567,3,0
1546,762,1524,0,3
1554,762,1576,3,0
1545,763,1567,3,0
1544,765,1522,0,3
1545,765,1567,3,0
1543,766,1521,0,3
1544,766,1522,0,3
1545,766,1567,3,0
1542,767,1520,0,3
1543,767,1521,0,3
1544,767,1522,0,3
1545,767,1567,3,0
1541,768,1563,3,0
1542,768,1520,0,3
1543,768,1521,0,3
1544,768,1522,0,3
1545,768,1567,3,0
1560,768,1538,0,3
1540,769,1562,2,0
1541,769,1563,3,0
1542,769,1520,0,3
1543,769,1521,0,3
1544,769,1522,0,3
1545,769,1567,3,0
1560,769,1538,0,3
1561,769,1583,3,0
1563,770,1,3,3
1566,770,1544,0,3
1567,770,5,3,3
1582,770,1560,0,3
1563,771,1,3,3
1566,771,1544,0,3
1567,771,5,3,3
1566,772,1544,0,3
1567,772,5,3,3
1566,773,1544,0,3
1567,773,5,3,3
1566,774,1544,0,3
1567,774,5,3,3
1567,775,5,3,3
1567,776,5,3,3
1568,776,1546,0,3
1567,777,5,3,3
1568,777,1546,0,3
1576,777,14,3,3
1567,778,5,3,3
1568,778,1546,0,3
1575,778,13,3,3
1576,778,14,3,3
1567,779,5,3,3
1568,779,1546,0,3
1571,779,1549,0,3
1574,779,12,3,3
1575,779,13,3,3
1576,779,14,3,3
1567,780,5,3,3
1568,780,1546,0,3
1571,780,1549,0,3
1572,780,10,3,3
1573,780,1551,0,3
1574,780,12,3,3
1575,780,13,3,3
1576,780,14,3,3
1567,781,5,3,3
1568,781,1546,0,3
1571,781,1549,0,3
1573,781,1551,0,3
1574,781,12,3,3
1575,781,13,3,3
1576,781,14,3,3
1567,782,5,3,3
1568,782,1546,0,3
1574,782,12,3,3
1575,782,13,3,3
1576,782,14,3,3
1567,783,5,3,3
1568,783,1546,0,3
1575,783,13,3,3
1576,783,14,3,3
1567,784,5,3,3
1568,784,1546,0,3
1576,784,14,3,3
1567,785,5,3,3
1566,787,1544,0,3
1567,787,5,3,3
1566,788,1544,0,3
1567,788,5,3,3
1566,789,1544,0,3
1567,789,5,3,3
1563,790,1,3,3
1566,790,1544,0,3
1567,790,5,3,3
1582,790,1560,0,3
1563,791,1,3,3
1566,791,1544,0,3
1567,791,5,3,3
1582,791,1560,0,3
1583,791,21,3,3
0,792,22,1,0
4,792,1566,3,3
20,792,1582,3,3
4,793,1566,3,3
4,794,1566,3,3
4,795,1566,3,3
4,796,1566,3,3
6,798,1568,3,3
6,799,1568,3,3
14,799,36,2,0
6,800,1568,3,3
13,800,35,2,0
14,800,36,2,0
6,801,1568,3,3
12,801,34,2,0
13,801,35,2,0
14,801,36,2,0
6,802,1568,3,3
10,802,32,2,0
11,802,1573,3,3
12,802,34,2,0
13,802,35,2,0
14,802,36,2,0
6,803,1568,3,3
11,803,1573,3,3
12,803,34,2,0
13,803,35,2,0
14,803,36,2,0
6,804,1568,3,3
12,804,34,2,0
13,804,35,2,0
14,804,36,2,0
6,805,1568,3,3
13,805,35,2,0
14,805,36,2,0
6,806,1568,3,3
14,806,36,2,0
4,809,1566,3,3
4,810,1566,3,3
4,811,1566,3,3
4,812,1566,3,3
20,812,1582,3,3
0,813,22,1,0
4,813,1566,3,3
20,813,1582,3,3
21,813,43,2,0
22,814,44,2,0
23,814,45,3,0
26,814,4,0,2
42,814,20,0,2
23,815,45,3,0
26,815,4,0,2
26,816,4,0,2
26,817,4,0,2
26,818,4,0,2
28,820,6,0,2
28,821,6,0,2
36,821,58,3,0
28,822,6,0,2
35,822,57,3,0
36,822,58,3,0
28,823,6,0,2
34,823,56,3,0
35,823,57,3,0
36,823,58,3,0
28,824,6,0,2
33,824,11,0,2
34,824,56,3,0
35,824,57,3,0
36,824,58,3,0
28,825,6,0,2
33,825,11,0,2
34,825,56,3,0
35,825,57,3,0
36,825,58,3,0
28,826,6,0,2
34,826,56,3,0
35,826,57,3,0
36,826,58,3,0
28,827,6,0,2
35,827,57,3,0
36,827,58,3,0
28,828,6,0,2
36,828,58,3,0
26,831,4,0,2
26,832,4,0,2
26,833,4,0,2
23,834,45,3,0
26,834,4,0,2
42,834,20,0,2
22,835,44,2,0
23,835,45,3,0
26,835,4,0,2
42,835,20,0,2
43,835,65,3,0
44,836,66,2,0
46,836,68,3,0
48,836,26,0,3
64,836,42,0,3
46,837,68,3,0
48,837,26,0,3
46,838,68,3,0
48,838,26,0,3
48,839,26,0,3
48,840,26,0,3
50,842,28,0,3
50,843,28,0,3
51,843,29,0,3
58,843,80,3,0
50,844,28,0,3
51,844,29,0,3
57,844,79,3,0
58,844,80,3,0
50,845,28,0,3
51,845,29,0,3
56,845,78,3,0
57,845,79,3,0
58,845,80,3,0
50,846,28,0,3
51,846,29,0,3
55,846,33,0,3
56,846,78,3,0
57,846,79,3,0
58,846,80,3,0
50,847,28,0,3
51,847,29,0,3
55,847,33,0,3
56,847,78,3,0
57,847,79,3,0
58,847,80,3,0
50,848,28,0,3
51,848,29,0,3
56,848,78,3,0
57,848,79,3,0
58,848,80,3,0
50,849,28,0,3
51,849,29,0,3
57,849,79,3,0
58,849,80,3,0
50,850,28,0,3
58,850,80,3,0
48,853,26,0,3
48,854,26,0,3
46,855,68,3,0
48,855,26,0,3
46,856,68,3,0
48,856,26,0,3
64,856,42,0,3
44,857,66,2,0
46,857,68,3,0
48,857,26,0,3
64,857,42,0,3
66,858,88,2,0
68,858,90,3,0
70,858,48,0,3
86,858,64,0,3
68,859,90,3,0
70,859,48,0,3
68,860,90,3,0
70,860,48,0,3
70,861,48,0,3
70,862,48,0,3
72,864,50,0,3
72,865,50,0,3
73,865,51,0,3
80,865,102,3,0
72,866,50,0,3
73,866,51,0,3
79,866,101,3,0
80,866,102,3,0
72,867,50,0,3
73,867,51,0,3
75,867,53,0,3
78,867,100,3,0
79,867,101,3,0
80,867,102,3,0
72,868,50,0,3
73,868,51,0,3
75,868,53,0,3
77,868,55,0,3
78,868,100,3,0
79,868,101,3,0
80,868,102,3,0
72,869,50,0,3
73,869,51,0,3
75,869,53,0,3
77,869,55,0,3
78,869,100,3,0
79,869,101,3,0
80,869,102,3,0
72,870,50,0,3
73,870,51,0,3
78,870,100,3,0
79,870,101,3,0
80,870,102,3,0
72,871,50,0,3
73,871,51,0,3
79,871,101,3,0
80,871,102,3,0
72,872,50,0,3
80,872,102,3,0
70,875,48,0,3
70,876,48,0,3
68,877,90,3,0
70,877,48,0,3
68,878,90,3,0
70,878,48,0,3
86,878,64,0,3
66,879,88,2,0
68,879,90,3,0
70,879,48,0,3
86,879,64,0,3
88,880,110,2,0
90,880,112,3,0
92,880,70,0,3
93,880,71,0,3
108,880,86,0,3
90,881,112,3,0
92,881,70,0,3
93,881,71,0,3
90,882,112,3,0
92,882,70,0,3
93,882,71,0,3
92,883,70,0,3
93,883,71,0,3
92,884,70,0,3
93,884,71,0,3
93,885,71,0,3
93,886,71,0,3
94,886,72,0,3
93,887,71,0,3
94,887,72,0,3
95,887,73,0,3
93,888,71,0,3
94,888,72,0,3
95,888,73,0,3
101,888,123,3,0
93,889,71,0,3
94,889,72,0,3
95,889,73,0,3
100,889,122,3,0
101,889,123,3,0
93,890,71,0,3
94,890,72,0,3
95,890,73,0,3
98,890,76,0,3
99,890,77,0,3
100,890,122,3,0
101,890,123,3,0
93,891,71,0,3
94,891,72,0,3
95,891,73,0,3
99,891,77,0,3
100,891,122,3,0
101,891,123,3,0
93,892,71,0,3
94,892,72,0,3
95,892,73,0,3
100,892,122,3,0
101,892,123,3,0
93,893,71,0,3
94,893,72,0,3
95,893,73,0,3
101,893,123,3,0
93,894,71,0,3
94,894,72,0,3
93,895,71,0,3
92,897,70,0,3
93,897,71,0,3
92,898,70,0,3
93,898,71,0,3
90,899,112,3,0
92,899,70,0,3
93,899,71,0,3
90,900,112,3,0
92,900,70,0,3
93,900,71,0,3
108,900,86,0,3
88,901,110,2,0
90,901,112,3,0
92,901,70,0,3
93,901,71,0,3
108,901,86,0,3
110,902,132,2,0
112,902,134,3,0
114,902,92,0,3
126,902,148,3,0
130,902,108,0,3
112,903,134,3,0
114,903,92,0,3
126,903,148,3,0
112,904,134,3,0
114,904,92,0,3
126,904,148,3,0
114,905,92,0,3
126,905,148,3,0
114,906,92,0,3
126,906,148,3,0
126,907,148,3,0
116,908,94,0,3
126,908,148,3,0
116,909,94,0,3
117,909,95,0,3
126,909,148,3,0
116,910,94,0,3
117,910,95,0,3
123,910,101,0,3
126,910,148,3,0
116,911,94,0,3
117,911,95,0,3
123,911,101,0,3
126,911,148,3,0
116,912,94,0,3
117,912,95,0,3
120,912,98,0,3
121,912,99,0,3
123,912,101,0,3
126,912,148,3,0
116,913,94,0,3
117,913,95,0,3
121,913,99,0,3
123,913,101,0,3
126,913,148,3,0
116,914,94,0,3
117,914,95,0,3
123,914,101,0,3
126,914,148,3,0
116,915,94,0,3
117,915,95,0,3
123,915,101,0,3
126,915,148,3,0
116,916,94,0,3
126,916,148,3,0
126,917,148,3,0
126,918,148,3,0
114,919,92,0,3
126,919,148,3,0
114,920,92,0,3
126,920,148,3,0
112,921,134,3,0
114,921,92,0,3
126,921,148,3,0
112,922,134,3,0
114,922,92,0,3
126,922,148,3,0
130,922,108,0,3
110,923,132,2,0
112,923,134,3,0
114,923,92,0,3
126,923,148,3,0
130,923,108,0,3
131,923,153,3,0
132,924,110,0,2
134,924,156,3,0
136,924,114,0,3
148,924,170,3,0
149,924,127,0,3
151,924,129,0,3
152,924,130,0,3
134,925,156,3,0
136,925,114,0,3
148,925,170,3,0
149,925,127,0,3
151,925,129,0,3
134,926,156,3,0
136,926,114,0,3
148,926,170,3,0
149,926,127,0,3
136,927,114,0,3
148,927,170,3,0
149,927,127,0,3
136,928,114,0,3
148,928,170,3,0
148,929,170,3,0
138,930,116,0,3
148,930,170,3,0
138,931,116,0,3
139,931,117,0,3
148,931,170,3,0
138,932,116,0,3
139,932,117,0,3
148,932,170,3,0
138,933,116,0,3
139,933,117,0,3
148,933,170,3,0
138,934,116,0,3
139,934,117,0,3
142,934,120,0,3
143,934,121,0,3
148,934,170,3,0
138,935,116,0,3
139,935,117,0,3
143,935,121,0,3
148,935,170,3,0
138,936,116,0,3
139,936,117,0,3
148,936,170,3,0
138,937,116,0,3
139,937,117,0,3
148,937,170,3,0
138,938,116,0,3
148,938,170,3,0
148,939,170,3,0
148,940,170,3,0
136,941,114,0,3
148,941,170,3,0
149,941,127,0,3
136,942,114,0,3
148,942,170,3,0
149,942,127,0,3
134,943,156,3,0
136,943,114,0,3
148,943,170,3,0
149,943,127,0,3
151,943,129,0,3
134,944,156,3,0
136,944,114,0,3
148,944,170,3,0
149,944,127,0,3
151,944,129,0,3
152,944,130,0,3
132,945,110,0,2
134,945,156,3,0
136,945,114,0,3
148,945,170,3,0
149,945,127,0,3
151,945,129,0,3
152,945,130,0,3
154,946,132,0,2
156,946,178,3,0
159,946,137,0,3
170,946,192,3,0
171,946,149,0,3
173,946,151,0,3
174,946,152,0,3
156,947,178,3,0
159,947,137,0,3
170,947,192,3,0
171,947,149,0,3
173,947,151,0,3
156,948,178,3,0
159,948,137,0,3
170,948,192,3,0
171,948,149,0,3
159,949,137,0,3
170,949,192,3,0
171,949,149,0,3
159,950,137,0,3
170,950,192,3,0
159,951,137,0,3
170,951,192,3,0
159,952,137,0,3
160,952,138,0,3
169,952,191,3,0
170,952,192,3,0
159,953,137,0,3
160,953,138,0,3
161,953,139,0,3
169,953,191,3,0
170,953,192,3,0
159,954,137,0,3
160,954,138,0,3
161,954,139,0,3
169,954,191,3,0
170,954,192,3,0
159,955,137,0,3
160,955,138,0,3
161,955,139,0,3
166,955,188,3,0
169,955,191,3,0
170,955,192,3,0
159,956,137,0,3
160,956,138,0,3
161,956,139,0,3
164,956,142,0,3
165,956,143,0,3
166,956,188,3,0
169,956,191,3,0
170,956,192,3,0
159,957,137,0,3
160,957,138,0,3
161,957,139,0,3
165,957,143,0,3
166,957,188,3,0
169,957,191,3,0
170,957,192,3,0
159,958,137,0,3
160,958,138,0,3
161,958,139,0,3
166,958,188,3,0
169,958,191,3,0
170,958,192,3,0
159,959,137,0,3
160,959,138,0,3
161,959,139,0,3
169,959,191,3,0
170,959,192,3,0
159,960,137,0,3
160,960,138,0,3
169,960,191,3,0
170,960,192,3,0
159,961,137,0,3
169,961,191,3,0
170,961,192,3,0
170,962,192,3,0
159,963,137,0,3
170,963,192,3,0
171,963,149,0,3
159,964,137,0,3
170,964,192,3,0
171,964,149,0,3
156,965,178,3,0
159,965,137,0,3
170,965,192,3,0
171,965,149,0,3
173,965,151,0,3
156,966,178,3,0
159,966,137,0,3
170,966,192,3,0
171,966,149,0,3
173,966,151,0,3
174,966,152,0,3
154,967,132,0,2
156,967,178,3,0
159,967,137,0,3
170,967,192,3,0
171,967,149,0,3
173,967,151,0,3
174,967,152,0,3
176,968,154,0,2
178,968,200,3,0
181,968,159,0,3
192,968,214,3,0
194,968,216,3,0
195,968,173,0,3
196,968,174,0,3
178,969,200,3,0
181,969,159,0,3
192,969,214,3,0
194,969,216,3,0
195,969,173,0,3
178,970,200,3,0
181,970,159,0,3
192,970,214,3,0
194,970,216,3,0
181,971,159,0,3
192,971,214,3,0
181,972,159,0,3
192,972,214,3,0
181,973,159,0,3
192,973,214,3,0
181,974,159,0,3
182,974,160,0,3
191,974,213,3,0
192,974,214,3,0
181,975,159,0,3
182,975,160,0,3
183,975,161,0,3
191,975,213,3,0
192,975,214,3,0
181,976,159,0,3
182,976,160,0,3
183,976,161,0,3
191,976,213,3,0
192,976,214,3,0
181,977,159,0,3
182,977,160,0,3
183,977,161,0,3
185,977,163,0,3
188,977,210,3,0
191,977,213,3,0
192,977,214,3,0
181,978,159,0,3
182,978,160,0,3
183,978,161,0,3
185,978,163,0,3
186,978,164,0,3
187,978,165,0,3
188,978,210,3,0
191,978,213,3,0
192,978,214,3,0
181,979,159,0,3
182,979,160,0,3
183,979,161,0,3
185,979,163,0,3
187,979,165,0,3
188,979,210,3,0
191,979,213,3,0
192,979,214,3,0
181,980,159,0,3
182,980,160,0,3
183,980,161,0,3
188,980,210,3,0
191,980,213,3,0
192,980,214,3,0
181,981,159,0,3
182,981,160,0,3
183,981,161,0,3
191,981,213,3,0
192,981,214,3,0
181,982,159,0,3
182,982,160,0,3
191,982,213,3,0
192,982,214,3,0
181,983,159,0,3
191,983,213,3,0
192,983,214,3,0
192,984,214,3,0
181,985,159,0,3
192,985,214,3,0
181,986,159,0,3
192,986,214,3,0
194,986,216,3,0
178,987,200,3,0
181,987,159,0,3
192,987,214,3,0
194,987,216,3,0
195,987,173,0,3
178,988,200,3,0
181,988,159,0,3
192,988,214,3,0
194,988,216,3,0
195,988,173,0,3
196,988,174,0,3
176,989,154,0,2
178,989,200,3,0
181,989,159,0,3
192,989,214,3,0
194,989,216,3,0
195,989,173,0,3
196,989,174,0,3
200,990,222,3,0
203,990,181,0,3
214,990,236,3,0
216,990,238,3,0
200,991,222,3,0
203,991,181,0,3
214,991,236,3,0
216,991,238,3,0
200,992,222,3,0
203,992,181,0,3
214,992,236,3,0
216,992,238,3,0
203,993,181,0,3
214,993,236,3,0
203,994,181,0,3
214,994,236,3,0
203,995,181,0,3
214,995,236,3,0
203,996,181,0,3
213,996,235,3,0
214,996,236,3,0
203,997,181,0,3
212,997,190,0,3
213,997,235,3,0
214,997,236,3,0
203,998,181,0,3
212,998,190,0,3
213,998,235,3,0
214,998,236,3,0
203,999,181,0,3
207,999,185,0,3
210,999,232,3,0
212,999,190,0,3
213,999,235,3,0
214,999,236,3,0
203,1000,181,0,3
207,1000,185,0,3
208,1000,186,0,3
209,1000,187,0,3
210,1000,232,3,0
212,1000,190,0,3
213,1000,235,3,0
214,1000,236,3,0
203,1001,181,0,3
207,1001,185,0,3
209,1001,187,0,3
210,1001,232,3,0
212,1001,190,0,3
213,1001,235,3,0
214,1001,236,3,0
203,1002,181,0,3
210,1002,232,3,0
212,1002,190,0,3
213,1002,235,3,0
214,1002,236,3,0
203,1003,181,0,3
212,1003,190,0,3
213,1003,235,3,0
214,1003,236,3,0
203,1004,181,0,3
212,1004,190,0,3
213,1004,235,3,0
214,1004,236,3,0
203,1005,181,0,3
213,1005,235,3,0
214,1005,236,3,0
214,1006,236,3,0
203,1007,181,0,3
214,1007,236,3,0
203,1008,181,0,3
214,1008,236,3,0
216,1008,238,3,0
200,1009,222,3,0
203,1009,181,0,3
214,1009,236,3,0
216,1009,238,3,0
200,1010,222,3,0
203,1010,181,0,3
214,1010,236,3,0
216,1010,238,3,0
200,1011,222,3,0
203,1011,181,0,3
214,1011,236,3,0
216,1011,238,3,0
219,1011,197,0,3
220,1012,198,0,2
222,1012,244,3,0
223,1012,245,3,0
225,1012,203,0,3
236,1012,258,3,0
222,1013,244,3,0
223,1013,245,3,0
225,1013,203,0,3
236,1013,258,3,0
222,1014,244,3,0
223,1014,245,3,0
225,1014,203,0,3
236,1014,258,3,0
223,1015,245,3,0
225,1015,203,0,3
236,1015,258,3,0
225,1016,203,0,3
236,1016,258,3,0
225,1017,203,0,3
236,1017,258,3,0
225,1018,203,0,3
236,1018,258,3,0
225,1019,203,0,3
234,1019,212,0,3
236,1019,258,3,0
225,1020,203,0,3
234,1020,212,0,3
236,1020,258,3,0
225,1021,203,0,3
229,1021,207,0,3
232,1021,210,0,3
234,1021,212,0,3
236,1021,258,3,0
225,1022,203,0,3
229,1022,207,0,3
230,1022,208,0,3
231,1022,209,0,3
232,1022,210,0,3
234,1022,212,0,3
236,1022,258,3,0
225,1023,203,0,3
229,1023,207,0,3
231,1023,209,0,3
232,1023,210,0,3
234,1023,212,0,3
236,1023,258,3,0
225,1024,203,0,3
232,1024,210,0,3
234,1024,212,0,3
236,1024,258,3,0
225,1025,203,0,3
234,1025,212,0,3
236,1025,258,3,0
225,1026,203,0,3
234,1026,212,0,3
236,1026,258,3,0
225,1027,203,0,3
236,1027,258,3,0
236,1028,258,3,0
225,1029,203,0,3
236,1029,258,3,0
223,1030,245,3,0
225,1030,203,0,3
236,1030,258,3,0
222,1031,244,3,0
223,1031,245,3,0
225,1031,203,0,3
236,1031,258,3,0
222,1032,244,3,0
223,1032,245,3,0
225,1032,203,0,3
236,1032,258,3,0
220,1033,198,0,2
222,1033,244,3,0
223,1033,245,3,0
225,1033,203,0,3
236,1033,258,3,0
241,1033,219,0,3
242,1034,220,0,2
244,1034,266,3,0
245,1034,267,3,0
247,1034,225,0,3
258,1034,280,3,0
244,1035,266,3,0
245,1035,267,3,0
247,1035,225,0,3
258,1035,280,3,0
244,1036,266,3,0
245,1036,267,3,0
247,1036,225,0,3
258,1036,280,3,0
245,1037,267,3,0
247,1037,225,0,3
258,1037,280,3,0
247,1038,225,0,3
258,1038,280,3,0
247,1039,225,0,3
258,1039,280,3,0
247,1040,225,0,3
258,1040,280,3,0
247,1041,225,0,3
256,1041,234,0,3
258,1041,280,3,0
247,1042,225,0,3
256,1042,234,0,3
258,1042,280,3,0
247,1043,225,0,3
251,1043,229,0,3
254,1043,232,0,3
256,1043,234,0,3
258,1043,280,3,0
247,1044,225,0,3
251,1044,229,0,3
252,1044,230,0,3
253,1044,231,0,3
254,1044,232,0,3
256,1044,234,0,3
258,1044,280,3,0
247,1045,225,0,3
251,1045,229,0,3
253,1045,231,0,3
254,1045,232,0,3
256,1045,234,0,3
258,1045,280,3,0
247,1046,225,0,3
254,1046,232,0,3
256,1046,234,0,3
258,1046,280,3,0
247,1047,225,0,3
256,1047,234,0,3
258,1047,280,3,0
247,1048,225,0,3
256,1048,234,0,3
258,1048,280,3,0
247,1049,225,0,3
258,1049,280,3,0
258,1050,280,3,0
247,1051,225,0,3
258,1051,280,3,0
245,1052,267,3,0
247,1052,225,0,3
258,1052,280,3,0
244,1053,266,3,0
245,1053,267,3,0
247,1053,225,0,3
258,1053,280,3,0
244,1054,266,3,0
245,1054,267,3,0
247,1054,225,0,3
258,1054,280,3,0
242,1055,220,0,2
244,1055,266,3,0
245,1055,267,3,0
247,1055,225,0,3
258,1055,280,3,0
263,1055,241,0,3
264,1056,242,0,2
266,1056,288,3,0
267,1056,289,3,0
269,1056,247,0,3
280,1056,302,3,0
266,1057,288,3,0
267,1057,289,3,0
269,1057,247,0,3
280,1057,302,3,0
266,1058,288,3,0
267,1058,289,3,0
269,1058,247,0,3
280,1058,302,3,0
267,1059,289,3,0
269,1059,247,0,3
280,1059,302,3,0
269,1060,247,0,3
280,1060,302,3,0
269,1061,247,0,3
280,1061,302,3,0
269,1062,247,0,3
280,1062,302,3,0
269,1063,247,0,3
271,1063,293,3,0
278,1063,256,0,3
280,1063,302,3,0
269,1064,247,0,3
271,1064,293,3,0
278,1064,256,0,3
280,1064,302,3,0
269,1065,247,0,3
271,1065,293,3,0
273,1065,251,0,3
276,1065,254,0,3
278,1065,256,0,3
280,1065,302,3,0
269,1066,247,0,3
271,1066,293,3,0
273,1066,251,0,3
274,1066,252,0,3
275,1066,253,0,3
276,1066,254,0,3
278,1066,256,0,3
280,1066,302,3,0
269,1067,247,0,3
271,1067,293,3,0
273,1067,251,0,3
275,1067,253,0,3
276,1067,254,0,3
278,1067,256,0,3
280,1067,302,3,0
269,1068,247,0,3
271,1068,293,3,0
276,1068,254,0,3
278,1068,256,0,3
280,1068,302,3,0
269,1069,247,0,3
271,1069,293,3,0
278,1069,256,0,3
280,1069,302,3,0
269,1070,247,0,3
278,1070,256,0,3
280,1070,302,3,0
269,1071,247,0,3
280,1071,302,3,0
280,1072,302,3,0
269,1073,247,0,3
280,1073,302,3,0
267,1074,289,3,0
269,1074,247,0,3
280,1074,302,3,0
266,1075,288,3,0
267,1075,289,3,0
269,1075,247,0,3
280,1075,302,3,0
266,1076,288,3,0
267,1076,289,3,0
269,1076,247,0,3
280,1076,302,3,0
264,1077,242,0,2
266,1077,288,3,0
267,1077,289,3,0
269,1077,247,0,3
280,1077,302,3,0
285,1077,263,0,3
286,1078,264,0,2
288,1078,310,3,0
289,1078,311,3,0
291,1078,269,0,3
302,1078,324,3,0
288,1079,310,3,0
289,1079,311,3,0
291,1079,269,0,3
302,1079,324,3,0
288,1080,310,3,0
289,1080,311,3,0
291,1080,269,0,3
302,1080,324,3,0
289,1081,311,3,0
291,1081,269,0,3
302,1081,324,3,0
291,1082,269,0,3
302,1082,324,3,0
291,1083,269,0,3
302,1083,324,3,0
291,1084,269,0,3
302,1084,324,3,0
291,1085,269,0,3
293,1085,315,3,0
300,1085,278,0,3
302,1085,324,3,0
291,1086,269,0,3
293,1086,315,3,0
300,1086,278,0,3
302,1086,324,3,0
291,1087,269,0,3
293,1087,315,3,0
295,1087,273,0,3
298,1087,276,0,3
300,1087,278,0,3
302,1087,324,3,0
291,1088,269,0,3
293,1088,315,3,0
295,1088,273,0,3
296,1088,274,0,3
297,1088,275,0,3
298,1088,276,0,3
300,1088,278,0,3
302,1088,324,3,0
291,1089,269,0,3
293,1089,315,3,0
295,1089,273,0,3
297,1089,275,0,3
298,1089,276,0,3
300,1089,278,0,3
302,1089,324,3,0
291,1090,269,0,3
293,1090,315,3,0
298,1090,276,0,3
300,1090,278,0,3
302,1090,324,3,0
291,1091,269,0,3
293,1091,315,3,0
300,1091,278,0,3
302,1091,324,3,0
291,1092,269,0,3
300,1092,278,0,3
302,1092,324,3,0
291,1093,269,0,3
302,1093,324,3,0
302,1094,324,3,0
291,1095,269,0,3
302,1095,324,3,0
289,1096,311,3,0
291,1096,269,0,3
302,1096,324,3,0
288,1097,310,3,0
289,1097,311,3,0
291,1097,269,0,3
302,1097,324,3,0
288,1098,310,3,0
289,1098,311,3,0
291,1098,269,0,3
302,1098,324,3,0
286,1099,264,0,2
288,1099,310,3,0
289,1099,311,3,0
291,1099,269,0,3
302,1099,324,3,0
307,1099,285,0,3
308,1100,286,0,2
310,1100,332,3,0
311,1100,333,3,0
313,1100,291,0,3
326,1100,304,0,3
310,1101,332,3,0
311,1101,333,3,0
313,1101,291,0,3
326,1101,304,0,3
310,1102,332,3,0
311,1102,333,3,0
313,1102,291,0,3
326,1102,304,0,3
311,1103,333,3,0
313,1103,291,0,3
313,1104,291,0,3
313,1105,291,0,3
313,1106,291,0,3
313,1107,291,0,3
315,1107,337,3,0
322,1107,300,0,3
313,1108,291,0,3
315,1108,337,3,0
322,1108,300,0,3
313,1109,291,0,3
315,1109,337,3,0
317,1109,295,0,3
320,1109,298,0,3
322,1109,300,0,3
313,1110,291,0,3
315,1110,337,3,0
317,1110,295,0,3
318,1110,296,0,3
319,1110,297,0,3
320,1110,298,0,3
322,1110,300,0,3
313,1111,291,0,3
315,1111,337,3,0
317,1111,295,0,3
319,1111,297,0,3
320,1111,298,0,3
322,1111,300,0,3
313,1112,291,0,3
315,1112,337,3,0
320,1112,298,0,3
322,1112,300,0,3
313,1113,291,0,3
315,1113,337,3,0
322,1113,300,0,3
313,1114,291,0,3
322,1114,300,0,3
313,1115,291,0,3
313,1117,291,0,3
311,1118,333,3,0
313,1118,291,0,3
326,1118,304,0,3
310,1119,332,3,0
311,1119,333,3,0
313,1119,291,0,3
326,1119,304,0,3
310,1120,332,3,0
311,1120,333,3,0
313,1120,291,0,3
326,1120,304,0,3
308,1121,286,0,2
310,1121,332,3,0
311,1121,333,3,0
313,1121,291,0,3
326,1121,304,0,3
330,1122,308,0,2
331,1122,353,3,0
332,1122,354,3,0
333,1122,355,3,0
335,1122,313,0,3
348,1122,326,0,3
349,1122,327,0,3
331,1123,353,3,0
332,1123,354,3,0
333,1123,355,3,0
335,1123,313,0,3
348,1123,326,0,3
349,1123,327,0,3
332,1124,354,3,0
333,1124,355,3,0
335,1124,313,0,3
348,1124,326,0,3
333,1125,355,3,0
335,1125,313,0,3
335,1126,313,0,3
335,1127,313,0,3
335,1128,313,0,3
335,1129,313,0,3
344,1129,322,0,3
335,1130,313,0,3
343,1130,365,3,0
344,1130,322,0,3
335,1131,313,0,3
339,1131,317,0,3
342,1131,320,0,3
343,1131,365,3,0
344,1131,322,0,3
335,1132,313,0,3
339,1132,317,0,3
340,1132,318,0,3
341,1132,319,0,3
342,1132,320,0,3
343,1132,365,3,0
344,1132,322,0,3
335,1133,313,0,3
339,1133,317,0,3
341,1133,319,0,3
342,1133,320,0,3
343,1133,365,3,0
344,1133,322,0,3
335,1134,313,0,3
342,1134,320,0,3
343,1134,365,3,0
344,1134,322,0,3
335,1135,313,0,3
343,1135,365,3,0
344,1135,322,0,3
335,1136,313,0,3
344,1136,322,0,3
335,1137,313,0,3
335,1139,313,0,3
333,1140,355,3,0
335,1140,313,0,3
348,1140,326,0,3
332,1141,354,3,0
333,1141,355,3,0
335,1141,313,0,3
348,1141,326,0,3
349,1141,327,0,3
331,1142,353,3,0
332,1142,354,3,0
333,1142,355,3,0
335,1142,313,0,3
348,1142,326,0,3
349,1142,327,0,3
330,1143,308,0,2
331,1143,353,3,0
332,1143,354,3,0
333,1143,355,3,0
335,1143,313,0,3
348,1143,326,0,3
349,1143,327,0,3
352,1144,330,0,2
353,1144,375,3,0
354,1144,376,3,0
355,1144,377,3,0
357,1144,335,0,3
370,1144,348,0,3
371,1144,349,0,3
353,1145,375,3,0
354,1145,376,3,0
355,1145,377,3,0
357,1145,335,0,3
370,1145,348,0,3
371,1145,349,0,3
354,1146,376,3,0
355,1146,377,3,0
357,1146,335,0,3
370,1146,348,0,3
355,1147,377,3,0
357,1147,335,0,3
357,1148,335,0,3
357,1149,335,0,3
357,1150,335,0,3
357,1151,335,0,3
366,1151,344,0,3
357,1152,335,0,3
365,1152,387,3,0
366,1152,344,0,3
357,1153,335,0,3
361,1153,339,0,3
364,1153,342,0,3
365,1153,387,3,0
366,1153,344,0,3
357,1154,335,0,3
361,1154,339,0,3
362,1154,340,0,3
363,1154,341,0,3
364,1154,342,0,3
365,1154,387,3,0
366,1154,344,0,3
357,1155,335,0,3
361,1155,339,0,3
363,1155,341,0,3
364,1155,342,0,3
365,1155,387,3,0
366,1155,344,0,3
357,1156,335,0,3
364,1156,342,0,3
365,1156,387,3,0
366,1156,344,0,3
357,1157,335,0,3
365,1157,387,3,0
366,1157,344,0,3
357,1158,335,0,3
366,1158,344,0,3
357,1159,335,0,3
357,1161,335,0,3
355,1162,377,3,0
357,1162,335,0,3
370,1162,348,0,3
354,1163,376,3,0
355,1163,377,3,0
357,1163,335,0,3
370,1163,348,0,3
371,1163,349,0,3
353,1164,375,3,0
354,1164,376,3,0
355,1164,377,3,0
357,1164,335,0,3
370,1164,348,0,3
371,1164,349,0,3
352,1165,330,0,2
353,1165,375,3,0
354,1165,376,3,0
355,1165,377,3,0
357,1165,335,0,3
370,1165,348,0,3
371,1165,349,0,3
373,1165,351,0,3
374,1166,352,0,2
376,1166,398,3,0
377,1166,399,3,0
379,1166,357,0,3
392,1166,370,0,3
393,1166,371,0,3
376,1167,398,3,0
377,1167,399,3,0
379,1167,357,0,3
392,1167,370,0,3
393,1167,371,0,3
376,1168,398,3,0
377,1168,399,3,0
379,1168,357,0,3
392,1168,370,0,3
377,1169,399,3,0
379,1169,357,0,3
379,1170,357,0,3
379,1171,357,0,3
379,1172,357,0,3
379,1173,357,0,3
388,1173,366,0,3
379,1174,357,0,3
388,1174,366,0,3
379,1175,357,0,3
386,1175,364,0,3
388,1175,366,0,3
379,1176,357,0,3
384,1176,362,0,3
385,1176,363,0,3
386,1176,364,0,3
388,1176,366,0,3
379,1177,357,0,3
385,1177,363,0,3
386,1177,364,0,3
388,1177,366,0,3
379,1178,357,0,3
386,1178,364,0,3
388,1178,366,0,3
379,1179,357,0,3
388,1179,366,0,3
379,1180,357,0,3
388,1180,366,0,3
379,1181,357,0,3
379,1183,357,0,3
377,1184,399,3,0
379,1184,357,0,3
392,1184,370,0,3
376,1185,398,3,0
377,1185,399,3,0
379,1185,357,0,3
392,1185,370,0,3
393,1185,371,0,3
376,1186,398,3,0
377,1186,399,3,0
379,1186,357,0,3
392,1186,370,0,3
393,1186,371,0,3
374,1187,352,0,2
376,1187,398,3,0
377,1187,399,3,0
379,1187,357,0,3
392,1187,370,0,3
393,1187,371,0,3
395,1187,373,0,3
396,1188,374,0,2
398,1188,420,3,0
399,1188,421,3,0
401,1188,379,0,3
415,1188,393,0,3
398,1189,420,3,0
399,1189,421,3,0
401,1189,379,0,3
415,1189,393,0,3
398,1190,420,3,0
399,1190,421,3,0
401,1190,379,0,3
399,1191,421,3,0
401,1191,379,0,3
401,1192,379,0,3
401,1193,379,0,3
401,1194,379,0,3
401,1195,379,0,3
410,1195,388,0,3
401,1196,379,0,3
410,1196,388,0,3
401,1197,379,0,3
408,1197,386,0,3
410,1197,388,0,3
401,1198,379,0,3
406,1198,384,0,3
407,1198,385,0,3
408,1198,386,0,3
410,1198,388,0,3
401,1199,379,0,3
407,1199,385,0,3
408,1199,386,0,3
410,1199,388,0,3
401,1200,379,0,3
408,1200,386,0,3
410,1200,388,0,3
401,1201,379,0,3
410,1201,388,0,3
401,1202,379,0,3
410,1202,388,0,3
401,1203,379,0,3
401,1205,379,0,3
399,1206,421,3,0
401,1206,379,0,3
398,1207,420,3,0
399,1207,421,3,0
401,1207,379,0,3
415,1207,393,0,3
398,1208,420,3,0
399,1208,421,3,0
401,1208,379,0,3
415,1208,393,0,3
396,1209,374,0,2
398,1209,420,3,0
399,1209,421,3,0
401,1209,379,0,3
415,1209,393,0,3
418,1210,396,0,2
420,1210,442,3,0
421,1210,443,3,0
423,1210,401,0,3
437,1210,415,0,3
420,1211,442,3,0
421,1211,443,3,0
423,1211,401,0,3
437,1211,415,0,3
420,1212,442,3,0
421,1212,443,3,0
423,1212,401,0,3
421,1213,443,3,0
423,1213,401,0,3
423,1214,401,0,3
423,1215,401,0,3
423,1216,401,0,3
433,1216,455,3,0
423,1217,401,0,3
432,1217,410,0,3
433,1217,455,3,0
423,1218,401,0,3
432,1218,410,0,3
433,1218,455,3,0
423,1219,401,0,3
430,1219,408,0,3
432,1219,410,0,3
433,1219,455,3,0
423,1220,401,0,3
428,1220,406,0,3
429,1220,407,0,3
430,1220,408,0,3
432,1220,410,0,3
433,1220,455,3,0
423,1221,401,0,3
429,1221,407,0,3
430,1221,408,0,3
432,1221,410,0,3
433,1221,455,3,0
423,1222,401,0,3
430,1222,408,0,3
432,1222,410,0,3
433,1222,455,3,0
423,1223,401,0,3
432,1223,410,0,3
433,1223,455,3,0
423,1224,401,0,3
432,1224,410,0,3
433,1224,455,3,0
423,1225,401,0,3
433,1225,455,3,0
423,1227,401,0,3
421,1228,443,3,0
423,1228,401,0,3
420,1229,442,3,0
421,1229,443,3,0
423,1229,401,0,3
437,1229,415,0,3
420,1230,442,3,0
421,1230,443,3,0
423,1230,401,0,3
437,1230,415,0,3
418,1231,396,0,2
420,1231,442,3,0
421,1231,443,3,0
423,1231,401,0,3
437,1231,415,0,3
440,1232,418,0,2
442,1232,464,3,0
443,1232,465,3,0
445,1232,423,0,3
459,1232,437,0,3
442,1233,464,3,0
443,1233,465,3,0
445,1233,423,0,3
459,1233,437,0,3
442,1234,464,3,0
443,1234,465,3,0
445,1234,423,0,3
443,1235,465,3,0
445,1235,423,0,3
445,1236,423,0,3
445,1237,423,0,3
445,1238,423,0,3
455,1238,477,3,0
445,1239,423,0,3
454,1239,432,0,3
455,1239,477,3,0
445,1240,423,0,3
454,1240,432,0,3
455,1240,477,3,0
445,1241,423,0,3
452,1241,430,0,3
454,1241,432,0,3
455,1241,477,3,0
445,1242,423,0,3
450,1242,428,0,3
451,1242,429,0,3
452,1242,430,0,3
454,1242,432,0,3
455,1242,477,3,0
445,1243,423,0,3
451,1243,429,0,3
452,1243,430,0,3
454,1243,432,0,3
455,1243,477,3,0
445,1244,423,0,3
452,1244,430,0,3
454,1244,432,0,3
455,1244,477,3,0
445,1245,423,0,3
454,1245,432,0,3
455,1245,477,3,0
445,1246,423,0,3
454,1246,432,0,3
455,1246,477,3,0
445,1247,423,0,3
455,1247,477,3,0
445,1249,423,0,3
443,1250,465,3,0
445,1250,423,0,3
442,1251,464,3,0
443,1251,465,3,0
445,1251,423,0,3
459,1251,437,0,3
442,1252,464,3,0
443,1252,465,3,0
445,1252,423,0,3
459,1252,437,0,3
440,1253,418,0,2
442,1253,464,3,0
443,1253,465,3,0
445,1253,423,0,3
459,1253,437,0,3
462,1254,440,0,2
464,1254,486,3,0
465,1254,487,3,0
467,1254,445,0,3
481,1254,459,0,3
464,1255,486,3,0
465,1255,487,3,0
467,1255,445,0,3
481,1255,459,0,3
464,1256,486,3,0
465,1256,487,3,0
467,1256,445,0,3
465,1257,487,3,0
467,1257,445,0,3
467,1258,445,0,3
467,1259,445,0,3
467,1260,445,0,3
477,1260,499,3,0
467,1261,445,0,3
476,1261,454,0,3
477,1261,499,3,0
467,1262,445,0,3
476,1262,454,0,3
477,1262,499,3,0
467,1263,445,0,3
474,1263,452,0,3
476,1263,454,0,3
477,1263,499,3,0
467,1264,445,0,3
472,1264,450,0,3
473,1264,451,0,3
474,1264,452,0,3
476,1264,454,0,3
477,1264,499,3,0
467,1265,445,0,3
473,1265,451,0,3
474,1265,452,0,3
476,1265,454,0,3
477,1265,499,3,0
467,1266,445,0,3
474,1266,452,0,3
476,1266,454,0,3
477,1266,499,3,0
467,1267,445,0,3
476,1267,454,0,3
477,1267,499,3,0
467,1268,445,0,3
476,1268,454,0,3
477,1268,499,3,0
467,1269,445,0,3
477,1269,499,3,0
467,1271,445,0,3
465,1272,487,3,0
467,1272,445,0,3
464,1273,486,3,0
465,1273,487,3,0
467,1273,445,0,3
481,1273,459,0,3
464,1274,486,3,0
465,1274,487,3,0
467,1274,445,0,3
481,1274,459,0,3
462,1275,440,0,2
464,1275,486,3,0
465,1275,487,3,0
467,1275,445,0,3
481,1275,459,0,3
484,1276,462,0,2
486,1276,508,3,0
487,1276,509,3,0
489,1276,467,0,3
503,1276,481,0,3
486,1277,508,3,0
487,1277,509,3,0
489,1277,467,0,3
503,1277,481,0,3
486,1278,508,3,0
487,1278,509,3,0
489,1278,467,0,3
487,1279,509,3,0
489,1279,467,0,3
489,1280,467,0,3
489,1281,467,0,3
489,1282,467,0,3
499,1282,521,3,0
489,1283,467,0,3
498,1283,476,0,3
499,1283,521,3,0
489,1284,467,0,3
498,1284,476,0,3
499,1284,521,3,0
489,1285,467,0,3
496,1285,474,0,3
498,1285,476,0,3
499,1285,521,3,0
489,1286,467,0,3
494,1286,472,0,3
495,1286,473,0,3
496,1286,474,0,3
498,1286,476,0,3
499,1286,521,3,0
489,1287,467,0,3
495,1287,473,0,3
496,1287,474,0,3
498,1287,476,0,3
499,1287,521,3,0
489,1288,467,0,3
496,1288,474,0,3
498,1288,476,0,3
499,1288,521,3,0
489,1289,467,0,3
498,1289,476,0,3
499,1289,521,3,0
489,1290,467,0,3
498,1290,476,0,3
499,1290,521,3,0
489,1291,467,0,3
499,1291,521,3,0
489,1293,467,0,3
487,1294,509,3,0
489,1294,467,0,3
486,1295,508,3,0
487,1295,509,3,0
489,1295,467,0,3
503,1295,481,0,3
486,1296,508,3,0
487,1296,509,3,0
489,1296,467,0,3
503,1296,481,0,3
484,1297,462,0,2
486,1297,508,3,0
487,1297,509,3,0
489,1297,467,0,3
503,1297,481,0,3
506,1298,484,0,2
508,1298,530,3,0
509,1298,531,3,0
511,1298,489,0,3
508,1299,530,3,0
509,1299,531,3,0
511,1299,489,0,3
508,1300,530,3,0
509,1300,531,3,0
511,1300,489,0,3
509,1301,531,3,0
511,1301,489,0,3
511,1302,489,0,3
511,1303,489,0,3
511,1304,489,0,3
511,1305,489,0,3
520,1305,498,0,3
511,1306,489,0,3
520,1306,498,0,3
511,1307,489,0,3
518,1307,496,0,3
520,1307,498,0,3
511,1308,489,0,3
516,1308,494,0,3
517,1308,495,0,3
518,1308,496,0,3
520,1308,498,0,3
511,1309,489,0,3
517,1309,495,0,3
518,1309,496,0,3
520,1309,498,0,3
511,1310,489,0,3
518,1310,496,0,3
520,1310,498,0,3
511,1311,489,0,3
520,1311,498,0,3
511,1312,489,0,3
520,1312,498,0,3
511,1313,489,0,3
511,1315,489,0,3
509,1316,531,3,0
511,1316,489,0,3
508,1317,530,3,0
509,1317,531,3,0
511,1317,489,0,3
508,1318,530,3,0
509,1318,531,3,0
511,1318,489,0,3
506,1319,484,0,2
508,1319,530,3,0
509,1319,531,3,0
511,1319,489,0,3
528,1320,506,0,2
530,1320,552,3,0
531,1320,553,3,0
533,1320,511,0,3
530,1321,552,3,0
531,1321,553,3,0
533,1321,511,0,3
530,1322,552,3,0
531,1322,553,3,0
533,1322,511,0,3
531,1323,553,3,0
533,1323,511,0,3
533,1324,511,0,3
533,1325,511,0,3
533,1326,511,0,3
533,1327,511,0,3
542,1327,520,0,3
533,1328,511,0,3
542,1328,520,0,3
533,1329,511,0,3
540,1329,518,0,3
542,1329,520,0,3
533,1330,511,0,3
538,1330,516,0,3
539,1330,517,0,3
540,1330,518,0,3
542,1330,520,0,3
533,1331,511,0,3
539,1331,517,0,3
540,1331,518,0,3
542,1331,520,0,3
533,1332,511,0,3
540,1332,518,0,3
542,1332,520,0,3
533,1333,511,0,3
542,1333,520,0,3
533,1334,511,0,3
542,1334,520,0,3
533,1335,511,0,3
533,1337,511,0,3
531,1338,553,3,0
533,1338,511,0,3
530,1339,552,3,0
531,1339,553,3,0
533,1339,511,0,3
530,1340,552,3,0
531,1340,553,3,0
533,1340,511,0,3
528,1341,506,0,2
530,1341,552,3,0
531,1341,553,3,0
533,1341,511,0,3
550,1342,528,0,2
552,1342,574,3,0
553,1342,575,3,0
555,1342,533,0,3
552,1343,574,3,0
553,1343,575,3,0
555,1343,533,0,3
552,1344,574,3,0
553,1344,575,3,0
555,1344,533,0,3
553,1345,575,3,0
555,1345,533,0,3
555,1346,533,0,3
555,1347,533,0,3
555,1348,533,0,3
555,1349,533,0,3
564,1349,542,0,3
555,1350,533,0,3
564,1350,542,0,3
555,1351,533,0,3
562,1351,540,0,3
564,1351,542,0,3
555,1352,533,0,3
560,1352,538,0,3
561,1352,539,0,3
562,1352,540,0,3
564,1352,542,0,3
555,1353,533,0,3
561,1353,539,0,3
562,1353,540,0,3
564,1353,542,0,3
555,1354,533,0,3
562,1354,540,0,3
564,1354,542,0,3
555,1355,533,0,3
564,1355,542,0,3
555,1356,533,0,3
564,1356,542,0,3
555,1357,533,0,3
555,1359,533,0,3
553,1360,575,3,0
555,1360,533,0,3
552,1361,574,3,0
553,1361,575,3,0
555,1361,533,0,3
552,1362,574,3,0
553,1362,575,3,0
555,1362,533,0,3
550,1363,528,0,2
552,1363,574,3,0
553,1363,575,3,0
555,1363,533,0,3
571,1363,549,0,3
574,1364,596,3,0
575,1364,597,3,0
577,1364,555,0,3
591,1364,569,0,3
574,1365,596,3,0
575,1365,597,3,0
577,1365,555,0,3
591,1365,569,0,3
574,1366,596,3,0
575,1366,597,3,0
577,1366,555,0,3
575,1367,597,3,0
577,1367,555,0,3
577,1368,555,0,3
577,1369,555,0,3
577,1370,555,0,3
577,1371,555,0,3
586,1371,564,0,3
577,1372,555,0,3
586,1372,564,0,3
577,1373,555,0,3
584,1373,562,0,3
586,1373,564,0,3
577,1374,555,0,3
582,1374,560,0,3
584,1374,562,0,3
586,1374,564,0,3
577,1375,555,0,3
584,1375,562,0,3
586,1375,564,0,3
577,1376,555,0,3
584,1376,562,0,3
586,1376,564,0,3
577,1377,555,0,3
586,1377,564,0,3
577,1378,555,0,3
586,1378,564,0,3
577,1379,555,0,3
577,1381,555,0,3
575,1382,597,3,0
577,1382,555,0,3
574,1383,596,3,0
575,1383,597,3,0
577,1383,555,0,3
591,1383,569,0,3
574,1384,596,3,0
575,1384,597,3,0
577,1384,555,0,3
591,1384,569,0,3
574,1385,596,3,0
575,1385,597,3,0
577,1385,555,0,3
591,1385,569,0,3
593,1385,571,0,3
596,1386,618,3,0
597,1386,619,3,0
599,1386,577,0,3
613,1386,591,0,3
596,1387,618,3,0
597,1387,619,3,0
599,1387,577,0,3
613,1387,591,0,3
596,1388,618,3,0
597,1388,619,3,0
599,1388,577,0,3
597,1389,619,3,0
599,1389,577,0,3
599,1390,577,0,3
599,1391,577,0,3
599,1392,577,0,3
599,1393,577,0,3
599,1394,577,0,3
599,1395,577,0,3
606,1395,584,0,3
599,1396,577,0,3
604,1396,582,0,3
606,1396,584,0,3
599,1397,577,0,3
606,1397,584,0,3
599,1398,577,0,3
606,1398,584,0,3
599,1399,577,0,3
599,1400,577,0,3
599,1401,577,0,3
599,1403,577,0,3
597,1404,619,3,0
599,1404,577,0,3
596,1405,618,3,0
597,1405,619,3,0
599,1405,577,0,3
613,1405,591,0,3
596,1406,618,3,0
597,1406,619,3,0
599,1406,577,0,3
613,1406,591,0,3
596,1407,618,3,0
597,1407,619,3,0
599,1407,577,0,3
613,1407,591,0,3
615,1407,593,0,3
618,1408,640,3,0
619,1408,641,3,0
621,1408,599,0,3
635,1408,613,0,3
618,1409,640,3,0
619,1409,641,3,0
621,1409,599,0,3
635,1409,613,0,3
618,1410,640,3,0
619,1410,641,3,0
621,1410,599,0,3
619,1411,641,3,0
621,1411,599,0,3
621,1412,599,0,3
621,1413,599,0,3
621,1414,599,0,3
621,1415,599,0,3
621,1416,599,0,3
621,1417,599,0,3
628,1417,606,0,3
621,1418,599,0,3
626,1418,604,0,3
628,1418,606,0,3
621,1419,599,0,3
628,1419,606,0,3
621,1420,599,0,3
628,1420,606,0,3
621,1421,599,0,3
621,1422,599,0,3
621,1423,599,0,3
621,1425,599,0,3
619,1426,641,3,0
621,1426,599,0,3
618,1427,640,3,0
619,1427,641,3,0
621,1427,599,0,3
635,1427,613,0,3
618,1428,640,3,0
619,1428,641,3,0
621,1428,599,0,3
635,1428,613,0,3
618,1429,640,3,0
619,1429,641,3,0
621,1429,599,0,3
635,1429,613,0,3
637,1429,615,0,3
640,1430,662,3,0
641,1430,663,3,0
643,1430,621,0,3
640,1431,662,3,0
641,1431,663,3,0
643,1431,621,0,3
640,1432,662,3,0
641,1432,663,3,0
643,1432,621,0,3
641,1433,663,3,0
643,1433,621,0,3
643,1434,621,0,3
643,1435,621,0,3
643,1436,621,0,3
643,1437,621,0,3
643,1438,621,0,3
643,1439,621,0,3
647,1439,669,3,0
650,1439,628,0,3
643,1440,621,0,3
647,1440,669,3,0
648,1440,626,0,3
650,1440,628,0,3
643,1441,621,0,3
647,1441,669,3,0
650,1441,628,0,3
643,1442,621,0,3
650,1442,628,0,3
643,1443,621,0,3
643,1444,621,0,3
643,1445,621,0,3
643,1447,621,0,3
641,1448,663,3,0
643,1448,621,0,3
640,1449,662,3,0
641,1449,663,3,0
643,1449,621,0,3
640,1450,662,3,0
641,1450,663,3,0
643,1450,621,0,3
640,1451,662,3,0
641,1451,663,3,0
643,1451,621,0,3
659,1451,637,0,3
662,1452,684,3,0
663,1452,685,3,0
665,1452,643,0,3
662,1453,684,3,0
663,1453,685,3,0
665,1453,643,0,3
662,1454,684,3,0
663,1454,685,3,0
665,1454,643,0,3
663,1455,685,3,0
665,1455,643,0,3
665,1456,643,0,3
665,1457,643,0,3
665,1458,643,0,3
675,1458,697,3,0
665,1459,643,0,3
675,1459,697,3,0
665,1460,643,0,3
675,1460,697,3,0
665,1461,643,0,3
669,1461,691,3,0
675,1461,697,3,0
665,1462,643,0,3
669,1462,691,3,0
675,1462,697,3,0
665,1463,643,0,3
669,1463,691,3,0
675,1463,697,3,0
665,1464,643,0,3
675,1464,697,3,0
665,1465,643,0,3
675,1465,697,3,0
665,1466,643,0,3
675,1466,697,3,0
665,1467,643,0,3
675,1467,697,3,0
665,1469,643,0,3
663,1470,685,3,0
665,1470,643,0,3
662,1471,684,3,0
663,1471,685,3,0
665,1471,643,0,3
662,1472,684,3,0
663,1472,685,3,0
665,1472,643,0,3
662,1473,684,3,0
663,1473,685,3,0
665,1473,643,0,3
681,1473,659,0,3
684,1474,706,3,0
686,1474,708,3,0
687,1474,665,0,3
701,1474,679,0,3
684,1475,706,3,0
686,1475,708,3,0
687,1475,665,0,3
701,1475,679,0,3
684,1476,706,3,0
686,1476,708,3,0
687,1476,665,0,3
686,1477,708,3,0
687,1477,665,0,3
686,1478,708,3,0
687,1478,665,0,3
687,1479,665,0,3
687,1480,665,0,3
687,1481,665,0,3
696,1481,674,0,3
687,1482,665,0,3
696,1482,674,0,3
687,1483,665,0,3
691,1483,713,3,0
694,1483,672,0,3
696,1483,674,0,3
687,1484,665,0,3
691,1484,713,3,0
694,1484,672,0,3
696,1484,674,0,3
687,1485,665,0,3
691,1485,713,3,0
694,1485,672,0,3
696,1485,674,0,3
687,1486,665,0,3
694,1486,672,0,3
696,1486,674,0,3
687,1487,665,0,3
696,1487,674,0,3
687,1488,665,0,3
696,1488,674,0,3
687,1489,665,0,3
686,1491,708,3,0
687,1491,665,0,3
686,1492,708,3,0
687,1492,665,0,3
684,1493,706,3,0
686,1493,708,3,0
687,1493,665,0,3
701,1493,679,0,3
684,1494,706,3,0
686,1494,708,3,0
687,1494,665,0,3
701,1494,679,0,3
684,1495,706,3,0
686,1495,708,3,0
687,1495,665,0,3
701,1495,679,0,3
703,1495,681,0,3
706,1496,728,3,0
708,1496,730,3,0
709,1496,687,0,3
723,1496,701,0,3
724,1496,746,3,0
706,1497,728,3,0
708,1497,730,3,0
709,1497,687,0,3
723,1497,701,0,3
706,1498,728,3,0
708,1498,730,3,0
709,1498,687,0,3
708,1499,730,3,0
709,1499,687,0,3
708,1500,730,3,0
709,1500,687,0,3
709,1501,687,0,3
709,1502,687,0,3
709,1503,687,0,3
711,1503,689,0,3
718,1503,696,0,3
709,1504,687,0,3
711,1504,689,0,3
717,1504,695,0,3
718,1504,696,0,3
709,1505,687,0,3
711,1505,689,0,3
716,1505,694,0,3
717,1505,695,0,3
718,1505,696,0,3
709,1506,687,0,3
711,1506,689,0,3
716,1506,694,0,3
717,1506,695,0,3
718,1506,696,0,3
709,1507,687,0,3
711,1507,689,0,3
716,1507,694,0,3
717,1507,695,0,3
718,1507,696,0,3
709,1508,687,0,3
711,1508,689,0,3
716,1508,694,0,3
717,1508,695,0,3
718,1508,696,0,3
709,1509,687,0,3
711,1509,689,0,3
717,1509,695,0,3
718,1509,696,0,3
709,1510,687,0,3
718,1510,696,0,3
709,1511,687,0,3
708,1513,730,3,0
709,1513,687,0,3
708,1514,730,3,0
709,1514,687,0,3
706,1515,728,3,0
708,1515,730,3,0
709,1515,687,0,3
723,1515,701,0,3
706,1516,728,3,0
708,1516,730,3,0
709,1516,687,0,3
723,1516,701,0,3
724,1516,746,3,0
706,1517,728,3,0
708,1517,730,3,0
709,1517,687,0,3
723,1517,701,0,3
724,1517,746,3,0
725,1517,703,0,3
726,1518,704,0,2
727,1518,705,0,3
728,1518,750,3,0
729,1518,751,3,0
730,1518,752,3,0
731,1518,709,0,3
746,1518,768,3,0
727,1519,705,0,3
728,1519,750,3,0
729,1519,751,3,0
730,1519,752,3,0
731,1519,709,0,3
728,1520,750,3,0
729,1520,751,3,0
730,1520,752,3,0
731,1520,709,0,3
729,1521,751,3,0
730,1521,752,3,0
731,1521,709,0,3
730,1522,752,3,0
731,1522,709,0,3
731,1523,709,0,3
731,1524,709,0,3
731,1525,709,0,3
740,1525,718,0,3
731,1526,709,0,3
739,1526,717,0,3
740,1526,718,0,3
731,1527,709,0,3
738,1527,716,0,3
739,1527,717,0,3
740,1527,718,0,3
731,1528,709,0,3
736,1528,714,0,3
737,1528,759,3,0
738,1528,716,0,3
739,1528,717,0,3
740,1528,718,0,3
731,1529,709,0,3
737,1529,759,3,0
738,1529,716,0,3
739,1529,717,0,3
740,1529,718,0,3
731,1530,709,0,3
738,1530,716,0,3
739,1530,717,0,3
740,1530,718,0,3
731,1531,709,0,3
739,1531,717,0,3
740,1531,718,0,3
731,1532,709,0,3
740,1532,718,0,3
731,1533,709,0,3
730,1535,752,3,0
731,1535,709,0,3
729,1536,751,3,0
730,1536,752,3,0
731,1536,709,0,3
728,1537,750,3,0
729,1537,751,3,0
730,1537,752,3,0
731,1537,709,0,3
727,1538,705,0,3
728,1538,750,3,0
729,1538,751,3,0
730,1538,752,3,0
731,1538,709,0,3
746,1538,768,3,0
726,1539,704,0,2
727,1539,705,0,3
728,1539,750,3,0
729,1539,751,3,0
730,1539,752,3,0
731,1539,709,0,3
746,1539,768,3,0
748,1540,726,0,2
749,1540,727,0,3
750,1540,772,3,0
751,1540,773,3,0
752,1540,774,3,0
753,1540,731,0,3
768,1540,790,3,0
749,1541,727,0,3
750,1541,772,3,0
751,1541,773,3,0
752,1541,774,3,0
753,1541,731,0,3
750,1542,772,3,0
751,1542,773,3,0
752,1542,774,3,0
753,1542,731,0,3
751,1543,773,3,0
752,1543,774,3,0
753,1543,731,0,3
752,1544,774,3,0
753,1544,731,0,3
753,1545,731,0,3
753,1546,731,0,3
754,1546,776,3,0
753,1547,731,0,3
754,1547,776,3,0
762,1547,740,0,3
753,1548,731,0,3
754,1548,776,3,0
761,1548,739,0,3
762,1548,740,0,3
753,1549,731,0,3
754,1549,776,3,0
760,1549,738,0,3
761,1549,739,0,3
762,1549,740,0,3
753,1550,731,0,3
754,1550,776,3,0
758,1550,736,0,3
759,1550,781,3,0
760,1550,738,0,3
761,1550,739,0,3
762,1550,740,0,3
753,1551,731,0,3
754,1551,776,3,0
759,1551,781,3,0
760,1551,738,0,3
761,1551,739,0,3
762,1551,740,0,3
753,1552,731,0,3
754,1552,776,3,0
760,1552,738,0,3
761,1552,739,0,3
762,1552,740,0,3
753,1553,731,0,3
754,1553,776,3,0
761,1553,739,0,3
762,1553,740,0,3
753,1554,731,0,3
754,1554,776,3,0
762,1554,740,0,3
753,1555,731,0,3
752,1557,774,3,0
753,1557,731,0,3
751,1558,773,3,0
752,1558,774,3,0
753,1558,731,0,3
750,1559,772,3,0
751,1559,773,3,0
752,1559,774,3,0
753,1559,731,0,3
749,1560,727,0,3
750,1560,772,3,0
751,1560,773,3,0
752,1560,774,3,0
753,1560,731,0,3
768,1560,790,3,0
748,1561,726,0,2
749,1561,727,0,3
750,1561,772,3,0
751,1561,773,3,0
752,1561,774,3,0
753,1561,731,0,3
768,1561,790,3,0
769,1561,747,0,3
771,1562,749,0,3
774,1562,796,3,0
775,1562,753,0,3
790,1562,812,3,0
771,1563,749,0,3
774,1563,796,3,0
775,1563,753,0,3
774,1564,796,3,0
775,1564,753,0,3
774,1565,796,3,0
775,1565,753,0,3
774,1566,796,3,0
775,1566,753,0,3
775,1567,753,0,3
775,1568,753,0,3
776,1568,798,3,0
775,1569,753,0,3
776,1569,798,3,0
784,1569,762,0,3
775,1570,753,0,3
776,1570,798,3,0
783,1570,761,0,3
784,1570,762,0,3
775,1571,753,0,3
776,1571,798,3,0
779,1571,801,3,0
782,1571,760,0,3
783,1571,761,0,3
784,1571,762,0,3
775,1572,753,0,3
776,1572,798,3,0
779,1572,801,3,0
780,1572,758,0,3
781,1572,803,3,0
782,1572,760,0,3
783,1572,761,0,3
784,1572,762,0,3
775,1573,753,0,3
776,1573,798,3,0
779,1573,801,3,0
781,1573,803,3,0
782,1573,760,0,3
783,1573,761,0,3
784,1573,762,0,3
775,1574,753,0,3
776,1574,798,3,0
782,1574,760,0,3
783,1574,761,0,3
784,1574,762,0,3
775,1575,753,0,3
776,1575,798,3,0
783,1575,761,0,3
784,1575,762,0,3
775,1576,753,0,3
776,1576,798,3,0
784,1576,762,0,3
775,1577,753,0,3
774,1579,796,3,0
775,1579,753,0,3
774,1580,796,3,0
775,1580,753,0,3
774,1581,796,3,0
775,1581,753,0,3
771,1582,749,0,3
774,1582,796,3,0
775,1582,753,0,3
790,1582,812,3,0
771,1583,749,0,3
774,1583,796,3,0
775,1583,753,0,3
790,1583,812,3,0
791,1583,769,0,3
159,1584,137,0,3
160,1584,138,0,3
161,1584,139,0,3
166,1584,188,3,0
169,1584,191,3,0
170,1584,192,3,0
1039,1585,1061,3,0
1050,1585,1028,0,3
814,1586,792,0,2
815,1586,793,0,3
818,1586,840,3,0
834,1586,856,3,0
1298,1587,1320,2,0
1300,1587,1278,0,3
1301,1587,1279,0,3
1303,1587,1325,3,0
686,1588,708,3,0
687,1588,665,0,3
159,1590,137,0,3
160,1590,138,0,3
169,1590,191,3,0
170,1590,192,3,0
1081,1591,1059,0,3
1083,1591,1105,3,0
1094,1591,1072,0,3
445,1592,423,0,3
450,1592,428,0,3
451,1592,429,0,3
452,1592,430,0,3
454,1592,432,0,3
455,1592,477,3,0
313,1593,291,0,3
315,1593,337,3,0
317,1593,295,0,3
318,1593,296,0,3
319,1593,297,0,3
320,1593,298,0,3
322,1593,300,0,3
93,1594,71,0,3
94,1594,72,0,3
95,1594,73,0,3
99,1594,77,0,3
100,1594,122,3,0
101,1594,123,3,0
792,1595,770,0,2
796,1595,818,3,0
812,1595,834,3,0
