1,1599,1563,3,3
1,1625,1563,3,3
1,1661,1563,3,3
2,1599,24,2,0
2,1625,24,2,0
2,1661,24,2,0
2,1669,24,2,0
3,1599,1565,3,3
3,1625,1565,3,3
3,1661,1565,3,3
3,1669,1565,3,3
4,1599,26,2,0
4,1625,26,2,0
4,1661,26,2,0
4,1669,26,2,0
15,1599,1577,3,3
15,1625,1577,3,3
15,1661,1577,3,3
15,1669,1577,3,3
22,1683,44,2,0
23,1671,1,0,2
23,1677,1,0,2
23,1683,1,0,2
24,1671,46,3,0
24,1677,46,3,0
24,1683,46,3,0
26,1671,48,3,0
26,1677,48,3,0
26,1683,48,3,0
37,1671,15,0,2
37,1677,15,0,2
37,1683,15,0,2
45,1624,23,0,3
46,1624,68,3,0
48,1604,70,3,0
48,1624,70,3,0
49,1604,71,3,0
50,1604,72,3,0
51,1604,73,3,0
56,1604,34,0,3
57,1604,35,0,3
58,1604,36,0,3
59,1604,37,0,3
59,1624,37,0,3
66,1603,88,2,0
66,1609,88,2,0
66,1626,88,2,0
66,1629,88,2,0
66,1630,88,2,0
66,1631,88,2,0
66,1679,88,2,0
67,1603,45,0,3
67,1609,45,0,3
67,1626,45,0,3
67,1629,45,0,3
67,1630,45,0,3
67,1631,45,0,3
67,1679,45,0,3
68,1603,90,3,0
68,1609,90,3,0
68,1626,90,3,0
68,1629,90,3,0
68,1630,90,3,0
68,1631,90,3,0
68,1679,90,3,0
70,1603,92,3,0
70,1609,92,3,0
70,1613,92,3,0
70,1626,92,3,0
70,1629,92,3,0
70,1630,92,3,0
70,1631,92,3,0
70,1679,92,3,0
71,1613,93,3,0
72,1613,94,3,0
73,1613,95,3,0
74,1613,52,0,3
76,1613,54,0,3
78,1613,56,0,3
79,1613,101,3,0
81,1603,59,0,3
81,1609,59,0,3
81,1613,59,0,3
81,1626,59,0,3
81,1629,59,0,3
81,1630,59,0,3
81,1631,59,0,3
81,1679,59,0,3
84,1603,62,0,3
84,1609,62,0,3
84,1626,62,0,3
84,1629,62,0,3
84,1630,62,0,3
84,1631,62,0,3
84,1679,62,0,3
90,1586,112,3,0
92,1586,114,3,0
92,1589,114,3,0
92,1660,114,3,0
92,1676,114,3,0
93,1589,115,3,0
93,1660,115,3,0
93,1676,115,3,0
94,1589,116,3,0
94,1660,116,3,0
94,1676,116,3,0
95,1589,117,3,0
95,1660,117,3,0
95,1676,117,3,0
96,1589,74,0,3
96,1660,74,0,3
100,1589,78,0,3
100,1660,78,0,3
100,1676,78,0,3
103,1586,81,0,3
103,1589,81,0,3
103,1660,81,0,3
103,1676,81,0,3
112,1591,134,3,0
112,1617,134,3,0
113,1591,135,3,0
113,1617,135,3,0
114,1591,136,3,0
114,1617,136,3,0
114,1667,136,3,0
115,1667,137,3,0
117,1667,139,3,0
122,1667,100,0,3
123,1667,101,0,3
125,1591,103,0,3
125,1617,103,0,3
125,1667,103,0,3
159,1587,181,3,0
159,1602,181,3,0
167,1587,145,0,3
167,1602,145,0,3
168,1587,190,3,0
168,1602,190,3,0
181,1643,203,3,0
187,1643,209,3,0
190,1643,212,3,0
203,1641,225,3,0
205,1641,227,3,0
210,1641,232,3,0
272,1682,294,3,0
275,1682,253,0,3
276,1682,298,3,0
279,1621,301,3,0
279,1682,301,3,0
292,1593,270,0,3
292,1648,270,0,3
292,1658,270,0,3
301,1593,323,3,0
301,1648,323,3,0
301,1658,323,3,0
323,1640,345,3,0
455,1668,477,3,0
456,1668,478,3,0
458,1668,436,0,3
465,1673,487,3,0
477,1673,499,3,0
478,1673,500,3,0
490,1600,468,0,3
490,1606,468,0,3
492,1600,514,3,0
492,1606,514,3,0
496,1600,518,3,0
496,1606,518,3,0
499,1600,521,3,0
499,1606,521,3,0
607,1638,629,3,0
642,1655,620,0,3
646,1655,668,3,0
650,1655,628,0,3
651,1655,673,3,0
664,1653,642,0,3
673,1653,695,3,0
684,1678,662,0,3
706,1644,684,0,3
706,1646,684,0,3
712,1675,734,3,0
716,1662,738,3,0
716,1675,738,3,0
717,1662,739,3,0
717,1675,739,3,0
728,1654,706,0,3
729,1654,751,3,0
730,1654,708,0,3
750,1672,728,0,3
751,1672,773,3,0
752,1611,730,0,3
752,1672,730,0,3
753,1611,731,0,3
774,1663,752,0,3
775,1663,753,0,3
776,1663,754,0,3
783,1663,805,3,0
796,1623,774,0,3
797,1623,775,0,3
798,1623,776,0,3
804,1623,826,3,0
805,1623,827,3,0
807,1623,829,3,0
840,1645,818,0,3
841,1645,819,0,3
842,1645,820,0,3
843,1645,821,0,3
844,1645,866,3,0
848,1645,870,3,0
849,1645,871,3,0
850,1645,872,3,0
851,1645,873,3,0
862,1614,840,0,3
863,1614,841,0,3
864,1614,842,0,3
865,1614,843,0,3
866,1614,888,3,0
870,1614,892,3,0
871,1614,849,0,3
873,1614,895,3,0
880,1616,858,0,2
880,1681,858,0,2
882,1616,860,0,3
882,1681,860,0,3
884,1610,862,0,3
884,1616,862,0,3
884,1664,862,0,3
884,1681,862,0,3
885,1610,863,0,3
885,1664,863,0,3
886,1610,864,0,3
886,1664,864,0,3
887,1610,865,0,3
887,1664,865,0,3
888,1610,910,3,0
890,1610,912,3,0
892,1610,914,3,0
892,1664,914,3,0
895,1610,917,3,0
895,1616,917,3,0
895,1664,917,3,0
895,1681,917,3,0
898,1616,920,3,0
898,1681,920,3,0
899,1616,921,3,0
899,1681,921,3,0
901,1616,879,0,3
901,1681,879,0,3
906,1632,884,0,3
906,1647,884,0,3
907,1632,885,0,3
907,1647,885,0,3
909,1632,887,0,3
909,1647,887,0,3
910,1632,932,3,0
910,1647,932,3,0
911,1632,933,3,0
911,1647,933,3,0
912,1632,934,3,0
912,1647,934,3,0
914,1632,936,3,0
914,1647,936,3,0
915,1632,937,3,0
915,1647,937,3,0
917,1632,939,3,0
917,1647,939,3,0
928,1597,906,0,3
928,1666,906,0,3
929,1597,907,0,3
929,1666,907,0,3
931,1597,909,0,3
931,1666,909,0,3
937,1597,959,3,0
937,1666,959,3,0
951,1619,929,0,3
959,1619,981,3,0
960,1619,938,0,3
1042,1601,1020,0,3
1046,1601,1024,0,3
1068,1639,1046,0,3
1071,1634,1049,0,3
1071,1639,1049,0,3
1072,1634,1050,0,3
1078,1674,1100,2,0
1081,1674,1059,0,3
1084,1635,1106,3,0
1084,1670,1106,3,0
1090,1635,1068,0,3
1090,1670,1068,0,3
1093,1635,1071,0,3
1093,1670,1071,0,3
1093,1674,1071,0,3
1094,1674,1072,0,3
1096,1674,1118,3,0
1097,1674,1119,3,0
1103,1596,1081,0,3
1112,1627,1090,0,3
1112,1651,1090,0,3
1112,1665,1090,0,3
1115,1596,1093,0,3
1115,1627,1093,0,3
1115,1651,1093,0,3
1115,1665,1093,0,3
1116,1596,1094,0,3
1118,1596,1140,3,0
1156,1649,1134,0,3
1159,1649,1137,0,3
1180,1615,1158,0,3
1181,1615,1159,0,3
1194,1584,1216,3,0
1194,1637,1216,3,0
1200,1584,1178,0,3
1202,1584,1180,0,3
1202,1637,1180,0,3
1203,1584,1181,0,3
1203,1598,1181,0,3
1203,1637,1181,0,3
1203,1659,1181,0,3
1204,1598,1182,0,3
1204,1659,1182,0,3
1206,1659,1228,3,0
1207,1659,1229,3,0
1269,1652,1247,0,3
1291,1592,1269,0,3
1292,1592,1270,0,3
1301,1633,1279,0,3
1314,1633,1292,0,3
1320,1650,1298,0,2
1336,1650,1314,0,3
1338,1650,1360,3,0
1339,1650,1361,3,0
1340,1650,1362,3,0
1358,1636,1336,0,3
1360,1636,1382,3,0
1389,1680,1367,0,3
1402,1680,1380,0,3
1405,1680,1427,3,0
1434,1595,1456,3,0
1446,1595,1424,0,3
1452,1656,1474,2,0
1454,1585,1476,3,0
1454,1622,1476,3,0
1454,1656,1476,3,0
1456,1585,1478,3,0
1456,1622,1478,3,0
1456,1656,1478,3,0
1468,1585,1446,0,3
1468,1622,1446,0,3
1468,1656,1446,0,3
1474,1628,1496,2,0
1476,1618,1498,3,0
1476,1628,1498,3,0
1496,1588,1518,2,0
1496,1642,1518,2,0
1498,1588,1520,3,0
1498,1642,1520,3,0
1540,1620,1562,2,0
1542,1620,1564,3,0
1543,1620,1521,0,3
1544,1620,1566,3,0
1564,1594,2,3,3
1564,1612,2,3,3
1565,1594,1543,0,3
1565,1612,1543,0,3
1566,1594,4,3,3
1566,1612,4,3,3
1578,1594,16,3,3
1578,1612,16,3,3
