2,1637,1564,3,3
4,1634,1566,3,3
4,1637,1566,3,3
5,1634,1567,3,3
6,1634,1568,3,3
12,1634,34,2,0
15,1634,1577,3,3
15,1637,1577,3,3
23,1599,45,3,0
23,1607,45,3,0
23,1669,45,3,0
24,1599,2,0,2
24,1607,2,0,2
24,1669,2,0,2
37,1599,15,0,2
37,1607,15,0,2
37,1669,15,0,2
39,1599,61,3,0
39,1607,61,3,0
39,1669,61,3,0
40,1599,18,0,2
46,1627,24,0,3
59,1627,37,0,3
68,1615,46,0,3
68,1619,46,0,3
68,1670,46,0,3
71,1604,49,0,3
72,1604,50,0,3
81,1604,59,0,3
81,1615,59,0,3
81,1619,59,0,3
81,1670,59,0,3
85,1619,107,3,0
87,1619,109,3,0
90,1609,68,0,3
90,1629,68,0,3
91,1609,113,3,0
91,1629,113,3,0
94,1589,72,0,3
96,1589,118,3,0
103,1589,81,0,3
103,1609,81,0,3
103,1629,81,0,3
112,1632,90,0,3
112,1647,90,0,3
113,1632,135,3,0
113,1647,135,3,0
116,1667,94,0,3
117,1667,95,0,3
125,1632,103,0,3
125,1647,103,0,3
125,1667,103,0,3
127,1632,105,0,3
127,1647,105,0,3
128,1632,106,0,3
128,1647,106,0,3
129,1632,151,3,0
129,1647,151,3,0
131,1632,153,3,0
131,1647,153,3,0
133,1591,111,0,3
133,1610,111,0,3
133,1617,111,0,3
134,1591,112,0,3
134,1610,112,0,3
134,1617,112,0,3
136,1591,114,0,3
136,1610,114,0,3
136,1616,114,0,3
136,1617,114,0,3
136,1644,114,0,3
136,1646,114,0,3
136,1681,114,0,3
138,1616,116,0,3
138,1644,116,0,3
138,1646,116,0,3
138,1681,116,0,3
139,1616,117,0,3
139,1644,117,0,3
139,1646,117,0,3
139,1681,117,0,3
141,1616,163,3,0
141,1681,163,3,0
142,1616,120,0,3
142,1681,120,0,3
143,1616,165,3,0
143,1681,165,3,0
147,1591,125,0,3
147,1610,125,0,3
147,1616,125,0,3
147,1617,125,0,3
147,1644,125,0,3
147,1646,125,0,3
147,1681,125,0,3
150,1610,128,0,3
151,1610,173,3,0
153,1610,175,3,0
169,1601,147,0,3
173,1601,195,3,0
175,1601,197,3,0
182,1602,160,0,3
182,1643,160,0,3
183,1602,161,0,3
183,1643,161,0,3
187,1602,165,0,3
187,1643,165,0,3
190,1602,168,0,3
190,1643,168,0,3
191,1602,169,0,3
191,1643,169,0,3
203,1641,225,3,0
203,1674,225,3,0
204,1641,182,0,3
204,1674,182,0,3
205,1641,183,0,3
205,1674,183,0,3
208,1674,186,0,3
209,1674,187,0,3
211,1641,233,3,0
211,1674,233,3,0
212,1641,190,0,3
212,1674,190,0,3
213,1641,191,0,3
213,1674,191,0,3
323,1593,301,0,3
323,1648,301,0,3
323,1672,301,0,3
445,1659,467,3,0
447,1659,425,0,3
449,1659,471,3,0
450,1659,428,0,3
451,1659,429,0,3
453,1659,431,0,3
454,1659,432,0,3
455,1659,433,0,3
464,1668,486,3,0
467,1618,489,3,0
469,1618,447,0,3
473,1618,451,0,3
475,1618,453,0,3
476,1618,454,0,3
477,1618,455,0,3
477,1668,455,0,3
489,1650,511,3,0
491,1650,469,0,3
494,1650,472,0,3
495,1650,473,0,3
496,1650,518,3,0
497,1650,475,0,3
498,1650,476,0,3
499,1650,477,0,3
576,1656,598,3,0
577,1656,599,3,0
579,1656,557,0,3
582,1656,560,0,3
583,1656,561,0,3
584,1656,606,3,0
585,1656,563,0,3
586,1656,564,0,3
587,1656,565,0,3
598,1680,620,3,0
599,1680,621,3,0
601,1680,579,0,3
603,1680,625,3,0
604,1680,582,0,3
605,1680,583,0,3
606,1680,628,3,0
607,1680,585,0,3
609,1680,587,0,3
618,1676,640,3,0
620,1638,642,3,0
620,1676,642,3,0
621,1638,643,3,0
629,1638,607,0,3
630,1638,652,3,0
631,1638,609,0,3
631,1676,609,0,3
662,1621,684,3,0
664,1621,686,3,0
675,1621,653,0,3
676,1621,698,3,0
684,1678,706,3,0
686,1678,708,3,0
698,1678,720,3,0
706,1640,728,3,0
706,1660,728,3,0
708,1592,730,3,0
708,1640,730,3,0
708,1660,730,3,0
708,1662,730,3,0
709,1592,731,3,0
709,1662,731,3,0
711,1592,689,0,3
711,1662,689,0,3
717,1592,695,0,3
717,1662,695,0,3
718,1592,740,3,0
718,1662,740,3,0
720,1640,742,3,0
720,1660,742,3,0
727,1658,705,0,3
728,1658,750,3,0
729,1658,707,0,3
730,1658,752,3,0
749,1654,727,0,3
750,1654,772,3,0
752,1598,774,3,0
752,1654,774,3,0
753,1598,775,3,0
754,1598,776,3,0
762,1598,784,3,0
774,1611,796,3,0
785,1611,807,3,0
819,1612,841,3,0
819,1623,841,3,0
820,1612,842,3,0
820,1623,842,3,0
822,1612,844,3,0
825,1612,803,0,3
829,1612,851,3,0
829,1623,851,3,0
841,1588,863,3,0
841,1620,863,3,0
841,1642,863,3,0
842,1588,864,3,0
842,1620,864,3,0
842,1642,864,3,0
844,1588,866,3,0
844,1620,866,3,0
844,1642,866,3,0
847,1588,825,0,3
847,1620,825,0,3
847,1642,825,0,3
851,1588,873,3,0
851,1620,873,3,0
851,1642,873,3,0
863,1628,885,3,0
864,1628,886,3,0
873,1628,895,3,0
886,1622,908,3,0
895,1622,917,3,0
908,1664,930,3,0
917,1664,939,3,0
928,1661,950,3,0
930,1661,952,3,0
931,1661,953,3,0
935,1661,913,0,3
939,1661,961,3,0
952,1594,974,3,0
952,1630,974,3,0
952,1666,974,3,0
952,1673,974,3,0
953,1594,975,3,0
953,1630,975,3,0
953,1666,975,3,0
957,1630,979,3,0
961,1594,983,3,0
961,1613,983,3,0
961,1630,983,3,0
961,1666,983,3,0
961,1673,983,3,0
965,1613,943,0,3
971,1608,949,0,3
983,1608,1005,3,0
995,1683,973,0,3
996,1683,1018,3,0
997,1683,1019,3,0
1003,1683,981,0,3
1004,1683,1026,3,0
1005,1683,1027,3,0
1017,1625,995,0,3
1018,1625,1040,3,0
1019,1625,1041,3,0
1025,1625,1003,0,3
1027,1625,1049,3,0
1039,1603,1017,0,3
1039,1626,1017,0,3
1039,1631,1017,0,3
1039,1679,1017,0,3
1041,1603,1063,3,0
1041,1626,1063,3,0
1041,1631,1063,3,0
1041,1679,1063,3,0
1047,1603,1069,3,0
1047,1626,1069,3,0
1047,1631,1069,3,0
1047,1679,1069,3,0
1049,1603,1071,3,0
1049,1626,1071,3,0
1049,1631,1071,3,0
1049,1679,1071,3,0
1058,1653,1036,0,3
1059,1653,1081,3,0
1061,1624,1039,0,3
1063,1624,1085,3,0
1071,1624,1093,3,0
1071,1653,1093,3,0
1072,1653,1094,3,0
1083,1639,1061,0,3
1083,1671,1061,0,3
1093,1639,1115,3,0
1093,1671,1115,3,0
1101,1682,1123,3,0
1102,1682,1080,0,3
1107,1586,1129,3,0
1107,1635,1129,3,0
1107,1651,1129,3,0
1115,1586,1137,3,0
1115,1635,1137,3,0
1115,1651,1137,3,0
1115,1682,1137,3,0
1118,1682,1140,3,0
1120,1682,1142,3,0
1121,1682,1099,0,3
1123,1587,1145,3,0
1124,1587,1102,0,3
1124,1596,1102,0,3
1127,1665,1105,0,3
1127,1677,1105,0,3
1137,1587,1159,3,0
1137,1596,1159,3,0
1137,1665,1159,3,0
1137,1677,1159,3,0
1140,1587,1162,3,0
1149,1590,1127,0,3
1159,1590,1181,3,0
1171,1649,1149,0,3
1180,1649,1202,3,0
1181,1649,1203,3,0
1211,1663,1233,3,0
1212,1663,1190,0,3
1215,1584,1193,0,3
1223,1584,1245,3,0
1224,1584,1246,3,0
1225,1584,1247,3,0
1225,1663,1247,3,0
1226,1663,1248,3,0
1232,1600,1254,2,0
1233,1600,1255,3,0
1234,1600,1212,0,3
1247,1600,1269,3,0
1248,1600,1270,3,0
1250,1600,1272,3,0
1253,1600,1231,0,3
1320,1606,1342,2,0
1320,1675,1342,2,0
1321,1606,1343,3,0
1321,1633,1343,3,0
1321,1675,1343,3,0
1322,1606,1300,0,3
1322,1633,1300,0,3
1322,1675,1300,0,3
1335,1606,1357,3,0
1335,1633,1357,3,0
1335,1675,1357,3,0
1338,1606,1360,3,0
1338,1675,1360,3,0
1340,1606,1362,3,0
1342,1636,1364,2,0
1342,1655,1364,2,0
1343,1636,1365,3,0
1343,1655,1365,3,0
1344,1636,1322,0,3
1344,1655,1322,0,3
1346,1636,1324,0,3
1346,1655,1324,0,3
1357,1636,1379,3,0
1357,1655,1379,3,0
1360,1636,1382,3,0
1360,1655,1382,3,0
1363,1655,1385,3,0
1432,1595,1410,0,3
1434,1595,1412,0,3
1445,1595,1467,3,0
1448,1595,1470,3,0
1476,1585,1454,0,3
1478,1585,1456,0,3
1490,1585,1468,0,3
1492,1585,1514,3,0
1498,1645,1476,0,3
1500,1645,1478,0,3
1512,1645,1490,0,3
1540,1597,1518,0,2
1541,1597,1563,3,0
1542,1597,1520,0,3
1544,1597,1522,0,3
1558,1597,1580,3,0
1562,1614,1540,0,2
1563,1614,1,3,3
1566,1614,1544,0,3
1566,1652,1544,0,3
1577,1614,1555,0,3
1577,1652,1555,0,3
1578,1614,1556,0,3
1578,1652,1556,0,3
1581,1614,19,3,3
1583,1614,21,3,3
