2,1639,1564,3,3
2,1652,1564,3,3
3,1634,25,2,0
3,1639,25,2,0
3,1652,25,2,0
13,1634,1575,3,3
14,1634,36,2,0
14,1639,36,2,0
14,1652,36,2,0
15,1639,1577,3,3
15,1652,1577,3,3
16,1639,1578,3,3
22,1599,0,0,1
22,1661,0,0,1
24,1599,2,0,2
24,1637,2,0,2
24,1661,2,0,2
25,1599,47,3,0
25,1637,47,3,0
25,1661,47,3,0
36,1599,58,3,0
36,1637,58,3,0
36,1661,58,3,0
37,1599,15,0,2
37,1637,15,0,2
37,1661,15,0,2
38,1599,16,0,2
38,1608,39,2,1
38,1637,16,0,2
38,1652,39,2,1
38,1661,16,0,2
46,1665,24,0,3
46,1677,24,0,3
58,1665,80,3,0
58,1677,80,3,0
60,1665,38,0,3
60,1677,38,0,3
66,1627,44,0,2
66,1635,44,0,2
66,1651,44,0,2
67,1627,89,3,0
67,1635,89,3,0
67,1651,89,3,0
71,1604,49,0,3
71,1660,49,0,3
77,1660,99,3,0
79,1604,57,0,3
79,1660,57,0,3
80,1604,102,3,0
80,1627,102,3,0
80,1635,102,3,0
80,1651,102,3,0
80,1660,102,3,0
82,1608,83,2,1
82,1652,83,2,1
88,1630,66,0,2
88,1670,66,0,2
88,1679,66,0,2
89,1630,111,3,0
89,1649,111,3,0
89,1670,111,3,0
89,1679,111,3,0
91,1613,113,3,0
91,1630,113,3,0
91,1649,113,3,0
91,1670,113,3,0
91,1679,113,3,0
93,1613,71,0,3
94,1613,72,0,3
98,1613,120,3,0
99,1613,121,3,0
101,1613,79,0,3
102,1613,124,3,0
102,1630,124,3,0
102,1649,124,3,0
102,1670,124,3,0
102,1679,124,3,0
103,1630,81,0,3
103,1649,81,0,3
103,1670,81,0,3
103,1679,81,0,3
106,1630,128,3,0
109,1630,87,0,3
110,1632,88,0,2
111,1632,133,3,0
113,1589,135,3,0
113,1632,135,3,0
115,1589,93,0,3
121,1589,143,3,0
123,1589,101,0,3
124,1589,146,3,0
124,1632,146,3,0
125,1632,103,0,3
128,1632,150,3,0
129,1632,151,3,0
130,1632,152,3,0
131,1632,109,0,3
137,1646,115,0,3
143,1646,165,3,0
144,1646,166,3,0
145,1646,123,0,3
146,1584,168,3,0
146,1617,168,3,0
146,1646,168,3,0
147,1584,125,0,3
147,1617,125,0,3
159,1644,137,0,3
160,1644,138,0,3
166,1644,188,3,0
167,1644,145,0,3
168,1644,190,3,0
170,1608,171,2,1
170,1652,171,2,1
179,1602,157,0,3
187,1602,165,0,3
188,1602,210,3,0
189,1602,167,0,3
190,1602,212,3,0
201,1654,179,0,3
210,1654,232,3,0
211,1654,189,0,3
212,1654,234,3,0
214,1652,215,2,1
289,1682,267,0,3
290,1682,268,0,3
292,1682,270,0,3
294,1682,272,0,3
295,1682,273,0,3
298,1682,320,3,0
302,1652,303,2,1
333,1672,311,0,3
334,1672,312,0,3
390,1652,391,2,1
434,1652,435,2,1
465,1668,443,0,3
477,1668,499,3,0
478,1652,479,2,1
487,1618,465,0,3
488,1618,466,0,3
496,1618,518,3,0
509,1606,487,0,3
510,1606,488,0,3
514,1606,492,0,3
516,1606,538,3,0
518,1606,540,3,0
522,1652,523,2,1
610,1652,611,2,1
618,1676,640,3,0
619,1676,597,0,3
630,1676,608,0,3
631,1676,653,3,0
654,1652,655,2,1
662,1640,684,3,0
663,1640,641,0,3
663,1655,641,0,3
664,1655,642,0,3
666,1655,644,0,3
668,1655,646,0,3
671,1655,649,0,3
672,1655,694,3,0
673,1655,695,3,0
674,1640,652,0,3
674,1655,652,0,3
675,1640,697,3,0
683,1621,661,0,3
685,1621,663,0,3
696,1621,674,0,3
697,1621,719,3,0
698,1640,699,2,1
698,1652,699,2,1
704,1667,726,2,0
705,1667,683,0,3
707,1667,685,0,3
707,1678,685,0,3
718,1667,696,0,3
718,1678,696,0,3
719,1667,741,3,0
719,1678,741,3,0
720,1667,698,0,3
729,1593,707,0,3
729,1648,707,0,3
729,1658,707,0,3
740,1593,718,0,3
740,1648,718,0,3
740,1658,718,0,3
741,1593,763,3,0
741,1648,763,3,0
741,1658,763,3,0
742,1640,743,2,1
742,1652,743,2,1
742,1678,743,2,1
751,1598,729,0,3
753,1598,775,3,0
761,1598,783,3,0
762,1598,740,0,3
773,1633,751,0,3
775,1633,797,3,0
776,1633,754,0,3
783,1633,805,3,0
784,1633,762,0,3
786,1640,787,2,1
786,1652,787,2,1
786,1678,787,2,1
792,1641,814,2,0
794,1641,816,3,0
795,1641,773,0,3
806,1641,784,0,3
807,1641,829,3,0
808,1641,830,3,0
830,1640,831,2,1
830,1678,831,2,1
841,1614,863,3,0
846,1614,824,0,3
847,1614,825,0,3
848,1614,870,3,0
849,1614,871,3,0
850,1614,828,0,3
863,1588,885,3,0
863,1628,885,3,0
863,1645,885,3,0
869,1588,847,0,3
869,1628,847,0,3
869,1645,847,0,3
871,1588,893,3,0
871,1628,893,3,0
871,1645,893,3,0
872,1588,850,0,3
872,1628,850,0,3
872,1645,850,0,3
874,1640,875,2,1
874,1678,875,2,1
902,1616,924,2,0
902,1681,924,2,0
903,1616,881,0,3
903,1681,881,0,3
905,1610,883,0,3
905,1616,883,0,3
905,1622,883,0,3
905,1673,883,0,3
905,1681,883,0,3
907,1610,929,3,0
907,1622,929,3,0
907,1673,929,3,0
911,1610,933,3,0
912,1610,890,0,3
913,1610,891,0,3
915,1610,937,3,0
915,1622,937,3,0
915,1673,937,3,0
916,1610,894,0,3
916,1616,894,0,3
916,1622,894,0,3
916,1673,894,0,3
916,1681,894,0,3
917,1616,939,3,0
917,1681,939,3,0
918,1640,919,2,1
918,1678,919,2,1
920,1616,898,0,3
920,1681,898,0,3
921,1616,899,0,3
921,1681,899,0,3
922,1616,900,0,3
922,1681,900,0,3
923,1616,945,3,0
923,1681,945,3,0
929,1619,951,3,0
929,1647,951,3,0
933,1647,955,3,0
935,1619,913,0,3
935,1647,913,0,3
936,1619,914,0,3
936,1647,914,0,3
937,1619,959,3,0
937,1647,959,3,0
938,1611,916,0,3
938,1619,916,0,3
938,1647,916,0,3
939,1611,961,3,0
951,1666,973,3,0
952,1666,974,3,0
957,1666,935,0,3
958,1666,936,0,3
959,1666,981,3,0
960,1666,938,0,3
993,1608,1015,3,0
993,1657,1015,3,0
1004,1608,982,0,3
1005,1608,1027,3,0
1006,1640,1007,2,1
1006,1678,1007,2,1
1015,1625,1037,3,0
1015,1683,1037,3,0
1024,1625,1002,0,3
1024,1683,1002,0,3
1025,1625,1047,3,0
1025,1683,1047,3,0
1037,1603,1059,3,0
1037,1605,1059,3,0
1037,1609,1059,3,0
1037,1626,1059,3,0
1037,1629,1059,3,0
1037,1631,1059,3,0
1037,1638,1059,3,0
1038,1603,1060,3,0
1038,1609,1060,3,0
1038,1626,1060,3,0
1038,1629,1060,3,0
1038,1631,1060,3,0
1046,1603,1024,0,3
1046,1609,1024,0,3
1046,1626,1024,0,3
1046,1629,1024,0,3
1046,1631,1024,0,3
1049,1638,1071,3,0
1050,1608,1051,2,1
1050,1640,1051,2,1
1050,1678,1051,2,1
1059,1601,1081,3,0
1059,1624,1081,3,0
1060,1601,1082,3,0
1060,1624,1082,3,0
1062,1601,1084,3,0
1062,1624,1084,3,0
1064,1601,1086,3,0
1068,1601,1046,0,3
1068,1624,1046,0,3
1081,1653,1103,3,0
1081,1671,1103,3,0
1082,1671,1104,3,0
1084,1671,1106,3,0
1090,1671,1068,0,3
1093,1653,1115,3,0
1094,1608,1095,2,1
1094,1640,1095,2,1
1094,1678,1095,2,1
1103,1674,1125,3,0
1115,1674,1137,3,0
1118,1674,1140,3,0
1121,1674,1143,3,0
1123,1587,1101,0,3
1123,1596,1101,0,3
1123,1643,1101,0,3
1125,1586,1147,3,0
1125,1587,1147,3,0
1125,1596,1147,3,0
1125,1643,1147,3,0
1126,1586,1148,3,0
1134,1586,1112,0,3
1137,1587,1159,3,0
1137,1596,1159,3,0
1137,1643,1159,3,0
1138,1608,1139,2,1
1138,1640,1139,2,1
1138,1678,1139,2,1
1140,1587,1162,3,0
1140,1643,1162,3,0
1147,1590,1169,3,0
1147,1607,1169,3,0
1147,1669,1169,3,0
1148,1590,1170,3,0
1148,1607,1170,3,0
1148,1669,1170,3,0
1156,1590,1134,0,3
1156,1607,1134,0,3
1156,1669,1134,0,3
1169,1591,1191,3,0
1170,1591,1192,3,0
1178,1591,1156,0,3
1182,1608,1183,2,1
1182,1640,1183,2,1
1182,1678,1183,2,1
1191,1615,1213,3,0
1192,1615,1214,3,0
1200,1615,1178,0,3
1211,1659,1189,0,3
1211,1663,1189,0,3
1213,1659,1235,3,0
1213,1663,1235,3,0
1225,1659,1203,0,3
1225,1663,1203,0,3
1231,1659,1253,3,0
1257,1592,1279,3,0
1257,1600,1279,3,0
1257,1662,1279,3,0
1269,1592,1247,0,3
1269,1600,1247,0,3
1269,1662,1247,0,3
1270,1608,1271,2,1
1270,1640,1271,2,1
1270,1678,1271,2,1
1275,1600,1297,3,0
1314,1608,1315,2,1
1314,1640,1315,2,1
1314,1678,1315,2,1
1321,1623,1299,0,3
1321,1675,1299,0,3
1323,1623,1345,3,0
1323,1675,1345,3,0
1334,1623,1356,3,0
1334,1675,1356,3,0
1335,1623,1313,0,3
1335,1675,1313,0,3
1343,1650,1321,0,3
1345,1650,1367,3,0
1356,1650,1378,3,0
1357,1650,1335,0,3
1358,1608,1359,2,1
1358,1640,1359,2,1
1358,1678,1359,2,1
1360,1650,1382,3,0
1363,1650,1385,3,0
1365,1636,1387,3,0
1366,1636,1344,0,3
1367,1636,1389,3,0
1378,1636,1400,3,0
1379,1636,1357,0,3
1402,1608,1403,2,1
1402,1640,1403,2,1
1402,1678,1403,2,1
1408,1680,1386,0,2
1410,1664,1388,0,3
1410,1680,1388,0,3
1411,1664,1433,3,0
1411,1680,1433,3,0
1422,1664,1444,3,0
1422,1680,1444,3,0
1423,1664,1401,0,3
1423,1680,1401,0,3
1426,1680,1448,3,0
1429,1680,1451,3,0
1430,1656,1408,0,2
1431,1656,1453,3,0
1432,1656,1410,0,3
1433,1656,1455,3,0
1444,1656,1466,3,0
1445,1656,1423,0,3
1451,1656,1473,3,0
1452,1595,1430,0,2
1454,1595,1432,0,3
1455,1595,1477,3,0
1466,1595,1488,3,0
1467,1595,1445,0,3
1474,1585,1452,0,2
1475,1585,1497,3,0
1477,1585,1499,3,0
1488,1585,1510,3,0
1489,1585,1467,0,3
1490,1608,1491,2,1
1490,1678,1491,2,1
1518,1620,1496,0,2
1518,1642,1496,0,2
1521,1620,1543,3,0
1521,1642,1543,3,0
1532,1620,1554,3,0
1532,1642,1554,3,0
1533,1620,1511,0,3
1533,1642,1511,0,3
1535,1620,1513,0,3
1535,1642,1513,0,3
1539,1620,1561,3,0
1539,1642,1561,3,0
1540,1594,1518,0,2
1540,1597,1518,0,2
1540,1612,1518,0,2
1543,1594,1565,3,0
1543,1597,1565,3,0
1543,1612,1565,3,0
1554,1594,1576,3,0
1554,1597,1576,3,0
1554,1612,1576,3,0
1555,1594,1533,0,3
1555,1597,1533,0,3
1555,1612,1533,0,3
