3,1599,25,2,0
3,1637,25,2,0
5,1634,1567,3,3
6,1634,1568,3,3
15,1599,37,2,0
15,1634,37,2,0
15,1637,37,2,0
16,1599,1578,3,3
16,1637,1578,3,3
17,1599,1579,3,3
25,1607,47,3,0
25,1669,47,3,0
25,1677,47,3,0
37,1607,59,3,0
37,1669,59,3,0
37,1677,59,3,0
38,1607,16,0,2
38,1669,16,0,2
38,1677,16,0,2
39,1607,17,0,2
39,1669,17,0,2
39,1677,17,0,2
49,1604,27,0,3
51,1604,73,3,0
56,1604,78,3,0
59,1604,81,3,0
59,1627,81,3,0
59,1671,81,3,0
60,1627,38,0,3
60,1671,38,0,3
61,1627,39,0,3
61,1671,39,0,3
81,1615,103,3,0
81,1619,103,3,0
81,1670,103,3,0
81,1679,103,3,0
82,1615,60,0,3
82,1619,60,0,3
82,1670,60,0,3
82,1679,60,0,3
83,1615,61,0,3
83,1619,61,0,3
83,1670,61,0,3
83,1679,61,0,3
85,1619,107,3,0
89,1609,67,0,3
89,1629,67,0,3
95,1589,117,3,0
99,1589,77,0,3
100,1589,122,3,0
103,1589,125,3,0
103,1609,125,3,0
103,1629,125,3,0
104,1609,82,0,3
104,1629,82,0,3
105,1609,83,0,3
105,1629,83,0,3
111,1632,89,0,3
111,1647,89,0,3
117,1667,139,3,0
122,1667,144,3,0
123,1667,145,3,0
125,1632,147,3,0
125,1647,147,3,0
125,1667,147,3,0
127,1632,105,0,3
127,1647,105,0,3
131,1632,153,3,0
131,1647,153,3,0
132,1610,154,2,0
139,1616,161,3,0
139,1644,161,3,0
139,1681,161,3,0
140,1616,118,0,3
140,1681,118,0,3
141,1616,163,3,0
141,1681,163,3,0
143,1616,121,0,3
143,1681,121,0,3
144,1616,166,3,0
144,1644,166,3,0
144,1681,166,3,0
145,1616,167,3,0
145,1644,167,3,0
145,1681,167,3,0
147,1591,169,3,0
147,1610,169,3,0
147,1616,169,3,0
147,1644,169,3,0
147,1681,169,3,0
148,1591,170,3,0
148,1610,170,3,0
149,1591,127,0,3
149,1610,127,0,3
153,1610,175,3,0
154,1601,176,2,0
155,1601,133,0,3
169,1601,191,3,0
170,1601,192,3,0
171,1601,149,0,3
172,1601,194,3,0
175,1601,197,3,0
183,1602,205,3,0
183,1643,205,3,0
187,1602,165,0,3
187,1643,165,0,3
188,1602,210,3,0
188,1643,210,3,0
189,1602,211,3,0
189,1643,211,3,0
190,1602,212,3,0
190,1643,212,3,0
191,1602,213,3,0
191,1643,213,3,0
205,1641,227,3,0
205,1674,227,3,0
209,1674,187,0,3
210,1641,232,3,0
210,1674,232,3,0
211,1641,233,3,0
211,1674,233,3,0
212,1641,234,3,0
212,1674,234,3,0
213,1641,235,3,0
213,1674,235,3,0
321,1593,343,3,0
321,1648,343,3,0
321,1672,343,3,0
322,1593,344,3,0
322,1648,344,3,0
322,1672,344,3,0
444,1659,466,3,0
444,1668,466,3,0
446,1659,424,0,3
448,1659,426,0,3
452,1659,474,3,0
454,1659,476,3,0
455,1659,477,3,0
455,1668,477,3,0
458,1668,480,3,0
466,1618,488,3,0
468,1618,446,0,3
474,1618,496,3,0
475,1618,497,3,0
476,1618,498,3,0
477,1618,499,3,0
488,1650,510,3,0
490,1650,468,0,3
492,1650,470,0,3
495,1650,473,0,3
496,1650,518,3,0
498,1650,520,3,0
499,1650,521,3,0
598,1680,620,3,0
600,1680,578,0,3
606,1680,628,3,0
608,1680,630,3,0
617,1676,595,0,3
620,1638,642,3,0
620,1656,642,3,0
620,1676,642,3,0
628,1656,650,3,0
630,1638,652,3,0
630,1656,652,3,0
664,1621,686,3,0
686,1678,708,3,0
706,1640,684,0,3
706,1646,684,0,3
706,1660,684,0,3
708,1592,730,3,0
708,1640,730,3,0
708,1646,730,3,0
708,1660,730,3,0
708,1662,730,3,0
709,1592,731,3,0
709,1662,731,3,0
721,1646,743,3,0
721,1660,743,3,0
728,1658,706,0,3
729,1658,707,0,3
730,1658,752,3,0
730,1675,752,3,0
731,1675,753,3,0
741,1658,719,0,3
741,1675,719,0,3
749,1654,727,0,3
750,1654,728,0,3
751,1654,729,0,3
752,1598,774,3,0
752,1654,774,3,0
753,1598,775,3,0
754,1598,776,3,0
763,1598,741,0,3
763,1654,741,0,3
764,1654,786,3,0
774,1611,796,3,0
785,1611,763,0,3
819,1612,841,3,0
819,1623,841,3,0
821,1612,799,0,3
825,1612,847,3,0
826,1612,804,0,3
829,1612,807,0,3
829,1623,807,0,3
841,1588,863,3,0
841,1642,863,3,0
843,1588,821,0,3
843,1642,821,0,3
844,1588,866,3,0
844,1642,866,3,0
847,1588,869,3,0
847,1642,869,3,0
848,1588,826,0,3
848,1642,826,0,3
851,1588,829,0,3
851,1642,829,0,3
865,1628,843,0,3
870,1628,848,0,3
873,1628,851,0,3
915,1664,893,0,3
917,1664,895,0,3
931,1661,909,0,3
932,1661,954,3,0
935,1661,957,3,0
936,1661,914,0,3
937,1661,915,0,3
939,1661,917,0,3
946,1613,924,0,2
947,1613,969,3,0
953,1594,931,0,3
953,1630,931,0,3
953,1666,931,0,3
954,1630,976,3,0
957,1630,979,3,0
958,1594,936,0,3
958,1630,936,0,3
958,1666,936,0,3
958,1673,936,0,3
959,1594,937,0,3
959,1630,937,0,3
959,1666,937,0,3
959,1673,937,0,3
960,1594,938,0,3
960,1630,938,0,3
960,1666,938,0,3
960,1673,938,0,3
961,1594,939,0,3
961,1613,939,0,3
961,1630,939,0,3
961,1666,939,0,3
961,1673,939,0,3
962,1613,940,0,3
963,1613,985,3,0
964,1613,942,0,3
983,1608,961,0,3
997,1683,975,0,3
1002,1683,980,0,3
1003,1683,981,0,3
1004,1683,982,0,3
1005,1683,983,0,3
1024,1625,1002,0,3
1025,1625,1003,0,3
1027,1625,1005,0,3
1046,1603,1024,0,3
1046,1626,1024,0,3
1046,1631,1024,0,3
1047,1603,1025,0,3
1047,1626,1025,0,3
1047,1631,1025,0,3
1048,1603,1026,0,3
1048,1626,1026,0,3
1048,1631,1026,0,3
1068,1624,1046,0,3
1069,1624,1047,0,3
1070,1624,1048,0,3
1091,1639,1069,0,3
1092,1639,1070,0,3
1112,1586,1090,0,3
1112,1635,1090,0,3
1112,1651,1090,0,3
1113,1586,1091,0,3
1113,1635,1091,0,3
1113,1651,1091,0,3
1114,1586,1092,0,3
1114,1635,1092,0,3
1114,1651,1092,0,3
1118,1682,1096,0,3
1125,1587,1147,3,0
1125,1596,1147,3,0
1135,1665,1113,0,3
1136,1665,1114,0,3
1137,1587,1115,0,3
1137,1596,1115,0,3
1137,1665,1115,0,3
1140,1587,1118,0,3
1156,1649,1134,0,3
1157,1590,1135,0,3
1157,1649,1135,0,3
1158,1590,1136,0,3
1158,1649,1136,0,3
1159,1590,1137,0,3
1159,1649,1137,0,3
1191,1663,1213,3,0
1192,1663,1170,0,3
1203,1663,1181,0,3
1204,1663,1182,0,3
1214,1584,1192,0,3
1214,1617,1192,0,3
1216,1584,1238,3,0
1216,1617,1238,3,0
1224,1584,1202,0,3
1224,1617,1202,0,3
1225,1584,1203,0,3
1225,1617,1203,0,3
1236,1600,1214,0,3
1247,1600,1225,0,3
1250,1600,1228,0,3
1321,1606,1343,3,0
1321,1633,1343,3,0
1324,1606,1302,0,3
1324,1633,1302,0,3
1335,1606,1313,0,3
1335,1633,1313,0,3
1338,1606,1316,0,3
1341,1606,1319,0,3
1343,1636,1365,3,0
1343,1655,1365,3,0
1346,1636,1324,0,3
1346,1655,1324,0,3
1357,1636,1335,0,3
1357,1655,1335,0,3
1360,1636,1338,0,3
1360,1655,1338,0,3
1363,1655,1341,0,3
1431,1595,1453,3,0
1434,1595,1412,0,3
1445,1595,1467,3,0
1447,1595,1425,0,3
1448,1595,1426,0,3
1456,1622,1434,0,3
1469,1622,1447,0,3
1478,1585,1456,0,3
1491,1585,1469,0,3
1492,1585,1470,0,3
1498,1620,1520,3,0
1498,1645,1520,3,0
1500,1620,1478,0,3
1500,1645,1478,0,3
1513,1620,1491,0,3
1513,1645,1491,0,3
1540,1597,1518,0,2
1541,1597,1563,3,0
1542,1597,1564,3,0
1543,1597,1565,3,0
1544,1597,1522,0,3
1555,1597,1577,3,0
1556,1597,1534,0,3
1564,1614,2,3,3
1564,1652,2,3,3
1565,1614,3,3,3
1565,1652,3,3,3
1566,1614,1544,0,3
1566,1652,1544,0,3
1577,1614,15,3,3
1577,1652,15,3,3
1578,1614,1556,0,3
1578,1652,1556,0,3
1579,1614,1557,0,3
1580,1614,1558,0,3
1583,1614,1561,0,3
