4,1599,26,2,0
4,1634,26,2,0
4,1637,26,2,0
5,1634,1567,3,3
6,1634,1568,3,3
12,1634,1574,3,3
13,1634,35,2,0
14,1634,1576,3,3
15,1599,1577,3,3
15,1634,1577,3,3
15,1637,1577,3,3
26,1607,48,3,0
26,1669,48,3,0
37,1607,15,0,2
37,1669,15,0,2
46,1627,68,3,0
46,1671,68,3,0
48,1627,70,3,0
48,1671,70,3,0
59,1627,37,0,3
59,1671,37,0,3
68,1615,90,3,0
68,1619,90,3,0
68,1670,90,3,0
68,1679,90,3,0
70,1604,92,3,0
70,1615,92,3,0
70,1619,92,3,0
70,1670,92,3,0
70,1679,92,3,0
72,1604,50,0,3
80,1604,58,0,3
81,1604,59,0,3
81,1615,59,0,3
81,1619,59,0,3
81,1670,59,0,3
81,1679,59,0,3
84,1619,106,3,0
84,1670,106,3,0
84,1679,106,3,0
85,1619,107,3,0
90,1609,112,3,0
90,1629,112,3,0
92,1589,114,3,0
92,1609,114,3,0
92,1629,114,3,0
94,1589,72,0,3
100,1589,122,3,0
102,1589,80,0,3
103,1589,81,0,3
103,1609,81,0,3
103,1629,81,0,3
105,1609,83,0,3
105,1629,83,0,3
110,1632,132,2,0
110,1647,132,2,0
112,1632,134,3,0
112,1647,134,3,0
113,1632,135,3,0
113,1647,135,3,0
114,1632,136,3,0
114,1647,136,3,0
114,1667,136,3,0
116,1667,94,0,3
122,1667,144,3,0
124,1667,102,0,3
125,1632,103,0,3
125,1647,103,0,3
125,1667,103,0,3
127,1632,105,0,3
127,1647,105,0,3
131,1632,109,0,3
131,1647,109,0,3
134,1591,156,3,0
134,1610,156,3,0
135,1591,157,3,0
135,1610,157,3,0
138,1616,116,0,3
138,1644,116,0,3
138,1646,116,0,3
138,1681,116,0,3
142,1616,164,3,0
142,1681,164,3,0
143,1616,165,3,0
143,1681,165,3,0
144,1616,166,3,0
144,1644,166,3,0
144,1646,166,3,0
144,1681,166,3,0
146,1616,124,0,3
146,1644,124,0,3
146,1646,124,0,3
146,1681,124,0,3
147,1591,125,0,3
147,1610,125,0,3
147,1616,125,0,3
147,1644,125,0,3
147,1646,125,0,3
147,1681,125,0,3
149,1591,127,0,3
149,1610,127,0,3
150,1610,172,3,0
153,1610,131,0,3
157,1601,179,3,0
158,1601,136,0,3
169,1601,147,0,3
171,1601,149,0,3
175,1601,153,0,3
181,1602,203,3,0
181,1643,203,3,0
187,1602,209,3,0
187,1643,209,3,0
188,1602,210,3,0
188,1643,210,3,0
191,1602,169,0,3
191,1643,169,0,3
208,1674,230,3,0
209,1674,231,3,0
210,1641,232,3,0
210,1674,232,3,0
211,1641,233,3,0
211,1674,233,3,0
212,1641,234,3,0
212,1674,234,3,0
312,1593,290,0,3
312,1648,290,0,3
312,1672,290,0,3
321,1593,299,0,3
321,1648,299,0,3
321,1672,299,0,3
322,1593,344,3,0
322,1648,344,3,0
322,1672,344,3,0
443,1668,421,0,3
444,1659,422,0,3
444,1668,422,0,3
446,1659,424,0,3
450,1659,472,3,0
451,1659,473,3,0
452,1659,474,3,0
453,1659,431,0,3
454,1659,476,3,0
456,1668,434,0,3
457,1668,435,0,3
466,1618,444,0,3
468,1618,446,0,3
473,1618,495,3,0
474,1618,496,3,0
475,1618,453,0,3
476,1618,498,3,0
488,1650,466,0,3
490,1650,468,0,3
494,1650,516,3,0
496,1650,518,3,0
498,1650,520,3,0
598,1680,576,0,3
600,1680,578,0,3
604,1680,626,3,0
605,1680,627,3,0
606,1680,628,3,0
607,1680,585,0,3
608,1680,630,3,0
617,1676,595,0,3
620,1638,598,0,3
620,1656,598,0,3
620,1676,598,0,3
624,1656,646,3,0
626,1656,648,3,0
627,1656,649,3,0
628,1656,650,3,0
629,1638,607,0,3
629,1656,607,0,3
630,1638,652,3,0
630,1656,652,3,0
632,1676,610,0,3
664,1621,642,0,3
676,1621,654,0,3
686,1678,664,0,3
698,1678,676,0,3
705,1660,683,0,3
708,1592,686,0,3
708,1640,686,0,3
708,1660,686,0,3
708,1662,686,0,3
709,1592,731,3,0
709,1662,731,3,0
716,1592,738,3,0
716,1662,738,3,0
717,1592,695,0,3
717,1662,695,0,3
718,1592,740,3,0
718,1662,740,3,0
720,1640,698,0,3
720,1660,698,0,3
721,1660,743,3,0
729,1658,707,0,3
730,1658,708,0,3
741,1658,763,3,0
742,1658,720,0,3
751,1654,729,0,3
752,1598,730,0,3
752,1654,730,0,3
753,1598,775,3,0
761,1598,739,0,3
763,1598,785,3,0
763,1654,785,3,0
764,1654,742,0,3
774,1611,752,0,3
785,1611,807,3,0
818,1612,796,0,3
818,1623,796,0,3
820,1612,842,3,0
820,1623,842,3,0
821,1612,843,3,0
826,1612,848,3,0
828,1612,850,3,0
828,1623,850,3,0
829,1612,851,3,0
829,1623,851,3,0
840,1588,818,0,3
840,1620,818,0,3
840,1642,818,0,3
842,1588,864,3,0
842,1620,864,3,0
842,1642,864,3,0
843,1588,865,3,0
843,1620,865,3,0
843,1642,865,3,0
850,1588,872,3,0
850,1620,872,3,0
850,1642,872,3,0
851,1588,873,3,0
851,1620,873,3,0
851,1642,873,3,0
862,1628,840,0,3
864,1628,886,3,0
865,1628,887,3,0
872,1628,894,3,0
873,1628,895,3,0
906,1664,884,0,3
908,1664,930,3,0
916,1664,938,3,0
917,1664,939,3,0
930,1661,952,3,0
935,1661,913,0,3
936,1661,914,0,3
938,1661,960,3,0
939,1661,961,3,0
949,1613,927,0,3
950,1594,972,3,0
950,1613,972,3,0
950,1630,972,3,0
950,1666,972,3,0
950,1673,972,3,0
951,1594,929,0,3
951,1630,929,0,3
951,1666,929,0,3
951,1673,929,0,3
952,1594,974,3,0
952,1630,974,3,0
952,1666,974,3,0
952,1673,974,3,0
957,1630,935,0,3
958,1594,936,0,3
958,1630,936,0,3
958,1666,936,0,3
958,1673,936,0,3
960,1594,982,3,0
960,1630,982,3,0
960,1666,982,3,0
960,1673,982,3,0
961,1594,983,3,0
961,1613,983,3,0
961,1630,983,3,0
961,1666,983,3,0
961,1673,983,3,0
963,1613,985,3,0
971,1608,949,0,3
983,1608,1005,3,0
1002,1683,980,0,3
1003,1683,981,0,3
1004,1683,982,0,3
1024,1625,1002,0,3
1026,1625,1004,0,3
1046,1603,1024,0,3
1046,1626,1024,0,3
1046,1631,1024,0,3
1048,1603,1026,0,3
1048,1626,1026,0,3
1048,1631,1026,0,3
1060,1624,1082,3,0
1060,1653,1082,3,0
1062,1624,1084,3,0
1068,1624,1046,0,3
1070,1624,1048,0,3
1072,1653,1094,3,0
1082,1639,1104,3,0
1084,1639,1106,3,0
1091,1639,1113,3,0
1092,1639,1070,0,3
1100,1682,1078,0,2
1103,1682,1125,3,0
1104,1586,1126,3,0
1104,1635,1126,3,0
1104,1651,1126,3,0
1104,1682,1126,3,0
1112,1586,1090,0,3
1112,1635,1090,0,3
1112,1651,1090,0,3
1113,1586,1135,3,0
1113,1635,1135,3,0
1113,1651,1135,3,0
1114,1586,1092,0,3
1114,1635,1092,0,3
1114,1651,1092,0,3
1116,1682,1138,3,0
1117,1682,1139,3,0
1118,1682,1140,3,0
1120,1682,1098,0,3
1125,1587,1147,3,0
1125,1596,1147,3,0
1126,1587,1148,3,0
1126,1596,1148,3,0
1126,1665,1148,3,0
1126,1677,1148,3,0
1128,1665,1150,3,0
1128,1677,1150,3,0
1135,1665,1157,3,0
1135,1677,1157,3,0
1136,1665,1114,0,3
1136,1677,1114,0,3
1137,1587,1115,0,3
1137,1596,1115,0,3
1137,1665,1115,0,3
1137,1677,1115,0,3
1138,1587,1160,3,0
1138,1596,1160,3,0
1139,1587,1161,3,0
1139,1596,1161,3,0
1140,1587,1162,3,0
1148,1590,1170,3,0
1150,1590,1172,3,0
1157,1590,1179,3,0
1158,1590,1136,0,3
1159,1590,1137,0,3
1170,1649,1192,3,0
1172,1649,1194,3,0
1179,1649,1201,3,0
1180,1649,1158,0,3
1181,1649,1159,0,3
1191,1663,1213,3,0
1192,1663,1214,3,0
1203,1663,1181,0,3
1204,1663,1226,3,0
1214,1584,1236,3,0
1214,1617,1236,3,0
1216,1584,1238,3,0
1216,1617,1238,3,0
1223,1584,1245,3,0
1223,1617,1245,3,0
1224,1584,1202,0,3
1224,1617,1202,0,3
1235,1600,1257,3,0
1236,1600,1258,3,0
1248,1600,1270,3,0
1249,1600,1271,3,0
1321,1606,1343,3,0
1321,1633,1343,3,0
1321,1675,1343,3,0
1323,1606,1345,3,0
1323,1633,1345,3,0
1323,1675,1345,3,0
1324,1606,1346,3,0
1324,1633,1346,3,0
1324,1675,1346,3,0
1336,1606,1358,3,0
1336,1633,1358,3,0
1336,1675,1358,3,0
1343,1636,1365,3,0
1343,1655,1365,3,0
1346,1636,1368,3,0
1346,1655,1368,3,0
1358,1636,1380,3,0
1358,1655,1380,3,0
1431,1595,1453,3,0
1434,1595,1456,3,0
1446,1595,1468,3,0
1456,1622,1478,3,0
1468,1622,1490,3,0
1478,1585,1500,3,0
1490,1585,1512,3,0
1491,1585,1469,0,3
1497,1645,1519,3,0
1500,1645,1522,3,0
1512,1645,1534,3,0
1513,1645,1491,0,3
1543,1597,1565,3,0
1544,1597,1566,3,0
1555,1597,1533,0,3
1556,1597,1578,3,0
1558,1597,1580,3,0
1566,1614,4,3,3
1566,1652,4,3,3
1577,1614,1555,0,3
1577,1652,1555,0,3
1578,1614,16,3,3
1578,1652,16,3,3
1580,1614,18,3,3
1583,1614,21,3,3
