2,1639,1564,3,3
2,1652,1564,3,3
4,1634,26,2,0
12,1634,34,2,0
14,1634,36,2,0
14,1639,36,2,0
14,1652,36,2,0
24,1599,2,0,2
24,1637,2,0,2
24,1661,2,0,2
24,1669,2,0,2
36,1599,58,3,0
36,1637,58,3,0
36,1661,58,3,0
36,1669,58,3,0
43,1661,21,0,2
46,1627,24,0,3
46,1665,24,0,3
46,1677,24,0,3
58,1627,80,3,0
58,1665,80,3,0
58,1677,80,3,0
68,1635,46,0,3
69,1604,47,0,3
69,1635,47,0,3
69,1660,47,0,3
70,1604,92,3,0
70,1660,92,3,0
72,1604,94,3,0
72,1660,94,3,0
77,1660,55,0,3
78,1604,100,3,0
78,1660,100,3,0
90,1630,68,0,3
90,1649,68,0,3
90,1670,68,0,3
90,1679,68,0,3
91,1613,69,0,3
91,1630,69,0,3
91,1649,69,0,3
91,1670,69,0,3
91,1679,69,0,3
92,1613,114,3,0
99,1613,77,0,3
100,1613,122,3,0
105,1630,83,0,3
105,1670,83,0,3
105,1679,83,0,3
106,1630,84,0,3
112,1632,90,0,3
113,1589,91,0,3
113,1632,91,0,3
114,1589,136,3,0
121,1589,99,0,3
122,1589,144,3,0
127,1632,105,0,3
128,1632,106,0,3
130,1632,152,3,0
134,1584,112,0,3
134,1617,112,0,3
135,1584,113,0,3
135,1617,113,0,3
135,1646,113,0,3
136,1646,158,3,0
139,1646,161,3,0
143,1646,121,0,3
144,1646,166,3,0
166,1644,188,3,0
187,1602,165,0,3
188,1602,210,3,0
190,1602,168,0,3
210,1654,232,3,0
212,1654,190,0,3
290,1682,312,3,0
291,1682,313,3,0
293,1682,315,3,0
294,1682,272,0,3
295,1682,317,3,0
298,1682,320,3,0
312,1672,334,3,0
313,1672,335,3,0
467,1618,489,3,0
479,1668,457,0,3
511,1606,533,3,0
514,1606,492,0,3
515,1606,537,3,0
617,1676,595,0,3
619,1638,597,0,3
619,1676,597,0,3
620,1638,642,3,0
631,1676,653,3,0
632,1676,654,3,0
663,1640,641,0,3
663,1655,641,0,3
665,1655,687,3,0
667,1655,689,3,0
670,1655,648,0,3
671,1655,693,3,0
675,1640,697,3,0
676,1640,698,3,0
682,1667,660,0,2
683,1621,661,0,3
683,1667,661,0,3
697,1621,719,3,0
697,1667,719,3,0
698,1621,720,3,0
698,1667,720,3,0
699,1667,721,3,0
708,1592,730,3,0
709,1592,731,3,0
711,1592,733,3,0
715,1592,737,3,0
719,1678,741,3,0
720,1678,742,3,0
727,1593,705,0,3
727,1648,705,0,3
727,1658,705,0,3
740,1593,762,3,0
740,1648,762,3,0
740,1658,762,3,0
742,1593,764,3,0
742,1648,764,3,0
742,1658,764,3,0
751,1598,729,0,3
753,1598,775,3,0
760,1598,738,0,3
762,1598,784,3,0
772,1641,794,3,0
774,1633,752,0,3
782,1633,760,0,3
787,1641,809,3,0
818,1623,796,0,3
826,1623,804,0,3
828,1623,806,0,3
840,1614,818,0,3
847,1614,869,3,0
848,1614,826,0,3
850,1614,828,0,3
861,1588,883,3,0
861,1628,883,3,0
861,1645,883,3,0
862,1588,840,0,3
862,1628,840,0,3
862,1645,840,0,3
864,1588,842,0,3
864,1628,842,0,3
864,1645,842,0,3
869,1588,891,3,0
869,1628,891,3,0
869,1645,891,3,0
870,1588,848,0,3
870,1628,848,0,3
870,1645,848,0,3
904,1616,926,3,0
904,1681,926,3,0
905,1610,927,3,0
905,1616,927,3,0
905,1622,927,3,0
905,1673,927,3,0
905,1681,927,3,0
906,1610,884,0,3
906,1622,884,0,3
906,1673,884,0,3
911,1610,889,0,3
913,1610,935,3,0
914,1610,892,0,3
914,1622,892,0,3
914,1673,892,0,3
919,1616,941,3,0
919,1681,941,3,0
920,1616,942,3,0
920,1681,942,3,0
922,1616,900,0,3
922,1681,900,0,3
927,1611,949,3,0
927,1619,949,3,0
927,1647,949,3,0
928,1619,906,0,3
928,1647,906,0,3
931,1619,909,0,3
931,1647,909,0,3
933,1647,911,0,3
935,1619,957,3,0
935,1647,957,3,0
936,1619,914,0,3
936,1647,914,0,3
953,1666,931,0,3
957,1666,979,3,0
958,1666,936,0,3
992,1608,1014,3,0
1004,1608,1026,3,0
1015,1625,993,0,3
1015,1683,993,0,3
1016,1625,994,0,3
1016,1683,994,0,3
1018,1625,996,0,3
1018,1683,996,0,3
1019,1625,997,0,3
1019,1683,997,0,3
1023,1625,1045,3,0
1023,1683,1045,3,0
1024,1625,1002,0,3
1024,1683,1002,0,3
1038,1603,1016,0,3
1038,1609,1016,0,3
1038,1626,1016,0,3
1038,1629,1016,0,3
1038,1631,1016,0,3
1041,1603,1019,0,3
1041,1609,1019,0,3
1041,1626,1019,0,3
1041,1629,1019,0,3
1041,1631,1019,0,3
1046,1603,1024,0,3
1046,1609,1024,0,3
1046,1626,1024,0,3
1046,1629,1024,0,3
1046,1631,1024,0,3
1060,1601,1038,0,3
1060,1624,1038,0,3
1063,1601,1041,0,3
1063,1624,1041,0,3
1064,1601,1086,3,0
1068,1601,1046,0,3
1068,1624,1046,0,3
1082,1671,1060,0,3
1083,1671,1061,0,3
1090,1671,1068,0,3
1101,1674,1123,3,0
1117,1674,1139,3,0
1118,1674,1096,0,3
1121,1674,1099,0,3
1123,1587,1145,3,0
1123,1643,1145,3,0
1126,1586,1104,0,3
1126,1651,1104,0,3
1127,1586,1105,0,3
1127,1651,1105,0,3
1139,1587,1161,3,0
1139,1596,1161,3,0
1139,1643,1161,3,0
1140,1587,1118,0,3
1140,1643,1118,0,3
1148,1590,1126,0,3
1148,1607,1126,0,3
1149,1590,1127,0,3
1149,1607,1127,0,3
1169,1591,1191,3,0
1170,1591,1148,0,3
1171,1591,1149,0,3
1191,1615,1213,3,0
1192,1615,1170,0,3
1193,1615,1171,0,3
1210,1659,1232,2,0
1211,1659,1233,3,0
1211,1663,1233,3,0
1227,1659,1249,3,0
1228,1659,1206,0,3
1231,1659,1209,0,3
1254,1600,1276,2,0
1254,1662,1276,2,0
1255,1600,1277,3,0
1255,1662,1277,3,0
1271,1600,1293,3,0
1271,1662,1293,3,0
1272,1600,1250,0,3
1273,1600,1295,3,0
1275,1600,1253,0,3
1320,1675,1342,2,0
1321,1675,1343,3,0
1337,1675,1359,3,0
1342,1650,1364,2,0
1343,1650,1365,3,0
1345,1650,1367,3,0
1359,1650,1381,3,0
1360,1650,1338,0,3
1364,1636,1386,2,0
1365,1636,1387,3,0
1367,1636,1389,3,0
1381,1636,1403,3,0
1409,1664,1431,3,0
1409,1680,1431,3,0
1411,1664,1433,3,0
1411,1680,1433,3,0
1423,1664,1401,0,3
1423,1680,1401,0,3
1424,1664,1402,0,3
1424,1680,1402,0,3
1425,1680,1447,3,0
1426,1680,1404,0,3
1429,1680,1407,0,3
1431,1656,1453,3,0
1433,1656,1455,3,0
1445,1656,1423,0,3
1446,1656,1424,0,3
1447,1656,1425,0,3
1448,1656,1426,0,3
1452,1595,1474,2,0
1453,1595,1475,3,0
1455,1595,1477,3,0
1467,1595,1445,0,3
1468,1595,1446,0,3
1469,1595,1447,0,3
1474,1585,1496,2,0
1475,1585,1497,3,0
1489,1585,1467,0,3
1490,1585,1468,0,3
1491,1585,1469,0,3
1518,1620,1540,2,0
1518,1642,1540,2,0
1519,1620,1541,3,0
1519,1642,1541,3,0
1532,1620,1510,0,3
1532,1642,1510,0,3
1534,1620,1512,0,3
1534,1642,1512,0,3
1535,1620,1513,0,3
1535,1642,1513,0,3
1536,1620,1514,0,3
1536,1642,1514,0,3
1539,1620,1517,0,3
1539,1642,1517,0,3
1542,1594,1520,0,3
1542,1597,1520,0,3
1542,1612,1520,0,3
1543,1594,1565,3,0
1543,1597,1565,3,0
1543,1612,1565,3,0
1554,1594,1532,0,3
1554,1597,1532,0,3
1554,1612,1532,0,3
1556,1594,1534,0,3
1556,1597,1534,0,3
1556,1612,1534,0,3
1557,1594,1535,0,3
1557,1597,1535,0,3
1557,1612,1535,0,3
1558,1612,1536,0,3
1561,1612,1539,0,3
