1,1594,2,1,0
1,1683,1563,3,3
2,1594,3,1,0
3,1594,4,1,0
4,1590,1566,3,3
4,1607,1566,3,3
4,1683,1566,3,3
5,1594,27,2,0
6,1594,28,2,0
7,1594,29,2,0
8,1594,30,2,0
12,1594,34,2,0
13,1594,35,2,0
14,1594,36,2,0
16,1590,1578,3,3
16,1594,15,0,1
16,1607,1578,3,3
16,1683,1578,3,3
17,1594,16,0,1
18,1594,17,0,1
18,1683,40,2,0
19,1594,18,0,1
23,1594,24,2,1
23,1639,1,0,2
24,1594,25,2,1
24,1639,2,0,2
25,1594,26,2,1
26,1634,4,0,2
26,1639,4,0,2
27,1594,49,3,0
28,1594,50,3,0
28,1634,6,0,2
29,1594,51,3,0
30,1594,52,3,0
34,1594,56,3,0
35,1594,57,3,0
35,1634,13,0,2
36,1594,58,3,0
36,1634,14,0,2
38,1594,37,1,2
38,1639,16,0,2
39,1594,38,1,2
40,1594,39,1,2
40,1639,62,3,0
41,1594,40,1,2
44,1619,22,0,2
45,1594,46,2,1
45,1603,23,0,3
45,1619,23,0,3
45,1626,23,0,3
45,1631,23,0,3
46,1594,47,2,1
47,1594,48,2,1
48,1603,26,0,3
48,1619,26,0,3
48,1626,26,0,3
48,1631,26,0,3
48,1665,26,0,3
48,1669,26,0,3
49,1594,71,3,0
50,1594,72,3,0
51,1594,73,3,0
52,1594,74,3,0
56,1594,78,3,0
57,1594,79,3,0
58,1594,80,3,0
60,1594,59,1,2
60,1603,38,0,3
60,1619,38,0,3
60,1626,38,0,3
60,1631,38,0,3
60,1665,38,0,3
60,1669,38,0,3
61,1594,60,1,2
62,1594,61,1,2
62,1603,84,3,0
62,1619,84,3,0
62,1626,84,3,0
62,1631,84,3,0
63,1594,62,1,2
67,1586,45,0,3
67,1594,68,2,1
67,1635,45,0,3
67,1651,45,0,3
68,1594,69,2,1
69,1594,70,2,1
70,1586,48,0,3
70,1596,48,0,3
70,1635,48,0,3
70,1651,48,0,3
70,1660,48,0,3
70,1676,48,0,3
71,1594,93,3,0
71,1596,93,3,0
71,1660,93,3,0
71,1676,93,3,0
72,1594,94,3,0
72,1596,50,0,3
72,1660,50,0,3
72,1676,50,0,3
73,1594,95,3,0
74,1594,96,3,0
78,1594,100,3,0
79,1594,101,3,0
79,1596,57,0,3
79,1660,57,0,3
79,1676,57,0,3
80,1594,102,3,0
80,1596,58,0,3
80,1660,58,0,3
80,1676,58,0,3
81,1586,103,3,0
81,1596,103,3,0
81,1635,103,3,0
81,1651,103,3,0
81,1660,103,3,0
81,1676,103,3,0
82,1586,60,0,3
82,1594,81,1,2
82,1635,60,0,3
82,1651,60,0,3
83,1594,82,1,2
84,1594,83,1,2
85,1594,84,1,2
89,1594,90,2,1
89,1647,67,0,3
90,1594,91,2,1
91,1594,92,2,1
91,1647,69,0,3
92,1647,70,0,3
93,1594,115,3,0
94,1594,116,3,0
95,1594,117,3,0
96,1594,118,3,0
100,1594,122,3,0
101,1594,123,3,0
102,1594,124,3,0
103,1647,125,3,0
104,1594,103,1,2
104,1647,82,0,3
105,1594,104,1,2
106,1594,105,1,2
107,1594,106,1,2
109,1647,87,0,3
111,1594,112,2,1
111,1649,89,0,3
112,1594,113,2,1
112,1649,90,0,3
113,1594,114,2,1
113,1649,91,0,3
115,1594,137,3,0
116,1594,138,3,0
117,1594,139,3,0
118,1594,140,3,0
122,1594,144,3,0
123,1594,145,3,0
124,1594,146,3,0
126,1594,125,1,2
126,1649,104,0,3
127,1594,126,1,2
128,1594,127,1,2
129,1594,128,1,2
133,1594,134,2,1
133,1601,111,0,3
134,1594,135,2,1
134,1601,112,0,3
135,1594,136,2,1
135,1601,113,0,3
136,1594,137,2,1
137,1587,159,3,0
137,1594,138,2,1
138,1587,116,0,3
138,1594,139,2,1
139,1587,161,3,0
139,1594,140,2,1
140,1594,1594,14,0
144,1587,166,3,0
144,1594,143,1,2
145,1587,123,0,3
145,1594,144,1,2
146,1587,124,0,3
146,1594,145,1,2
147,1587,125,0,3
147,1594,146,1,2
147,1601,125,0,3
148,1594,147,1,2
148,1601,126,0,3
149,1594,148,1,2
150,1594,149,1,2
151,1594,150,1,2
155,1584,133,0,3
155,1594,156,2,1
155,1610,133,0,3
156,1584,134,0,3
156,1594,157,2,1
156,1610,134,0,3
157,1584,135,0,3
157,1594,158,2,1
157,1610,135,0,3
158,1584,180,3,0
158,1594,136,0,3
158,1610,180,3,0
158,1616,180,3,0
158,1646,180,3,0
159,1594,137,0,3
159,1616,181,3,0
159,1646,181,3,0
160,1594,138,0,3
160,1616,138,0,3
160,1646,138,0,3
161,1594,139,0,3
161,1616,183,3,0
161,1646,183,3,0
162,1594,140,0,3
163,1616,141,0,3
165,1616,187,3,0
166,1594,144,0,3
166,1616,188,3,0
167,1594,145,0,3
167,1616,145,0,3
167,1646,145,0,3
168,1594,146,0,3
168,1616,190,3,0
168,1646,190,3,0
169,1594,147,0,3
170,1584,148,0,3
170,1594,169,1,2
170,1610,148,0,3
171,1584,193,3,0
171,1594,170,1,2
171,1610,193,3,0
172,1594,171,1,2
173,1594,172,1,2
177,1594,178,2,1
178,1594,179,2,1
179,1594,180,2,1
180,1594,158,0,3
180,1674,202,3,0
181,1594,159,0,3
181,1674,203,3,0
182,1594,160,0,3
182,1674,160,0,3
183,1594,161,0,3
183,1674,205,3,0
184,1594,162,0,3
187,1674,209,3,0
188,1594,166,0,3
189,1594,167,0,3
189,1674,167,0,3
190,1594,168,0,3
190,1674,212,3,0
191,1594,169,0,3
192,1594,191,1,2
193,1594,192,1,2
194,1594,193,1,2
195,1594,194,1,2
199,1594,200,2,1
200,1594,201,2,1
201,1594,202,2,1
202,1594,180,0,3
202,1654,224,3,0
203,1594,181,0,3
203,1654,225,3,0
204,1594,182,0,3
204,1654,182,0,3
205,1594,183,0,3
205,1654,227,3,0
206,1594,184,0,3
210,1594,188,0,3
211,1594,189,0,3
211,1654,189,0,3
212,1594,190,0,3
212,1654,234,3,0
213,1594,191,0,3
213,1654,191,0,3
214,1594,213,1,2
215,1594,214,1,2
216,1594,215,1,2
217,1594,216,1,2
221,1594,222,2,1
222,1594,223,2,1
223,1594,224,2,1
224,1594,202,0,3
225,1594,203,0,3
226,1594,204,0,3
227,1594,205,0,3
228,1594,206,0,3
232,1594,210,0,3
233,1594,211,0,3
234,1594,212,0,3
235,1594,213,0,3
236,1594,235,1,2
237,1594,236,1,2
238,1594,237,1,2
239,1594,238,1,2
243,1594,244,2,1
244,1594,245,2,1
245,1594,246,2,1
246,1594,224,0,3
246,1621,268,3,0
247,1594,225,0,3
248,1594,226,0,3
248,1621,270,3,0
249,1594,227,0,3
250,1594,228,0,3
254,1594,232,0,3
255,1594,233,0,3
256,1594,234,0,3
256,1621,278,3,0
257,1594,235,0,3
257,1621,235,0,3
258,1594,257,1,2
259,1594,258,1,2
260,1594,259,1,2
261,1594,260,1,2
265,1594,266,2,1
266,1594,267,2,1
267,1594,268,2,1
268,1594,246,0,3
269,1594,247,0,3
270,1594,248,0,3
271,1594,249,0,3
272,1594,250,0,3
276,1594,254,0,3
277,1594,255,0,3
278,1594,256,0,3
279,1594,257,0,3
280,1594,279,1,2
281,1594,280,1,2
282,1594,281,1,2
283,1594,282,1,2
287,1594,288,2,1
288,1594,289,2,1
289,1594,290,2,1
290,1594,268,0,3
290,1640,312,3,0
291,1594,269,0,3
292,1594,270,0,3
292,1640,314,3,0
293,1594,271,0,3
294,1594,272,0,3
298,1594,276,0,3
299,1594,277,0,3
300,1594,278,0,3
300,1640,322,3,0
301,1594,279,0,3
301,1640,279,0,3
302,1594,301,1,2
303,1594,302,1,2
304,1594,303,1,2
305,1594,304,1,2
309,1594,310,2,1
310,1594,311,2,1
311,1594,312,2,1
312,1594,290,0,3
313,1594,291,0,3
314,1594,292,0,3
315,1594,293,0,3
316,1594,294,0,3
320,1594,298,0,3
321,1594,299,0,3
322,1594,300,0,3
323,1594,301,0,3
324,1594,323,1,2
325,1594,324,1,2
326,1594,325,1,2
327,1594,326,1,2
331,1594,332,2,1
332,1594,333,2,1
333,1594,334,2,1
334,1594,312,0,3
335,1594,313,0,3
336,1594,314,0,3
337,1594,315,0,3
338,1594,316,0,3
342,1594,320,0,3
343,1594,321,0,3
344,1594,322,0,3
345,1594,323,0,3
346,1594,345,1,2
347,1594,346,1,2
348,1594,347,1,2
349,1594,348,1,2
353,1594,354,2,1
354,1594,355,2,1
355,1594,356,2,1
356,1594,334,0,3
356,1678,378,3,0
357,1594,335,0,3
357,1678,335,0,3
358,1594,336,0,3
359,1594,337,0,3
360,1594,338,0,3
364,1594,342,0,3
365,1594,343,0,3
366,1594,344,0,3
366,1678,388,3,0
367,1594,345,0,3
367,1678,345,0,3
368,1594,367,1,2
369,1594,368,1,2
370,1594,369,1,2
371,1594,370,1,2
375,1594,376,2,1
376,1594,377,2,1
377,1594,378,2,1
378,1594,356,0,3
379,1594,357,0,3
380,1594,358,0,3
381,1594,359,0,3
382,1594,360,0,3
386,1594,364,0,3
387,1594,365,0,3
388,1594,366,0,3
389,1594,367,0,3
390,1594,389,1,2
391,1594,390,1,2
392,1594,391,1,2
393,1594,392,1,2
397,1594,398,2,1
398,1594,399,2,1
399,1594,400,2,1
400,1594,378,0,3
401,1594,379,0,3
402,1594,380,0,3
403,1594,381,0,3
404,1594,382,0,3
408,1594,386,0,3
409,1594,387,0,3
410,1594,388,0,3
411,1594,389,0,3
412,1594,411,1,2
413,1594,412,1,2
414,1594,413,1,2
415,1594,414,1,2
419,1594,420,2,1
420,1594,421,2,1
421,1594,422,2,1
422,1594,400,0,3
423,1594,401,0,3
424,1594,402,0,3
425,1594,403,0,3
426,1594,404,0,3
430,1594,408,0,3
431,1594,409,0,3
432,1594,410,0,3
433,1594,411,0,3
434,1594,433,1,2
435,1594,434,1,2
436,1594,435,1,2
437,1594,436,1,2
441,1594,442,2,1
442,1594,443,2,1
443,1594,444,2,1
444,1594,422,0,3
445,1594,423,0,3
446,1594,424,0,3
447,1594,425,0,3
448,1594,426,0,3
452,1594,430,0,3
453,1594,431,0,3
454,1594,432,0,3
455,1594,433,0,3
456,1594,455,1,2
457,1594,456,1,2
458,1594,457,1,2
459,1594,458,1,2
463,1594,464,2,1
464,1594,465,2,1
465,1594,466,2,1
466,1594,444,0,3
466,1600,488,3,0
466,1650,488,3,0
466,1659,488,3,0
467,1594,445,0,3
468,1594,446,0,3
468,1600,490,3,0
468,1650,490,3,0
468,1659,490,3,0
469,1594,447,0,3
469,1600,491,3,0
469,1650,491,3,0
469,1659,491,3,0
470,1594,448,0,3
472,1650,450,0,3
473,1600,495,3,0
473,1650,495,3,0
473,1659,495,3,0
474,1594,452,0,3
475,1594,453,0,3
476,1594,454,0,3
476,1600,498,3,0
476,1650,498,3,0
476,1659,498,3,0
477,1594,455,0,3
477,1600,455,0,3
477,1650,455,0,3
477,1659,455,0,3
478,1594,477,1,2
479,1594,478,1,2
480,1594,479,1,2
481,1594,480,1,2
485,1594,486,2,1
486,1594,487,2,1
487,1594,488,2,1
488,1594,466,0,3
489,1594,467,0,3
490,1594,468,0,3
491,1594,469,0,3
492,1594,470,0,3
496,1594,474,0,3
497,1594,475,0,3
498,1594,476,0,3
499,1594,477,0,3
500,1594,499,1,2
501,1594,500,1,2
502,1594,501,1,2
503,1594,502,1,2
507,1594,508,2,1
508,1594,509,2,1
509,1594,510,2,1
510,1594,488,0,3
511,1594,489,0,3
512,1594,490,0,3
513,1594,491,0,3
514,1594,492,0,3
518,1594,496,0,3
519,1594,497,0,3
520,1594,498,0,3
521,1594,499,0,3
522,1594,521,1,2
523,1594,522,1,2
524,1594,523,1,2
525,1594,524,1,2
529,1594,530,2,1
530,1594,531,2,1
531,1594,532,2,1
532,1594,510,0,3
533,1594,511,0,3
534,1594,512,0,3
535,1594,513,0,3
536,1594,514,0,3
540,1594,518,0,3
541,1594,519,0,3
542,1594,520,0,3
543,1594,521,0,3
544,1594,543,1,2
545,1594,544,1,2
546,1594,545,1,2
547,1594,546,1,2
551,1594,552,2,1
552,1594,553,2,1
553,1594,554,2,1
554,1594,532,0,3
555,1594,533,0,3
556,1594,534,0,3
557,1594,535,0,3
558,1594,536,0,3
562,1594,540,0,3
563,1594,541,0,3
564,1594,542,0,3
565,1594,543,0,3
566,1594,565,1,2
567,1594,566,1,2
568,1594,567,1,2
569,1594,568,1,2
573,1594,574,2,1
574,1594,575,2,1
575,1594,576,2,1
576,1594,554,0,3
577,1594,555,0,3
578,1594,556,0,3
579,1594,557,0,3
580,1594,558,0,3
584,1594,562,0,3
585,1594,563,0,3
586,1594,564,0,3
587,1594,565,0,3
588,1594,587,1,2
589,1594,588,1,2
590,1594,589,1,2
591,1594,590,1,2
595,1594,596,2,1
596,1594,597,2,1
596,1604,574,0,3
597,1594,598,2,1
598,1594,576,0,3
598,1604,620,3,0
598,1656,620,3,0
599,1594,577,0,3
599,1656,577,0,3
600,1594,578,0,3
600,1656,622,3,0
601,1594,579,0,3
601,1656,623,3,0
602,1594,580,0,3
605,1656,627,3,0
606,1594,584,0,3
607,1594,585,0,3
608,1594,586,0,3
608,1656,630,3,0
609,1594,587,0,3
610,1594,609,1,2
610,1604,588,0,3
611,1594,610,1,2
612,1594,611,1,2
612,1604,590,0,3
613,1594,612,1,2
617,1594,618,2,1
618,1594,619,2,1
619,1594,620,2,1
620,1594,598,0,3
620,1680,642,3,0
621,1594,599,0,3
621,1680,599,0,3
622,1594,600,0,3
622,1680,644,3,0
623,1594,601,0,3
623,1680,645,3,0
624,1594,602,0,3
627,1680,649,3,0
628,1594,606,0,3
629,1594,607,0,3
630,1594,608,0,3
630,1680,652,3,0
631,1594,609,0,3
632,1594,631,1,2
633,1594,632,1,2
634,1594,633,1,2
635,1594,634,1,2
639,1594,640,2,1
640,1594,641,2,1
641,1594,642,2,1
642,1594,620,0,3
642,1653,664,3,0
643,1594,621,0,3
643,1653,621,0,3
644,1594,622,0,3
644,1653,666,3,0
645,1594,623,0,3
646,1594,624,0,3
650,1594,628,0,3
651,1594,629,0,3
652,1594,630,0,3
652,1653,674,3,0
653,1594,631,0,3
654,1594,653,1,2
655,1594,654,1,2
656,1594,655,1,2
657,1594,656,1,2
661,1594,662,2,1
662,1594,663,2,1
663,1594,664,2,1
664,1594,642,0,3
665,1594,643,0,3
666,1594,644,0,3
667,1594,645,0,3
668,1594,646,0,3
672,1594,650,0,3
673,1594,651,0,3
674,1594,652,0,3
675,1594,653,0,3
676,1594,675,1,2
677,1594,676,1,2
678,1594,677,1,2
679,1594,678,1,2
683,1594,684,2,1
684,1594,685,2,1
684,1644,662,0,3
685,1594,686,2,1
686,1594,664,0,3
686,1644,708,3,0
687,1594,665,0,3
688,1594,666,0,3
689,1594,667,0,3
690,1594,668,0,3
694,1594,672,0,3
695,1594,673,0,3
696,1594,674,0,3
697,1594,675,0,3
698,1594,697,1,2
699,1594,698,1,2
699,1644,677,0,3
700,1594,699,1,2
700,1644,678,0,3
701,1594,700,1,2
705,1594,706,2,1
706,1594,707,2,1
706,1667,684,0,3
707,1594,708,2,1
708,1594,686,0,3
708,1667,730,3,0
709,1594,687,0,3
710,1594,688,0,3
711,1594,689,0,3
712,1594,690,0,3
716,1594,694,0,3
717,1594,695,0,3
718,1594,696,0,3
719,1594,697,0,3
720,1594,719,1,2
720,1667,742,3,0
721,1594,720,1,2
721,1667,699,0,3
722,1594,721,1,2
722,1667,700,0,3
723,1594,722,1,2
727,1594,728,2,1
728,1594,729,2,1
729,1594,730,2,1
730,1589,752,3,0
730,1593,752,3,0
730,1594,708,0,3
730,1608,752,3,0
730,1672,752,3,0
731,1594,709,0,3
732,1594,710,0,3
733,1594,711,0,3
734,1594,712,0,3
738,1594,716,0,3
739,1594,717,0,3
740,1594,718,0,3
741,1589,719,0,3
741,1593,719,0,3
741,1594,719,0,3
741,1608,719,0,3
741,1672,719,0,3
742,1594,741,1,2
743,1594,742,1,2
744,1589,722,0,3
744,1594,743,1,2
745,1589,767,3,0
745,1594,744,1,2
749,1594,750,2,1
750,1594,751,2,1
751,1594,752,2,1
752,1594,730,0,3
752,1636,774,3,0
752,1648,774,3,0
752,1658,774,3,0
753,1594,731,0,3
753,1636,731,0,3
754,1594,732,0,3
754,1636,776,3,0
755,1594,733,0,3
755,1636,777,3,0
756,1594,734,0,3
760,1594,738,0,3
761,1594,739,0,3
761,1636,783,3,0
762,1594,740,0,3
763,1594,741,0,3
763,1636,741,0,3
763,1648,741,0,3
763,1658,741,0,3
764,1594,763,1,2
765,1594,764,1,2
766,1594,765,1,2
767,1594,766,1,2
771,1594,772,2,1
772,1594,773,2,1
773,1594,774,2,1
774,1663,796,3,0
775,1594,753,0,3
775,1663,753,0,3
776,1594,754,0,3
776,1663,798,3,0
777,1594,755,0,3
778,1594,756,0,3
782,1594,760,0,3
783,1594,761,0,3
784,1594,762,0,3
784,1663,806,3,0
786,1594,785,1,2
787,1594,786,1,2
788,1594,787,1,2
789,1594,788,1,2
793,1594,794,2,1
793,1641,815,3,0
794,1594,795,2,1
795,1594,796,2,1
796,1641,818,3,0
797,1594,775,0,3
798,1594,776,0,3
799,1594,777,0,3
800,1594,778,0,3
804,1594,782,0,3
805,1594,783,0,3
806,1594,784,0,3
808,1594,807,1,2
808,1641,830,3,0
809,1594,808,1,2
810,1594,809,1,2
810,1641,788,0,3
811,1594,810,1,2
815,1594,816,2,1
816,1594,817,2,1
817,1594,818,2,1
819,1594,797,0,3
820,1594,798,0,3
821,1594,799,0,3
822,1594,800,0,3
826,1594,804,0,3
827,1594,805,0,3
828,1594,806,0,3
830,1594,829,1,2
831,1594,830,1,2
832,1594,831,1,2
833,1594,832,1,2
837,1594,838,2,1
838,1594,839,2,1
839,1594,840,2,1
840,1595,862,3,0
840,1614,862,3,0
840,1623,862,3,0
841,1594,819,0,3
841,1595,819,0,3
841,1614,819,0,3
841,1623,819,0,3
842,1594,820,0,3
842,1595,864,3,0
842,1614,864,3,0
842,1623,864,3,0
843,1594,821,0,3
844,1594,822,0,3
845,1614,867,3,0
847,1614,825,0,3
848,1594,826,0,3
849,1594,827,0,3
849,1595,871,3,0
849,1614,871,3,0
849,1623,871,3,0
850,1594,828,0,3
850,1595,872,3,0
850,1614,872,3,0
850,1623,872,3,0
852,1594,851,1,2
853,1594,852,1,2
854,1594,853,1,2
855,1594,854,1,2
859,1594,860,2,1
860,1594,861,2,1
861,1594,862,2,1
862,1620,884,3,0
863,1594,841,0,3
863,1620,841,0,3
864,1594,842,0,3
864,1620,886,3,0
865,1594,843,0,3
866,1594,844,0,3
870,1594,848,0,3
871,1594,849,0,3
871,1620,893,3,0
872,1594,850,0,3
872,1620,894,3,0
873,1620,851,0,3
874,1594,873,1,2
875,1594,874,1,2
876,1594,875,1,2
877,1594,876,1,2
881,1594,882,2,1
882,1594,883,2,1
883,1594,884,2,1
885,1594,863,0,3
886,1594,864,0,3
887,1594,865,0,3
888,1594,866,0,3
892,1594,870,0,3
893,1594,871,0,3
894,1594,872,0,3
896,1594,895,1,2
897,1594,896,1,2
898,1594,897,1,2
899,1594,898,1,2
903,1594,904,2,1
903,1681,925,3,0
904,1594,905,2,1
904,1681,926,3,0
905,1594,906,2,1
905,1681,927,3,0
907,1585,885,0,3
907,1594,885,0,3
907,1632,885,0,3
908,1585,930,3,0
908,1594,886,0,3
908,1632,930,3,0
909,1585,887,0,3
909,1594,887,0,3
909,1632,887,0,3
910,1594,888,0,3
911,1632,933,3,0
913,1632,891,0,3
914,1594,892,0,3
914,1632,892,0,3
915,1585,937,3,0
915,1594,893,0,3
915,1632,937,3,0
916,1585,938,3,0
916,1594,894,0,3
916,1632,938,3,0
918,1594,917,1,2
918,1681,940,3,0
919,1594,918,1,2
920,1594,919,1,2
921,1594,920,1,2
923,1681,945,3,0
925,1594,926,2,1
925,1613,947,3,0
926,1594,927,2,1
926,1613,948,3,0
927,1594,928,2,1
927,1613,949,3,0
929,1594,907,0,3
929,1597,907,0,3
929,1673,907,0,3
930,1594,952,3,0
930,1597,952,3,0
930,1673,952,3,0
931,1594,909,0,3
931,1597,909,0,3
932,1594,910,0,3
936,1594,914,0,3
936,1597,914,0,3
937,1594,959,3,0
937,1597,959,3,0
937,1673,959,3,0
938,1594,960,3,0
938,1597,960,3,0
938,1673,960,3,0
939,1594,961,3,0
939,1597,961,3,0
939,1613,961,3,0
939,1673,961,3,0
940,1594,939,1,2
940,1613,962,3,0
941,1594,940,1,2
942,1594,941,1,2
943,1594,942,1,2
947,1594,948,2,1
948,1594,949,2,1
949,1594,950,2,1
949,1611,971,3,0
950,1594,972,3,0
950,1611,928,0,3
950,1661,928,0,3
951,1594,973,3,0
951,1661,929,0,3
952,1594,974,3,0
952,1661,974,3,0
953,1594,975,3,0
953,1661,931,0,3
954,1594,976,3,0
958,1594,980,3,0
958,1661,936,0,3
959,1594,981,3,0
959,1661,981,3,0
960,1594,982,3,0
960,1661,938,0,3
961,1594,983,3,0
962,1594,961,1,2
962,1611,984,3,0
963,1594,962,1,2
964,1594,963,1,2
965,1594,964,1,2
969,1594,970,2,1
970,1594,971,2,1
971,1594,972,2,1
972,1594,994,3,0
972,1630,950,0,3
973,1594,995,3,0
973,1630,951,0,3
974,1594,996,3,0
974,1630,996,3,0
975,1594,997,3,0
975,1630,953,0,3
976,1594,998,3,0
977,1630,999,3,0
979,1630,957,0,3
980,1594,1002,3,0
981,1594,1003,3,0
981,1630,1003,3,0
982,1594,1004,3,0
982,1630,960,0,3
983,1594,1005,3,0
984,1594,983,1,2
985,1594,984,1,2
986,1594,985,1,2
987,1594,986,1,2
991,1594,992,2,1
992,1594,993,2,1
993,1594,994,2,1
994,1594,1016,3,0
994,1605,972,0,3
994,1657,972,0,3
994,1668,972,0,3
995,1594,1017,3,0
995,1668,973,0,3
996,1594,1018,3,0
996,1668,1018,3,0
997,1594,1019,3,0
997,1668,975,0,3
998,1594,1020,3,0
1002,1594,1024,3,0
1003,1594,1025,3,0
1003,1668,1025,3,0
1004,1594,1026,3,0
1004,1668,982,0,3
1005,1594,1027,3,0
1005,1668,1027,3,0
1006,1594,1005,1,2
1007,1594,1006,1,2
1008,1594,1007,1,2
1009,1594,1008,1,2
1013,1594,1014,2,1
1014,1594,1015,2,1
1015,1594,1016,2,1
1016,1594,1038,3,0
1017,1594,1039,3,0
1018,1594,1040,3,0
1019,1594,1041,3,0
1020,1594,1042,3,0
1024,1594,1046,3,0
1025,1594,1047,3,0
1026,1594,1048,3,0
1027,1594,1049,3,0
1028,1594,1027,1,2
1029,1594,1028,1,2
1030,1594,1029,1,2
1031,1594,1030,1,2
1035,1594,1036,2,1
1036,1594,1037,2,1
1036,1638,1058,3,0
1037,1594,1038,2,1
1038,1594,1060,3,0
1038,1599,1016,0,3
1038,1638,1016,0,3
1039,1594,1061,3,0
1040,1594,1062,3,0
1040,1599,1018,0,3
1041,1594,1063,3,0
1041,1599,1019,0,3
1042,1594,1064,3,0
1046,1594,1068,3,0
1047,1594,1069,3,0
1048,1594,1070,3,0
1048,1599,1026,0,3
1049,1594,1071,3,0
1049,1599,1071,3,0
1049,1638,1071,3,0
1050,1594,1049,1,2
1050,1638,1072,3,0
1051,1594,1050,1,2
1052,1594,1051,1,2
1053,1594,1052,1,2
1057,1594,1058,2,1
1058,1594,1059,2,1
1059,1594,1060,2,1
1060,1594,1082,3,0
1060,1609,1038,0,3
1060,1629,1038,0,3
1060,1670,1038,0,3
1060,1679,1038,0,3
1061,1594,1083,3,0
1062,1594,1084,3,0
1062,1609,1040,0,3
1062,1629,1040,0,3
1062,1670,1040,0,3
1062,1679,1040,0,3
1063,1594,1085,3,0
1063,1609,1041,0,3
1063,1629,1041,0,3
1063,1670,1041,0,3
1063,1679,1041,0,3
1064,1594,1086,3,0
1068,1594,1090,3,0
1069,1594,1091,3,0
1070,1594,1092,3,0
1070,1609,1048,0,3
1070,1629,1048,0,3
1070,1670,1048,0,3
1070,1679,1048,0,3
1071,1594,1093,3,0
1071,1609,1093,3,0
1071,1629,1093,3,0
1071,1670,1093,3,0
1071,1679,1093,3,0
1072,1594,1071,1,2
1073,1594,1072,1,2
1074,1594,1073,1,2
1075,1594,1074,1,2
1079,1594,1080,2,1
1080,1594,1081,2,1
1080,1682,1102,3,0
1081,1594,1082,2,1
1082,1594,1104,3,0
1082,1624,1060,0,3
1082,1627,1060,0,3
1082,1682,1060,0,3
1083,1594,1105,3,0
1084,1594,1106,3,0
1084,1624,1062,0,3
1084,1627,1062,0,3
1085,1594,1107,3,0
1085,1624,1063,0,3
1085,1627,1063,0,3
1086,1594,1108,3,0
1090,1594,1112,3,0
1091,1594,1113,3,0
1092,1594,1114,3,0
1092,1624,1070,0,3
1092,1627,1070,0,3
1093,1594,1115,3,0
1093,1624,1115,3,0
1093,1627,1115,3,0
1093,1682,1115,3,0
1094,1594,1093,1,2
1094,1682,1116,3,0
1095,1594,1094,1,2
1096,1594,1095,1,2
1096,1682,1118,3,0
1097,1594,1096,1,2
1101,1594,1102,2,1
1102,1594,1103,2,1
1103,1594,1104,2,1
1104,1594,1126,3,0
1104,1671,1082,0,3
1104,1677,1082,0,3
1105,1594,1127,3,0
1106,1594,1128,3,0
1106,1671,1084,0,3
1106,1677,1084,0,3
1107,1594,1129,3,0
1107,1671,1085,0,3
1107,1677,1085,0,3
1108,1594,1130,3,0
1112,1594,1134,3,0
1113,1594,1135,3,0
1114,1594,1136,3,0
1114,1671,1092,0,3
1114,1677,1092,0,3
1115,1594,1137,3,0
1115,1671,1137,3,0
1115,1677,1137,3,0
1116,1594,1115,1,2
1117,1594,1116,1,2
1118,1594,1117,1,2
1119,1594,1118,1,2
1123,1594,1124,2,1
1124,1594,1125,2,1
1124,1643,1146,3,0
1125,1594,1126,2,1
1126,1594,1148,3,0
1126,1643,1104,0,3
1127,1594,1149,3,0
1128,1594,1150,3,0
1129,1594,1151,3,0
1130,1594,1152,3,0
1134,1594,1156,3,0
1135,1594,1157,3,0
1136,1594,1158,3,0
1137,1594,1159,3,0
1137,1643,1159,3,0
1138,1594,1137,1,2
1139,1594,1138,1,2
1140,1594,1139,1,2
1140,1643,1162,3,0
1141,1594,1140,1,2
1145,1594,1146,2,1
1146,1594,1147,2,1
1146,1602,1168,3,0
1147,1594,1148,2,1
1147,1602,1169,3,0
1148,1594,1170,3,0
1148,1602,1126,0,3
1148,1615,1126,0,3
1149,1594,1171,3,0
1149,1615,1171,3,0
1150,1594,1172,3,0
1151,1594,1173,3,0
1151,1615,1129,0,3
1152,1594,1174,3,0
1156,1594,1178,3,0
1157,1594,1179,3,0
1158,1594,1180,3,0
1158,1615,1136,0,3
1159,1594,1181,3,0
1159,1602,1181,3,0
1159,1615,1181,3,0
1160,1594,1159,1,2
1161,1594,1160,1,2
1162,1594,1161,1,2
1162,1602,1184,3,0
1163,1594,1162,1,2
1167,1594,1168,2,1
1168,1594,1169,2,1
1168,1598,1190,3,0
1169,1594,1170,2,1
1169,1598,1191,3,0
1170,1594,1192,3,0
1170,1598,1148,0,3
1170,1637,1148,0,3
1171,1594,1193,3,0
1171,1637,1193,3,0
1172,1594,1194,3,0
1173,1594,1195,3,0
1174,1594,1196,3,0
1178,1594,1200,3,0
1179,1594,1201,3,0
1180,1594,1202,3,0
1180,1637,1158,0,3
1181,1594,1203,3,0
1181,1598,1203,3,0
1181,1637,1203,3,0
1182,1594,1181,1,2
1182,1598,1204,3,0
1183,1594,1182,1,2
1184,1594,1183,1,2
1185,1594,1184,1,2
1189,1594,1190,2,1
1190,1594,1191,2,1
1191,1594,1192,2,1
1192,1591,1170,0,3
1192,1594,1214,3,0
1192,1617,1170,0,3
1193,1591,1215,3,0
1193,1594,1215,3,0
1193,1617,1215,3,0
1194,1591,1172,0,3
1194,1594,1216,3,0
1194,1617,1172,0,3
1195,1591,1173,0,3
1195,1594,1217,3,0
1195,1617,1173,0,3
1196,1594,1218,3,0
1200,1594,1222,3,0
1201,1594,1223,3,0
1202,1591,1180,0,3
1202,1594,1224,3,0
1202,1617,1180,0,3
1203,1591,1225,3,0
1203,1594,1225,3,0
1203,1617,1225,3,0
1204,1594,1203,1,2
1205,1594,1204,1,2
1206,1594,1205,1,2
1207,1594,1206,1,2
1211,1594,1212,2,1
1212,1594,1213,2,1
1213,1594,1214,2,1
1214,1594,1236,3,0
1215,1594,1237,3,0
1216,1594,1238,3,0
1217,1594,1239,3,0
1218,1594,1240,3,0
1222,1594,1244,3,0
1223,1594,1245,3,0
1224,1594,1246,3,0
1225,1594,1247,3,0
1226,1594,1225,1,2
1227,1594,1226,1,2
1228,1594,1227,1,2
1229,1594,1228,1,2
1233,1594,1234,2,1
1234,1594,1235,2,1
1235,1594,1236,2,1
1236,1594,1258,3,0
1236,1652,1214,0,3
1237,1594,1259,3,0
1238,1594,1260,3,0
1238,1652,1216,0,3
1239,1594,1261,3,0
1240,1594,1262,3,0
1244,1594,1266,3,0
1245,1594,1267,3,0
1246,1594,1268,3,0
1246,1652,1224,0,3
1247,1594,1269,3,0
1247,1652,1269,3,0
1248,1594,1247,1,2
1249,1594,1248,1,2
1250,1594,1249,1,2
1251,1594,1250,1,2
1255,1594,1256,2,1
1256,1592,1278,3,0
1256,1594,1257,2,1
1256,1662,1278,3,0
1257,1594,1258,2,1
1258,1592,1236,0,3
1258,1594,1280,3,0
1258,1662,1236,0,3
1259,1594,1281,3,0
1260,1594,1282,3,0
1261,1594,1283,3,0
1262,1594,1284,3,0
1266,1594,1288,3,0
1267,1594,1289,3,0
1268,1594,1290,3,0
1269,1592,1291,3,0
1269,1594,1291,3,0
1269,1662,1291,3,0
1270,1592,1292,3,0
1270,1594,1269,1,2
1270,1662,1292,3,0
1271,1594,1270,1,2
1272,1592,1294,3,0
1272,1594,1271,1,2
1272,1662,1294,3,0
1273,1594,1272,1,2
1277,1594,1278,2,1
1278,1594,1279,2,1
1279,1594,1280,2,1
1280,1594,1302,3,0
1281,1594,1303,3,0
1282,1594,1304,3,0
1283,1594,1305,3,0
1284,1594,1306,3,0
1288,1594,1310,3,0
1289,1594,1311,3,0
1290,1594,1312,3,0
1291,1594,1313,3,0
1292,1594,1291,1,2
1293,1594,1292,1,2
1294,1594,1293,1,2
1295,1594,1294,1,2
1299,1594,1300,2,1
1300,1594,1301,2,1
1300,1633,1322,3,0
1301,1594,1302,2,1
1302,1594,1324,3,0
1302,1633,1280,0,3
1303,1594,1325,3,0
1304,1594,1326,3,0
1305,1594,1327,3,0
1306,1594,1328,3,0
1310,1594,1332,3,0
1311,1594,1333,3,0
1312,1594,1334,3,0
1313,1594,1335,3,0
1313,1633,1335,3,0
1314,1594,1313,1,2
1314,1633,1336,3,0
1315,1594,1314,1,2
1316,1594,1315,1,2
1316,1633,1338,3,0
1317,1594,1316,1,2
1321,1594,1322,2,1
1322,1594,1323,2,1
1322,1655,1344,3,0
1323,1594,1324,2,1
1324,1594,1346,3,0
1324,1655,1302,0,3
1325,1594,1347,3,0
1326,1594,1348,3,0
1327,1594,1349,3,0
1328,1594,1350,3,0
1332,1594,1354,3,0
1333,1594,1355,3,0
1334,1594,1356,3,0
1335,1594,1357,3,0
1335,1655,1357,3,0
1336,1594,1335,1,2
1336,1655,1358,3,0
1337,1594,1336,1,2
1338,1594,1337,1,2
1338,1655,1360,3,0
1339,1594,1338,1,2
1343,1594,1344,2,1
1344,1594,1345,2,1
1344,1606,1366,3,0
1344,1675,1366,3,0
1345,1594,1346,2,1
1346,1594,1368,3,0
1346,1606,1324,0,3
1346,1675,1324,0,3
1347,1594,1369,3,0
1348,1594,1370,3,0
1349,1594,1371,3,0
1350,1594,1372,3,0
1354,1594,1376,3,0
1355,1594,1377,3,0
1356,1594,1378,3,0
1357,1594,1379,3,0
1357,1606,1379,3,0
1357,1675,1379,3,0
1358,1594,1357,1,2
1358,1606,1380,3,0
1358,1675,1380,3,0
1359,1594,1358,1,2
1360,1594,1359,1,2
1360,1606,1382,3,0
1360,1675,1382,3,0
1361,1594,1360,1,2
1365,1594,1366,2,1
1366,1594,1367,2,1
1367,1594,1368,2,1
1368,1594,1390,3,0
1369,1594,1391,3,0
1370,1594,1392,3,0
1371,1594,1393,3,0
1372,1594,1394,3,0
1376,1594,1398,3,0
1377,1594,1399,3,0
1378,1594,1400,3,0
1379,1594,1401,3,0
1380,1594,1379,1,2
1381,1594,1380,1,2
1382,1594,1381,1,2
1383,1594,1382,1,2
1387,1594,1388,2,1
1388,1594,1389,2,1
1389,1594,1390,2,1
1390,1594,1412,3,0
1391,1594,1413,3,0
1392,1594,1414,3,0
1393,1594,1415,3,0
1394,1594,1416,3,0
1398,1594,1420,3,0
1399,1594,1421,3,0
1400,1594,1422,3,0
1401,1594,1423,3,0
1402,1594,1401,1,2
1403,1594,1402,1,2
1404,1594,1403,1,2
1405,1594,1404,1,2
1409,1594,1410,2,1
1410,1594,1411,2,1
1411,1594,1412,2,1
1412,1594,1434,3,0
1413,1594,1435,3,0
1414,1594,1436,3,0
1415,1594,1437,3,0
1416,1594,1438,3,0
1420,1594,1442,3,0
1421,1594,1443,3,0
1422,1594,1444,3,0
1423,1594,1445,3,0
1424,1594,1423,1,2
1425,1594,1424,1,2
1426,1594,1425,1,2
1427,1594,1426,1,2
1431,1594,1432,2,1
1432,1594,1433,2,1
1432,1622,1454,3,0
1432,1664,1454,3,0
1433,1594,1434,2,1
1434,1594,1456,3,0
1434,1622,1412,0,3
1434,1664,1412,0,3
1435,1594,1457,3,0
1436,1594,1458,3,0
1437,1594,1459,3,0
1438,1594,1460,3,0
1442,1594,1464,3,0
1443,1594,1465,3,0
1444,1594,1466,3,0
1445,1594,1467,3,0
1446,1594,1445,1,2
1446,1622,1468,3,0
1446,1664,1468,3,0
1447,1594,1446,1,2
1448,1594,1447,1,2
1448,1622,1470,3,0
1448,1664,1470,3,0
1449,1594,1448,1,2
1453,1594,1454,2,1
1454,1594,1455,2,1
1454,1618,1476,3,0
1454,1628,1476,3,0
1455,1594,1456,2,1
1456,1594,1478,3,0
1456,1618,1434,0,3
1456,1628,1434,0,3
1457,1594,1479,3,0
1458,1594,1480,3,0
1459,1594,1481,3,0
1460,1594,1482,3,0
1464,1594,1486,3,0
1465,1594,1487,3,0
1466,1594,1488,3,0
1467,1594,1489,3,0
1468,1594,1467,1,2
1468,1618,1490,3,0
1468,1628,1490,3,0
1469,1594,1468,1,2
1470,1594,1469,1,2
1470,1618,1492,3,0
1470,1628,1492,3,0
1471,1594,1470,1,2
1475,1594,1476,2,1
1476,1588,1498,3,0
1476,1594,1477,2,1
1476,1642,1498,3,0
1476,1645,1498,3,0
1477,1594,1478,2,1
1478,1588,1456,0,3
1478,1594,1500,3,0
1478,1642,1456,0,3
1478,1645,1456,0,3
1479,1594,1501,3,0
1480,1594,1502,3,0
1481,1594,1503,3,0
1482,1594,1504,3,0
1486,1594,1508,3,0
1487,1594,1509,3,0
1488,1594,1510,3,0
1489,1594,1511,3,0
1490,1594,1489,1,2
1491,1588,1513,3,0
1491,1594,1490,1,2
1491,1642,1513,3,0
1491,1645,1513,3,0
1492,1588,1514,3,0
1492,1594,1491,1,2
1492,1642,1514,3,0
1492,1645,1514,3,0
1493,1594,1492,1,2
1497,1594,1498,2,1
1498,1594,1499,2,1
1499,1594,1500,2,1
1500,1594,1522,3,0
1501,1594,1523,3,0
1502,1594,1524,3,0
1503,1594,1525,3,0
1504,1594,1526,3,0
1508,1594,1530,3,0
1509,1594,1531,3,0
1510,1594,1532,3,0
1511,1594,1533,3,0
1512,1594,1511,1,2
1513,1594,1512,1,2
1514,1594,1513,1,2
1515,1594,1514,1,2
1519,1594,1520,2,1
1520,1594,1521,2,1
1521,1594,1522,2,1
1522,1594,1544,3,0
1523,1594,1545,3,0
1524,1594,1546,3,0
1525,1594,1547,3,0
1526,1594,1548,3,0
1530,1594,1552,3,0
1531,1594,1553,3,0
1532,1594,1554,3,0
1533,1594,1555,3,0
1534,1594,1533,1,2
1535,1594,1534,1,2
1536,1594,1535,1,2
1537,1594,1536,1,2
1540,1612,1518,0,2
1541,1594,1542,2,1
1542,1594,1543,2,1
1543,1594,1544,2,1
1544,1612,1522,0,3
1545,1594,1567,3,0
1546,1594,1568,3,0
1547,1594,1569,3,0
1548,1594,1570,3,0
1552,1594,1574,3,0
1553,1594,1575,3,0
1554,1594,1576,3,0
1555,1594,1577,3,0
1555,1612,1577,3,0
1556,1594,1555,1,2
1557,1594,1556,1,2
1558,1594,1557,1,2
1558,1612,1580,3,0
1559,1594,1558,1,2
1559,1612,1537,0,3
1562,1666,1540,0,2
1563,1594,1564,2,1
1564,1594,1565,2,1
1565,1594,1566,2,1
1566,1625,1544,0,3
1566,1666,1544,0,3
1567,1594,5,3,3
1568,1594,6,3,3
1569,1594,7,3,3
1570,1594,8,3,3
1574,1594,12,3,3
1575,1594,13,3,3
1576,1594,14,3,3
1578,1594,1577,1,2
1578,1625,1556,0,3
1578,1666,1556,0,3
1579,1594,1578,1,2
1579,1625,17,3,3
1579,1666,17,3,3
1580,1594,1579,1,2
1580,1625,18,3,3
1580,1666,18,3,3
1581,1594,1580,1,2
1594,1584,140,0,14
1594,1585,140,0,14
1594,1586,140,0,14
1594,1587,140,0,14
1594,1588,140,0,14
1594,1589,140,0,14
1594,1590,140,0,14
1594,1591,140,0,14
1594,1592,140,0,14
1594,1593,140,0,14
1594,1595,140,0,14
1594,1596,140,0,14
1594,1597,140,0,14
1594,1598,140,0,14
1594,1599,140,0,14
1594,1600,140,0,14
1594,1601,140,0,14
1594,1602,140,0,14
1594,1603,140,0,14
1594,1604,140,0,14
1594,1605,140,0,14
1594,1606,140,0,14
1594,1607,140,0,14
1594,1608,140,0,14
1594,1609,140,0,14
1594,1610,140,0,14
1594,1611,140,0,14
1594,1612,140,0,14
1594,1613,140,0,14
1594,1614,140,0,14
1594,1615,140,0,14
1594,1616,140,0,14
1594,1617,140,0,14
1594,1618,140,0,14
1594,1619,140,0,14
1594,1620,140,0,14
1594,1621,140,0,14
1594,1622,140,0,14
1594,1623,140,0,14
1594,1624,140,0,14
1594,1625,140,0,14
1594,1626,140,0,14
1594,1627,140,0,14
1594,1628,140,0,14
1594,1629,140,0,14
1594,1630,140,0,14
1594,1631,140,0,14
1594,1632,140,0,14
1594,1633,140,0,14
1594,1634,140,0,14
1594,1635,140,0,14
1594,1636,140,0,14
1594,1637,140,0,14
1594,1638,140,0,14
1594,1639,140,0,14
1594,1640,140,0,14
1594,1641,140,0,14
1594,1642,140,0,14
1594,1643,140,0,14
1594,1644,140,0,14
1594,1645,140,0,14
1594,1646,140,0,14
1594,1647,140,0,14
1594,1648,140,0,14
1594,1649,140,0,14
1594,1650,140,0,14
1594,1651,140,0,14
1594,1652,140,0,14
1594,1653,140,0,14
1594,1654,140,0,14
1594,1655,140,0,14
1594,1656,140,0,14
1594,1657,140,0,14
1594,1658,140,0,14
1594,1659,140,0,14
1594,1660,140,0,14
1594,1661,140,0,14
1594,1662,140,0,14
1594,1663,140,0,14
1594,1664,140,0,14
1594,1665,140,0,14
1594,1666,140,0,14
1594,1667,140,0,14
1594,1668,140,0,14
1594,1669,140,0,14
1594,1670,140,0,14
1594,1671,140,0,14
1594,1672,140,0,14
1594,1673,140,0,14
1594,1674,140,0,14
1594,1675,140,0,14
1594,1676,140,0,14
1594,1677,140,0,14
1594,1678,140,0,14
1594,1679,140,0,14
1594,1680,140,0,14
1594,1681,140,0,14
1594,1682,140,0,14
1594,1683,140,0,14
