0,1636,22,1,0
1,1636,23,2,0
1,1639,23,2,0
2,1636,24,2,0
2,1639,24,2,0
3,1636,25,2,0
3,1639,1565,3,3
4,1634,26,2,0
4,1636,26,2,0
4,1639,26,2,0
5,1636,4,0,1
6,1636,5,0,1
7,1636,6,0,1
11,1636,12,1,0
12,1634,34,2,0
12,1636,13,1,0
13,1634,1575,3,3
13,1636,14,1,0
14,1634,36,2,0
14,1636,15,1,0
15,1636,37,2,0
16,1636,38,2,0
17,1636,39,2,0
18,1636,40,2,0
22,1599,0,0,1
22,1636,44,2,0
23,1599,45,3,0
23,1636,45,3,0
23,1637,45,3,0
23,1669,45,3,0
24,1636,46,3,0
25,1636,47,3,0
26,1599,48,3,0
26,1636,48,3,0
26,1637,48,3,0
26,1669,48,3,0
27,1636,26,1,2
28,1636,27,1,2
29,1636,28,1,2
33,1636,34,2,1
34,1636,35,2,1
35,1636,36,2,1
36,1636,37,2,1
37,1636,59,3,0
38,1636,60,3,0
39,1636,61,3,0
40,1636,62,3,0
44,1636,66,2,0
45,1627,67,3,0
45,1636,67,3,0
45,1651,67,3,0
45,1677,67,3,0
46,1636,68,3,0
47,1636,69,3,0
48,1627,70,3,0
48,1636,70,3,0
48,1651,70,3,0
48,1677,70,3,0
49,1636,48,1,2
50,1636,49,1,2
51,1636,50,1,2
55,1636,56,2,1
56,1636,57,2,1
57,1636,58,2,1
58,1636,59,2,1
59,1636,81,3,0
60,1636,82,3,0
61,1636,83,3,0
62,1636,84,3,0
66,1619,44,0,2
66,1636,88,2,0
67,1619,89,3,0
67,1636,89,3,0
68,1636,90,3,0
69,1619,47,0,3
69,1636,91,3,0
70,1604,92,3,0
70,1619,92,3,0
70,1636,92,3,0
71,1604,93,3,0
71,1636,70,1,2
72,1636,71,1,2
73,1636,72,1,2
77,1636,78,2,1
78,1636,79,2,1
79,1636,80,2,1
80,1604,102,3,0
80,1636,81,2,1
81,1636,103,3,0
82,1636,104,3,0
83,1636,105,3,0
84,1619,106,3,0
84,1636,106,3,0
85,1619,107,3,0
88,1636,110,2,0
88,1670,66,0,2
88,1679,66,0,2
89,1636,111,3,0
89,1649,111,3,0
89,1670,111,3,0
89,1679,111,3,0
90,1636,112,3,0
91,1636,113,3,0
91,1649,69,0,3
91,1670,69,0,3
91,1679,69,0,3
92,1636,114,3,0
92,1649,114,3,0
92,1670,114,3,0
92,1679,114,3,0
93,1636,92,1,2
94,1636,93,1,2
95,1636,94,1,2
99,1636,100,2,1
100,1636,101,2,1
101,1636,102,2,1
102,1636,103,2,1
103,1636,125,3,0
104,1636,126,3,0
105,1636,127,3,0
105,1649,83,0,3
105,1670,83,0,3
105,1679,83,0,3
106,1636,128,3,0
106,1670,128,3,0
106,1679,128,3,0
110,1632,88,0,2
110,1636,132,2,0
110,1647,88,0,2
111,1632,133,3,0
111,1636,133,3,0
111,1647,133,3,0
112,1636,134,3,0
113,1632,91,0,3
113,1636,135,3,0
113,1647,91,0,3
114,1589,136,3,0
114,1632,136,3,0
114,1636,136,3,0
114,1647,136,3,0
115,1636,114,1,2
116,1589,138,3,0
116,1636,115,1,2
117,1636,116,1,2
121,1636,122,2,1
122,1636,123,2,1
123,1589,145,3,0
123,1636,124,2,1
124,1589,146,3,0
124,1636,125,2,1
125,1636,147,3,0
126,1636,148,3,0
127,1632,105,0,3
127,1636,149,3,0
127,1647,105,0,3
128,1632,150,3,0
128,1636,150,3,0
128,1647,150,3,0
129,1632,151,3,0
129,1647,151,3,0
130,1632,152,3,0
130,1647,152,3,0
132,1610,110,0,2
132,1636,154,2,0
133,1584,155,3,0
133,1591,155,3,0
133,1610,155,3,0
133,1617,155,3,0
133,1636,155,3,0
134,1636,156,3,0
135,1584,157,3,0
135,1591,157,3,0
135,1610,157,3,0
135,1617,157,3,0
135,1636,157,3,0
136,1584,158,3,0
136,1591,158,3,0
136,1610,158,3,0
136,1616,158,3,0
136,1617,158,3,0
136,1636,158,3,0
136,1646,158,3,0
136,1681,158,3,0
137,1636,136,1,2
138,1616,160,3,0
138,1636,137,1,2
138,1646,160,3,0
138,1681,160,3,0
139,1636,138,1,2
142,1616,120,0,3
142,1681,120,0,3
143,1636,144,2,1
144,1636,145,2,1
145,1616,167,3,0
145,1636,146,2,1
145,1646,167,3,0
145,1681,167,3,0
146,1636,147,2,1
147,1636,169,3,0
148,1636,170,3,0
149,1584,127,0,3
149,1591,127,0,3
149,1610,127,0,3
149,1617,127,0,3
149,1636,171,3,0
150,1610,172,3,0
150,1636,172,3,0
151,1610,173,3,0
152,1610,174,3,0
154,1601,132,0,2
154,1636,176,2,0
155,1601,177,3,0
155,1636,177,3,0
156,1636,178,3,0
157,1601,179,3,0
157,1636,179,3,0
158,1601,180,3,0
158,1636,180,3,0
158,1644,180,3,0
159,1636,158,1,2
160,1636,159,1,2
160,1644,182,3,0
161,1636,160,1,2
165,1636,166,2,1
166,1636,167,2,1
167,1636,168,2,1
167,1644,189,3,0
168,1636,169,2,1
169,1601,147,0,3
169,1636,191,3,0
169,1644,147,0,3
170,1601,192,3,0
170,1636,192,3,0
171,1636,193,3,0
172,1601,194,3,0
172,1636,194,3,0
173,1601,195,3,0
175,1601,197,3,0
176,1636,198,2,0
177,1636,199,3,0
178,1636,200,3,0
179,1636,201,3,0
180,1602,202,3,0
180,1636,202,3,0
180,1643,202,3,0
181,1636,180,1,2
182,1602,204,3,0
182,1636,181,1,2
182,1643,204,3,0
183,1636,182,1,2
187,1636,188,2,1
188,1636,189,2,1
189,1602,211,3,0
189,1636,190,2,1
189,1643,211,3,0
190,1636,191,2,1
191,1602,169,0,3
191,1636,213,3,0
191,1643,169,0,3
192,1636,214,3,0
193,1636,215,3,0
194,1636,216,3,0
198,1636,220,2,0
199,1636,221,3,0
200,1636,222,3,0
201,1636,223,3,0
202,1636,224,3,0
203,1636,202,1,2
204,1636,203,1,2
205,1636,204,1,2
209,1636,210,2,1
210,1636,211,2,1
211,1636,212,2,1
212,1636,213,2,1
213,1636,235,3,0
214,1636,236,3,0
215,1636,237,3,0
216,1636,238,3,0
220,1636,242,2,0
221,1636,243,3,0
222,1636,244,3,0
223,1636,245,3,0
224,1636,246,3,0
225,1636,224,1,2
226,1636,225,1,2
227,1636,226,1,2
231,1636,232,2,1
232,1636,233,2,1
233,1636,234,2,1
234,1636,235,2,1
235,1636,257,3,0
236,1636,258,3,0
237,1636,259,3,0
238,1636,260,3,0
242,1636,264,2,0
243,1636,265,3,0
244,1636,266,3,0
245,1636,267,3,0
246,1636,268,3,0
247,1636,246,1,2
248,1636,247,1,2
249,1636,248,1,2
253,1636,254,2,1
254,1636,255,2,1
255,1636,256,2,1
256,1636,257,2,1
257,1636,279,3,0
258,1636,280,3,0
259,1636,281,3,0
260,1636,282,3,0
264,1636,286,2,0
265,1636,287,3,0
266,1636,288,3,0
267,1636,289,3,0
268,1636,290,3,0
269,1636,268,1,2
270,1636,269,1,2
271,1636,270,1,2
275,1636,276,2,1
276,1636,277,2,1
277,1636,278,2,1
278,1636,279,2,1
279,1636,301,3,0
280,1636,302,3,0
281,1636,303,3,0
282,1636,304,3,0
286,1636,308,2,0
287,1636,309,3,0
288,1636,310,3,0
289,1636,311,3,0
290,1636,312,3,0
291,1636,290,1,2
292,1636,291,1,2
293,1636,292,1,2
297,1636,298,2,1
298,1636,299,2,1
299,1636,300,2,1
300,1636,301,2,1
301,1636,323,3,0
302,1636,324,3,0
303,1636,325,3,0
304,1636,326,3,0
308,1636,330,2,0
309,1636,331,3,0
310,1636,332,3,0
311,1636,333,3,0
312,1593,334,3,0
312,1636,334,3,0
312,1672,334,3,0
313,1636,312,1,2
314,1593,336,3,0
314,1636,313,1,2
314,1672,336,3,0
315,1636,314,1,2
319,1636,320,2,1
320,1636,321,2,1
321,1593,343,3,0
321,1636,322,2,1
321,1672,343,3,0
322,1636,323,2,1
323,1636,345,3,0
324,1636,346,3,0
325,1636,347,3,0
326,1636,348,3,0
330,1636,352,2,0
331,1636,353,3,0
332,1636,354,3,0
333,1636,355,3,0
334,1636,356,3,0
334,1640,356,3,0
334,1678,356,3,0
335,1636,334,1,2
336,1636,335,1,2
337,1636,336,1,2
341,1636,342,2,1
342,1636,343,2,1
343,1636,344,2,1
344,1636,345,2,1
345,1636,367,3,0
346,1636,368,3,0
347,1636,369,3,0
348,1636,370,3,0
352,1636,374,2,0
353,1636,375,3,0
354,1636,376,3,0
355,1636,377,3,0
356,1636,378,3,0
357,1636,356,1,2
358,1636,357,1,2
359,1636,358,1,2
363,1636,364,2,1
364,1636,365,2,1
365,1636,366,2,1
366,1636,367,2,1
367,1636,389,3,0
368,1636,390,3,0
369,1636,391,3,0
370,1636,392,3,0
374,1636,396,2,0
375,1636,397,3,0
376,1636,398,3,0
377,1636,399,3,0
378,1636,400,3,0
379,1636,378,1,2
380,1636,379,1,2
381,1636,380,1,2
385,1636,386,2,1
386,1636,387,2,1
387,1636,388,2,1
388,1636,389,2,1
389,1636,411,3,0
390,1636,412,3,0
391,1636,413,3,0
392,1636,414,3,0
396,1636,418,2,0
397,1636,419,3,0
398,1636,420,3,0
399,1636,421,3,0
400,1636,422,3,0
401,1636,400,1,2
402,1636,401,1,2
403,1636,402,1,2
407,1636,408,2,1
408,1636,409,2,1
409,1636,410,2,1
410,1636,411,2,1
411,1636,433,3,0
412,1636,434,3,0
413,1636,435,3,0
414,1636,436,3,0
418,1636,440,2,0
419,1636,441,3,0
420,1636,442,3,0
421,1636,443,3,0
422,1636,444,3,0
423,1636,422,1,2
424,1636,423,1,2
425,1636,424,1,2
429,1636,430,2,1
430,1636,431,2,1
431,1636,432,2,1
432,1636,433,2,1
433,1636,455,3,0
434,1636,456,3,0
435,1636,457,3,0
436,1636,458,3,0
440,1636,462,2,0
441,1636,463,3,0
442,1636,464,3,0
443,1636,465,3,0
444,1636,466,3,0
444,1659,466,3,0
445,1636,444,1,2
446,1636,445,1,2
446,1659,468,3,0
447,1636,446,1,2
448,1659,426,0,3
450,1659,428,0,3
451,1636,452,2,1
452,1636,453,2,1
452,1659,474,3,0
453,1636,454,2,1
453,1659,475,3,0
454,1636,455,2,1
455,1636,477,3,0
456,1636,478,3,0
457,1636,479,3,0
458,1636,480,3,0
462,1636,484,2,0
463,1636,485,3,0
464,1636,486,3,0
464,1668,442,0,3
465,1636,487,3,0
466,1618,488,3,0
466,1636,488,3,0
466,1668,488,3,0
467,1636,466,1,2
468,1618,490,3,0
468,1636,467,1,2
469,1636,468,1,2
473,1636,474,2,1
474,1618,496,3,0
474,1636,475,2,1
475,1618,497,3,0
475,1636,476,2,1
476,1636,477,2,1
477,1636,499,3,0
478,1636,500,3,0
479,1636,501,3,0
479,1668,501,3,0
480,1636,502,3,0
484,1636,506,2,0
485,1636,507,3,0
486,1636,508,3,0
487,1636,509,3,0
488,1636,510,3,0
488,1650,510,3,0
489,1636,488,1,2
490,1636,489,1,2
490,1650,512,3,0
491,1636,490,1,2
494,1650,472,0,3
495,1636,496,2,1
496,1636,497,2,1
496,1650,518,3,0
497,1636,498,2,1
497,1650,519,3,0
498,1636,499,2,1
499,1636,521,3,0
500,1636,522,3,0
501,1636,523,3,0
502,1636,524,3,0
506,1636,528,2,0
507,1636,529,3,0
508,1636,530,3,0
509,1636,531,3,0
510,1636,532,3,0
511,1636,510,1,2
512,1636,511,1,2
513,1636,512,1,2
517,1636,518,2,1
518,1636,519,2,1
519,1636,520,2,1
520,1636,521,2,1
521,1636,543,3,0
522,1636,544,3,0
523,1636,545,3,0
524,1636,546,3,0
528,1636,550,2,0
529,1636,551,3,0
530,1636,552,3,0
531,1636,553,3,0
532,1636,554,3,0
533,1636,532,1,2
534,1636,533,1,2
535,1636,534,1,2
539,1636,540,2,1
540,1636,541,2,1
541,1636,542,2,1
542,1636,543,2,1
543,1636,565,3,0
544,1636,566,3,0
545,1636,567,3,0
546,1636,568,3,0
550,1636,572,2,0
551,1636,573,3,0
552,1636,574,3,0
553,1636,575,3,0
554,1636,576,3,0
555,1636,554,1,2
556,1636,555,1,2
557,1636,556,1,2
561,1636,562,2,1
562,1636,563,2,1
563,1636,564,2,1
564,1636,565,2,1
565,1636,587,3,0
566,1636,588,3,0
567,1636,589,3,0
568,1636,590,3,0
572,1636,1636,56,0
573,1636,572,1,1
574,1636,573,1,2
575,1636,574,1,2
576,1636,575,1,2
576,1656,598,3,0
577,1636,576,1,2
578,1636,577,1,2
578,1656,600,3,0
579,1636,578,1,2
582,1656,560,0,3
583,1636,584,2,1
584,1636,585,2,1
584,1656,606,3,0
585,1636,586,2,1
585,1656,607,3,0
586,1636,587,2,1
587,1636,588,2,1
588,1636,589,2,1
589,1636,590,2,1
590,1636,591,2,1
594,1636,572,0,2
595,1636,573,0,3
596,1636,574,0,3
597,1636,575,0,3
598,1680,620,3,0
599,1636,598,1,2
600,1636,599,1,2
600,1680,622,3,0
601,1636,600,1,2
604,1680,582,0,3
605,1636,606,2,1
606,1636,607,2,1
606,1680,628,3,0
607,1636,608,2,1
607,1680,629,3,0
608,1636,609,2,1
610,1636,588,0,3
611,1636,589,0,3
612,1636,590,0,3
616,1636,594,0,2
617,1636,595,0,3
618,1636,596,0,3
619,1636,597,0,3
619,1676,641,3,0
620,1638,642,3,0
620,1676,642,3,0
621,1636,620,1,2
622,1636,621,1,2
622,1638,644,3,0
623,1636,622,1,2
627,1636,628,2,1
628,1636,629,2,1
629,1636,630,2,1
630,1636,631,2,1
632,1636,610,0,3
633,1636,611,0,3
634,1636,612,0,3
638,1636,616,0,2
639,1636,617,0,3
640,1636,618,0,3
641,1636,619,0,3
643,1636,642,1,2
644,1636,643,1,2
645,1636,644,1,2
649,1636,650,2,1
650,1636,651,2,1
651,1636,652,2,1
652,1636,653,2,1
654,1636,632,0,3
655,1636,633,0,3
656,1636,634,0,3
660,1636,638,0,2
661,1636,639,0,3
662,1636,640,0,3
663,1636,641,0,3
665,1636,664,1,2
666,1636,665,1,2
666,1655,688,3,0
667,1636,666,1,2
671,1636,672,2,1
672,1636,673,2,1
672,1655,694,3,0
673,1636,674,2,1
674,1636,675,2,1
676,1636,654,0,3
677,1636,655,0,3
678,1636,656,0,3
682,1636,660,0,2
683,1636,661,0,3
684,1636,662,0,3
685,1621,707,3,0
685,1636,663,0,3
685,1667,707,3,0
687,1636,686,1,2
688,1636,687,1,2
689,1636,688,1,2
693,1636,694,2,1
694,1636,695,2,1
695,1636,696,2,1
696,1636,697,2,1
698,1636,676,0,3
699,1621,721,3,0
699,1636,677,0,3
699,1667,721,3,0
700,1636,678,0,3
704,1636,682,0,2
705,1636,683,0,3
706,1636,684,0,3
707,1636,685,0,3
707,1660,729,3,0
709,1636,708,1,2
710,1592,732,3,0
710,1636,709,1,2
711,1636,710,1,2
715,1636,716,2,1
716,1636,717,2,1
717,1636,718,2,1
718,1592,696,0,3
718,1636,719,2,1
720,1636,698,0,3
721,1636,699,0,3
721,1660,743,3,0
722,1636,700,0,3
726,1636,704,0,2
727,1636,705,0,3
728,1636,706,0,3
729,1636,707,0,3
729,1648,751,3,0
729,1658,751,3,0
731,1636,730,1,2
732,1636,731,1,2
733,1636,732,1,2
737,1636,738,2,1
738,1636,739,2,1
739,1636,740,2,1
740,1636,741,2,1
741,1636,719,0,3
741,1648,719,0,3
741,1658,719,0,3
742,1636,720,0,3
743,1636,721,0,3
743,1648,765,3,0
743,1658,765,3,0
744,1636,722,0,3
748,1636,726,0,2
749,1636,727,0,3
749,1654,727,0,3
750,1636,728,0,3
750,1654,728,0,3
751,1636,729,0,3
751,1654,773,3,0
752,1636,730,0,3
753,1636,752,1,2
754,1598,776,3,0
754,1636,753,1,2
755,1636,754,1,2
759,1636,760,2,1
760,1636,761,2,1
761,1598,783,3,0
761,1636,762,2,1
762,1598,740,0,3
762,1636,763,2,1
763,1598,741,0,3
763,1636,741,0,3
763,1654,741,0,3
764,1636,742,0,3
765,1636,743,0,3
765,1654,787,3,0
766,1636,744,0,3
770,1636,748,0,2
770,1641,792,2,0
771,1636,749,0,3
771,1641,749,0,3
772,1636,750,0,3
772,1641,750,0,3
773,1636,751,0,3
773,1641,795,3,0
774,1633,752,0,3
774,1636,752,0,3
774,1641,752,0,3
775,1636,774,1,2
776,1633,798,3,0
776,1636,775,1,2
777,1636,776,1,2
781,1636,782,2,1
782,1636,783,2,1
783,1633,805,3,0
783,1636,784,2,1
784,1633,762,0,3
784,1636,785,2,1
785,1636,763,0,3
786,1636,764,0,3
787,1636,765,0,3
787,1641,809,3,0
788,1636,766,0,3
792,1636,770,0,2
793,1636,771,0,3
794,1636,772,0,3
795,1636,773,0,3
796,1636,774,0,3
797,1636,796,1,2
798,1636,797,1,2
799,1636,798,1,2
803,1636,804,2,1
804,1636,805,2,1
805,1636,806,2,1
806,1636,807,2,1
807,1636,785,0,3
808,1636,786,0,3
809,1636,787,0,3
810,1636,788,0,3
814,1636,792,0,2
815,1636,793,0,3
816,1636,794,0,3
817,1636,795,0,3
818,1612,796,0,3
818,1623,796,0,3
818,1636,796,0,3
819,1636,818,1,2
820,1636,819,1,2
821,1636,820,1,2
825,1612,803,0,3
825,1636,826,2,1
826,1612,804,0,3
826,1636,827,2,1
827,1636,828,2,1
828,1612,806,0,3
828,1623,806,0,3
828,1636,829,2,1
829,1636,807,0,3
830,1636,808,0,3
831,1636,809,0,3
832,1636,810,0,3
836,1636,814,0,2
837,1636,815,0,3
838,1636,816,0,3
839,1636,817,0,3
840,1588,818,0,3
840,1620,818,0,3
840,1636,818,0,3
840,1642,818,0,3
841,1588,819,0,3
841,1620,819,0,3
841,1636,840,1,2
841,1642,819,0,3
842,1636,841,1,2
843,1588,821,0,3
843,1620,821,0,3
843,1636,842,1,2
843,1642,821,0,3
844,1588,866,3,0
844,1620,866,3,0
844,1642,866,3,0
847,1588,825,0,3
847,1620,825,0,3
847,1636,848,2,1
847,1642,825,0,3
848,1636,849,2,1
849,1636,850,2,1
850,1588,828,0,3
850,1620,828,0,3
850,1636,851,2,1
850,1642,828,0,3
851,1636,829,0,3
852,1636,830,0,3
853,1636,831,0,3
854,1636,832,0,3
858,1636,836,0,2
859,1636,837,0,3
860,1636,838,0,3
861,1636,839,0,3
862,1628,840,0,3
862,1636,840,0,3
862,1645,840,0,3
863,1628,841,0,3
863,1636,862,1,2
863,1645,841,0,3
864,1636,863,1,2
865,1636,864,1,2
869,1636,870,2,1
870,1636,871,2,1
871,1636,872,2,1
872,1628,850,0,3
872,1636,873,2,1
872,1645,850,0,3
873,1636,851,0,3
874,1636,852,0,3
875,1636,853,0,3
876,1636,854,0,3
880,1636,858,0,2
881,1636,859,0,3
882,1636,860,0,3
883,1636,861,0,3
884,1622,862,0,3
884,1636,862,0,3
885,1636,884,1,2
886,1636,885,1,2
887,1636,886,1,2
891,1636,892,2,1
892,1636,893,2,1
893,1622,871,0,3
893,1636,894,2,1
894,1622,872,0,3
894,1636,895,2,1
895,1636,873,0,3
896,1636,874,0,3
897,1636,875,0,3
898,1636,876,0,3
902,1636,880,0,2
903,1636,881,0,3
904,1636,882,0,3
905,1636,883,0,3
906,1636,884,0,3
906,1673,884,0,3
907,1636,906,1,2
908,1636,907,1,2
908,1673,886,0,3
909,1636,908,1,2
913,1636,914,2,1
914,1636,915,2,1
915,1636,916,2,1
915,1673,893,0,3
916,1636,917,2,1
916,1673,894,0,3
917,1636,895,0,3
918,1636,896,0,3
919,1636,897,0,3
920,1636,898,0,3
924,1636,902,0,2
925,1636,903,0,3
926,1636,904,0,3
927,1611,905,0,3
927,1636,905,0,3
928,1611,906,0,3
928,1636,906,0,3
928,1661,906,0,3
929,1636,928,1,2
930,1636,929,1,2
930,1661,908,0,3
931,1636,930,1,2
935,1636,936,2,1
936,1636,937,2,1
937,1636,938,2,1
937,1661,915,0,3
938,1636,939,2,1
939,1636,917,0,3
940,1636,918,0,3
941,1636,919,0,3
942,1636,920,0,3
946,1613,968,2,0
946,1636,924,0,2
947,1613,925,0,3
947,1636,925,0,3
948,1636,926,0,3
949,1613,927,0,3
949,1636,927,0,3
950,1594,928,0,3
950,1613,928,0,3
950,1630,928,0,3
950,1636,928,0,3
950,1666,928,0,3
951,1636,950,1,2
952,1594,930,0,3
952,1630,930,0,3
952,1636,951,1,2
952,1666,930,0,3
953,1636,952,1,2
954,1630,976,3,0
957,1636,958,2,1
958,1636,959,2,1
959,1594,937,0,3
959,1630,937,0,3
959,1636,960,2,1
959,1666,937,0,3
960,1636,961,2,1
961,1594,983,3,0
961,1613,983,3,0
961,1630,983,3,0
961,1636,939,0,3
961,1666,983,3,0
962,1613,940,0,3
962,1636,940,0,3
963,1636,941,0,3
964,1613,942,0,3
964,1636,942,0,3
965,1613,943,0,3
968,1636,946,0,2
969,1636,947,0,3
970,1636,948,0,3
971,1636,949,0,3
972,1636,950,0,3
972,1657,950,0,3
973,1636,972,1,2
974,1636,973,1,2
975,1636,974,1,2
979,1636,980,2,1
980,1636,981,2,1
981,1636,982,2,1
982,1636,983,2,1
983,1636,961,0,3
984,1636,962,0,3
985,1636,963,0,3
986,1636,964,0,3
990,1636,968,0,2
991,1636,969,0,3
992,1636,970,0,3
993,1608,1015,3,0
993,1636,971,0,3
994,1608,972,0,3
994,1636,972,0,3
994,1683,972,0,3
995,1636,994,1,2
996,1636,995,1,2
996,1683,974,0,3
997,1636,996,1,2
1001,1636,1002,2,1
1002,1636,1003,2,1
1003,1636,1004,2,1
1003,1683,981,0,3
1004,1636,1005,2,1
1005,1608,1027,3,0
1005,1636,983,0,3
1005,1683,1027,3,0
1006,1608,984,0,3
1006,1636,984,0,3
1007,1636,985,0,3
1008,1636,986,0,3
1012,1636,990,0,2
1013,1636,991,0,3
1014,1636,992,0,3
1015,1636,993,0,3
1016,1625,994,0,3
1016,1636,994,0,3
1017,1636,1016,1,2
1018,1625,996,0,3
1018,1636,1017,1,2
1019,1636,1018,1,2
1023,1636,1024,2,1
1024,1625,1002,0,3
1024,1636,1025,2,1
1025,1625,1003,0,3
1025,1636,1026,2,1
1026,1636,1027,2,1
1027,1636,1005,0,3
1028,1636,1006,0,3
1029,1636,1007,0,3
1030,1636,1008,0,3
1034,1636,1012,0,2
1035,1636,1013,0,3
1036,1636,1014,0,3
1037,1636,1015,0,3
1038,1603,1016,0,3
1038,1605,1016,0,3
1038,1609,1016,0,3
1038,1626,1016,0,3
1038,1629,1016,0,3
1038,1631,1016,0,3
1038,1636,1016,0,3
1039,1636,1038,1,2
1040,1603,1018,0,3
1040,1609,1018,0,3
1040,1626,1018,0,3
1040,1629,1018,0,3
1040,1631,1018,0,3
1040,1636,1039,1,2
1041,1636,1040,1,2
1045,1636,1046,2,1
1046,1603,1024,0,3
1046,1609,1024,0,3
1046,1626,1024,0,3
1046,1629,1024,0,3
1046,1631,1024,0,3
1046,1636,1047,2,1
1047,1603,1025,0,3
1047,1609,1025,0,3
1047,1626,1025,0,3
1047,1629,1025,0,3
1047,1631,1025,0,3
1047,1636,1048,2,1
1048,1636,1049,2,1
1049,1636,1027,0,3
1050,1636,1028,0,3
1051,1636,1029,0,3
1052,1636,1030,0,3
1056,1636,1034,0,2
1057,1636,1035,0,3
1058,1636,1036,0,3
1059,1636,1037,0,3
1060,1624,1038,0,3
1060,1636,1038,0,3
1061,1636,1060,1,2
1062,1624,1040,0,3
1062,1636,1061,1,2
1063,1636,1062,1,2
1067,1636,1068,2,1
1068,1624,1046,0,3
1068,1636,1069,2,1
1069,1624,1047,0,3
1069,1636,1070,2,1
1070,1636,1071,2,1
1071,1636,1049,0,3
1072,1636,1050,0,3
1073,1636,1051,0,3
1074,1636,1052,0,3
1078,1636,1056,0,2
1079,1636,1057,0,3
1079,1653,1101,3,0
1080,1636,1058,0,3
1081,1636,1059,0,3
1082,1636,1060,0,3
1082,1653,1060,0,3
1082,1671,1060,0,3
1083,1636,1082,1,2
1084,1636,1083,1,2
1084,1671,1062,0,3
1085,1636,1084,1,2
1089,1636,1090,2,1
1090,1636,1091,2,1
1091,1636,1092,2,1
1091,1671,1069,0,3
1092,1636,1093,2,1
1093,1636,1071,0,3
1094,1636,1072,0,3
1095,1636,1073,0,3
1095,1653,1073,0,3
1096,1636,1074,0,3
1100,1636,1078,0,2
1100,1674,1122,2,0
1100,1682,1122,2,0
1101,1636,1079,0,3
1101,1674,1123,3,0
1101,1682,1123,3,0
1102,1636,1080,0,3
1103,1636,1081,0,3
1104,1586,1082,0,3
1104,1635,1082,0,3
1104,1636,1082,0,3
1104,1674,1082,0,3
1104,1682,1082,0,3
1105,1636,1104,1,2
1106,1586,1084,0,3
1106,1635,1084,0,3
1106,1636,1105,1,2
1107,1636,1106,1,2
1111,1636,1112,2,1
1112,1586,1090,0,3
1112,1635,1090,0,3
1112,1636,1113,2,1
1113,1586,1091,0,3
1113,1635,1091,0,3
1113,1636,1114,2,1
1114,1636,1115,2,1
1115,1636,1093,0,3
1116,1636,1094,0,3
1116,1674,1094,0,3
1116,1682,1094,0,3
1117,1636,1095,0,3
1117,1674,1095,0,3
1117,1682,1095,0,3
1118,1636,1096,0,3
1119,1674,1097,0,3
1119,1682,1097,0,3
1121,1682,1099,0,3
1122,1636,1100,0,2
1123,1587,1145,3,0
1123,1636,1101,0,3
1124,1636,1102,0,3
1125,1636,1103,0,3
1126,1587,1104,0,3
1126,1596,1104,0,3
1126,1636,1104,0,3
1126,1665,1104,0,3
1127,1636,1126,1,2
1128,1636,1127,1,2
1128,1665,1106,0,3
1129,1636,1128,1,2
1133,1636,1134,2,1
1134,1636,1135,2,1
1135,1636,1136,2,1
1135,1665,1113,0,3
1136,1636,1137,2,1
1137,1636,1115,0,3
1138,1587,1116,0,3
1138,1596,1116,0,3
1138,1636,1116,0,3
1139,1587,1117,0,3
1139,1596,1117,0,3
1139,1636,1117,0,3
1140,1587,1162,3,0
1140,1636,1118,0,3
1144,1636,1122,0,2
1145,1636,1123,0,3
1146,1636,1124,0,3
1147,1636,1125,0,3
1148,1590,1126,0,3
1148,1607,1126,0,3
1148,1636,1126,0,3
1149,1636,1148,1,2
1150,1590,1128,0,3
1150,1607,1128,0,3
1150,1636,1149,1,2
1151,1636,1150,1,2
1155,1636,1156,2,1
1156,1636,1157,2,1
1157,1590,1135,0,3
1157,1607,1135,0,3
1157,1636,1158,2,1
1158,1636,1159,2,1
1159,1636,1137,0,3
1160,1636,1138,0,3
1161,1636,1139,0,3
1162,1636,1140,0,3
1166,1636,1144,0,2
1167,1636,1145,0,3
1168,1636,1146,0,3
1169,1636,1147,0,3
1170,1636,1148,0,3
1171,1636,1170,1,2
1172,1636,1171,1,2
1173,1636,1172,1,2
1177,1636,1178,2,1
1178,1636,1179,2,1
1179,1636,1180,2,1
1180,1636,1181,2,1
1181,1636,1159,0,3
1182,1636,1160,0,3
1183,1636,1161,0,3
1184,1636,1162,0,3
1188,1636,1166,0,2
1189,1636,1167,0,3
1190,1636,1168,0,3
1191,1636,1169,0,3
1192,1615,1170,0,3
1192,1636,1170,0,3
1193,1615,1215,3,0
1193,1636,1192,1,2
1194,1615,1172,0,3
1194,1636,1193,1,2
1195,1636,1194,1,2
1199,1636,1200,2,1
1200,1636,1201,2,1
1201,1615,1179,0,3
1201,1636,1202,2,1
1202,1636,1203,2,1
1203,1636,1181,0,3
1204,1636,1182,0,3
1205,1636,1183,0,3
1206,1636,1184,0,3
1210,1636,1188,0,2
1211,1636,1189,0,3
1212,1636,1190,0,3
1212,1663,1234,3,0
1213,1636,1191,0,3
1214,1636,1192,0,3
1214,1652,1192,0,3
1214,1663,1192,0,3
1215,1636,1214,1,2
1216,1636,1215,1,2
1217,1636,1216,1,2
1221,1636,1222,2,1
1222,1636,1223,2,1
1223,1636,1224,2,1
1224,1636,1225,2,1
1225,1636,1203,0,3
1226,1636,1204,0,3
1227,1636,1205,0,3
1227,1663,1205,0,3
1228,1636,1206,0,3
1232,1600,1254,2,0
1232,1636,1210,0,2
1233,1600,1255,3,0
1233,1636,1211,0,3
1233,1662,1255,3,0
1234,1600,1256,3,0
1234,1636,1212,0,3
1234,1662,1256,3,0
1235,1636,1213,0,3
1236,1600,1214,0,3
1236,1636,1214,0,3
1236,1662,1214,0,3
1237,1636,1236,1,2
1238,1636,1237,1,2
1239,1636,1238,1,2
1243,1636,1244,2,1
1244,1636,1245,2,1
1245,1636,1246,2,1
1246,1636,1247,2,1
1247,1636,1225,0,3
1248,1636,1226,0,3
1249,1600,1227,0,3
1249,1636,1227,0,3
1249,1662,1227,0,3
1250,1600,1272,3,0
1250,1636,1228,0,3
1251,1600,1229,0,3
1253,1600,1231,0,3
1254,1636,1232,0,2
1255,1636,1233,0,3
1256,1636,1234,0,3
1257,1636,1235,0,3
1258,1636,1236,0,3
1259,1636,1258,1,2
1260,1636,1259,1,2
1261,1636,1260,1,2
1265,1636,1266,2,1
1266,1636,1267,2,1
1267,1636,1268,2,1
1268,1636,1269,2,1
1269,1636,1247,0,3
1270,1636,1248,0,3
1271,1636,1249,0,3
1272,1636,1250,0,3
1276,1636,1254,0,2
1277,1636,1255,0,3
1278,1636,1256,0,3
1279,1636,1257,0,3
1280,1636,1258,0,3
1281,1636,1280,1,2
1282,1636,1281,1,2
1283,1636,1282,1,2
1287,1636,1288,2,1
1288,1636,1289,2,1
1289,1636,1290,2,1
1290,1636,1291,2,1
1291,1636,1269,0,3
1292,1636,1270,0,3
1293,1636,1271,0,3
1294,1636,1272,0,3
1298,1636,1276,0,2
1299,1636,1277,0,3
1300,1636,1278,0,3
1301,1636,1279,0,3
1302,1636,1280,0,3
1303,1636,1302,1,2
1304,1636,1303,1,2
1305,1636,1304,1,2
1309,1636,1310,2,1
1310,1636,1311,2,1
1311,1636,1312,2,1
1312,1636,1313,2,1
1313,1636,1291,0,3
1314,1636,1292,0,3
1315,1636,1293,0,3
1316,1636,1294,0,3
1320,1606,1342,2,0
1320,1636,1298,0,2
1320,1675,1342,2,0
1321,1636,1299,0,3
1322,1606,1344,3,0
1322,1636,1300,0,3
1322,1675,1344,3,0
1323,1606,1345,3,0
1323,1636,1301,0,3
1323,1675,1345,3,0
1324,1606,1302,0,3
1324,1636,1302,0,3
1324,1675,1302,0,3
1325,1636,1324,1,2
1326,1636,1325,1,2
1327,1636,1326,1,2
1331,1636,1332,2,1
1332,1636,1333,2,1
1333,1636,1334,2,1
1334,1636,1335,2,1
1335,1636,1313,0,3
1336,1636,1314,0,3
1337,1606,1315,0,3
1337,1636,1315,0,3
1337,1675,1315,0,3
1338,1636,1316,0,3
1342,1636,1320,0,2
1343,1636,1321,0,3
1344,1636,1322,0,3
1345,1636,1323,0,3
1346,1636,1324,0,3
1347,1636,1346,1,2
1348,1636,1347,1,2
1349,1636,1348,1,2
1353,1636,1354,2,1
1354,1636,1355,2,1
1355,1636,1356,2,1
1356,1636,1357,2,1
1357,1636,1335,0,3
1358,1636,1336,0,3
1359,1636,1337,0,3
1360,1636,1338,0,3
1364,1636,1386,2,0
1365,1636,1343,0,3
1366,1636,1344,0,3
1367,1636,1389,3,0
1368,1636,1346,0,3
1369,1636,1368,1,2
1370,1636,1369,1,2
1371,1636,1370,1,2
1375,1636,1376,2,1
1376,1636,1377,2,1
1377,1636,1378,2,1
1378,1636,1379,2,1
1379,1636,1357,0,3
1380,1636,1358,0,3
1381,1636,1359,0,3
1382,1636,1360,0,3
1386,1636,1408,2,0
1387,1636,1409,3,0
1388,1636,1410,3,0
1389,1636,1411,3,0
1391,1636,1390,1,2
1392,1636,1391,1,2
1393,1636,1392,1,2
1397,1636,1398,2,1
1398,1636,1399,2,1
1399,1636,1400,2,1
1400,1636,1401,2,1
1402,1636,1424,3,0
1403,1636,1425,3,0
1404,1636,1426,3,0
1408,1636,1430,2,0
1409,1636,1431,3,0
1410,1636,1432,3,0
1411,1636,1433,3,0
1411,1664,1389,0,3
1412,1664,1390,0,3
1413,1636,1412,1,2
1414,1636,1413,1,2
1415,1636,1414,1,2
1419,1636,1420,2,1
1420,1636,1421,2,1
1421,1636,1422,2,1
1422,1636,1423,2,1
1424,1636,1446,3,0
1425,1636,1447,3,0
1426,1636,1448,3,0
1430,1636,1452,2,0
1431,1636,1453,3,0
1432,1636,1454,3,0
1433,1636,1455,3,0
1435,1636,1434,1,2
1436,1636,1435,1,2
1437,1636,1436,1,2
1441,1636,1442,2,1
1442,1636,1443,2,1
1443,1636,1444,2,1
1444,1636,1445,2,1
1446,1636,1468,3,0
1447,1636,1469,3,0
1448,1636,1470,3,0
1452,1636,1474,2,0
1453,1636,1475,3,0
1454,1636,1476,3,0
1455,1595,1433,0,3
1455,1636,1477,3,0
1457,1636,1456,1,2
1458,1636,1457,1,2
1459,1636,1458,1,2
1463,1636,1464,2,1
1464,1636,1465,2,1
1465,1636,1466,2,1
1466,1636,1467,2,1
1468,1636,1490,3,0
1469,1636,1491,3,0
1470,1636,1492,3,0
1474,1636,1496,2,0
1475,1636,1497,3,0
1476,1636,1498,3,0
1477,1585,1455,0,3
1477,1636,1499,3,0
1479,1636,1478,1,2
1480,1636,1479,1,2
1481,1636,1480,1,2
1485,1636,1486,2,1
1486,1636,1487,2,1
1487,1636,1488,2,1
1488,1636,1489,2,1
1490,1636,1512,3,0
1491,1585,1469,0,3
1491,1636,1513,3,0
1492,1636,1514,3,0
1496,1636,1518,2,0
1497,1636,1519,3,0
1498,1636,1520,3,0
1499,1636,1521,3,0
1501,1636,1500,1,2
1502,1636,1501,1,2
1503,1636,1502,1,2
1507,1636,1508,2,1
1508,1636,1509,2,1
1509,1636,1510,2,1
1510,1636,1511,2,1
1512,1636,1534,3,0
1513,1636,1535,3,0
1514,1636,1536,3,0
1518,1636,1540,2,0
1519,1636,1541,3,0
1520,1636,1542,3,0
1521,1614,1499,0,3
1521,1636,1543,3,0
1522,1636,1544,3,0
1523,1636,1522,1,2
1524,1636,1523,1,2
1525,1636,1524,1,2
1529,1636,1530,2,1
1530,1636,1531,2,1
1531,1636,1532,2,1
1532,1636,1533,2,1
1533,1614,1555,3,0
1533,1636,1555,3,0
1534,1636,1556,3,0
1535,1614,1513,0,3
1535,1636,1557,3,0
1536,1614,1558,3,0
1536,1636,1558,3,0
1540,1597,1518,0,2
1540,1636,1562,2,0
1541,1597,1563,3,0
1541,1636,1563,3,0
1542,1597,1564,3,0
1542,1636,1564,3,0
1543,1597,1521,0,3
1543,1636,1565,3,0
1544,1636,1566,3,0
1545,1636,1544,1,2
1546,1636,1545,1,2
1547,1636,1546,1,2
1551,1636,1552,2,1
1552,1636,1553,2,1
1553,1636,1554,2,1
1554,1636,1555,2,1
1555,1597,1577,3,0
1555,1636,1577,3,0
1556,1636,1578,3,0
1557,1597,1535,0,3
1557,1636,1579,3,0
1558,1597,1580,3,0
1558,1636,1580,3,0
1562,1636,0,2,3
1563,1636,1,3,3
1564,1636,2,3,3
1565,1636,3,3,3
1566,1636,4,3,3
1567,1636,1566,1,2
1568,1636,1567,1,2
1569,1636,1568,1,2
1573,1636,1574,2,1
1574,1636,1575,2,1
1575,1636,1576,2,1
1576,1636,1577,2,1
1577,1636,15,3,3
1578,1636,16,3,3
1579,1636,17,3,3
1580,1636,18,3,3
1636,1584,572,0,56
1636,1585,572,0,56
1636,1586,572,0,56
1636,1587,572,0,56
1636,1588,572,0,56
1636,1589,572,0,56
1636,1590,572,0,56
1636,1591,572,0,56
1636,1592,572,0,56
1636,1593,572,0,56
1636,1594,572,0,56
1636,1595,572,0,56
1636,1596,572,0,56
1636,1597,572,0,56
1636,1598,572,0,56
1636,1599,572,0,56
1636,1600,572,0,56
1636,1601,572,0,56
1636,1602,572,0,56
1636,1603,572,0,56
1636,1604,572,0,56
1636,1605,572,0,56
1636,1606,572,0,56
1636,1607,572,0,56
1636,1608,572,0,56
1636,1609,572,0,56
1636,1610,572,0,56
1636,1611,572,0,56
1636,1612,572,0,56
1636,1613,572,0,56
1636,1614,572,0,56
1636,1615,572,0,56
1636,1616,572,0,56
1636,1617,572,0,56
1636,1618,572,0,56
1636,1619,572,0,56
1636,1620,572,0,56
1636,1621,572,0,56
1636,1622,572,0,56
1636,1623,572,0,56
1636,1624,572,0,56
1636,1625,572,0,56
1636,1626,572,0,56
1636,1627,572,0,56
1636,1628,572,0,56
1636,1629,572,0,56
1636,1630,572,0,56
1636,1631,572,0,56
1636,1632,572,0,56
1636,1633,572,0,56
1636,1634,572,0,56
1636,1635,572,0,56
1636,1637,572,0,56
1636,1638,572,0,56
1636,1639,572,0,56
1636,1640,572,0,56
1636,1641,572,0,56
1636,1642,572,0,56
1636,1643,572,0,56
1636,1644,572,0,56
1636,1645,572,0,56
1636,1646,572,0,56
1636,1647,572,0,56
1636,1648,572,0,56
1636,1649,572,0,56
1636,1650,572,0,56
1636,1651,572,0,56
1636,1652,572,0,56
1636,1653,572,0,56
1636,1654,572,0,56
1636,1655,572,0,56
1636,1656,572,0,56
1636,1657,572,0,56
1636,1658,572,0,56
1636,1659,572,0,56
1636,1660,572,0,56
1636,1661,572,0,56
1636,1662,572,0,56
1636,1663,572,0,56
1636,1664,572,0,56
1636,1665,572,0,56
1636,1666,572,0,56
1636,1667,572,0,56
1636,1668,572,0,56
1636,1669,572,0,56
1636,1670,572,0,56
1636,1671,572,0,56
1636,1672,572,0,56
1636,1673,572,0,56
1636,1674,572,0,56
1636,1675,572,0,56
1636,1676,572,0,56
1636,1677,572,0,56
1636,1678,572,0,56
1636,1679,572,0,56
1636,1680,572,0,56
1636,1681,572,0,56
1636,1682,572,0,56
1636,1683,572,0,56
