0,1661,22,1,0
2,1599,1564,3,3
2,1625,1564,3,3
2,1661,1564,3,3
2,1669,1564,3,3
15,1599,37,2,0
15,1625,37,2,0
15,1661,37,2,0
15,1669,37,2,0
17,1599,39,2,0
17,1625,39,2,0
17,1661,39,2,0
18,1661,40,2,0
22,1683,44,2,0
26,1665,4,0,2
26,1671,4,0,2
26,1677,4,0,2
26,1683,4,0,2
37,1665,59,3,0
37,1671,59,3,0
37,1677,59,3,0
37,1683,59,3,0
39,1665,61,3,0
39,1671,61,3,0
39,1677,61,3,0
39,1683,61,3,0
47,1624,69,3,0
48,1604,26,0,3
48,1624,26,0,3
48,1660,26,0,3
49,1604,71,3,0
49,1660,71,3,0
52,1660,30,0,3
55,1660,77,3,0
56,1604,34,0,3
56,1660,34,0,3
58,1604,80,3,0
58,1660,80,3,0
59,1604,81,3,0
59,1624,81,3,0
59,1660,81,3,0
61,1624,83,3,0
69,1603,91,3,0
69,1609,91,3,0
69,1626,91,3,0
69,1629,91,3,0
69,1630,91,3,0
69,1631,91,3,0
69,1679,91,3,0
70,1603,92,3,0
70,1609,92,3,0
70,1613,92,3,0
70,1626,92,3,0
70,1629,92,3,0
70,1630,92,3,0
70,1631,92,3,0
70,1679,92,3,0
74,1613,52,0,3
77,1613,99,3,0
80,1613,102,3,0
81,1603,103,3,0
81,1609,103,3,0
81,1613,103,3,0
81,1626,103,3,0
81,1629,103,3,0
81,1630,103,3,0
81,1631,103,3,0
81,1679,103,3,0
83,1603,105,3,0
83,1609,105,3,0
83,1626,105,3,0
83,1629,105,3,0
83,1630,105,3,0
83,1631,105,3,0
83,1679,105,3,0
84,1603,62,0,3
84,1609,62,0,3
84,1626,62,0,3
84,1629,62,0,3
84,1630,62,0,3
84,1631,62,0,3
84,1679,62,0,3
92,1589,114,3,0
92,1676,114,3,0
93,1589,71,0,3
93,1676,71,0,3
95,1589,117,3,0
95,1676,117,3,0
96,1589,74,0,3
99,1589,121,3,0
102,1589,124,3,0
102,1676,124,3,0
103,1589,125,3,0
103,1676,125,3,0
111,1584,133,3,0
111,1591,133,3,0
111,1617,133,3,0
113,1584,135,3,0
113,1591,135,3,0
113,1617,135,3,0
115,1667,93,0,3
117,1667,139,3,0
122,1667,144,3,0
124,1667,146,3,0
125,1584,147,3,0
125,1591,147,3,0
125,1617,147,3,0
125,1667,147,3,0
126,1584,148,3,0
126,1591,148,3,0
126,1617,148,3,0
127,1584,149,3,0
127,1591,149,3,0
127,1617,149,3,0
136,1644,158,3,0
137,1644,115,0,3
139,1644,161,3,0
144,1644,166,3,0
145,1644,123,0,3
146,1644,168,3,0
147,1644,169,3,0
158,1587,180,3,0
158,1602,180,3,0
159,1587,137,0,3
159,1602,137,0,3
161,1587,183,3,0
161,1602,183,3,0
165,1587,187,3,0
165,1602,187,3,0
166,1587,188,3,0
166,1602,188,3,0
167,1587,145,0,3
167,1602,145,0,3
168,1587,190,3,0
168,1602,190,3,0
181,1643,159,0,3
183,1643,205,3,0
188,1643,210,3,0
190,1643,212,3,0
191,1643,213,3,0
203,1641,181,0,3
205,1641,227,3,0
210,1641,232,3,0
213,1641,235,3,0
268,1621,290,3,0
268,1682,290,3,0
275,1682,253,0,3
276,1682,298,3,0
277,1621,255,0,3
277,1682,255,0,3
278,1621,300,3,0
278,1682,300,3,0
290,1593,312,3,0
290,1648,312,3,0
299,1593,277,0,3
299,1648,277,0,3
300,1593,322,3,0
300,1648,322,3,0
301,1593,323,3,0
301,1648,323,3,0
441,1668,463,3,0
444,1668,466,3,0
455,1668,477,3,0
457,1668,435,0,3
458,1668,436,0,3
466,1673,488,3,0
479,1673,457,0,3
491,1600,513,3,0
491,1606,513,3,0
492,1600,514,3,0
492,1606,514,3,0
493,1600,515,3,0
496,1600,518,3,0
496,1606,518,3,0
497,1600,475,0,3
497,1606,475,0,3
498,1600,520,3,0
498,1606,520,3,0
499,1600,521,3,0
499,1606,521,3,0
607,1638,585,0,3
609,1638,631,3,0
642,1655,620,0,3
645,1655,667,3,0
646,1655,668,3,0
649,1655,627,0,3
650,1655,672,3,0
651,1655,629,0,3
653,1655,675,3,0
684,1678,662,0,3
706,1640,684,0,3
706,1646,684,0,3
706,1658,684,0,3
709,1592,687,0,3
709,1662,687,0,3
709,1675,687,0,3
715,1675,693,0,3
716,1592,738,3,0
716,1662,738,3,0
716,1675,738,3,0
717,1592,695,0,3
717,1662,695,0,3
717,1675,695,0,3
719,1592,697,0,3
719,1640,697,0,3
719,1646,697,0,3
719,1658,697,0,3
719,1662,697,0,3
719,1675,697,0,3
721,1646,699,0,3
729,1654,751,3,0
743,1654,721,0,3
751,1672,773,3,0
752,1672,774,3,0
763,1672,741,0,3
798,1623,820,3,0
804,1623,826,3,0
806,1623,784,0,3
807,1623,785,0,3
840,1645,862,3,0
841,1645,819,0,3
844,1645,866,3,0
847,1645,825,0,3
848,1645,870,3,0
850,1645,828,0,3
851,1645,829,0,3
862,1614,840,0,3
866,1614,888,3,0
869,1614,847,0,3
872,1614,850,0,3
873,1614,851,0,3
883,1616,861,0,3
883,1681,861,0,3
884,1610,862,0,3
884,1616,862,0,3
884,1664,862,0,3
884,1681,862,0,3
885,1610,907,3,0
885,1664,907,3,0
887,1610,865,0,3
887,1664,865,0,3
888,1610,910,3,0
890,1610,912,3,0
891,1610,869,0,3
894,1610,872,0,3
894,1664,872,0,3
895,1610,873,0,3
895,1616,873,0,3
895,1664,873,0,3
895,1681,873,0,3
896,1616,874,0,3
896,1681,874,0,3
897,1616,875,0,3
897,1681,875,0,3
901,1616,923,3,0
901,1681,923,3,0
905,1611,883,0,3
907,1632,929,3,0
907,1647,929,3,0
909,1632,887,0,3
909,1647,887,0,3
910,1632,932,3,0
910,1647,932,3,0
911,1632,889,0,3
911,1647,889,0,3
912,1632,934,3,0
912,1647,934,3,0
913,1632,891,0,3
913,1647,891,0,3
914,1632,892,0,3
914,1647,892,0,3
916,1632,894,0,3
916,1647,894,0,3
917,1611,895,0,3
917,1632,895,0,3
917,1647,895,0,3
928,1597,906,0,3
928,1666,906,0,3
929,1597,951,3,0
929,1666,951,3,0
931,1597,909,0,3
931,1666,909,0,3
932,1597,954,3,0
932,1666,954,3,0
936,1597,914,0,3
936,1666,914,0,3
937,1597,959,3,0
937,1666,959,3,0
938,1597,916,0,3
938,1666,916,0,3
939,1597,917,0,3
939,1666,917,0,3
950,1619,928,0,3
951,1619,973,3,0
953,1619,931,0,3
954,1619,976,3,0
957,1619,935,0,3
958,1619,936,0,3
959,1619,981,3,0
960,1619,938,0,3
971,1608,949,0,3
983,1608,961,0,3
1016,1605,994,0,3
1038,1601,1016,0,3
1039,1601,1061,3,0
1041,1601,1019,0,3
1046,1601,1024,0,3
1047,1601,1069,3,0
1048,1601,1026,0,3
1057,1634,1035,0,3
1060,1634,1038,0,3
1060,1639,1038,0,3
1060,1653,1038,0,3
1068,1639,1046,0,3
1069,1639,1091,3,0
1070,1639,1048,0,3
1079,1674,1057,0,3
1082,1670,1060,0,3
1082,1674,1060,0,3
1090,1670,1068,0,3
1091,1670,1113,3,0
1092,1670,1070,0,3
1093,1670,1071,0,3
1093,1674,1071,0,3
1095,1674,1117,3,0
1097,1674,1075,0,3
1101,1596,1079,0,3
1104,1586,1082,0,3
1104,1596,1082,0,3
1104,1627,1082,0,3
1104,1635,1082,0,3
1104,1651,1082,0,3
1105,1586,1127,3,0
1105,1627,1127,3,0
1105,1635,1127,3,0
1105,1651,1127,3,0
1107,1586,1085,0,3
1107,1627,1085,0,3
1107,1635,1085,0,3
1107,1651,1085,0,3
1112,1586,1090,0,3
1112,1627,1090,0,3
1112,1635,1090,0,3
1112,1651,1090,0,3
1113,1586,1135,3,0
1113,1627,1135,3,0
1113,1635,1135,3,0
1113,1651,1135,3,0
1114,1586,1092,0,3
1114,1627,1092,0,3
1114,1635,1092,0,3
1114,1651,1092,0,3
1115,1586,1093,0,3
1115,1596,1093,0,3
1115,1627,1093,0,3
1115,1635,1093,0,3
1115,1651,1093,0,3
1117,1596,1139,3,0
1127,1590,1149,3,0
1127,1607,1149,3,0
1135,1590,1157,3,0
1135,1607,1157,3,0
1136,1590,1114,0,3
1136,1607,1114,0,3
1137,1590,1115,0,3
1137,1607,1115,0,3
1149,1649,1171,3,0
1151,1649,1129,0,3
1156,1649,1134,0,3
1157,1649,1179,3,0
1158,1649,1136,0,3
1170,1615,1148,0,3
1179,1615,1201,3,0
1180,1615,1158,0,3
1192,1598,1170,0,3
1192,1637,1170,0,3
1192,1659,1170,0,3
1192,1663,1170,0,3
1201,1637,1223,3,0
1202,1637,1180,0,3
1203,1598,1181,0,3
1203,1637,1181,0,3
1203,1659,1181,0,3
1203,1663,1181,0,3
1205,1659,1227,3,0
1206,1659,1228,3,0
1207,1659,1185,0,3
1322,1633,1344,3,0
1322,1650,1344,3,0
1324,1633,1346,3,0
1324,1650,1346,3,0
1335,1633,1313,0,3
1335,1650,1313,0,3
1337,1633,1359,3,0
1337,1650,1359,3,0
1338,1650,1360,3,0
1339,1650,1317,0,3
1340,1650,1362,3,0
1344,1636,1366,3,0
1357,1636,1335,0,3
1359,1636,1381,3,0
1360,1636,1382,3,0
1388,1680,1410,3,0
1401,1680,1379,0,3
1403,1680,1425,3,0
1404,1680,1426,3,0
1405,1680,1383,0,3
1406,1680,1428,3,0
1434,1595,1456,3,0
1445,1595,1423,0,3
1447,1595,1469,3,0
1448,1595,1470,3,0
1454,1585,1476,3,0
1454,1622,1476,3,0
1454,1656,1476,3,0
1456,1585,1478,3,0
1456,1622,1478,3,0
1456,1656,1478,3,0
1467,1585,1445,0,3
1467,1622,1445,0,3
1467,1656,1445,0,3
1469,1585,1491,3,0
1469,1622,1491,3,0
1469,1656,1491,3,0
1470,1656,1492,3,0
1471,1656,1449,0,3
1476,1618,1498,3,0
1476,1628,1498,3,0
1491,1618,1513,3,0
1491,1628,1513,3,0
1492,1618,1514,3,0
1492,1628,1514,3,0
1498,1588,1520,3,0
1498,1642,1520,3,0
1511,1588,1533,3,0
1511,1642,1533,3,0
1513,1588,1535,3,0
1513,1642,1535,3,0
1540,1620,1562,2,0
1543,1620,1521,0,3
1544,1620,1522,0,3
1555,1620,1577,3,0
1557,1620,1579,3,0
1558,1620,1580,3,0
1562,1594,0,2,3
1562,1612,0,2,3
1566,1594,1544,0,3
1566,1612,1544,0,3
1566,1652,1544,0,3
1577,1594,15,3,3
1577,1612,15,3,3
1577,1652,15,3,3
1579,1594,17,3,3
1579,1612,17,3,3
1580,1594,18,3,3
1580,1612,18,3,3
