1,1599,23,2,0
15,1599,37,2,0
15,1637,37,2,0
23,1607,45,3,0
23,1669,45,3,0
23,1677,45,3,0
24,1607,2,0,2
24,1669,2,0,2
24,1677,2,0,2
37,1607,59,3,0
37,1669,59,3,0
37,1677,59,3,0
46,1624,24,0,3
46,1627,24,0,3
46,1671,24,0,3
49,1604,71,3,0
56,1604,78,3,0
66,1619,44,0,2
66,1670,44,0,2
66,1679,44,0,2
68,1615,46,0,3
68,1619,46,0,3
68,1670,46,0,3
68,1679,46,0,3
84,1619,106,3,0
84,1670,106,3,0
84,1679,106,3,0
85,1619,107,3,0
87,1619,65,0,3
88,1609,66,0,2
88,1629,66,0,2
90,1609,68,0,3
90,1629,68,0,3
93,1589,115,3,0
94,1589,72,0,3
95,1589,73,0,3
96,1589,74,0,3
100,1589,122,3,0
102,1589,124,3,0
106,1609,128,3,0
106,1629,128,3,0
110,1632,88,0,2
110,1647,88,0,2
112,1632,90,0,3
112,1647,90,0,3
115,1667,137,3,0
116,1667,94,0,3
117,1667,95,0,3
122,1667,144,3,0
126,1632,148,3,0
126,1647,148,3,0
128,1632,150,3,0
128,1647,150,3,0
129,1632,151,3,0
129,1647,151,3,0
130,1632,152,3,0
130,1647,152,3,0
131,1632,109,0,3
131,1647,109,0,3
132,1610,110,0,2
134,1591,112,0,3
134,1610,112,0,3
138,1616,116,0,3
138,1644,116,0,3
138,1681,116,0,3
141,1616,163,3,0
141,1681,163,3,0
142,1616,164,3,0
142,1681,164,3,0
143,1616,121,0,3
143,1681,121,0,3
144,1616,166,3,0
144,1644,166,3,0
144,1681,166,3,0
150,1610,128,0,3
151,1610,173,3,0
153,1610,131,0,3
156,1601,134,0,3
160,1602,138,0,3
165,1602,143,0,3
166,1602,188,3,0
172,1601,150,0,3
175,1601,153,0,3
180,1643,202,3,0
182,1643,160,0,3
183,1643,161,0,3
188,1643,210,3,0
202,1641,224,3,0
202,1674,224,3,0
204,1641,182,0,3
204,1674,182,0,3
208,1674,186,0,3
209,1674,231,3,0
210,1641,232,3,0
210,1674,232,3,0
312,1593,334,3,0
312,1648,334,3,0
312,1672,334,3,0
313,1593,291,0,3
313,1648,291,0,3
313,1672,291,0,3
314,1593,292,0,3
314,1648,292,0,3
314,1672,292,0,3
442,1668,420,0,3
443,1668,465,3,0
445,1659,423,0,3
447,1659,425,0,3
448,1659,426,0,3
449,1659,427,0,3
451,1659,473,3,0
453,1659,475,3,0
456,1668,478,3,0
467,1618,445,0,3
469,1618,447,0,3
473,1618,495,3,0
477,1618,455,0,3
489,1650,467,0,3
491,1650,469,0,3
492,1650,470,0,3
495,1650,517,3,0
497,1650,519,3,0
499,1650,477,0,3
599,1680,577,0,3
601,1680,579,0,3
605,1680,627,3,0
609,1680,587,0,3
619,1676,641,3,0
621,1638,599,0,3
621,1656,599,0,3
623,1656,601,0,3
631,1638,609,0,3
631,1656,609,0,3
631,1676,609,0,3
632,1676,654,3,0
633,1676,655,3,0
662,1621,640,0,3
675,1621,653,0,3
676,1621,698,3,0
697,1678,675,0,3
698,1678,720,3,0
705,1646,683,0,3
705,1660,683,0,3
709,1592,687,0,3
709,1662,687,0,3
709,1675,687,0,3
710,1592,732,3,0
710,1662,732,3,0
710,1675,732,3,0
712,1675,690,0,3
719,1592,697,0,3
719,1640,697,0,3
719,1646,697,0,3
719,1660,697,0,3
719,1662,697,0,3
719,1675,697,0,3
720,1640,742,3,0
720,1646,742,3,0
720,1660,742,3,0
726,1597,748,2,0
727,1597,749,3,0
727,1658,705,0,3
728,1597,750,3,0
729,1597,751,3,0
730,1597,752,3,0
730,1658,752,3,0
741,1597,763,3,0
741,1658,719,0,3
742,1597,764,3,0
743,1597,765,3,0
743,1658,721,0,3
744,1597,766,3,0
748,1597,1597,17,0
749,1597,748,1,1
749,1654,727,0,3
750,1597,749,1,2
751,1597,750,1,2
752,1597,751,1,2
752,1598,774,3,0
752,1654,774,3,0
753,1598,731,0,3
762,1598,784,3,0
763,1597,764,2,1
763,1598,741,0,3
763,1654,741,0,3
764,1597,765,2,1
765,1597,766,2,1
765,1654,743,0,3
766,1597,767,2,1
819,1612,797,0,3
819,1623,797,0,3
826,1612,804,0,3
829,1612,807,0,3
829,1623,807,0,3
841,1588,819,0,3
841,1642,819,0,3
848,1588,826,0,3
848,1642,826,0,3
863,1628,841,0,3
870,1628,848,0,3
872,1628,850,0,3
907,1664,885,0,3
908,1664,930,3,0
930,1661,952,3,0
935,1661,957,3,0
936,1661,914,0,3
948,1613,970,3,0
952,1594,974,3,0
952,1630,974,3,0
952,1666,974,3,0
952,1673,974,3,0
957,1630,979,3,0
958,1594,936,0,3
958,1630,936,0,3
958,1666,936,0,3
958,1673,936,0,3
964,1613,986,3,0
972,1608,950,0,3
972,1657,950,0,3
994,1683,972,0,3
996,1683,1018,3,0
1002,1683,980,0,3
1016,1605,994,0,3
1016,1625,994,0,3
1018,1625,1040,3,0
1038,1603,1016,0,3
1038,1626,1016,0,3
1038,1631,1016,0,3
1040,1603,1062,3,0
1040,1626,1062,3,0
1040,1631,1062,3,0
1058,1634,1080,3,0
1058,1653,1080,3,0
1072,1634,1050,0,3
1072,1653,1050,0,3
1084,1639,1106,3,0
1102,1682,1124,3,0
1104,1586,1082,0,3
1104,1635,1082,0,3
1104,1651,1082,0,3
1104,1682,1082,0,3
1105,1586,1127,3,0
1105,1635,1127,3,0
1105,1651,1127,3,0
1106,1586,1128,3,0
1106,1635,1128,3,0
1106,1651,1128,3,0
1107,1586,1129,3,0
1107,1635,1129,3,0
1107,1651,1129,3,0
1116,1682,1094,0,3
1119,1682,1141,3,0
1120,1682,1142,3,0
1124,1587,1146,3,0
1124,1596,1146,3,0
1126,1587,1104,0,3
1126,1596,1104,0,3
1126,1665,1104,0,3
1127,1665,1149,3,0
1138,1587,1116,0,3
1138,1596,1116,0,3
1148,1590,1126,0,3
1148,1649,1126,0,3
1149,1590,1171,3,0
1149,1649,1171,3,0
1190,1663,1212,3,0
1191,1663,1169,0,3
1203,1663,1225,3,0
1204,1663,1182,0,3
1215,1584,1237,3,0
1215,1617,1237,3,0
1216,1584,1238,3,0
1216,1617,1238,3,0
1223,1584,1201,0,3
1223,1617,1201,0,3
1234,1600,1256,3,0
1235,1600,1213,0,3
1248,1600,1226,0,3
1251,1600,1273,3,0
1322,1606,1344,3,0
1322,1633,1344,3,0
1323,1606,1301,0,3
1323,1633,1301,0,3
1335,1606,1357,3,0
1335,1633,1357,3,0
1336,1606,1314,0,3
1336,1633,1314,0,3
1339,1606,1361,3,0
1340,1606,1362,3,0
1344,1636,1366,3,0
1344,1655,1366,3,0
1345,1636,1323,0,3
1345,1655,1323,0,3
1357,1636,1379,3,0
1357,1655,1379,3,0
1358,1636,1336,0,3
1358,1655,1336,0,3
1361,1655,1383,3,0
1445,1595,1467,3,0
1446,1595,1424,0,3
1447,1595,1425,0,3
1454,1622,1476,3,0
1467,1622,1489,3,0
1468,1622,1446,0,3
1489,1585,1511,3,0
1490,1585,1468,0,3
1497,1620,1519,3,0
1497,1645,1519,3,0
1511,1620,1533,3,0
1511,1645,1533,3,0
1512,1620,1490,0,3
1512,1645,1490,0,3
1518,1597,1496,0,2
1522,1597,1500,0,3
1534,1597,1512,0,3
1542,1597,1520,0,3
1543,1597,1521,0,3
1544,1597,1522,0,3
1558,1597,1536,0,3
1562,1614,1540,0,2
1563,1614,1,3,3
1577,1614,15,3,3
1577,1652,15,3,3
1581,1614,19,3,3
1583,1614,1561,0,3
1597,1584,748,0,17
1597,1585,748,0,17
1597,1586,748,0,17
1597,1587,748,0,17
1597,1588,748,0,17
1597,1589,748,0,17
1597,1590,748,0,17
1597,1591,748,0,17
1597,1592,748,0,17
1597,1593,748,0,17
1597,1594,748,0,17
1597,1595,748,0,17
1597,1596,748,0,17
1597,1598,748,0,17
1597,1599,748,0,17
1597,1600,748,0,17
1597,1601,748,0,17
1597,1602,748,0,17
1597,1603,748,0,17
1597,1604,748,0,17
1597,1605,748,0,17
1597,1606,748,0,17
1597,1607,748,0,17
1597,1608,748,0,17
1597,1609,748,0,17
1597,1610,748,0,17
1597,1611,748,0,17
1597,1612,748,0,17
1597,1613,748,0,17
1597,1614,748,0,17
1597,1615,748,0,17
1597,1616,748,0,17
1597,1617,748,0,17
1597,1618,748,0,17
1597,1619,748,0,17
1597,1620,748,0,17
1597,1621,748,0,17
1597,1622,748,0,17
1597,1623,748,0,17
1597,1624,748,0,17
1597,1625,748,0,17
1597,1626,748,0,17
1597,1627,748,0,17
1597,1628,748,0,17
1597,1629,748,0,17
1597,1630,748,0,17
1597,1631,748,0,17
1597,1632,748,0,17
1597,1633,748,0,17
1597,1634,748,0,17
1597,1635,748,0,17
1597,1636,748,0,17
1597,1637,748,0,17
1597,1638,748,0,17
1597,1639,748,0,17
1597,1640,748,0,17
1597,1641,748,0,17
1597,1642,748,0,17
1597,1643,748,0,17
1597,1644,748,0,17
1597,1645,748,0,17
1597,1646,748,0,17
1597,1647,748,0,17
1597,1648,748,0,17
1597,1649,748,0,17
1597,1650,748,0,17
1597,1651,748,0,17
1597,1652,748,0,17
1597,1653,748,0,17
1597,1654,748,0,17
1597,1655,748,0,17
1597,1656,748,0,17
1597,1657,748,0,17
1597,1658,748,0,17
1597,1659,748,0,17
1597,1660,748,0,17
1597,1661,748,0,17
1597,1662,748,0,17
1597,1663,748,0,17
1597,1664,748,0,17
1597,1665,748,0,17
1597,1666,748,0,17
1597,1667,748,0,17
1597,1668,748,0,17
1597,1669,748,0,17
1597,1670,748,0,17
1597,1671,748,0,17
1597,1672,748,0,17
1597,1673,748,0,17
1597,1674,748,0,17
1597,1675,748,0,17
1597,1676,748,0,17
1597,1677,748,0,17
1597,1678,748,0,17
1597,1679,748,0,17
1597,1680,748,0,17
1597,1681,748,0,17
1597,1682,748,0,17
1597,1683,748,0,17
