3,1637,1565,3,3
3,1639,1565,3,3
4,1634,1566,3,3
4,1637,1566,3,3
4,1639,1566,3,3
12,1634,1574,3,3
15,1634,37,2,0
15,1637,37,2,0
15,1639,37,2,0
16,1637,38,2,0
16,1639,38,2,0
22,1599,44,2,0
26,1599,4,0,2
26,1669,4,0,2
37,1599,59,3,0
37,1669,59,3,0
38,1599,60,3,0
38,1669,60,3,0
40,1599,62,3,0
45,1627,67,3,0
46,1627,24,0,3
59,1627,81,3,0
60,1627,82,3,0
66,1619,88,2,0
66,1670,88,2,0
67,1615,89,3,0
67,1619,89,3,0
67,1670,89,3,0
69,1615,91,3,0
69,1619,91,3,0
69,1670,91,3,0
70,1604,48,0,3
70,1615,48,0,3
70,1619,48,0,3
70,1670,48,0,3
71,1604,49,0,3
80,1604,102,3,0
81,1604,103,3,0
81,1615,103,3,0
81,1619,103,3,0
81,1670,103,3,0
82,1615,104,3,0
82,1619,104,3,0
82,1670,104,3,0
83,1615,105,3,0
83,1619,105,3,0
83,1670,105,3,0
87,1619,109,3,0
89,1629,111,3,0
89,1679,111,3,0
91,1629,113,3,0
91,1679,113,3,0
93,1589,71,0,3
94,1589,116,3,0
99,1589,121,3,0
103,1589,125,3,0
103,1629,125,3,0
103,1679,125,3,0
104,1629,126,3,0
104,1679,126,3,0
105,1629,127,3,0
105,1679,127,3,0
106,1629,84,0,3
106,1679,84,0,3
111,1632,133,3,0
111,1647,133,3,0
113,1632,135,3,0
113,1647,135,3,0
114,1632,92,0,3
114,1647,92,0,3
125,1632,147,3,0
125,1647,147,3,0
128,1632,106,0,3
128,1647,106,0,3
130,1632,108,0,3
130,1647,108,0,3
132,1610,154,2,0
133,1591,155,3,0
133,1610,155,3,0
133,1617,155,3,0
135,1591,157,3,0
135,1610,157,3,0
135,1617,157,3,0
136,1591,114,0,3
136,1610,114,0,3
136,1616,114,0,3
136,1617,114,0,3
136,1644,114,0,3
136,1646,114,0,3
136,1681,114,0,3
137,1616,115,0,3
137,1644,115,0,3
137,1646,115,0,3
137,1681,115,0,3
138,1616,160,3,0
138,1644,160,3,0
138,1646,160,3,0
138,1681,160,3,0
141,1616,119,0,3
141,1681,119,0,3
142,1616,164,3,0
142,1681,164,3,0
143,1616,165,3,0
143,1681,165,3,0
149,1591,127,0,3
149,1610,127,0,3
149,1617,127,0,3
150,1610,128,0,3
151,1610,173,3,0
152,1610,130,0,3
153,1610,175,3,0
154,1601,176,2,0
155,1601,177,3,0
157,1601,179,3,0
158,1601,136,0,3
171,1601,149,0,3
172,1601,150,0,3
175,1601,197,3,0
180,1602,158,0,3
180,1643,158,0,3
181,1602,159,0,3
181,1643,159,0,3
182,1602,204,3,0
182,1643,204,3,0
183,1602,205,3,0
183,1643,205,3,0
187,1602,209,3,0
187,1643,209,3,0
202,1674,180,0,3
203,1674,181,0,3
204,1674,226,3,0
205,1674,227,3,0
209,1674,231,3,0
313,1593,291,0,3
313,1648,291,0,3
313,1672,291,0,3
314,1593,336,3,0
314,1648,336,3,0
314,1672,336,3,0
323,1593,345,3,0
323,1648,345,3,0
323,1672,345,3,0
345,1678,367,3,0
444,1659,422,0,3
446,1659,468,3,0
447,1659,425,0,3
448,1659,470,3,0
451,1659,473,3,0
453,1659,475,3,0
465,1668,443,0,3
466,1618,444,0,3
466,1668,444,0,3
467,1618,445,0,3
468,1618,490,3,0
473,1618,495,3,0
475,1618,497,3,0
477,1618,455,0,3
477,1668,455,0,3
479,1668,457,0,3
488,1650,466,0,3
488,1673,466,0,3
489,1650,467,0,3
490,1650,512,3,0
491,1650,469,0,3
492,1650,514,3,0
495,1650,517,3,0
499,1650,477,0,3
499,1673,477,0,3
501,1673,479,0,3
576,1656,554,0,3
577,1656,555,0,3
579,1656,557,0,3
580,1656,602,3,0
583,1656,605,3,0
584,1656,606,3,0
585,1656,607,3,0
598,1680,576,0,3
601,1680,579,0,3
602,1680,624,3,0
605,1680,627,3,0
606,1680,628,3,0
607,1680,629,3,0
620,1638,598,0,3
620,1676,598,0,3
631,1638,609,0,3
631,1676,609,0,3
633,1676,611,0,3
663,1621,641,0,3
664,1621,642,0,3
675,1621,653,0,3
682,1667,704,2,0
683,1667,661,0,3
685,1667,663,0,3
686,1667,664,0,3
697,1667,675,0,3
699,1667,677,0,3
704,1660,726,2,0
705,1660,683,0,3
708,1592,686,0,3
708,1640,686,0,3
708,1660,686,0,3
708,1662,686,0,3
711,1592,689,0,3
711,1662,689,0,3
716,1592,694,0,3
716,1662,694,0,3
717,1592,695,0,3
717,1662,695,0,3
719,1592,697,0,3
719,1640,697,0,3
719,1660,697,0,3
719,1662,697,0,3
741,1658,719,0,3
742,1658,720,0,3
743,1658,721,0,3
763,1598,741,0,3
763,1654,741,0,3
764,1654,742,0,3
765,1654,743,0,3
771,1641,749,0,3
773,1641,795,3,0
774,1611,796,3,0
774,1641,796,3,0
785,1611,763,0,3
785,1641,763,0,3
786,1641,764,0,3
818,1612,840,3,0
818,1623,840,3,0
819,1612,841,3,0
819,1623,841,3,0
825,1612,803,0,3
826,1612,848,3,0
828,1612,806,0,3
828,1623,806,0,3
829,1612,807,0,3
829,1623,807,0,3
841,1588,863,3,0
841,1620,863,3,0
841,1642,863,3,0
847,1588,825,0,3
847,1620,825,0,3
847,1642,825,0,3
850,1588,828,0,3
850,1620,828,0,3
850,1642,828,0,3
851,1588,829,0,3
851,1620,829,0,3
851,1642,829,0,3
862,1628,884,3,0
863,1628,885,3,0
865,1628,843,0,3
872,1628,850,0,3
873,1628,851,0,3
885,1622,907,3,0
886,1622,864,0,3
895,1622,873,0,3
906,1664,928,3,0
907,1664,929,3,0
908,1664,886,0,3
917,1664,895,0,3
928,1661,950,3,0
929,1661,951,3,0
930,1661,908,0,3
935,1661,913,0,3
946,1613,924,0,2
947,1613,925,0,3
949,1613,927,0,3
950,1594,972,3,0
950,1613,972,3,0
950,1630,972,3,0
950,1666,972,3,0
951,1594,973,3,0
951,1630,973,3,0
951,1666,973,3,0
952,1594,930,0,3
952,1630,930,0,3
952,1666,930,0,3
957,1630,935,0,3
963,1613,985,3,0
964,1613,986,3,0
972,1657,994,3,0
994,1608,1016,3,0
994,1683,1016,3,0
995,1683,1017,3,0
996,1683,974,0,3
997,1683,975,0,3
1016,1605,1038,3,0
1016,1625,1038,3,0
1017,1625,1039,3,0
1018,1625,996,0,3
1019,1625,997,0,3
1027,1625,1005,0,3
1038,1603,1060,3,0
1038,1609,1060,3,0
1038,1626,1060,3,0
1038,1631,1060,3,0
1039,1603,1061,3,0
1039,1609,1061,3,0
1039,1626,1061,3,0
1039,1631,1061,3,0
1040,1603,1018,0,3
1040,1609,1018,0,3
1040,1626,1018,0,3
1040,1631,1018,0,3
1041,1603,1019,0,3
1041,1609,1019,0,3
1041,1626,1019,0,3
1041,1631,1019,0,3
1049,1603,1027,0,3
1049,1609,1027,0,3
1049,1626,1027,0,3
1049,1631,1027,0,3
1061,1624,1083,3,0
1062,1624,1040,0,3
1071,1624,1049,0,3
1071,1653,1049,0,3
1083,1671,1105,3,0
1084,1671,1062,0,3
1093,1671,1071,0,3
1100,1682,1078,0,2
1101,1682,1123,3,0
1103,1682,1125,3,0
1105,1586,1127,3,0
1105,1635,1127,3,0
1105,1651,1127,3,0
1106,1586,1084,0,3
1106,1635,1084,0,3
1106,1651,1084,0,3
1107,1586,1129,3,0
1107,1635,1129,3,0
1107,1651,1129,3,0
1115,1586,1093,0,3
1115,1635,1093,0,3
1115,1651,1093,0,3
1115,1682,1093,0,3
1117,1682,1139,3,0
1119,1682,1141,3,0
1121,1682,1099,0,3
1123,1587,1145,3,0
1125,1587,1147,3,0
1125,1596,1147,3,0
1128,1665,1106,0,3
1128,1677,1106,0,3
1137,1587,1115,0,3
1137,1596,1115,0,3
1137,1665,1115,0,3
1137,1677,1115,0,3
1139,1587,1161,3,0
1139,1596,1161,3,0
1148,1590,1170,3,0
1148,1607,1170,3,0
1150,1590,1128,0,3
1150,1607,1128,0,3
1159,1590,1137,0,3
1159,1607,1137,0,3
1170,1649,1192,3,0
1171,1649,1193,3,0
1172,1649,1150,0,3
1211,1663,1233,3,0
1214,1584,1236,3,0
1214,1652,1236,3,0
1214,1663,1236,3,0
1216,1584,1194,0,3
1227,1663,1249,3,0
1232,1600,1210,0,2
1235,1600,1257,3,0
1236,1600,1258,3,0
1249,1600,1271,3,0
1251,1600,1273,3,0
1253,1600,1231,0,3
1320,1606,1298,0,2
1320,1675,1298,0,2
1321,1606,1343,3,0
1321,1633,1343,3,0
1321,1675,1343,3,0
1324,1606,1346,3,0
1324,1633,1346,3,0
1324,1675,1346,3,0
1335,1606,1357,3,0
1335,1633,1357,3,0
1335,1675,1357,3,0
1337,1606,1359,3,0
1337,1633,1359,3,0
1337,1675,1359,3,0
1339,1606,1361,3,0
1341,1606,1319,0,3
1342,1636,1320,0,2
1342,1655,1320,0,2
1343,1636,1365,3,0
1343,1655,1365,3,0
1346,1636,1368,3,0
1346,1655,1368,3,0
1359,1636,1381,3,0
1359,1655,1381,3,0
1361,1655,1383,3,0
1363,1655,1341,0,3
1430,1595,1408,0,2
1434,1595,1456,3,0
1445,1595,1467,3,0
1447,1595,1469,3,0
1474,1585,1452,0,2
1475,1585,1497,3,0
1477,1585,1499,3,0
1478,1585,1500,3,0
1489,1585,1511,3,0
1491,1585,1513,3,0
1496,1645,1474,0,2
1497,1645,1519,3,0
1500,1645,1522,3,0
1511,1645,1533,3,0
1540,1597,1518,0,2
1555,1597,1577,3,0
1556,1597,1578,3,0
1557,1597,1579,3,0
1563,1614,1,3,3
1565,1614,1543,0,3
1566,1614,1544,0,3
1577,1614,15,3,3
1578,1614,16,3,3
1581,1614,19,3,3
