2,1599,24,2,0
2,1625,24,2,0
2,1661,24,2,0
3,1599,1565,3,3
3,1625,1565,3,3
3,1661,1565,3,3
4,1599,1566,3,3
4,1625,1566,3,3
4,1661,1566,3,3
16,1599,38,2,0
16,1625,38,2,0
16,1661,38,2,0
18,1661,40,2,0
23,1665,45,3,0
23,1671,45,3,0
23,1677,45,3,0
23,1683,45,3,0
24,1665,46,3,0
24,1671,46,3,0
24,1677,46,3,0
24,1683,46,3,0
38,1665,60,3,0
38,1671,60,3,0
38,1677,60,3,0
38,1683,60,3,0
45,1624,67,3,0
46,1624,68,3,0
49,1604,27,0,3
50,1604,72,3,0
51,1604,73,3,0
56,1604,78,3,0
57,1604,79,3,0
60,1624,82,3,0
67,1603,89,3,0
67,1609,89,3,0
67,1626,89,3,0
67,1630,89,3,0
67,1631,89,3,0
67,1670,89,3,0
67,1679,89,3,0
68,1603,90,3,0
68,1609,90,3,0
68,1626,90,3,0
68,1630,90,3,0
68,1631,90,3,0
68,1670,90,3,0
68,1679,90,3,0
70,1603,48,0,3
70,1609,48,0,3
70,1613,48,0,3
70,1626,48,0,3
70,1630,48,0,3
70,1631,48,0,3
70,1670,48,0,3
70,1679,48,0,3
71,1613,49,0,3
72,1613,94,3,0
73,1613,95,3,0
76,1613,98,3,0
78,1613,100,3,0
79,1613,101,3,0
82,1603,104,3,0
82,1609,104,3,0
82,1626,104,3,0
82,1630,104,3,0
82,1631,104,3,0
82,1670,104,3,0
82,1679,104,3,0
84,1603,62,0,3
84,1609,62,0,3
84,1626,62,0,3
84,1630,62,0,3
84,1631,62,0,3
84,1670,62,0,3
84,1679,62,0,3
85,1630,107,3,0
87,1630,109,3,0
92,1589,70,0,3
92,1676,70,0,3
100,1589,122,3,0
100,1676,122,3,0
101,1589,123,3,0
101,1676,123,3,0
111,1584,133,3,0
111,1591,133,3,0
111,1617,133,3,0
114,1584,92,0,3
114,1591,92,0,3
114,1617,92,0,3
114,1667,92,0,3
115,1667,137,3,0
122,1667,144,3,0
123,1667,145,3,0
124,1667,146,3,0
126,1584,148,3,0
126,1591,148,3,0
126,1617,148,3,0
136,1644,114,0,3
136,1681,114,0,3
137,1644,159,3,0
137,1681,159,3,0
139,1644,161,3,0
139,1681,161,3,0
141,1681,163,3,0
142,1681,164,3,0
143,1681,165,3,0
144,1644,166,3,0
144,1681,166,3,0
145,1644,167,3,0
145,1681,167,3,0
146,1644,168,3,0
146,1681,168,3,0
158,1587,136,0,3
158,1602,136,0,3
159,1587,181,3,0
159,1602,181,3,0
161,1587,183,3,0
161,1602,183,3,0
165,1587,187,3,0
165,1602,187,3,0
166,1587,188,3,0
166,1602,188,3,0
167,1587,189,3,0
167,1602,189,3,0
168,1587,190,3,0
168,1602,190,3,0
180,1643,158,0,3
181,1643,203,3,0
183,1643,205,3,0
187,1643,209,3,0
188,1643,210,3,0
189,1643,211,3,0
190,1643,212,3,0
202,1641,180,0,3
203,1641,225,3,0
205,1641,227,3,0
210,1641,232,3,0
211,1641,233,3,0
212,1641,234,3,0
269,1682,291,3,0
272,1682,250,0,3
276,1682,298,3,0
277,1682,299,3,0
278,1682,300,3,0
313,1593,335,3,0
313,1648,335,3,0
321,1593,343,3,0
321,1648,343,3,0
441,1668,463,3,0
442,1668,464,3,0
456,1668,478,3,0
457,1668,435,0,3
464,1673,486,3,0
465,1673,487,3,0
477,1673,499,3,0
478,1673,500,3,0
479,1673,457,0,3
489,1600,511,3,0
489,1606,511,3,0
493,1600,515,3,0
495,1600,517,3,0
495,1606,517,3,0
496,1600,518,3,0
496,1606,518,3,0
497,1600,519,3,0
497,1606,519,3,0
620,1638,642,3,0
629,1638,607,0,3
630,1638,608,0,3
642,1655,664,3,0
643,1655,665,3,0
646,1655,624,0,3
649,1655,627,0,3
651,1655,629,0,3
652,1655,630,0,3
664,1621,686,3,0
686,1678,708,3,0
705,1646,727,3,0
705,1660,727,3,0
706,1640,684,0,3
706,1646,684,0,3
706,1658,684,0,3
706,1660,684,0,3
708,1592,730,3,0
708,1640,730,3,0
708,1646,730,3,0
708,1658,730,3,0
708,1660,730,3,0
708,1662,730,3,0
708,1675,730,3,0
709,1592,731,3,0
709,1662,731,3,0
709,1675,731,3,0
715,1675,693,0,3
717,1592,695,0,3
717,1662,695,0,3
717,1675,695,0,3
718,1592,696,0,3
718,1662,696,0,3
718,1675,696,0,3
750,1654,728,0,3
750,1672,728,0,3
751,1654,773,3,0
751,1672,773,3,0
752,1654,774,3,0
752,1672,774,3,0
763,1654,741,0,3
763,1672,741,0,3
819,1612,841,3,0
820,1612,798,0,3
821,1612,799,0,3
822,1612,844,3,0
827,1612,805,0,3
841,1645,863,3,0
842,1645,820,0,3
843,1645,821,0,3
848,1645,826,0,3
849,1645,827,0,3
881,1616,859,0,3
882,1616,860,0,3
884,1610,906,3,0
884,1616,906,3,0
884,1620,906,3,0
884,1664,906,3,0
890,1610,868,0,3
892,1610,870,0,3
892,1620,870,0,3
892,1664,870,0,3
893,1610,871,0,3
893,1620,871,0,3
893,1664,871,0,3
896,1616,874,0,3
898,1616,920,3,0
899,1616,877,0,3
906,1611,928,3,0
906,1632,928,3,0
906,1647,928,3,0
907,1632,885,0,3
907,1647,885,0,3
911,1632,889,0,3
911,1647,889,0,3
912,1632,890,0,3
912,1647,890,0,3
913,1632,891,0,3
913,1647,891,0,3
914,1632,892,0,3
914,1647,892,0,3
915,1632,893,0,3
915,1647,893,0,3
916,1632,894,0,3
916,1647,894,0,3
928,1597,950,3,0
928,1666,950,3,0
929,1597,907,0,3
929,1666,907,0,3
931,1597,909,0,3
931,1666,909,0,3
935,1597,913,0,3
935,1666,913,0,3
936,1597,914,0,3
936,1666,914,0,3
937,1597,915,0,3
937,1666,915,0,3
938,1597,916,0,3
938,1666,916,0,3
950,1594,972,3,0
950,1619,972,3,0
951,1594,929,0,3
951,1619,929,0,3
953,1594,931,0,3
953,1619,931,0,3
957,1619,935,0,3
958,1594,936,0,3
958,1619,936,0,3
959,1594,937,0,3
959,1619,937,0,3
960,1594,938,0,3
960,1619,938,0,3
972,1608,994,3,0
972,1657,994,3,0
1016,1605,1038,3,0
1016,1629,1038,3,0
1017,1629,995,0,3
1020,1629,1042,3,0
1023,1629,1001,0,3
1024,1629,1002,0,3
1025,1629,1003,0,3
1042,1601,1064,3,0
1046,1601,1024,0,3
1047,1601,1025,0,3
1048,1601,1026,0,3
1057,1634,1035,0,3
1059,1634,1037,0,3
1059,1653,1037,0,3
1061,1639,1039,0,3
1068,1639,1046,0,3
1069,1639,1047,0,3
1070,1639,1048,0,3
1073,1634,1095,3,0
1074,1634,1052,0,3
1079,1674,1057,0,3
1095,1674,1117,3,0
1096,1674,1074,0,3
1101,1596,1079,0,3
1105,1586,1083,0,3
1105,1627,1083,0,3
1105,1635,1083,0,3
1105,1651,1083,0,3
1112,1586,1090,0,3
1112,1627,1090,0,3
1112,1635,1090,0,3
1112,1651,1090,0,3
1113,1586,1091,0,3
1113,1627,1091,0,3
1113,1635,1091,0,3
1113,1651,1091,0,3
1117,1596,1139,3,0
1127,1590,1105,0,3
1127,1607,1105,0,3
1127,1669,1105,0,3
1135,1590,1113,0,3
1135,1607,1113,0,3
1135,1669,1113,0,3
1149,1649,1127,0,3
1156,1649,1134,0,3
1157,1649,1135,0,3
1171,1615,1149,0,3
1179,1615,1157,0,3
1189,1659,1167,0,3
1190,1598,1168,0,3
1190,1659,1168,0,3
1190,1663,1168,0,3
1193,1637,1171,0,3
1204,1598,1182,0,3
1204,1659,1182,0,3
1204,1663,1182,0,3
1205,1659,1227,3,0
1207,1659,1229,3,0
1209,1659,1231,3,0
1299,1623,1277,0,3
1301,1623,1279,0,3
1314,1623,1292,0,3
1315,1623,1337,3,0
1322,1633,1300,0,3
1322,1650,1300,0,3
1323,1633,1301,0,3
1323,1650,1301,0,3
1336,1633,1314,0,3
1336,1650,1314,0,3
1337,1633,1359,3,0
1337,1650,1359,3,0
1341,1650,1363,3,0
1344,1636,1322,0,3
1358,1636,1336,0,3
1359,1636,1381,3,0
1390,1680,1368,0,3
1402,1680,1380,0,3
1403,1680,1425,3,0
1406,1680,1428,3,0
1432,1595,1410,0,3
1434,1595,1412,0,3
1456,1585,1434,0,3
1456,1622,1434,0,3
1456,1656,1434,0,3
1470,1656,1448,0,3
1472,1656,1494,3,0
1475,1618,1453,0,3
1475,1628,1453,0,3
1478,1618,1456,0,3
1478,1628,1456,0,3
1497,1588,1475,0,3
1497,1642,1475,0,3
1498,1588,1520,3,0
1498,1642,1520,3,0
1500,1588,1478,0,3
1500,1642,1478,0,3
1564,1614,2,3,3
1564,1652,2,3,3
1565,1614,1543,0,3
1565,1652,1543,0,3
1566,1614,1544,0,3
1566,1652,1544,0,3
1577,1614,15,3,3
1577,1652,15,3,3
1579,1614,1557,0,3
