1,1683,1563,3,3
15,1590,37,2,0
15,1607,37,2,0
15,1683,37,2,0
23,1624,1,0,2
23,1639,1,0,2
28,1634,6,0,2
34,1634,56,3,0
37,1624,59,3,0
37,1634,59,3,0
37,1639,59,3,0
44,1619,22,0,2
45,1619,23,0,3
48,1619,26,0,3
48,1669,26,0,3
59,1619,81,3,0
59,1669,81,3,0
66,1603,44,0,2
66,1609,44,0,2
66,1626,44,0,2
66,1629,44,0,2
66,1631,44,0,2
67,1586,45,0,3
67,1603,45,0,3
67,1609,45,0,3
67,1626,45,0,3
67,1629,45,0,3
67,1631,45,0,3
67,1651,45,0,3
67,1665,45,0,3
70,1586,48,0,3
70,1596,48,0,3
70,1603,48,0,3
70,1609,48,0,3
70,1626,48,0,3
70,1629,48,0,3
70,1631,48,0,3
70,1651,48,0,3
70,1665,48,0,3
70,1676,48,0,3
71,1596,49,0,3
71,1676,49,0,3
78,1596,100,3,0
81,1586,103,3,0
81,1596,103,3,0
81,1603,103,3,0
81,1609,103,3,0
81,1626,103,3,0
81,1629,103,3,0
81,1631,103,3,0
81,1651,103,3,0
81,1665,103,3,0
81,1676,103,3,0
88,1647,66,0,2
89,1647,67,0,3
91,1647,69,0,3
92,1647,70,0,3
92,1667,70,0,3
93,1667,71,0,3
96,1667,74,0,3
103,1647,125,3,0
103,1667,125,3,0
111,1649,89,0,3
113,1649,91,0,3
114,1649,92,0,3
114,1681,92,0,3
115,1681,93,0,3
118,1681,96,0,3
124,1681,102,0,3
125,1649,147,3,0
125,1681,147,3,0
133,1601,111,0,3
135,1601,113,0,3
136,1587,114,0,3
136,1601,114,0,3
137,1587,115,0,3
146,1587,124,0,3
149,1601,127,0,3
150,1601,128,0,3
155,1610,133,0,3
157,1610,135,0,3
158,1610,136,0,3
158,1616,136,0,3
158,1646,136,0,3
159,1616,137,0,3
159,1646,137,0,3
162,1616,140,0,3
167,1616,145,0,3
167,1646,145,0,3
168,1616,146,0,3
168,1646,146,0,3
171,1610,149,0,3
174,1610,196,3,0
180,1674,158,0,3
181,1674,159,0,3
183,1674,205,3,0
184,1674,162,0,3
187,1674,165,0,3
188,1674,210,3,0
189,1674,167,0,3
190,1674,168,0,3
224,1654,202,0,3
225,1654,203,0,3
227,1654,249,3,0
234,1654,212,0,3
235,1654,213,0,3
246,1621,224,0,3
247,1621,225,0,3
256,1621,234,0,3
257,1621,235,0,3
356,1678,334,0,3
357,1678,335,0,3
366,1678,344,0,3
367,1678,345,0,3
467,1600,445,0,3
467,1650,445,0,3
467,1659,445,0,3
468,1600,490,3,0
468,1650,490,3,0
468,1659,490,3,0
470,1600,492,3,0
470,1650,492,3,0
470,1659,492,3,0
471,1600,449,0,3
471,1650,449,0,3
471,1659,449,0,3
474,1600,496,3,0
474,1650,496,3,0
474,1659,496,3,0
476,1600,454,0,3
476,1650,454,0,3
476,1659,454,0,3
477,1600,455,0,3
477,1650,455,0,3
477,1659,455,0,3
595,1604,573,0,3
597,1604,575,0,3
598,1604,620,3,0
598,1656,620,3,0
599,1656,577,0,3
600,1656,622,3,0
602,1656,624,3,0
603,1656,581,0,3
606,1656,628,3,0
607,1656,585,0,3
608,1656,586,0,3
609,1604,587,0,3
609,1656,587,0,3
610,1604,632,3,0
620,1680,642,3,0
621,1680,599,0,3
622,1680,644,3,0
624,1680,646,3,0
625,1680,603,0,3
629,1680,607,0,3
630,1680,608,0,3
631,1680,609,0,3
642,1653,664,3,0
643,1653,621,0,3
644,1653,666,3,0
652,1653,630,0,3
653,1653,631,0,3
683,1644,661,0,3
684,1640,662,0,3
684,1644,662,0,3
685,1640,663,0,3
685,1644,663,0,3
686,1640,708,3,0
686,1644,708,3,0
686,1662,708,3,0
688,1662,710,3,0
696,1662,674,0,3
697,1640,675,0,3
697,1644,675,0,3
697,1662,675,0,3
698,1640,676,0,3
698,1644,676,0,3
729,1589,707,0,3
729,1660,707,0,3
729,1672,707,0,3
730,1589,752,3,0
730,1608,752,3,0
730,1660,752,3,0
730,1672,752,3,0
741,1589,719,0,3
741,1608,719,0,3
741,1660,719,0,3
741,1672,719,0,3
742,1589,720,0,3
742,1660,720,0,3
742,1672,720,0,3
750,1593,728,0,3
750,1648,728,0,3
750,1658,728,0,3
751,1593,729,0,3
751,1648,729,0,3
751,1658,729,0,3
754,1636,776,3,0
756,1636,778,3,0
760,1636,738,0,3
762,1636,784,3,0
763,1593,741,0,3
763,1636,741,0,3
763,1648,741,0,3
763,1658,741,0,3
764,1593,742,0,3
764,1648,742,0,3
764,1658,742,0,3
774,1663,796,3,0
776,1663,798,3,0
784,1663,806,3,0
785,1663,763,0,3
793,1641,815,3,0
807,1641,785,0,3
840,1595,862,3,0
844,1595,866,3,0
848,1595,826,0,3
851,1595,829,0,3
862,1620,884,3,0
863,1620,885,3,0
866,1620,888,3,0
870,1620,848,0,3
873,1620,851,0,3
906,1585,928,3,0
906,1632,928,3,0
907,1585,929,3,0
907,1632,929,3,0
910,1632,932,3,0
916,1585,938,3,0
916,1632,938,3,0
917,1585,895,0,3
917,1632,895,0,3
925,1613,947,3,0
927,1613,949,3,0
928,1594,950,3,0
928,1597,950,3,0
928,1613,950,3,0
928,1673,950,3,0
929,1594,951,3,0
929,1597,951,3,0
929,1673,951,3,0
932,1594,954,3,0
932,1597,954,3,0
938,1594,960,3,0
938,1597,960,3,0
938,1673,960,3,0
941,1613,963,3,0
942,1613,964,3,0
949,1611,971,3,0
950,1611,972,3,0
950,1657,972,3,0
950,1661,972,3,0
951,1661,973,3,0
954,1661,976,3,0
959,1661,981,3,0
960,1661,982,3,0
972,1630,994,3,0
973,1630,995,3,0
975,1630,953,0,3
976,1630,998,3,0
979,1630,1001,3,0
980,1630,958,0,3
981,1630,1003,3,0
982,1630,1004,3,0
994,1605,1016,3,0
994,1668,1016,3,0
995,1668,1017,3,0
997,1668,975,0,3
1002,1668,980,0,3
1004,1668,1026,3,0
1038,1599,1060,3,0
1039,1599,1061,3,0
1041,1599,1019,0,3
1048,1599,1070,3,0
1049,1599,1071,3,0
1059,1638,1081,3,0
1060,1638,1082,3,0
1060,1670,1082,3,0
1060,1679,1082,3,0
1061,1670,1083,3,0
1061,1679,1083,3,0
1063,1670,1041,0,3
1063,1679,1041,0,3
1068,1670,1046,0,3
1068,1679,1046,0,3
1070,1670,1092,3,0
1070,1679,1092,3,0
1071,1638,1093,3,0
1071,1670,1093,3,0
1071,1679,1093,3,0
1072,1638,1094,3,0
1078,1682,1056,0,2
1081,1682,1103,3,0
1083,1627,1105,3,0
1083,1635,1105,3,0
1085,1627,1063,0,3
1085,1635,1063,0,3
1092,1627,1114,3,0
1092,1635,1114,3,0
1093,1627,1115,3,0
1093,1635,1115,3,0
1093,1682,1115,3,0
1094,1682,1116,3,0
1095,1682,1117,3,0
1105,1671,1127,3,0
1105,1677,1127,3,0
1107,1671,1085,0,3
1107,1677,1085,0,3
1114,1671,1136,3,0
1114,1677,1136,3,0
1115,1671,1137,3,0
1115,1677,1137,3,0
1125,1643,1147,3,0
1126,1643,1148,3,0
1137,1643,1159,3,0
1138,1643,1116,0,3
1140,1643,1118,0,3
1147,1602,1169,3,0
1148,1602,1170,3,0
1148,1615,1170,3,0
1149,1615,1171,3,0
1151,1615,1173,3,0
1158,1615,1180,3,0
1159,1602,1181,3,0
1159,1615,1181,3,0
1160,1602,1138,0,3
1161,1602,1183,3,0
1162,1602,1140,0,3
1169,1598,1191,3,0
1171,1637,1193,3,0
1180,1637,1202,3,0
1181,1598,1203,3,0
1181,1637,1203,3,0
1182,1598,1160,0,3
1183,1598,1205,3,0
1193,1584,1215,3,0
1193,1591,1215,3,0
1193,1617,1215,3,0
1202,1584,1224,3,0
1202,1591,1224,3,0
1202,1617,1224,3,0
1203,1584,1225,3,0
1203,1591,1225,3,0
1203,1617,1225,3,0
1237,1652,1259,3,0
1238,1652,1216,0,3
1246,1652,1268,3,0
1247,1652,1269,3,0
1255,1592,1277,3,0
1257,1592,1279,3,0
1269,1592,1291,3,0
1271,1592,1293,3,0
1272,1592,1250,0,3
1299,1633,1321,3,0
1301,1633,1323,3,0
1313,1633,1335,3,0
1314,1633,1292,0,3
1321,1655,1343,3,0
1323,1655,1345,3,0
1335,1655,1357,3,0
1336,1655,1314,0,3
1343,1606,1365,3,0
1343,1623,1365,3,0
1343,1675,1365,3,0
1345,1606,1367,3,0
1345,1623,1367,3,0
1345,1675,1367,3,0
1357,1606,1379,3,0
1357,1623,1379,3,0
1357,1675,1379,3,0
1358,1606,1336,0,3
1358,1623,1336,0,3
1358,1675,1336,0,3
1359,1606,1381,3,0
1359,1623,1381,3,0
1359,1675,1381,3,0
1433,1622,1455,3,0
1433,1664,1455,3,0
1434,1622,1412,0,3
1434,1664,1412,0,3
1445,1622,1467,3,0
1445,1664,1467,3,0
1446,1622,1468,3,0
1446,1664,1468,3,0
1453,1618,1475,3,0
1454,1618,1476,3,0
1455,1618,1477,3,0
1456,1618,1434,0,3
1467,1618,1489,3,0
1468,1618,1490,3,0
1475,1588,1497,3,0
1475,1628,1497,3,0
1475,1642,1497,3,0
1475,1645,1497,3,0
1476,1588,1498,3,0
1476,1628,1498,3,0
1476,1642,1498,3,0
1476,1645,1498,3,0
1477,1588,1499,3,0
1477,1628,1499,3,0
1477,1642,1499,3,0
1477,1645,1499,3,0
1478,1588,1456,0,3
1478,1628,1456,0,3
1478,1642,1456,0,3
1478,1645,1456,0,3
1489,1588,1511,3,0
1489,1628,1511,3,0
1489,1642,1511,3,0
1489,1645,1511,3,0
1490,1588,1512,3,0
1490,1628,1512,3,0
1490,1642,1512,3,0
1490,1645,1512,3,0
1542,1612,1564,3,0
1542,1614,1564,3,0
1543,1612,1565,3,0
1543,1614,1565,3,0
1555,1612,1577,3,0
1555,1614,1577,3,0
1556,1612,1578,3,0
1556,1614,1578,3,0
1562,1666,1540,0,2
1563,1625,1541,0,3
1563,1666,1541,0,3
1564,1625,2,3,3
1564,1666,2,3,3
1565,1625,3,3,3
1565,1666,3,3,3
1566,1625,1544,0,3
1566,1666,1544,0,3
1577,1625,15,3,3
1577,1666,15,3,3
1580,1625,1558,0,3
1580,1666,1558,0,3
