1,1599,1563,3,3
1,1625,1563,3,3
1,1661,1563,3,3
2,1599,1564,3,3
2,1625,1564,3,3
2,1637,1564,3,3
2,1661,1564,3,3
3,1599,1565,3,3
3,1625,1565,3,3
3,1637,1565,3,3
3,1661,1565,3,3
4,1599,26,2,0
4,1625,26,2,0
4,1637,26,2,0
4,1661,26,2,0
18,1661,1580,3,3
25,1607,3,0,2
25,1677,3,0,2
26,1607,48,3,0
26,1677,48,3,0
45,1624,67,3,0
45,1671,67,3,0
46,1624,24,0,3
46,1671,24,0,3
47,1624,25,0,3
47,1671,25,0,3
48,1604,70,3,0
48,1624,70,3,0
48,1671,70,3,0
51,1604,73,3,0
56,1604,34,0,3
58,1604,36,0,3
61,1624,83,3,0
61,1671,83,3,0
66,1619,44,0,2
66,1670,44,0,2
66,1679,44,0,2
68,1615,46,0,3
68,1619,46,0,3
68,1670,46,0,3
68,1679,46,0,3
69,1615,47,0,3
69,1619,47,0,3
69,1670,47,0,3
69,1679,47,0,3
70,1615,92,3,0
70,1619,92,3,0
70,1670,92,3,0
70,1679,92,3,0
83,1615,105,3,0
83,1619,105,3,0
83,1670,105,3,0
83,1679,105,3,0
84,1619,106,3,0
84,1670,106,3,0
84,1679,106,3,0
88,1609,66,0,2
88,1629,66,0,2
90,1609,68,0,3
90,1629,68,0,3
91,1609,69,0,3
91,1629,69,0,3
92,1589,114,3,0
92,1609,114,3,0
92,1629,114,3,0
95,1589,117,3,0
99,1589,77,0,3
100,1589,78,0,3
102,1589,80,0,3
105,1609,127,3,0
105,1629,127,3,0
106,1609,128,3,0
106,1629,128,3,0
110,1632,88,0,2
110,1647,88,0,2
112,1617,90,0,3
112,1632,90,0,3
112,1647,90,0,3
113,1617,91,0,3
113,1632,91,0,3
113,1647,91,0,3
114,1617,136,3,0
114,1632,136,3,0
114,1647,136,3,0
114,1667,136,3,0
117,1667,139,3,0
122,1667,100,0,3
124,1667,102,0,3
125,1617,103,0,3
125,1632,103,0,3
125,1647,103,0,3
125,1667,103,0,3
127,1617,149,3,0
127,1632,149,3,0
127,1647,149,3,0
128,1632,150,3,0
128,1647,150,3,0
130,1632,108,0,3
130,1647,108,0,3
132,1610,110,0,2
133,1591,155,3,0
133,1610,155,3,0
134,1591,112,0,3
134,1610,112,0,3
135,1591,113,0,3
135,1610,113,0,3
139,1616,161,3,0
139,1644,161,3,0
139,1681,161,3,0
140,1616,162,3,0
140,1681,162,3,0
141,1616,119,0,3
141,1681,119,0,3
143,1616,121,0,3
143,1681,121,0,3
144,1616,122,0,3
144,1644,122,0,3
144,1681,122,0,3
145,1616,123,0,3
145,1644,123,0,3
145,1681,123,0,3
146,1616,124,0,3
146,1644,124,0,3
146,1681,124,0,3
147,1591,125,0,3
147,1610,125,0,3
147,1616,125,0,3
147,1644,125,0,3
147,1681,125,0,3
150,1610,172,3,0
152,1610,130,0,3
153,1610,131,0,3
154,1601,132,0,2
155,1601,177,3,0
156,1601,134,0,3
157,1601,135,0,3
160,1602,138,0,3
161,1602,183,3,0
165,1602,143,0,3
166,1602,144,0,3
167,1602,145,0,3
168,1602,146,0,3
169,1601,147,0,3
169,1602,147,0,3
172,1601,194,3,0
175,1601,153,0,3
182,1643,160,0,3
183,1643,205,3,0
187,1643,165,0,3
188,1643,166,0,3
189,1643,167,0,3
190,1643,168,0,3
191,1643,169,0,3
204,1641,182,0,3
204,1674,182,0,3
205,1641,227,3,0
205,1674,227,3,0
206,1674,184,0,3
209,1674,187,0,3
211,1641,189,0,3
211,1674,189,0,3
212,1641,190,0,3
212,1674,190,0,3
312,1593,290,0,3
312,1648,290,0,3
314,1593,292,0,3
314,1648,292,0,3
321,1593,299,0,3
321,1648,299,0,3
322,1593,300,0,3
322,1648,300,0,3
323,1593,345,3,0
323,1648,345,3,0
441,1668,463,3,0
443,1668,421,0,3
444,1659,422,0,3
444,1668,422,0,3
446,1659,424,0,3
447,1659,469,3,0
449,1659,471,3,0
450,1659,472,3,0
451,1659,429,0,3
453,1659,431,0,3
454,1659,432,0,3
455,1659,477,3,0
455,1668,477,3,0
458,1668,436,0,3
466,1618,444,0,3
468,1618,446,0,3
469,1618,491,3,0
473,1618,451,0,3
475,1618,453,0,3
476,1618,454,0,3
477,1618,499,3,0
488,1650,466,0,3
490,1650,468,0,3
491,1650,513,3,0
494,1650,516,3,0
495,1650,473,0,3
497,1650,475,0,3
498,1650,476,0,3
499,1650,521,3,0
598,1680,576,0,3
600,1680,578,0,3
604,1680,626,3,0
605,1680,583,0,3
606,1680,628,3,0
608,1680,630,3,0
609,1680,631,3,0
619,1676,597,0,3
620,1638,598,0,3
620,1676,598,0,3
622,1638,600,0,3
631,1638,653,3,0
631,1676,653,3,0
663,1621,641,0,3
664,1621,642,0,3
675,1621,697,3,0
685,1678,663,0,3
686,1678,664,0,3
697,1678,719,3,0
704,1660,726,2,0
707,1640,685,0,3
707,1646,685,0,3
707,1658,685,0,3
707,1660,685,0,3
708,1592,686,0,3
708,1640,686,0,3
708,1646,686,0,3
708,1658,686,0,3
708,1660,686,0,3
708,1662,686,0,3
708,1675,686,0,3
710,1592,688,0,3
710,1662,688,0,3
710,1675,688,0,3
716,1592,738,3,0
716,1662,738,3,0
716,1675,738,3,0
722,1660,744,3,0
749,1654,771,3,0
751,1654,729,0,3
751,1672,729,0,3
752,1654,730,0,3
752,1672,730,0,3
763,1654,785,3,0
763,1672,785,3,0
818,1612,796,0,3
818,1623,796,0,3
819,1612,841,3,0
819,1623,841,3,0
822,1612,844,3,0
826,1612,848,3,0
828,1612,850,3,0
828,1623,850,3,0
840,1588,818,0,3
840,1642,818,0,3
843,1588,821,0,3
843,1642,821,0,3
844,1588,866,3,0
844,1642,866,3,0
847,1588,869,3,0
847,1642,869,3,0
848,1588,870,3,0
848,1642,870,3,0
850,1588,872,3,0
850,1642,872,3,0
862,1628,840,0,3
865,1628,843,0,3
870,1628,892,3,0
872,1628,894,3,0
884,1620,862,0,3
887,1620,865,0,3
891,1620,913,3,0
892,1620,914,3,0
894,1620,916,3,0
905,1611,927,3,0
906,1611,884,0,3
906,1664,884,0,3
916,1664,938,3,0
917,1611,939,3,0
917,1664,939,3,0
946,1613,968,2,0
947,1613,925,0,3
948,1613,970,3,0
949,1613,971,3,0
952,1594,974,3,0
952,1630,974,3,0
952,1666,974,3,0
952,1673,974,3,0
953,1594,931,0,3
953,1630,931,0,3
953,1666,931,0,3
957,1630,979,3,0
958,1594,980,3,0
958,1630,980,3,0
958,1666,980,3,0
958,1673,980,3,0
959,1594,981,3,0
959,1630,981,3,0
959,1666,981,3,0
959,1673,981,3,0
960,1594,982,3,0
960,1630,982,3,0
960,1666,982,3,0
960,1673,982,3,0
961,1594,983,3,0
961,1613,983,3,0
961,1630,983,3,0
961,1666,983,3,0
961,1673,983,3,0
964,1613,942,0,3
971,1608,993,3,0
983,1608,1005,3,0
996,1683,1018,3,0
997,1683,975,0,3
1003,1683,1025,3,0
1004,1683,1026,3,0
1040,1603,1062,3,0
1040,1626,1062,3,0
1040,1631,1062,3,0
1041,1603,1019,0,3
1041,1626,1019,0,3
1041,1631,1019,0,3
1047,1603,1069,3,0
1047,1626,1069,3,0
1047,1631,1069,3,0
1049,1603,1027,0,3
1049,1626,1027,0,3
1049,1631,1027,0,3
1057,1634,1035,0,3
1059,1634,1081,3,0
1059,1653,1081,3,0
1071,1634,1049,0,3
1071,1653,1049,0,3
1074,1634,1052,0,3
1084,1639,1106,3,0
1091,1639,1113,3,0
1092,1639,1114,3,0
1093,1639,1071,0,3
1100,1682,1078,0,2
1101,1596,1079,0,3
1101,1682,1079,0,3
1103,1596,1125,3,0
1103,1682,1125,3,0
1104,1586,1126,3,0
1104,1596,1126,3,0
1104,1627,1126,3,0
1104,1635,1126,3,0
1104,1651,1126,3,0
1104,1682,1126,3,0
1106,1586,1128,3,0
1106,1627,1128,3,0
1106,1635,1128,3,0
1106,1651,1128,3,0
1107,1586,1085,0,3
1107,1627,1085,0,3
1107,1635,1085,0,3
1107,1651,1085,0,3
1113,1586,1135,3,0
1113,1627,1135,3,0
1113,1635,1135,3,0
1113,1651,1135,3,0
1114,1586,1136,3,0
1114,1627,1136,3,0
1114,1635,1136,3,0
1114,1651,1136,3,0
1115,1586,1093,0,3
1115,1596,1093,0,3
1115,1627,1093,0,3
1115,1635,1093,0,3
1115,1651,1093,0,3
1115,1682,1093,0,3
1118,1596,1096,0,3
1118,1682,1096,0,3
1119,1682,1141,3,0
1120,1682,1142,3,0
1121,1682,1143,3,0
1123,1587,1101,0,3
1125,1587,1147,3,0
1126,1587,1148,3,0
1126,1665,1148,3,0
1126,1669,1148,3,0
1128,1665,1150,3,0
1128,1669,1150,3,0
1135,1665,1157,3,0
1135,1669,1157,3,0
1136,1665,1158,3,0
1136,1669,1158,3,0
1137,1587,1115,0,3
1137,1665,1115,0,3
1137,1669,1115,0,3
1148,1590,1170,3,0
1148,1649,1170,3,0
1150,1590,1172,3,0
1150,1649,1172,3,0
1151,1649,1129,0,3
1157,1590,1179,3,0
1157,1649,1179,3,0
1158,1590,1180,3,0
1158,1649,1180,3,0
1159,1590,1137,0,3
1159,1649,1137,0,3
1191,1598,1213,3,0
1191,1663,1213,3,0
1192,1598,1214,3,0
1192,1663,1214,3,0
1203,1598,1181,0,3
1203,1663,1181,0,3
1214,1584,1236,3,0
1216,1584,1238,3,0
1223,1584,1245,3,0
1224,1584,1246,3,0
1225,1584,1203,0,3
1232,1600,1210,0,2
1233,1600,1211,0,3
1235,1600,1257,3,0
1236,1600,1258,3,0
1247,1600,1225,0,3
1250,1600,1272,3,0
1251,1600,1273,3,0
1253,1600,1275,3,0
1320,1606,1298,0,2
1321,1606,1299,0,3
1321,1633,1299,0,3
1323,1606,1345,3,0
1323,1633,1345,3,0
1335,1606,1313,0,3
1335,1633,1313,0,3
1339,1606,1361,3,0
1341,1606,1363,3,0
1342,1636,1320,0,2
1342,1655,1320,0,2
1343,1636,1321,0,3
1343,1655,1321,0,3
1345,1636,1367,3,0
1345,1655,1367,3,0
1357,1636,1335,0,3
1357,1655,1335,0,3
1361,1655,1383,3,0
1363,1655,1385,3,0
1430,1595,1408,0,2
1433,1595,1455,3,0
1434,1595,1456,3,0
1445,1595,1423,0,3
1452,1656,1430,0,2
1455,1585,1477,3,0
1455,1622,1477,3,0
1455,1656,1477,3,0
1456,1585,1478,3,0
1456,1622,1478,3,0
1456,1656,1478,3,0
1467,1585,1445,0,3
1467,1622,1445,0,3
1467,1656,1445,0,3
1470,1656,1492,3,0
1472,1656,1450,0,3
1496,1645,1474,0,2
1499,1645,1521,3,0
1500,1645,1522,3,0
1514,1645,1492,0,3
1519,1597,1497,0,3
1521,1597,1543,3,0
1522,1597,1544,3,0
1533,1597,1511,0,3
1534,1597,1512,0,3
1563,1614,1541,0,3
1564,1614,1542,0,3
1564,1652,1542,0,3
1565,1614,3,3,3
1565,1652,3,3,3
1566,1614,4,3,3
1566,1652,4,3,3
1580,1614,1558,0,3
