0,1650,1,0,0
0,1656,1,0,0
1,1650,2,1,0
1,1656,2,1,0
2,1650,3,1,0
2,1656,3,1,0
3,1650,4,1,0
3,1656,4,1,0
3,1671,25,2,0
3,1683,25,2,0
4,1650,1566,3,3
4,1656,1566,3,3
5,1650,1567,3,3
5,1656,1567,3,3
6,1650,1568,3,3
6,1656,1568,3,3
7,1650,1569,3,3
7,1656,1569,3,3
8,1650,1570,3,3
8,1656,1570,3,3
9,1650,1571,3,3
9,1656,1571,3,3
10,1650,1572,3,3
10,1656,1572,3,3
11,1650,1573,3,3
11,1656,1573,3,3
12,1650,1574,3,3
12,1656,1574,3,3
13,1650,1575,3,3
13,1656,1575,3,3
14,1650,1576,3,3
14,1656,1576,3,3
15,1650,1577,3,3
15,1656,1577,3,3
16,1650,15,0,1
16,1656,15,0,1
17,1650,16,0,1
17,1656,16,0,1
17,1671,1579,3,3
17,1683,1579,3,3
18,1650,17,0,1
18,1656,17,0,1
18,1683,40,2,0
19,1650,18,0,1
19,1656,18,0,1
20,1650,19,0,1
20,1656,19,0,1
22,1650,23,1,1
22,1656,23,1,1
23,1650,24,2,1
23,1656,24,2,1
24,1650,25,2,1
24,1656,25,2,1
25,1650,26,2,1
25,1656,26,2,1
26,1634,4,0,2
26,1650,4,0,2
26,1656,4,0,2
27,1634,49,3,0
27,1650,5,0,2
27,1656,5,0,2
28,1634,6,0,2
28,1650,6,0,2
28,1656,6,0,2
29,1634,7,0,2
29,1650,7,0,2
29,1656,7,0,2
30,1650,8,0,2
30,1656,8,0,2
31,1650,9,0,2
31,1656,9,0,2
32,1650,10,0,2
32,1656,10,0,2
33,1650,11,0,2
33,1656,11,0,2
34,1650,12,0,2
34,1656,12,0,2
35,1650,13,0,2
35,1656,13,0,2
36,1650,14,0,2
36,1656,14,0,2
37,1650,15,0,2
37,1656,15,0,2
38,1650,37,1,2
38,1656,37,1,2
39,1650,38,1,2
39,1656,38,1,2
40,1650,39,1,2
40,1656,39,1,2
41,1650,40,1,2
41,1656,40,1,2
42,1650,41,1,2
42,1656,41,1,2
44,1650,45,1,1
44,1656,45,1,1
45,1650,46,2,1
45,1656,46,2,1
46,1650,47,2,1
46,1656,47,2,1
47,1603,69,3,0
47,1626,69,3,0
47,1631,69,3,0
47,1650,48,2,1
47,1656,48,2,1
47,1665,69,3,0
47,1669,69,3,0
48,1603,26,0,3
48,1613,26,0,3
48,1626,26,0,3
48,1631,26,0,3
48,1650,26,0,3
48,1656,26,0,3
48,1665,26,0,3
48,1669,26,0,3
49,1613,71,3,0
49,1650,27,0,3
49,1656,27,0,3
50,1613,28,0,3
50,1650,28,0,3
50,1656,28,0,3
51,1650,29,0,3
51,1656,29,0,3
52,1613,74,3,0
52,1650,30,0,3
52,1656,30,0,3
53,1650,31,0,3
53,1656,31,0,3
54,1650,32,0,3
54,1656,32,0,3
55,1650,33,0,3
55,1656,33,0,3
56,1650,34,0,3
56,1656,34,0,3
57,1613,35,0,3
57,1650,35,0,3
57,1656,35,0,3
58,1650,36,0,3
58,1656,36,0,3
59,1650,37,0,3
59,1656,37,0,3
60,1650,59,1,2
60,1656,59,1,2
61,1603,39,0,3
61,1626,39,0,3
61,1631,39,0,3
61,1650,60,1,2
61,1656,60,1,2
61,1665,39,0,3
61,1669,39,0,3
62,1603,84,3,0
62,1626,84,3,0
62,1631,84,3,0
62,1650,61,1,2
62,1656,61,1,2
63,1650,62,1,2
63,1656,62,1,2
64,1650,63,1,2
64,1656,63,1,2
66,1650,67,1,1
66,1656,67,1,1
67,1650,68,2,1
67,1656,68,2,1
68,1650,69,2,1
68,1656,69,2,1
69,1586,91,3,0
69,1635,91,3,0
69,1650,70,2,1
69,1651,91,3,0
69,1656,70,2,1
70,1586,48,0,3
70,1596,48,0,3
70,1635,48,0,3
70,1650,48,0,3
70,1651,48,0,3
70,1656,48,0,3
70,1660,48,0,3
70,1676,48,0,3
71,1650,49,0,3
71,1656,49,0,3
72,1596,50,0,3
72,1650,50,0,3
72,1656,50,0,3
72,1660,50,0,3
72,1676,50,0,3
73,1650,51,0,3
73,1656,51,0,3
74,1650,52,0,3
74,1656,52,0,3
74,1660,96,3,0
75,1650,53,0,3
75,1656,53,0,3
76,1650,54,0,3
76,1656,54,0,3
77,1650,55,0,3
77,1656,55,0,3
78,1650,56,0,3
78,1656,56,0,3
79,1596,57,0,3
79,1650,57,0,3
79,1656,57,0,3
79,1660,57,0,3
79,1676,57,0,3
80,1650,58,0,3
80,1656,58,0,3
81,1650,59,0,3
81,1656,59,0,3
82,1650,81,1,2
82,1656,81,1,2
83,1586,61,0,3
83,1635,61,0,3
83,1650,82,1,2
83,1651,61,0,3
83,1656,82,1,2
84,1586,106,3,0
84,1635,106,3,0
84,1650,83,1,2
84,1651,106,3,0
84,1656,83,1,2
85,1650,84,1,2
85,1656,84,1,2
86,1650,85,1,2
86,1656,85,1,2
88,1630,66,0,2
88,1650,89,1,1
88,1656,89,1,1
89,1630,67,0,3
89,1650,90,2,1
89,1656,90,2,1
90,1650,91,2,1
90,1656,91,2,1
91,1630,113,3,0
91,1650,92,2,1
91,1656,92,2,1
92,1630,70,0,3
92,1650,70,0,3
92,1656,70,0,3
93,1650,71,0,3
93,1656,71,0,3
94,1650,72,0,3
94,1656,72,0,3
95,1650,73,0,3
95,1656,73,0,3
96,1650,74,0,3
96,1656,74,0,3
97,1650,75,0,3
97,1656,75,0,3
98,1650,76,0,3
98,1656,76,0,3
99,1650,77,0,3
99,1656,77,0,3
100,1650,78,0,3
100,1656,78,0,3
101,1650,79,0,3
101,1656,79,0,3
102,1650,80,0,3
102,1656,80,0,3
103,1650,81,0,3
103,1656,81,0,3
104,1650,103,1,2
104,1656,103,1,2
105,1630,83,0,3
105,1650,104,1,2
105,1656,104,1,2
106,1650,105,1,2
106,1656,105,1,2
107,1630,85,0,3
107,1650,106,1,2
107,1656,106,1,2
108,1650,107,1,2
108,1656,107,1,2
110,1650,111,1,1
110,1656,111,1,1
111,1649,89,0,3
111,1650,112,2,1
111,1656,112,2,1
112,1650,113,2,1
112,1656,113,2,1
113,1650,114,2,1
113,1656,114,2,1
114,1650,92,0,3
114,1656,92,0,3
115,1650,93,0,3
115,1656,93,0,3
116,1650,94,0,3
116,1656,94,0,3
117,1650,95,0,3
117,1656,95,0,3
118,1650,96,0,3
118,1656,96,0,3
119,1650,97,0,3
119,1656,97,0,3
120,1650,98,0,3
120,1656,98,0,3
121,1650,99,0,3
121,1656,99,0,3
122,1650,100,0,3
122,1656,100,0,3
123,1650,101,0,3
123,1656,101,0,3
124,1650,102,0,3
124,1656,102,0,3
125,1649,103,0,3
125,1650,103,0,3
125,1656,103,0,3
126,1650,125,1,2
126,1656,125,1,2
127,1649,105,0,3
127,1650,126,1,2
127,1656,126,1,2
128,1650,127,1,2
128,1656,127,1,2
129,1650,128,1,2
129,1656,128,1,2
130,1650,129,1,2
130,1656,129,1,2
132,1650,133,1,1
132,1656,133,1,1
133,1650,134,2,1
133,1656,134,2,1
134,1650,135,2,1
134,1656,135,2,1
135,1650,136,2,1
135,1656,136,2,1
136,1650,114,0,3
136,1656,114,0,3
137,1650,115,0,3
137,1656,115,0,3
138,1587,116,0,3
138,1650,116,0,3
138,1656,116,0,3
139,1587,161,3,0
139,1650,117,0,3
139,1656,117,0,3
140,1650,118,0,3
140,1656,118,0,3
141,1650,119,0,3
141,1656,119,0,3
142,1650,120,0,3
142,1656,120,0,3
143,1650,121,0,3
143,1656,121,0,3
144,1587,122,0,3
144,1650,122,0,3
144,1656,122,0,3
145,1587,123,0,3
145,1650,123,0,3
145,1656,123,0,3
146,1650,124,0,3
146,1656,124,0,3
147,1584,125,0,3
147,1587,125,0,3
147,1650,125,0,3
147,1656,125,0,3
148,1650,147,1,2
148,1656,147,1,2
149,1650,148,1,2
149,1656,148,1,2
150,1650,149,1,2
150,1656,149,1,2
151,1650,150,1,2
151,1656,150,1,2
152,1650,151,1,2
152,1656,151,1,2
154,1610,132,0,2
154,1650,155,1,1
154,1656,155,1,1
155,1610,133,0,3
155,1650,156,2,1
155,1656,156,2,1
156,1650,157,2,1
156,1656,157,2,1
157,1650,158,2,1
157,1656,158,2,1
158,1650,136,0,3
158,1656,136,0,3
159,1646,137,0,3
159,1650,137,0,3
159,1656,137,0,3
160,1646,138,0,3
160,1650,138,0,3
160,1656,138,0,3
161,1646,183,3,0
161,1650,139,0,3
161,1656,139,0,3
162,1650,140,0,3
162,1656,140,0,3
163,1650,141,0,3
163,1656,141,0,3
164,1650,142,0,3
164,1656,142,0,3
165,1650,143,0,3
165,1656,143,0,3
166,1650,144,0,3
166,1656,144,0,3
167,1646,145,0,3
167,1650,145,0,3
167,1656,145,0,3
168,1650,146,0,3
168,1656,146,0,3
169,1650,147,0,3
169,1656,147,0,3
170,1650,169,1,2
170,1656,169,1,2
171,1650,170,1,2
171,1656,170,1,2
172,1650,171,1,2
172,1656,171,1,2
173,1610,151,0,3
173,1650,172,1,2
173,1656,172,1,2
174,1650,173,1,2
174,1656,173,1,2
176,1650,177,1,1
176,1656,177,1,1
177,1650,178,2,1
177,1656,178,2,1
178,1650,179,2,1
178,1656,179,2,1
179,1650,180,2,1
179,1656,180,2,1
180,1650,158,0,3
180,1656,158,0,3
181,1650,159,0,3
181,1656,159,0,3
181,1674,159,0,3
182,1650,160,0,3
182,1656,160,0,3
183,1650,161,0,3
183,1656,161,0,3
183,1674,205,3,0
184,1650,162,0,3
184,1656,162,0,3
184,1674,206,3,0
185,1650,163,0,3
185,1656,163,0,3
186,1650,164,0,3
186,1656,164,0,3
187,1650,165,0,3
187,1656,165,0,3
188,1650,166,0,3
188,1656,166,0,3
188,1674,166,0,3
189,1650,167,0,3
189,1656,167,0,3
189,1674,167,0,3
190,1650,168,0,3
190,1656,168,0,3
190,1674,168,0,3
191,1650,169,0,3
191,1656,169,0,3
192,1650,191,1,2
192,1656,191,1,2
193,1650,192,1,2
193,1656,192,1,2
194,1650,193,1,2
194,1656,193,1,2
195,1650,194,1,2
195,1656,194,1,2
196,1650,195,1,2
196,1656,195,1,2
198,1650,199,1,1
198,1656,199,1,1
199,1650,200,2,1
199,1656,200,2,1
200,1650,201,2,1
200,1656,201,2,1
201,1650,202,2,1
201,1656,202,2,1
202,1650,180,0,3
202,1656,180,0,3
203,1650,181,0,3
203,1654,181,0,3
203,1656,181,0,3
204,1650,182,0,3
204,1656,182,0,3
205,1650,183,0,3
205,1654,227,3,0
205,1656,183,0,3
206,1650,184,0,3
206,1656,184,0,3
207,1650,185,0,3
207,1656,185,0,3
208,1650,186,0,3
208,1656,186,0,3
209,1650,187,0,3
209,1656,187,0,3
210,1650,188,0,3
210,1656,188,0,3
211,1650,189,0,3
211,1654,189,0,3
211,1656,189,0,3
212,1650,190,0,3
212,1654,190,0,3
212,1656,190,0,3
213,1650,191,0,3
213,1656,191,0,3
214,1650,213,1,2
214,1656,213,1,2
215,1650,214,1,2
215,1656,214,1,2
216,1650,215,1,2
216,1656,215,1,2
217,1650,216,1,2
217,1656,216,1,2
218,1650,217,1,2
218,1656,217,1,2
220,1650,221,1,1
220,1656,221,1,1
221,1650,222,2,1
221,1656,222,2,1
222,1650,223,2,1
222,1656,223,2,1
223,1650,224,2,1
223,1656,224,2,1
224,1650,202,0,3
224,1656,202,0,3
225,1650,203,0,3
225,1656,203,0,3
226,1650,204,0,3
226,1656,204,0,3
227,1650,205,0,3
227,1656,205,0,3
228,1650,206,0,3
228,1656,206,0,3
229,1650,207,0,3
229,1656,207,0,3
230,1650,208,0,3
230,1656,208,0,3
231,1650,209,0,3
231,1656,209,0,3
232,1650,210,0,3
232,1656,210,0,3
233,1650,211,0,3
233,1656,211,0,3
234,1650,212,0,3
234,1656,212,0,3
235,1650,213,0,3
235,1656,213,0,3
236,1650,235,1,2
236,1656,235,1,2
237,1650,236,1,2
237,1656,236,1,2
238,1650,237,1,2
238,1656,237,1,2
239,1650,238,1,2
239,1656,238,1,2
240,1650,239,1,2
240,1656,239,1,2
242,1650,243,1,1
242,1656,243,1,1
243,1650,244,2,1
243,1656,244,2,1
244,1650,245,2,1
244,1656,245,2,1
245,1650,246,2,1
245,1656,246,2,1
246,1650,224,0,3
246,1656,224,0,3
247,1650,225,0,3
247,1656,225,0,3
248,1621,270,3,0
248,1650,226,0,3
248,1656,226,0,3
248,1682,270,3,0
249,1650,227,0,3
249,1656,227,0,3
250,1650,228,0,3
250,1656,228,0,3
250,1682,272,3,0
251,1650,229,0,3
251,1656,229,0,3
251,1682,273,3,0
252,1650,230,0,3
252,1656,230,0,3
253,1650,231,0,3
253,1656,231,0,3
253,1682,231,0,3
254,1650,232,0,3
254,1656,232,0,3
254,1682,232,0,3
255,1650,233,0,3
255,1656,233,0,3
255,1682,233,0,3
256,1650,234,0,3
256,1656,234,0,3
257,1650,235,0,3
257,1656,235,0,3
258,1650,257,1,2
258,1656,257,1,2
259,1650,258,1,2
259,1656,258,1,2
260,1650,259,1,2
260,1656,259,1,2
261,1650,260,1,2
261,1656,260,1,2
262,1650,261,1,2
262,1656,261,1,2
264,1650,265,1,1
264,1656,265,1,1
265,1650,266,2,1
265,1656,266,2,1
266,1650,267,2,1
266,1656,267,2,1
267,1650,268,2,1
267,1656,268,2,1
268,1650,246,0,3
268,1656,246,0,3
269,1650,247,0,3
269,1656,247,0,3
270,1648,292,3,0
270,1650,248,0,3
270,1656,248,0,3
271,1648,293,3,0
271,1650,249,0,3
271,1656,249,0,3
272,1650,250,0,3
272,1656,250,0,3
273,1650,251,0,3
273,1656,251,0,3
274,1650,252,0,3
274,1656,252,0,3
275,1650,253,0,3
275,1656,253,0,3
276,1650,254,0,3
276,1656,254,0,3
277,1648,255,0,3
277,1650,255,0,3
277,1656,255,0,3
278,1650,256,0,3
278,1656,256,0,3
279,1650,257,0,3
279,1656,257,0,3
280,1650,279,1,2
280,1656,279,1,2
281,1650,280,1,2
281,1656,280,1,2
282,1650,281,1,2
282,1656,281,1,2
283,1650,282,1,2
283,1656,282,1,2
284,1650,283,1,2
284,1656,283,1,2
286,1650,287,1,1
286,1656,287,1,1
287,1650,288,2,1
287,1656,288,2,1
288,1650,289,2,1
288,1656,289,2,1
289,1650,290,2,1
289,1656,290,2,1
290,1650,268,0,3
290,1656,268,0,3
291,1650,269,0,3
291,1656,269,0,3
292,1650,270,0,3
292,1656,270,0,3
293,1650,271,0,3
293,1656,271,0,3
294,1650,272,0,3
294,1656,272,0,3
295,1650,273,0,3
295,1656,273,0,3
296,1650,274,0,3
296,1656,274,0,3
297,1650,275,0,3
297,1656,275,0,3
298,1650,276,0,3
298,1656,276,0,3
299,1650,277,0,3
299,1656,277,0,3
300,1650,278,0,3
300,1656,278,0,3
301,1650,279,0,3
301,1656,279,0,3
302,1650,301,1,2
302,1656,301,1,2
303,1650,302,1,2
303,1656,302,1,2
304,1650,303,1,2
304,1656,303,1,2
305,1650,304,1,2
305,1656,304,1,2
306,1650,305,1,2
306,1656,305,1,2
308,1650,309,1,1
308,1656,309,1,1
309,1650,310,2,1
309,1656,310,2,1
310,1650,311,2,1
310,1656,311,2,1
311,1650,312,2,1
311,1656,312,2,1
312,1650,290,0,3
312,1656,290,0,3
313,1650,291,0,3
313,1656,291,0,3
314,1650,292,0,3
314,1656,292,0,3
315,1650,293,0,3
315,1656,293,0,3
316,1650,294,0,3
316,1656,294,0,3
317,1650,295,0,3
317,1656,295,0,3
318,1650,296,0,3
318,1656,296,0,3
319,1650,297,0,3
319,1656,297,0,3
320,1650,298,0,3
320,1656,298,0,3
321,1650,299,0,3
321,1656,299,0,3
322,1650,300,0,3
322,1656,300,0,3
323,1650,301,0,3
323,1656,301,0,3
324,1650,323,1,2
324,1656,323,1,2
325,1650,324,1,2
325,1656,324,1,2
326,1650,325,1,2
326,1656,325,1,2
327,1650,326,1,2
327,1656,326,1,2
328,1650,327,1,2
328,1656,327,1,2
330,1650,331,1,1
330,1656,331,1,1
331,1650,332,2,1
331,1656,332,2,1
332,1650,333,2,1
332,1656,333,2,1
333,1650,334,2,1
333,1656,334,2,1
334,1650,312,0,3
334,1656,312,0,3
335,1650,313,0,3
335,1656,313,0,3
336,1650,314,0,3
336,1656,314,0,3
337,1650,315,0,3
337,1656,315,0,3
338,1650,316,0,3
338,1656,316,0,3
339,1650,317,0,3
339,1656,317,0,3
340,1650,318,0,3
340,1656,318,0,3
341,1650,319,0,3
341,1656,319,0,3
342,1650,320,0,3
342,1656,320,0,3
343,1650,321,0,3
343,1656,321,0,3
344,1650,322,0,3
344,1656,322,0,3
345,1650,323,0,3
345,1656,323,0,3
346,1650,345,1,2
346,1656,345,1,2
347,1650,346,1,2
347,1656,346,1,2
348,1650,347,1,2
348,1656,347,1,2
349,1650,348,1,2
349,1656,348,1,2
350,1650,349,1,2
350,1656,349,1,2
352,1650,353,1,1
352,1656,353,1,1
353,1650,354,2,1
353,1656,354,2,1
354,1650,355,2,1
354,1656,355,2,1
355,1650,356,2,1
355,1656,356,2,1
356,1650,334,0,3
356,1656,334,0,3
357,1650,335,0,3
357,1656,335,0,3
357,1678,335,0,3
358,1650,336,0,3
358,1656,336,0,3
359,1650,337,0,3
359,1656,337,0,3
360,1650,338,0,3
360,1656,338,0,3
361,1650,339,0,3
361,1656,339,0,3
362,1650,340,0,3
362,1656,340,0,3
363,1650,341,0,3
363,1656,341,0,3
364,1650,342,0,3
364,1656,342,0,3
365,1650,343,0,3
365,1656,343,0,3
366,1650,344,0,3
366,1656,344,0,3
367,1650,345,0,3
367,1656,345,0,3
368,1650,367,1,2
368,1656,367,1,2
369,1650,368,1,2
369,1656,368,1,2
370,1650,369,1,2
370,1656,369,1,2
371,1650,370,1,2
371,1656,370,1,2
372,1650,371,1,2
372,1656,371,1,2
374,1650,375,1,1
374,1656,375,1,1
375,1650,376,2,1
375,1656,376,2,1
376,1650,377,2,1
376,1656,377,2,1
377,1650,378,2,1
377,1656,378,2,1
378,1650,356,0,3
378,1656,356,0,3
379,1650,357,0,3
379,1656,357,0,3
380,1650,358,0,3
380,1656,358,0,3
381,1650,359,0,3
381,1656,359,0,3
382,1650,360,0,3
382,1656,360,0,3
383,1650,361,0,3
383,1656,361,0,3
384,1650,362,0,3
384,1656,362,0,3
385,1650,363,0,3
385,1656,363,0,3
386,1650,364,0,3
386,1656,364,0,3
387,1650,365,0,3
387,1656,365,0,3
388,1650,366,0,3
388,1656,366,0,3
389,1650,367,0,3
389,1656,367,0,3
390,1650,389,1,2
390,1656,389,1,2
391,1650,390,1,2
391,1656,390,1,2
392,1650,391,1,2
392,1656,391,1,2
393,1650,392,1,2
393,1656,392,1,2
394,1650,393,1,2
394,1656,393,1,2
396,1650,397,1,1
396,1656,397,1,1
397,1650,398,2,1
397,1656,398,2,1
398,1650,399,2,1
398,1656,399,2,1
399,1650,400,2,1
399,1656,400,2,1
400,1650,378,0,3
400,1656,378,0,3
401,1650,379,0,3
401,1656,379,0,3
402,1650,380,0,3
402,1656,380,0,3
403,1650,381,0,3
403,1656,381,0,3
404,1650,382,0,3
404,1656,382,0,3
405,1650,383,0,3
405,1656,383,0,3
406,1650,384,0,3
406,1656,384,0,3
407,1650,385,0,3
407,1656,385,0,3
408,1650,386,0,3
408,1656,386,0,3
409,1650,387,0,3
409,1656,387,0,3
410,1650,388,0,3
410,1656,388,0,3
411,1650,389,0,3
411,1656,389,0,3
412,1650,411,1,2
412,1656,411,1,2
413,1650,412,1,2
413,1656,412,1,2
414,1650,413,1,2
414,1656,413,1,2
415,1650,414,1,2
415,1656,414,1,2
416,1650,415,1,2
416,1656,415,1,2
418,1650,419,1,1
418,1656,419,1,1
419,1650,420,2,1
419,1656,420,2,1
420,1650,421,2,1
420,1656,421,2,1
421,1650,422,2,1
421,1656,422,2,1
422,1650,400,0,3
422,1656,400,0,3
423,1650,401,0,3
423,1656,401,0,3
424,1650,402,0,3
424,1656,402,0,3
425,1650,403,0,3
425,1656,403,0,3
426,1650,404,0,3
426,1656,404,0,3
427,1650,405,0,3
427,1656,405,0,3
428,1650,406,0,3
428,1656,406,0,3
429,1650,407,0,3
429,1656,407,0,3
430,1650,408,0,3
430,1656,408,0,3
431,1650,409,0,3
431,1656,409,0,3
432,1650,410,0,3
432,1656,410,0,3
433,1650,411,0,3
433,1656,411,0,3
434,1650,433,1,2
434,1656,433,1,2
435,1650,434,1,2
435,1656,434,1,2
436,1650,435,1,2
436,1656,435,1,2
437,1650,436,1,2
437,1656,436,1,2
438,1650,437,1,2
438,1656,437,1,2
440,1650,441,1,1
440,1656,441,1,1
441,1650,442,2,1
441,1656,442,2,1
442,1650,443,2,1
442,1656,443,2,1
443,1650,444,2,1
443,1656,444,2,1
444,1650,422,0,3
444,1656,422,0,3
445,1650,423,0,3
445,1656,423,0,3
446,1650,424,0,3
446,1656,424,0,3
447,1650,425,0,3
447,1656,425,0,3
448,1650,426,0,3
448,1656,426,0,3
449,1650,427,0,3
449,1656,427,0,3
450,1650,428,0,3
450,1656,428,0,3
451,1650,429,0,3
451,1656,429,0,3
452,1650,430,0,3
452,1656,430,0,3
453,1650,431,0,3
453,1656,431,0,3
454,1650,432,0,3
454,1656,432,0,3
455,1650,433,0,3
455,1656,433,0,3
456,1650,455,1,2
456,1656,455,1,2
457,1650,456,1,2
457,1656,456,1,2
458,1650,457,1,2
458,1656,457,1,2
458,1673,436,0,3
459,1650,458,1,2
459,1656,458,1,2
460,1650,459,1,2
460,1656,459,1,2
462,1650,463,1,1
462,1656,463,1,1
463,1650,464,2,1
463,1656,464,2,1
464,1650,465,2,1
464,1656,465,2,1
465,1650,466,2,1
465,1656,466,2,1
466,1656,444,0,3
467,1650,445,0,3
467,1656,445,0,3
468,1650,490,3,0
468,1656,446,0,3
469,1600,491,3,0
469,1650,491,3,0
469,1656,447,0,3
470,1650,492,3,0
470,1656,448,0,3
471,1650,449,0,3
471,1656,449,0,3
472,1650,450,0,3
472,1656,450,0,3
473,1650,451,0,3
473,1656,451,0,3
474,1600,452,0,3
474,1650,452,0,3
474,1656,452,0,3
475,1650,497,3,0
475,1656,453,0,3
476,1650,454,0,3
476,1656,454,0,3
477,1656,455,0,3
478,1650,477,1,2
478,1656,477,1,2
479,1650,478,1,2
479,1656,478,1,2
480,1650,479,1,2
480,1656,479,1,2
481,1650,480,1,2
481,1656,480,1,2
482,1650,481,1,2
482,1656,481,1,2
484,1650,485,1,1
484,1656,485,1,1
485,1650,486,2,1
485,1656,486,2,1
486,1650,487,2,1
486,1656,487,2,1
487,1650,488,2,1
487,1656,488,2,1
488,1656,466,0,3
489,1650,511,3,0
489,1656,467,0,3
490,1650,512,3,0
490,1656,468,0,3
491,1650,513,3,0
491,1656,469,0,3
492,1650,514,3,0
492,1656,470,0,3
493,1650,515,3,0
493,1656,471,0,3
494,1650,516,3,0
494,1656,472,0,3
495,1650,517,3,0
495,1656,473,0,3
496,1650,518,3,0
496,1656,474,0,3
497,1650,519,3,0
497,1656,475,0,3
498,1650,520,3,0
498,1656,476,0,3
499,1656,477,0,3
500,1650,499,1,2
500,1656,499,1,2
501,1650,500,1,2
501,1656,500,1,2
502,1650,501,1,2
502,1656,501,1,2
503,1650,502,1,2
503,1656,502,1,2
504,1650,503,1,2
504,1656,503,1,2
506,1650,507,1,1
506,1656,507,1,1
507,1650,508,2,1
507,1656,508,2,1
508,1650,509,2,1
508,1656,509,2,1
509,1650,510,2,1
509,1656,510,2,1
510,1650,532,3,0
510,1656,488,0,3
511,1650,533,3,0
511,1656,489,0,3
512,1650,534,3,0
512,1656,490,0,3
513,1606,535,3,0
513,1650,535,3,0
513,1656,491,0,3
514,1650,536,3,0
514,1656,492,0,3
515,1650,537,3,0
515,1656,493,0,3
516,1650,538,3,0
516,1656,494,0,3
517,1606,495,0,3
517,1650,539,3,0
517,1656,495,0,3
518,1606,496,0,3
518,1650,540,3,0
518,1656,496,0,3
519,1650,541,3,0
519,1656,497,0,3
520,1650,542,3,0
520,1656,498,0,3
521,1650,543,3,0
521,1656,499,0,3
522,1650,521,1,2
522,1656,521,1,2
523,1650,522,1,2
523,1656,522,1,2
524,1650,523,1,2
524,1656,523,1,2
525,1650,524,1,2
525,1656,524,1,2
526,1650,525,1,2
526,1656,525,1,2
528,1650,529,1,1
528,1656,529,1,1
529,1650,530,2,1
529,1656,530,2,1
530,1650,531,2,1
530,1656,531,2,1
531,1650,532,2,1
531,1656,532,2,1
532,1650,554,3,0
532,1656,510,0,3
533,1650,555,3,0
533,1656,511,0,3
534,1650,556,3,0
534,1656,512,0,3
535,1650,557,3,0
535,1656,513,0,3
536,1650,558,3,0
536,1656,514,0,3
537,1650,559,3,0
537,1656,515,0,3
538,1650,560,3,0
538,1656,516,0,3
539,1650,561,3,0
539,1656,517,0,3
540,1650,562,3,0
540,1656,518,0,3
541,1650,563,3,0
541,1656,519,0,3
542,1650,564,3,0
542,1656,520,0,3
543,1650,565,3,0
543,1656,521,0,3
544,1650,543,1,2
544,1656,543,1,2
545,1650,544,1,2
545,1656,544,1,2
546,1650,545,1,2
546,1656,545,1,2
547,1650,546,1,2
547,1656,546,1,2
548,1650,547,1,2
548,1656,547,1,2
550,1650,551,1,1
550,1656,551,1,1
551,1650,552,2,1
551,1656,552,2,1
552,1650,553,2,1
552,1656,553,2,1
553,1650,554,2,1
553,1656,554,2,1
554,1650,576,3,0
554,1656,532,0,3
555,1650,577,3,0
555,1656,533,0,3
556,1650,578,3,0
556,1656,534,0,3
557,1650,579,3,0
557,1656,535,0,3
558,1650,580,3,0
558,1656,536,0,3
559,1650,581,3,0
559,1656,537,0,3
560,1650,582,3,0
560,1656,538,0,3
561,1650,583,3,0
561,1656,539,0,3
562,1650,584,3,0
562,1656,540,0,3
563,1650,585,3,0
563,1656,541,0,3
564,1650,586,3,0
564,1656,542,0,3
565,1650,587,3,0
565,1656,543,0,3
566,1650,565,1,2
566,1656,565,1,2
567,1650,566,1,2
567,1656,566,1,2
568,1650,567,1,2
568,1656,567,1,2
569,1650,568,1,2
569,1656,568,1,2
570,1650,569,1,2
570,1656,569,1,2
572,1650,573,1,1
572,1656,573,1,1
573,1650,574,2,1
573,1656,574,2,1
574,1650,575,2,1
574,1656,575,2,1
575,1650,576,2,1
575,1656,576,2,1
576,1650,598,3,0
576,1656,554,0,3
577,1650,599,3,0
577,1656,555,0,3
578,1650,600,3,0
578,1656,556,0,3
579,1650,601,3,0
579,1656,557,0,3
580,1650,602,3,0
580,1656,558,0,3
581,1650,603,3,0
581,1656,559,0,3
582,1650,604,3,0
582,1656,560,0,3
583,1650,605,3,0
583,1656,561,0,3
584,1650,606,3,0
584,1656,562,0,3
585,1650,607,3,0
585,1656,563,0,3
586,1650,608,3,0
586,1656,564,0,3
587,1650,609,3,0
587,1656,565,0,3
588,1650,587,1,2
588,1656,587,1,2
589,1650,588,1,2
589,1656,588,1,2
590,1650,589,1,2
590,1656,589,1,2
591,1650,590,1,2
591,1656,590,1,2
592,1650,591,1,2
592,1656,591,1,2
594,1650,595,1,1
594,1656,595,1,1
595,1604,573,0,3
595,1650,596,2,1
595,1656,596,2,1
596,1604,618,3,0
596,1650,597,2,1
596,1656,597,2,1
597,1650,598,2,1
597,1656,598,2,1
598,1650,620,3,0
599,1650,621,3,0
599,1656,577,0,3
600,1650,622,3,0
600,1656,622,3,0
601,1650,623,3,0
601,1656,623,3,0
602,1650,624,3,0
602,1656,624,3,0
603,1650,625,3,0
603,1656,581,0,3
604,1650,626,3,0
604,1656,626,3,0
605,1650,627,3,0
605,1656,583,0,3
606,1650,628,3,0
606,1656,584,0,3
607,1650,629,3,0
607,1656,629,3,0
608,1650,630,3,0
608,1656,630,3,0
609,1650,631,3,0
610,1650,609,1,2
610,1656,609,1,2
611,1650,610,1,2
611,1656,610,1,2
612,1604,590,0,3
612,1650,611,1,2
612,1656,611,1,2
613,1650,612,1,2
613,1656,612,1,2
614,1650,613,1,2
614,1656,613,1,2
616,1650,617,1,1
616,1656,617,1,1
617,1650,618,2,1
617,1656,618,2,1
618,1650,619,2,1
618,1656,619,2,1
619,1650,620,2,1
619,1656,620,2,1
620,1650,642,3,0
621,1650,643,3,0
621,1656,643,3,0
622,1650,644,3,0
622,1656,644,3,0
623,1650,645,3,0
623,1656,645,3,0
624,1650,646,3,0
624,1656,646,3,0
625,1650,647,3,0
625,1655,603,0,3
625,1656,647,3,0
626,1650,648,3,0
626,1656,648,3,0
627,1650,649,3,0
627,1655,605,0,3
627,1656,649,3,0
628,1650,650,3,0
628,1655,606,0,3
628,1656,650,3,0
629,1650,651,3,0
629,1656,651,3,0
630,1650,652,3,0
630,1655,652,3,0
630,1656,652,3,0
631,1650,653,3,0
632,1650,631,1,2
632,1656,631,1,2
633,1650,632,1,2
633,1656,632,1,2
634,1650,633,1,2
634,1656,633,1,2
635,1650,634,1,2
635,1656,634,1,2
636,1650,635,1,2
636,1656,635,1,2
638,1650,639,1,1
638,1656,639,1,1
639,1650,640,2,1
639,1656,640,2,1
640,1650,641,2,1
640,1656,641,2,1
641,1650,642,2,1
641,1656,642,2,1
642,1650,664,3,0
642,1656,664,3,0
643,1650,665,3,0
643,1656,665,3,0
644,1650,666,3,0
644,1653,666,3,0
644,1656,666,3,0
645,1650,667,3,0
645,1656,667,3,0
646,1650,668,3,0
646,1656,668,3,0
647,1650,669,3,0
647,1656,669,3,0
648,1650,670,3,0
648,1656,670,3,0
649,1650,671,3,0
649,1656,671,3,0
650,1650,672,3,0
650,1656,672,3,0
651,1650,673,3,0
651,1656,673,3,0
652,1650,674,3,0
652,1653,674,3,0
652,1656,674,3,0
653,1650,675,3,0
653,1656,675,3,0
654,1650,653,1,2
654,1656,653,1,2
655,1650,654,1,2
655,1656,654,1,2
656,1650,655,1,2
656,1656,655,1,2
657,1650,656,1,2
657,1656,656,1,2
658,1650,657,1,2
658,1656,657,1,2
660,1650,661,1,1
660,1656,661,1,1
661,1650,662,2,1
661,1656,662,2,1
662,1650,663,2,1
662,1656,663,2,1
663,1650,664,2,1
663,1656,664,2,1
664,1650,686,3,0
664,1656,686,3,0
665,1650,687,3,0
665,1656,687,3,0
666,1650,688,3,0
666,1656,688,3,0
667,1650,689,3,0
667,1656,689,3,0
668,1650,690,3,0
668,1656,690,3,0
669,1650,691,3,0
669,1656,691,3,0
670,1650,692,3,0
670,1656,692,3,0
671,1650,693,3,0
671,1656,693,3,0
672,1650,694,3,0
672,1656,694,3,0
673,1650,695,3,0
673,1656,695,3,0
674,1650,696,3,0
674,1656,696,3,0
675,1650,697,3,0
675,1656,697,3,0
676,1650,675,1,2
676,1656,675,1,2
677,1650,676,1,2
677,1656,676,1,2
678,1650,677,1,2
678,1656,677,1,2
679,1650,678,1,2
679,1656,678,1,2
680,1650,679,1,2
680,1656,679,1,2
682,1650,683,1,1
682,1656,683,1,1
683,1644,661,0,3
683,1650,684,2,1
683,1656,684,2,1
684,1644,706,3,0
684,1650,685,2,1
684,1656,685,2,1
685,1650,686,2,1
685,1656,686,2,1
686,1650,708,3,0
686,1656,708,3,0
687,1650,709,3,0
687,1656,709,3,0
688,1650,710,3,0
688,1656,710,3,0
689,1650,711,3,0
689,1656,711,3,0
690,1650,712,3,0
690,1656,712,3,0
691,1650,713,3,0
691,1656,713,3,0
692,1650,714,3,0
692,1656,714,3,0
693,1650,715,3,0
693,1656,715,3,0
694,1650,716,3,0
694,1656,716,3,0
695,1650,717,3,0
695,1656,717,3,0
696,1650,718,3,0
696,1656,718,3,0
697,1650,719,3,0
697,1656,719,3,0
698,1650,697,1,2
698,1656,697,1,2
699,1650,698,1,2
699,1656,698,1,2
700,1644,678,0,3
700,1650,699,1,2
700,1656,699,1,2
701,1650,700,1,2
701,1656,700,1,2
702,1650,701,1,2
702,1656,701,1,2
704,1650,705,1,1
704,1656,705,1,1
705,1650,706,2,1
705,1656,706,2,1
705,1667,683,0,3
706,1650,707,2,1
706,1656,707,2,1
706,1667,728,3,0
707,1650,708,2,1
707,1656,708,2,1
707,1667,685,0,3
708,1650,730,3,0
708,1656,730,3,0
709,1650,731,3,0
709,1656,731,3,0
710,1650,732,3,0
710,1656,732,3,0
711,1650,733,3,0
711,1656,733,3,0
712,1650,734,3,0
712,1656,734,3,0
713,1650,735,3,0
713,1656,735,3,0
714,1650,736,3,0
714,1656,736,3,0
715,1650,737,3,0
715,1656,737,3,0
716,1650,738,3,0
716,1656,738,3,0
717,1650,739,3,0
717,1656,739,3,0
718,1650,740,3,0
718,1656,740,3,0
719,1650,741,3,0
719,1656,741,3,0
720,1650,719,1,2
720,1656,719,1,2
721,1650,720,1,2
721,1656,720,1,2
722,1650,721,1,2
722,1656,721,1,2
722,1667,700,0,3
723,1650,722,1,2
723,1656,722,1,2
724,1650,723,1,2
724,1656,723,1,2
726,1589,748,2,0
726,1650,727,1,1
726,1656,727,1,1
727,1589,705,0,3
727,1650,728,2,1
727,1656,728,2,1
728,1589,750,3,0
728,1593,750,3,0
728,1650,729,2,1
728,1656,729,2,1
729,1589,707,0,3
729,1593,707,0,3
729,1650,730,2,1
729,1656,730,2,1
730,1589,752,3,0
730,1593,752,3,0
730,1608,752,3,0
730,1611,752,3,0
730,1650,752,3,0
730,1656,752,3,0
731,1650,753,3,0
731,1656,753,3,0
732,1650,754,3,0
732,1656,754,3,0
733,1650,755,3,0
733,1656,755,3,0
734,1650,756,3,0
734,1656,756,3,0
735,1650,757,3,0
735,1656,757,3,0
736,1650,758,3,0
736,1656,758,3,0
737,1650,759,3,0
737,1656,759,3,0
738,1650,760,3,0
738,1656,760,3,0
739,1650,761,3,0
739,1656,761,3,0
740,1650,762,3,0
740,1656,762,3,0
741,1650,763,3,0
741,1656,763,3,0
742,1650,741,1,2
742,1656,741,1,2
743,1650,742,1,2
743,1656,742,1,2
744,1650,743,1,2
744,1656,743,1,2
745,1650,744,1,2
745,1656,744,1,2
746,1650,745,1,2
746,1656,745,1,2
748,1650,749,1,1
748,1656,749,1,1
749,1650,750,2,1
749,1656,750,2,1
750,1650,751,2,1
750,1656,751,2,1
750,1658,772,3,0
751,1650,752,2,1
751,1656,752,2,1
751,1658,729,0,3
752,1636,774,3,0
752,1650,774,3,0
752,1656,774,3,0
752,1658,774,3,0
753,1650,775,3,0
753,1656,775,3,0
754,1636,776,3,0
754,1650,776,3,0
754,1656,776,3,0
755,1636,777,3,0
755,1650,777,3,0
755,1656,777,3,0
756,1636,734,0,3
756,1650,778,3,0
756,1656,778,3,0
757,1650,779,3,0
757,1656,779,3,0
758,1650,780,3,0
758,1656,780,3,0
759,1650,781,3,0
759,1656,781,3,0
760,1650,782,3,0
760,1656,782,3,0
761,1650,783,3,0
761,1656,783,3,0
762,1636,784,3,0
762,1650,784,3,0
762,1656,784,3,0
763,1650,785,3,0
763,1656,785,3,0
764,1650,763,1,2
764,1656,763,1,2
765,1650,764,1,2
765,1656,764,1,2
766,1650,765,1,2
766,1656,765,1,2
767,1650,766,1,2
767,1656,766,1,2
768,1650,767,1,2
768,1656,767,1,2
770,1650,771,1,1
770,1656,771,1,1
771,1650,772,2,1
771,1656,772,2,1
772,1650,773,2,1
772,1656,773,2,1
773,1650,774,2,1
773,1656,774,2,1
774,1598,796,3,0
774,1633,796,3,0
774,1650,796,3,0
774,1656,796,3,0
775,1598,753,0,3
775,1633,753,0,3
775,1650,797,3,0
775,1656,797,3,0
776,1598,798,3,0
776,1633,798,3,0
776,1650,798,3,0
776,1656,798,3,0
777,1633,799,3,0
777,1650,799,3,0
777,1656,799,3,0
778,1650,800,3,0
778,1656,800,3,0
779,1650,801,3,0
779,1656,801,3,0
780,1650,802,3,0
780,1656,802,3,0
781,1650,803,3,0
781,1656,803,3,0
782,1650,804,3,0
782,1656,804,3,0
783,1650,805,3,0
783,1656,805,3,0
784,1650,806,3,0
784,1656,806,3,0
785,1650,807,3,0
785,1656,807,3,0
786,1650,785,1,2
786,1656,785,1,2
787,1650,786,1,2
787,1656,786,1,2
788,1650,787,1,2
788,1656,787,1,2
789,1650,788,1,2
789,1656,788,1,2
790,1650,789,1,2
790,1656,789,1,2
792,1650,793,1,1
792,1656,793,1,1
793,1650,794,2,1
793,1656,794,2,1
794,1650,795,2,1
794,1656,795,2,1
795,1641,773,0,3
795,1650,796,2,1
795,1656,796,2,1
796,1650,818,3,0
796,1656,818,3,0
797,1650,819,3,0
797,1656,819,3,0
798,1650,820,3,0
798,1656,820,3,0
799,1650,821,3,0
799,1656,821,3,0
800,1650,822,3,0
800,1656,822,3,0
801,1650,823,3,0
801,1656,823,3,0
802,1650,824,3,0
802,1656,824,3,0
803,1650,825,3,0
803,1656,825,3,0
804,1650,826,3,0
804,1656,826,3,0
805,1650,827,3,0
805,1656,827,3,0
806,1650,828,3,0
806,1656,828,3,0
807,1650,829,3,0
807,1656,829,3,0
808,1650,807,1,2
808,1656,807,1,2
809,1641,831,3,0
809,1650,808,1,2
809,1656,808,1,2
810,1641,788,0,3
810,1650,809,1,2
810,1656,809,1,2
811,1650,810,1,2
811,1656,810,1,2
812,1650,811,1,2
812,1656,811,1,2
814,1650,815,1,1
814,1656,815,1,1
815,1650,816,2,1
815,1656,816,2,1
816,1650,817,2,1
816,1656,817,2,1
817,1650,818,2,1
817,1656,818,2,1
818,1650,840,3,0
818,1656,840,3,0
819,1650,841,3,0
819,1656,841,3,0
820,1650,842,3,0
820,1656,842,3,0
821,1650,843,3,0
821,1656,843,3,0
822,1650,844,3,0
822,1656,844,3,0
823,1650,845,3,0
823,1656,845,3,0
824,1650,846,3,0
824,1656,846,3,0
825,1650,847,3,0
825,1656,847,3,0
826,1650,848,3,0
826,1656,848,3,0
827,1650,849,3,0
827,1656,849,3,0
828,1650,850,3,0
828,1656,850,3,0
829,1650,851,3,0
829,1656,851,3,0
830,1650,829,1,2
830,1656,829,1,2
831,1650,830,1,2
831,1656,830,1,2
832,1650,831,1,2
832,1656,831,1,2
833,1650,832,1,2
833,1656,832,1,2
834,1650,833,1,2
834,1656,833,1,2
836,1650,837,1,1
836,1656,837,1,1
837,1650,838,2,1
837,1656,838,2,1
838,1650,839,2,1
838,1656,839,2,1
839,1650,840,2,1
839,1656,840,2,1
840,1595,862,3,0
840,1614,862,3,0
840,1650,862,3,0
840,1656,862,3,0
841,1595,819,0,3
841,1614,819,0,3
841,1650,863,3,0
841,1656,863,3,0
842,1595,864,3,0
842,1614,864,3,0
842,1650,864,3,0
842,1656,864,3,0
843,1650,865,3,0
843,1656,865,3,0
844,1595,822,0,3
844,1614,822,0,3
844,1650,866,3,0
844,1656,866,3,0
845,1614,823,0,3
845,1650,867,3,0
845,1656,867,3,0
846,1650,868,3,0
846,1656,868,3,0
847,1650,869,3,0
847,1656,869,3,0
848,1650,870,3,0
848,1656,870,3,0
849,1595,871,3,0
849,1614,871,3,0
849,1650,871,3,0
849,1656,871,3,0
850,1650,872,3,0
850,1656,872,3,0
851,1650,873,3,0
851,1656,873,3,0
852,1650,851,1,2
852,1656,851,1,2
853,1650,852,1,2
853,1656,852,1,2
854,1650,853,1,2
854,1656,853,1,2
855,1650,854,1,2
855,1656,854,1,2
856,1650,855,1,2
856,1656,855,1,2
858,1650,859,1,1
858,1656,859,1,1
859,1650,860,2,1
859,1656,860,2,1
860,1650,861,2,1
860,1656,861,2,1
861,1650,862,2,1
861,1656,862,2,1
862,1620,884,3,0
862,1650,884,3,0
862,1656,884,3,0
863,1650,885,3,0
863,1656,885,3,0
864,1620,886,3,0
864,1650,886,3,0
864,1656,886,3,0
865,1650,887,3,0
865,1656,887,3,0
866,1620,844,0,3
866,1650,888,3,0
866,1656,888,3,0
867,1650,889,3,0
867,1656,889,3,0
868,1650,890,3,0
868,1656,890,3,0
869,1650,891,3,0
869,1656,891,3,0
870,1650,892,3,0
870,1656,892,3,0
871,1620,893,3,0
871,1650,893,3,0
871,1656,893,3,0
872,1650,894,3,0
872,1656,894,3,0
873,1650,895,3,0
873,1656,895,3,0
874,1650,873,1,2
874,1656,873,1,2
875,1650,874,1,2
875,1656,874,1,2
876,1650,875,1,2
876,1656,875,1,2
877,1650,876,1,2
877,1656,876,1,2
878,1650,877,1,2
878,1656,877,1,2
880,1650,881,1,1
880,1656,881,1,1
881,1650,882,2,1
881,1656,882,2,1
882,1650,883,2,1
882,1656,883,2,1
883,1650,884,2,1
883,1656,884,2,1
884,1585,906,3,0
884,1632,906,3,0
884,1647,906,3,0
884,1650,906,3,0
884,1656,906,3,0
885,1650,907,3,0
885,1656,907,3,0
886,1585,908,3,0
886,1632,908,3,0
886,1647,908,3,0
886,1650,908,3,0
886,1656,908,3,0
887,1585,865,0,3
887,1632,865,0,3
887,1647,865,0,3
887,1650,909,3,0
887,1656,909,3,0
888,1585,866,0,3
888,1632,866,0,3
888,1647,866,0,3
888,1650,910,3,0
888,1656,910,3,0
889,1632,867,0,3
889,1647,867,0,3
889,1650,911,3,0
889,1656,911,3,0
890,1650,912,3,0
890,1656,912,3,0
891,1650,913,3,0
891,1656,913,3,0
892,1585,914,3,0
892,1632,914,3,0
892,1647,914,3,0
892,1650,914,3,0
892,1656,914,3,0
893,1650,915,3,0
893,1656,915,3,0
894,1650,916,3,0
894,1656,916,3,0
895,1650,917,3,0
895,1656,917,3,0
896,1650,895,1,2
896,1656,895,1,2
897,1650,896,1,2
897,1656,896,1,2
898,1650,897,1,2
898,1656,897,1,2
899,1650,898,1,2
899,1656,898,1,2
900,1650,899,1,2
900,1656,899,1,2
902,1616,924,2,0
902,1650,903,1,1
902,1656,903,1,1
902,1681,924,2,0
903,1616,925,3,0
903,1650,904,2,1
903,1656,904,2,1
903,1681,925,3,0
904,1650,905,2,1
904,1656,905,2,1
905,1650,906,2,1
905,1656,906,2,1
906,1650,928,3,0
906,1656,928,3,0
907,1650,929,3,0
907,1656,929,3,0
908,1597,930,3,0
908,1622,930,3,0
908,1650,930,3,0
908,1656,930,3,0
909,1597,887,0,3
909,1622,887,0,3
909,1650,931,3,0
909,1656,931,3,0
910,1597,888,0,3
910,1650,932,3,0
910,1656,932,3,0
911,1650,933,3,0
911,1656,933,3,0
912,1650,934,3,0
912,1656,934,3,0
913,1650,935,3,0
913,1656,935,3,0
914,1597,936,3,0
914,1650,936,3,0
914,1656,936,3,0
915,1650,937,3,0
915,1656,937,3,0
916,1650,938,3,0
916,1656,938,3,0
917,1597,939,3,0
917,1616,939,3,0
917,1622,939,3,0
917,1650,939,3,0
917,1656,939,3,0
917,1681,939,3,0
918,1650,917,1,2
918,1656,917,1,2
919,1616,941,3,0
919,1650,918,1,2
919,1656,918,1,2
919,1681,941,3,0
920,1650,919,1,2
920,1656,919,1,2
921,1616,943,3,0
921,1650,920,1,2
921,1656,920,1,2
921,1681,943,3,0
922,1616,944,3,0
922,1650,921,1,2
922,1656,921,1,2
922,1681,944,3,0
923,1616,945,3,0
923,1681,945,3,0
924,1650,925,1,1
924,1656,925,1,1
925,1650,926,2,1
925,1656,926,2,1
926,1650,927,2,1
926,1656,927,2,1
927,1650,928,2,1
927,1656,928,2,1
928,1650,950,3,0
928,1656,950,3,0
929,1650,951,3,0
929,1656,951,3,0
930,1619,952,3,0
930,1650,952,3,0
930,1656,952,3,0
931,1619,909,0,3
931,1650,953,3,0
931,1656,953,3,0
932,1619,910,0,3
932,1650,954,3,0
932,1656,954,3,0
933,1619,911,0,3
933,1650,955,3,0
933,1656,955,3,0
934,1650,956,3,0
934,1656,956,3,0
935,1650,957,3,0
935,1656,957,3,0
936,1619,958,3,0
936,1650,958,3,0
936,1656,958,3,0
937,1619,959,3,0
937,1650,959,3,0
937,1656,959,3,0
938,1650,960,3,0
938,1656,960,3,0
939,1619,961,3,0
939,1650,961,3,0
939,1656,961,3,0
940,1650,939,1,2
940,1656,939,1,2
941,1650,940,1,2
941,1656,940,1,2
942,1650,941,1,2
942,1656,941,1,2
943,1650,942,1,2
943,1656,942,1,2
944,1650,943,1,2
944,1656,943,1,2
946,1650,947,1,1
946,1656,947,1,1
947,1650,948,2,1
947,1656,948,2,1
948,1650,949,2,1
948,1656,949,2,1
949,1650,950,2,1
949,1656,950,2,1
950,1650,972,3,0
950,1656,972,3,0
951,1650,973,3,0
951,1656,973,3,0
951,1661,973,3,0
952,1650,974,3,0
952,1656,974,3,0
952,1661,974,3,0
953,1650,975,3,0
953,1656,975,3,0
953,1661,931,0,3
954,1650,976,3,0
954,1656,976,3,0
954,1661,932,0,3
955,1650,977,3,0
955,1656,977,3,0
956,1650,978,3,0
956,1656,978,3,0
957,1650,979,3,0
957,1656,979,3,0
958,1650,980,3,0
958,1656,980,3,0
958,1661,980,3,0
959,1650,981,3,0
959,1656,981,3,0
959,1661,981,3,0
960,1650,982,3,0
960,1656,982,3,0
961,1650,983,3,0
961,1656,983,3,0
962,1650,961,1,2
962,1656,961,1,2
963,1650,962,1,2
963,1656,962,1,2
964,1650,963,1,2
964,1656,963,1,2
965,1650,964,1,2
965,1656,964,1,2
966,1650,965,1,2
966,1656,965,1,2
968,1650,969,1,1
968,1656,969,1,1
969,1650,970,2,1
969,1656,970,2,1
970,1650,971,2,1
970,1656,971,2,1
971,1650,972,2,1
971,1656,972,2,1
972,1650,994,3,0
972,1656,994,3,0
973,1650,995,3,0
973,1656,995,3,0
974,1650,996,3,0
974,1656,996,3,0
975,1650,997,3,0
975,1656,997,3,0
976,1650,998,3,0
976,1656,998,3,0
977,1650,999,3,0
977,1656,999,3,0
978,1650,1000,3,0
978,1656,1000,3,0
979,1650,1001,3,0
979,1656,1001,3,0
980,1650,1002,3,0
980,1656,1002,3,0
981,1650,1003,3,0
981,1656,1003,3,0
982,1650,1004,3,0
982,1656,1004,3,0
983,1650,1005,3,0
983,1656,1005,3,0
984,1650,983,1,2
984,1656,983,1,2
985,1650,984,1,2
985,1656,984,1,2
986,1650,985,1,2
986,1656,985,1,2
987,1650,986,1,2
987,1656,986,1,2
988,1650,987,1,2
988,1656,987,1,2
990,1650,991,1,1
990,1656,991,1,1
991,1650,992,2,1
991,1656,992,2,1
992,1650,993,2,1
992,1656,993,2,1
993,1650,994,2,1
993,1656,994,2,1
994,1650,1016,3,0
994,1656,1016,3,0
995,1650,1017,3,0
995,1656,1017,3,0
995,1668,1017,3,0
996,1650,1018,3,0
996,1656,1018,3,0
997,1650,1019,3,0
997,1656,1019,3,0
997,1668,975,0,3
998,1650,1020,3,0
998,1656,1020,3,0
999,1650,1021,3,0
999,1656,1021,3,0
1000,1650,1022,3,0
1000,1656,1022,3,0
1001,1650,1023,3,0
1001,1656,1023,3,0
1002,1650,1024,3,0
1002,1656,1024,3,0
1002,1668,1024,3,0
1003,1650,1025,3,0
1003,1656,1025,3,0
1003,1668,1025,3,0
1004,1650,1026,3,0
1004,1656,1026,3,0
1004,1668,1026,3,0
1005,1650,1027,3,0
1005,1656,1027,3,0
1006,1650,1005,1,2
1006,1656,1005,1,2
1007,1650,1006,1,2
1007,1656,1006,1,2
1008,1650,1007,1,2
1008,1656,1007,1,2
1009,1650,1008,1,2
1009,1656,1008,1,2
1010,1650,1009,1,2
1010,1656,1009,1,2
1012,1650,1013,1,1
1012,1656,1013,1,1
1013,1650,1014,2,1
1013,1656,1014,2,1
1014,1650,1015,2,1
1014,1656,1015,2,1
1015,1650,1016,2,1
1015,1656,1016,2,1
1016,1650,1038,3,0
1016,1656,1038,3,0
1017,1601,1039,3,0
1017,1650,1039,3,0
1017,1656,1039,3,0
1018,1601,996,0,3
1018,1650,1040,3,0
1018,1656,1040,3,0
1019,1650,1041,3,0
1019,1656,1041,3,0
1020,1601,998,0,3
1020,1650,1042,3,0
1020,1656,1042,3,0
1021,1601,999,0,3
1021,1650,1043,3,0
1021,1656,1043,3,0
1022,1650,1044,3,0
1022,1656,1044,3,0
1023,1650,1045,3,0
1023,1656,1045,3,0
1024,1650,1046,3,0
1024,1656,1046,3,0
1025,1601,1047,3,0
1025,1650,1047,3,0
1025,1656,1047,3,0
1026,1601,1048,3,0
1026,1650,1048,3,0
1026,1656,1048,3,0
1027,1650,1049,3,0
1027,1656,1049,3,0
1028,1650,1027,1,2
1028,1656,1027,1,2
1029,1650,1028,1,2
1029,1656,1028,1,2
1030,1650,1029,1,2
1030,1656,1029,1,2
1031,1650,1030,1,2
1031,1656,1030,1,2
1032,1650,1031,1,2
1032,1656,1031,1,2
1034,1650,1035,1,1
1034,1656,1035,1,1
1035,1650,1036,2,1
1035,1656,1036,2,1
1036,1638,1014,0,3
1036,1650,1037,2,1
1036,1656,1037,2,1
1037,1650,1038,2,1
1037,1656,1038,2,1
1038,1650,1060,3,0
1038,1656,1060,3,0
1039,1650,1061,3,0
1039,1656,1061,3,0
1040,1599,1018,0,3
1040,1625,1018,0,3
1040,1639,1018,0,3
1040,1650,1062,3,0
1040,1656,1062,3,0
1041,1650,1063,3,0
1041,1656,1063,3,0
1042,1650,1064,3,0
1042,1656,1064,3,0
1043,1650,1065,3,0
1043,1656,1065,3,0
1044,1650,1066,3,0
1044,1656,1066,3,0
1045,1650,1067,3,0
1045,1656,1067,3,0
1046,1650,1068,3,0
1046,1656,1068,3,0
1047,1599,1069,3,0
1047,1625,1069,3,0
1047,1639,1069,3,0
1047,1650,1069,3,0
1047,1656,1069,3,0
1048,1650,1070,3,0
1048,1656,1070,3,0
1049,1650,1071,3,0
1049,1656,1071,3,0
1050,1650,1049,1,2
1050,1656,1049,1,2
1051,1650,1050,1,2
1051,1656,1050,1,2
1052,1650,1051,1,2
1052,1656,1051,1,2
1053,1650,1052,1,2
1053,1656,1052,1,2
1054,1650,1053,1,2
1054,1656,1053,1,2
1056,1650,1057,1,1
1056,1656,1057,1,1
1057,1650,1058,2,1
1057,1656,1058,2,1
1058,1650,1059,2,1
1058,1656,1059,2,1
1059,1650,1060,2,1
1059,1656,1060,2,1
1060,1650,1082,3,0
1060,1656,1082,3,0
1061,1650,1083,3,0
1061,1656,1083,3,0
1062,1609,1040,0,3
1062,1629,1040,0,3
1062,1650,1084,3,0
1062,1656,1084,3,0
1062,1670,1040,0,3
1062,1679,1040,0,3
1063,1609,1041,0,3
1063,1629,1041,0,3
1063,1650,1085,3,0
1063,1656,1085,3,0
1063,1670,1041,0,3
1063,1679,1041,0,3
1064,1609,1042,0,3
1064,1629,1042,0,3
1064,1650,1086,3,0
1064,1656,1086,3,0
1064,1670,1042,0,3
1064,1679,1042,0,3
1065,1650,1087,3,0
1065,1656,1087,3,0
1066,1650,1088,3,0
1066,1656,1088,3,0
1067,1650,1089,3,0
1067,1656,1089,3,0
1068,1609,1090,3,0
1068,1629,1090,3,0
1068,1650,1090,3,0
1068,1656,1090,3,0
1068,1670,1090,3,0
1068,1679,1090,3,0
1069,1609,1091,3,0
1069,1629,1091,3,0
1069,1650,1091,3,0
1069,1656,1091,3,0
1069,1670,1091,3,0
1069,1679,1091,3,0
1070,1650,1092,3,0
1070,1656,1092,3,0
1071,1650,1093,3,0
1071,1656,1093,3,0
1072,1650,1071,1,2
1072,1656,1071,1,2
1073,1650,1072,1,2
1073,1656,1072,1,2
1074,1650,1073,1,2
1074,1656,1073,1,2
1075,1650,1074,1,2
1075,1656,1074,1,2
1076,1650,1075,1,2
1076,1656,1075,1,2
1078,1650,1079,1,1
1078,1656,1079,1,1
1079,1650,1080,2,1
1079,1656,1080,2,1
1080,1650,1081,2,1
1080,1656,1081,2,1
1081,1650,1082,2,1
1081,1656,1082,2,1
1082,1650,1104,3,0
1082,1656,1104,3,0
1083,1650,1105,3,0
1083,1656,1105,3,0
1084,1650,1106,3,0
1084,1656,1106,3,0
1085,1624,1063,0,3
1085,1627,1063,0,3
1085,1650,1107,3,0
1085,1656,1107,3,0
1086,1650,1108,3,0
1086,1656,1108,3,0
1087,1650,1109,3,0
1087,1656,1109,3,0
1088,1650,1110,3,0
1088,1656,1110,3,0
1089,1650,1111,3,0
1089,1656,1111,3,0
1090,1650,1112,3,0
1090,1656,1112,3,0
1091,1624,1113,3,0
1091,1627,1113,3,0
1091,1650,1113,3,0
1091,1656,1113,3,0
1092,1650,1114,3,0
1092,1656,1114,3,0
1093,1650,1115,3,0
1093,1656,1115,3,0
1094,1650,1093,1,2
1094,1656,1093,1,2
1095,1650,1094,1,2
1095,1656,1094,1,2
1096,1650,1095,1,2
1096,1656,1095,1,2
1097,1650,1096,1,2
1097,1656,1096,1,2
1098,1650,1097,1,2
1098,1656,1097,1,2
1100,1650,1101,1,1
1100,1656,1101,1,1
1101,1650,1102,2,1
1101,1656,1102,2,1
1102,1650,1103,2,1
1102,1656,1103,2,1
1103,1650,1104,2,1
1103,1656,1104,2,1
1104,1650,1126,3,0
1104,1656,1126,3,0
1105,1650,1127,3,0
1105,1656,1127,3,0
1106,1650,1128,3,0
1106,1656,1128,3,0
1107,1607,1085,0,3
1107,1650,1129,3,0
1107,1656,1129,3,0
1107,1677,1085,0,3
1108,1650,1130,3,0
1108,1656,1130,3,0
1109,1650,1131,3,0
1109,1656,1131,3,0
1110,1650,1132,3,0
1110,1656,1132,3,0
1111,1650,1133,3,0
1111,1656,1133,3,0
1112,1650,1134,3,0
1112,1656,1134,3,0
1113,1607,1135,3,0
1113,1650,1135,3,0
1113,1656,1135,3,0
1113,1677,1135,3,0
1114,1650,1136,3,0
1114,1656,1136,3,0
1115,1650,1137,3,0
1115,1656,1137,3,0
1116,1650,1115,1,2
1116,1656,1115,1,2
1117,1650,1116,1,2
1117,1656,1116,1,2
1118,1650,1117,1,2
1118,1656,1117,1,2
1119,1650,1118,1,2
1119,1656,1118,1,2
1120,1650,1119,1,2
1120,1656,1119,1,2
1122,1650,1123,1,1
1122,1656,1123,1,1
1123,1643,1145,3,0
1123,1650,1124,2,1
1123,1656,1124,2,1
1124,1643,1102,0,3
1124,1650,1125,2,1
1124,1656,1125,2,1
1125,1650,1126,2,1
1125,1656,1126,2,1
1126,1650,1148,3,0
1126,1656,1148,3,0
1127,1650,1149,3,0
1127,1656,1149,3,0
1128,1650,1150,3,0
1128,1656,1150,3,0
1129,1650,1151,3,0
1129,1656,1151,3,0
1130,1650,1152,3,0
1130,1656,1152,3,0
1131,1650,1153,3,0
1131,1656,1153,3,0
1132,1650,1154,3,0
1132,1656,1154,3,0
1133,1650,1155,3,0
1133,1656,1155,3,0
1134,1650,1156,3,0
1134,1656,1156,3,0
1135,1650,1157,3,0
1135,1656,1157,3,0
1136,1650,1158,3,0
1136,1656,1158,3,0
1137,1650,1159,3,0
1137,1656,1159,3,0
1138,1643,1116,0,3
1138,1650,1137,1,2
1138,1656,1137,1,2
1139,1650,1138,1,2
1139,1656,1138,1,2
1140,1643,1162,3,0
1140,1650,1139,1,2
1140,1656,1139,1,2
1141,1650,1140,1,2
1141,1656,1140,1,2
1142,1650,1141,1,2
1142,1656,1141,1,2
1144,1650,1145,1,1
1144,1656,1145,1,1
1145,1602,1167,3,0
1145,1650,1146,2,1
1145,1656,1146,2,1
1146,1602,1124,0,3
1146,1650,1147,2,1
1146,1656,1147,2,1
1147,1650,1148,2,1
1147,1656,1148,2,1
1148,1650,1170,3,0
1148,1656,1170,3,0
1149,1615,1171,3,0
1149,1650,1171,3,0
1149,1656,1171,3,0
1150,1650,1172,3,0
1150,1656,1172,3,0
1151,1615,1129,0,3
1151,1650,1173,3,0
1151,1656,1173,3,0
1152,1650,1174,3,0
1152,1656,1174,3,0
1153,1650,1175,3,0
1153,1656,1175,3,0
1154,1650,1176,3,0
1154,1656,1176,3,0
1155,1650,1177,3,0
1155,1656,1177,3,0
1156,1650,1178,3,0
1156,1656,1178,3,0
1157,1650,1179,3,0
1157,1656,1179,3,0
1158,1650,1180,3,0
1158,1656,1180,3,0
1159,1650,1181,3,0
1159,1656,1181,3,0
1160,1602,1138,0,3
1160,1650,1159,1,2
1160,1656,1159,1,2
1161,1650,1160,1,2
1161,1656,1160,1,2
1162,1602,1184,3,0
1162,1650,1161,1,2
1162,1656,1161,1,2
1163,1650,1162,1,2
1163,1656,1162,1,2
1164,1650,1163,1,2
1164,1656,1163,1,2
1166,1650,1167,1,1
1166,1656,1167,1,1
1167,1650,1168,2,1
1167,1656,1168,2,1
1168,1650,1169,2,1
1168,1656,1169,2,1
1169,1650,1170,2,1
1169,1656,1170,2,1
1170,1650,1192,3,0
1170,1656,1192,3,0
1171,1637,1193,3,0
1171,1650,1193,3,0
1171,1656,1193,3,0
1172,1650,1194,3,0
1172,1656,1194,3,0
1173,1650,1195,3,0
1173,1656,1195,3,0
1174,1650,1196,3,0
1174,1656,1196,3,0
1175,1650,1197,3,0
1175,1656,1197,3,0
1176,1650,1198,3,0
1176,1656,1198,3,0
1177,1650,1199,3,0
1177,1656,1199,3,0
1178,1650,1200,3,0
1178,1656,1200,3,0
1179,1650,1201,3,0
1179,1656,1201,3,0
1180,1650,1202,3,0
1180,1656,1202,3,0
1181,1650,1203,3,0
1181,1656,1203,3,0
1182,1650,1181,1,2
1182,1656,1181,1,2
1183,1650,1182,1,2
1183,1656,1182,1,2
1184,1650,1183,1,2
1184,1656,1183,1,2
1185,1650,1184,1,2
1185,1656,1184,1,2
1186,1650,1185,1,2
1186,1656,1185,1,2
1188,1650,1189,1,1
1188,1656,1189,1,1
1189,1650,1190,2,1
1189,1656,1190,2,1
1190,1650,1191,2,1
1190,1656,1191,2,1
1191,1650,1192,2,1
1191,1656,1192,2,1
1192,1650,1214,3,0
1192,1656,1214,3,0
1193,1591,1215,3,0
1193,1617,1215,3,0
1193,1650,1215,3,0
1193,1656,1215,3,0
1194,1650,1216,3,0
1194,1656,1216,3,0
1195,1591,1173,0,3
1195,1617,1173,0,3
1195,1650,1217,3,0
1195,1656,1217,3,0
1196,1650,1218,3,0
1196,1656,1218,3,0
1197,1650,1219,3,0
1197,1656,1219,3,0
1198,1650,1220,3,0
1198,1656,1220,3,0
1199,1650,1221,3,0
1199,1656,1221,3,0
1200,1650,1222,3,0
1200,1656,1222,3,0
1201,1650,1223,3,0
1201,1656,1223,3,0
1202,1650,1224,3,0
1202,1656,1224,3,0
1203,1650,1225,3,0
1203,1656,1225,3,0
1204,1650,1203,1,2
1204,1656,1203,1,2
1205,1650,1204,1,2
1205,1656,1204,1,2
1206,1650,1205,1,2
1206,1656,1205,1,2
1207,1650,1206,1,2
1207,1656,1206,1,2
1208,1650,1207,1,2
1208,1656,1207,1,2
1210,1650,1211,1,1
1210,1656,1211,1,1
1211,1650,1212,2,1
1211,1656,1212,2,1
1211,1659,1233,3,0
1212,1650,1213,2,1
1212,1656,1213,2,1
1213,1650,1214,2,1
1213,1656,1214,2,1
1214,1650,1236,3,0
1214,1656,1236,3,0
1215,1650,1237,3,0
1215,1656,1237,3,0
1216,1650,1238,3,0
1216,1656,1238,3,0
1217,1650,1239,3,0
1217,1656,1239,3,0
1218,1650,1240,3,0
1218,1656,1240,3,0
1219,1650,1241,3,0
1219,1656,1241,3,0
1220,1650,1242,3,0
1220,1656,1242,3,0
1221,1650,1243,3,0
1221,1656,1243,3,0
1222,1650,1244,3,0
1222,1656,1244,3,0
1223,1650,1245,3,0
1223,1656,1245,3,0
1224,1650,1246,3,0
1224,1656,1246,3,0
1225,1650,1247,3,0
1225,1656,1247,3,0
1226,1650,1225,1,2
1226,1656,1225,1,2
1227,1650,1226,1,2
1227,1656,1226,1,2
1228,1650,1227,1,2
1228,1656,1227,1,2
1228,1659,1250,3,0
1229,1650,1228,1,2
1229,1656,1228,1,2
1230,1650,1229,1,2
1230,1656,1229,1,2
1232,1650,1233,1,1
1232,1656,1233,1,1
1233,1650,1234,2,1
1233,1656,1234,2,1
1234,1650,1235,2,1
1234,1656,1235,2,1
1235,1650,1236,2,1
1235,1656,1236,2,1
1236,1650,1258,3,0
1236,1656,1258,3,0
1237,1650,1259,3,0
1237,1656,1259,3,0
1238,1650,1260,3,0
1238,1656,1260,3,0
1239,1650,1261,3,0
1239,1656,1261,3,0
1240,1650,1262,3,0
1240,1656,1262,3,0
1241,1650,1263,3,0
1241,1656,1263,3,0
1242,1650,1264,3,0
1242,1656,1264,3,0
1243,1650,1265,3,0
1243,1656,1265,3,0
1244,1650,1266,3,0
1244,1656,1266,3,0
1245,1650,1267,3,0
1245,1656,1267,3,0
1246,1650,1268,3,0
1246,1656,1268,3,0
1247,1650,1269,3,0
1247,1656,1269,3,0
1248,1650,1247,1,2
1248,1656,1247,1,2
1249,1650,1248,1,2
1249,1656,1248,1,2
1250,1650,1249,1,2
1250,1656,1249,1,2
1251,1650,1250,1,2
1251,1656,1250,1,2
1252,1650,1251,1,2
1252,1656,1251,1,2
1254,1650,1255,1,1
1254,1656,1255,1,1
1255,1592,1277,3,0
1255,1650,1256,2,1
1255,1656,1256,2,1
1255,1662,1277,3,0
1256,1650,1257,2,1
1256,1656,1257,2,1
1257,1650,1258,2,1
1257,1656,1258,2,1
1258,1650,1259,2,1
1258,1656,1280,3,0
1259,1650,1260,2,1
1259,1656,1281,3,0
1260,1650,1261,2,1
1260,1656,1282,3,0
1261,1650,1262,2,1
1261,1656,1283,3,0
1262,1650,1263,2,1
1262,1656,1284,3,0
1263,1656,1285,3,0
1264,1650,1650,70,0
1264,1656,1286,3,0
1265,1650,1264,1,2
1265,1656,1287,3,0
1266,1650,1265,1,2
1266,1656,1288,3,0
1267,1650,1266,1,2
1267,1656,1289,3,0
1268,1650,1267,1,2
1268,1656,1290,3,0
1269,1650,1268,1,2
1269,1656,1291,3,0
1270,1650,1269,1,2
1270,1656,1269,1,2
1271,1650,1270,1,2
1271,1656,1270,1,2
1272,1592,1294,3,0
1272,1650,1271,1,2
1272,1656,1271,1,2
1272,1662,1294,3,0
1273,1650,1272,1,2
1273,1656,1272,1,2
1274,1650,1273,1,2
1274,1656,1273,1,2
1276,1650,1277,1,1
1276,1656,1277,1,1
1277,1650,1278,2,1
1277,1656,1278,2,1
1278,1650,1279,2,1
1278,1656,1279,2,1
1279,1650,1280,2,1
1279,1656,1280,2,1
1280,1656,1302,3,0
1281,1650,1259,0,3
1281,1656,1303,3,0
1282,1650,1260,0,3
1282,1656,1304,3,0
1283,1650,1261,0,3
1283,1656,1305,3,0
1284,1650,1262,0,3
1284,1656,1306,3,0
1285,1650,1263,0,3
1285,1656,1307,3,0
1286,1650,1264,0,3
1286,1656,1308,3,0
1287,1650,1265,0,3
1287,1656,1309,3,0
1288,1650,1266,0,3
1288,1656,1310,3,0
1289,1650,1267,0,3
1289,1656,1311,3,0
1290,1650,1268,0,3
1290,1656,1312,3,0
1291,1656,1313,3,0
1292,1650,1291,1,2
1292,1656,1291,1,2
1293,1650,1292,1,2
1293,1656,1292,1,2
1294,1650,1293,1,2
1294,1656,1293,1,2
1295,1650,1294,1,2
1295,1656,1294,1,2
1296,1650,1295,1,2
1296,1656,1295,1,2
1298,1650,1299,1,1
1298,1656,1299,1,1
1299,1650,1300,2,1
1299,1656,1300,2,1
1300,1650,1301,2,1
1300,1656,1301,2,1
1301,1650,1302,2,1
1301,1656,1302,2,1
1302,1656,1324,3,0
1303,1650,1281,0,3
1303,1656,1325,3,0
1304,1650,1282,0,3
1304,1656,1326,3,0
1305,1650,1283,0,3
1305,1656,1327,3,0
1306,1650,1284,0,3
1306,1656,1328,3,0
1307,1650,1285,0,3
1307,1656,1329,3,0
1308,1650,1286,0,3
1308,1656,1330,3,0
1309,1650,1287,0,3
1309,1656,1331,3,0
1310,1650,1288,0,3
1310,1656,1332,3,0
1311,1650,1289,0,3
1311,1656,1333,3,0
1312,1650,1290,0,3
1312,1656,1334,3,0
1313,1656,1335,3,0
1314,1650,1313,1,2
1314,1656,1313,1,2
1315,1650,1314,1,2
1315,1656,1314,1,2
1316,1650,1315,1,2
1316,1656,1315,1,2
1317,1650,1316,1,2
1317,1656,1316,1,2
1318,1650,1317,1,2
1318,1656,1317,1,2
1320,1650,1321,1,1
1320,1656,1321,1,1
1321,1650,1322,2,1
1321,1656,1322,2,1
1322,1623,1300,0,3
1322,1650,1323,2,1
1322,1656,1323,2,1
1323,1650,1324,2,1
1323,1656,1324,2,1
1324,1650,1302,0,3
1324,1656,1346,3,0
1325,1650,1303,0,3
1325,1656,1347,3,0
1326,1650,1304,0,3
1326,1656,1348,3,0
1327,1650,1305,0,3
1327,1656,1349,3,0
1328,1650,1306,0,3
1328,1656,1350,3,0
1329,1650,1307,0,3
1329,1656,1351,3,0
1330,1650,1308,0,3
1330,1656,1352,3,0
1331,1650,1309,0,3
1331,1656,1353,3,0
1332,1650,1310,0,3
1332,1656,1354,3,0
1333,1650,1311,0,3
1333,1656,1355,3,0
1334,1650,1312,0,3
1334,1656,1356,3,0
1335,1650,1313,0,3
1335,1656,1357,3,0
1336,1650,1335,1,2
1336,1656,1335,1,2
1337,1650,1336,1,2
1337,1656,1336,1,2
1338,1650,1337,1,2
1338,1656,1337,1,2
1339,1650,1338,1,2
1339,1656,1338,1,2
1340,1650,1339,1,2
1340,1656,1339,1,2
1342,1650,1343,1,1
1342,1656,1343,1,1
1343,1650,1344,2,1
1343,1656,1344,2,1
1343,1675,1365,3,0
1344,1650,1345,2,1
1344,1656,1345,2,1
1344,1675,1322,0,3
1345,1650,1346,2,1
1345,1656,1346,2,1
1346,1650,1324,0,3
1346,1656,1368,3,0
1347,1650,1325,0,3
1347,1656,1369,3,0
1348,1650,1326,0,3
1348,1656,1370,3,0
1349,1650,1327,0,3
1349,1656,1371,3,0
1350,1650,1328,0,3
1350,1656,1372,3,0
1351,1650,1329,0,3
1351,1656,1373,3,0
1352,1650,1330,0,3
1352,1656,1374,3,0
1353,1650,1331,0,3
1353,1656,1375,3,0
1354,1650,1332,0,3
1354,1656,1376,3,0
1355,1650,1333,0,3
1355,1656,1377,3,0
1356,1650,1334,0,3
1356,1656,1378,3,0
1357,1650,1335,0,3
1357,1656,1379,3,0
1358,1650,1357,1,2
1358,1656,1357,1,2
1359,1650,1358,1,2
1359,1656,1358,1,2
1360,1650,1359,1,2
1360,1656,1359,1,2
1360,1675,1382,3,0
1361,1650,1360,1,2
1361,1656,1360,1,2
1362,1650,1361,1,2
1362,1656,1361,1,2
1364,1650,1365,1,1
1364,1656,1365,1,1
1365,1650,1366,2,1
1365,1656,1366,2,1
1366,1650,1367,2,1
1366,1656,1367,2,1
1367,1650,1368,2,1
1367,1656,1368,2,1
1368,1650,1346,0,3
1368,1656,1390,3,0
1369,1650,1347,0,3
1369,1656,1391,3,0
1370,1650,1348,0,3
1370,1656,1392,3,0
1371,1650,1349,0,3
1371,1656,1393,3,0
1372,1650,1350,0,3
1372,1656,1394,3,0
1373,1650,1351,0,3
1373,1656,1395,3,0
1374,1650,1352,0,3
1374,1656,1396,3,0
1375,1650,1353,0,3
1375,1656,1397,3,0
1376,1650,1354,0,3
1376,1656,1398,3,0
1377,1650,1355,0,3
1377,1656,1399,3,0
1378,1650,1356,0,3
1378,1656,1400,3,0
1379,1650,1357,0,3
1379,1656,1401,3,0
1380,1650,1379,1,2
1380,1656,1379,1,2
1381,1650,1380,1,2
1381,1656,1380,1,2
1382,1650,1381,1,2
1382,1656,1381,1,2
1383,1650,1382,1,2
1383,1656,1382,1,2
1384,1650,1383,1,2
1384,1656,1383,1,2
1386,1650,1387,1,1
1386,1656,1387,1,1
1387,1650,1388,2,1
1387,1656,1388,2,1
1388,1650,1389,2,1
1388,1656,1389,2,1
1389,1650,1390,2,1
1389,1656,1390,2,1
1390,1650,1368,0,3
1390,1656,1391,2,1
1391,1650,1369,0,3
1391,1656,1392,2,1
1392,1650,1370,0,3
1392,1656,1393,2,1
1393,1650,1371,0,3
1393,1656,1394,2,1
1394,1650,1372,0,3
1394,1656,1395,2,1
1395,1650,1373,0,3
1396,1650,1374,0,3
1396,1656,1656,76,0
1397,1650,1375,0,3
1397,1656,1396,1,2
1398,1650,1376,0,3
1398,1656,1397,1,2
1399,1650,1377,0,3
1399,1656,1398,1,2
1400,1650,1378,0,3
1400,1656,1399,1,2
1401,1650,1379,0,3
1401,1656,1400,1,2
1402,1650,1401,1,2
1402,1656,1401,1,2
1403,1650,1402,1,2
1403,1656,1402,1,2
1404,1650,1403,1,2
1404,1656,1403,1,2
1405,1650,1404,1,2
1405,1656,1404,1,2
1406,1650,1405,1,2
1406,1656,1405,1,2
1408,1650,1409,1,1
1408,1656,1409,1,1
1409,1650,1410,2,1
1409,1656,1410,2,1
1409,1680,1431,3,0
1410,1650,1411,2,1
1410,1656,1411,2,1
1410,1680,1388,0,3
1411,1650,1412,2,1
1411,1656,1412,2,1
1412,1650,1390,0,3
1413,1650,1391,0,3
1413,1656,1391,0,3
1414,1650,1392,0,3
1414,1656,1392,0,3
1415,1650,1393,0,3
1415,1656,1393,0,3
1416,1650,1394,0,3
1416,1656,1394,0,3
1417,1650,1395,0,3
1417,1656,1395,0,3
1418,1650,1396,0,3
1418,1656,1396,0,3
1419,1650,1397,0,3
1419,1656,1397,0,3
1420,1650,1398,0,3
1420,1656,1398,0,3
1421,1650,1399,0,3
1421,1656,1399,0,3
1422,1650,1400,0,3
1422,1656,1400,0,3
1423,1650,1401,0,3
1424,1650,1423,1,2
1424,1656,1423,1,2
1425,1650,1424,1,2
1425,1656,1424,1,2
1426,1650,1425,1,2
1426,1656,1425,1,2
1426,1680,1448,3,0
1427,1650,1426,1,2
1427,1656,1426,1,2
1428,1650,1427,1,2
1428,1656,1427,1,2
1430,1650,1431,1,1
1430,1656,1431,1,1
1431,1650,1432,2,1
1431,1656,1432,2,1
1431,1664,1453,3,0
1432,1650,1433,2,1
1432,1656,1433,2,1
1432,1664,1410,0,3
1433,1650,1434,2,1
1433,1656,1434,2,1
1434,1650,1412,0,3
1435,1650,1413,0,3
1435,1656,1413,0,3
1436,1650,1414,0,3
1436,1656,1414,0,3
1437,1650,1415,0,3
1437,1656,1415,0,3
1438,1650,1416,0,3
1438,1656,1416,0,3
1439,1650,1417,0,3
1439,1656,1417,0,3
1440,1650,1418,0,3
1440,1656,1418,0,3
1441,1650,1419,0,3
1441,1656,1419,0,3
1442,1650,1420,0,3
1442,1656,1420,0,3
1443,1650,1421,0,3
1443,1656,1421,0,3
1444,1650,1422,0,3
1444,1656,1422,0,3
1445,1650,1423,0,3
1446,1650,1445,1,2
1446,1656,1445,1,2
1447,1650,1446,1,2
1447,1656,1446,1,2
1448,1650,1447,1,2
1448,1656,1447,1,2
1448,1664,1470,3,0
1449,1650,1448,1,2
1449,1656,1448,1,2
1450,1650,1449,1,2
1450,1656,1449,1,2
1452,1650,1453,1,1
1452,1656,1453,1,1
1453,1618,1475,3,0
1453,1628,1475,3,0
1453,1650,1454,2,1
1453,1656,1454,2,1
1454,1618,1432,0,3
1454,1628,1432,0,3
1454,1650,1455,2,1
1454,1656,1455,2,1
1455,1650,1456,2,1
1455,1656,1456,2,1
1456,1650,1434,0,3
1456,1656,1434,0,3
1457,1650,1435,0,3
1457,1656,1435,0,3
1458,1650,1436,0,3
1458,1656,1436,0,3
1459,1650,1437,0,3
1459,1656,1437,0,3
1460,1650,1438,0,3
1460,1656,1438,0,3
1461,1650,1439,0,3
1461,1656,1439,0,3
1462,1650,1440,0,3
1462,1656,1440,0,3
1463,1650,1441,0,3
1463,1656,1441,0,3
1464,1650,1442,0,3
1464,1656,1442,0,3
1465,1650,1443,0,3
1465,1656,1443,0,3
1466,1650,1444,0,3
1466,1656,1444,0,3
1467,1650,1445,0,3
1467,1656,1445,0,3
1468,1650,1467,1,2
1468,1656,1467,1,2
1469,1650,1468,1,2
1469,1656,1468,1,2
1470,1618,1492,3,0
1470,1628,1492,3,0
1470,1650,1469,1,2
1470,1656,1469,1,2
1471,1650,1470,1,2
1471,1656,1470,1,2
1472,1650,1471,1,2
1472,1656,1471,1,2
1474,1650,1475,1,1
1474,1656,1475,1,1
1475,1588,1497,3,0
1475,1642,1497,3,0
1475,1645,1497,3,0
1475,1650,1476,2,1
1475,1656,1476,2,1
1476,1588,1454,0,3
1476,1642,1454,0,3
1476,1645,1454,0,3
1476,1650,1477,2,1
1476,1656,1477,2,1
1477,1650,1478,2,1
1477,1656,1478,2,1
1478,1650,1456,0,3
1478,1656,1456,0,3
1479,1650,1457,0,3
1479,1656,1457,0,3
1480,1650,1458,0,3
1480,1656,1458,0,3
1481,1650,1459,0,3
1481,1656,1459,0,3
1482,1650,1460,0,3
1482,1656,1460,0,3
1483,1650,1461,0,3
1483,1656,1461,0,3
1484,1650,1462,0,3
1484,1656,1462,0,3
1485,1650,1463,0,3
1485,1656,1463,0,3
1486,1650,1464,0,3
1486,1656,1464,0,3
1487,1650,1465,0,3
1487,1656,1465,0,3
1488,1650,1466,0,3
1488,1656,1466,0,3
1489,1650,1467,0,3
1489,1656,1467,0,3
1490,1650,1489,1,2
1490,1656,1489,1,2
1491,1650,1490,1,2
1491,1656,1490,1,2
1492,1588,1514,3,0
1492,1642,1514,3,0
1492,1645,1514,3,0
1492,1650,1491,1,2
1492,1656,1491,1,2
1493,1650,1492,1,2
1493,1656,1492,1,2
1494,1650,1493,1,2
1494,1656,1493,1,2
1496,1650,1497,1,1
1496,1656,1497,1,1
1497,1650,1498,2,1
1497,1656,1498,2,1
1498,1650,1499,2,1
1498,1656,1499,2,1
1499,1650,1500,2,1
1499,1656,1500,2,1
1500,1650,1478,0,3
1500,1656,1478,0,3
1501,1650,1479,0,3
1501,1656,1479,0,3
1502,1650,1480,0,3
1502,1656,1480,0,3
1503,1650,1481,0,3
1503,1656,1481,0,3
1504,1650,1482,0,3
1504,1656,1482,0,3
1505,1650,1483,0,3
1505,1656,1483,0,3
1506,1650,1484,0,3
1506,1656,1484,0,3
1507,1650,1485,0,3
1507,1656,1485,0,3
1508,1650,1486,0,3
1508,1656,1486,0,3
1509,1650,1487,0,3
1509,1656,1487,0,3
1510,1650,1488,0,3
1510,1656,1488,0,3
1511,1650,1489,0,3
1511,1656,1489,0,3
1512,1650,1511,1,2
1512,1656,1511,1,2
1513,1650,1512,1,2
1513,1656,1512,1,2
1514,1650,1513,1,2
1514,1656,1513,1,2
1515,1650,1514,1,2
1515,1656,1514,1,2
1516,1650,1515,1,2
1516,1656,1515,1,2
1518,1650,1519,1,1
1518,1656,1519,1,1
1519,1650,1520,2,1
1519,1656,1520,2,1
1520,1650,1521,2,1
1520,1656,1521,2,1
1521,1650,1522,2,1
1521,1656,1522,2,1
1522,1650,1500,0,3
1522,1656,1500,0,3
1523,1650,1501,0,3
1523,1656,1501,0,3
1524,1650,1502,0,3
1524,1656,1502,0,3
1525,1650,1503,0,3
1525,1656,1503,0,3
1526,1650,1504,0,3
1526,1656,1504,0,3
1527,1650,1505,0,3
1527,1656,1505,0,3
1528,1650,1506,0,3
1528,1656,1506,0,3
1529,1650,1507,0,3
1529,1656,1507,0,3
1530,1650,1508,0,3
1530,1656,1508,0,3
1531,1650,1509,0,3
1531,1656,1509,0,3
1532,1650,1510,0,3
1532,1656,1510,0,3
1533,1650,1511,0,3
1533,1656,1511,0,3
1534,1650,1533,1,2
1534,1656,1533,1,2
1535,1650,1534,1,2
1535,1656,1534,1,2
1536,1650,1535,1,2
1536,1656,1535,1,2
1537,1650,1536,1,2
1537,1656,1536,1,2
1538,1650,1537,1,2
1538,1656,1537,1,2
1540,1612,1518,0,2
1540,1650,1541,1,1
1540,1656,1541,1,1
1541,1650,1542,2,1
1541,1656,1542,2,1
1542,1594,1520,0,3
1542,1612,1520,0,3
1542,1650,1543,2,1
1542,1656,1543,2,1
1542,1666,1520,0,3
1543,1594,1565,3,0
1543,1612,1565,3,0
1543,1650,1544,2,1
1543,1656,1544,2,1
1543,1666,1565,3,0
1544,1594,1522,0,3
1544,1612,1522,0,3
1544,1650,1522,0,3
1544,1656,1522,0,3
1544,1666,1522,0,3
1545,1650,1523,0,3
1545,1656,1523,0,3
1546,1650,1524,0,3
1546,1656,1524,0,3
1547,1650,1525,0,3
1547,1656,1525,0,3
1548,1650,1526,0,3
1548,1656,1526,0,3
1549,1650,1527,0,3
1549,1656,1527,0,3
1550,1650,1528,0,3
1550,1656,1528,0,3
1551,1650,1529,0,3
1551,1656,1529,0,3
1552,1650,1530,0,3
1552,1656,1530,0,3
1553,1650,1531,0,3
1553,1656,1531,0,3
1554,1650,1532,0,3
1554,1656,1532,0,3
1555,1650,1533,0,3
1555,1656,1533,0,3
1556,1650,1555,1,2
1556,1656,1555,1,2
1557,1650,1556,1,2
1557,1656,1556,1,2
1558,1650,1557,1,2
1558,1656,1557,1,2
1559,1650,1558,1,2
1559,1656,1558,1,2
1560,1650,1559,1,2
1560,1656,1559,1,2
1562,1650,1563,1,1
1562,1656,1563,1,1
1563,1650,1564,2,1
1563,1656,1564,2,1
1564,1650,1565,2,1
1564,1656,1565,2,1
1565,1590,3,3,3
1565,1650,1566,2,1
1565,1656,1566,2,1
1566,1590,1544,0,3
1566,1650,1544,0,3
1566,1656,1544,0,3
1567,1650,1545,0,3
1567,1656,1545,0,3
1568,1650,1546,0,3
1568,1656,1546,0,3
1569,1650,1547,0,3
1569,1656,1547,0,3
1570,1650,1548,0,3
1570,1656,1548,0,3
1571,1650,1549,0,3
1571,1656,1549,0,3
1572,1650,1550,0,3
1572,1656,1550,0,3
1573,1650,1551,0,3
1573,1656,1551,0,3
1574,1650,1552,0,3
1574,1656,1552,0,3
1575,1650,1553,0,3
1575,1656,1553,0,3
1576,1650,1554,0,3
1576,1656,1554,0,3
1577,1650,1555,0,3
1577,1656,1555,0,3
1578,1650,1577,1,2
1578,1656,1577,1,2
1579,1650,1578,1,2
1579,1656,1578,1,2
1580,1650,1579,1,2
1580,1656,1579,1,2
1581,1650,1580,1,2
1581,1656,1580,1,2
1582,1650,1581,1,2
1582,1656,1581,1,2
1650,1584,1264,0,70
1650,1585,1264,0,70
1650,1586,1264,0,70
1650,1587,1264,0,70
1650,1588,1264,0,70
1650,1589,1264,0,70
1650,1590,1264,0,70
1650,1591,1264,0,70
1650,1592,1264,0,70
1650,1593,1264,0,70
1650,1594,1264,0,70
1650,1595,1264,0,70
1650,1596,1264,0,70
1650,1597,1264,0,70
1650,1598,1264,0,70
1650,1599,1264,0,70
1650,1600,1264,0,70
1650,1601,1264,0,70
1650,1602,1264,0,70
1650,1603,1264,0,70
1650,1604,1264,0,70
1650,1605,1264,0,70
1650,1606,1264,0,70
1650,1607,1264,0,70
1650,1608,1264,0,70
1650,1609,1264,0,70
1650,1610,1264,0,70
1650,1611,1264,0,70
1650,1612,1264,0,70
1650,1613,1264,0,70
1650,1614,1264,0,70
1650,1615,1264,0,70
1650,1616,1264,0,70
1650,1617,1264,0,70
1650,1618,1264,0,70
1650,1619,1264,0,70
1650,1620,1264,0,70
1650,1621,1264,0,70
1650,1622,1264,0,70
1650,1623,1264,0,70
1650,1624,1264,0,70
1650,1625,1264,0,70
1650,1626,1264,0,70
1650,1627,1264,0,70
1650,1628,1264,0,70
1650,1629,1264,0,70
1650,1630,1264,0,70
1650,1631,1264,0,70
1650,1632,1264,0,70
1650,1633,1264,0,70
1650,1634,1264,0,70
1650,1635,1264,0,70
1650,1636,1264,0,70
1650,1637,1264,0,70
1650,1638,1264,0,70
1650,1639,1264,0,70
1650,1640,1264,0,70
1650,1641,1264,0,70
1650,1642,1264,0,70
1650,1643,1264,0,70
1650,1644,1264,0,70
1650,1645,1264,0,70
1650,1646,1264,0,70
1650,1647,1264,0,70
1650,1648,1264,0,70
1650,1649,1264,0,70
1650,1651,1264,0,70
1650,1652,1264,0,70
1650,1653,1264,0,70
1650,1654,1264,0,70
1650,1655,1264,0,70
1650,1656,1264,0,70
1650,1657,1264,0,70
1650,1658,1264,0,70
1650,1659,1264,0,70
1650,1660,1264,0,70
1650,1661,1264,0,70
1650,1662,1264,0,70
1650,1663,1264,0,70
1650,1664,1264,0,70
1650,1665,1264,0,70
1650,1666,1264,0,70
1650,1667,1264,0,70
1650,1668,1264,0,70
1650,1669,1264,0,70
1650,1670,1264,0,70
1650,1671,1264,0,70
1650,1672,1264,0,70
1650,1673,1264,0,70
1650,1674,1264,0,70
1650,1675,1264,0,70
1650,1676,1264,0,70
1650,1677,1264,0,70
1650,1678,1264,0,70
1650,1679,1264,0,70
1650,1680,1264,0,70
1650,1681,1264,0,70
1650,1682,1264,0,70
1650,1683,1264,0,70
1656,1584,1396,0,76
1656,1585,1396,0,76
1656,1586,1396,0,76
1656,1587,1396,0,76
1656,1588,1396,0,76
1656,1589,1396,0,76
1656,1590,1396,0,76
1656,1591,1396,0,76
1656,1592,1396,0,76
1656,1593,1396,0,76
1656,1594,1396,0,76
1656,1595,1396,0,76
1656,1596,1396,0,76
1656,1597,1396,0,76
1656,1598,1396,0,76
1656,1599,1396,0,76
1656,1600,1396,0,76
1656,1601,1396,0,76
1656,1602,1396,0,76
1656,1603,1396,0,76
1656,1604,1396,0,76
1656,1605,1396,0,76
1656,1606,1396,0,76
1656,1607,1396,0,76
1656,1608,1396,0,76
1656,1609,1396,0,76
1656,1610,1396,0,76
1656,1611,1396,0,76
1656,1612,1396,0,76
1656,1613,1396,0,76
1656,1614,1396,0,76
1656,1615,1396,0,76
1656,1616,1396,0,76
1656,1617,1396,0,76
1656,1618,1396,0,76
1656,1619,1396,0,76
1656,1620,1396,0,76
1656,1621,1396,0,76
1656,1622,1396,0,76
1656,1623,1396,0,76
1656,1624,1396,0,76
1656,1625,1396,0,76
1656,1626,1396,0,76
1656,1627,1396,0,76
1656,1628,1396,0,76
1656,1629,1396,0,76
1656,1630,1396,0,76
1656,1631,1396,0,76
1656,1632,1396,0,76
1656,1633,1396,0,76
1656,1634,1396,0,76
1656,1635,1396,0,76
1656,1636,1396,0,76
1656,1637,1396,0,76
1656,1638,1396,0,76
1656,1639,1396,0,76
1656,1640,1396,0,76
1656,1641,1396,0,76
1656,1642,1396,0,76
1656,1643,1396,0,76
1656,1644,1396,0,76
1656,1645,1396,0,76
1656,1646,1396,0,76
1656,1647,1396,0,76
1656,1648,1396,0,76
1656,1649,1396,0,76
1656,1650,1396,0,76
1656,1651,1396,0,76
1656,1652,1396,0,76
1656,1653,1396,0,76
1656,1654,1396,0,76
1656,1655,1396,0,76
1656,1657,1396,0,76
1656,1658,1396,0,76
1656,1659,1396,0,76
1656,1660,1396,0,76
1656,1661,1396,0,76
1656,1662,1396,0,76
1656,1663,1396,0,76
1656,1664,1396,0,76
1656,1665,1396,0,76
1656,1666,1396,0,76
1656,1667,1396,0,76
1656,1668,1396,0,76
1656,1669,1396,0,76
1656,1670,1396,0,76
1656,1671,1396,0,76
1656,1672,1396,0,76
1656,1673,1396,0,76
1656,1674,1396,0,76
1656,1675,1396,0,76
1656,1676,1396,0,76
1656,1677,1396,0,76
1656,1678,1396,0,76
1656,1679,1396,0,76
1656,1680,1396,0,76
1656,1681,1396,0,76
1656,1682,1396,0,76
1656,1683,1396,0,76
