3,1671,1565,3,3
3,1683,1565,3,3
4,1671,26,2,0
4,1683,26,2,0
15,1671,37,2,0
15,1683,37,2,0
16,1671,38,2,0
16,1683,38,2,0
17,1671,39,2,0
17,1683,39,2,0
24,1637,2,0,2
24,1661,2,0,2
26,1634,48,3,0
26,1637,48,3,0
26,1661,48,3,0
27,1634,49,3,0
28,1634,6,0,2
34,1634,56,3,0
35,1634,13,0,2
37,1634,59,3,0
37,1637,59,3,0
37,1661,59,3,0
38,1637,60,3,0
38,1661,60,3,0
39,1637,61,3,0
39,1661,61,3,0
46,1603,24,0,3
46,1626,24,0,3
46,1631,24,0,3
46,1665,24,0,3
48,1596,70,3,0
48,1603,70,3,0
48,1613,70,3,0
48,1626,70,3,0
48,1631,70,3,0
48,1665,70,3,0
50,1596,28,0,3
50,1613,28,0,3
55,1613,77,3,0
56,1613,78,3,0
57,1596,35,0,3
57,1613,35,0,3
59,1596,81,3,0
59,1603,81,3,0
59,1613,81,3,0
59,1626,81,3,0
59,1631,81,3,0
59,1665,81,3,0
60,1603,82,3,0
60,1626,82,3,0
60,1631,82,3,0
60,1665,82,3,0
68,1586,46,0,3
68,1627,46,0,3
68,1635,46,0,3
68,1651,46,0,3
70,1586,92,3,0
70,1627,92,3,0
70,1635,92,3,0
70,1651,92,3,0
70,1660,92,3,0
70,1676,92,3,0
72,1660,50,0,3
72,1676,50,0,3
78,1660,100,3,0
79,1660,57,0,3
79,1676,57,0,3
82,1586,104,3,0
82,1627,104,3,0
82,1635,104,3,0
82,1651,104,3,0
88,1630,66,0,2
90,1630,68,0,3
90,1670,68,0,3
90,1679,68,0,3
92,1630,114,3,0
92,1670,114,3,0
92,1679,114,3,0
104,1630,126,3,0
104,1670,126,3,0
104,1679,126,3,0
106,1630,84,0,3
106,1670,84,0,3
106,1679,84,0,3
126,1649,148,3,0
128,1649,106,0,3
136,1584,114,0,3
136,1587,114,0,3
137,1587,115,0,3
138,1587,116,0,3
144,1587,166,3,0
145,1587,123,0,3
158,1644,136,0,3
158,1646,136,0,3
159,1644,137,0,3
159,1646,137,0,3
160,1644,138,0,3
160,1646,138,0,3
167,1644,145,0,3
167,1646,145,0,3
202,1654,180,0,3
212,1654,234,3,0
249,1682,271,3,0
251,1682,229,0,3
253,1682,231,0,3
254,1682,276,3,0
255,1682,233,0,3
256,1621,278,3,0
256,1682,278,3,0
271,1658,293,3,0
277,1658,255,0,3
278,1658,300,3,0
290,1640,268,0,3
292,1640,314,3,0
300,1640,322,3,0
334,1672,312,0,3
336,1672,358,3,0
344,1672,366,3,0
345,1672,323,0,3
356,1678,334,0,3
358,1678,380,3,0
366,1678,388,3,0
444,1673,422,0,3
455,1673,433,0,3
510,1606,488,0,3
512,1606,534,3,0
516,1606,494,0,3
517,1606,495,0,3
519,1606,497,0,3
520,1606,542,3,0
576,1604,554,0,3
620,1655,598,0,3
622,1655,644,3,0
624,1655,646,3,0
625,1655,603,0,3
627,1655,605,0,3
628,1655,606,0,3
642,1653,620,0,3
644,1653,666,3,0
686,1675,664,0,3
689,1675,667,0,3
694,1675,672,0,3
708,1608,686,0,3
708,1667,686,0,3
720,1667,698,0,3
730,1589,708,0,3
730,1593,708,0,3
730,1648,708,0,3
741,1589,719,0,3
741,1593,719,0,3
741,1648,719,0,3
742,1589,720,0,3
742,1593,720,0,3
742,1648,720,0,3
745,1589,767,3,0
752,1636,730,0,3
752,1663,730,0,3
754,1636,776,3,0
754,1663,776,3,0
755,1636,733,0,3
755,1663,733,0,3
762,1636,784,3,0
762,1663,784,3,0
763,1636,741,0,3
763,1663,741,0,3
774,1598,752,0,3
774,1633,752,0,3
776,1598,798,3,0
776,1633,798,3,0
777,1633,755,0,3
785,1598,763,0,3
785,1633,763,0,3
795,1641,817,3,0
796,1611,774,0,3
796,1641,774,0,3
797,1611,775,0,3
807,1611,785,0,3
807,1641,785,0,3
808,1641,786,0,3
809,1641,787,0,3
818,1645,796,0,3
819,1645,797,0,3
820,1645,842,3,0
826,1645,804,0,3
827,1645,849,3,0
829,1645,807,0,3
840,1595,818,0,3
840,1614,818,0,3
842,1595,864,3,0
842,1614,864,3,0
847,1614,825,0,3
848,1595,826,0,3
848,1614,826,0,3
849,1595,871,3,0
849,1614,871,3,0
851,1595,829,0,3
851,1614,829,0,3
862,1642,840,0,3
864,1642,886,3,0
870,1642,848,0,3
871,1642,893,3,0
884,1585,862,0,3
884,1632,862,0,3
886,1585,908,3,0
886,1632,908,3,0
890,1632,912,3,0
892,1585,870,0,3
892,1632,870,0,3
893,1585,915,3,0
893,1632,915,3,0
902,1616,924,2,0
902,1681,924,2,0
908,1597,930,3,0
908,1610,930,3,0
908,1622,930,3,0
912,1610,934,3,0
914,1597,892,0,3
914,1610,892,0,3
915,1597,937,3,0
915,1610,937,3,0
915,1622,937,3,0
918,1616,896,0,3
918,1681,896,0,3
920,1616,942,3,0
920,1681,942,3,0
922,1616,900,0,3
922,1681,900,0,3
923,1616,901,0,3
923,1681,901,0,3
928,1619,950,3,0
928,1647,950,3,0
929,1619,951,3,0
929,1647,951,3,0
930,1619,952,3,0
930,1647,952,3,0
934,1647,956,3,0
936,1619,914,0,3
936,1647,914,0,3
937,1619,959,3,0
937,1647,959,3,0
972,1605,994,3,0
994,1657,1016,3,0
994,1668,1016,3,0
1002,1668,980,0,3
1004,1668,982,0,3
1019,1601,997,0,3
1023,1601,1045,3,0
1024,1601,1002,0,3
1025,1601,1047,3,0
1041,1599,1019,0,3
1041,1609,1019,0,3
1041,1625,1019,0,3
1041,1629,1019,0,3
1041,1639,1019,0,3
1046,1609,1024,0,3
1046,1629,1024,0,3
1047,1599,1069,3,0
1047,1609,1069,3,0
1047,1625,1069,3,0
1047,1629,1069,3,0
1047,1639,1069,3,0
1048,1599,1026,0,3
1048,1609,1026,0,3
1048,1625,1026,0,3
1048,1629,1026,0,3
1048,1639,1026,0,3
1056,1674,1078,2,0
1058,1674,1080,3,0
1074,1674,1096,3,0
1076,1674,1054,0,3
1082,1624,1104,3,0
1084,1624,1062,0,3
1091,1624,1113,3,0
1092,1624,1070,0,3
1104,1677,1126,3,0
1106,1677,1084,0,3
1107,1677,1085,0,3
1113,1677,1135,3,0
1114,1677,1092,0,3
1115,1677,1137,3,0
1126,1602,1148,3,0
1126,1643,1148,3,0
1137,1602,1159,3,0
1137,1643,1159,3,0
1148,1615,1170,3,0
1148,1669,1170,3,0
1150,1615,1128,0,3
1150,1669,1128,0,3
1157,1615,1179,3,0
1157,1669,1179,3,0
1158,1615,1136,0,3
1158,1669,1136,0,3
1170,1591,1192,3,0
1170,1617,1192,3,0
1172,1591,1150,0,3
1172,1617,1150,0,3
1179,1591,1201,3,0
1179,1617,1201,3,0
1180,1591,1158,0,3
1180,1617,1158,0,3
1210,1659,1232,2,0
1214,1659,1236,3,0
1225,1659,1247,3,0
1229,1659,1207,0,3
1230,1659,1208,0,3
1231,1659,1209,0,3
1236,1652,1258,3,0
1238,1652,1216,0,3
1246,1652,1224,0,3
1247,1652,1269,3,0
1254,1600,1276,2,0
1258,1592,1280,3,0
1258,1600,1280,3,0
1258,1662,1280,3,0
1269,1592,1291,3,0
1269,1600,1291,3,0
1269,1662,1291,3,0
1273,1600,1251,0,3
1274,1600,1252,0,3
1275,1600,1253,0,3
1298,1650,1320,2,0
1302,1650,1324,3,0
1314,1650,1336,3,0
1318,1650,1296,0,3
1324,1623,1346,3,0
1336,1623,1358,3,0
1408,1680,1430,2,0
1409,1680,1387,0,3
1412,1664,1434,3,0
1412,1680,1434,3,0
1424,1664,1446,3,0
1424,1680,1446,3,0
1428,1680,1406,0,3
1429,1680,1407,0,3
1430,1656,1452,2,0
1431,1656,1409,0,3
1434,1656,1456,3,0
1446,1656,1468,3,0
1450,1656,1428,0,3
1456,1618,1478,3,0
1456,1628,1478,3,0
1468,1618,1490,3,0
1468,1628,1490,3,0
1474,1588,1496,2,0
1478,1588,1500,3,0
1490,1588,1512,3,0
1522,1620,1544,3,0
1533,1620,1555,3,0
1534,1620,1556,3,0
1537,1620,1515,0,3
1544,1594,1566,3,0
1544,1612,1566,3,0
1544,1666,1566,3,0
1555,1594,1577,3,0
1555,1612,1577,3,0
1555,1666,1577,3,0
1566,1590,4,3,3
1566,1607,4,3,3
1577,1590,15,3,3
1577,1607,15,3,3
