1,1639,23,2,0
2,1639,24,2,0
2,1652,24,2,0
14,1639,1576,3,3
14,1652,1576,3,3
16,1639,1578,3,3
23,1599,45,3,0
23,1637,45,3,0
23,1661,45,3,0
24,1599,46,3,0
24,1637,46,3,0
24,1661,46,3,0
26,1634,4,0,2
33,1634,55,3,0
34,1634,56,3,0
36,1599,14,0,2
36,1634,14,0,2
36,1637,14,0,2
36,1661,14,0,2
38,1599,16,0,2
38,1637,16,0,2
38,1661,16,0,2
39,1599,17,0,2
39,1661,17,0,2
43,1661,21,0,2
45,1665,67,3,0
45,1677,67,3,0
46,1665,68,3,0
46,1677,68,3,0
48,1596,26,0,3
56,1596,78,3,0
58,1596,36,0,3
58,1665,36,0,3
58,1677,36,0,3
59,1665,81,3,0
59,1677,81,3,0
60,1665,38,0,3
60,1677,38,0,3
66,1586,88,2,0
66,1627,88,2,0
66,1635,88,2,0
66,1651,88,2,0
67,1586,89,3,0
67,1627,89,3,0
67,1635,89,3,0
67,1651,89,3,0
68,1586,90,3,0
68,1627,90,3,0
68,1635,90,3,0
68,1651,90,3,0
70,1660,48,0,3
71,1660,49,0,3
78,1660,100,3,0
80,1586,58,0,3
80,1627,58,0,3
80,1635,58,0,3
80,1651,58,0,3
80,1660,58,0,3
81,1586,103,3,0
81,1627,103,3,0
81,1635,103,3,0
81,1651,103,3,0
82,1586,60,0,3
82,1627,60,0,3
82,1635,60,0,3
82,1651,60,0,3
83,1586,61,0,3
83,1627,61,0,3
83,1635,61,0,3
83,1651,61,0,3
89,1615,111,3,0
89,1630,111,3,0
89,1649,111,3,0
89,1670,111,3,0
89,1679,111,3,0
92,1613,70,0,3
95,1613,73,0,3
100,1613,122,3,0
102,1613,80,0,3
102,1615,80,0,3
102,1630,80,0,3
102,1649,80,0,3
102,1670,80,0,3
102,1679,80,0,3
103,1615,125,3,0
103,1630,125,3,0
103,1649,125,3,0
103,1670,125,3,0
103,1679,125,3,0
104,1615,82,0,3
104,1630,82,0,3
104,1649,82,0,3
104,1670,82,0,3
104,1679,82,0,3
105,1630,83,0,3
105,1670,83,0,3
105,1679,83,0,3
109,1630,87,0,3
133,1584,155,3,0
136,1646,114,0,3
137,1646,115,0,3
138,1646,160,3,0
139,1646,117,0,3
143,1646,165,3,0
144,1646,166,3,0
146,1584,124,0,3
146,1646,124,0,3
158,1644,136,0,3
159,1644,137,0,3
160,1644,182,3,0
166,1644,188,3,0
168,1644,146,0,3
181,1602,159,0,3
182,1602,204,3,0
188,1602,210,3,0
190,1602,168,0,3
201,1654,179,0,3
202,1654,180,0,3
203,1654,181,0,3
204,1654,226,3,0
210,1654,232,3,0
211,1654,189,0,3
212,1654,190,0,3
245,1682,223,0,3
246,1682,224,0,3
247,1682,225,0,3
248,1682,270,3,0
250,1682,272,3,0
251,1682,229,0,3
253,1682,231,0,3
267,1658,245,0,3
289,1640,267,0,3
291,1640,269,0,3
333,1672,311,0,3
335,1672,313,0,3
443,1673,421,0,3
454,1673,432,0,3
455,1673,433,0,3
457,1673,479,3,0
487,1618,465,0,3
488,1618,510,3,0
489,1618,467,0,3
496,1618,518,3,0
497,1618,519,3,0
498,1618,476,0,3
509,1606,487,0,3
510,1606,532,3,0
511,1606,489,0,3
514,1606,536,3,0
515,1606,493,0,3
516,1606,494,0,3
518,1606,540,3,0
520,1606,498,0,3
575,1604,553,0,3
586,1604,564,0,3
639,1676,661,3,0
641,1676,619,0,3
655,1676,677,3,0
663,1655,641,0,3
664,1655,686,3,0
666,1655,644,0,3
668,1655,690,3,0
670,1655,648,0,3
683,1621,705,3,0
685,1621,663,0,3
685,1675,663,0,3
686,1675,708,3,0
687,1675,665,0,3
688,1675,666,0,3
704,1667,682,0,2
705,1667,727,3,0
707,1608,685,0,3
707,1667,685,0,3
707,1678,685,0,3
721,1667,743,3,0
726,1589,704,0,2
728,1589,706,0,3
728,1593,706,0,3
728,1648,706,0,3
729,1589,707,0,3
729,1593,707,0,3
729,1648,707,0,3
740,1589,718,0,3
740,1593,718,0,3
740,1648,718,0,3
741,1589,719,0,3
741,1593,719,0,3
741,1648,719,0,3
742,1589,764,3,0
742,1593,764,3,0
742,1648,764,3,0
743,1589,765,3,0
747,1589,769,3,0
774,1598,796,3,0
774,1633,796,3,0
784,1598,806,3,0
784,1633,806,3,0
793,1641,771,0,3
794,1641,772,0,3
806,1641,828,3,0
808,1641,830,3,0
809,1641,831,3,0
840,1614,862,3,0
842,1614,864,3,0
843,1614,821,0,3
844,1614,866,3,0
848,1614,826,0,3
850,1614,872,3,0
862,1588,884,3,0
862,1628,884,3,0
862,1645,884,3,0
863,1588,885,3,0
863,1628,885,3,0
863,1645,885,3,0
870,1588,848,0,3
870,1628,848,0,3
870,1645,848,0,3
872,1588,894,3,0
872,1628,894,3,0
872,1645,894,3,0
884,1585,906,3,0
884,1632,906,3,0
887,1585,909,3,0
887,1632,909,3,0
888,1632,910,3,0
889,1632,911,3,0
892,1585,870,0,3
892,1632,870,0,3
894,1585,916,3,0
894,1632,916,3,0
903,1616,881,0,3
903,1681,881,0,3
906,1610,928,3,0
906,1622,928,3,0
907,1610,929,3,0
907,1622,929,3,0
908,1610,886,0,3
908,1622,886,0,3
909,1610,931,3,0
910,1610,932,3,0
911,1610,933,3,0
913,1610,891,0,3
914,1610,892,0,3
914,1622,892,0,3
916,1610,938,3,0
916,1616,938,3,0
916,1622,938,3,0
916,1681,938,3,0
917,1616,895,0,3
917,1681,895,0,3
919,1616,941,3,0
919,1681,941,3,0
920,1616,898,0,3
920,1681,898,0,3
922,1616,900,0,3
922,1681,900,0,3
923,1616,945,3,0
923,1681,945,3,0
928,1619,950,3,0
928,1647,950,3,0
929,1619,951,3,0
929,1647,951,3,0
930,1619,908,0,3
930,1647,908,0,3
931,1619,953,3,0
931,1647,953,3,0
932,1619,954,3,0
932,1647,954,3,0
933,1647,955,3,0
935,1619,913,0,3
935,1647,913,0,3
936,1619,914,0,3
936,1647,914,0,3
938,1611,960,3,0
938,1619,960,3,0
938,1647,960,3,0
973,1668,995,3,0
980,1668,958,0,3
982,1668,1004,3,0
993,1657,1015,3,0
1015,1601,1037,3,0
1015,1683,1037,3,0
1017,1601,1039,3,0
1017,1683,1039,3,0
1018,1601,996,0,3
1018,1683,996,0,3
1020,1601,998,0,3
1024,1601,1002,0,3
1024,1683,1002,0,3
1037,1603,1059,3,0
1037,1605,1059,3,0
1037,1609,1059,3,0
1037,1625,1059,3,0
1037,1626,1059,3,0
1037,1629,1059,3,0
1037,1631,1059,3,0
1037,1638,1059,3,0
1038,1603,1060,3,0
1038,1609,1060,3,0
1038,1625,1060,3,0
1038,1626,1060,3,0
1038,1629,1060,3,0
1038,1631,1060,3,0
1039,1603,1061,3,0
1039,1609,1061,3,0
1039,1625,1061,3,0
1039,1626,1061,3,0
1039,1629,1061,3,0
1039,1631,1061,3,0
1040,1603,1018,0,3
1040,1609,1018,0,3
1040,1625,1018,0,3
1040,1626,1018,0,3
1040,1629,1018,0,3
1040,1631,1018,0,3
1045,1603,1067,3,0
1045,1609,1067,3,0
1045,1626,1067,3,0
1045,1629,1067,3,0
1045,1631,1067,3,0
1049,1638,1027,0,3
1081,1624,1103,3,0
1081,1653,1103,3,0
1081,1671,1103,3,0
1083,1624,1105,3,0
1083,1671,1105,3,0
1103,1674,1125,3,0
1117,1674,1095,0,3
1118,1674,1140,3,0
1122,1587,1100,0,2
1122,1643,1100,0,2
1125,1587,1147,3,0
1125,1643,1147,3,0
1139,1587,1117,0,3
1139,1643,1117,0,3
1140,1587,1162,3,0
1140,1643,1162,3,0
1147,1669,1169,3,0
1148,1669,1126,0,3
1149,1669,1171,3,0
1150,1669,1128,0,3
1156,1669,1134,0,3
1169,1591,1191,3,0
1169,1617,1191,3,0
1170,1591,1148,0,3
1170,1617,1148,0,3
1171,1591,1193,3,0
1171,1617,1193,3,0
1172,1591,1150,0,3
1172,1617,1150,0,3
1178,1591,1156,0,3
1178,1617,1156,0,3
1213,1659,1235,3,0
1213,1663,1235,3,0
1225,1659,1247,3,0
1225,1663,1247,3,0
1227,1659,1205,0,3
1228,1659,1206,0,3
1229,1659,1251,3,0
1230,1659,1208,0,3
1257,1592,1279,3,0
1257,1600,1279,3,0
1257,1662,1279,3,0
1268,1592,1290,3,0
1268,1600,1290,3,0
1268,1662,1290,3,0
1269,1592,1291,3,0
1269,1600,1291,3,0
1269,1662,1291,3,0
1271,1592,1249,0,3
1271,1600,1249,0,3
1271,1662,1249,0,3
1272,1600,1250,0,3
1273,1600,1295,3,0
1274,1600,1252,0,3
1323,1623,1345,3,0
1334,1623,1356,3,0
1345,1650,1367,3,0
1356,1650,1378,3,0
1359,1650,1337,0,3
1360,1650,1338,0,3
1361,1650,1383,3,0
1367,1636,1389,3,0
1378,1636,1400,3,0
1381,1636,1359,0,3
1409,1664,1387,0,3
1409,1680,1387,0,3
1411,1664,1433,3,0
1411,1680,1433,3,0
1425,1680,1403,0,3
1427,1680,1449,3,0
1428,1680,1406,0,3
1431,1656,1409,0,3
1433,1656,1455,3,0
1447,1656,1425,0,3
1449,1656,1471,3,0
1453,1595,1431,0,3
1455,1595,1477,3,0
1469,1595,1447,0,3
1518,1620,1540,2,0
1518,1642,1540,2,0
1520,1620,1542,3,0
1520,1642,1542,3,0
1521,1620,1543,3,0
1521,1642,1543,3,0
1532,1620,1554,3,0
1532,1642,1554,3,0
1533,1620,1555,3,0
1533,1642,1555,3,0
1534,1620,1512,0,3
1534,1642,1512,0,3
1535,1620,1513,0,3
1535,1642,1513,0,3
1539,1620,1517,0,3
1539,1642,1517,0,3
1540,1594,1562,2,0
1540,1597,1562,2,0
1540,1612,1562,2,0
1540,1666,1562,2,0
1542,1594,1564,3,0
1542,1597,1564,3,0
1542,1612,1564,3,0
1542,1666,1564,3,0
1543,1594,1565,3,0
1543,1597,1565,3,0
1543,1612,1565,3,0
1543,1666,1565,3,0
1555,1594,1577,3,0
1555,1597,1577,3,0
1555,1612,1577,3,0
1555,1666,1577,3,0
1556,1594,1534,0,3
1556,1597,1534,0,3
1556,1612,1534,0,3
1556,1666,1534,0,3
1557,1594,1535,0,3
1557,1597,1535,0,3
1557,1612,1535,0,3
1557,1666,1535,0,3
1561,1612,1539,0,3
1563,1590,1,3,3
1563,1607,1,3,3
1576,1590,1554,0,3
1576,1607,1554,0,3
1577,1590,15,3,3
1577,1607,15,3,3
1578,1590,1556,0,3
1578,1607,1556,0,3
