0,1661,22,1,0
0,1682,22,1,0
1,1587,23,2,0
1,1682,23,2,0
2,1587,24,2,0
2,1599,1564,3,3
2,1625,1564,3,3
2,1661,1564,3,3
2,1682,24,2,0
3,1587,25,2,0
3,1599,25,2,0
3,1625,25,2,0
3,1661,25,2,0
3,1682,25,2,0
4,1587,26,2,0
4,1599,1566,3,3
4,1625,1566,3,3
4,1661,1566,3,3
4,1682,26,2,0
5,1587,4,0,1
5,1682,4,0,1
6,1587,5,0,1
6,1682,5,0,1
7,1587,8,1,0
7,1682,6,0,1
8,1682,7,0,1
10,1682,11,1,0
11,1587,12,1,0
11,1682,12,1,0
12,1587,13,1,0
12,1682,13,1,0
13,1587,14,1,0
13,1682,14,1,0
14,1587,15,1,0
14,1682,15,1,0
15,1587,37,2,0
15,1682,37,2,0
16,1587,38,2,0
16,1682,38,2,0
17,1587,39,2,0
17,1682,39,2,0
18,1587,40,2,0
18,1682,40,2,0
19,1682,41,2,0
20,1682,42,2,0
21,1682,43,2,0
22,1682,44,2,0
23,1587,45,3,0
23,1682,45,3,0
24,1587,46,3,0
24,1607,2,0,2
24,1677,2,0,2
24,1682,46,3,0
25,1587,47,3,0
25,1607,47,3,0
25,1677,47,3,0
25,1682,47,3,0
26,1587,48,3,0
26,1682,48,3,0
27,1587,26,1,2
27,1682,26,1,2
28,1587,27,1,2
28,1682,27,1,2
29,1587,30,2,1
29,1682,28,1,2
30,1682,29,1,2
32,1682,33,2,1
33,1587,34,2,1
33,1682,34,2,1
34,1587,35,2,1
34,1682,35,2,1
35,1587,36,2,1
35,1682,36,2,1
36,1587,37,2,1
36,1682,37,2,1
37,1587,59,3,0
37,1682,59,3,0
38,1587,60,3,0
38,1682,60,3,0
39,1587,61,3,0
39,1682,61,3,0
40,1587,62,3,0
40,1682,62,3,0
41,1682,63,3,0
42,1682,64,3,0
43,1682,65,3,0
44,1682,66,2,0
45,1587,67,3,0
45,1624,67,3,0
45,1671,67,3,0
45,1682,67,3,0
46,1587,68,3,0
46,1624,24,0,3
46,1671,24,0,3
46,1682,68,3,0
47,1587,69,3,0
47,1624,69,3,0
47,1671,69,3,0
47,1682,69,3,0
48,1587,70,3,0
48,1682,70,3,0
49,1587,48,1,2
49,1682,48,1,2
50,1587,49,1,2
50,1604,28,0,3
50,1682,49,1,2
51,1587,52,2,1
51,1682,50,1,2
52,1682,51,1,2
54,1682,55,2,1
55,1587,56,2,1
55,1682,56,2,1
56,1587,57,2,1
56,1604,78,3,0
56,1682,57,2,1
57,1587,58,2,1
57,1604,79,3,0
57,1682,58,2,1
58,1587,59,2,1
58,1604,80,3,0
58,1682,59,2,1
59,1587,81,3,0
59,1682,81,3,0
60,1587,82,3,0
60,1682,82,3,0
61,1587,83,3,0
61,1682,83,3,0
62,1587,84,3,0
62,1682,84,3,0
63,1682,85,3,0
64,1682,86,3,0
65,1682,87,3,0
66,1609,88,2,0
66,1619,88,2,0
66,1626,88,2,0
66,1670,88,2,0
66,1679,88,2,0
66,1682,88,2,0
67,1587,89,3,0
67,1609,89,3,0
67,1615,89,3,0
67,1619,89,3,0
67,1626,89,3,0
67,1670,89,3,0
67,1679,89,3,0
67,1682,89,3,0
68,1587,90,3,0
68,1609,46,0,3
68,1615,46,0,3
68,1619,46,0,3
68,1626,46,0,3
68,1670,46,0,3
68,1679,46,0,3
68,1682,90,3,0
69,1587,91,3,0
69,1609,91,3,0
69,1615,91,3,0
69,1619,91,3,0
69,1626,91,3,0
69,1670,91,3,0
69,1679,91,3,0
69,1682,91,3,0
70,1587,92,3,0
70,1682,92,3,0
71,1587,70,1,2
71,1682,70,1,2
72,1587,71,1,2
72,1682,71,1,2
73,1587,74,2,1
73,1682,72,1,2
74,1682,73,1,2
76,1682,77,2,1
77,1587,78,2,1
77,1682,78,2,1
78,1587,79,2,1
78,1682,79,2,1
79,1587,80,2,1
79,1682,80,2,1
80,1587,81,2,1
80,1682,81,2,1
81,1587,103,3,0
81,1682,103,3,0
82,1587,104,3,0
82,1682,104,3,0
83,1587,105,3,0
83,1682,105,3,0
84,1587,106,3,0
84,1682,106,3,0
85,1682,107,3,0
86,1682,108,3,0
87,1619,109,3,0
87,1682,109,3,0
88,1629,110,2,0
88,1682,110,2,0
89,1587,111,3,0
89,1629,111,3,0
89,1682,111,3,0
90,1587,112,3,0
90,1629,68,0,3
90,1682,112,3,0
91,1587,113,3,0
91,1629,113,3,0
91,1682,113,3,0
92,1587,114,3,0
92,1682,114,3,0
93,1587,92,1,2
93,1682,92,1,2
94,1587,93,1,2
94,1682,93,1,2
95,1587,96,2,1
95,1682,94,1,2
96,1589,118,3,0
96,1682,95,1,2
98,1682,99,2,1
99,1587,100,2,1
99,1682,100,2,1
100,1587,101,2,1
100,1589,122,3,0
100,1682,101,2,1
101,1587,102,2,1
101,1589,123,3,0
101,1682,102,2,1
102,1587,103,2,1
102,1589,124,3,0
102,1682,103,2,1
103,1587,125,3,0
103,1589,81,0,3
103,1629,81,0,3
103,1682,125,3,0
104,1587,126,3,0
104,1682,126,3,0
105,1587,127,3,0
105,1682,127,3,0
106,1587,128,3,0
106,1629,128,3,0
106,1682,128,3,0
107,1682,129,3,0
108,1682,130,3,0
109,1682,131,3,0
110,1632,132,2,0
110,1682,132,2,0
111,1587,133,3,0
111,1617,133,3,0
111,1632,133,3,0
111,1682,133,3,0
112,1587,134,3,0
112,1617,90,0,3
112,1632,90,0,3
112,1682,134,3,0
113,1587,135,3,0
113,1617,135,3,0
113,1632,135,3,0
113,1682,135,3,0
114,1587,136,3,0
114,1682,136,3,0
115,1587,114,1,2
115,1682,114,1,2
116,1587,115,1,2
116,1667,94,0,3
116,1682,115,1,2
117,1587,118,2,1
117,1682,116,1,2
118,1682,117,1,2
120,1682,121,2,1
121,1587,122,2,1
121,1682,122,2,1
122,1587,123,2,1
122,1682,123,2,1
123,1587,124,2,1
123,1682,124,2,1
124,1587,125,2,1
124,1667,146,3,0
124,1682,125,2,1
125,1587,147,3,0
125,1617,103,0,3
125,1632,103,0,3
125,1667,103,0,3
125,1682,147,3,0
126,1587,148,3,0
126,1682,148,3,0
127,1587,149,3,0
127,1682,149,3,0
128,1587,150,3,0
128,1632,150,3,0
128,1682,150,3,0
129,1682,151,3,0
130,1682,152,3,0
131,1682,153,3,0
132,1682,154,2,0
133,1587,155,3,0
133,1682,155,3,0
134,1587,156,3,0
134,1591,112,0,3
134,1682,156,3,0
135,1587,157,3,0
135,1591,157,3,0
135,1682,157,3,0
136,1587,158,3,0
136,1682,158,3,0
137,1587,136,1,2
137,1682,136,1,2
138,1587,137,1,2
138,1616,116,0,3
138,1644,116,0,3
138,1681,116,0,3
138,1682,137,1,2
139,1587,140,2,1
139,1682,138,1,2
140,1682,139,1,2
141,1616,119,0,3
141,1681,119,0,3
142,1682,143,2,1
143,1587,144,2,1
143,1682,144,2,1
144,1587,145,2,1
144,1682,145,2,1
145,1587,146,2,1
145,1616,123,0,3
145,1644,123,0,3
145,1681,123,0,3
145,1682,146,2,1
146,1587,147,2,1
146,1616,168,3,0
146,1644,168,3,0
146,1681,168,3,0
146,1682,147,2,1
147,1587,169,3,0
147,1682,169,3,0
148,1587,170,3,0
148,1682,170,3,0
149,1587,171,3,0
149,1682,171,3,0
150,1587,172,3,0
150,1682,172,3,0
151,1682,173,3,0
152,1682,174,3,0
153,1682,175,3,0
154,1682,176,2,0
155,1587,177,3,0
155,1682,177,3,0
156,1587,178,3,0
156,1601,134,0,3
156,1682,178,3,0
157,1587,179,3,0
157,1601,179,3,0
157,1682,179,3,0
158,1682,180,3,0
159,1587,158,1,2
159,1682,158,1,2
160,1587,159,1,2
160,1602,138,0,3
160,1682,159,1,2
161,1587,162,2,1
161,1682,160,1,2
162,1682,161,1,2
164,1682,165,2,1
165,1587,166,2,1
165,1682,166,2,1
166,1587,167,2,1
166,1682,167,2,1
167,1587,168,2,1
167,1602,145,0,3
167,1682,168,2,1
168,1587,169,2,1
168,1602,190,3,0
168,1682,169,2,1
169,1682,191,3,0
170,1587,192,3,0
170,1682,192,3,0
171,1587,193,3,0
171,1601,149,0,3
171,1682,193,3,0
172,1587,194,3,0
172,1601,194,3,0
172,1682,194,3,0
173,1682,195,3,0
174,1682,196,3,0
175,1682,197,3,0
176,1682,198,2,0
177,1587,199,3,0
177,1682,199,3,0
178,1587,200,3,0
178,1682,200,3,0
179,1587,201,3,0
179,1682,201,3,0
180,1682,202,3,0
181,1587,180,1,2
181,1682,180,1,2
182,1587,181,1,2
182,1643,160,0,3
182,1682,181,1,2
183,1587,184,2,1
183,1643,161,0,3
183,1682,182,1,2
184,1682,183,1,2
186,1682,187,2,1
187,1587,188,2,1
187,1643,209,3,0
187,1682,188,2,1
188,1587,189,2,1
188,1682,189,2,1
189,1587,190,2,1
189,1682,190,2,1
190,1587,191,2,1
190,1643,212,3,0
190,1682,191,2,1
191,1682,213,3,0
192,1587,214,3,0
192,1682,214,3,0
193,1587,215,3,0
193,1682,215,3,0
194,1587,216,3,0
194,1682,216,3,0
195,1682,217,3,0
196,1682,218,3,0
197,1682,219,3,0
198,1682,220,2,0
199,1587,221,3,0
199,1682,221,3,0
200,1587,222,3,0
200,1682,222,3,0
201,1587,223,3,0
201,1682,223,3,0
202,1641,224,3,0
202,1682,224,3,0
203,1587,202,1,2
203,1682,202,1,2
204,1587,203,1,2
204,1641,182,0,3
204,1682,203,1,2
205,1587,206,2,1
205,1641,183,0,3
205,1682,204,1,2
206,1682,205,1,2
208,1682,209,2,1
209,1587,210,2,1
209,1682,210,2,1
210,1587,211,2,1
210,1682,211,2,1
211,1587,212,2,1
211,1682,212,2,1
212,1587,213,2,1
212,1641,234,3,0
212,1682,213,2,1
213,1682,235,3,0
214,1587,236,3,0
214,1682,236,3,0
215,1587,237,3,0
215,1682,237,3,0
216,1587,238,3,0
216,1682,238,3,0
217,1682,239,3,0
218,1682,240,3,0
219,1682,241,3,0
220,1682,242,2,0
221,1587,243,3,0
221,1682,243,3,0
222,1587,244,3,0
222,1682,244,3,0
223,1587,245,3,0
223,1682,245,3,0
224,1682,246,3,0
225,1587,224,1,2
225,1682,224,1,2
226,1587,225,1,2
226,1682,225,1,2
227,1587,228,2,1
227,1682,226,1,2
228,1682,227,1,2
230,1682,231,2,1
231,1587,232,2,1
231,1682,232,2,1
232,1587,233,2,1
232,1682,233,2,1
233,1587,234,2,1
233,1682,234,2,1
234,1587,235,2,1
234,1682,235,2,1
235,1605,234,1,2
235,1682,257,3,0
236,1587,258,3,0
236,1682,258,3,0
237,1587,259,3,0
237,1682,259,3,0
238,1587,260,3,0
238,1682,260,3,0
239,1682,261,3,0
240,1682,262,3,0
241,1682,263,3,0
242,1682,264,2,0
243,1587,265,3,0
243,1682,265,3,0
244,1587,266,3,0
244,1682,266,3,0
245,1587,267,3,0
245,1682,267,3,0
246,1682,268,3,0
247,1587,246,1,2
247,1682,246,1,2
248,1587,247,1,2
248,1682,247,1,2
249,1587,250,2,1
249,1682,248,1,2
250,1682,249,1,2
252,1682,253,2,1
253,1587,254,2,1
253,1682,254,2,1
254,1587,255,2,1
254,1682,255,2,1
255,1587,256,2,1
255,1682,256,2,1
256,1587,257,2,1
256,1682,257,2,1
257,1682,279,3,0
258,1587,280,3,0
258,1682,280,3,0
259,1587,281,3,0
259,1682,281,3,0
260,1587,282,3,0
260,1682,282,3,0
261,1682,283,3,0
262,1682,284,3,0
263,1682,285,3,0
264,1682,286,2,0
265,1587,287,3,0
265,1682,287,3,0
266,1587,288,3,0
266,1682,288,3,0
267,1587,289,3,0
267,1682,289,3,0
268,1682,290,3,0
269,1587,268,1,2
269,1682,268,1,2
270,1587,269,1,2
270,1682,269,1,2
271,1587,272,2,1
271,1682,270,1,2
272,1682,271,1,2
274,1682,275,2,1
275,1587,276,2,1
275,1682,276,2,1
276,1587,277,2,1
276,1682,277,2,1
277,1587,278,2,1
277,1682,278,2,1
278,1587,279,2,1
278,1682,279,2,1
280,1587,302,3,0
280,1682,302,3,0
281,1587,303,3,0
281,1682,303,3,0
282,1587,304,3,0
282,1682,304,3,0
283,1682,305,3,0
284,1682,306,3,0
285,1682,307,3,0
286,1682,308,2,0
287,1587,309,3,0
287,1682,309,3,0
288,1587,310,3,0
288,1682,310,3,0
289,1587,311,3,0
289,1682,311,3,0
291,1587,290,1,2
291,1682,290,1,2
292,1587,291,1,2
292,1682,291,1,2
293,1587,294,2,1
293,1682,292,1,2
294,1682,293,1,2
296,1682,297,2,1
297,1587,298,2,1
297,1682,298,2,1
298,1587,299,2,1
298,1682,299,2,1
299,1587,300,2,1
299,1682,300,2,1
300,1587,301,2,1
300,1682,301,2,1
302,1587,324,3,0
302,1682,324,3,0
303,1587,325,3,0
303,1682,325,3,0
304,1587,326,3,0
304,1682,326,3,0
305,1682,327,3,0
306,1682,328,3,0
307,1682,329,3,0
308,1682,329,3,2
309,1587,331,3,0
309,1682,308,1,1
310,1587,332,3,0
310,1682,309,1,2
311,1587,333,3,0
311,1682,310,1,2
312,1593,334,3,0
312,1648,334,3,0
312,1682,311,1,2
313,1587,312,1,2
313,1682,312,1,2
314,1587,313,1,2
314,1682,313,1,2
315,1587,316,2,1
315,1682,314,1,2
316,1682,315,1,2
318,1682,319,2,1
319,1587,320,2,1
319,1682,320,2,1
320,1587,321,2,1
320,1682,321,2,1
321,1587,322,2,1
321,1682,322,2,1
322,1587,323,2,1
322,1593,344,3,0
322,1648,344,3,0
322,1682,323,2,1
323,1682,324,2,1
324,1587,346,3,0
324,1682,325,2,1
325,1587,347,3,0
325,1682,326,2,1
326,1587,348,3,0
326,1682,327,2,1
327,1682,328,2,1
328,1682,1682,102,0
330,1682,308,0,2
331,1587,330,1,1
331,1682,309,0,3
332,1587,331,1,2
332,1682,310,0,3
333,1587,332,1,2
333,1682,311,0,3
334,1587,333,1,2
334,1682,312,0,3
335,1587,334,1,2
335,1682,334,1,2
336,1587,335,1,2
336,1682,335,1,2
337,1587,338,2,1
337,1682,336,1,2
338,1682,337,1,2
340,1682,341,2,1
341,1587,342,2,1
341,1682,342,2,1
342,1587,343,2,1
342,1682,343,2,1
343,1587,344,2,1
343,1682,344,2,1
344,1587,345,2,1
344,1682,345,2,1
345,1587,346,2,1
345,1682,323,0,3
346,1587,347,2,1
346,1682,324,0,3
347,1587,348,2,1
347,1682,325,0,3
348,1587,1587,7,0
348,1682,326,0,3
349,1682,327,0,3
350,1682,328,0,3
351,1682,329,0,3
352,1682,330,0,2
353,1587,331,0,3
353,1682,331,0,3
354,1587,332,0,3
354,1682,332,0,3
355,1587,333,0,3
355,1682,333,0,3
356,1587,334,0,3
356,1682,334,0,3
357,1587,356,1,2
357,1682,356,1,2
358,1587,357,1,2
358,1682,357,1,2
359,1587,360,2,1
359,1682,358,1,2
360,1682,359,1,2
362,1682,363,2,1
363,1587,364,2,1
363,1682,364,2,1
364,1587,365,2,1
364,1682,365,2,1
365,1587,366,2,1
365,1682,366,2,1
366,1587,367,2,1
366,1682,367,2,1
367,1587,345,0,3
367,1682,345,0,3
368,1587,346,0,3
368,1682,346,0,3
369,1587,347,0,3
369,1682,347,0,3
370,1587,348,0,3
370,1682,348,0,3
371,1682,349,0,3
372,1682,350,0,3
373,1682,351,0,3
374,1682,352,0,2
375,1587,353,0,3
375,1682,353,0,3
376,1587,354,0,3
376,1682,354,0,3
377,1587,355,0,3
377,1682,355,0,3
378,1587,356,0,3
378,1682,356,0,3
379,1587,378,1,2
379,1682,378,1,2
380,1587,379,1,2
380,1682,379,1,2
381,1587,382,2,1
381,1682,380,1,2
382,1682,381,1,2
384,1682,385,2,1
385,1587,386,2,1
385,1682,386,2,1
386,1587,387,2,1
386,1682,387,2,1
387,1587,388,2,1
387,1682,388,2,1
388,1587,389,2,1
388,1682,389,2,1
389,1587,367,0,3
389,1682,367,0,3
390,1587,368,0,3
390,1682,368,0,3
391,1587,369,0,3
391,1682,369,0,3
392,1587,370,0,3
392,1682,370,0,3
393,1682,371,0,3
394,1682,372,0,3
395,1682,373,0,3
396,1682,374,0,2
397,1587,375,0,3
397,1682,375,0,3
398,1587,376,0,3
398,1682,376,0,3
399,1587,377,0,3
399,1682,377,0,3
400,1587,378,0,3
400,1682,378,0,3
401,1587,400,1,2
401,1682,400,1,2
402,1587,401,1,2
402,1682,401,1,2
403,1587,404,2,1
403,1682,402,1,2
404,1682,403,1,2
406,1682,407,2,1
407,1587,408,2,1
407,1682,408,2,1
408,1587,409,2,1
408,1682,409,2,1
409,1587,410,2,1
409,1682,410,2,1
410,1587,411,2,1
410,1682,411,2,1
411,1587,389,0,3
411,1682,389,0,3
412,1587,390,0,3
412,1682,390,0,3
413,1587,391,0,3
413,1682,391,0,3
414,1587,392,0,3
414,1682,392,0,3
415,1682,393,0,3
416,1682,394,0,3
417,1682,395,0,3
418,1682,396,0,2
419,1587,397,0,3
419,1682,397,0,3
420,1587,398,0,3
420,1682,398,0,3
421,1587,399,0,3
421,1682,399,0,3
422,1587,400,0,3
422,1682,400,0,3
423,1587,422,1,2
423,1682,422,1,2
424,1587,423,1,2
424,1682,423,1,2
425,1587,426,2,1
425,1682,424,1,2
426,1682,425,1,2
428,1682,429,2,1
429,1587,430,2,1
429,1682,430,2,1
430,1587,431,2,1
430,1682,431,2,1
431,1587,432,2,1
431,1682,432,2,1
432,1587,433,2,1
432,1682,433,2,1
433,1587,411,0,3
433,1682,411,0,3
434,1587,412,0,3
434,1682,412,0,3
435,1587,413,0,3
435,1682,413,0,3
436,1587,414,0,3
436,1682,414,0,3
437,1682,415,0,3
438,1682,416,0,3
439,1682,417,0,3
440,1682,418,0,2
441,1587,419,0,3
441,1682,419,0,3
442,1587,420,0,3
442,1682,420,0,3
443,1587,421,0,3
443,1682,421,0,3
444,1587,422,0,3
444,1659,466,3,0
444,1668,466,3,0
444,1682,422,0,3
445,1587,444,1,2
445,1682,444,1,2
446,1587,445,1,2
446,1682,445,1,2
447,1587,448,2,1
447,1682,446,1,2
448,1682,447,1,2
450,1682,451,2,1
451,1587,452,2,1
451,1659,473,3,0
451,1682,452,2,1
452,1587,453,2,1
452,1682,453,2,1
453,1587,454,2,1
453,1682,454,2,1
454,1587,455,2,1
454,1682,455,2,1
455,1587,433,0,3
455,1682,433,0,3
456,1587,434,0,3
456,1668,434,0,3
456,1682,434,0,3
457,1587,435,0,3
457,1682,435,0,3
458,1587,436,0,3
458,1682,436,0,3
459,1682,437,0,3
460,1682,438,0,3
461,1682,439,0,3
462,1682,440,0,2
463,1587,441,0,3
463,1682,441,0,3
464,1587,442,0,3
464,1682,442,0,3
465,1587,443,0,3
465,1682,443,0,3
466,1587,444,0,3
466,1618,488,3,0
466,1682,444,0,3
467,1587,466,1,2
467,1682,466,1,2
468,1587,467,1,2
468,1682,467,1,2
469,1587,470,2,1
469,1682,468,1,2
470,1682,469,1,2
472,1682,473,2,1
473,1587,474,2,1
473,1618,495,3,0
473,1682,474,2,1
474,1587,475,2,1
474,1682,475,2,1
475,1587,476,2,1
475,1682,476,2,1
476,1587,477,2,1
476,1618,498,3,0
476,1682,477,2,1
477,1587,455,0,3
477,1682,455,0,3
478,1587,456,0,3
478,1682,456,0,3
479,1587,457,0,3
479,1682,457,0,3
480,1587,458,0,3
480,1682,458,0,3
481,1682,459,0,3
482,1682,460,0,3
483,1682,461,0,3
484,1682,462,0,2
485,1587,463,0,3
485,1682,463,0,3
486,1587,464,0,3
486,1682,464,0,3
487,1587,465,0,3
487,1682,465,0,3
488,1587,466,0,3
488,1600,510,3,0
488,1606,510,3,0
488,1682,466,0,3
489,1587,488,1,2
489,1682,488,1,2
490,1587,489,1,2
490,1682,489,1,2
491,1587,492,2,1
491,1682,490,1,2
492,1682,491,1,2
494,1682,495,2,1
495,1587,496,2,1
495,1600,517,3,0
495,1606,517,3,0
495,1682,496,2,1
496,1587,497,2,1
496,1682,497,2,1
497,1587,498,2,1
497,1682,498,2,1
498,1587,499,2,1
498,1600,520,3,0
498,1606,520,3,0
498,1682,499,2,1
499,1587,477,0,3
499,1682,477,0,3
500,1587,478,0,3
500,1682,478,0,3
501,1587,479,0,3
501,1682,479,0,3
502,1587,480,0,3
502,1682,480,0,3
503,1682,481,0,3
504,1682,482,0,3
505,1682,483,0,3
506,1682,484,0,2
507,1587,485,0,3
507,1682,485,0,3
508,1587,486,0,3
508,1682,486,0,3
509,1587,487,0,3
509,1682,487,0,3
510,1587,488,0,3
510,1682,488,0,3
511,1587,510,1,2
511,1682,510,1,2
512,1587,511,1,2
512,1682,511,1,2
513,1587,514,2,1
513,1682,512,1,2
514,1682,513,1,2
516,1682,517,2,1
517,1587,518,2,1
517,1682,518,2,1
518,1587,519,2,1
518,1682,519,2,1
519,1587,520,2,1
519,1682,520,2,1
520,1587,521,2,1
520,1682,521,2,1
521,1587,499,0,3
521,1682,499,0,3
522,1587,500,0,3
522,1682,500,0,3
523,1587,501,0,3
523,1682,501,0,3
524,1587,502,0,3
524,1682,502,0,3
525,1682,503,0,3
526,1682,504,0,3
527,1682,505,0,3
528,1682,506,0,2
529,1587,507,0,3
529,1682,507,0,3
530,1587,508,0,3
530,1682,508,0,3
531,1587,509,0,3
531,1682,509,0,3
532,1587,510,0,3
532,1682,510,0,3
533,1587,532,1,2
533,1682,532,1,2
534,1587,533,1,2
534,1682,533,1,2
535,1587,536,2,1
535,1682,534,1,2
536,1682,535,1,2
538,1682,539,2,1
539,1587,540,2,1
539,1682,540,2,1
540,1587,541,2,1
540,1682,541,2,1
541,1587,542,2,1
541,1682,542,2,1
542,1587,543,2,1
542,1682,543,2,1
543,1587,521,0,3
543,1682,521,0,3
544,1587,522,0,3
544,1682,522,0,3
545,1587,523,0,3
545,1682,523,0,3
546,1587,524,0,3
546,1682,524,0,3
547,1682,525,0,3
548,1682,526,0,3
549,1682,527,0,3
550,1682,528,0,2
551,1587,529,0,3
551,1682,529,0,3
552,1587,530,0,3
552,1682,530,0,3
553,1587,531,0,3
553,1682,531,0,3
554,1587,532,0,3
554,1682,532,0,3
555,1587,554,1,2
555,1682,554,1,2
556,1587,555,1,2
556,1682,555,1,2
557,1587,558,2,1
557,1682,556,1,2
558,1682,557,1,2
560,1682,561,2,1
561,1587,562,2,1
561,1682,562,2,1
562,1587,563,2,1
562,1682,563,2,1
563,1587,564,2,1
563,1682,564,2,1
564,1587,565,2,1
564,1682,565,2,1
565,1587,543,0,3
565,1682,543,0,3
566,1587,544,0,3
566,1682,544,0,3
567,1587,545,0,3
567,1682,545,0,3
568,1587,546,0,3
568,1682,546,0,3
569,1682,547,0,3
570,1682,548,0,3
571,1682,549,0,3
572,1682,550,0,2
573,1587,551,0,3
573,1682,551,0,3
574,1587,552,0,3
574,1682,552,0,3
575,1587,553,0,3
575,1682,553,0,3
576,1587,554,0,3
576,1682,554,0,3
577,1587,576,1,2
577,1682,576,1,2
578,1587,577,1,2
578,1682,577,1,2
579,1587,580,2,1
579,1682,578,1,2
580,1682,579,1,2
582,1682,583,2,1
583,1587,584,2,1
583,1682,584,2,1
584,1587,585,2,1
584,1682,585,2,1
585,1587,586,2,1
585,1682,586,2,1
586,1587,587,2,1
586,1682,587,2,1
587,1587,565,0,3
587,1682,565,0,3
588,1587,566,0,3
588,1682,566,0,3
589,1587,567,0,3
589,1682,567,0,3
590,1587,568,0,3
590,1682,568,0,3
591,1682,569,0,3
592,1682,570,0,3
593,1682,571,0,3
594,1682,572,0,2
595,1587,573,0,3
595,1682,573,0,3
596,1587,574,0,3
596,1682,574,0,3
597,1587,575,0,3
597,1682,575,0,3
598,1587,576,0,3
598,1680,620,3,0
598,1682,576,0,3
599,1587,598,1,2
599,1680,577,0,3
599,1682,598,1,2
600,1587,599,1,2
600,1682,599,1,2
601,1587,602,2,1
601,1682,600,1,2
602,1680,580,0,3
602,1682,601,1,2
604,1682,605,2,1
605,1587,606,2,1
605,1680,627,3,0
605,1682,606,2,1
606,1587,607,2,1
606,1682,607,2,1
607,1587,608,2,1
607,1682,608,2,1
608,1587,609,2,1
608,1682,609,2,1
609,1587,587,0,3
609,1682,587,0,3
610,1587,588,0,3
610,1682,588,0,3
611,1587,589,0,3
611,1682,589,0,3
612,1587,590,0,3
612,1682,590,0,3
613,1682,591,0,3
614,1682,592,0,3
615,1682,593,0,3
616,1682,594,0,2
617,1587,595,0,3
617,1676,639,3,0
617,1682,595,0,3
618,1587,596,0,3
618,1682,596,0,3
619,1587,597,0,3
619,1676,641,3,0
619,1682,597,0,3
620,1587,598,0,3
620,1638,642,3,0
620,1676,642,3,0
620,1682,598,0,3
621,1587,620,1,2
621,1638,599,0,3
621,1682,620,1,2
622,1587,621,1,2
622,1682,621,1,2
623,1587,624,2,1
623,1682,622,1,2
624,1682,623,1,2
626,1682,627,2,1
627,1587,628,2,1
627,1682,628,2,1
628,1587,629,2,1
628,1682,629,2,1
629,1587,630,2,1
629,1682,630,2,1
630,1587,631,2,1
630,1682,631,2,1
631,1587,609,0,3
631,1682,609,0,3
632,1587,610,0,3
632,1682,610,0,3
633,1587,611,0,3
633,1682,611,0,3
634,1587,612,0,3
634,1682,612,0,3
635,1682,613,0,3
636,1682,614,0,3
637,1682,615,0,3
638,1682,616,0,2
639,1587,617,0,3
639,1682,617,0,3
640,1587,618,0,3
640,1682,618,0,3
641,1587,619,0,3
641,1682,619,0,3
642,1587,620,0,3
642,1682,620,0,3
643,1587,642,1,2
643,1682,642,1,2
644,1587,643,1,2
644,1682,643,1,2
645,1587,646,2,1
645,1682,644,1,2
646,1682,645,1,2
648,1682,649,2,1
649,1587,650,2,1
649,1682,650,2,1
650,1587,651,2,1
650,1682,651,2,1
651,1587,652,2,1
651,1682,652,2,1
652,1587,653,2,1
652,1682,653,2,1
653,1587,631,0,3
653,1682,631,0,3
654,1587,632,0,3
654,1682,632,0,3
655,1587,633,0,3
655,1682,633,0,3
656,1587,634,0,3
656,1682,634,0,3
657,1682,635,0,3
658,1682,636,0,3
659,1682,637,0,3
660,1682,638,0,2
661,1587,639,0,3
661,1682,639,0,3
662,1587,640,0,3
662,1682,640,0,3
663,1587,641,0,3
663,1682,641,0,3
664,1587,642,0,3
664,1621,686,3,0
664,1682,642,0,3
665,1587,664,1,2
665,1682,664,1,2
666,1587,665,1,2
666,1682,665,1,2
667,1587,668,2,1
667,1682,666,1,2
668,1682,667,1,2
670,1682,671,2,1
671,1587,672,2,1
671,1682,672,2,1
672,1587,673,2,1
672,1682,673,2,1
673,1587,674,2,1
673,1682,674,2,1
674,1587,675,2,1
674,1682,675,2,1
675,1587,653,0,3
675,1682,653,0,3
676,1587,654,0,3
676,1621,654,0,3
676,1682,654,0,3
677,1587,655,0,3
677,1682,655,0,3
678,1587,656,0,3
678,1682,656,0,3
679,1682,657,0,3
680,1682,658,0,3
681,1682,659,0,3
682,1682,660,0,2
683,1587,661,0,3
683,1682,661,0,3
684,1587,662,0,3
684,1682,662,0,3
685,1587,663,0,3
685,1678,663,0,3
685,1682,663,0,3
686,1587,664,0,3
686,1678,708,3,0
686,1682,664,0,3
687,1587,686,1,2
687,1682,686,1,2
688,1587,687,1,2
688,1682,687,1,2
689,1587,690,2,1
689,1682,688,1,2
690,1682,689,1,2
692,1682,693,2,1
693,1587,694,2,1
693,1682,694,2,1
694,1587,695,2,1
694,1682,695,2,1
695,1587,696,2,1
695,1682,696,2,1
696,1587,697,2,1
696,1682,697,2,1
697,1587,675,0,3
697,1682,675,0,3
698,1587,676,0,3
698,1678,676,0,3
698,1682,676,0,3
699,1587,677,0,3
699,1682,677,0,3
700,1587,678,0,3
700,1682,678,0,3
701,1682,679,0,3
702,1682,680,0,3
703,1682,681,0,3
704,1660,682,0,2
704,1682,682,0,2
705,1587,683,0,3
705,1646,727,3,0
705,1660,727,3,0
705,1682,683,0,3
706,1587,684,0,3
706,1640,728,3,0
706,1646,728,3,0
706,1658,728,3,0
706,1660,728,3,0
706,1682,684,0,3
707,1587,685,0,3
707,1682,685,0,3
708,1587,686,0,3
708,1592,730,3,0
708,1640,730,3,0
708,1646,730,3,0
708,1658,730,3,0
708,1660,730,3,0
708,1662,730,3,0
708,1675,730,3,0
708,1682,686,0,3
709,1587,708,1,2
709,1592,687,0,3
709,1662,687,0,3
709,1675,687,0,3
709,1682,708,1,2
710,1587,709,1,2
710,1592,732,3,0
710,1662,732,3,0
710,1675,732,3,0
710,1682,709,1,2
711,1587,712,2,1
711,1592,733,3,0
711,1662,733,3,0
711,1675,733,3,0
711,1682,710,1,2
712,1675,690,0,3
712,1682,711,1,2
714,1682,715,2,1
715,1587,716,2,1
715,1675,737,3,0
715,1682,716,2,1
716,1587,717,2,1
716,1682,717,2,1
717,1587,718,2,1
717,1682,718,2,1
718,1587,719,2,1
718,1682,719,2,1
719,1587,697,0,3
719,1682,697,0,3
720,1587,698,0,3
720,1640,698,0,3
720,1646,698,0,3
720,1658,698,0,3
720,1660,698,0,3
720,1682,698,0,3
721,1587,699,0,3
721,1646,699,0,3
721,1660,699,0,3
721,1682,699,0,3
722,1587,700,0,3
722,1682,700,0,3
723,1682,701,0,3
724,1682,702,0,3
725,1682,703,0,3
726,1682,704,0,2
727,1587,705,0,3
727,1682,705,0,3
728,1587,706,0,3
728,1682,706,0,3
729,1587,707,0,3
729,1682,707,0,3
730,1587,708,0,3
730,1682,708,0,3
731,1587,730,1,2
731,1682,730,1,2
732,1587,731,1,2
732,1682,731,1,2
733,1587,734,2,1
733,1682,732,1,2
734,1682,733,1,2
736,1682,737,2,1
737,1587,738,2,1
737,1682,738,2,1
738,1587,739,2,1
738,1682,739,2,1
739,1587,740,2,1
739,1682,740,2,1
740,1587,741,2,1
740,1682,741,2,1
741,1587,719,0,3
741,1682,719,0,3
742,1587,720,0,3
742,1682,720,0,3
743,1587,721,0,3
743,1682,721,0,3
744,1587,722,0,3
744,1682,722,0,3
745,1682,723,0,3
746,1682,724,0,3
747,1682,725,0,3
748,1682,726,0,2
749,1587,727,0,3
749,1682,727,0,3
750,1587,728,0,3
750,1654,772,3,0
750,1672,772,3,0
750,1682,728,0,3
751,1587,729,0,3
751,1654,729,0,3
751,1672,729,0,3
751,1682,729,0,3
752,1587,730,0,3
752,1682,730,0,3
753,1587,752,1,2
753,1682,752,1,2
754,1587,753,1,2
754,1682,753,1,2
755,1587,756,2,1
755,1682,754,1,2
756,1682,755,1,2
758,1682,759,2,1
759,1587,760,2,1
759,1682,760,2,1
760,1587,761,2,1
760,1682,761,2,1
761,1587,762,2,1
761,1682,762,2,1
762,1587,763,2,1
762,1682,763,2,1
763,1587,741,0,3
763,1654,785,3,0
763,1672,785,3,0
763,1682,741,0,3
764,1587,742,0,3
764,1682,742,0,3
765,1587,743,0,3
765,1682,743,0,3
766,1587,744,0,3
766,1682,744,0,3
767,1682,745,0,3
768,1682,746,0,3
769,1682,747,0,3
770,1682,748,0,2
771,1587,749,0,3
771,1682,749,0,3
772,1587,750,0,3
772,1682,750,0,3
773,1587,751,0,3
773,1682,751,0,3
774,1587,752,0,3
774,1682,752,0,3
775,1587,774,1,2
775,1682,774,1,2
776,1587,775,1,2
776,1682,775,1,2
777,1587,778,2,1
777,1682,776,1,2
778,1682,777,1,2
780,1682,781,2,1
781,1587,782,2,1
781,1682,782,2,1
782,1587,783,2,1
782,1682,783,2,1
783,1587,784,2,1
783,1682,784,2,1
784,1587,785,2,1
784,1682,785,2,1
785,1587,763,0,3
785,1682,763,0,3
786,1587,764,0,3
786,1682,764,0,3
787,1587,765,0,3
787,1682,765,0,3
788,1587,766,0,3
788,1682,766,0,3
789,1682,767,0,3
790,1682,768,0,3
791,1682,769,0,3
792,1682,770,0,2
793,1587,771,0,3
793,1682,771,0,3
794,1587,772,0,3
794,1682,772,0,3
795,1587,773,0,3
795,1682,773,0,3
796,1587,774,0,3
796,1682,774,0,3
797,1587,796,1,2
797,1682,796,1,2
798,1587,797,1,2
798,1682,797,1,2
799,1587,800,2,1
799,1682,798,1,2
800,1682,799,1,2
802,1682,803,2,1
803,1587,804,2,1
803,1682,804,2,1
804,1587,805,2,1
804,1682,805,2,1
805,1587,806,2,1
805,1682,806,2,1
806,1587,807,2,1
806,1682,807,2,1
807,1587,785,0,3
807,1682,785,0,3
808,1587,786,0,3
808,1682,786,0,3
809,1587,787,0,3
809,1682,787,0,3
810,1587,788,0,3
810,1682,788,0,3
811,1682,789,0,3
812,1682,790,0,3
813,1682,791,0,3
814,1682,792,0,2
815,1587,793,0,3
815,1682,793,0,3
816,1587,794,0,3
816,1682,794,0,3
817,1587,795,0,3
817,1682,795,0,3
818,1587,796,0,3
818,1682,796,0,3
819,1587,818,1,2
819,1682,818,1,2
820,1587,819,1,2
820,1612,842,3,0
820,1623,842,3,0
820,1682,819,1,2
821,1587,822,2,1
821,1682,820,1,2
822,1612,800,0,3
822,1682,821,1,2
824,1682,825,2,1
825,1587,826,2,1
825,1682,826,2,1
826,1587,827,2,1
826,1612,804,0,3
826,1682,827,2,1
827,1587,828,2,1
827,1682,828,2,1
828,1587,829,2,1
828,1612,806,0,3
828,1623,806,0,3
828,1682,829,2,1
829,1587,807,0,3
829,1682,807,0,3
830,1587,808,0,3
830,1682,808,0,3
831,1587,809,0,3
831,1682,809,0,3
832,1587,810,0,3
832,1682,810,0,3
833,1682,811,0,3
834,1682,812,0,3
835,1682,813,0,3
836,1682,814,0,2
837,1587,815,0,3
837,1682,815,0,3
838,1587,816,0,3
838,1682,816,0,3
839,1587,817,0,3
839,1682,817,0,3
840,1587,818,0,3
840,1682,818,0,3
841,1587,840,1,2
841,1682,840,1,2
842,1587,841,1,2
842,1588,864,3,0
842,1645,864,3,0
842,1682,841,1,2
843,1587,844,2,1
843,1682,842,1,2
844,1588,822,0,3
844,1645,822,0,3
844,1682,843,1,2
846,1682,847,2,1
847,1587,848,2,1
847,1682,848,2,1
848,1587,849,2,1
848,1588,826,0,3
848,1645,826,0,3
848,1682,849,2,1
849,1587,850,2,1
849,1588,827,0,3
849,1645,827,0,3
849,1682,850,2,1
850,1587,851,2,1
850,1588,828,0,3
850,1645,828,0,3
850,1682,851,2,1
851,1587,829,0,3
851,1682,829,0,3
852,1587,830,0,3
852,1682,830,0,3
853,1587,831,0,3
853,1682,831,0,3
854,1587,832,0,3
854,1682,832,0,3
855,1682,833,0,3
856,1682,834,0,3
857,1682,835,0,3
858,1682,836,0,2
859,1587,837,0,3
859,1682,837,0,3
860,1587,838,0,3
860,1682,838,0,3
861,1587,839,0,3
861,1682,839,0,3
862,1587,840,0,3
862,1682,840,0,3
863,1587,862,1,2
863,1682,862,1,2
864,1587,863,1,2
864,1628,886,3,0
864,1682,863,1,2
865,1587,866,2,1
865,1682,864,1,2
866,1682,865,1,2
868,1682,869,2,1
869,1587,870,2,1
869,1682,870,2,1
870,1587,871,2,1
870,1628,848,0,3
870,1682,871,2,1
871,1587,872,2,1
871,1628,849,0,3
871,1682,872,2,1
872,1587,873,2,1
872,1628,850,0,3
872,1682,873,2,1
873,1587,851,0,3
873,1682,851,0,3
874,1587,852,0,3
874,1682,852,0,3
875,1587,853,0,3
875,1682,853,0,3
876,1587,854,0,3
876,1682,854,0,3
877,1682,855,0,3
878,1682,856,0,3
879,1682,857,0,3
880,1682,858,0,2
881,1587,859,0,3
881,1682,859,0,3
882,1587,860,0,3
882,1682,860,0,3
883,1587,861,0,3
883,1682,861,0,3
884,1587,862,0,3
884,1682,862,0,3
885,1587,884,1,2
885,1682,884,1,2
886,1587,885,1,2
886,1682,885,1,2
887,1587,888,2,1
887,1682,886,1,2
888,1610,866,0,3
888,1620,866,0,3
888,1682,887,1,2
890,1610,912,3,0
890,1682,891,2,1
891,1587,892,2,1
891,1682,892,2,1
892,1587,893,2,1
892,1610,870,0,3
892,1620,870,0,3
892,1682,893,2,1
893,1587,894,2,1
893,1610,871,0,3
893,1620,871,0,3
893,1682,894,2,1
894,1587,895,2,1
894,1610,872,0,3
894,1620,872,0,3
894,1682,895,2,1
895,1587,873,0,3
895,1610,917,3,0
895,1620,917,3,0
895,1682,873,0,3
896,1587,874,0,3
896,1682,874,0,3
897,1587,875,0,3
897,1682,875,0,3
898,1587,876,0,3
898,1682,876,0,3
899,1682,877,0,3
900,1682,878,0,3
901,1682,879,0,3
902,1682,880,0,2
903,1587,881,0,3
903,1682,881,0,3
904,1587,882,0,3
904,1682,882,0,3
905,1587,883,0,3
905,1611,883,0,3
905,1682,883,0,3
906,1587,884,0,3
906,1682,884,0,3
907,1587,906,1,2
907,1682,906,1,2
908,1587,907,1,2
908,1647,930,3,0
908,1664,930,3,0
908,1682,907,1,2
909,1587,910,2,1
909,1682,908,1,2
910,1647,888,0,3
910,1682,909,1,2
911,1647,933,3,0
912,1647,934,3,0
912,1682,913,2,1
913,1587,914,2,1
913,1682,914,2,1
914,1587,915,2,1
914,1682,915,2,1
915,1587,916,2,1
915,1682,916,2,1
916,1587,917,2,1
916,1647,894,0,3
916,1664,894,0,3
916,1682,917,2,1
917,1587,895,0,3
917,1611,939,3,0
917,1647,939,3,0
917,1664,939,3,0
917,1682,895,0,3
918,1587,896,0,3
918,1682,896,0,3
919,1587,897,0,3
919,1682,897,0,3
920,1587,898,0,3
920,1682,898,0,3
921,1682,899,0,3
922,1682,900,0,3
923,1682,901,0,3
924,1682,902,0,2
925,1587,903,0,3
925,1682,903,0,3
926,1587,904,0,3
926,1682,904,0,3
927,1587,905,0,3
927,1682,905,0,3
928,1587,906,0,3
928,1682,906,0,3
929,1587,928,1,2
929,1682,928,1,2
930,1587,929,1,2
930,1666,952,3,0
930,1682,929,1,2
931,1587,932,2,1
931,1682,930,1,2
932,1682,931,1,2
934,1682,935,2,1
935,1587,936,2,1
935,1682,936,2,1
936,1587,937,2,1
936,1682,937,2,1
937,1587,938,2,1
937,1666,959,3,0
937,1682,938,2,1
938,1587,939,2,1
938,1666,916,0,3
938,1682,939,2,1
939,1587,917,0,3
939,1682,917,0,3
940,1587,918,0,3
940,1682,918,0,3
941,1587,919,0,3
941,1682,919,0,3
942,1587,920,0,3
942,1682,920,0,3
943,1682,921,0,3
944,1682,922,0,3
945,1682,923,0,3
946,1682,924,0,2
947,1587,925,0,3
947,1682,925,0,3
948,1587,926,0,3
948,1613,970,3,0
948,1682,926,0,3
949,1587,927,0,3
949,1613,927,0,3
949,1682,927,0,3
950,1587,928,0,3
950,1682,928,0,3
951,1587,950,1,2
951,1682,950,1,2
952,1587,951,1,2
952,1594,974,3,0
952,1630,974,3,0
952,1673,974,3,0
952,1682,951,1,2
953,1682,952,1,2
954,1682,953,1,2
956,1682,957,2,1
957,1587,958,2,1
957,1682,958,2,1
958,1587,959,2,1
958,1682,959,2,1
959,1587,960,2,1
959,1594,981,3,0
959,1630,981,3,0
959,1673,981,3,0
959,1682,960,2,1
960,1587,961,2,1
960,1594,938,0,3
960,1630,938,0,3
960,1673,938,0,3
960,1682,961,2,1
961,1587,939,0,3
961,1682,939,0,3
962,1587,940,0,3
962,1682,940,0,3
963,1587,941,0,3
963,1613,985,3,0
963,1682,941,0,3
964,1587,942,0,3
964,1613,942,0,3
964,1682,942,0,3
965,1682,943,0,3
966,1682,944,0,3
967,1682,945,0,3
968,1682,946,0,2
969,1587,947,0,3
969,1682,947,0,3
970,1587,948,0,3
970,1682,948,0,3
971,1587,949,0,3
971,1608,949,0,3
971,1682,949,0,3
972,1682,950,0,3
973,1587,972,1,2
973,1682,972,1,2
974,1587,973,1,2
974,1682,973,1,2
975,1587,976,2,1
975,1682,974,1,2
976,1682,975,1,2
978,1682,979,2,1
979,1587,980,2,1
979,1682,980,2,1
980,1587,981,2,1
980,1682,981,2,1
981,1587,982,2,1
981,1682,982,2,1
982,1587,983,2,1
982,1682,983,2,1
983,1682,961,0,3
984,1587,962,0,3
984,1682,962,0,3
985,1587,963,0,3
985,1682,963,0,3
986,1587,964,0,3
986,1682,964,0,3
987,1682,965,0,3
988,1682,966,0,3
989,1682,967,0,3
990,1682,968,0,2
991,1587,969,0,3
991,1682,969,0,3
992,1587,970,0,3
992,1682,970,0,3
993,1587,971,0,3
993,1682,971,0,3
994,1682,972,0,3
994,1683,972,0,3
995,1587,994,1,2
995,1682,994,1,2
996,1587,995,1,2
996,1682,995,1,2
996,1683,1018,3,0
997,1587,998,2,1
997,1682,996,1,2
997,1683,1019,3,0
998,1682,997,1,2
1000,1682,1001,2,1
1001,1587,1002,2,1
1001,1682,1002,2,1
1002,1587,1003,2,1
1002,1682,1003,2,1
1003,1587,1004,2,1
1003,1682,1004,2,1
1004,1587,1005,2,1
1004,1682,1005,2,1
1004,1683,982,0,3
1005,1682,983,0,3
1006,1587,984,0,3
1006,1682,984,0,3
1007,1587,985,0,3
1007,1682,985,0,3
1008,1587,986,0,3
1008,1682,986,0,3
1009,1682,987,0,3
1010,1682,988,0,3
1011,1682,989,0,3
1012,1682,990,0,2
1013,1587,991,0,3
1013,1682,991,0,3
1014,1587,992,0,3
1014,1682,992,0,3
1015,1587,993,0,3
1015,1682,993,0,3
1016,1605,994,0,3
1016,1682,994,0,3
1017,1587,1016,1,2
1017,1682,1016,1,2
1018,1587,1017,1,2
1018,1682,1017,1,2
1019,1587,1020,2,1
1019,1682,1018,1,2
1020,1682,1019,1,2
1022,1682,1023,2,1
1023,1587,1024,2,1
1023,1682,1024,2,1
1024,1587,1025,2,1
1024,1682,1025,2,1
1025,1587,1026,2,1
1025,1682,1026,2,1
1026,1587,1027,2,1
1026,1682,1027,2,1
1027,1682,1005,0,3
1028,1587,1006,0,3
1028,1682,1006,0,3
1029,1587,1007,0,3
1029,1682,1007,0,3
1030,1587,1008,0,3
1030,1682,1008,0,3
1031,1682,1009,0,3
1032,1682,1010,0,3
1033,1682,1011,0,3
1034,1682,1012,0,2
1035,1587,1013,0,3
1035,1682,1013,0,3
1036,1587,1014,0,3
1036,1682,1014,0,3
1037,1587,1015,0,3
1037,1682,1015,0,3
1038,1603,1016,0,3
1038,1631,1016,0,3
1038,1682,1016,0,3
1039,1587,1038,1,2
1039,1682,1038,1,2
1040,1587,1039,1,2
1040,1682,1039,1,2
1041,1587,1042,2,1
1041,1682,1040,1,2
1042,1682,1041,1,2
1044,1682,1045,2,1
1045,1587,1046,2,1
1045,1682,1046,2,1
1046,1587,1047,2,1
1046,1682,1047,2,1
1047,1587,1048,2,1
1047,1682,1048,2,1
1048,1587,1049,2,1
1048,1603,1026,0,3
1048,1631,1026,0,3
1048,1682,1049,2,1
1049,1682,1027,0,3
1050,1587,1028,0,3
1050,1682,1028,0,3
1051,1587,1029,0,3
1051,1682,1029,0,3
1052,1587,1030,0,3
1052,1682,1030,0,3
1053,1682,1031,0,3
1054,1682,1032,0,3
1055,1682,1033,0,3
1056,1682,1034,0,2
1057,1587,1035,0,3
1057,1682,1035,0,3
1058,1587,1036,0,3
1058,1634,1080,3,0
1058,1653,1080,3,0
1058,1682,1036,0,3
1059,1587,1037,0,3
1059,1682,1037,0,3
1060,1634,1038,0,3
1060,1653,1038,0,3
1060,1682,1038,0,3
1061,1587,1060,1,2
1061,1682,1060,1,2
1062,1587,1061,1,2
1062,1682,1061,1,2
1063,1587,1064,2,1
1063,1682,1062,1,2
1064,1682,1063,1,2
1066,1682,1067,2,1
1067,1587,1068,2,1
1067,1682,1068,2,1
1068,1587,1069,2,1
1068,1682,1069,2,1
1069,1587,1070,2,1
1069,1682,1070,2,1
1070,1587,1071,2,1
1070,1682,1071,2,1
1071,1682,1049,0,3
1072,1587,1050,0,3
1072,1682,1050,0,3
1073,1587,1051,0,3
1073,1682,1051,0,3
1074,1587,1052,0,3
1074,1634,1052,0,3
1074,1682,1052,0,3
1075,1682,1053,0,3
1076,1682,1054,0,3
1077,1682,1055,0,3
1078,1682,1056,0,2
1079,1587,1057,0,3
1079,1682,1057,0,3
1080,1587,1058,0,3
1080,1682,1058,0,3
1081,1587,1059,0,3
1081,1682,1059,0,3
1082,1639,1060,0,3
1082,1674,1060,0,3
1083,1587,1082,1,2
1083,1682,1082,1,2
1084,1587,1083,1,2
1084,1682,1083,1,2
1085,1587,1086,2,1
1085,1682,1084,1,2
1086,1682,1085,1,2
1088,1682,1089,2,1
1089,1587,1090,2,1
1089,1682,1090,2,1
1090,1587,1091,2,1
1090,1682,1091,2,1
1091,1587,1092,2,1
1091,1682,1092,2,1
1092,1587,1093,2,1
1092,1639,1070,0,3
1092,1682,1093,2,1
1094,1587,1072,0,3
1094,1682,1072,0,3
1095,1587,1073,0,3
1095,1682,1073,0,3
1096,1587,1074,0,3
1096,1682,1074,0,3
1097,1674,1119,3,0
1097,1682,1075,0,3
1098,1682,1076,0,3
1099,1682,1077,0,3
1100,1682,1078,0,2
1101,1587,1079,0,3
1101,1682,1079,0,3
1102,1587,1080,0,3
1102,1682,1080,0,3
1103,1587,1081,0,3
1103,1682,1125,3,0
1104,1586,1082,0,3
1104,1596,1082,0,3
1104,1627,1082,0,3
1104,1635,1082,0,3
1104,1651,1082,0,3
1105,1587,1104,1,2
1105,1682,1104,1,2
1106,1587,1105,1,2
1106,1682,1105,1,2
1107,1587,1108,2,1
1107,1682,1106,1,2
1108,1682,1107,1,2
1110,1682,1111,2,1
1111,1587,1112,2,1
1111,1682,1112,2,1
1112,1587,1113,2,1
1112,1682,1113,2,1
1113,1587,1114,2,1
1113,1682,1114,2,1
1114,1586,1092,0,3
1114,1587,1115,2,1
1114,1627,1092,0,3
1114,1635,1092,0,3
1114,1651,1092,0,3
1114,1682,1115,2,1
1116,1587,1094,0,3
1116,1682,1094,0,3
1117,1587,1095,0,3
1117,1682,1139,3,0
1118,1587,1096,0,3
1118,1682,1096,0,3
1119,1682,1097,0,3
1120,1682,1098,0,3
1121,1682,1099,0,3
1122,1682,1144,2,0
1123,1587,1145,3,0
1123,1682,1145,3,0
1124,1587,1102,0,3
1124,1682,1146,3,0
1125,1587,1147,3,0
1125,1682,1147,3,0
1126,1665,1104,0,3
1126,1669,1104,0,3
1126,1682,1148,3,0
1127,1587,1126,1,2
1127,1682,1126,1,2
1128,1587,1127,1,2
1128,1682,1127,1,2
1129,1587,1130,2,1
1129,1682,1128,1,2
1130,1682,1129,1,2
1132,1682,1133,2,1
1133,1587,1134,2,1
1133,1682,1134,2,1
1134,1587,1135,2,1
1134,1682,1135,2,1
1135,1587,1136,2,1
1135,1682,1136,2,1
1136,1587,1137,2,1
1136,1665,1114,0,3
1136,1669,1114,0,3
1136,1682,1137,2,1
1137,1682,1159,3,0
1138,1587,1116,0,3
1138,1682,1160,3,0
1139,1587,1161,3,0
1139,1682,1161,3,0
1140,1587,1118,0,3
1140,1682,1162,3,0
1141,1682,1163,3,0
1142,1682,1164,3,0
1143,1682,1165,3,0
1144,1682,1166,2,0
1145,1587,1167,3,0
1145,1682,1167,3,0
1146,1587,1168,3,0
1146,1682,1168,3,0
1147,1587,1169,3,0
1147,1682,1169,3,0
1148,1587,1170,3,0
1148,1590,1126,0,3
1148,1649,1126,0,3
1148,1682,1170,3,0
1149,1587,1148,1,2
1149,1682,1148,1,2
1150,1587,1149,1,2
1150,1682,1149,1,2
1151,1587,1152,2,1
1151,1682,1150,1,2
1152,1682,1151,1,2
1154,1682,1155,2,1
1155,1587,1156,2,1
1155,1682,1156,2,1
1156,1587,1157,2,1
1156,1682,1157,2,1
1157,1587,1158,2,1
1157,1682,1158,2,1
1158,1587,1159,2,1
1158,1682,1159,2,1
1159,1587,1181,3,0
1159,1682,1181,3,0
1160,1587,1182,3,0
1160,1682,1182,3,0
1161,1587,1183,3,0
1161,1682,1183,3,0
1162,1587,1184,3,0
1162,1682,1184,3,0
1163,1682,1185,3,0
1164,1682,1186,3,0
1165,1682,1187,3,0
1166,1682,1188,2,0
1167,1587,1189,3,0
1167,1682,1189,3,0
1168,1587,1190,3,0
1168,1682,1190,3,0
1169,1587,1191,3,0
1169,1682,1191,3,0
1170,1587,1192,3,0
1170,1682,1192,3,0
1171,1587,1170,1,2
1171,1682,1170,1,2
1172,1587,1171,1,2
1172,1682,1171,1,2
1173,1587,1174,2,1
1173,1682,1172,1,2
1174,1682,1173,1,2
1176,1682,1177,2,1
1177,1587,1178,2,1
1177,1682,1178,2,1
1178,1587,1179,2,1
1178,1682,1179,2,1
1179,1587,1180,2,1
1179,1682,1180,2,1
1180,1587,1181,2,1
1180,1682,1181,2,1
1181,1587,1203,3,0
1181,1682,1203,3,0
1182,1587,1204,3,0
1182,1682,1204,3,0
1183,1587,1205,3,0
1183,1682,1205,3,0
1184,1587,1206,3,0
1184,1682,1206,3,0
1185,1682,1207,3,0
1186,1682,1208,3,0
1187,1682,1209,3,0
1188,1682,1210,2,0
1189,1587,1211,3,0
1189,1682,1211,3,0
1190,1587,1212,3,0
1190,1682,1212,3,0
1191,1587,1213,3,0
1191,1682,1213,3,0
1192,1587,1214,3,0
1192,1598,1170,0,3
1192,1637,1170,0,3
1192,1663,1170,0,3
1192,1682,1214,3,0
1193,1587,1192,1,2
1193,1682,1192,1,2
1194,1587,1193,1,2
1194,1682,1193,1,2
1195,1587,1196,2,1
1195,1682,1194,1,2
1196,1682,1195,1,2
1198,1682,1199,2,1
1199,1587,1200,2,1
1199,1682,1200,2,1
1200,1587,1201,2,1
1200,1682,1201,2,1
1201,1587,1202,2,1
1201,1682,1202,2,1
1202,1587,1203,2,1
1202,1637,1180,0,3
1202,1682,1203,2,1
1203,1587,1225,3,0
1203,1682,1225,3,0
1204,1587,1226,3,0
1204,1598,1226,3,0
1204,1663,1226,3,0
1204,1682,1226,3,0
1205,1587,1227,3,0
1205,1682,1227,3,0
1206,1587,1228,3,0
1206,1682,1228,3,0
1207,1682,1229,3,0
1208,1682,1230,3,0
1209,1682,1231,3,0
1210,1682,1232,2,0
1211,1587,1233,3,0
1211,1682,1233,3,0
1212,1587,1234,3,0
1212,1682,1234,3,0
1213,1587,1235,3,0
1213,1682,1235,3,0
1214,1584,1192,0,3
1214,1587,1236,3,0
1214,1682,1236,3,0
1215,1587,1214,1,2
1215,1682,1214,1,2
1216,1587,1215,1,2
1216,1682,1215,1,2
1217,1587,1218,2,1
1217,1682,1216,1,2
1218,1682,1217,1,2
1220,1682,1221,2,1
1221,1587,1222,2,1
1221,1682,1222,2,1
1222,1587,1223,2,1
1222,1682,1223,2,1
1223,1587,1224,2,1
1223,1682,1224,2,1
1224,1587,1225,2,1
1224,1682,1225,2,1
1225,1587,1247,3,0
1225,1682,1247,3,0
1226,1587,1248,3,0
1226,1682,1248,3,0
1227,1587,1249,3,0
1227,1682,1249,3,0
1228,1587,1250,3,0
1228,1682,1250,3,0
1229,1682,1251,3,0
1230,1682,1252,3,0
1231,1682,1253,3,0
1232,1682,1254,2,0
1233,1587,1255,3,0
1233,1682,1255,3,0
1234,1587,1256,3,0
1234,1682,1256,3,0
1235,1587,1257,3,0
1235,1682,1257,3,0
1236,1587,1258,3,0
1236,1682,1258,3,0
1237,1587,1236,1,2
1237,1682,1236,1,2
1238,1587,1237,1,2
1238,1682,1237,1,2
1239,1587,1240,2,1
1239,1682,1238,1,2
1240,1682,1239,1,2
1242,1682,1243,2,1
1243,1587,1244,2,1
1243,1682,1244,2,1
1244,1587,1245,2,1
1244,1682,1245,2,1
1245,1587,1246,2,1
1245,1682,1246,2,1
1246,1587,1247,2,1
1246,1682,1247,2,1
1247,1587,1269,3,0
1247,1682,1269,3,0
1248,1587,1270,3,0
1248,1682,1270,3,0
1249,1587,1271,3,0
1249,1682,1271,3,0
1250,1587,1272,3,0
1250,1682,1272,3,0
1251,1682,1273,3,0
1252,1682,1274,3,0
1253,1682,1275,3,0
1254,1682,1276,2,0
1255,1587,1277,3,0
1255,1682,1277,3,0
1256,1587,1278,3,0
1256,1682,1278,3,0
1257,1587,1279,3,0
1257,1682,1279,3,0
1258,1587,1280,3,0
1258,1682,1280,3,0
1259,1587,1258,1,2
1259,1682,1258,1,2
1260,1587,1259,1,2
1260,1682,1259,1,2
1261,1587,1262,2,1
1261,1682,1260,1,2
1262,1682,1261,1,2
1264,1682,1265,2,1
1265,1587,1266,2,1
1265,1682,1266,2,1
1266,1587,1267,2,1
1266,1682,1267,2,1
1267,1587,1268,2,1
1267,1682,1268,2,1
1268,1587,1269,2,1
1268,1682,1269,2,1
1269,1587,1291,3,0
1269,1682,1291,3,0
1270,1587,1292,3,0
1270,1682,1292,3,0
1271,1587,1293,3,0
1271,1682,1293,3,0
1272,1587,1294,3,0
1272,1682,1294,3,0
1273,1682,1295,3,0
1274,1682,1296,3,0
1275,1682,1297,3,0
1276,1682,1298,2,0
1277,1587,1299,3,0
1277,1682,1299,3,0
1278,1587,1300,3,0
1278,1682,1300,3,0
1279,1587,1301,3,0
1279,1682,1301,3,0
1280,1587,1302,3,0
1280,1682,1302,3,0
1281,1587,1280,1,2
1281,1682,1280,1,2
1282,1587,1281,1,2
1282,1682,1281,1,2
1283,1587,1284,2,1
1283,1682,1282,1,2
1284,1682,1283,1,2
1286,1682,1287,2,1
1287,1587,1288,2,1
1287,1682,1288,2,1
1288,1587,1289,2,1
1288,1682,1289,2,1
1289,1587,1290,2,1
1289,1682,1290,2,1
1290,1587,1291,2,1
1290,1682,1291,2,1
1291,1587,1313,3,0
1291,1682,1313,3,0
1292,1587,1314,3,0
1292,1682,1314,3,0
1293,1587,1315,3,0
1293,1682,1315,3,0
1294,1587,1316,3,0
1294,1682,1316,3,0
1295,1682,1317,3,0
1296,1682,1318,3,0
1297,1682,1319,3,0
1298,1682,1320,2,0
1299,1587,1321,3,0
1299,1682,1321,3,0
1300,1587,1322,3,0
1300,1682,1322,3,0
1301,1587,1323,3,0
1301,1682,1323,3,0
1302,1587,1324,3,0
1302,1682,1324,3,0
1303,1587,1302,1,2
1303,1682,1302,1,2
1304,1587,1303,1,2
1304,1682,1303,1,2
1305,1587,1306,2,1
1305,1682,1304,1,2
1306,1682,1305,1,2
1308,1682,1309,2,1
1309,1587,1310,2,1
1309,1682,1310,2,1
1310,1587,1311,2,1
1310,1682,1311,2,1
1311,1587,1312,2,1
1311,1682,1312,2,1
1312,1587,1313,2,1
1312,1682,1313,2,1
1313,1587,1335,3,0
1313,1682,1335,3,0
1314,1587,1336,3,0
1314,1682,1336,3,0
1315,1587,1337,3,0
1315,1682,1337,3,0
1316,1587,1338,3,0
1316,1682,1338,3,0
1317,1682,1339,3,0
1318,1682,1340,3,0
1319,1682,1341,3,0
1320,1682,1342,2,0
1321,1587,1343,3,0
1321,1682,1343,3,0
1322,1587,1344,3,0
1322,1682,1344,3,0
1323,1587,1345,3,0
1323,1682,1345,3,0
1324,1587,1346,3,0
1324,1633,1302,0,3
1324,1650,1302,0,3
1324,1682,1346,3,0
1325,1587,1324,1,2
1325,1682,1324,1,2
1326,1587,1325,1,2
1326,1682,1325,1,2
1327,1587,1328,2,1
1327,1682,1326,1,2
1328,1682,1327,1,2
1330,1682,1331,2,1
1331,1587,1332,2,1
1331,1682,1332,2,1
1332,1587,1333,2,1
1332,1682,1333,2,1
1333,1587,1334,2,1
1333,1682,1334,2,1
1334,1587,1335,2,1
1334,1682,1335,2,1
1335,1587,1357,3,0
1335,1682,1357,3,0
1336,1587,1358,3,0
1336,1682,1358,3,0
1337,1587,1359,3,0
1337,1682,1359,3,0
1338,1587,1360,3,0
1338,1682,1360,3,0
1339,1682,1361,3,0
1340,1682,1362,3,0
1341,1650,1319,0,3
1341,1682,1363,3,0
1342,1682,1364,2,0
1343,1587,1365,3,0
1343,1636,1321,0,3
1343,1655,1321,0,3
1343,1682,1365,3,0
1344,1587,1366,3,0
1344,1682,1366,3,0
1345,1587,1367,3,0
1345,1682,1367,3,0
1346,1587,1368,3,0
1346,1636,1324,0,3
1346,1655,1324,0,3
1346,1682,1368,3,0
1347,1587,1346,1,2
1347,1682,1346,1,2
1348,1587,1347,1,2
1348,1682,1347,1,2
1349,1587,1350,2,1
1349,1682,1348,1,2
1350,1682,1349,1,2
1352,1682,1353,2,1
1353,1587,1354,2,1
1353,1682,1354,2,1
1354,1587,1355,2,1
1354,1682,1355,2,1
1355,1587,1356,2,1
1355,1682,1356,2,1
1356,1587,1357,2,1
1356,1682,1357,2,1
1357,1587,1379,3,0
1357,1682,1379,3,0
1358,1587,1380,3,0
1358,1682,1380,3,0
1359,1587,1381,3,0
1359,1682,1381,3,0
1360,1587,1382,3,0
1360,1682,1382,3,0
1361,1682,1383,3,0
1362,1682,1384,3,0
1363,1655,1341,0,3
1363,1682,1385,3,0
1364,1682,1386,2,0
1365,1587,1387,3,0
1365,1682,1387,3,0
1366,1587,1388,3,0
1366,1682,1388,3,0
1367,1587,1389,3,0
1367,1682,1389,3,0
1368,1587,1390,3,0
1368,1682,1390,3,0
1369,1587,1368,1,2
1369,1682,1368,1,2
1370,1587,1369,1,2
1370,1682,1369,1,2
1371,1587,1372,2,1
1371,1682,1370,1,2
1372,1682,1371,1,2
1374,1682,1375,2,1
1375,1587,1376,2,1
1375,1682,1376,2,1
1376,1587,1377,2,1
1376,1682,1377,2,1
1377,1587,1378,2,1
1377,1682,1378,2,1
1378,1587,1379,2,1
1378,1682,1379,2,1
1379,1587,1401,3,0
1379,1682,1401,3,0
1380,1587,1402,3,0
1380,1682,1402,3,0
1381,1587,1403,3,0
1381,1682,1403,3,0
1382,1587,1404,3,0
1382,1682,1404,3,0
1383,1682,1405,3,0
1384,1682,1406,3,0
1385,1682,1407,3,0
1386,1682,1408,2,0
1387,1587,1409,3,0
1387,1682,1409,3,0
1388,1587,1410,3,0
1388,1682,1410,3,0
1389,1587,1411,3,0
1389,1682,1411,3,0
1390,1587,1412,3,0
1390,1682,1412,3,0
1391,1587,1390,1,2
1391,1682,1390,1,2
1392,1587,1391,1,2
1392,1682,1391,1,2
1393,1587,1394,2,1
1393,1682,1392,1,2
1394,1682,1393,1,2
1396,1682,1397,2,1
1397,1587,1398,2,1
1397,1682,1398,2,1
1398,1587,1399,2,1
1398,1682,1399,2,1
1399,1587,1400,2,1
1399,1682,1400,2,1
1400,1587,1401,2,1
1400,1682,1401,2,1
1401,1587,1423,3,0
1401,1682,1423,3,0
1402,1587,1424,3,0
1402,1682,1424,3,0
1403,1587,1425,3,0
1403,1682,1425,3,0
1404,1587,1426,3,0
1404,1682,1426,3,0
1405,1682,1427,3,0
1406,1682,1428,3,0
1407,1682,1429,3,0
1408,1682,1430,2,0
1409,1587,1431,3,0
1409,1682,1431,3,0
1410,1587,1432,3,0
1410,1682,1432,3,0
1411,1587,1433,3,0
1411,1682,1433,3,0
1412,1587,1434,3,0
1412,1682,1434,3,0
1413,1587,1412,1,2
1413,1682,1412,1,2
1414,1587,1413,1,2
1414,1682,1413,1,2
1415,1587,1416,2,1
1415,1682,1414,1,2
1416,1682,1415,1,2
1418,1682,1419,2,1
1419,1587,1420,2,1
1419,1682,1420,2,1
1420,1587,1421,2,1
1420,1682,1421,2,1
1421,1587,1422,2,1
1421,1682,1422,2,1
1422,1587,1423,2,1
1422,1682,1423,2,1
1423,1587,1445,3,0
1423,1682,1445,3,0
1424,1587,1446,3,0
1424,1682,1446,3,0
1425,1587,1447,3,0
1425,1682,1447,3,0
1426,1587,1448,3,0
1426,1682,1448,3,0
1427,1682,1449,3,0
1428,1682,1450,3,0
1429,1682,1451,3,0
1430,1682,1452,2,0
1431,1587,1453,3,0
1431,1595,1409,0,3
1431,1682,1453,3,0
1432,1587,1454,3,0
1432,1682,1454,3,0
1433,1587,1455,3,0
1433,1682,1455,3,0
1434,1587,1456,3,0
1434,1595,1412,0,3
1434,1682,1456,3,0
1435,1587,1434,1,2
1435,1682,1434,1,2
1436,1587,1435,1,2
1436,1682,1435,1,2
1437,1587,1438,2,1
1437,1682,1436,1,2
1438,1682,1437,1,2
1440,1682,1441,2,1
1441,1587,1442,2,1
1441,1682,1442,2,1
1442,1587,1443,2,1
1442,1682,1443,2,1
1443,1587,1444,2,1
1443,1682,1444,2,1
1444,1587,1445,2,1
1444,1682,1445,2,1
1445,1587,1467,3,0
1445,1682,1467,3,0
1446,1587,1468,3,0
1446,1682,1468,3,0
1447,1587,1469,3,0
1447,1682,1469,3,0
1448,1587,1470,3,0
1448,1682,1470,3,0
1449,1682,1471,3,0
1450,1682,1472,3,0
1451,1682,1473,3,0
1452,1656,1474,2,0
1452,1682,1474,2,0
1453,1585,1431,0,3
1453,1587,1475,3,0
1453,1622,1431,0,3
1453,1656,1431,0,3
1453,1682,1475,3,0
1454,1587,1476,3,0
1454,1682,1476,3,0
1455,1587,1477,3,0
1455,1682,1477,3,0
1456,1585,1434,0,3
1456,1587,1478,3,0
1456,1622,1434,0,3
1456,1656,1434,0,3
1456,1682,1478,3,0
1457,1587,1456,1,2
1457,1682,1456,1,2
1458,1587,1457,1,2
1458,1682,1457,1,2
1459,1587,1460,2,1
1459,1682,1458,1,2
1460,1682,1459,1,2
1462,1682,1463,2,1
1463,1587,1464,2,1
1463,1682,1464,2,1
1464,1587,1465,2,1
1464,1682,1465,2,1
1465,1587,1466,2,1
1465,1682,1466,2,1
1466,1587,1467,2,1
1466,1682,1467,2,1
1467,1587,1489,3,0
1467,1682,1489,3,0
1468,1585,1490,3,0
1468,1587,1490,3,0
1468,1622,1490,3,0
1468,1656,1490,3,0
1468,1682,1490,3,0
1469,1587,1491,3,0
1469,1682,1491,3,0
1470,1587,1492,3,0
1470,1682,1492,3,0
1471,1682,1493,3,0
1472,1682,1494,3,0
1473,1656,1495,3,0
1473,1682,1495,3,0
1474,1682,1496,2,0
1475,1587,1497,3,0
1475,1682,1497,3,0
1476,1587,1498,3,0
1476,1682,1498,3,0
1477,1587,1499,3,0
1477,1682,1499,3,0
1478,1587,1500,3,0
1478,1682,1500,3,0
1479,1587,1478,1,2
1479,1682,1478,1,2
1480,1587,1479,1,2
1480,1682,1479,1,2
1481,1587,1482,2,1
1481,1682,1480,1,2
1482,1682,1481,1,2
1484,1682,1485,2,1
1485,1587,1486,2,1
1485,1682,1486,2,1
1486,1587,1487,2,1
1486,1682,1487,2,1
1487,1587,1488,2,1
1487,1682,1488,2,1
1488,1587,1489,2,1
1488,1682,1489,2,1
1489,1587,1511,3,0
1489,1682,1511,3,0
1490,1587,1512,3,0
1490,1682,1512,3,0
1491,1587,1513,3,0
1491,1682,1513,3,0
1492,1587,1514,3,0
1492,1682,1514,3,0
1493,1682,1515,3,0
1494,1682,1516,3,0
1495,1682,1517,3,0
1496,1642,1518,2,0
1496,1682,1518,2,0
1497,1587,1519,3,0
1497,1642,1475,0,3
1497,1682,1519,3,0
1498,1587,1520,3,0
1498,1642,1476,0,3
1498,1682,1520,3,0
1499,1587,1521,3,0
1499,1682,1521,3,0
1500,1587,1522,3,0
1500,1642,1478,0,3
1500,1682,1522,3,0
1501,1587,1500,1,2
1501,1682,1500,1,2
1502,1587,1501,1,2
1502,1682,1501,1,2
1503,1587,1504,2,1
1503,1682,1502,1,2
1504,1682,1503,1,2
1506,1682,1507,2,1
1507,1587,1508,2,1
1507,1682,1508,2,1
1508,1587,1509,2,1
1508,1682,1509,2,1
1509,1587,1510,2,1
1509,1682,1510,2,1
1510,1587,1511,2,1
1510,1682,1511,2,1
1511,1587,1533,3,0
1511,1682,1533,3,0
1512,1587,1534,3,0
1512,1642,1534,3,0
1512,1682,1534,3,0
1513,1587,1535,3,0
1513,1642,1535,3,0
1513,1682,1535,3,0
1514,1587,1536,3,0
1514,1682,1536,3,0
1515,1682,1537,3,0
1516,1682,1538,3,0
1517,1682,1539,3,0
1518,1597,1540,2,0
1518,1682,1540,2,0
1519,1587,1541,3,0
1519,1597,1497,0,3
1519,1682,1541,3,0
1520,1587,1542,3,0
1520,1597,1498,0,3
1520,1682,1542,3,0
1521,1587,1543,3,0
1521,1597,1543,3,0
1521,1682,1543,3,0
1522,1587,1544,3,0
1522,1597,1500,0,3
1522,1682,1544,3,0
1523,1587,1522,1,2
1523,1682,1522,1,2
1524,1587,1523,1,2
1524,1682,1523,1,2
1525,1587,1526,2,1
1525,1682,1524,1,2
1526,1682,1525,1,2
1528,1682,1529,2,1
1529,1587,1530,2,1
1529,1682,1530,2,1
1530,1587,1531,2,1
1530,1682,1531,2,1
1531,1587,1532,2,1
1531,1682,1532,2,1
1532,1587,1533,2,1
1532,1682,1533,2,1
1533,1587,1555,3,0
1533,1597,1511,0,3
1533,1682,1555,3,0
1534,1587,1556,3,0
1534,1682,1556,3,0
1535,1587,1557,3,0
1535,1682,1557,3,0
1536,1587,1558,3,0
1536,1597,1514,0,3
1536,1682,1558,3,0
1537,1682,1559,3,0
1538,1682,1560,3,0
1539,1682,1561,3,0
1540,1682,1562,2,0
1541,1587,1563,3,0
1541,1682,1563,3,0
1542,1587,1564,3,0
1542,1682,1564,3,0
1543,1587,1565,3,0
1543,1682,1565,3,0
1544,1587,1566,3,0
1544,1682,1566,3,0
1545,1587,1544,1,2
1545,1682,1544,1,2
1546,1587,1545,1,2
1546,1682,1545,1,2
1547,1587,1548,2,1
1547,1682,1546,1,2
1548,1682,1547,1,2
1550,1682,1551,2,1
1551,1587,1552,2,1
1551,1682,1552,2,1
1552,1587,1553,2,1
1552,1682,1553,2,1
1553,1587,1554,2,1
1553,1682,1554,2,1
1554,1587,1555,2,1
1554,1682,1555,2,1
1555,1587,1577,3,0
1555,1682,1577,3,0
1556,1587,1578,3,0
1556,1682,1578,3,0
1557,1587,1579,3,0
1557,1682,1579,3,0
1558,1587,1580,3,0
1558,1682,1580,3,0
1559,1682,1581,3,0
1560,1682,1582,3,0
1561,1682,1583,3,0
1562,1614,0,2,3
1562,1682,0,2,3
1563,1587,1,3,3
1563,1614,1,3,3
1563,1682,1,3,3
1564,1587,2,3,3
1564,1614,1542,0,3
1564,1652,1542,0,3
1564,1682,2,3,3
1565,1587,3,3,3
1565,1614,3,3,3
1565,1652,3,3,3
1565,1682,3,3,3
1566,1587,4,3,3
1566,1682,4,3,3
1567,1587,1566,1,2
1567,1682,1566,1,2
1568,1587,1567,1,2
1568,1682,1567,1,2
1569,1587,1570,2,1
1569,1682,1568,1,2
1570,1682,1569,1,2
1572,1682,1573,2,1
1573,1587,1574,2,1
1573,1682,1574,2,1
1574,1587,1575,2,1
1574,1682,1575,2,1
1575,1587,1576,2,1
1575,1682,1576,2,1
1576,1587,1577,2,1
1576,1682,1577,2,1
1577,1587,15,3,3
1577,1614,1555,0,3
1577,1652,1555,0,3
1577,1682,15,3,3
1578,1587,16,3,3
1578,1614,1556,0,3
1578,1652,1556,0,3
1578,1682,16,3,3
1579,1587,17,3,3
1579,1682,17,3,3
1580,1587,18,3,3
1580,1682,18,3,3
1581,1682,19,3,3
1582,1682,20,3,3
1583,1682,21,3,3
1587,1584,348,0,7
1587,1585,348,0,7
1587,1586,348,0,7
1587,1588,348,0,7
1587,1589,348,0,7
1587,1590,348,0,7
1587,1591,348,0,7
1587,1592,348,0,7
1587,1593,348,0,7
1587,1594,348,0,7
1587,1595,348,0,7
1587,1596,348,0,7
1587,1597,348,0,7
1587,1598,348,0,7
1587,1599,348,0,7
1587,1600,348,0,7
1587,1601,348,0,7
1587,1602,348,0,7
1587,1603,348,0,7
1587,1604,348,0,7
1587,1605,348,0,7
1587,1606,348,0,7
1587,1607,348,0,7
1587,1608,348,0,7
1587,1609,348,0,7
1587,1610,348,0,7
1587,1611,348,0,7
1587,1612,348,0,7
1587,1613,348,0,7
1587,1614,348,0,7
1587,1615,348,0,7
1587,1616,348,0,7
1587,1617,348,0,7
1587,1618,348,0,7
1587,1619,348,0,7
1587,1620,348,0,7
1587,1621,348,0,7
1587,1622,348,0,7
1587,1623,348,0,7
1587,1624,348,0,7
1587,1625,348,0,7
1587,1626,348,0,7
1587,1627,348,0,7
1587,1628,348,0,7
1587,1629,348,0,7
1587,1630,348,0,7
1587,1631,348,0,7
1587,1632,348,0,7
1587,1633,348,0,7
1587,1634,348,0,7
1587,1635,348,0,7
1587,1636,348,0,7
1587,1637,348,0,7
1587,1638,348,0,7
1587,1639,348,0,7
1587,1640,348,0,7
1587,1641,348,0,7
1587,1642,348,0,7
1587,1643,348,0,7
1587,1644,348,0,7
1587,1645,348,0,7
1587,1646,348,0,7
1587,1647,348,0,7
1587,1648,348,0,7
1587,1649,348,0,7
1587,1650,348,0,7
1587,1651,348,0,7
1587,1652,348,0,7
1587,1653,348,0,7
1587,1654,348,0,7
1587,1655,348,0,7
1587,1656,348,0,7
1587,1657,348,0,7
1587,1658,348,0,7
1587,1659,348,0,7
1587,1660,348,0,7
1587,1661,348,0,7
1587,1662,348,0,7
1587,1663,348,0,7
1587,1664,348,0,7
1587,1665,348,0,7
1587,1666,348,0,7
1587,1667,348,0,7
1587,1668,348,0,7
1587,1669,348,0,7
1587,1670,348,0,7
1587,1671,348,0,7
1587,1672,348,0,7
1587,1673,348,0,7
1587,1674,348,0,7
1587,1675,348,0,7
1587,1676,348,0,7
1587,1677,348,0,7
1587,1678,348,0,7
1587,1679,348,0,7
1587,1680,348,0,7
1587,1681,348,0,7
1587,1682,348,0,7
1587,1683,348,0,7
1682,1584,328,0,102
1682,1585,328,0,102
1682,1586,328,0,102
1682,1587,328,0,102
1682,1588,328,0,102
1682,1589,328,0,102
1682,1590,328,0,102
1682,1591,328,0,102
1682,1592,328,0,102
1682,1593,328,0,102
1682,1594,328,0,102
1682,1595,328,0,102
1682,1596,328,0,102
1682,1597,328,0,102
1682,1598,328,0,102
1682,1599,328,0,102
1682,1600,328,0,102
1682,1601,328,0,102
1682,1602,328,0,102
1682,1603,328,0,102
1682,1604,328,0,102
1682,1605,328,0,102
1682,1606,328,0,102
1682,1607,328,0,102
1682,1608,328,0,102
1682,1609,328,0,102
1682,1610,328,0,102
1682,1611,328,0,102
1682,1612,328,0,102
1682,1613,328,0,102
1682,1614,328,0,102
1682,1615,328,0,102
1682,1616,328,0,102
1682,1617,328,0,102
1682,1618,328,0,102
1682,1619,328,0,102
1682,1620,328,0,102
1682,1621,328,0,102
1682,1622,328,0,102
1682,1623,328,0,102
1682,1624,328,0,102
1682,1625,328,0,102
1682,1626,328,0,102
1682,1627,328,0,102
1682,1628,328,0,102
1682,1629,328,0,102
1682,1630,328,0,102
1682,1631,328,0,102
1682,1632,328,0,102
1682,1633,328,0,102
1682,1634,328,0,102
1682,1635,328,0,102
1682,1636,328,0,102
1682,1637,328,0,102
1682,1638,328,0,102
1682,1639,328,0,102
1682,1640,328,0,102
1682,1641,328,0,102
1682,1642,328,0,102
1682,1643,328,0,102
1682,1644,328,0,102
1682,1645,328,0,102
1682,1646,328,0,102
1682,1647,328,0,102
1682,1648,328,0,102
1682,1649,328,0,102
1682,1650,328,0,102
1682,1651,328,0,102
1682,1652,328,0,102
1682,1653,328,0,102
1682,1654,328,0,102
1682,1655,328,0,102
1682,1656,328,0,102
1682,1657,328,0,102
1682,1658,328,0,102
1682,1659,328,0,102
1682,1660,328,0,102
1682,1661,328,0,102
1682,1662,328,0,102
1682,1663,328,0,102
1682,1664,328,0,102
1682,1665,328,0,102
1682,1666,328,0,102
1682,1667,328,0,102
1682,1668,328,0,102
1682,1669,328,0,102
1682,1670,328,0,102
1682,1671,328,0,102
1682,1672,328,0,102
1682,1673,328,0,102
1682,1674,328,0,102
1682,1675,328,0,102
1682,1676,328,0,102
1682,1677,328,0,102
1682,1678,328,0,102
1682,1679,328,0,102
1682,1680,328,0,102
1682,1681,328,0,102
1682,1683,328,0,102
