0,1661,22,1,0
1,1599,23,2,0
1,1625,23,2,0
1,1661,23,2,0
2,1599,24,2,0
2,1625,24,2,0
2,1661,24,2,0
2,1669,24,2,0
3,1599,25,2,0
3,1625,25,2,0
3,1661,25,2,0
3,1669,25,2,0
22,1683,44,2,0
23,1665,45,3,0
23,1671,45,3,0
23,1677,45,3,0
23,1683,45,3,0
24,1665,46,3,0
24,1671,46,3,0
24,1677,46,3,0
24,1683,46,3,0
25,1665,47,3,0
25,1671,47,3,0
25,1677,47,3,0
25,1683,47,3,0
26,1665,48,3,0
26,1671,48,3,0
26,1677,48,3,0
26,1683,48,3,0
46,1624,68,3,0
47,1624,69,3,0
49,1604,71,3,0
49,1660,71,3,0
50,1604,28,0,3
50,1660,28,0,3
51,1604,29,0,3
51,1660,29,0,3
52,1660,30,0,3
55,1660,33,0,3
56,1604,78,3,0
56,1660,78,3,0
57,1604,79,3,0
57,1660,79,3,0
58,1604,36,0,3
58,1660,36,0,3
61,1624,39,0,3
66,1603,88,2,0
66,1609,88,2,0
66,1626,88,2,0
66,1629,88,2,0
66,1630,88,2,0
66,1631,88,2,0
66,1679,88,2,0
68,1603,90,3,0
68,1609,90,3,0
68,1626,90,3,0
68,1629,90,3,0
68,1630,90,3,0
68,1631,90,3,0
68,1679,90,3,0
69,1603,91,3,0
69,1609,91,3,0
69,1626,91,3,0
69,1629,91,3,0
69,1630,91,3,0
69,1631,91,3,0
69,1679,91,3,0
70,1603,48,0,3
70,1609,48,0,3
70,1613,48,0,3
70,1626,48,0,3
70,1629,48,0,3
70,1630,48,0,3
70,1631,48,0,3
70,1679,48,0,3
73,1613,51,0,3
74,1613,52,0,3
77,1613,55,0,3
78,1613,100,3,0
79,1613,101,3,0
80,1613,58,0,3
81,1603,103,3,0
81,1609,103,3,0
81,1613,103,3,0
81,1626,103,3,0
81,1629,103,3,0
81,1630,103,3,0
81,1631,103,3,0
81,1679,103,3,0
83,1603,61,0,3
83,1609,61,0,3
83,1626,61,0,3
83,1629,61,0,3
83,1630,61,0,3
83,1631,61,0,3
83,1679,61,0,3
87,1630,109,3,0
92,1589,70,0,3
92,1676,70,0,3
95,1589,117,3,0
95,1676,117,3,0
96,1589,74,0,3
99,1589,77,0,3
100,1589,122,3,0
100,1676,122,3,0
101,1589,123,3,0
101,1676,123,3,0
102,1589,80,0,3
102,1676,80,0,3
103,1589,125,3,0
103,1676,125,3,0
114,1584,92,0,3
114,1591,92,0,3
114,1617,92,0,3
114,1667,92,0,3
123,1667,145,3,0
124,1667,102,0,3
125,1584,147,3,0
125,1591,147,3,0
125,1617,147,3,0
125,1667,147,3,0
126,1584,104,0,3
126,1591,104,0,3
126,1617,104,0,3
127,1584,149,3,0
127,1591,149,3,0
127,1617,149,3,0
136,1644,114,0,3
145,1644,167,3,0
146,1644,124,0,3
147,1644,169,3,0
158,1587,136,0,3
158,1602,136,0,3
165,1587,143,0,3
165,1602,143,0,3
167,1587,189,3,0
167,1602,189,3,0
168,1587,146,0,3
168,1602,146,0,3
169,1587,191,3,0
169,1602,191,3,0
180,1643,158,0,3
181,1643,159,0,3
187,1643,165,0,3
189,1643,211,3,0
191,1643,213,3,0
202,1641,180,0,3
203,1641,181,0,3
204,1641,226,3,0
211,1641,233,3,0
213,1641,235,3,0
268,1621,246,0,3
268,1682,246,0,3
269,1621,247,0,3
269,1682,247,0,3
270,1621,292,3,0
270,1682,292,3,0
275,1682,253,0,3
276,1682,254,0,3
277,1621,299,3,0
277,1682,299,3,0
278,1621,256,0,3
278,1682,256,0,3
279,1621,301,3,0
279,1682,301,3,0
290,1593,268,0,3
290,1648,268,0,3
291,1593,269,0,3
291,1648,269,0,3
292,1593,314,3,0
292,1648,314,3,0
299,1593,321,3,0
299,1648,321,3,0
300,1593,278,0,3
300,1648,278,0,3
301,1593,323,3,0
301,1648,323,3,0
443,1668,465,3,0
456,1668,434,0,3
465,1673,487,3,0
478,1673,456,0,3
489,1600,467,0,3
489,1606,467,0,3
490,1600,512,3,0
490,1606,512,3,0
492,1600,514,3,0
492,1606,514,3,0
496,1600,474,0,3
496,1606,474,0,3
497,1600,519,3,0
497,1606,519,3,0
498,1600,476,0,3
498,1606,476,0,3
598,1638,576,0,3
599,1638,577,0,3
600,1638,622,3,0
607,1638,629,3,0
642,1655,620,0,3
643,1655,621,0,3
644,1655,666,3,0
646,1655,668,3,0
650,1655,628,0,3
652,1655,674,3,0
684,1678,662,0,3
685,1678,663,0,3
686,1678,664,0,3
706,1640,684,0,3
706,1646,684,0,3
706,1658,684,0,3
707,1640,685,0,3
707,1646,685,0,3
707,1658,685,0,3
708,1592,686,0,3
708,1640,686,0,3
708,1646,686,0,3
708,1658,686,0,3
708,1662,686,0,3
708,1675,686,0,3
709,1592,687,0,3
709,1662,687,0,3
709,1675,687,0,3
710,1592,732,3,0
710,1662,732,3,0
710,1675,732,3,0
712,1675,734,3,0
716,1592,694,0,3
716,1662,694,0,3
716,1675,694,0,3
718,1592,740,3,0
718,1662,740,3,0
718,1675,740,3,0
720,1640,742,3,0
720,1646,742,3,0
720,1658,742,3,0
727,1654,705,0,3
728,1654,706,0,3
729,1654,707,0,3
750,1672,728,0,3
751,1672,729,0,3
763,1672,741,0,3
797,1623,775,0,3
798,1623,820,3,0
805,1623,783,0,3
806,1623,828,3,0
841,1645,819,0,3
842,1645,864,3,0
843,1645,865,3,0
844,1645,866,3,0
847,1645,869,3,0
848,1645,826,0,3
849,1645,827,0,3
850,1645,872,3,0
862,1614,884,3,0
865,1614,887,3,0
866,1614,888,3,0
869,1614,891,3,0
870,1614,848,0,3
871,1614,849,0,3
872,1614,894,3,0
873,1614,851,0,3
880,1616,858,0,2
880,1681,858,0,2
882,1616,860,0,3
882,1681,860,0,3
883,1616,861,0,3
883,1681,861,0,3
884,1610,906,3,0
884,1616,906,3,0
884,1664,906,3,0
884,1681,906,3,0
887,1610,865,0,3
887,1664,865,0,3
888,1610,910,3,0
891,1610,913,3,0
892,1610,870,0,3
892,1664,870,0,3
893,1610,871,0,3
893,1664,871,0,3
894,1610,916,3,0
894,1664,916,3,0
895,1610,873,0,3
895,1616,873,0,3
895,1664,873,0,3
895,1681,873,0,3
901,1616,879,0,3
901,1681,879,0,3
906,1611,928,3,0
906,1632,928,3,0
906,1647,928,3,0
910,1632,932,3,0
910,1647,932,3,0
911,1632,889,0,3
911,1647,889,0,3
913,1632,935,3,0
913,1647,935,3,0
915,1632,893,0,3
915,1647,893,0,3
916,1632,938,3,0
916,1647,938,3,0
917,1611,895,0,3
917,1632,895,0,3
917,1647,895,0,3
928,1597,950,3,0
928,1666,950,3,0
932,1597,954,3,0
932,1666,954,3,0
935,1597,957,3,0
935,1666,957,3,0
937,1597,915,0,3
937,1666,915,0,3
938,1597,960,3,0
938,1666,960,3,0
939,1597,917,0,3
939,1666,917,0,3
950,1619,972,3,0
954,1619,976,3,0
957,1619,979,3,0
959,1619,937,0,3
960,1619,982,3,0
961,1619,939,0,3
971,1608,949,0,3
972,1608,994,3,0
972,1657,994,3,0
983,1608,961,0,3
1016,1605,1038,3,0
1038,1601,1060,3,0
1039,1601,1061,3,0
1040,1601,1018,0,3
1041,1601,1063,3,0
1042,1601,1064,3,0
1045,1601,1067,3,0
1046,1601,1068,3,0
1047,1601,1025,0,3
1048,1601,1070,3,0
1049,1601,1027,0,3
1058,1634,1036,0,3
1058,1653,1036,0,3
1059,1634,1037,0,3
1059,1653,1037,0,3
1060,1634,1082,3,0
1060,1639,1082,3,0
1060,1653,1082,3,0
1061,1639,1083,3,0
1062,1639,1040,0,3
1068,1639,1090,3,0
1069,1639,1047,0,3
1070,1639,1092,3,0
1071,1634,1049,0,3
1071,1639,1049,0,3
1071,1653,1049,0,3
1078,1674,1100,2,0
1080,1674,1058,0,3
1081,1674,1059,0,3
1082,1670,1104,3,0
1082,1674,1104,3,0
1083,1670,1105,3,0
1084,1670,1062,0,3
1090,1670,1112,3,0
1091,1670,1069,0,3
1092,1670,1114,3,0
1093,1670,1071,0,3
1093,1674,1071,0,3
1097,1674,1075,0,3
1102,1596,1080,0,3
1103,1596,1081,0,3
1105,1586,1127,3,0
1105,1627,1127,3,0
1105,1635,1127,3,0
1105,1651,1127,3,0
1106,1586,1084,0,3
1106,1627,1084,0,3
1106,1635,1084,0,3
1106,1651,1084,0,3
1113,1586,1091,0,3
1113,1627,1091,0,3
1113,1635,1091,0,3
1113,1651,1091,0,3
1114,1586,1136,3,0
1114,1627,1136,3,0
1114,1635,1136,3,0
1114,1651,1136,3,0
1116,1596,1138,3,0
1126,1590,1148,3,0
1126,1607,1148,3,0
1127,1590,1149,3,0
1127,1607,1149,3,0
1128,1590,1106,0,3
1128,1607,1106,0,3
1135,1590,1113,0,3
1135,1607,1113,0,3
1136,1590,1158,3,0
1136,1607,1158,3,0
1148,1649,1170,3,0
1149,1649,1171,3,0
1150,1649,1128,0,3
1156,1649,1178,3,0
1157,1649,1135,0,3
1158,1649,1180,3,0
1170,1615,1192,3,0
1171,1615,1193,3,0
1172,1615,1150,0,3
1179,1615,1157,0,3
1180,1615,1202,3,0
1188,1659,1210,2,0
1191,1598,1169,0,3
1191,1659,1169,0,3
1191,1663,1169,0,3
1192,1598,1214,3,0
1192,1637,1214,3,0
1192,1659,1214,3,0
1192,1663,1214,3,0
1193,1637,1215,3,0
1194,1637,1172,0,3
1201,1637,1179,0,3
1202,1637,1224,3,0
1207,1659,1185,0,3
1209,1659,1231,3,0
1320,1650,1342,2,0
1323,1633,1301,0,3
1323,1650,1301,0,3
1336,1633,1358,3,0
1336,1650,1358,3,0
1339,1650,1317,0,3
1342,1636,1364,2,0
1344,1636,1366,3,0
1345,1636,1323,0,3
1358,1636,1380,3,0
1386,1680,1408,2,0
1388,1680,1410,3,0
1389,1680,1367,0,3
1390,1680,1412,3,0
1402,1680,1424,3,0
1405,1680,1383,0,3
1407,1680,1429,3,0
1430,1595,1452,2,0
1432,1595,1454,3,0
1434,1595,1456,3,0
1446,1595,1468,3,0
1452,1656,1474,2,0
1453,1585,1475,3,0
1453,1622,1475,3,0
1453,1656,1475,3,0
1454,1585,1476,3,0
1454,1622,1476,3,0
1454,1656,1476,3,0
1455,1585,1477,3,0
1455,1622,1477,3,0
1455,1656,1477,3,0
1456,1585,1478,3,0
1456,1622,1478,3,0
1456,1656,1478,3,0
1468,1585,1490,3,0
1468,1622,1490,3,0
1468,1656,1490,3,0
1474,1628,1496,2,0
1475,1618,1497,3,0
1475,1628,1497,3,0
1476,1618,1498,3,0
1476,1628,1498,3,0
1477,1618,1499,3,0
1477,1628,1499,3,0
1478,1618,1500,3,0
1478,1628,1500,3,0
1496,1588,1518,2,0
1496,1642,1518,2,0
1498,1588,1520,3,0
1498,1642,1520,3,0
1499,1588,1521,3,0
1499,1642,1521,3,0
1500,1588,1522,3,0
1500,1642,1522,3,0
1512,1588,1490,0,3
1512,1642,1490,0,3
1540,1620,1562,2,0
1541,1620,1563,3,0
1542,1620,1564,3,0
1543,1620,1565,3,0
1555,1620,1577,3,0
1557,1620,1579,3,0
1562,1594,0,2,3
1562,1612,0,2,3
1563,1594,1,3,3
1563,1612,1,3,3
1564,1594,2,3,3
1564,1612,2,3,3
1564,1652,2,3,3
1565,1594,3,3,3
1565,1612,3,3,3
1565,1652,3,3,3
1579,1594,17,3,3
1579,1612,17,3,3
1583,1612,21,3,3
