1,1683,23,2,0
2,1639,24,2,0
2,1671,24,2,0
2,1683,24,2,0
4,1639,26,2,0
4,1652,26,2,0
4,1671,26,2,0
4,1683,26,2,0
15,1639,1577,3,3
15,1652,1577,3,3
15,1671,1577,3,3
15,1683,1577,3,3
17,1639,39,2,0
17,1671,39,2,0
17,1683,39,2,0
18,1683,40,2,0
24,1637,46,3,0
24,1661,46,3,0
26,1634,48,3,0
26,1637,48,3,0
26,1661,48,3,0
28,1634,50,3,0
35,1634,13,0,2
37,1634,15,0,2
37,1637,15,0,2
37,1661,15,0,2
39,1637,61,3,0
39,1661,61,3,0
40,1661,62,3,0
41,1661,63,3,0
46,1603,68,3,0
46,1631,68,3,0
46,1665,68,3,0
47,1603,25,0,3
47,1631,25,0,3
47,1665,25,0,3
48,1596,70,3,0
48,1603,70,3,0
48,1613,70,3,0
48,1631,70,3,0
48,1665,70,3,0
50,1596,72,3,0
50,1613,72,3,0
52,1613,74,3,0
57,1596,35,0,3
57,1613,35,0,3
59,1596,37,0,3
59,1603,37,0,3
59,1613,37,0,3
59,1631,37,0,3
59,1665,37,0,3
61,1603,83,3,0
61,1631,83,3,0
61,1665,83,3,0
62,1603,84,3,0
62,1631,84,3,0
69,1586,47,0,3
69,1627,47,0,3
69,1635,47,0,3
69,1651,47,0,3
70,1586,92,3,0
70,1627,92,3,0
70,1635,92,3,0
70,1651,92,3,0
70,1660,92,3,0
70,1676,92,3,0
72,1660,94,3,0
72,1676,94,3,0
73,1660,95,3,0
73,1676,95,3,0
74,1660,96,3,0
79,1660,57,0,3
79,1676,57,0,3
82,1586,60,0,3
82,1627,60,0,3
82,1635,60,0,3
82,1651,60,0,3
83,1586,105,3,0
83,1627,105,3,0
83,1635,105,3,0
83,1651,105,3,0
84,1586,106,3,0
84,1627,106,3,0
84,1635,106,3,0
84,1651,106,3,0
89,1630,111,3,0
89,1670,111,3,0
89,1679,111,3,0
91,1630,69,0,3
91,1649,69,0,3
91,1670,69,0,3
91,1679,69,0,3
92,1630,114,3,0
92,1649,114,3,0
92,1670,114,3,0
92,1679,114,3,0
104,1630,82,0,3
104,1649,82,0,3
104,1670,82,0,3
104,1679,82,0,3
105,1630,127,3,0
105,1649,127,3,0
105,1670,127,3,0
105,1679,127,3,0
106,1630,128,3,0
106,1670,128,3,0
106,1679,128,3,0
135,1584,113,0,3
136,1584,158,3,0
136,1587,158,3,0
139,1587,161,3,0
144,1587,122,0,3
145,1587,123,0,3
158,1644,180,3,0
158,1646,180,3,0
161,1644,183,3,0
161,1646,183,3,0
167,1644,145,0,3
167,1646,145,0,3
202,1654,224,3,0
205,1654,227,3,0
211,1654,189,0,3
212,1654,190,0,3
246,1682,268,3,0
249,1682,271,3,0
251,1682,273,3,0
252,1682,230,0,3
256,1682,234,0,3
257,1682,279,3,0
268,1658,290,3,0
269,1658,291,3,0
271,1658,293,3,0
277,1658,255,0,3
278,1658,256,0,3
279,1658,301,3,0
291,1640,313,3,0
300,1640,278,0,3
301,1640,323,3,0
334,1672,356,3,0
336,1672,314,0,3
344,1672,322,0,3
345,1672,367,3,0
442,1673,420,0,3
443,1673,421,0,3
444,1673,466,3,0
455,1673,477,3,0
458,1673,436,0,3
512,1606,490,0,3
515,1606,537,3,0
516,1606,494,0,3
520,1606,498,0,3
521,1606,543,3,0
574,1604,552,0,3
575,1604,553,0,3
587,1604,609,3,0
621,1655,643,3,0
622,1655,600,0,3
623,1655,645,3,0
625,1655,647,3,0
630,1655,652,3,0
631,1655,653,3,0
684,1621,662,0,3
685,1621,663,0,3
687,1675,709,3,0
688,1675,666,0,3
695,1675,673,0,3
696,1675,718,3,0
697,1621,719,3,0
697,1675,719,3,0
706,1667,684,0,3
709,1608,731,3,0
710,1608,688,0,3
719,1608,741,3,0
719,1667,741,3,0
719,1678,741,3,0
722,1667,700,0,3
728,1589,706,0,3
728,1593,706,0,3
728,1648,706,0,3
730,1589,708,0,3
730,1593,708,0,3
730,1648,708,0,3
741,1589,763,3,0
741,1593,763,3,0
741,1648,763,3,0
742,1589,720,0,3
742,1593,720,0,3
742,1648,720,0,3
743,1589,721,0,3
743,1593,721,0,3
743,1648,721,0,3
744,1589,722,0,3
752,1663,730,0,3
753,1663,775,3,0
754,1663,732,0,3
763,1663,785,3,0
774,1598,752,0,3
774,1633,752,0,3
775,1598,797,3,0
775,1633,797,3,0
776,1598,754,0,3
776,1633,754,0,3
783,1633,805,3,0
784,1598,806,3,0
784,1633,806,3,0
785,1598,807,3,0
785,1633,807,3,0
793,1641,771,0,3
794,1641,772,0,3
796,1611,774,0,3
796,1641,774,0,3
797,1611,819,3,0
807,1611,829,3,0
807,1641,829,3,0
809,1641,787,0,3
810,1641,788,0,3
840,1614,818,0,3
842,1614,820,0,3
844,1614,822,0,3
845,1614,867,3,0
849,1614,871,3,0
851,1614,873,3,0
862,1642,840,0,3
862,1645,840,0,3
864,1642,842,0,3
864,1645,842,0,3
865,1642,843,0,3
865,1645,843,0,3
866,1642,844,0,3
866,1645,844,0,3
871,1642,893,3,0
871,1645,893,3,0
884,1585,862,0,3
884,1632,862,0,3
886,1585,864,0,3
886,1632,864,0,3
888,1585,866,0,3
888,1632,866,0,3
889,1632,911,3,0
893,1585,915,3,0
893,1632,915,3,0
903,1616,881,0,3
903,1681,881,0,3
905,1616,927,3,0
905,1681,927,3,0
906,1597,884,0,3
906,1610,884,0,3
906,1616,884,0,3
906,1622,884,0,3
906,1681,884,0,3
907,1597,885,0,3
907,1610,885,0,3
907,1622,885,0,3
910,1597,888,0,3
910,1610,888,0,3
911,1610,933,3,0
914,1597,936,3,0
914,1610,936,3,0
915,1597,937,3,0
915,1610,937,3,0
915,1622,937,3,0
920,1616,898,0,3
920,1681,898,0,3
922,1616,944,3,0
922,1681,944,3,0
928,1619,906,0,3
928,1647,906,0,3
931,1619,909,0,3
931,1647,909,0,3
932,1619,910,0,3
932,1647,910,0,3
936,1619,958,3,0
936,1647,958,3,0
937,1619,959,3,0
937,1647,959,3,0
972,1605,950,0,3
972,1668,950,0,3
981,1668,1003,3,0
982,1668,1004,3,0
994,1657,972,0,3
1016,1599,994,0,3
1016,1601,994,0,3
1019,1599,997,0,3
1019,1601,997,0,3
1021,1601,999,0,3
1036,1638,1058,3,0
1037,1638,1059,3,0
1038,1609,1016,0,3
1038,1625,1016,0,3
1038,1626,1016,0,3
1038,1629,1016,0,3
1038,1638,1016,0,3
1041,1609,1019,0,3
1041,1625,1019,0,3
1041,1626,1019,0,3
1041,1629,1019,0,3
1048,1609,1070,3,0
1048,1625,1070,3,0
1048,1626,1070,3,0
1048,1629,1070,3,0
1049,1609,1027,0,3
1049,1625,1027,0,3
1049,1626,1027,0,3
1049,1629,1027,0,3
1049,1638,1027,0,3
1050,1638,1072,3,0
1056,1674,1078,2,0
1057,1674,1079,3,0
1058,1674,1080,3,0
1059,1674,1081,3,0
1060,1674,1038,0,3
1071,1674,1049,0,3
1072,1674,1094,3,0
1074,1674,1096,3,0
1075,1674,1053,0,3
1076,1674,1098,3,0
1080,1653,1102,3,0
1081,1653,1103,3,0
1083,1624,1061,0,3
1085,1624,1063,0,3
1091,1624,1113,3,0
1092,1624,1114,3,0
1093,1624,1071,0,3
1093,1653,1071,0,3
1094,1653,1116,3,0
1106,1677,1128,3,0
1107,1677,1085,0,3
1114,1677,1136,3,0
1115,1677,1093,0,3
1123,1602,1145,3,0
1123,1643,1145,3,0
1124,1602,1146,3,0
1124,1643,1146,3,0
1125,1602,1147,3,0
1125,1643,1147,3,0
1126,1602,1104,0,3
1126,1643,1104,0,3
1137,1602,1115,0,3
1137,1643,1115,0,3
1140,1602,1162,3,0
1140,1643,1162,3,0
1141,1602,1119,0,3
1141,1643,1119,0,3
1148,1615,1126,0,3
1148,1669,1126,0,3
1150,1615,1172,3,0
1150,1669,1172,3,0
1151,1615,1129,0,3
1151,1669,1129,0,3
1158,1615,1180,3,0
1158,1669,1180,3,0
1159,1615,1137,0,3
1159,1669,1137,0,3
1170,1591,1148,0,3
1170,1617,1148,0,3
1172,1591,1194,3,0
1172,1617,1194,3,0
1173,1591,1151,0,3
1173,1617,1151,0,3
1180,1591,1202,3,0
1180,1617,1202,3,0
1181,1591,1159,0,3
1181,1617,1159,0,3
1211,1659,1233,3,0
1212,1659,1234,3,0
1213,1659,1235,3,0
1214,1659,1192,0,3
1225,1659,1203,0,3
1228,1659,1250,3,0
1229,1659,1207,0,3
1230,1659,1252,3,0
1231,1659,1253,3,0
1255,1592,1277,3,0
1255,1600,1277,3,0
1255,1662,1277,3,0
1256,1592,1278,3,0
1256,1600,1278,3,0
1256,1662,1278,3,0
1258,1592,1236,0,3
1258,1600,1236,0,3
1258,1662,1236,0,3
1269,1592,1247,0,3
1269,1600,1247,0,3
1269,1662,1247,0,3
1272,1592,1294,3,0
1272,1600,1294,3,0
1272,1662,1294,3,0
1274,1600,1296,3,0
1275,1600,1297,3,0
1322,1623,1344,3,0
1323,1623,1301,0,3
1335,1623,1313,0,3
1342,1650,1320,0,2
1343,1650,1365,3,0
1344,1650,1366,3,0
1345,1650,1323,0,3
1357,1650,1335,0,3
1360,1650,1382,3,0
1362,1650,1384,3,0
1366,1636,1388,3,0
1367,1636,1389,3,0
1379,1636,1357,0,3
1382,1636,1404,3,0
1410,1664,1432,3,0
1410,1680,1432,3,0
1411,1664,1433,3,0
1411,1680,1433,3,0
1423,1664,1401,0,3
1423,1680,1401,0,3
1426,1680,1448,3,0
1428,1680,1450,3,0
1429,1680,1407,0,3
1432,1656,1454,3,0
1433,1656,1455,3,0
1445,1656,1423,0,3
1448,1656,1470,3,0
1454,1595,1476,3,0
1454,1618,1476,3,0
1454,1628,1476,3,0
1455,1595,1477,3,0
1455,1618,1477,3,0
1455,1628,1477,3,0
1467,1595,1445,0,3
1467,1618,1445,0,3
1467,1628,1445,0,3
1470,1595,1492,3,0
1470,1618,1492,3,0
1470,1628,1492,3,0
1471,1618,1493,3,0
1476,1588,1498,3,0
1477,1588,1499,3,0
1489,1588,1467,0,3
1492,1588,1514,3,0
1493,1588,1515,3,0
1520,1620,1542,3,0
1522,1620,1544,3,0
1533,1620,1511,0,3
1534,1620,1556,3,0
1535,1620,1557,3,0
1536,1620,1558,3,0
1541,1594,1563,3,0
1541,1612,1563,3,0
1541,1666,1563,3,0
1542,1594,1564,3,0
1542,1612,1564,3,0
1542,1666,1564,3,0
1544,1594,1566,3,0
1544,1612,1566,3,0
1544,1666,1566,3,0
1555,1594,1533,0,3
1555,1612,1533,0,3
1555,1666,1533,0,3
1557,1594,1579,3,0
1557,1612,1579,3,0
1557,1666,1579,3,0
1558,1594,1580,3,0
1558,1612,1580,3,0
1558,1666,1580,3,0
1559,1612,1581,3,0
1564,1590,2,3,3
1564,1607,2,3,3
1566,1590,4,3,3
1566,1607,4,3,3
1577,1590,1555,0,3
1577,1607,1555,0,3
1579,1590,17,3,3
1579,1607,17,3,3
