1,1683,23,2,0
15,1590,1577,3,3
15,1607,1577,3,3
15,1683,1577,3,3
18,1683,40,2,0
23,1624,45,3,0
23,1671,45,3,0
24,1624,2,0,2
24,1671,2,0,2
25,1624,47,3,0
25,1671,47,3,0
37,1624,15,0,2
37,1671,15,0,2
40,1624,62,3,0
40,1671,62,3,0
45,1619,67,3,0
46,1615,24,0,3
46,1619,24,0,3
47,1615,69,3,0
47,1619,69,3,0
59,1615,37,0,3
59,1619,37,0,3
61,1615,83,3,0
61,1619,83,3,0
63,1619,85,3,0
67,1586,89,3,0
67,1603,89,3,0
67,1609,89,3,0
67,1626,89,3,0
67,1629,89,3,0
67,1631,89,3,0
69,1586,91,3,0
69,1603,91,3,0
69,1609,91,3,0
69,1626,91,3,0
69,1629,91,3,0
69,1631,91,3,0
80,1596,102,3,0
81,1586,59,0,3
81,1596,59,0,3
81,1603,59,0,3
81,1609,59,0,3
81,1626,59,0,3
81,1629,59,0,3
81,1631,59,0,3
83,1586,105,3,0
83,1603,105,3,0
83,1609,105,3,0
83,1626,105,3,0
83,1629,105,3,0
83,1631,105,3,0
85,1603,107,3,0
85,1609,107,3,0
85,1626,107,3,0
85,1629,107,3,0
85,1631,107,3,0
89,1647,111,3,0
90,1647,112,3,0
91,1647,113,3,0
96,1667,74,0,3
102,1667,124,3,0
102,1676,124,3,0
103,1647,81,0,3
103,1667,81,0,3
103,1676,81,0,3
105,1647,127,3,0
107,1647,129,3,0
108,1647,130,3,0
111,1649,133,3,0
113,1649,135,3,0
118,1681,96,0,3
119,1681,141,3,0
124,1681,146,3,0
125,1649,103,0,3
125,1681,103,0,3
127,1649,149,3,0
132,1601,110,0,2
133,1601,155,3,0
134,1601,112,0,3
135,1601,157,3,0
147,1601,125,0,3
149,1601,171,3,0
151,1601,173,3,0
154,1610,132,0,2
155,1610,177,3,0
156,1610,134,0,3
157,1610,179,3,0
159,1587,181,3,0
159,1616,181,3,0
159,1646,181,3,0
162,1587,140,0,3
162,1616,140,0,3
163,1616,185,3,0
165,1587,143,0,3
165,1616,143,0,3
167,1587,189,3,0
167,1616,189,3,0
167,1646,189,3,0
169,1587,147,0,3
169,1610,147,0,3
169,1616,147,0,3
169,1646,147,0,3
171,1610,193,3,0
173,1610,195,3,0
181,1641,203,3,0
181,1674,203,3,0
184,1641,162,0,3
184,1674,162,0,3
187,1674,209,3,0
189,1641,211,3,0
189,1674,211,3,0
356,1678,378,3,0
466,1600,488,3,0
466,1650,488,3,0
466,1659,488,3,0
469,1600,491,3,0
469,1650,491,3,0
469,1659,491,3,0
470,1600,448,0,3
470,1650,448,0,3
470,1659,448,0,3
475,1600,497,3,0
475,1650,497,3,0
475,1659,497,3,0
595,1604,617,3,0
596,1604,618,3,0
597,1604,619,3,0
602,1656,580,0,3
604,1656,582,0,3
605,1656,583,0,3
606,1656,628,3,0
607,1656,629,3,0
610,1604,632,3,0
612,1604,590,0,3
620,1680,642,3,0
623,1680,645,3,0
624,1680,602,0,3
626,1680,604,0,3
627,1680,605,0,3
629,1680,651,3,0
642,1653,664,3,0
685,1640,707,3,0
685,1644,707,3,0
686,1640,708,3,0
686,1644,708,3,0
686,1662,708,3,0
688,1662,710,3,0
695,1662,717,3,0
697,1640,719,3,0
697,1644,719,3,0
697,1662,719,3,0
698,1640,720,3,0
698,1644,720,3,0
700,1644,678,0,3
727,1589,749,3,0
727,1654,749,3,0
727,1660,749,3,0
729,1589,751,3,0
729,1654,751,3,0
729,1660,751,3,0
729,1672,751,3,0
731,1608,709,0,3
742,1589,764,3,0
742,1654,764,3,0
742,1660,764,3,0
742,1672,764,3,0
744,1589,722,0,3
744,1654,722,0,3
744,1660,722,0,3
753,1636,731,0,3
754,1636,776,3,0
755,1636,733,0,3
762,1636,740,0,3
776,1663,798,3,0
784,1663,762,0,3
785,1663,807,3,0
820,1642,842,3,0
821,1642,799,0,3
822,1642,844,3,0
827,1642,849,3,0
828,1642,806,0,3
829,1642,851,3,0
841,1595,819,0,3
844,1595,866,3,0
850,1595,828,0,3
851,1595,873,3,0
866,1620,888,3,0
872,1620,850,0,3
873,1620,895,3,0
894,1664,872,0,3
895,1664,917,3,0
910,1632,932,3,0
911,1632,889,0,3
916,1585,894,0,3
916,1632,894,0,3
917,1585,939,3,0
917,1632,939,3,0
924,1613,946,2,0
925,1613,903,0,3
926,1613,948,3,0
927,1613,905,0,3
929,1594,907,0,3
929,1597,907,0,3
929,1673,907,0,3
939,1594,961,3,0
939,1597,961,3,0
939,1613,961,3,0
939,1673,961,3,0
941,1613,919,0,3
943,1613,921,0,3
949,1611,927,0,3
951,1661,929,0,3
954,1661,976,3,0
959,1661,937,0,3
961,1611,983,3,0
961,1657,983,3,0
961,1661,983,3,0
973,1630,951,0,3
976,1630,998,3,0
977,1630,955,0,3
979,1630,957,0,3
981,1630,959,0,3
995,1668,973,0,3
1003,1668,981,0,3
1047,1599,1025,0,3
1058,1634,1080,3,0
1058,1638,1080,3,0
1059,1634,1037,0,3
1059,1638,1037,0,3
1064,1670,1086,3,0
1064,1679,1086,3,0
1069,1639,1047,0,3
1069,1670,1047,0,3
1069,1679,1047,0,3
1074,1634,1096,3,0
1079,1682,1057,0,3
1080,1682,1058,0,3
1081,1682,1059,0,3
1085,1627,1107,3,0
1085,1635,1107,3,0
1085,1651,1107,3,0
1091,1627,1069,0,3
1091,1635,1069,0,3
1091,1651,1069,0,3
1096,1682,1118,3,0
1097,1682,1075,0,3
1098,1682,1076,0,3
1113,1665,1091,0,3
1113,1677,1091,0,3
1123,1643,1101,0,3
1124,1643,1102,0,3
1125,1643,1103,0,3
1138,1643,1116,0,3
1140,1643,1162,3,0
1141,1643,1119,0,3
1145,1602,1123,0,3
1146,1602,1124,0,3
1147,1602,1125,0,3
1148,1602,1126,0,3
1162,1602,1184,3,0
1163,1602,1141,0,3
1168,1598,1146,0,3
1169,1598,1147,0,3
1170,1598,1148,0,3
1170,1637,1148,0,3
1170,1669,1148,0,3
1192,1584,1170,0,3
1192,1591,1170,0,3
1192,1617,1170,0,3
1195,1584,1173,0,3
1195,1591,1173,0,3
1195,1617,1173,0,3
1201,1584,1179,0,3
1201,1591,1179,0,3
1201,1617,1179,0,3
1236,1652,1214,0,3
1277,1592,1255,0,3
1278,1592,1256,0,3
1279,1592,1257,0,3
1280,1592,1258,0,3
1292,1592,1270,0,3
1294,1592,1316,3,0
1299,1606,1277,0,3
1299,1633,1277,0,3
1300,1606,1278,0,3
1300,1633,1278,0,3
1301,1606,1279,0,3
1301,1633,1279,0,3
1302,1606,1280,0,3
1302,1633,1280,0,3
1314,1606,1292,0,3
1314,1633,1292,0,3
1318,1606,1296,0,3
1321,1655,1299,0,3
1322,1655,1300,0,3
1323,1655,1301,0,3
1324,1655,1302,0,3
1336,1655,1314,0,3
1338,1655,1360,3,0
1343,1623,1321,0,3
1343,1675,1321,0,3
1344,1623,1322,0,3
1344,1675,1322,0,3
1345,1623,1323,0,3
1345,1675,1323,0,3
1346,1623,1324,0,3
1346,1675,1324,0,3
1358,1623,1336,0,3
1358,1675,1336,0,3
1360,1623,1382,3,0
1360,1675,1382,3,0
1431,1622,1409,0,3
1433,1622,1411,0,3
1434,1622,1412,0,3
1446,1622,1424,0,3
1448,1622,1470,3,0
1453,1618,1431,0,3
1454,1618,1476,3,0
1455,1618,1433,0,3
1456,1618,1434,0,3
1467,1618,1445,0,3
1468,1618,1446,0,3
1470,1618,1492,3,0
1471,1618,1493,3,0
1477,1588,1455,0,3
1477,1628,1455,0,3
1477,1645,1455,0,3
1478,1588,1456,0,3
1478,1628,1456,0,3
1478,1645,1456,0,3
1489,1588,1467,0,3
1489,1628,1467,0,3
1489,1645,1467,0,3
1490,1588,1468,0,3
1490,1628,1468,0,3
1490,1645,1468,0,3
1492,1588,1514,3,0
1492,1628,1514,3,0
1492,1645,1514,3,0
1493,1588,1515,3,0
1493,1628,1515,3,0
1493,1645,1515,3,0
1558,1612,1580,3,0
1558,1614,1580,3,0
1577,1625,1555,0,3
1577,1666,1555,0,3
1579,1625,17,3,3
1579,1666,17,3,3
1580,1625,18,3,3
1580,1666,18,3,3
1581,1666,19,3,3
