3,1639,1565,3,3
3,1652,1565,3,3
4,1634,1566,3,3
4,1639,1566,3,3
4,1652,1566,3,3
5,1634,1567,3,3
13,1634,1575,3,3
16,1639,38,2,0
16,1652,38,2,0
23,1661,1,0,2
25,1615,3,0,2
25,1637,3,0,2
25,1661,3,0,2
26,1615,4,0,2
26,1637,4,0,2
26,1661,4,0,2
38,1615,60,3,0
38,1637,60,3,0
38,1661,60,3,0
41,1661,19,0,2
47,1665,25,0,3
47,1677,25,0,3
48,1596,26,0,3
48,1665,26,0,3
48,1677,26,0,3
49,1596,27,0,3
60,1665,82,3,0
60,1677,82,3,0
67,1586,45,0,3
67,1627,45,0,3
67,1635,45,0,3
67,1651,45,0,3
68,1586,46,0,3
68,1627,46,0,3
68,1635,46,0,3
68,1651,46,0,3
69,1586,47,0,3
69,1627,47,0,3
69,1635,47,0,3
69,1651,47,0,3
70,1586,48,0,3
70,1627,48,0,3
70,1635,48,0,3
70,1651,48,0,3
70,1660,48,0,3
71,1660,49,0,3
73,1660,51,0,3
74,1660,52,0,3
81,1586,59,0,3
81,1627,59,0,3
81,1635,59,0,3
81,1651,59,0,3
81,1660,59,0,3
82,1586,104,3,0
82,1627,104,3,0
82,1635,104,3,0
82,1651,104,3,0
89,1630,67,0,3
89,1670,67,0,3
89,1679,67,0,3
91,1630,69,0,3
91,1649,69,0,3
91,1670,69,0,3
91,1679,69,0,3
92,1613,70,0,3
92,1630,70,0,3
92,1649,70,0,3
92,1670,70,0,3
92,1679,70,0,3
96,1613,74,0,3
99,1613,77,0,3
140,1646,162,3,0
144,1646,166,3,0
147,1584,125,0,3
147,1646,125,0,3
149,1584,171,3,0
160,1644,138,0,3
160,1674,138,0,3
169,1644,147,0,3
169,1674,147,0,3
204,1654,182,0,3
213,1654,191,0,3
248,1682,226,0,3
254,1682,276,3,0
270,1658,248,0,3
279,1658,301,3,0
292,1640,270,0,3
301,1640,323,3,0
336,1672,314,0,3
345,1672,367,3,0
488,1618,510,3,0
496,1618,518,3,0
518,1606,540,3,0
575,1604,553,0,3
576,1604,554,0,3
587,1604,609,3,0
588,1604,566,0,3
620,1676,642,3,0
631,1676,653,3,0
632,1676,610,0,3
664,1655,686,3,0
667,1655,689,3,0
674,1655,652,0,3
675,1655,697,3,0
684,1621,662,0,3
686,1621,708,3,0
697,1621,719,3,0
698,1621,676,0,3
705,1667,727,3,0
707,1667,729,3,0
707,1678,729,3,0
708,1608,730,3,0
708,1667,730,3,0
708,1678,730,3,0
709,1608,731,3,0
710,1608,688,0,3
718,1608,696,0,3
719,1608,741,3,0
719,1667,741,3,0
719,1678,741,3,0
720,1667,698,0,3
720,1678,698,0,3
722,1667,700,0,3
726,1589,704,0,2
727,1589,749,3,0
728,1589,706,0,3
728,1593,706,0,3
728,1648,706,0,3
729,1589,751,3,0
729,1593,751,3,0
729,1648,751,3,0
730,1589,752,3,0
730,1593,752,3,0
730,1648,752,3,0
742,1589,720,0,3
742,1593,720,0,3
742,1648,720,0,3
743,1589,721,0,3
743,1593,721,0,3
743,1648,721,0,3
745,1589,767,3,0
752,1598,774,3,0
753,1598,775,3,0
755,1598,777,3,0
761,1598,783,3,0
774,1633,796,3,0
775,1633,797,3,0
776,1633,798,3,0
777,1633,799,3,0
783,1633,805,3,0
793,1641,815,3,0
795,1641,817,3,0
796,1641,818,3,0
808,1641,786,0,3
840,1614,862,3,0
841,1614,863,3,0
843,1614,865,3,0
845,1614,867,3,0
847,1614,869,3,0
848,1614,826,0,3
862,1588,884,3,0
862,1628,884,3,0
862,1645,884,3,0
863,1588,885,3,0
863,1628,885,3,0
863,1645,885,3,0
865,1588,887,3,0
865,1628,887,3,0
865,1645,887,3,0
866,1588,888,3,0
866,1628,888,3,0
866,1645,888,3,0
873,1588,895,3,0
873,1628,895,3,0
873,1645,895,3,0
884,1585,906,3,0
884,1632,906,3,0
888,1585,910,3,0
888,1632,910,3,0
889,1632,911,3,0
890,1632,868,0,3
891,1632,913,3,0
903,1616,925,3,0
903,1681,925,3,0
910,1610,932,3,0
912,1610,890,0,3
913,1610,935,3,0
914,1610,892,0,3
919,1616,897,0,3
919,1681,897,0,3
923,1616,945,3,0
923,1681,945,3,0
932,1619,910,0,3
932,1647,910,0,3
934,1647,912,0,3
936,1619,914,0,3
936,1647,914,0,3
939,1611,961,3,0
939,1619,961,3,0
939,1647,961,3,0
974,1668,996,3,0
1018,1599,1040,3,0
1018,1601,1040,3,0
1018,1683,1040,3,0
1023,1601,1045,3,0
1024,1599,1002,0,3
1024,1601,1002,0,3
1024,1683,1002,0,3
1037,1638,1059,3,0
1040,1603,1062,3,0
1040,1609,1062,3,0
1040,1625,1062,3,0
1040,1626,1062,3,0
1040,1629,1062,3,0
1040,1631,1062,3,0
1046,1603,1024,0,3
1046,1609,1024,0,3
1046,1626,1024,0,3
1046,1629,1024,0,3
1046,1631,1024,0,3
1062,1624,1084,3,0
1068,1624,1046,0,3
1071,1624,1049,0,3
1081,1653,1103,3,0
1084,1671,1106,3,0
1093,1653,1071,0,3
1093,1671,1071,0,3
1123,1587,1145,3,0
1123,1602,1145,3,0
1123,1643,1145,3,0
1124,1587,1146,3,0
1124,1602,1146,3,0
1124,1643,1146,3,0
1125,1587,1147,3,0
1125,1602,1147,3,0
1125,1643,1147,3,0
1137,1587,1115,0,3
1137,1602,1115,0,3
1137,1643,1115,0,3
1141,1587,1119,0,3
1141,1602,1119,0,3
1141,1643,1119,0,3
1150,1669,1172,3,0
1159,1669,1137,0,3
1172,1591,1194,3,0
1172,1617,1194,3,0
1210,1659,1232,2,0
1211,1659,1233,3,0
1212,1659,1234,3,0
1212,1663,1234,3,0
1213,1659,1235,3,0
1213,1663,1235,3,0
1214,1659,1192,0,3
1214,1663,1192,0,3
1226,1659,1248,3,0
1226,1663,1248,3,0
1229,1659,1207,0,3
1254,1600,1276,2,0
1255,1592,1277,3,0
1255,1600,1277,3,0
1255,1662,1277,3,0
1256,1592,1278,3,0
1256,1600,1278,3,0
1256,1662,1278,3,0
1257,1592,1279,3,0
1257,1600,1279,3,0
1257,1662,1279,3,0
1258,1592,1236,0,3
1258,1600,1236,0,3
1258,1662,1236,0,3
1269,1592,1291,3,0
1269,1600,1291,3,0
1269,1662,1291,3,0
1270,1592,1292,3,0
1270,1600,1292,3,0
1270,1662,1292,3,0
1273,1600,1251,0,3
1321,1675,1343,3,0
1323,1623,1345,3,0
1323,1675,1345,3,0
1336,1623,1358,3,0
1336,1675,1358,3,0
1342,1650,1364,2,0
1343,1650,1365,3,0
1345,1650,1367,3,0
1346,1650,1368,3,0
1357,1650,1335,0,3
1358,1650,1380,3,0
1365,1636,1387,3,0
1367,1636,1389,3,0
1368,1636,1390,3,0
1379,1636,1357,0,3
1380,1636,1402,3,0
1408,1680,1430,2,0
1409,1680,1431,3,0
1412,1664,1390,0,3
1412,1680,1390,0,3
1423,1664,1401,0,3
1423,1680,1401,0,3
1424,1664,1446,3,0
1424,1680,1446,3,0
1430,1656,1452,2,0
1431,1656,1453,3,0
1432,1656,1454,3,0
1434,1656,1412,0,3
1445,1656,1423,0,3
1446,1656,1468,3,0
1453,1595,1431,0,3
1454,1595,1476,3,0
1456,1595,1434,0,3
1467,1595,1445,0,3
1468,1595,1490,3,0
1518,1620,1540,2,0
1518,1642,1540,2,0
1519,1620,1497,0,3
1519,1642,1497,0,3
1520,1620,1542,3,0
1520,1642,1542,3,0
1521,1620,1499,0,3
1521,1642,1499,0,3
1522,1620,1500,0,3
1522,1642,1500,0,3
1534,1620,1556,3,0
1534,1642,1556,3,0
1535,1620,1557,3,0
1535,1642,1557,3,0
1537,1620,1515,0,3
1537,1642,1515,0,3
1540,1612,1562,2,0
1541,1594,1519,0,3
1541,1597,1519,0,3
1541,1612,1519,0,3
1541,1666,1519,0,3
1543,1594,1521,0,3
1543,1597,1521,0,3
1543,1612,1521,0,3
1543,1666,1521,0,3
1544,1594,1522,0,3
1544,1597,1522,0,3
1544,1612,1522,0,3
1544,1666,1522,0,3
1559,1612,1537,0,3
1565,1590,1543,0,3
1565,1607,1543,0,3
1566,1590,1544,0,3
1566,1607,1544,0,3
