1,1599,1563,3,3
1,1625,1563,3,3
2,1599,1564,3,3
2,1625,1564,3,3
2,1637,1564,3,3
15,1599,1577,3,3
15,1625,1577,3,3
15,1637,1577,3,3
16,1599,38,2,0
16,1625,38,2,0
16,1637,38,2,0
24,1607,2,0,2
24,1669,2,0,2
24,1677,2,0,2
26,1607,48,3,0
26,1669,48,3,0
26,1677,48,3,0
37,1607,15,0,2
37,1669,15,0,2
37,1677,15,0,2
46,1624,24,0,3
46,1627,24,0,3
46,1671,24,0,3
49,1604,27,0,3
50,1604,28,0,3
51,1604,73,3,0
66,1619,88,2,0
66,1670,88,2,0
66,1679,88,2,0
67,1615,45,0,3
67,1619,45,0,3
67,1670,45,0,3
67,1679,45,0,3
68,1615,46,0,3
68,1619,46,0,3
68,1670,46,0,3
68,1679,46,0,3
70,1615,92,3,0
70,1619,92,3,0
70,1670,92,3,0
70,1679,92,3,0
81,1615,59,0,3
81,1619,59,0,3
81,1670,59,0,3
81,1679,59,0,3
84,1619,106,3,0
84,1670,106,3,0
84,1679,106,3,0
85,1619,107,3,0
87,1619,109,3,0
88,1609,110,2,0
88,1629,110,2,0
89,1609,67,0,3
89,1629,67,0,3
92,1589,114,3,0
92,1609,114,3,0
92,1629,114,3,0
93,1589,71,0,3
94,1589,72,0,3
95,1589,117,3,0
96,1589,74,0,3
100,1589,122,3,0
106,1609,128,3,0
106,1629,128,3,0
111,1632,89,0,3
111,1647,89,0,3
113,1632,91,0,3
113,1647,91,0,3
114,1632,136,3,0
114,1647,136,3,0
114,1667,136,3,0
115,1667,93,0,3
116,1667,94,0,3
117,1667,139,3,0
122,1667,144,3,0
124,1667,146,3,0
127,1632,105,0,3
127,1647,105,0,3
128,1632,150,3,0
128,1647,150,3,0
131,1632,153,3,0
131,1647,153,3,0
135,1591,113,0,3
135,1610,113,0,3
136,1591,158,3,0
136,1610,158,3,0
136,1616,158,3,0
136,1644,158,3,0
136,1681,158,3,0
137,1616,115,0,3
137,1644,115,0,3
137,1681,115,0,3
138,1616,116,0,3
138,1644,116,0,3
138,1681,116,0,3
139,1616,161,3,0
139,1644,161,3,0
139,1681,161,3,0
140,1616,118,0,3
140,1681,118,0,3
141,1616,163,3,0
141,1681,163,3,0
142,1616,120,0,3
142,1681,120,0,3
144,1616,166,3,0
144,1644,166,3,0
144,1681,166,3,0
146,1616,168,3,0
146,1644,168,3,0
146,1681,168,3,0
148,1591,126,0,3
148,1610,126,0,3
149,1591,127,0,3
149,1610,127,0,3
150,1610,172,3,0
152,1610,174,3,0
153,1610,175,3,0
157,1601,135,0,3
158,1601,180,3,0
158,1602,180,3,0
161,1602,183,3,0
166,1602,188,3,0
168,1602,190,3,0
170,1601,148,0,3
171,1601,149,0,3
172,1601,194,3,0
175,1601,197,3,0
180,1643,202,3,0
182,1643,160,0,3
189,1643,167,0,3
190,1643,212,3,0
202,1641,224,3,0
202,1674,224,3,0
208,1674,186,0,3
211,1641,189,0,3
211,1674,189,0,3
212,1641,234,3,0
212,1674,234,3,0
213,1641,191,0,3
213,1674,191,0,3
246,1658,268,3,0
255,1658,233,0,3
256,1658,278,3,0
257,1658,235,0,3
312,1593,334,3,0
312,1648,334,3,0
321,1593,299,0,3
321,1648,299,0,3
322,1593,344,3,0
322,1648,344,3,0
323,1593,301,0,3
323,1648,301,0,3
441,1668,419,0,3
443,1668,421,0,3
444,1659,466,3,0
444,1668,466,3,0
445,1659,467,3,0
449,1659,471,3,0
452,1659,430,0,3
454,1659,476,3,0
455,1659,477,3,0
455,1668,477,3,0
456,1668,434,0,3
457,1668,479,3,0
458,1668,480,3,0
467,1618,489,3,0
474,1618,452,0,3
476,1618,498,3,0
489,1650,511,3,0
494,1650,472,0,3
496,1650,474,0,3
497,1650,475,0,3
498,1650,520,3,0
599,1680,621,3,0
603,1680,625,3,0
604,1680,582,0,3
606,1680,584,0,3
607,1680,585,0,3
617,1676,639,3,0
619,1676,597,0,3
621,1638,643,3,0
621,1656,643,3,0
626,1656,604,0,3
628,1656,606,0,3
629,1638,607,0,3
629,1656,607,0,3
632,1676,610,0,3
676,1621,654,0,3
685,1678,663,0,3
698,1678,676,0,3
709,1592,731,3,0
709,1662,731,3,0
709,1675,731,3,0
716,1592,694,0,3
716,1662,694,0,3
716,1675,694,0,3
717,1592,695,0,3
717,1662,695,0,3
717,1675,695,0,3
749,1654,771,3,0
750,1654,772,3,0
750,1672,772,3,0
753,1598,775,3,0
763,1598,785,3,0
763,1654,785,3,0
763,1672,785,3,0
764,1654,742,0,3
764,1672,742,0,3
765,1654,787,3,0
818,1612,796,0,3
818,1623,796,0,3
819,1612,841,3,0
819,1623,841,3,0
820,1612,842,3,0
820,1623,842,3,0
821,1612,799,0,3
829,1612,851,3,0
829,1623,851,3,0
841,1588,863,3,0
841,1642,863,3,0
842,1588,864,3,0
842,1642,864,3,0
843,1588,821,0,3
843,1642,821,0,3
862,1628,840,0,3
863,1628,885,3,0
864,1628,886,3,0
865,1628,843,0,3
873,1628,895,3,0
905,1611,927,3,0
906,1611,884,0,3
906,1664,884,0,3
907,1664,929,3,0
908,1664,930,3,0
916,1664,894,0,3
928,1661,906,0,3
929,1661,951,3,0
930,1661,952,3,0
931,1661,909,0,3
932,1661,954,3,0
936,1661,914,0,3
938,1661,916,0,3
949,1613,971,3,0
950,1594,928,0,3
950,1613,928,0,3
950,1630,928,0,3
950,1666,928,0,3
950,1673,928,0,3
953,1594,931,0,3
953,1630,931,0,3
953,1666,931,0,3
954,1630,976,3,0
958,1594,936,0,3
958,1630,936,0,3
958,1666,936,0,3
958,1673,936,0,3
960,1594,938,0,3
960,1630,938,0,3
960,1666,938,0,3
960,1673,938,0,3
962,1613,984,3,0
963,1613,985,3,0
964,1613,942,0,3
971,1608,993,3,0
972,1608,950,0,3
972,1657,950,0,3
994,1683,972,0,3
1003,1683,1025,3,0
1004,1683,982,0,3
1005,1683,1027,3,0
1016,1605,994,0,3
1038,1603,1016,0,3
1038,1626,1016,0,3
1038,1631,1016,0,3
1041,1603,1019,0,3
1041,1626,1019,0,3
1041,1631,1019,0,3
1046,1603,1068,3,0
1046,1626,1068,3,0
1046,1631,1068,3,0
1047,1603,1069,3,0
1047,1626,1069,3,0
1047,1631,1069,3,0
1048,1603,1026,0,3
1048,1626,1026,0,3
1048,1631,1026,0,3
1049,1603,1071,3,0
1049,1626,1071,3,0
1049,1631,1071,3,0
1059,1634,1081,3,0
1059,1653,1081,3,0
1060,1634,1038,0,3
1060,1653,1038,0,3
1071,1634,1093,3,0
1071,1653,1093,3,0
1074,1634,1052,0,3
1082,1639,1060,0,3
1091,1639,1113,3,0
1092,1639,1070,0,3
1093,1639,1115,3,0
1101,1596,1123,3,0
1101,1682,1123,3,0
1103,1596,1125,3,0
1103,1682,1125,3,0
1104,1586,1082,0,3
1104,1596,1082,0,3
1104,1635,1082,0,3
1104,1651,1082,0,3
1104,1682,1082,0,3
1107,1586,1085,0,3
1107,1635,1085,0,3
1107,1651,1085,0,3
1112,1586,1134,3,0
1112,1635,1134,3,0
1112,1651,1134,3,0
1113,1586,1135,3,0
1113,1635,1135,3,0
1113,1651,1135,3,0
1114,1586,1092,0,3
1114,1635,1092,0,3
1114,1651,1092,0,3
1115,1586,1137,3,0
1115,1596,1137,3,0
1115,1635,1137,3,0
1115,1651,1137,3,0
1115,1682,1137,3,0
1118,1596,1096,0,3
1118,1682,1096,0,3
1119,1682,1141,3,0
1121,1682,1143,3,0
1123,1587,1145,3,0
1125,1587,1147,3,0
1126,1587,1104,0,3
1126,1665,1104,0,3
1135,1665,1157,3,0
1136,1665,1114,0,3
1137,1587,1115,0,3
1137,1665,1115,0,3
1140,1587,1118,0,3
1148,1590,1126,0,3
1148,1649,1126,0,3
1149,1590,1127,0,3
1149,1649,1127,0,3
1156,1649,1178,3,0
1158,1590,1136,0,3
1158,1649,1136,0,3
1159,1590,1137,0,3
1159,1649,1137,0,3
1191,1663,1213,3,0
1192,1663,1170,0,3
1203,1663,1181,0,3
1204,1663,1226,3,0
1214,1584,1192,0,3
1214,1617,1192,0,3
1215,1584,1193,0,3
1215,1617,1193,0,3
1224,1584,1202,0,3
1224,1617,1202,0,3
1225,1584,1203,0,3
1225,1617,1203,0,3
1233,1600,1255,3,0
1235,1600,1257,3,0
1236,1600,1214,0,3
1247,1600,1225,0,3
1248,1600,1270,3,0
1249,1600,1227,0,3
1250,1600,1228,0,3
1251,1600,1273,3,0
1253,1600,1275,3,0
1321,1606,1343,3,0
1321,1633,1343,3,0
1323,1606,1345,3,0
1323,1633,1345,3,0
1336,1606,1358,3,0
1336,1633,1358,3,0
1337,1606,1315,0,3
1337,1633,1315,0,3
1338,1606,1316,0,3
1339,1606,1361,3,0
1341,1606,1363,3,0
1343,1636,1365,3,0
1343,1655,1365,3,0
1345,1636,1367,3,0
1345,1655,1367,3,0
1358,1636,1380,3,0
1358,1655,1380,3,0
1360,1636,1338,0,3
1360,1655,1338,0,3
1361,1655,1383,3,0
1363,1655,1385,3,0
1431,1595,1409,0,3
1446,1595,1468,3,0
1448,1595,1426,0,3
1453,1585,1431,0,3
1453,1622,1431,0,3
1468,1585,1490,3,0
1468,1622,1490,3,0
1520,1597,1498,0,3
1533,1597,1511,0,3
1534,1597,1556,3,0
1535,1597,1513,0,3
1536,1597,1514,0,3
1563,1614,1541,0,3
1564,1614,1542,0,3
1564,1652,1542,0,3
1577,1614,1555,0,3
1577,1652,1555,0,3
1578,1614,16,3,3
1578,1652,16,3,3
1579,1614,1557,0,3
1581,1614,19,3,3
1583,1614,21,3,3
