2,1639,1564,3,3
2,1652,1564,3,3
3,1612,25,2,0
3,1623,25,2,0
3,1633,1565,3,3
3,1634,1565,3,3
3,1639,1565,3,3
3,1652,1565,3,3
12,1634,1574,3,3
13,1634,1575,3,3
14,1634,36,2,0
14,1639,36,2,0
14,1641,1576,3,3
14,1652,36,2,0
15,1639,37,2,0
15,1652,37,2,0
17,1639,39,2,0
22,1599,0,0,1
22,1619,0,0,1
22,1661,0,0,1
23,1599,1,0,2
23,1619,1,0,2
23,1637,1,0,2
23,1661,1,0,2
23,1669,1,0,2
25,1599,3,0,2
25,1619,3,0,2
25,1637,3,0,2
25,1661,3,0,2
25,1669,3,0,2
26,1584,25,1,2
26,1585,25,1,2
26,1587,25,1,2
26,1594,25,1,2
26,1595,25,1,2
26,1596,25,1,2
26,1597,25,1,2
26,1599,25,1,2
26,1600,25,1,2
26,1605,25,1,2
26,1606,25,1,2
26,1608,25,1,2
26,1611,25,1,2
26,1613,25,1,2
26,1614,25,1,2
26,1617,25,1,2
26,1619,25,1,2
26,1620,25,1,2
26,1621,25,1,2
26,1627,25,1,2
26,1632,25,1,2
26,1635,25,1,2
26,1636,25,1,2
26,1637,25,1,2
26,1639,25,1,2
26,1640,25,1,2
26,1641,25,1,2
26,1647,25,1,2
26,1648,25,1,2
26,1649,25,1,2
26,1650,25,1,2
26,1651,25,1,2
26,1652,25,1,2
26,1653,25,1,2
26,1657,25,1,2
26,1658,25,1,2
26,1660,25,1,2
26,1661,25,1,2
26,1662,25,1,2
26,1663,25,1,2
26,1664,25,1,2
26,1665,25,1,2
26,1667,25,1,2
26,1668,25,1,2
26,1669,25,1,2
26,1670,25,1,2
26,1674,25,1,2
26,1675,25,1,2
26,1676,25,1,2
26,1677,25,1,2
26,1678,25,1,2
26,1679,25,1,2
26,1681,25,1,2
26,1682,25,1,2
36,1599,58,3,0
36,1619,58,3,0
36,1637,58,3,0
36,1661,58,3,0
36,1669,58,3,0
37,1586,36,1,2
37,1588,36,1,2
37,1589,36,1,2
37,1590,36,1,2
37,1591,36,1,2
37,1592,36,1,2
37,1593,36,1,2
37,1598,36,1,2
37,1599,59,3,0
37,1601,36,1,2
37,1602,36,1,2
37,1603,36,1,2
37,1604,36,1,2
37,1607,36,1,2
37,1609,36,1,2
37,1610,36,1,2
37,1615,36,1,2
37,1616,36,1,2
37,1618,36,1,2
37,1619,59,3,0
37,1622,36,1,2
37,1624,36,1,2
37,1625,36,1,2
37,1626,36,1,2
37,1628,36,1,2
37,1629,36,1,2
37,1630,36,1,2
37,1631,36,1,2
37,1633,36,1,2
37,1634,36,1,2
37,1637,59,3,0
37,1638,36,1,2
37,1642,36,1,2
37,1643,36,1,2
37,1644,36,1,2
37,1645,36,1,2
37,1646,36,1,2
37,1654,36,1,2
37,1655,36,1,2
37,1656,36,1,2
37,1659,36,1,2
37,1661,59,3,0
37,1666,36,1,2
37,1669,59,3,0
37,1671,36,1,2
37,1672,36,1,2
37,1673,36,1,2
37,1680,36,1,2
37,1683,36,1,2
39,1599,61,3,0
39,1619,61,3,0
39,1661,61,3,0
47,1612,25,0,3
47,1623,25,0,3
47,1628,69,3,0
47,1645,69,3,0
58,1627,80,3,0
58,1651,80,3,0
58,1665,80,3,0
58,1677,80,3,0
59,1627,81,3,0
59,1651,81,3,0
59,1665,81,3,0
59,1677,81,3,0
61,1627,83,3,0
61,1651,83,3,0
61,1665,83,3,0
61,1677,83,3,0
69,1604,91,3,0
70,1584,69,1,2
70,1585,69,1,2
70,1587,69,1,2
70,1594,69,1,2
70,1595,69,1,2
70,1596,69,1,2
70,1597,69,1,2
70,1599,69,1,2
70,1600,69,1,2
70,1605,69,1,2
70,1606,69,1,2
70,1608,69,1,2
70,1611,69,1,2
70,1613,69,1,2
70,1614,69,1,2
70,1617,69,1,2
70,1619,69,1,2
70,1620,69,1,2
70,1621,69,1,2
70,1627,69,1,2
70,1632,69,1,2
70,1635,69,1,2
70,1636,69,1,2
70,1637,69,1,2
70,1639,69,1,2
70,1640,69,1,2
70,1641,69,1,2
70,1647,69,1,2
70,1648,69,1,2
70,1649,69,1,2
70,1650,69,1,2
70,1651,69,1,2
70,1652,69,1,2
70,1653,69,1,2
70,1657,69,1,2
70,1658,69,1,2
70,1660,69,1,2
70,1661,69,1,2
70,1662,69,1,2
70,1663,69,1,2
70,1664,69,1,2
70,1665,69,1,2
70,1667,69,1,2
70,1668,69,1,2
70,1669,69,1,2
70,1670,69,1,2
70,1674,69,1,2
70,1675,69,1,2
70,1676,69,1,2
70,1677,69,1,2
70,1678,69,1,2
70,1679,69,1,2
70,1681,69,1,2
70,1682,69,1,2
71,1604,49,0,3
79,1604,57,0,3
80,1604,102,3,0
80,1635,102,3,0
81,1586,80,1,2
81,1588,80,1,2
81,1589,80,1,2
81,1590,80,1,2
81,1591,80,1,2
81,1592,80,1,2
81,1593,80,1,2
81,1598,80,1,2
81,1601,80,1,2
81,1602,80,1,2
81,1603,80,1,2
81,1604,80,1,2
81,1607,80,1,2
81,1609,80,1,2
81,1610,80,1,2
81,1612,80,1,2
81,1615,80,1,2
81,1616,80,1,2
81,1618,80,1,2
81,1622,80,1,2
81,1623,80,1,2
81,1624,80,1,2
81,1625,80,1,2
81,1626,80,1,2
81,1629,80,1,2
81,1630,80,1,2
81,1631,80,1,2
81,1633,80,1,2
81,1634,80,1,2
81,1635,103,3,0
81,1638,80,1,2
81,1642,80,1,2
81,1643,80,1,2
81,1644,80,1,2
81,1646,80,1,2
81,1654,80,1,2
81,1655,80,1,2
81,1656,80,1,2
81,1659,80,1,2
81,1666,80,1,2
81,1671,80,1,2
81,1672,80,1,2
81,1673,80,1,2
81,1680,80,1,2
81,1683,80,1,2
83,1635,105,3,0
88,1670,66,0,2
88,1679,66,0,2
89,1649,67,0,3
89,1670,67,0,3
89,1679,67,0,3
91,1610,113,3,0
91,1628,69,0,3
91,1645,69,0,3
91,1649,113,3,0
91,1670,113,3,0
91,1673,113,3,0
91,1679,113,3,0
102,1649,124,3,0
102,1670,124,3,0
102,1679,124,3,0
102,1681,124,3,0
105,1649,127,3,0
105,1670,127,3,0
105,1679,127,3,0
106,1670,84,0,3
106,1679,84,0,3
111,1632,89,0,3
111,1647,89,0,3
113,1589,135,3,0
113,1632,135,3,0
113,1647,135,3,0
114,1584,113,1,2
114,1585,113,1,2
114,1587,113,1,2
114,1589,136,3,0
114,1594,113,1,2
114,1595,113,1,2
114,1596,113,1,2
114,1597,113,1,2
114,1599,113,1,2
114,1600,113,1,2
114,1605,113,1,2
114,1606,113,1,2
114,1608,113,1,2
114,1611,113,1,2
114,1613,113,1,2
114,1614,113,1,2
114,1617,113,1,2
114,1619,113,1,2
114,1620,113,1,2
114,1621,113,1,2
114,1627,113,1,2
114,1632,113,1,2
114,1635,113,1,2
114,1636,113,1,2
114,1637,113,1,2
114,1639,113,1,2
114,1640,113,1,2
114,1641,113,1,2
114,1647,113,1,2
114,1648,113,1,2
114,1649,113,1,2
114,1650,113,1,2
114,1651,113,1,2
114,1652,113,1,2
114,1653,113,1,2
114,1657,113,1,2
114,1658,113,1,2
114,1660,113,1,2
114,1661,113,1,2
114,1662,113,1,2
114,1663,113,1,2
114,1664,113,1,2
114,1665,113,1,2
114,1667,113,1,2
114,1668,113,1,2
114,1669,113,1,2
114,1670,113,1,2
114,1674,113,1,2
114,1675,113,1,2
114,1676,113,1,2
114,1677,113,1,2
114,1678,113,1,2
114,1679,113,1,2
114,1682,113,1,2
116,1589,138,3,0
121,1589,99,0,3
124,1589,146,3,0
124,1632,146,3,0
124,1647,146,3,0
125,1586,124,1,2
125,1588,124,1,2
125,1589,124,1,2
125,1590,124,1,2
125,1591,124,1,2
125,1592,124,1,2
125,1593,124,1,2
125,1598,124,1,2
125,1601,124,1,2
125,1602,124,1,2
125,1603,124,1,2
125,1604,124,1,2
125,1607,124,1,2
125,1609,124,1,2
125,1612,124,1,2
125,1615,124,1,2
125,1616,124,1,2
125,1618,124,1,2
125,1622,124,1,2
125,1623,124,1,2
125,1624,124,1,2
125,1625,124,1,2
125,1626,124,1,2
125,1628,124,1,2
125,1629,124,1,2
125,1630,124,1,2
125,1631,124,1,2
125,1633,124,1,2
125,1634,124,1,2
125,1638,124,1,2
125,1642,124,1,2
125,1643,124,1,2
125,1644,124,1,2
125,1645,124,1,2
125,1646,124,1,2
125,1654,124,1,2
125,1655,124,1,2
125,1656,124,1,2
125,1659,124,1,2
125,1666,124,1,2
125,1671,124,1,2
125,1672,124,1,2
125,1680,124,1,2
125,1683,124,1,2
127,1632,149,3,0
127,1647,149,3,0
128,1632,106,0,3
128,1647,106,0,3
129,1632,151,3,0
129,1647,151,3,0
133,1584,111,0,3
133,1617,111,0,3
134,1584,156,3,0
134,1617,156,3,0
135,1584,157,3,0
135,1610,113,0,3
135,1616,157,3,0
135,1617,157,3,0
135,1630,157,3,0
135,1646,157,3,0
135,1666,157,3,0
135,1673,113,0,3
136,1616,158,3,0
136,1646,158,3,0
137,1616,115,0,3
137,1646,115,0,3
142,1616,120,0,3
143,1616,121,0,3
145,1616,123,0,3
145,1646,123,0,3
146,1584,168,3,0
146,1613,168,3,0
146,1616,168,3,0
146,1617,168,3,0
146,1646,168,3,0
146,1681,124,0,3
157,1644,179,3,0
158,1584,157,1,2
158,1585,157,1,2
158,1587,157,1,2
158,1594,157,1,2
158,1595,157,1,2
158,1596,157,1,2
158,1597,157,1,2
158,1599,157,1,2
158,1600,157,1,2
158,1605,157,1,2
158,1606,157,1,2
158,1608,157,1,2
158,1611,157,1,2
158,1614,157,1,2
158,1617,157,1,2
158,1619,157,1,2
158,1620,157,1,2
158,1621,157,1,2
158,1627,157,1,2
158,1632,157,1,2
158,1635,157,1,2
158,1636,157,1,2
158,1637,157,1,2
158,1639,157,1,2
158,1640,157,1,2
158,1641,157,1,2
158,1644,180,3,0
158,1647,157,1,2
158,1648,157,1,2
158,1649,157,1,2
158,1650,157,1,2
158,1651,157,1,2
158,1652,157,1,2
158,1653,157,1,2
158,1657,157,1,2
158,1658,157,1,2
158,1660,157,1,2
158,1661,157,1,2
158,1662,157,1,2
158,1663,157,1,2
158,1664,157,1,2
158,1665,157,1,2
158,1667,157,1,2
158,1668,157,1,2
158,1669,157,1,2
158,1670,157,1,2
158,1674,157,1,2
158,1675,157,1,2
158,1676,157,1,2
158,1677,157,1,2
158,1678,157,1,2
158,1679,157,1,2
158,1681,157,1,2
158,1682,157,1,2
167,1644,145,0,3
168,1644,190,3,0
169,1586,168,1,2
169,1588,168,1,2
169,1589,168,1,2
169,1590,168,1,2
169,1591,168,1,2
169,1592,168,1,2
169,1593,168,1,2
169,1598,168,1,2
169,1601,168,1,2
169,1602,168,1,2
169,1603,168,1,2
169,1604,168,1,2
169,1607,168,1,2
169,1609,168,1,2
169,1610,168,1,2
169,1612,168,1,2
169,1615,168,1,2
169,1616,168,1,2
169,1618,168,1,2
169,1622,168,1,2
169,1623,168,1,2
169,1624,168,1,2
169,1625,168,1,2
169,1626,168,1,2
169,1628,168,1,2
169,1629,168,1,2
169,1631,168,1,2
169,1633,168,1,2
169,1634,168,1,2
169,1638,168,1,2
169,1642,168,1,2
169,1643,168,1,2
169,1644,168,1,2
169,1645,168,1,2
169,1646,168,1,2
169,1654,168,1,2
169,1655,168,1,2
169,1656,168,1,2
169,1659,168,1,2
169,1671,168,1,2
169,1672,168,1,2
169,1673,168,1,2
169,1680,168,1,2
169,1683,168,1,2
179,1602,201,3,0
179,1630,157,0,3
179,1643,201,3,0
179,1666,157,0,3
179,1683,201,3,0
180,1602,202,3,0
180,1643,202,3,0
187,1602,165,0,3
187,1643,165,0,3
189,1602,167,0,3
189,1643,167,0,3
190,1602,212,3,0
190,1608,212,3,0
190,1613,168,0,3
190,1643,212,3,0
201,1654,223,3,0
202,1584,201,1,2
202,1585,201,1,2
202,1587,201,1,2
202,1594,201,1,2
202,1595,201,1,2
202,1596,201,1,2
202,1597,201,1,2
202,1599,201,1,2
202,1600,201,1,2
202,1605,201,1,2
202,1606,201,1,2
202,1611,201,1,2
202,1613,201,1,2
202,1614,201,1,2
202,1617,201,1,2
202,1619,201,1,2
202,1620,201,1,2
202,1621,201,1,2
202,1627,201,1,2
202,1632,201,1,2
202,1635,201,1,2
202,1636,201,1,2
202,1637,201,1,2
202,1639,201,1,2
202,1640,201,1,2
202,1641,201,1,2
202,1647,201,1,2
202,1648,201,1,2
202,1649,201,1,2
202,1650,201,1,2
202,1651,201,1,2
202,1652,201,1,2
202,1653,201,1,2
202,1654,224,3,0
202,1658,201,1,2
202,1660,201,1,2
202,1661,201,1,2
202,1662,201,1,2
202,1663,201,1,2
202,1664,201,1,2
202,1665,201,1,2
202,1667,201,1,2
202,1668,201,1,2
202,1669,201,1,2
202,1670,201,1,2
202,1674,201,1,2
202,1675,201,1,2
202,1676,201,1,2
202,1677,201,1,2
202,1678,201,1,2
202,1679,201,1,2
202,1681,201,1,2
202,1682,201,1,2
213,1586,212,1,2
213,1588,212,1,2
213,1589,212,1,2
213,1590,212,1,2
213,1591,212,1,2
213,1592,212,1,2
213,1593,212,1,2
213,1598,212,1,2
213,1601,212,1,2
213,1602,212,1,2
213,1603,212,1,2
213,1604,212,1,2
213,1607,212,1,2
213,1609,212,1,2
213,1610,212,1,2
213,1612,212,1,2
213,1615,212,1,2
213,1616,212,1,2
213,1618,212,1,2
213,1622,212,1,2
213,1623,212,1,2
213,1624,212,1,2
213,1625,212,1,2
213,1626,212,1,2
213,1628,212,1,2
213,1629,212,1,2
213,1630,212,1,2
213,1631,212,1,2
213,1633,212,1,2
213,1634,212,1,2
213,1638,212,1,2
213,1642,212,1,2
213,1643,212,1,2
213,1644,212,1,2
213,1645,212,1,2
213,1646,212,1,2
213,1654,212,1,2
213,1655,212,1,2
213,1656,212,1,2
213,1659,212,1,2
213,1666,212,1,2
213,1671,212,1,2
213,1672,212,1,2
213,1673,212,1,2
213,1680,212,1,2
223,1603,245,3,0
223,1609,245,3,0
223,1626,245,3,0
223,1629,245,3,0
223,1631,245,3,0
223,1683,201,0,3
234,1608,212,0,3
234,1657,212,0,3
246,1584,245,1,2
246,1585,245,1,2
246,1587,245,1,2
246,1594,245,1,2
246,1595,245,1,2
246,1596,245,1,2
246,1597,245,1,2
246,1599,245,1,2
246,1600,245,1,2
246,1606,245,1,2
246,1608,245,1,2
246,1611,245,1,2
246,1613,245,1,2
246,1614,245,1,2
246,1617,245,1,2
246,1619,245,1,2
246,1620,245,1,2
246,1621,245,1,2
246,1627,245,1,2
246,1632,245,1,2
246,1635,245,1,2
246,1636,245,1,2
246,1637,245,1,2
246,1639,245,1,2
246,1640,245,1,2
246,1641,245,1,2
246,1647,245,1,2
246,1648,245,1,2
246,1649,245,1,2
246,1650,245,1,2
246,1651,245,1,2
246,1652,245,1,2
246,1653,245,1,2
246,1657,245,1,2
246,1658,245,1,2
246,1660,245,1,2
246,1661,245,1,2
246,1662,245,1,2
246,1663,245,1,2
246,1664,245,1,2
246,1665,245,1,2
246,1667,245,1,2
246,1668,245,1,2
246,1669,245,1,2
246,1670,245,1,2
246,1674,245,1,2
246,1675,245,1,2
246,1676,245,1,2
246,1677,245,1,2
246,1678,245,1,2
246,1679,245,1,2
246,1681,245,1,2
246,1682,245,1,2
257,1586,256,1,2
257,1588,256,1,2
257,1589,256,1,2
257,1590,256,1,2
257,1591,256,1,2
257,1592,256,1,2
257,1593,256,1,2
257,1598,256,1,2
257,1601,256,1,2
257,1602,256,1,2
257,1604,256,1,2
257,1607,256,1,2
257,1610,256,1,2
257,1612,256,1,2
257,1615,256,1,2
257,1616,256,1,2
257,1618,256,1,2
257,1622,256,1,2
257,1623,256,1,2
257,1624,256,1,2
257,1625,256,1,2
257,1628,256,1,2
257,1630,256,1,2
257,1633,256,1,2
257,1634,256,1,2
257,1638,256,1,2
257,1642,256,1,2
257,1643,256,1,2
257,1644,256,1,2
257,1645,256,1,2
257,1646,256,1,2
257,1654,256,1,2
257,1655,256,1,2
257,1656,256,1,2
257,1659,256,1,2
257,1666,256,1,2
257,1671,256,1,2
257,1672,256,1,2
257,1673,256,1,2
257,1680,256,1,2
257,1683,256,1,2
267,1603,245,0,3
267,1609,245,0,3
267,1626,245,0,3
267,1629,245,0,3
267,1631,245,0,3
267,1671,289,3,0
278,1605,256,0,3
278,1653,300,3,0
290,1584,289,1,2
290,1585,289,1,2
290,1587,289,1,2
290,1594,289,1,2
290,1595,289,1,2
290,1596,289,1,2
290,1597,289,1,2
290,1599,289,1,2
290,1600,289,1,2
290,1605,289,1,2
290,1606,289,1,2
290,1608,289,1,2
290,1611,289,1,2
290,1613,289,1,2
290,1614,289,1,2
290,1617,289,1,2
290,1619,289,1,2
290,1620,289,1,2
290,1621,289,1,2
290,1627,289,1,2
290,1632,289,1,2
290,1635,289,1,2
290,1636,289,1,2
290,1637,289,1,2
290,1639,289,1,2
290,1640,289,1,2
290,1641,289,1,2
290,1647,289,1,2
290,1648,289,1,2
290,1649,289,1,2
290,1650,289,1,2
290,1651,289,1,2
290,1652,289,1,2
290,1657,289,1,2
290,1658,289,1,2
290,1660,289,1,2
290,1661,289,1,2
290,1662,289,1,2
290,1663,289,1,2
290,1664,289,1,2
290,1665,289,1,2
290,1667,289,1,2
290,1668,289,1,2
290,1669,289,1,2
290,1670,289,1,2
290,1674,289,1,2
290,1675,289,1,2
290,1676,289,1,2
290,1677,289,1,2
290,1678,289,1,2
290,1679,289,1,2
290,1681,289,1,2
290,1682,289,1,2
301,1586,300,1,2
301,1588,300,1,2
301,1589,300,1,2
301,1590,300,1,2
301,1591,300,1,2
301,1592,300,1,2
301,1593,300,1,2
301,1598,300,1,2
301,1601,300,1,2
301,1602,300,1,2
301,1603,300,1,2
301,1604,300,1,2
301,1607,300,1,2
301,1609,300,1,2
301,1610,300,1,2
301,1612,300,1,2
301,1615,300,1,2
301,1616,300,1,2
301,1618,300,1,2
301,1622,300,1,2
301,1623,300,1,2
301,1624,300,1,2
301,1625,300,1,2
301,1626,300,1,2
301,1628,300,1,2
301,1629,300,1,2
301,1630,300,1,2
301,1631,300,1,2
301,1633,300,1,2
301,1634,300,1,2
301,1638,300,1,2
301,1642,300,1,2
301,1643,300,1,2
301,1644,300,1,2
301,1645,300,1,2
301,1646,300,1,2
301,1654,300,1,2
301,1655,300,1,2
301,1656,300,1,2
301,1659,300,1,2
301,1666,300,1,2
301,1672,300,1,2
301,1673,300,1,2
301,1680,300,1,2
301,1683,300,1,2
311,1671,289,0,3
312,1593,334,3,0
312,1672,334,3,0
313,1593,335,3,0
313,1672,335,3,0
322,1587,344,3,0
322,1596,344,3,0
322,1653,300,0,3
334,1584,333,1,2
334,1585,333,1,2
334,1594,333,1,2
334,1595,333,1,2
334,1597,333,1,2
334,1599,333,1,2
334,1600,333,1,2
334,1605,333,1,2
334,1606,333,1,2
334,1608,333,1,2
334,1611,333,1,2
334,1613,333,1,2
334,1614,333,1,2
334,1617,333,1,2
334,1619,333,1,2
334,1620,333,1,2
334,1621,333,1,2
334,1627,333,1,2
334,1632,333,1,2
334,1635,333,1,2
334,1636,333,1,2
334,1637,333,1,2
334,1639,333,1,2
334,1640,333,1,2
334,1641,333,1,2
334,1647,333,1,2
334,1648,333,1,2
334,1649,333,1,2
334,1650,333,1,2
334,1651,333,1,2
334,1652,333,1,2
334,1653,333,1,2
334,1657,333,1,2
334,1658,333,1,2
334,1660,333,1,2
334,1661,333,1,2
334,1662,333,1,2
334,1663,333,1,2
334,1664,333,1,2
334,1665,333,1,2
334,1667,333,1,2
334,1668,333,1,2
334,1669,333,1,2
334,1670,333,1,2
334,1674,333,1,2
334,1675,333,1,2
334,1676,333,1,2
334,1677,333,1,2
334,1678,333,1,2
334,1679,333,1,2
334,1681,333,1,2
334,1682,333,1,2
345,1586,344,1,2
345,1588,344,1,2
345,1589,344,1,2
345,1590,344,1,2
345,1591,344,1,2
345,1592,344,1,2
345,1593,344,1,2
345,1598,344,1,2
345,1601,344,1,2
345,1602,344,1,2
345,1603,344,1,2
345,1604,344,1,2
345,1607,344,1,2
345,1609,344,1,2
345,1610,344,1,2
345,1612,344,1,2
345,1615,344,1,2
345,1616,344,1,2
345,1618,344,1,2
345,1622,344,1,2
345,1623,344,1,2
345,1624,344,1,2
345,1625,344,1,2
345,1626,344,1,2
345,1628,344,1,2
345,1629,344,1,2
345,1630,344,1,2
345,1631,344,1,2
345,1633,344,1,2
345,1634,344,1,2
345,1638,344,1,2
345,1642,344,1,2
345,1643,344,1,2
345,1644,344,1,2
345,1645,344,1,2
345,1646,344,1,2
345,1654,344,1,2
345,1655,344,1,2
345,1656,344,1,2
345,1659,344,1,2
345,1666,344,1,2
345,1671,344,1,2
345,1672,344,1,2
345,1673,344,1,2
345,1680,344,1,2
345,1683,344,1,2
355,1591,377,3,0
366,1587,344,0,3
366,1596,344,0,3
378,1584,377,1,2
378,1585,377,1,2
378,1587,377,1,2
378,1594,377,1,2
378,1595,377,1,2
378,1596,377,1,2
378,1597,377,1,2
378,1599,377,1,2
378,1600,377,1,2
378,1605,377,1,2
378,1606,377,1,2
378,1608,377,1,2
378,1611,377,1,2
378,1613,377,1,2
378,1614,377,1,2
378,1617,377,1,2
378,1619,377,1,2
378,1620,377,1,2
378,1621,377,1,2
378,1627,377,1,2
378,1632,377,1,2
378,1635,377,1,2
378,1636,377,1,2
378,1637,377,1,2
378,1639,377,1,2
378,1640,377,1,2
378,1641,377,1,2
378,1647,377,1,2
378,1648,377,1,2
378,1649,377,1,2
378,1650,377,1,2
378,1651,377,1,2
378,1652,377,1,2
378,1653,377,1,2
378,1657,377,1,2
378,1658,377,1,2
378,1660,377,1,2
378,1661,377,1,2
378,1662,377,1,2
378,1663,377,1,2
378,1664,377,1,2
378,1665,377,1,2
378,1667,377,1,2
378,1668,377,1,2
378,1669,377,1,2
378,1670,377,1,2
378,1674,377,1,2
378,1675,377,1,2
378,1676,377,1,2
378,1677,377,1,2
378,1678,377,1,2
378,1679,377,1,2
378,1681,377,1,2
378,1682,377,1,2
389,1586,388,1,2
389,1588,388,1,2
389,1589,388,1,2
389,1590,388,1,2
389,1592,388,1,2
389,1593,388,1,2
389,1598,388,1,2
389,1601,388,1,2
389,1602,388,1,2
389,1603,388,1,2
389,1604,388,1,2
389,1607,388,1,2
389,1609,388,1,2
389,1610,388,1,2
389,1612,388,1,2
389,1615,388,1,2
389,1616,388,1,2
389,1618,388,1,2
389,1622,388,1,2
389,1623,388,1,2
389,1624,388,1,2
389,1625,388,1,2
389,1626,388,1,2
389,1628,388,1,2
389,1629,388,1,2
389,1630,388,1,2
389,1631,388,1,2
389,1633,388,1,2
389,1634,388,1,2
389,1638,388,1,2
389,1642,388,1,2
389,1643,388,1,2
389,1644,388,1,2
389,1645,388,1,2
389,1646,388,1,2
389,1654,388,1,2
389,1655,388,1,2
389,1656,388,1,2
389,1659,388,1,2
389,1666,388,1,2
389,1671,388,1,2
389,1672,388,1,2
389,1673,388,1,2
389,1680,388,1,2
389,1683,388,1,2
399,1591,377,0,3
410,1663,432,3,0
422,1584,421,1,2
422,1585,421,1,2
422,1587,421,1,2
422,1594,421,1,2
422,1595,421,1,2
422,1596,421,1,2
422,1597,421,1,2
422,1599,421,1,2
422,1600,421,1,2
422,1605,421,1,2
422,1606,421,1,2
422,1608,421,1,2
422,1611,421,1,2
422,1613,421,1,2
422,1614,421,1,2
422,1617,421,1,2
422,1619,421,1,2
422,1620,421,1,2
422,1621,421,1,2
422,1627,421,1,2
422,1632,421,1,2
422,1635,421,1,2
422,1636,421,1,2
422,1637,421,1,2
422,1639,421,1,2
422,1640,421,1,2
422,1641,421,1,2
422,1647,421,1,2
422,1648,421,1,2
422,1649,421,1,2
422,1650,421,1,2
422,1651,421,1,2
422,1652,421,1,2
422,1653,421,1,2
422,1657,421,1,2
422,1658,421,1,2
422,1660,421,1,2
422,1661,421,1,2
422,1662,421,1,2
422,1664,421,1,2
422,1665,421,1,2
422,1667,421,1,2
422,1668,421,1,2
422,1669,421,1,2
422,1670,421,1,2
422,1674,421,1,2
422,1675,421,1,2
422,1676,421,1,2
422,1677,421,1,2
422,1678,421,1,2
422,1679,421,1,2
422,1681,421,1,2
422,1682,421,1,2
433,1586,432,1,2
433,1588,432,1,2
433,1589,432,1,2
433,1590,432,1,2
433,1591,432,1,2
433,1592,432,1,2
433,1593,432,1,2
433,1598,432,1,2
433,1601,432,1,2
433,1602,432,1,2
433,1603,432,1,2
433,1604,432,1,2
433,1607,432,1,2
433,1609,432,1,2
433,1610,432,1,2
433,1612,432,1,2
433,1615,432,1,2
433,1616,432,1,2
433,1618,432,1,2
433,1622,432,1,2
433,1623,432,1,2
433,1624,432,1,2
433,1625,432,1,2
433,1626,432,1,2
433,1628,432,1,2
433,1629,432,1,2
433,1630,432,1,2
433,1631,432,1,2
433,1633,432,1,2
433,1634,432,1,2
433,1638,432,1,2
433,1642,432,1,2
433,1643,432,1,2
433,1644,432,1,2
433,1645,432,1,2
433,1646,432,1,2
433,1654,432,1,2
433,1655,432,1,2
433,1656,432,1,2
433,1659,432,1,2
433,1666,432,1,2
433,1671,432,1,2
433,1672,432,1,2
433,1673,432,1,2
433,1680,432,1,2
433,1683,432,1,2
443,1659,465,3,0
447,1659,469,3,0
448,1659,470,3,0
450,1659,428,0,3
451,1659,429,0,3
453,1659,431,0,3
454,1600,476,3,0
454,1662,476,3,0
454,1663,432,0,3
464,1668,486,3,0
465,1618,487,3,0
465,1668,487,3,0
466,1584,465,1,2
466,1585,465,1,2
466,1587,465,1,2
466,1594,465,1,2
466,1595,465,1,2
466,1596,465,1,2
466,1597,465,1,2
466,1599,465,1,2
466,1605,465,1,2
466,1606,465,1,2
466,1608,465,1,2
466,1611,465,1,2
466,1613,465,1,2
466,1614,465,1,2
466,1617,465,1,2
466,1619,465,1,2
466,1620,465,1,2
466,1621,465,1,2
466,1627,465,1,2
466,1632,465,1,2
466,1635,465,1,2
466,1636,465,1,2
466,1637,465,1,2
466,1639,465,1,2
466,1640,465,1,2
466,1641,465,1,2
466,1647,465,1,2
466,1648,465,1,2
466,1649,465,1,2
466,1650,465,1,2
466,1651,465,1,2
466,1652,465,1,2
466,1653,465,1,2
466,1657,465,1,2
466,1658,465,1,2
466,1660,465,1,2
466,1661,465,1,2
466,1663,465,1,2
466,1664,465,1,2
466,1665,465,1,2
466,1667,465,1,2
466,1668,465,1,2
466,1669,465,1,2
466,1670,465,1,2
466,1674,465,1,2
466,1675,465,1,2
466,1676,465,1,2
466,1677,465,1,2
466,1678,465,1,2
466,1679,465,1,2
466,1681,465,1,2
466,1682,465,1,2
473,1618,451,0,3
476,1668,498,3,0
477,1586,476,1,2
477,1588,476,1,2
477,1589,476,1,2
477,1590,476,1,2
477,1591,476,1,2
477,1592,476,1,2
477,1593,476,1,2
477,1598,476,1,2
477,1601,476,1,2
477,1602,476,1,2
477,1603,476,1,2
477,1604,476,1,2
477,1607,476,1,2
477,1609,476,1,2
477,1610,476,1,2
477,1612,476,1,2
477,1615,476,1,2
477,1616,476,1,2
477,1618,476,1,2
477,1622,476,1,2
477,1623,476,1,2
477,1624,476,1,2
477,1625,476,1,2
477,1626,476,1,2
477,1628,476,1,2
477,1629,476,1,2
477,1630,476,1,2
477,1631,476,1,2
477,1633,476,1,2
477,1634,476,1,2
477,1638,476,1,2
477,1642,476,1,2
477,1643,476,1,2
477,1644,476,1,2
477,1645,476,1,2
477,1646,476,1,2
477,1654,476,1,2
477,1655,476,1,2
477,1656,476,1,2
477,1659,476,1,2
477,1666,476,1,2
477,1668,455,0,3
477,1671,476,1,2
477,1672,476,1,2
477,1673,476,1,2
477,1680,476,1,2
477,1683,476,1,2
498,1600,476,0,3
498,1662,476,0,3
510,1584,509,1,2
510,1585,509,1,2
510,1587,509,1,2
510,1594,509,1,2
510,1595,509,1,2
510,1596,509,1,2
510,1597,509,1,2
510,1599,509,1,2
510,1600,509,1,2
510,1605,509,1,2
510,1606,509,1,2
510,1608,509,1,2
510,1611,509,1,2
510,1613,509,1,2
510,1614,509,1,2
510,1617,509,1,2
510,1619,509,1,2
510,1620,509,1,2
510,1621,509,1,2
510,1627,509,1,2
510,1632,509,1,2
510,1635,509,1,2
510,1636,509,1,2
510,1637,509,1,2
510,1639,509,1,2
510,1640,509,1,2
510,1641,509,1,2
510,1647,509,1,2
510,1648,509,1,2
510,1649,509,1,2
510,1650,509,1,2
510,1651,509,1,2
510,1652,509,1,2
510,1653,509,1,2
510,1657,509,1,2
510,1658,509,1,2
510,1660,509,1,2
510,1661,509,1,2
510,1662,509,1,2
510,1663,509,1,2
510,1664,509,1,2
510,1665,509,1,2
510,1667,509,1,2
510,1668,509,1,2
510,1669,509,1,2
510,1670,509,1,2
510,1674,509,1,2
510,1675,509,1,2
510,1676,509,1,2
510,1677,509,1,2
510,1678,509,1,2
510,1679,509,1,2
510,1681,509,1,2
510,1682,509,1,2
521,1586,520,1,2
521,1588,520,1,2
521,1589,520,1,2
521,1590,520,1,2
521,1591,520,1,2
521,1592,520,1,2
521,1593,520,1,2
521,1598,520,1,2
521,1601,520,1,2
521,1602,520,1,2
521,1603,520,1,2
521,1604,520,1,2
521,1607,520,1,2
521,1609,520,1,2
521,1610,520,1,2
521,1612,520,1,2
521,1615,520,1,2
521,1616,520,1,2
521,1618,520,1,2
521,1622,520,1,2
521,1623,520,1,2
521,1624,520,1,2
521,1625,520,1,2
521,1626,520,1,2
521,1628,520,1,2
521,1629,520,1,2
521,1630,520,1,2
521,1631,520,1,2
521,1633,520,1,2
521,1634,520,1,2
521,1638,520,1,2
521,1642,520,1,2
521,1643,520,1,2
521,1644,520,1,2
521,1645,520,1,2
521,1646,520,1,2
521,1654,520,1,2
521,1655,520,1,2
521,1656,520,1,2
521,1659,520,1,2
521,1666,520,1,2
521,1671,520,1,2
521,1672,520,1,2
521,1673,520,1,2
521,1680,520,1,2
521,1683,520,1,2
542,1650,564,3,0
554,1584,553,1,2
554,1585,553,1,2
554,1587,553,1,2
554,1594,553,1,2
554,1595,553,1,2
554,1596,553,1,2
554,1597,553,1,2
554,1599,553,1,2
554,1600,553,1,2
554,1605,553,1,2
554,1606,553,1,2
554,1608,553,1,2
554,1611,553,1,2
554,1613,553,1,2
554,1614,553,1,2
554,1617,553,1,2
554,1619,553,1,2
554,1620,553,1,2
554,1621,553,1,2
554,1627,553,1,2
554,1632,553,1,2
554,1635,553,1,2
554,1636,553,1,2
554,1637,553,1,2
554,1639,553,1,2
554,1640,553,1,2
554,1641,553,1,2
554,1647,553,1,2
554,1648,553,1,2
554,1649,553,1,2
554,1651,553,1,2
554,1652,553,1,2
554,1653,553,1,2
554,1657,553,1,2
554,1658,553,1,2
554,1660,553,1,2
554,1661,553,1,2
554,1662,553,1,2
554,1663,553,1,2
554,1664,553,1,2
554,1665,553,1,2
554,1667,553,1,2
554,1668,553,1,2
554,1669,553,1,2
554,1670,553,1,2
554,1674,553,1,2
554,1675,553,1,2
554,1676,553,1,2
554,1677,553,1,2
554,1678,553,1,2
554,1679,553,1,2
554,1681,553,1,2
554,1682,553,1,2
565,1586,564,1,2
565,1588,564,1,2
565,1589,564,1,2
565,1590,564,1,2
565,1591,564,1,2
565,1592,564,1,2
565,1593,564,1,2
565,1598,564,1,2
565,1601,564,1,2
565,1602,564,1,2
565,1603,564,1,2
565,1604,564,1,2
565,1607,564,1,2
565,1609,564,1,2
565,1610,564,1,2
565,1612,564,1,2
565,1615,564,1,2
565,1616,564,1,2
565,1618,564,1,2
565,1622,564,1,2
565,1623,564,1,2
565,1624,564,1,2
565,1625,564,1,2
565,1626,564,1,2
565,1628,564,1,2
565,1629,564,1,2
565,1630,564,1,2
565,1631,564,1,2
565,1633,564,1,2
565,1634,564,1,2
565,1638,564,1,2
565,1642,564,1,2
565,1643,564,1,2
565,1644,564,1,2
565,1645,564,1,2
565,1646,564,1,2
565,1654,564,1,2
565,1655,564,1,2
565,1656,564,1,2
565,1659,564,1,2
565,1666,564,1,2
565,1671,564,1,2
565,1672,564,1,2
565,1673,564,1,2
565,1680,564,1,2
565,1683,564,1,2
575,1656,597,3,0
576,1656,598,3,0
577,1656,555,0,3
579,1656,601,3,0
583,1656,561,0,3
584,1656,562,0,3
586,1650,564,0,3
597,1680,619,3,0
598,1584,597,1,2
598,1585,597,1,2
598,1587,597,1,2
598,1594,597,1,2
598,1595,597,1,2
598,1596,597,1,2
598,1597,597,1,2
598,1599,597,1,2
598,1600,597,1,2
598,1605,597,1,2
598,1606,597,1,2
598,1608,597,1,2
598,1611,597,1,2
598,1613,597,1,2
598,1614,597,1,2
598,1617,597,1,2
598,1619,597,1,2
598,1620,597,1,2
598,1621,597,1,2
598,1627,597,1,2
598,1632,597,1,2
598,1635,597,1,2
598,1636,597,1,2
598,1637,597,1,2
598,1639,597,1,2
598,1640,597,1,2
598,1641,597,1,2
598,1647,597,1,2
598,1648,597,1,2
598,1649,597,1,2
598,1650,597,1,2
598,1651,597,1,2
598,1652,597,1,2
598,1653,597,1,2
598,1657,597,1,2
598,1658,597,1,2
598,1660,597,1,2
598,1661,597,1,2
598,1662,597,1,2
598,1663,597,1,2
598,1664,597,1,2
598,1665,597,1,2
598,1667,597,1,2
598,1668,597,1,2
598,1669,597,1,2
598,1670,597,1,2
598,1674,597,1,2
598,1675,597,1,2
598,1676,597,1,2
598,1677,597,1,2
598,1678,597,1,2
598,1679,597,1,2
598,1680,620,3,0
598,1681,597,1,2
598,1682,597,1,2
599,1680,621,3,0
601,1680,623,3,0
602,1680,624,3,0
605,1680,583,0,3
606,1680,584,0,3
609,1586,608,1,2
609,1588,608,1,2
609,1589,608,1,2
609,1590,608,1,2
609,1591,608,1,2
609,1592,608,1,2
609,1593,608,1,2
609,1598,608,1,2
609,1601,608,1,2
609,1602,608,1,2
609,1603,608,1,2
609,1604,608,1,2
609,1607,608,1,2
609,1609,608,1,2
609,1610,608,1,2
609,1612,608,1,2
609,1615,608,1,2
609,1616,608,1,2
609,1618,608,1,2
609,1622,608,1,2
609,1623,608,1,2
609,1624,608,1,2
609,1625,608,1,2
609,1626,608,1,2
609,1628,608,1,2
609,1629,608,1,2
609,1630,608,1,2
609,1631,608,1,2
609,1633,608,1,2
609,1634,608,1,2
609,1638,608,1,2
609,1642,608,1,2
609,1643,608,1,2
609,1644,608,1,2
609,1645,608,1,2
609,1646,608,1,2
609,1654,608,1,2
609,1655,608,1,2
609,1656,608,1,2
609,1659,608,1,2
609,1666,608,1,2
609,1671,608,1,2
609,1672,608,1,2
609,1673,608,1,2
609,1680,608,1,2
609,1683,608,1,2
618,1676,640,3,0
619,1638,641,3,0
619,1676,641,3,0
620,1638,642,3,0
621,1638,643,3,0
631,1676,609,0,3
642,1584,641,1,2
642,1585,641,1,2
642,1587,641,1,2
642,1594,641,1,2
642,1595,641,1,2
642,1596,641,1,2
642,1597,641,1,2
642,1599,641,1,2
642,1600,641,1,2
642,1605,641,1,2
642,1606,641,1,2
642,1608,641,1,2
642,1611,641,1,2
642,1613,641,1,2
642,1614,641,1,2
642,1617,641,1,2
642,1619,641,1,2
642,1620,641,1,2
642,1621,641,1,2
642,1627,641,1,2
642,1632,641,1,2
642,1635,641,1,2
642,1636,641,1,2
642,1637,641,1,2
642,1639,641,1,2
642,1640,641,1,2
642,1641,641,1,2
642,1647,641,1,2
642,1648,641,1,2
642,1649,641,1,2
642,1650,641,1,2
642,1651,641,1,2
642,1652,641,1,2
642,1653,641,1,2
642,1657,641,1,2
642,1658,641,1,2
642,1660,641,1,2
642,1661,641,1,2
642,1662,641,1,2
642,1663,641,1,2
642,1664,641,1,2
642,1665,641,1,2
642,1667,641,1,2
642,1668,641,1,2
642,1669,641,1,2
642,1670,641,1,2
642,1674,641,1,2
642,1675,641,1,2
642,1676,641,1,2
642,1677,641,1,2
642,1678,641,1,2
642,1679,641,1,2
642,1681,641,1,2
642,1682,641,1,2
653,1586,652,1,2
653,1588,652,1,2
653,1589,652,1,2
653,1590,652,1,2
653,1591,652,1,2
653,1592,652,1,2
653,1593,652,1,2
653,1598,652,1,2
653,1601,652,1,2
653,1602,652,1,2
653,1603,652,1,2
653,1604,652,1,2
653,1607,652,1,2
653,1609,652,1,2
653,1610,652,1,2
653,1612,652,1,2
653,1615,652,1,2
653,1616,652,1,2
653,1618,652,1,2
653,1622,652,1,2
653,1623,652,1,2
653,1624,652,1,2
653,1625,652,1,2
653,1626,652,1,2
653,1628,652,1,2
653,1629,652,1,2
653,1630,652,1,2
653,1631,652,1,2
653,1633,652,1,2
653,1634,652,1,2
653,1638,652,1,2
653,1642,652,1,2
653,1643,652,1,2
653,1644,652,1,2
653,1645,652,1,2
653,1646,652,1,2
653,1654,652,1,2
653,1655,652,1,2
653,1656,652,1,2
653,1659,652,1,2
653,1666,652,1,2
653,1671,652,1,2
653,1672,652,1,2
653,1673,652,1,2
653,1680,652,1,2
653,1683,652,1,2
662,1640,684,3,0
663,1640,685,3,0
663,1655,685,3,0
664,1655,686,3,0
667,1655,689,3,0
668,1655,690,3,0
671,1655,649,0,3
672,1655,694,3,0
674,1585,696,3,0
675,1640,653,0,3
682,1667,704,2,0
684,1621,706,3,0
684,1667,706,3,0
686,1584,685,1,2
686,1587,685,1,2
686,1594,685,1,2
686,1595,685,1,2
686,1596,685,1,2
686,1597,685,1,2
686,1599,685,1,2
686,1600,685,1,2
686,1605,685,1,2
686,1606,685,1,2
686,1608,685,1,2
686,1611,685,1,2
686,1613,685,1,2
686,1614,685,1,2
686,1617,685,1,2
686,1619,685,1,2
686,1620,685,1,2
686,1621,685,1,2
686,1627,685,1,2
686,1632,685,1,2
686,1635,685,1,2
686,1636,685,1,2
686,1637,685,1,2
686,1639,685,1,2
686,1640,685,1,2
686,1641,685,1,2
686,1647,685,1,2
686,1648,685,1,2
686,1649,685,1,2
686,1650,685,1,2
686,1651,685,1,2
686,1652,685,1,2
686,1653,685,1,2
686,1657,685,1,2
686,1658,685,1,2
686,1660,685,1,2
686,1661,685,1,2
686,1662,685,1,2
686,1663,685,1,2
686,1664,685,1,2
686,1665,685,1,2
686,1667,685,1,2
686,1668,685,1,2
686,1669,685,1,2
686,1670,685,1,2
686,1674,685,1,2
686,1675,685,1,2
686,1676,685,1,2
686,1677,685,1,2
686,1678,685,1,2
686,1679,685,1,2
686,1681,685,1,2
686,1682,685,1,2
696,1621,718,3,0
696,1667,718,3,0
697,1586,696,1,2
697,1588,696,1,2
697,1589,696,1,2
697,1590,696,1,2
697,1591,696,1,2
697,1592,696,1,2
697,1593,696,1,2
697,1598,696,1,2
697,1601,696,1,2
697,1602,696,1,2
697,1603,696,1,2
697,1604,696,1,2
697,1607,696,1,2
697,1609,696,1,2
697,1610,696,1,2
697,1612,696,1,2
697,1615,696,1,2
697,1616,696,1,2
697,1618,696,1,2
697,1621,675,0,3
697,1622,696,1,2
697,1623,696,1,2
697,1624,696,1,2
697,1625,696,1,2
697,1626,696,1,2
697,1628,696,1,2
697,1629,696,1,2
697,1630,696,1,2
697,1631,696,1,2
697,1633,696,1,2
697,1634,696,1,2
697,1638,696,1,2
697,1642,696,1,2
697,1643,696,1,2
697,1644,696,1,2
697,1645,696,1,2
697,1646,696,1,2
697,1654,696,1,2
697,1655,696,1,2
697,1656,696,1,2
697,1659,696,1,2
697,1666,696,1,2
697,1667,675,0,3
697,1671,696,1,2
697,1672,696,1,2
697,1673,696,1,2
697,1680,696,1,2
697,1683,696,1,2
698,1621,720,3,0
698,1667,720,3,0
706,1660,728,3,0
706,1678,728,3,0
708,1592,730,3,0
709,1592,687,0,3
711,1592,733,3,0
718,1585,696,0,3
718,1614,740,3,0
718,1620,740,3,0
719,1660,697,0,3
719,1678,697,0,3
720,1660,742,3,0
720,1678,742,3,0
728,1648,750,3,0
728,1658,750,3,0
730,1584,729,1,2
730,1585,729,1,2
730,1587,729,1,2
730,1594,729,1,2
730,1595,729,1,2
730,1596,729,1,2
730,1597,729,1,2
730,1599,729,1,2
730,1600,729,1,2
730,1605,729,1,2
730,1606,729,1,2
730,1608,729,1,2
730,1611,729,1,2
730,1613,729,1,2
730,1617,729,1,2
730,1619,729,1,2
730,1621,729,1,2
730,1627,729,1,2
730,1632,729,1,2
730,1635,729,1,2
730,1636,729,1,2
730,1637,729,1,2
730,1639,729,1,2
730,1640,729,1,2
730,1641,729,1,2
730,1647,729,1,2
730,1648,729,1,2
730,1649,729,1,2
730,1650,729,1,2
730,1651,729,1,2
730,1652,729,1,2
730,1653,729,1,2
730,1657,729,1,2
730,1658,729,1,2
730,1660,729,1,2
730,1661,729,1,2
730,1662,729,1,2
730,1663,729,1,2
730,1664,729,1,2
730,1665,729,1,2
730,1667,729,1,2
730,1668,729,1,2
730,1669,729,1,2
730,1670,729,1,2
730,1674,729,1,2
730,1675,729,1,2
730,1676,729,1,2
730,1677,729,1,2
730,1678,729,1,2
730,1679,729,1,2
730,1681,729,1,2
730,1682,729,1,2
741,1586,740,1,2
741,1588,740,1,2
741,1589,740,1,2
741,1590,740,1,2
741,1591,740,1,2
741,1592,740,1,2
741,1593,740,1,2
741,1598,740,1,2
741,1601,740,1,2
741,1602,740,1,2
741,1603,740,1,2
741,1604,740,1,2
741,1607,740,1,2
741,1609,740,1,2
741,1610,740,1,2
741,1612,740,1,2
741,1615,740,1,2
741,1616,740,1,2
741,1618,740,1,2
741,1622,740,1,2
741,1623,740,1,2
741,1624,740,1,2
741,1625,740,1,2
741,1626,740,1,2
741,1628,740,1,2
741,1629,740,1,2
741,1630,740,1,2
741,1631,740,1,2
741,1633,740,1,2
741,1634,740,1,2
741,1638,740,1,2
741,1642,740,1,2
741,1643,740,1,2
741,1644,740,1,2
741,1645,740,1,2
741,1646,740,1,2
741,1654,740,1,2
741,1655,740,1,2
741,1656,740,1,2
741,1659,740,1,2
741,1666,740,1,2
741,1671,740,1,2
741,1672,740,1,2
741,1673,740,1,2
741,1680,740,1,2
741,1683,740,1,2
742,1648,764,3,0
742,1658,764,3,0
754,1598,776,3,0
761,1598,783,3,0
762,1614,740,0,3
762,1620,740,0,3
770,1641,792,2,0
772,1641,794,3,0
773,1633,795,3,0
774,1584,773,1,2
774,1585,773,1,2
774,1587,773,1,2
774,1594,773,1,2
774,1595,773,1,2
774,1596,773,1,2
774,1597,773,1,2
774,1599,773,1,2
774,1600,773,1,2
774,1605,773,1,2
774,1606,773,1,2
774,1608,773,1,2
774,1611,773,1,2
774,1613,773,1,2
774,1614,773,1,2
774,1617,773,1,2
774,1619,773,1,2
774,1620,773,1,2
774,1621,773,1,2
774,1627,773,1,2
774,1632,773,1,2
774,1635,773,1,2
774,1636,773,1,2
774,1637,773,1,2
774,1639,773,1,2
774,1640,773,1,2
774,1641,773,1,2
774,1647,773,1,2
774,1648,773,1,2
774,1649,773,1,2
774,1650,773,1,2
774,1651,773,1,2
774,1652,773,1,2
774,1653,773,1,2
774,1657,773,1,2
774,1658,773,1,2
774,1660,773,1,2
774,1661,773,1,2
774,1662,773,1,2
774,1663,773,1,2
774,1664,773,1,2
774,1665,773,1,2
774,1667,773,1,2
774,1668,773,1,2
774,1669,773,1,2
774,1670,773,1,2
774,1674,773,1,2
774,1675,773,1,2
774,1676,773,1,2
774,1677,773,1,2
774,1678,773,1,2
774,1679,773,1,2
774,1681,773,1,2
774,1682,773,1,2
782,1633,804,3,0
783,1633,805,3,0
784,1641,806,3,0
785,1586,784,1,2
785,1588,784,1,2
785,1589,784,1,2
785,1590,784,1,2
785,1591,784,1,2
785,1592,784,1,2
785,1593,784,1,2
785,1598,784,1,2
785,1601,784,1,2
785,1602,784,1,2
785,1603,784,1,2
785,1604,784,1,2
785,1607,784,1,2
785,1609,784,1,2
785,1610,784,1,2
785,1612,784,1,2
785,1615,784,1,2
785,1616,784,1,2
785,1618,784,1,2
785,1622,784,1,2
785,1623,784,1,2
785,1624,784,1,2
785,1625,784,1,2
785,1626,784,1,2
785,1628,784,1,2
785,1629,784,1,2
785,1630,784,1,2
785,1631,784,1,2
785,1633,784,1,2
785,1634,784,1,2
785,1638,784,1,2
785,1641,763,0,3
785,1642,784,1,2
785,1643,784,1,2
785,1644,784,1,2
785,1645,784,1,2
785,1646,784,1,2
785,1654,784,1,2
785,1655,784,1,2
785,1656,784,1,2
785,1659,784,1,2
785,1666,784,1,2
785,1671,784,1,2
785,1672,784,1,2
785,1673,784,1,2
785,1680,784,1,2
785,1683,784,1,2
786,1641,808,3,0
787,1641,765,0,3
806,1599,828,3,0
806,1619,828,3,0
806,1637,828,3,0
806,1661,828,3,0
806,1669,828,3,0
817,1612,839,3,0
817,1623,839,3,0
818,1584,817,1,2
818,1585,817,1,2
818,1587,817,1,2
818,1594,817,1,2
818,1595,817,1,2
818,1596,817,1,2
818,1597,817,1,2
818,1600,817,1,2
818,1605,817,1,2
818,1606,817,1,2
818,1608,817,1,2
818,1611,817,1,2
818,1613,817,1,2
818,1614,817,1,2
818,1617,817,1,2
818,1620,817,1,2
818,1621,817,1,2
818,1627,817,1,2
818,1632,817,1,2
818,1635,817,1,2
818,1636,817,1,2
818,1639,817,1,2
818,1640,817,1,2
818,1641,817,1,2
818,1647,817,1,2
818,1648,817,1,2
818,1649,817,1,2
818,1650,817,1,2
818,1651,817,1,2
818,1652,817,1,2
818,1653,817,1,2
818,1657,817,1,2
818,1658,817,1,2
818,1660,817,1,2
818,1662,817,1,2
818,1663,817,1,2
818,1664,817,1,2
818,1665,817,1,2
818,1667,817,1,2
818,1668,817,1,2
818,1670,817,1,2
818,1674,817,1,2
818,1675,817,1,2
818,1676,817,1,2
818,1677,817,1,2
818,1678,817,1,2
818,1679,817,1,2
818,1681,817,1,2
818,1682,817,1,2
820,1612,798,0,3
820,1623,798,0,3
824,1612,846,3,0
825,1612,847,3,0
826,1612,848,3,0
826,1623,848,3,0
827,1612,849,3,0
827,1623,849,3,0
828,1612,806,0,3
828,1623,806,0,3
829,1586,828,1,2
829,1588,828,1,2
829,1589,828,1,2
829,1590,828,1,2
829,1591,828,1,2
829,1592,828,1,2
829,1593,828,1,2
829,1598,828,1,2
829,1601,828,1,2
829,1602,828,1,2
829,1603,828,1,2
829,1604,828,1,2
829,1607,828,1,2
829,1609,828,1,2
829,1610,828,1,2
829,1612,828,1,2
829,1615,828,1,2
829,1616,828,1,2
829,1618,828,1,2
829,1622,828,1,2
829,1623,828,1,2
829,1624,828,1,2
829,1625,828,1,2
829,1626,828,1,2
829,1628,828,1,2
829,1629,828,1,2
829,1630,828,1,2
829,1631,828,1,2
829,1633,828,1,2
829,1634,828,1,2
829,1638,828,1,2
829,1642,828,1,2
829,1643,828,1,2
829,1644,828,1,2
829,1645,828,1,2
829,1646,828,1,2
829,1654,828,1,2
829,1655,828,1,2
829,1656,828,1,2
829,1659,828,1,2
829,1666,828,1,2
829,1671,828,1,2
829,1672,828,1,2
829,1673,828,1,2
829,1680,828,1,2
829,1683,828,1,2
839,1604,861,3,0
841,1588,863,3,0
841,1642,863,3,0
842,1588,820,0,3
842,1642,820,0,3
847,1588,869,3,0
847,1642,869,3,0
849,1588,871,3,0
849,1642,871,3,0
850,1588,828,0,3
850,1599,828,0,3
850,1619,828,0,3
850,1635,872,3,0
850,1637,828,0,3
850,1642,828,0,3
850,1661,828,0,3
850,1669,828,0,3
862,1584,861,1,2
862,1585,861,1,2
862,1587,861,1,2
862,1594,861,1,2
862,1595,861,1,2
862,1596,861,1,2
862,1597,861,1,2
862,1599,861,1,2
862,1600,861,1,2
862,1605,861,1,2
862,1606,861,1,2
862,1608,861,1,2
862,1611,861,1,2
862,1613,861,1,2
862,1614,861,1,2
862,1617,861,1,2
862,1619,861,1,2
862,1620,861,1,2
862,1621,861,1,2
862,1627,861,1,2
862,1632,861,1,2
862,1636,861,1,2
862,1637,861,1,2
862,1639,861,1,2
862,1640,861,1,2
862,1641,861,1,2
862,1647,861,1,2
862,1648,861,1,2
862,1649,861,1,2
862,1650,861,1,2
862,1651,861,1,2
862,1652,861,1,2
862,1653,861,1,2
862,1657,861,1,2
862,1658,861,1,2
862,1660,861,1,2
862,1661,861,1,2
862,1662,861,1,2
862,1663,861,1,2
862,1664,861,1,2
862,1665,861,1,2
862,1667,861,1,2
862,1668,861,1,2
862,1669,861,1,2
862,1670,861,1,2
862,1674,861,1,2
862,1675,861,1,2
862,1676,861,1,2
862,1677,861,1,2
862,1678,861,1,2
862,1679,861,1,2
862,1681,861,1,2
862,1682,861,1,2
863,1628,885,3,0
863,1645,885,3,0
869,1628,891,3,0
869,1645,891,3,0
871,1628,893,3,0
871,1645,893,3,0
872,1628,850,0,3
872,1645,850,0,3
873,1586,872,1,2
873,1588,872,1,2
873,1589,872,1,2
873,1590,872,1,2
873,1591,872,1,2
873,1592,872,1,2
873,1593,872,1,2
873,1598,872,1,2
873,1601,872,1,2
873,1602,872,1,2
873,1603,872,1,2
873,1607,872,1,2
873,1609,872,1,2
873,1610,872,1,2
873,1612,872,1,2
873,1615,872,1,2
873,1616,872,1,2
873,1618,872,1,2
873,1622,872,1,2
873,1623,872,1,2
873,1624,872,1,2
873,1625,872,1,2
873,1626,872,1,2
873,1628,872,1,2
873,1629,872,1,2
873,1630,872,1,2
873,1631,872,1,2
873,1633,872,1,2
873,1634,872,1,2
873,1638,872,1,2
873,1642,872,1,2
873,1643,872,1,2
873,1644,872,1,2
873,1645,872,1,2
873,1646,872,1,2
873,1654,872,1,2
873,1655,872,1,2
873,1656,872,1,2
873,1659,872,1,2
873,1666,872,1,2
873,1671,872,1,2
873,1672,872,1,2
873,1673,872,1,2
873,1680,872,1,2
873,1683,872,1,2
883,1589,905,3,0
883,1604,861,0,3
883,1622,861,0,3
884,1622,862,0,3
886,1622,864,0,3
894,1622,872,0,3
894,1632,916,3,0
894,1635,872,0,3
894,1647,916,3,0
903,1681,925,3,0
905,1681,883,0,3
906,1584,905,1,2
906,1585,905,1,2
906,1587,905,1,2
906,1594,905,1,2
906,1595,905,1,2
906,1596,905,1,2
906,1597,905,1,2
906,1599,905,1,2
906,1600,905,1,2
906,1605,905,1,2
906,1606,905,1,2
906,1608,905,1,2
906,1610,884,0,3
906,1611,905,1,2
906,1613,905,1,2
906,1614,905,1,2
906,1617,905,1,2
906,1619,905,1,2
906,1620,905,1,2
906,1621,905,1,2
906,1627,905,1,2
906,1635,905,1,2
906,1636,905,1,2
906,1637,905,1,2
906,1639,905,1,2
906,1640,905,1,2
906,1641,905,1,2
906,1648,905,1,2
906,1649,905,1,2
906,1650,905,1,2
906,1651,905,1,2
906,1652,905,1,2
906,1653,905,1,2
906,1657,905,1,2
906,1658,905,1,2
906,1660,905,1,2
906,1661,905,1,2
906,1662,905,1,2
906,1663,905,1,2
906,1664,905,1,2
906,1665,905,1,2
906,1667,905,1,2
906,1668,905,1,2
906,1669,905,1,2
906,1670,905,1,2
906,1673,884,0,3
906,1674,905,1,2
906,1675,905,1,2
906,1676,905,1,2
906,1677,905,1,2
906,1678,905,1,2
906,1679,905,1,2
906,1681,905,1,2
906,1682,905,1,2
908,1610,886,0,3
912,1610,934,3,0
913,1610,935,3,0
916,1610,894,0,3
916,1673,894,0,3
917,1586,916,1,2
917,1588,916,1,2
917,1590,916,1,2
917,1591,916,1,2
917,1592,916,1,2
917,1593,916,1,2
917,1598,916,1,2
917,1601,916,1,2
917,1602,916,1,2
917,1603,916,1,2
917,1604,916,1,2
917,1607,916,1,2
917,1609,916,1,2
917,1610,916,1,2
917,1612,916,1,2
917,1615,916,1,2
917,1616,916,1,2
917,1618,916,1,2
917,1622,916,1,2
917,1623,916,1,2
917,1624,916,1,2
917,1625,916,1,2
917,1626,916,1,2
917,1628,916,1,2
917,1629,916,1,2
917,1630,916,1,2
917,1631,916,1,2
917,1633,916,1,2
917,1634,916,1,2
917,1638,916,1,2
917,1642,916,1,2
917,1643,916,1,2
917,1644,916,1,2
917,1645,916,1,2
917,1646,916,1,2
917,1654,916,1,2
917,1655,916,1,2
917,1656,916,1,2
917,1659,916,1,2
917,1666,916,1,2
917,1671,916,1,2
917,1672,916,1,2
917,1673,916,1,2
917,1680,916,1,2
917,1683,916,1,2
919,1681,897,0,3
920,1681,942,3,0
921,1681,899,0,3
927,1589,905,0,3
927,1611,905,0,3
927,1644,949,3,0
938,1611,916,0,3
938,1632,916,0,3
938,1647,916,0,3
947,1613,969,3,0
948,1613,926,0,3
949,1613,927,0,3
950,1584,949,1,2
950,1585,949,1,2
950,1587,949,1,2
950,1594,949,1,2
950,1595,949,1,2
950,1596,949,1,2
950,1597,949,1,2
950,1599,949,1,2
950,1600,949,1,2
950,1605,949,1,2
950,1606,949,1,2
950,1608,949,1,2
950,1611,949,1,2
950,1613,949,1,2
950,1614,949,1,2
950,1617,949,1,2
950,1619,949,1,2
950,1620,949,1,2
950,1621,949,1,2
950,1627,949,1,2
950,1630,928,0,3
950,1632,949,1,2
950,1635,949,1,2
950,1636,949,1,2
950,1637,949,1,2
950,1639,949,1,2
950,1640,949,1,2
950,1641,949,1,2
950,1647,949,1,2
950,1648,949,1,2
950,1649,949,1,2
950,1650,949,1,2
950,1651,949,1,2
950,1652,949,1,2
950,1653,949,1,2
950,1657,949,1,2
950,1658,949,1,2
950,1660,949,1,2
950,1661,949,1,2
950,1662,949,1,2
950,1663,949,1,2
950,1664,949,1,2
950,1665,949,1,2
950,1666,928,0,3
950,1667,949,1,2
950,1668,949,1,2
950,1669,949,1,2
950,1670,949,1,2
950,1674,949,1,2
950,1675,949,1,2
950,1676,949,1,2
950,1677,949,1,2
950,1678,949,1,2
950,1679,949,1,2
950,1681,949,1,2
950,1682,949,1,2
956,1630,978,3,0
957,1630,979,3,0
957,1666,979,3,0
959,1630,981,3,0
959,1666,981,3,0
960,1630,938,0,3
960,1666,938,0,3
961,1586,960,1,2
961,1588,960,1,2
961,1589,960,1,2
961,1590,960,1,2
961,1591,960,1,2
961,1592,960,1,2
961,1593,960,1,2
961,1598,960,1,2
961,1601,960,1,2
961,1602,960,1,2
961,1603,960,1,2
961,1604,960,1,2
961,1607,960,1,2
961,1609,960,1,2
961,1610,960,1,2
961,1612,960,1,2
961,1615,960,1,2
961,1616,960,1,2
961,1618,960,1,2
961,1622,960,1,2
961,1623,960,1,2
961,1624,960,1,2
961,1625,960,1,2
961,1626,960,1,2
961,1628,960,1,2
961,1629,960,1,2
961,1630,960,1,2
961,1631,960,1,2
961,1633,960,1,2
961,1634,960,1,2
961,1638,960,1,2
961,1642,960,1,2
961,1643,960,1,2
961,1645,960,1,2
961,1646,960,1,2
961,1654,960,1,2
961,1655,960,1,2
961,1656,960,1,2
961,1659,960,1,2
961,1666,960,1,2
961,1671,960,1,2
961,1672,960,1,2
961,1673,960,1,2
961,1680,960,1,2
961,1683,960,1,2
964,1613,986,3,0
965,1613,943,0,3
971,1644,949,0,3
971,1654,993,3,0
993,1608,971,0,3
993,1657,971,0,3
994,1584,993,1,2
994,1585,993,1,2
994,1587,993,1,2
994,1594,993,1,2
994,1595,993,1,2
994,1596,993,1,2
994,1597,993,1,2
994,1599,993,1,2
994,1600,993,1,2
994,1605,993,1,2
994,1606,993,1,2
994,1608,993,1,2
994,1611,993,1,2
994,1613,993,1,2
994,1614,993,1,2
994,1617,993,1,2
994,1619,993,1,2
994,1620,993,1,2
994,1621,993,1,2
994,1627,993,1,2
994,1632,993,1,2
994,1635,993,1,2
994,1636,993,1,2
994,1637,993,1,2
994,1639,993,1,2
994,1640,993,1,2
994,1641,993,1,2
994,1647,993,1,2
994,1648,993,1,2
994,1649,993,1,2
994,1650,993,1,2
994,1651,993,1,2
994,1652,993,1,2
994,1653,993,1,2
994,1657,993,1,2
994,1658,993,1,2
994,1660,993,1,2
994,1661,993,1,2
994,1662,993,1,2
994,1663,993,1,2
994,1664,993,1,2
994,1665,993,1,2
994,1667,993,1,2
994,1668,993,1,2
994,1669,993,1,2
994,1670,993,1,2
994,1674,993,1,2
994,1675,993,1,2
994,1676,993,1,2
994,1677,993,1,2
994,1678,993,1,2
994,1679,993,1,2
994,1681,993,1,2
994,1682,993,1,2
994,1683,972,0,3
1001,1683,1023,3,0
1005,1586,1004,1,2
1005,1588,1004,1,2
1005,1589,1004,1,2
1005,1590,1004,1,2
1005,1591,1004,1,2
1005,1592,1004,1,2
1005,1593,1004,1,2
1005,1598,1004,1,2
1005,1601,1004,1,2
1005,1602,1004,1,2
1005,1603,1004,1,2
1005,1604,1004,1,2
1005,1607,1004,1,2
1005,1609,1004,1,2
1005,1610,1004,1,2
1005,1612,1004,1,2
1005,1615,1004,1,2
1005,1616,1004,1,2
1005,1618,1004,1,2
1005,1622,1004,1,2
1005,1623,1004,1,2
1005,1624,1004,1,2
1005,1625,1004,1,2
1005,1626,1004,1,2
1005,1628,1004,1,2
1005,1629,1004,1,2
1005,1630,1004,1,2
1005,1631,1004,1,2
1005,1633,1004,1,2
1005,1634,1004,1,2
1005,1638,1004,1,2
1005,1642,1004,1,2
1005,1643,1004,1,2
1005,1644,1004,1,2
1005,1645,1004,1,2
1005,1646,1004,1,2
1005,1655,1004,1,2
1005,1656,1004,1,2
1005,1659,1004,1,2
1005,1666,1004,1,2
1005,1671,1004,1,2
1005,1672,1004,1,2
1005,1673,1004,1,2
1005,1680,1004,1,2
1005,1683,1004,1,2
1015,1625,993,0,3
1015,1654,993,0,3
1016,1625,994,0,3
1019,1625,1041,3,0
1024,1625,1046,3,0
1038,1584,1037,1,2
1038,1585,1037,1,2
1038,1587,1037,1,2
1038,1594,1037,1,2
1038,1595,1037,1,2
1038,1596,1037,1,2
1038,1597,1037,1,2
1038,1599,1037,1,2
1038,1600,1037,1,2
1038,1605,1037,1,2
1038,1606,1037,1,2
1038,1608,1037,1,2
1038,1611,1037,1,2
1038,1613,1037,1,2
1038,1614,1037,1,2
1038,1617,1037,1,2
1038,1619,1037,1,2
1038,1620,1037,1,2
1038,1621,1037,1,2
1038,1627,1037,1,2
1038,1632,1037,1,2
1038,1635,1037,1,2
1038,1636,1037,1,2
1038,1637,1037,1,2
1038,1639,1037,1,2
1038,1640,1037,1,2
1038,1641,1037,1,2
1038,1647,1037,1,2
1038,1648,1037,1,2
1038,1649,1037,1,2
1038,1650,1037,1,2
1038,1651,1037,1,2
1038,1652,1037,1,2
1038,1653,1037,1,2
1038,1657,1037,1,2
1038,1658,1037,1,2
1038,1660,1037,1,2
1038,1661,1037,1,2
1038,1662,1037,1,2
1038,1663,1037,1,2
1038,1664,1037,1,2
1038,1665,1037,1,2
1038,1667,1037,1,2
1038,1668,1037,1,2
1038,1669,1037,1,2
1038,1670,1037,1,2
1038,1674,1037,1,2
1038,1675,1037,1,2
1038,1676,1037,1,2
1038,1677,1037,1,2
1038,1678,1037,1,2
1038,1679,1037,1,2
1038,1681,1037,1,2
1038,1682,1037,1,2
1041,1603,1063,3,0
1041,1609,1063,3,0
1041,1626,1063,3,0
1041,1629,1063,3,0
1041,1631,1063,3,0
1045,1603,1067,3,0
1045,1609,1067,3,0
1045,1626,1067,3,0
1045,1629,1067,3,0
1045,1631,1067,3,0
1046,1603,1068,3,0
1046,1609,1068,3,0
1046,1626,1068,3,0
1046,1629,1068,3,0
1046,1631,1068,3,0
1049,1586,1048,1,2
1049,1588,1048,1,2
1049,1589,1048,1,2
1049,1590,1048,1,2
1049,1591,1048,1,2
1049,1592,1048,1,2
1049,1593,1048,1,2
1049,1598,1048,1,2
1049,1601,1048,1,2
1049,1602,1048,1,2
1049,1603,1048,1,2
1049,1604,1048,1,2
1049,1607,1048,1,2
1049,1609,1048,1,2
1049,1610,1048,1,2
1049,1612,1048,1,2
1049,1615,1048,1,2
1049,1616,1048,1,2
1049,1618,1048,1,2
1049,1622,1048,1,2
1049,1623,1048,1,2
1049,1624,1048,1,2
1049,1625,1048,1,2
1049,1626,1048,1,2
1049,1628,1048,1,2
1049,1629,1048,1,2
1049,1630,1048,1,2
1049,1631,1048,1,2
1049,1633,1048,1,2
1049,1634,1048,1,2
1049,1638,1048,1,2
1049,1642,1048,1,2
1049,1643,1048,1,2
1049,1644,1048,1,2
1049,1645,1048,1,2
1049,1646,1048,1,2
1049,1654,1048,1,2
1049,1655,1048,1,2
1049,1656,1048,1,2
1049,1659,1048,1,2
1049,1666,1048,1,2
1049,1671,1048,1,2
1049,1672,1048,1,2
1049,1673,1048,1,2
1049,1680,1048,1,2
1049,1683,1048,1,2
1067,1601,1089,3,0
1080,1653,1058,0,3
1082,1584,1081,1,2
1082,1585,1081,1,2
1082,1587,1081,1,2
1082,1594,1081,1,2
1082,1595,1081,1,2
1082,1596,1081,1,2
1082,1597,1081,1,2
1082,1599,1081,1,2
1082,1600,1081,1,2
1082,1605,1081,1,2
1082,1606,1081,1,2
1082,1608,1081,1,2
1082,1611,1081,1,2
1082,1613,1081,1,2
1082,1614,1081,1,2
1082,1617,1081,1,2
1082,1619,1081,1,2
1082,1620,1081,1,2
1082,1621,1081,1,2
1082,1627,1081,1,2
1082,1632,1081,1,2
1082,1635,1081,1,2
1082,1636,1081,1,2
1082,1637,1081,1,2
1082,1639,1081,1,2
1082,1640,1081,1,2
1082,1641,1081,1,2
1082,1647,1081,1,2
1082,1648,1081,1,2
1082,1649,1081,1,2
1082,1650,1081,1,2
1082,1651,1081,1,2
1082,1652,1081,1,2
1082,1653,1081,1,2
1082,1657,1081,1,2
1082,1658,1081,1,2
1082,1660,1081,1,2
1082,1661,1081,1,2
1082,1662,1081,1,2
1082,1663,1081,1,2
1082,1664,1081,1,2
1082,1665,1081,1,2
1082,1667,1081,1,2
1082,1668,1081,1,2
1082,1669,1081,1,2
1082,1670,1081,1,2
1082,1674,1081,1,2
1082,1675,1081,1,2
1082,1676,1081,1,2
1082,1677,1081,1,2
1082,1678,1081,1,2
1082,1679,1081,1,2
1082,1681,1081,1,2
1082,1682,1081,1,2
1093,1586,1092,1,2
1093,1588,1092,1,2
1093,1589,1092,1,2
1093,1590,1092,1,2
1093,1591,1092,1,2
1093,1592,1092,1,2
1093,1593,1092,1,2
1093,1598,1092,1,2
1093,1601,1092,1,2
1093,1602,1092,1,2
1093,1603,1092,1,2
1093,1604,1092,1,2
1093,1607,1092,1,2
1093,1609,1092,1,2
1093,1610,1092,1,2
1093,1612,1092,1,2
1093,1615,1092,1,2
1093,1616,1092,1,2
1093,1618,1092,1,2
1093,1622,1092,1,2
1093,1623,1092,1,2
1093,1624,1092,1,2
1093,1625,1092,1,2
1093,1626,1092,1,2
1093,1628,1092,1,2
1093,1629,1092,1,2
1093,1630,1092,1,2
1093,1631,1092,1,2
1093,1633,1092,1,2
1093,1634,1092,1,2
1093,1638,1092,1,2
1093,1642,1092,1,2
1093,1643,1092,1,2
1093,1644,1092,1,2
1093,1645,1092,1,2
1093,1646,1092,1,2
1093,1654,1092,1,2
1093,1655,1092,1,2
1093,1656,1092,1,2
1093,1659,1092,1,2
1093,1666,1092,1,2
1093,1671,1092,1,2
1093,1672,1092,1,2
1093,1673,1092,1,2
1093,1680,1092,1,2
1093,1683,1092,1,2
1100,1674,1078,0,2
1100,1682,1078,0,2
1102,1674,1080,0,3
1102,1682,1080,0,3
1104,1586,1082,0,3
1105,1586,1083,0,3
1116,1674,1094,0,3
1116,1682,1094,0,3
1118,1674,1140,3,0
1118,1682,1140,3,0
1124,1587,1102,0,3
1124,1596,1102,0,3
1125,1587,1103,0,3
1125,1596,1103,0,3
1126,1584,1125,1,2
1126,1585,1125,1,2
1126,1587,1125,1,2
1126,1594,1125,1,2
1126,1595,1125,1,2
1126,1596,1125,1,2
1126,1597,1125,1,2
1126,1599,1125,1,2
1126,1600,1125,1,2
1126,1605,1125,1,2
1126,1606,1125,1,2
1126,1608,1125,1,2
1126,1611,1125,1,2
1126,1613,1125,1,2
1126,1614,1125,1,2
1126,1617,1125,1,2
1126,1619,1125,1,2
1126,1620,1125,1,2
1126,1621,1125,1,2
1126,1627,1125,1,2
1126,1632,1125,1,2
1126,1635,1125,1,2
1126,1636,1125,1,2
1126,1637,1125,1,2
1126,1639,1125,1,2
1126,1640,1125,1,2
1126,1641,1125,1,2
1126,1647,1125,1,2
1126,1648,1125,1,2
1126,1649,1125,1,2
1126,1650,1125,1,2
1126,1651,1125,1,2
1126,1652,1125,1,2
1126,1653,1125,1,2
1126,1657,1125,1,2
1126,1658,1125,1,2
1126,1660,1125,1,2
1126,1661,1125,1,2
1126,1662,1125,1,2
1126,1663,1125,1,2
1126,1664,1125,1,2
1126,1665,1125,1,2
1126,1667,1125,1,2
1126,1668,1125,1,2
1126,1669,1125,1,2
1126,1670,1125,1,2
1126,1674,1125,1,2
1126,1675,1125,1,2
1126,1676,1125,1,2
1126,1677,1125,1,2
1126,1678,1125,1,2
1126,1679,1125,1,2
1126,1681,1125,1,2
1126,1682,1125,1,2
1137,1586,1136,1,2
1137,1588,1136,1,2
1137,1589,1136,1,2
1137,1590,1136,1,2
1137,1591,1136,1,2
1137,1592,1136,1,2
1137,1593,1136,1,2
1137,1598,1136,1,2
1137,1601,1136,1,2
1137,1602,1136,1,2
1137,1603,1136,1,2
1137,1604,1136,1,2
1137,1607,1136,1,2
1137,1609,1136,1,2
1137,1610,1136,1,2
1137,1612,1136,1,2
1137,1615,1136,1,2
1137,1616,1136,1,2
1137,1618,1136,1,2
1137,1622,1136,1,2
1137,1623,1136,1,2
1137,1624,1136,1,2
1137,1625,1136,1,2
1137,1626,1136,1,2
1137,1628,1136,1,2
1137,1629,1136,1,2
1137,1630,1136,1,2
1137,1631,1136,1,2
1137,1633,1136,1,2
1137,1634,1136,1,2
1137,1638,1136,1,2
1137,1642,1136,1,2
1137,1643,1136,1,2
1137,1644,1136,1,2
1137,1645,1136,1,2
1137,1646,1136,1,2
1137,1654,1136,1,2
1137,1655,1136,1,2
1137,1656,1136,1,2
1137,1659,1136,1,2
1137,1666,1136,1,2
1137,1671,1136,1,2
1137,1672,1136,1,2
1137,1673,1136,1,2
1137,1680,1136,1,2
1137,1683,1136,1,2
1140,1587,1162,3,0
1147,1590,1125,0,3
1147,1607,1125,0,3
1170,1584,1169,1,2
1170,1585,1169,1,2
1170,1587,1169,1,2
1170,1594,1169,1,2
1170,1595,1169,1,2
1170,1596,1169,1,2
1170,1597,1169,1,2
1170,1599,1169,1,2
1170,1600,1169,1,2
1170,1605,1169,1,2
1170,1606,1169,1,2
1170,1608,1169,1,2
1170,1611,1169,1,2
1170,1613,1169,1,2
1170,1614,1169,1,2
1170,1617,1169,1,2
1170,1619,1169,1,2
1170,1620,1169,1,2
1170,1621,1169,1,2
1170,1627,1169,1,2
1170,1632,1169,1,2
1170,1635,1169,1,2
1170,1636,1169,1,2
1170,1637,1169,1,2
1170,1639,1169,1,2
1170,1640,1169,1,2
1170,1641,1169,1,2
1170,1647,1169,1,2
1170,1648,1169,1,2
1170,1649,1169,1,2
1170,1650,1169,1,2
1170,1651,1169,1,2
1170,1652,1169,1,2
1170,1653,1169,1,2
1170,1657,1169,1,2
1170,1658,1169,1,2
1170,1660,1169,1,2
1170,1661,1169,1,2
1170,1662,1169,1,2
1170,1663,1169,1,2
1170,1664,1169,1,2
1170,1665,1169,1,2
1170,1667,1169,1,2
1170,1668,1169,1,2
1170,1669,1169,1,2
1170,1670,1169,1,2
1170,1674,1169,1,2
1170,1675,1169,1,2
1170,1676,1169,1,2
1170,1677,1169,1,2
1170,1678,1169,1,2
1170,1679,1169,1,2
1170,1681,1169,1,2
1170,1682,1169,1,2
1181,1586,1180,1,2
1181,1588,1180,1,2
1181,1589,1180,1,2
1181,1590,1180,1,2
1181,1591,1180,1,2
1181,1592,1180,1,2
1181,1593,1180,1,2
1181,1598,1180,1,2
1181,1601,1180,1,2
1181,1602,1180,1,2
1181,1603,1180,1,2
1181,1604,1180,1,2
1181,1607,1180,1,2
1181,1609,1180,1,2
1181,1610,1180,1,2
1181,1612,1180,1,2
1181,1615,1180,1,2
1181,1616,1180,1,2
1181,1618,1180,1,2
1181,1622,1180,1,2
1181,1623,1180,1,2
1181,1624,1180,1,2
1181,1625,1180,1,2
1181,1626,1180,1,2
1181,1628,1180,1,2
1181,1629,1180,1,2
1181,1630,1180,1,2
1181,1631,1180,1,2
1181,1633,1180,1,2
1181,1634,1180,1,2
1181,1638,1180,1,2
1181,1642,1180,1,2
1181,1643,1180,1,2
1181,1644,1180,1,2
1181,1645,1180,1,2
1181,1646,1180,1,2
1181,1654,1180,1,2
1181,1655,1180,1,2
1181,1656,1180,1,2
1181,1659,1180,1,2
1181,1666,1180,1,2
1181,1671,1180,1,2
1181,1672,1180,1,2
1181,1673,1180,1,2
1181,1680,1180,1,2
1181,1683,1180,1,2
1212,1663,1190,0,3
1213,1663,1191,0,3
1214,1584,1213,1,2
1214,1585,1213,1,2
1214,1587,1213,1,2
1214,1594,1213,1,2
1214,1595,1213,1,2
1214,1596,1213,1,2
1214,1597,1213,1,2
1214,1599,1213,1,2
1214,1600,1213,1,2
1214,1605,1213,1,2
1214,1606,1213,1,2
1214,1608,1213,1,2
1214,1611,1213,1,2
1214,1613,1213,1,2
1214,1614,1213,1,2
1214,1617,1213,1,2
1214,1619,1213,1,2
1214,1620,1213,1,2
1214,1621,1213,1,2
1214,1627,1213,1,2
1214,1632,1213,1,2
1214,1635,1213,1,2
1214,1636,1213,1,2
1214,1637,1213,1,2
1214,1639,1213,1,2
1214,1640,1213,1,2
1214,1641,1213,1,2
1214,1647,1213,1,2
1214,1648,1213,1,2
1214,1649,1213,1,2
1214,1650,1213,1,2
1214,1651,1213,1,2
1214,1652,1213,1,2
1214,1653,1213,1,2
1214,1657,1213,1,2
1214,1658,1213,1,2
1214,1660,1213,1,2
1214,1661,1213,1,2
1214,1662,1213,1,2
1214,1663,1213,1,2
1214,1664,1213,1,2
1214,1665,1213,1,2
1214,1667,1213,1,2
1214,1668,1213,1,2
1214,1669,1213,1,2
1214,1670,1213,1,2
1214,1674,1213,1,2
1214,1675,1213,1,2
1214,1676,1213,1,2
1214,1677,1213,1,2
1214,1678,1213,1,2
1214,1679,1213,1,2
1214,1681,1213,1,2
1214,1682,1213,1,2
1225,1586,1224,1,2
1225,1588,1224,1,2
1225,1589,1224,1,2
1225,1590,1224,1,2
1225,1591,1224,1,2
1225,1592,1224,1,2
1225,1593,1224,1,2
1225,1598,1224,1,2
1225,1601,1224,1,2
1225,1602,1224,1,2
1225,1603,1224,1,2
1225,1604,1224,1,2
1225,1607,1224,1,2
1225,1609,1224,1,2
1225,1610,1224,1,2
1225,1612,1224,1,2
1225,1615,1224,1,2
1225,1616,1224,1,2
1225,1618,1224,1,2
1225,1622,1224,1,2
1225,1623,1224,1,2
1225,1624,1224,1,2
1225,1625,1224,1,2
1225,1626,1224,1,2
1225,1628,1224,1,2
1225,1629,1224,1,2
1225,1630,1224,1,2
1225,1631,1224,1,2
1225,1633,1224,1,2
1225,1634,1224,1,2
1225,1638,1224,1,2
1225,1642,1224,1,2
1225,1643,1224,1,2
1225,1644,1224,1,2
1225,1645,1224,1,2
1225,1646,1224,1,2
1225,1654,1224,1,2
1225,1655,1224,1,2
1225,1656,1224,1,2
1225,1659,1224,1,2
1225,1663,1247,3,0
1225,1666,1224,1,2
1225,1671,1224,1,2
1225,1672,1224,1,2
1225,1673,1224,1,2
1225,1680,1224,1,2
1225,1683,1224,1,2
1235,1618,1257,3,0
1246,1668,1268,3,0
1254,1600,1232,0,2
1254,1662,1232,0,2
1256,1600,1234,0,3
1256,1662,1234,0,3
1257,1600,1235,0,3
1257,1662,1235,0,3
1258,1584,1257,1,2
1258,1585,1257,1,2
1258,1587,1257,1,2
1258,1594,1257,1,2
1258,1595,1257,1,2
1258,1596,1257,1,2
1258,1597,1257,1,2
1258,1599,1257,1,2
1258,1600,1257,1,2
1258,1605,1257,1,2
1258,1606,1257,1,2
1258,1608,1257,1,2
1258,1611,1257,1,2
1258,1613,1257,1,2
1258,1614,1257,1,2
1258,1617,1257,1,2
1258,1619,1257,1,2
1258,1620,1257,1,2
1258,1621,1257,1,2
1258,1627,1257,1,2
1258,1632,1257,1,2
1258,1635,1257,1,2
1258,1636,1257,1,2
1258,1637,1257,1,2
1258,1639,1257,1,2
1258,1640,1257,1,2
1258,1641,1257,1,2
1258,1647,1257,1,2
1258,1648,1257,1,2
1258,1649,1257,1,2
1258,1650,1257,1,2
1258,1651,1257,1,2
1258,1652,1257,1,2
1258,1653,1257,1,2
1258,1657,1257,1,2
1258,1658,1257,1,2
1258,1660,1257,1,2
1258,1661,1257,1,2
1258,1662,1257,1,2
1258,1663,1257,1,2
1258,1664,1257,1,2
1258,1665,1257,1,2
1258,1667,1257,1,2
1258,1669,1257,1,2
1258,1670,1257,1,2
1258,1674,1257,1,2
1258,1675,1257,1,2
1258,1676,1257,1,2
1258,1677,1257,1,2
1258,1678,1257,1,2
1258,1679,1257,1,2
1258,1681,1257,1,2
1258,1682,1257,1,2
1269,1586,1268,1,2
1269,1588,1268,1,2
1269,1589,1268,1,2
1269,1590,1268,1,2
1269,1591,1268,1,2
1269,1592,1268,1,2
1269,1593,1268,1,2
1269,1598,1268,1,2
1269,1600,1291,3,0
1269,1601,1268,1,2
1269,1602,1268,1,2
1269,1603,1268,1,2
1269,1604,1268,1,2
1269,1607,1268,1,2
1269,1609,1268,1,2
1269,1610,1268,1,2
1269,1612,1268,1,2
1269,1615,1268,1,2
1269,1616,1268,1,2
1269,1622,1268,1,2
1269,1623,1268,1,2
1269,1624,1268,1,2
1269,1625,1268,1,2
1269,1626,1268,1,2
1269,1628,1268,1,2
1269,1629,1268,1,2
1269,1630,1268,1,2
1269,1631,1268,1,2
1269,1633,1268,1,2
1269,1634,1268,1,2
1269,1638,1268,1,2
1269,1642,1268,1,2
1269,1643,1268,1,2
1269,1644,1268,1,2
1269,1645,1268,1,2
1269,1646,1268,1,2
1269,1654,1268,1,2
1269,1655,1268,1,2
1269,1656,1268,1,2
1269,1659,1268,1,2
1269,1662,1291,3,0
1269,1666,1268,1,2
1269,1671,1268,1,2
1269,1672,1268,1,2
1269,1673,1268,1,2
1269,1680,1268,1,2
1269,1683,1268,1,2
1272,1600,1294,3,0
1279,1618,1257,0,3
1290,1668,1268,0,3
1302,1584,1301,1,2
1302,1585,1301,1,2
1302,1587,1301,1,2
1302,1594,1301,1,2
1302,1595,1301,1,2
1302,1596,1301,1,2
1302,1597,1301,1,2
1302,1599,1301,1,2
1302,1600,1301,1,2
1302,1605,1301,1,2
1302,1606,1301,1,2
1302,1608,1301,1,2
1302,1611,1301,1,2
1302,1613,1301,1,2
1302,1614,1301,1,2
1302,1617,1301,1,2
1302,1619,1301,1,2
1302,1620,1301,1,2
1302,1621,1301,1,2
1302,1627,1301,1,2
1302,1632,1301,1,2
1302,1635,1301,1,2
1302,1636,1301,1,2
1302,1637,1301,1,2
1302,1639,1301,1,2
1302,1640,1301,1,2
1302,1641,1301,1,2
1302,1647,1301,1,2
1302,1648,1301,1,2
1302,1649,1301,1,2
1302,1650,1301,1,2
1302,1651,1301,1,2
1302,1652,1301,1,2
1302,1653,1301,1,2
1302,1657,1301,1,2
1302,1658,1301,1,2
1302,1660,1301,1,2
1302,1661,1301,1,2
1302,1662,1301,1,2
1302,1663,1301,1,2
1302,1664,1301,1,2
1302,1665,1301,1,2
1302,1667,1301,1,2
1302,1668,1301,1,2
1302,1669,1301,1,2
1302,1670,1301,1,2
1302,1674,1301,1,2
1302,1675,1301,1,2
1302,1676,1301,1,2
1302,1677,1301,1,2
1302,1678,1301,1,2
1302,1679,1301,1,2
1302,1681,1301,1,2
1302,1682,1301,1,2
1313,1586,1312,1,2
1313,1588,1312,1,2
1313,1589,1312,1,2
1313,1590,1312,1,2
1313,1591,1312,1,2
1313,1592,1312,1,2
1313,1593,1312,1,2
1313,1598,1312,1,2
1313,1601,1312,1,2
1313,1602,1312,1,2
1313,1603,1312,1,2
1313,1604,1312,1,2
1313,1607,1312,1,2
1313,1609,1312,1,2
1313,1610,1312,1,2
1313,1612,1312,1,2
1313,1615,1312,1,2
1313,1616,1312,1,2
1313,1618,1312,1,2
1313,1622,1312,1,2
1313,1623,1312,1,2
1313,1624,1312,1,2
1313,1625,1312,1,2
1313,1626,1312,1,2
1313,1628,1312,1,2
1313,1629,1312,1,2
1313,1630,1312,1,2
1313,1631,1312,1,2
1313,1633,1312,1,2
1313,1634,1312,1,2
1313,1638,1312,1,2
1313,1642,1312,1,2
1313,1643,1312,1,2
1313,1644,1312,1,2
1313,1645,1312,1,2
1313,1646,1312,1,2
1313,1654,1312,1,2
1313,1655,1312,1,2
1313,1656,1312,1,2
1313,1659,1312,1,2
1313,1666,1312,1,2
1313,1671,1312,1,2
1313,1672,1312,1,2
1313,1673,1312,1,2
1313,1680,1312,1,2
1313,1683,1312,1,2
1320,1606,1298,0,2
1320,1675,1298,0,2
1322,1606,1300,0,3
1322,1675,1300,0,3
1323,1606,1301,0,3
1323,1675,1301,0,3
1335,1606,1357,3,0
1335,1675,1357,3,0
1337,1606,1315,0,3
1337,1675,1315,0,3
1338,1606,1360,3,0
1338,1675,1360,3,0
1339,1606,1361,3,0
1342,1650,1320,0,2
1344,1650,1322,0,3
1345,1650,1323,0,3
1346,1584,1345,1,2
1346,1585,1345,1,2
1346,1587,1345,1,2
1346,1594,1345,1,2
1346,1595,1345,1,2
1346,1596,1345,1,2
1346,1597,1345,1,2
1346,1599,1345,1,2
1346,1600,1345,1,2
1346,1605,1345,1,2
1346,1606,1345,1,2
1346,1608,1345,1,2
1346,1611,1345,1,2
1346,1613,1345,1,2
1346,1614,1345,1,2
1346,1617,1345,1,2
1346,1619,1345,1,2
1346,1620,1345,1,2
1346,1621,1345,1,2
1346,1627,1345,1,2
1346,1632,1345,1,2
1346,1635,1345,1,2
1346,1636,1345,1,2
1346,1637,1345,1,2
1346,1639,1345,1,2
1346,1640,1345,1,2
1346,1641,1345,1,2
1346,1647,1345,1,2
1346,1648,1345,1,2
1346,1649,1345,1,2
1346,1650,1345,1,2
1346,1651,1345,1,2
1346,1652,1345,1,2
1346,1653,1345,1,2
1346,1657,1345,1,2
1346,1658,1345,1,2
1346,1660,1345,1,2
1346,1661,1345,1,2
1346,1662,1345,1,2
1346,1663,1345,1,2
1346,1664,1345,1,2
1346,1665,1345,1,2
1346,1667,1345,1,2
1346,1668,1345,1,2
1346,1669,1345,1,2
1346,1670,1345,1,2
1346,1674,1345,1,2
1346,1675,1345,1,2
1346,1676,1345,1,2
1346,1677,1345,1,2
1346,1678,1345,1,2
1346,1679,1345,1,2
1346,1681,1345,1,2
1346,1682,1345,1,2
1357,1586,1356,1,2
1357,1588,1356,1,2
1357,1590,1356,1,2
1357,1591,1356,1,2
1357,1592,1356,1,2
1357,1598,1356,1,2
1357,1601,1356,1,2
1357,1603,1356,1,2
1357,1607,1356,1,2
1357,1609,1356,1,2
1357,1610,1356,1,2
1357,1612,1356,1,2
1357,1615,1356,1,2
1357,1622,1356,1,2
1357,1623,1356,1,2
1357,1624,1356,1,2
1357,1625,1356,1,2
1357,1626,1356,1,2
1357,1628,1356,1,2
1357,1629,1356,1,2
1357,1630,1356,1,2
1357,1631,1356,1,2
1357,1633,1356,1,2
1357,1638,1356,1,2
1357,1642,1356,1,2
1357,1645,1356,1,2
1357,1650,1379,3,0
1357,1655,1356,1,2
1357,1656,1356,1,2
1357,1666,1356,1,2
1357,1671,1356,1,2
1357,1673,1356,1,2
1357,1680,1356,1,2
1357,1683,1356,1,2
1359,1650,1337,0,3
1360,1650,1382,3,0
1361,1650,1383,3,0
1364,1636,1342,0,2
1366,1636,1344,0,3
1367,1636,1345,0,3
1367,1680,1389,3,0
1379,1636,1401,3,0
1381,1636,1359,0,3
1382,1636,1404,3,0
1390,1584,1389,1,2
1390,1585,1389,1,2
1390,1587,1389,1,2
1390,1594,1389,1,2
1390,1595,1389,1,2
1390,1596,1389,1,2
1390,1597,1389,1,2
1390,1599,1389,1,2
1390,1600,1389,1,2
1390,1605,1389,1,2
1390,1606,1389,1,2
1390,1608,1389,1,2
1390,1611,1389,1,2
1390,1613,1389,1,2
1390,1614,1389,1,2
1390,1617,1389,1,2
1390,1619,1389,1,2
1390,1620,1389,1,2
1390,1621,1389,1,2
1390,1627,1389,1,2
1390,1632,1389,1,2
1390,1635,1389,1,2
1390,1636,1389,1,2
1390,1637,1389,1,2
1390,1639,1389,1,2
1390,1640,1389,1,2
1390,1641,1389,1,2
1390,1647,1389,1,2
1390,1648,1389,1,2
1390,1649,1389,1,2
1390,1650,1389,1,2
1390,1651,1389,1,2
1390,1652,1389,1,2
1390,1653,1389,1,2
1390,1657,1389,1,2
1390,1658,1389,1,2
1390,1660,1389,1,2
1390,1661,1389,1,2
1390,1662,1389,1,2
1390,1663,1389,1,2
1390,1664,1389,1,2
1390,1665,1389,1,2
1390,1667,1389,1,2
1390,1668,1389,1,2
1390,1669,1389,1,2
1390,1670,1389,1,2
1390,1674,1389,1,2
1390,1675,1389,1,2
1390,1676,1389,1,2
1390,1677,1389,1,2
1390,1678,1389,1,2
1390,1679,1389,1,2
1390,1681,1389,1,2
1390,1682,1389,1,2
1401,1586,1400,1,2
1401,1588,1400,1,2
1401,1589,1400,1,2
1401,1590,1400,1,2
1401,1591,1400,1,2
1401,1592,1400,1,2
1401,1593,1400,1,2
1401,1598,1400,1,2
1401,1601,1400,1,2
1401,1602,1400,1,2
1401,1603,1400,1,2
1401,1604,1400,1,2
1401,1607,1400,1,2
1401,1609,1400,1,2
1401,1610,1400,1,2
1401,1612,1400,1,2
1401,1615,1400,1,2
1401,1616,1400,1,2
1401,1618,1400,1,2
1401,1622,1400,1,2
1401,1623,1400,1,2
1401,1624,1400,1,2
1401,1625,1400,1,2
1401,1626,1400,1,2
1401,1628,1400,1,2
1401,1629,1400,1,2
1401,1630,1400,1,2
1401,1631,1400,1,2
1401,1633,1400,1,2
1401,1634,1400,1,2
1401,1638,1400,1,2
1401,1642,1400,1,2
1401,1643,1400,1,2
1401,1644,1400,1,2
1401,1645,1400,1,2
1401,1646,1400,1,2
1401,1654,1400,1,2
1401,1655,1400,1,2
1401,1656,1400,1,2
1401,1659,1400,1,2
1401,1666,1400,1,2
1401,1671,1400,1,2
1401,1672,1400,1,2
1401,1673,1400,1,2
1401,1683,1400,1,2
1410,1664,1388,0,3
1411,1664,1389,0,3
1411,1680,1389,0,3
1423,1664,1445,3,0
1434,1584,1433,1,2
1434,1585,1433,1,2
1434,1587,1433,1,2
1434,1594,1433,1,2
1434,1595,1433,1,2
1434,1596,1433,1,2
1434,1597,1433,1,2
1434,1599,1433,1,2
1434,1600,1433,1,2
1434,1605,1433,1,2
1434,1606,1433,1,2
1434,1608,1433,1,2
1434,1611,1433,1,2
1434,1613,1433,1,2
1434,1614,1433,1,2
1434,1617,1433,1,2
1434,1619,1433,1,2
1434,1620,1433,1,2
1434,1621,1433,1,2
1434,1627,1433,1,2
1434,1632,1433,1,2
1434,1635,1433,1,2
1434,1636,1433,1,2
1434,1637,1433,1,2
1434,1639,1433,1,2
1434,1640,1433,1,2
1434,1641,1433,1,2
1434,1647,1433,1,2
1434,1648,1433,1,2
1434,1649,1433,1,2
1434,1650,1433,1,2
1434,1651,1433,1,2
1434,1652,1433,1,2
1434,1653,1433,1,2
1434,1657,1433,1,2
1434,1658,1433,1,2
1434,1660,1433,1,2
1434,1661,1433,1,2
1434,1662,1433,1,2
1434,1663,1433,1,2
1434,1664,1433,1,2
1434,1665,1433,1,2
1434,1667,1433,1,2
1434,1668,1433,1,2
1434,1669,1433,1,2
1434,1670,1433,1,2
1434,1674,1433,1,2
1434,1675,1433,1,2
1434,1676,1433,1,2
1434,1677,1433,1,2
1434,1678,1433,1,2
1434,1679,1433,1,2
1434,1681,1433,1,2
1434,1682,1433,1,2
1445,1586,1444,1,2
1445,1588,1444,1,2
1445,1589,1444,1,2
1445,1590,1444,1,2
1445,1591,1444,1,2
1445,1592,1444,1,2
1445,1593,1444,1,2
1445,1598,1444,1,2
1445,1601,1444,1,2
1445,1602,1444,1,2
1445,1603,1444,1,2
1445,1604,1444,1,2
1445,1607,1444,1,2
1445,1609,1444,1,2
1445,1610,1444,1,2
1445,1612,1444,1,2
1445,1615,1444,1,2
1445,1616,1444,1,2
1445,1618,1444,1,2
1445,1622,1444,1,2
1445,1623,1444,1,2
1445,1624,1444,1,2
1445,1625,1444,1,2
1445,1626,1444,1,2
1445,1628,1444,1,2
1445,1629,1444,1,2
1445,1630,1444,1,2
1445,1631,1444,1,2
1445,1633,1444,1,2
1445,1634,1444,1,2
1445,1638,1444,1,2
1445,1642,1444,1,2
1445,1643,1444,1,2
1445,1644,1444,1,2
1445,1645,1444,1,2
1445,1646,1444,1,2
1445,1654,1444,1,2
1445,1655,1444,1,2
1445,1656,1444,1,2
1445,1659,1444,1,2
1445,1666,1444,1,2
1445,1671,1444,1,2
1445,1672,1444,1,2
1445,1673,1444,1,2
1445,1680,1444,1,2
1445,1683,1444,1,2
1452,1595,1430,0,2
1454,1595,1432,0,3
1455,1595,1433,0,3
1466,1621,1488,3,0
1466,1667,1488,3,0
1467,1595,1489,3,0
1474,1585,1452,0,2
1476,1585,1454,0,3
1478,1584,1477,1,2
1478,1585,1477,1,2
1478,1587,1477,1,2
1478,1594,1477,1,2
1478,1595,1477,1,2
1478,1596,1477,1,2
1478,1597,1477,1,2
1478,1599,1477,1,2
1478,1600,1477,1,2
1478,1605,1477,1,2
1478,1606,1477,1,2
1478,1608,1477,1,2
1478,1611,1477,1,2
1478,1613,1477,1,2
1478,1614,1477,1,2
1478,1617,1477,1,2
1478,1619,1477,1,2
1478,1620,1477,1,2
1478,1627,1477,1,2
1478,1632,1477,1,2
1478,1635,1477,1,2
1478,1636,1477,1,2
1478,1637,1477,1,2
1478,1639,1477,1,2
1478,1640,1477,1,2
1478,1641,1477,1,2
1478,1647,1477,1,2
1478,1648,1477,1,2
1478,1649,1477,1,2
1478,1650,1477,1,2
1478,1651,1477,1,2
1478,1652,1477,1,2
1478,1653,1477,1,2
1478,1657,1477,1,2
1478,1658,1477,1,2
1478,1660,1477,1,2
1478,1661,1477,1,2
1478,1662,1477,1,2
1478,1663,1477,1,2
1478,1664,1477,1,2
1478,1665,1477,1,2
1478,1668,1477,1,2
1478,1669,1477,1,2
1478,1670,1477,1,2
1478,1674,1477,1,2
1478,1675,1477,1,2
1478,1676,1477,1,2
1478,1677,1477,1,2
1478,1678,1477,1,2
1478,1679,1477,1,2
1478,1681,1477,1,2
1478,1682,1477,1,2
1489,1585,1511,3,0
1489,1586,1488,1,2
1489,1588,1488,1,2
1489,1589,1488,1,2
1489,1590,1488,1,2
1489,1591,1488,1,2
1489,1592,1488,1,2
1489,1593,1488,1,2
1489,1598,1488,1,2
1489,1601,1488,1,2
1489,1602,1488,1,2
1489,1603,1488,1,2
1489,1604,1488,1,2
1489,1607,1488,1,2
1489,1609,1488,1,2
1489,1610,1488,1,2
1489,1612,1488,1,2
1489,1615,1488,1,2
1489,1616,1488,1,2
1489,1618,1488,1,2
1489,1622,1488,1,2
1489,1623,1488,1,2
1489,1624,1488,1,2
1489,1625,1488,1,2
1489,1626,1488,1,2
1489,1628,1488,1,2
1489,1629,1488,1,2
1489,1630,1488,1,2
1489,1631,1488,1,2
1489,1633,1488,1,2
1489,1634,1488,1,2
1489,1638,1488,1,2
1489,1642,1488,1,2
1489,1643,1488,1,2
1489,1644,1488,1,2
1489,1645,1488,1,2
1489,1646,1488,1,2
1489,1654,1488,1,2
1489,1655,1488,1,2
1489,1656,1488,1,2
1489,1659,1488,1,2
1489,1666,1488,1,2
1489,1671,1488,1,2
1489,1672,1488,1,2
1489,1673,1488,1,2
1489,1680,1488,1,2
1489,1683,1488,1,2
1490,1585,1468,0,3
1510,1621,1488,0,3
1510,1648,1532,3,0
1510,1658,1532,3,0
1510,1667,1488,0,3
1520,1614,1498,0,3
1520,1620,1498,0,3
1522,1584,1521,1,2
1522,1585,1521,1,2
1522,1587,1521,1,2
1522,1594,1521,1,2
1522,1595,1521,1,2
1522,1596,1521,1,2
1522,1597,1521,1,2
1522,1599,1521,1,2
1522,1600,1521,1,2
1522,1605,1521,1,2
1522,1606,1521,1,2
1522,1608,1521,1,2
1522,1611,1521,1,2
1522,1613,1521,1,2
1522,1614,1521,1,2
1522,1617,1521,1,2
1522,1619,1521,1,2
1522,1620,1521,1,2
1522,1621,1521,1,2
1522,1627,1521,1,2
1522,1632,1521,1,2
1522,1635,1521,1,2
1522,1636,1521,1,2
1522,1637,1521,1,2
1522,1639,1521,1,2
1522,1640,1521,1,2
1522,1641,1521,1,2
1522,1647,1521,1,2
1522,1649,1521,1,2
1522,1650,1521,1,2
1522,1651,1521,1,2
1522,1652,1521,1,2
1522,1653,1521,1,2
1522,1657,1521,1,2
1522,1660,1521,1,2
1522,1661,1521,1,2
1522,1662,1521,1,2
1522,1663,1521,1,2
1522,1664,1521,1,2
1522,1665,1521,1,2
1522,1667,1521,1,2
1522,1668,1521,1,2
1522,1669,1521,1,2
1522,1670,1521,1,2
1522,1674,1521,1,2
1522,1675,1521,1,2
1522,1676,1521,1,2
1522,1677,1521,1,2
1522,1678,1521,1,2
1522,1679,1521,1,2
1522,1681,1521,1,2
1522,1682,1521,1,2
1532,1614,1554,3,0
1532,1620,1554,3,0
1533,1586,1532,1,2
1533,1588,1532,1,2
1533,1589,1532,1,2
1533,1590,1532,1,2
1533,1591,1532,1,2
1533,1592,1532,1,2
1533,1593,1532,1,2
1533,1598,1532,1,2
1533,1601,1532,1,2
1533,1602,1532,1,2
1533,1603,1532,1,2
1533,1604,1532,1,2
1533,1607,1532,1,2
1533,1609,1532,1,2
1533,1610,1532,1,2
1533,1612,1532,1,2
1533,1615,1532,1,2
1533,1616,1532,1,2
1533,1618,1532,1,2
1533,1622,1532,1,2
1533,1623,1532,1,2
1533,1624,1532,1,2
1533,1625,1532,1,2
1533,1626,1532,1,2
1533,1628,1532,1,2
1533,1629,1532,1,2
1533,1630,1532,1,2
1533,1631,1532,1,2
1533,1633,1532,1,2
1533,1634,1532,1,2
1533,1638,1532,1,2
1533,1642,1532,1,2
1533,1643,1532,1,2
1533,1644,1532,1,2
1533,1645,1532,1,2
1533,1646,1532,1,2
1533,1654,1532,1,2
1533,1655,1532,1,2
1533,1656,1532,1,2
1533,1659,1532,1,2
1533,1666,1532,1,2
1533,1671,1532,1,2
1533,1672,1532,1,2
1533,1673,1532,1,2
1533,1680,1532,1,2
1533,1683,1532,1,2
1534,1614,1512,0,3
1534,1620,1512,0,3
1536,1614,1558,3,0
1536,1620,1558,3,0
1539,1614,1517,0,3
1539,1620,1517,0,3
1541,1594,1519,0,3
1541,1597,1519,0,3
1542,1594,1520,0,3
1542,1597,1520,0,3
1543,1633,1565,3,0
1554,1641,1576,3,0
1554,1648,1532,0,3
1554,1658,1532,0,3
1556,1594,1534,0,3
1556,1597,1534,0,3
1557,1594,1579,3,0
1557,1597,1579,3,0
1558,1594,1580,3,0
1558,1597,1580,3,0
1566,1584,1565,1,2
1566,1585,1565,1,2
1566,1587,1565,1,2
1566,1594,1565,1,2
1566,1595,1565,1,2
1566,1596,1565,1,2
1566,1597,1565,1,2
1566,1599,1565,1,2
1566,1600,1565,1,2
1566,1605,1565,1,2
1566,1606,1565,1,2
1566,1608,1565,1,2
1566,1611,1565,1,2
1566,1613,1565,1,2
1566,1614,1565,1,2
1566,1617,1565,1,2
1566,1619,1565,1,2
1566,1620,1565,1,2
1566,1621,1565,1,2
1566,1627,1565,1,2
1566,1632,1565,1,2
1566,1635,1565,1,2
1566,1636,1565,1,2
1566,1637,1565,1,2
1566,1639,1565,1,2
1566,1640,1565,1,2
1566,1647,1565,1,2
1566,1648,1565,1,2
1566,1649,1565,1,2
1566,1650,1565,1,2
1566,1651,1565,1,2
1566,1652,1565,1,2
1566,1653,1565,1,2
1566,1657,1565,1,2
1566,1658,1565,1,2
1566,1660,1565,1,2
1566,1661,1565,1,2
1566,1662,1565,1,2
1566,1663,1565,1,2
1566,1664,1565,1,2
1566,1665,1565,1,2
1566,1667,1565,1,2
1566,1668,1565,1,2
1566,1669,1565,1,2
1566,1670,1565,1,2
1566,1674,1565,1,2
1566,1675,1565,1,2
1566,1676,1565,1,2
1566,1677,1565,1,2
1566,1678,1565,1,2
1566,1679,1565,1,2
1566,1681,1565,1,2
1566,1682,1565,1,2
1577,1586,1576,1,2
1577,1588,1576,1,2
1577,1589,1576,1,2
1577,1590,1576,1,2
1577,1591,1576,1,2
1577,1592,1576,1,2
1577,1593,1576,1,2
1577,1598,1576,1,2
1577,1601,1576,1,2
1577,1602,1576,1,2
1577,1603,1576,1,2
1577,1604,1576,1,2
1577,1607,1576,1,2
1577,1609,1576,1,2
1577,1610,1576,1,2
1577,1612,1576,1,2
1577,1615,1576,1,2
1577,1616,1576,1,2
1577,1618,1576,1,2
1577,1622,1576,1,2
1577,1623,1576,1,2
1577,1624,1576,1,2
1577,1625,1576,1,2
1577,1626,1576,1,2
1577,1628,1576,1,2
1577,1629,1576,1,2
1577,1630,1576,1,2
1577,1631,1576,1,2
1577,1634,1576,1,2
1577,1638,1576,1,2
1577,1642,1576,1,2
1577,1643,1576,1,2
1577,1644,1576,1,2
1577,1645,1576,1,2
1577,1646,1576,1,2
1577,1654,1576,1,2
1577,1655,1576,1,2
1577,1656,1576,1,2
1577,1659,1576,1,2
1577,1666,1576,1,2
1577,1671,1576,1,2
1577,1672,1576,1,2
1577,1673,1576,1,2
1577,1680,1576,1,2
1577,1683,1576,1,2
