2,1639,1564,3,3
2,1652,1564,3,3
15,1634,1577,3,3
15,1639,1577,3,3
15,1652,1577,3,3
17,1639,39,2,0
26,1599,48,3,0
26,1619,48,3,0
26,1637,48,3,0
26,1661,48,3,0
26,1669,48,3,0
37,1599,15,0,2
37,1619,15,0,2
37,1637,15,0,2
37,1661,15,0,2
37,1669,15,0,2
39,1599,61,3,0
39,1619,61,3,0
39,1661,61,3,0
40,1599,62,3,0
40,1619,62,3,0
40,1661,62,3,0
47,1627,25,0,3
47,1651,25,0,3
47,1665,25,0,3
47,1677,25,0,3
48,1627,70,3,0
48,1651,70,3,0
48,1665,70,3,0
48,1677,70,3,0
59,1627,37,0,3
59,1651,37,0,3
59,1665,37,0,3
59,1677,37,0,3
61,1627,83,3,0
61,1651,83,3,0
61,1665,83,3,0
61,1677,83,3,0
69,1635,47,0,3
81,1604,59,0,3
81,1635,59,0,3
83,1635,105,3,0
84,1635,106,3,0
88,1670,66,0,2
88,1679,66,0,2
91,1649,69,0,3
91,1670,69,0,3
91,1679,69,0,3
92,1649,114,3,0
92,1670,114,3,0
92,1679,114,3,0
103,1649,81,0,3
103,1670,81,0,3
103,1679,81,0,3
105,1649,127,3,0
105,1670,127,3,0
105,1679,127,3,0
110,1632,88,0,2
110,1647,88,0,2
113,1632,91,0,3
113,1647,91,0,3
121,1589,99,0,3
122,1589,144,3,0
124,1589,146,3,0
125,1589,103,0,3
125,1632,103,0,3
125,1647,103,0,3
126,1632,148,3,0
126,1647,148,3,0
127,1632,149,3,0
127,1647,149,3,0
128,1632,106,0,3
128,1647,106,0,3
129,1632,107,0,3
129,1647,107,0,3
131,1632,153,3,0
131,1647,153,3,0
132,1610,110,0,2
133,1584,155,3,0
133,1591,155,3,0
133,1610,155,3,0
133,1617,155,3,0
135,1584,113,0,3
135,1591,113,0,3
135,1610,113,0,3
135,1617,113,0,3
137,1616,159,3,0
137,1646,159,3,0
137,1681,159,3,0
139,1616,161,3,0
139,1646,161,3,0
139,1681,161,3,0
140,1616,162,3,0
140,1681,162,3,0
141,1616,119,0,3
141,1681,119,0,3
142,1616,164,3,0
142,1681,164,3,0
144,1616,166,3,0
144,1646,166,3,0
144,1681,166,3,0
146,1616,168,3,0
146,1646,168,3,0
146,1681,168,3,0
147,1584,125,0,3
147,1591,125,0,3
147,1610,125,0,3
147,1616,125,0,3
147,1617,125,0,3
147,1646,125,0,3
147,1681,125,0,3
149,1584,171,3,0
149,1591,171,3,0
149,1610,171,3,0
149,1617,171,3,0
150,1610,128,0,3
151,1610,129,0,3
152,1610,130,0,3
166,1644,188,3,0
168,1644,190,3,0
169,1644,147,0,3
188,1602,210,3,0
188,1643,210,3,0
190,1602,212,3,0
190,1643,212,3,0
191,1602,169,0,3
191,1643,169,0,3
312,1593,290,0,3
312,1672,290,0,3
313,1593,335,3,0
313,1672,335,3,0
314,1593,336,3,0
314,1672,336,3,0
322,1593,344,3,0
322,1672,344,3,0
323,1593,345,3,0
323,1672,345,3,0
334,1640,312,0,3
335,1640,357,3,0
344,1640,366,3,0
345,1640,367,3,0
444,1659,422,0,3
445,1659,467,3,0
446,1659,468,3,0
447,1659,425,0,3
448,1659,470,3,0
450,1659,428,0,3
452,1659,474,3,0
454,1659,476,3,0
466,1618,444,0,3
466,1668,444,0,3
467,1618,489,3,0
468,1618,490,3,0
474,1618,496,3,0
476,1618,498,3,0
479,1668,501,3,0
488,1650,466,0,3
489,1650,511,3,0
490,1650,512,3,0
491,1650,469,0,3
494,1650,472,0,3
496,1650,518,3,0
498,1650,520,3,0
576,1656,554,0,3
578,1656,600,3,0
579,1656,557,0,3
582,1656,560,0,3
598,1680,576,0,3
600,1680,622,3,0
601,1680,579,0,3
602,1680,624,3,0
603,1680,625,3,0
604,1680,582,0,3
617,1676,639,3,0
620,1638,598,0,3
620,1676,598,0,3
622,1638,644,3,0
664,1655,642,0,3
666,1655,688,3,0
667,1655,645,0,3
673,1655,651,0,3
683,1621,705,3,0
683,1667,705,3,0
686,1621,664,0,3
686,1667,664,0,3
697,1621,719,3,0
697,1667,719,3,0
698,1621,676,0,3
698,1667,676,0,3
700,1667,678,0,3
705,1660,727,3,0
708,1592,686,0,3
708,1660,686,0,3
708,1678,686,0,3
710,1592,732,3,0
711,1592,689,0,3
718,1592,740,3,0
719,1592,741,3,0
719,1660,741,3,0
719,1678,741,3,0
722,1660,700,0,3
727,1648,749,3,0
727,1658,749,3,0
730,1648,708,0,3
730,1658,708,0,3
749,1654,771,3,0
752,1598,730,0,3
752,1654,730,0,3
753,1598,731,0,3
754,1598,776,3,0
762,1598,784,3,0
763,1598,785,3,0
763,1654,785,3,0
765,1654,743,0,3
774,1633,752,0,3
774,1641,752,0,3
775,1633,753,0,3
776,1633,798,3,0
782,1633,760,0,3
784,1633,806,3,0
787,1641,765,0,3
818,1612,796,0,3
818,1623,796,0,3
822,1612,844,3,0
824,1612,802,0,3
825,1612,847,3,0
829,1612,851,3,0
829,1623,851,3,0
840,1588,818,0,3
840,1642,818,0,3
844,1588,866,3,0
844,1642,866,3,0
851,1588,873,3,0
851,1642,873,3,0
869,1628,891,3,0
869,1645,891,3,0
873,1628,895,3,0
873,1645,895,3,0
884,1622,862,0,3
894,1622,872,0,3
895,1622,917,3,0
914,1673,892,0,3
916,1673,894,0,3
917,1673,939,3,0
927,1611,949,3,0
939,1611,961,3,0
946,1613,968,2,0
947,1613,925,0,3
949,1613,971,3,0
953,1630,931,0,3
953,1666,931,0,3
954,1630,932,0,3
956,1630,934,0,3
958,1630,936,0,3
958,1666,936,0,3
960,1630,938,0,3
960,1666,938,0,3
961,1613,983,3,0
961,1630,983,3,0
961,1666,983,3,0
963,1613,941,0,3
964,1613,986,3,0
965,1613,987,3,0
993,1608,971,0,3
993,1657,971,0,3
997,1683,975,0,3
1002,1683,980,0,3
1004,1683,982,0,3
1005,1608,1027,3,0
1005,1683,1027,3,0
1024,1625,1002,0,3
1026,1625,1004,0,3
1037,1605,1015,0,3
1039,1603,1017,0,3
1039,1609,1017,0,3
1039,1626,1017,0,3
1039,1629,1017,0,3
1039,1631,1017,0,3
1041,1603,1063,3,0
1041,1609,1063,3,0
1041,1626,1063,3,0
1041,1629,1063,3,0
1041,1631,1063,3,0
1046,1603,1024,0,3
1046,1609,1024,0,3
1046,1626,1024,0,3
1046,1629,1024,0,3
1046,1631,1024,0,3
1048,1603,1026,0,3
1048,1609,1026,0,3
1048,1626,1026,0,3
1048,1629,1026,0,3
1048,1631,1026,0,3
1060,1601,1082,3,0
1060,1624,1082,3,0
1061,1601,1039,0,3
1061,1624,1039,0,3
1064,1601,1042,0,3
1068,1601,1046,0,3
1068,1624,1046,0,3
1070,1601,1048,0,3
1070,1624,1048,0,3
1071,1601,1049,0,3
1071,1624,1049,0,3
1079,1653,1057,0,3
1081,1653,1059,0,3
1082,1653,1104,3,0
1082,1671,1104,3,0
1084,1671,1062,0,3
1090,1671,1068,0,3
1092,1671,1070,0,3
1093,1653,1071,0,3
1093,1671,1071,0,3
1100,1674,1122,2,0
1100,1682,1122,2,0
1101,1674,1079,0,3
1101,1682,1079,0,3
1103,1674,1081,0,3
1103,1682,1081,0,3
1104,1586,1126,3,0
1104,1674,1126,3,0
1104,1682,1126,3,0
1105,1586,1083,0,3
1106,1586,1084,0,3
1107,1586,1129,3,0
1112,1586,1090,0,3
1114,1586,1092,0,3
1115,1586,1093,0,3
1115,1674,1093,0,3
1115,1682,1093,0,3
1116,1674,1138,3,0
1116,1682,1138,3,0
1117,1674,1095,0,3
1117,1682,1095,0,3
1120,1682,1098,0,3
1123,1587,1101,0,3
1126,1587,1148,3,0
1126,1596,1148,3,0
1137,1587,1115,0,3
1137,1596,1115,0,3
1138,1587,1160,3,0
1138,1596,1160,3,0
1139,1587,1117,0,3
1139,1596,1117,0,3
1148,1590,1170,3,0
1148,1607,1170,3,0
1149,1590,1127,0,3
1149,1607,1127,0,3
1150,1590,1128,0,3
1150,1607,1128,0,3
1158,1590,1136,0,3
1158,1607,1136,0,3
1159,1590,1137,0,3
1159,1607,1137,0,3
1192,1615,1214,3,0
1193,1615,1171,0,3
1194,1615,1172,0,3
1202,1615,1180,0,3
1203,1615,1181,0,3
1211,1663,1189,0,3
1213,1663,1191,0,3
1214,1663,1236,3,0
1233,1600,1211,0,3
1233,1662,1211,0,3
1235,1600,1213,0,3
1235,1662,1213,0,3
1236,1600,1258,3,0
1236,1662,1258,3,0
1250,1600,1272,3,0
1321,1606,1299,0,3
1321,1675,1299,0,3
1324,1606,1346,3,0
1324,1675,1346,3,0
1338,1606,1360,3,0
1338,1675,1360,3,0
1340,1606,1318,0,3
1365,1636,1343,0,3
1368,1636,1390,3,0
1409,1664,1387,0,3
1412,1664,1434,3,0
1453,1595,1431,0,3
1456,1595,1478,3,0
1468,1595,1490,3,0
1470,1595,1492,3,0
1475,1585,1453,0,3
1478,1585,1500,3,0
1489,1585,1467,0,3
1490,1585,1512,3,0
1492,1585,1514,3,0
1518,1614,1496,0,2
1518,1620,1496,0,2
1519,1614,1497,0,3
1519,1620,1497,0,3
1522,1614,1544,3,0
1522,1620,1544,3,0
1535,1614,1557,3,0
1535,1620,1557,3,0
1536,1614,1558,3,0
1536,1620,1558,3,0
1541,1594,1519,0,3
1541,1597,1519,0,3
1544,1594,1566,3,0
1544,1597,1566,3,0
1555,1594,1533,0,3
1555,1597,1533,0,3
1557,1594,1579,3,0
1557,1597,1579,3,0
