1,1599,1563,3,3
1,1625,1563,3,3
1,1661,1563,3,3
16,1599,1578,3,3
16,1625,1578,3,3
16,1661,1578,3,3
16,1669,1578,3,3
17,1599,1579,3,3
17,1625,1579,3,3
17,1661,1579,3,3
18,1661,40,2,0
38,1671,16,0,2
38,1677,16,0,2
38,1683,16,0,2
39,1671,17,0,2
39,1677,17,0,2
39,1683,17,0,2
40,1683,62,3,0
60,1624,38,0,3
61,1624,39,0,3
66,1603,88,2,0
66,1609,88,2,0
66,1626,88,2,0
66,1629,88,2,0
66,1631,88,2,0
66,1679,88,2,0
68,1603,46,0,3
68,1609,46,0,3
68,1626,46,0,3
68,1629,46,0,3
68,1631,46,0,3
68,1679,46,0,3
76,1613,54,0,3
77,1613,55,0,3
78,1613,100,3,0
82,1603,60,0,3
82,1609,60,0,3
82,1626,60,0,3
82,1629,60,0,3
82,1631,60,0,3
82,1679,60,0,3
90,1586,68,0,3
91,1586,113,3,0
100,1589,122,3,0
100,1660,122,3,0
100,1676,122,3,0
104,1586,82,0,3
112,1591,90,0,3
112,1617,90,0,3
112,1630,90,0,3
113,1591,135,3,0
113,1617,135,3,0
113,1630,135,3,0
122,1667,144,3,0
123,1667,101,0,3
125,1591,103,0,3
125,1617,103,0,3
125,1630,103,0,3
125,1667,103,0,3
126,1591,104,0,3
126,1617,104,0,3
126,1630,104,0,3
129,1630,107,0,3
131,1630,109,0,3
158,1587,180,3,0
158,1602,180,3,0
165,1587,143,0,3
165,1602,143,0,3
167,1587,145,0,3
167,1602,145,0,3
168,1587,146,0,3
168,1602,146,0,3
169,1587,147,0,3
169,1602,147,0,3
180,1643,202,3,0
187,1643,165,0,3
188,1643,210,3,0
189,1643,167,0,3
190,1643,168,0,3
202,1641,224,3,0
210,1641,232,3,0
211,1641,189,0,3
212,1641,190,0,3
213,1641,235,3,0
276,1682,298,3,0
278,1621,256,0,3
278,1682,256,0,3
279,1621,301,3,0
279,1682,301,3,0
300,1593,278,0,3
300,1648,278,0,3
300,1658,278,0,3
314,1640,336,3,0
322,1640,300,0,3
388,1678,366,0,3
443,1668,465,3,0
456,1668,478,3,0
457,1668,435,0,3
465,1673,487,3,0
478,1673,500,3,0
479,1673,457,0,3
492,1600,514,3,0
492,1606,514,3,0
496,1600,518,3,0
496,1606,518,3,0
498,1600,476,0,3
498,1606,476,0,3
646,1655,668,3,0
650,1655,672,3,0
666,1653,688,3,0
707,1644,729,3,0
707,1646,729,3,0
710,1662,732,3,0
710,1675,732,3,0
712,1675,734,3,0
716,1662,738,3,0
716,1675,738,3,0
720,1644,742,3,0
720,1646,742,3,0
729,1654,751,3,0
742,1654,764,3,0
762,1608,740,0,3
762,1611,740,0,3
764,1672,786,3,0
783,1663,761,0,3
784,1663,762,0,3
798,1623,820,3,0
805,1623,783,0,3
806,1623,784,0,3
847,1645,869,3,0
869,1614,891,3,0
870,1595,848,0,3
870,1614,848,0,3
882,1616,904,3,0
882,1681,904,3,0
883,1616,861,0,3
883,1681,861,0,3
892,1664,870,0,3
896,1616,918,3,0
896,1681,918,3,0
899,1616,921,3,0
899,1681,921,3,0
901,1616,923,3,0
901,1681,923,3,0
913,1632,935,3,0
913,1647,935,3,0
914,1585,892,0,3
914,1632,892,0,3
914,1647,892,0,3
915,1585,937,3,0
915,1632,937,3,0
915,1647,937,3,0
917,1585,939,3,0
917,1632,939,3,0
917,1647,939,3,0
928,1597,906,0,3
928,1610,906,0,3
928,1666,906,0,3
935,1597,957,3,0
935,1610,957,3,0
935,1666,957,3,0
937,1597,959,3,0
937,1610,959,3,0
937,1666,959,3,0
950,1619,928,0,3
957,1619,979,3,0
959,1619,981,3,0
960,1619,982,3,0
961,1619,983,3,0
1016,1605,994,0,3
1016,1657,994,0,3
1027,1605,1005,0,3
1027,1657,1005,0,3
1046,1601,1024,0,3
1048,1601,1070,3,0
1049,1601,1027,0,3
1059,1634,1037,0,3
1068,1639,1046,0,3
1068,1670,1046,0,3
1070,1639,1092,3,0
1070,1670,1092,3,0
1071,1634,1049,0,3
1071,1639,1049,0,3
1071,1670,1049,0,3
1081,1674,1059,0,3
1090,1635,1068,0,3
1092,1635,1114,3,0
1103,1596,1081,0,3
1106,1627,1084,0,3
1106,1651,1084,0,3
1106,1665,1084,0,3
1112,1627,1090,0,3
1112,1651,1090,0,3
1112,1665,1090,0,3
1114,1627,1136,3,0
1114,1651,1136,3,0
1114,1665,1136,3,0
1117,1596,1139,3,0
1136,1590,1158,3,0
1136,1607,1158,3,0
1150,1649,1128,0,3
1156,1649,1134,0,3
1158,1649,1180,3,0
1180,1615,1202,3,0
1191,1598,1169,0,3
1191,1659,1169,0,3
1200,1584,1178,0,3
1202,1584,1224,3,0
1202,1637,1224,3,0
1204,1598,1182,0,3
1204,1659,1182,0,3
1205,1659,1227,3,0
1209,1659,1231,3,0
1268,1652,1290,3,0
1279,1592,1257,0,3
1292,1592,1270,0,3
1293,1592,1315,3,0
1299,1633,1321,3,0
1301,1633,1279,0,3
1314,1633,1292,0,3
1315,1633,1337,3,0
1321,1650,1343,3,0
1323,1650,1301,0,3
1336,1650,1314,0,3
1337,1650,1359,3,0
1341,1650,1363,3,0
1343,1636,1365,3,0
1345,1636,1323,0,3
1358,1636,1336,0,3
1359,1636,1381,3,0
1430,1680,1408,0,2
1433,1680,1411,0,3
1446,1680,1424,0,3
1447,1680,1469,3,0
1451,1680,1473,3,0
1452,1656,1430,0,2
1468,1622,1446,0,3
1468,1656,1446,0,3
1469,1622,1491,3,0
1469,1656,1491,3,0
1473,1656,1495,3,0
1474,1628,1452,0,2
1490,1618,1468,0,3
1490,1628,1468,0,3
1491,1618,1513,3,0
1491,1628,1513,3,0
1496,1588,1474,0,2
1496,1642,1474,0,2
1499,1588,1477,0,3
1499,1642,1477,0,3
1512,1588,1490,0,3
1512,1642,1490,0,3
1540,1620,1518,0,2
1541,1620,1519,0,3
1556,1620,1534,0,3
1558,1620,1580,3,0
1578,1594,1556,0,3
1578,1612,1556,0,3
1579,1594,1557,0,3
1579,1612,1557,0,3
1580,1594,18,3,3
1580,1612,18,3,3
