3,1639,1565,3,3
3,1652,1565,3,3
4,1634,26,2,0
4,1639,26,2,0
4,1652,26,2,0
5,1634,27,2,0
22,1661,44,2,0
25,1615,3,0,2
25,1637,3,0,2
25,1661,3,0,2
26,1615,48,3,0
26,1637,48,3,0
26,1661,48,3,0
47,1665,25,0,3
47,1677,25,0,3
48,1596,70,3,0
48,1665,70,3,0
48,1677,70,3,0
69,1586,47,0,3
69,1627,47,0,3
69,1635,47,0,3
69,1651,47,0,3
70,1586,92,3,0
70,1627,92,3,0
70,1635,92,3,0
70,1651,92,3,0
70,1660,92,3,0
72,1660,94,3,0
74,1660,52,0,3
78,1660,56,0,3
91,1630,69,0,3
91,1649,69,0,3
91,1670,69,0,3
91,1679,69,0,3
92,1613,114,3,0
92,1630,114,3,0
92,1649,114,3,0
92,1670,114,3,0
92,1679,114,3,0
94,1613,116,3,0
95,1613,73,0,3
100,1613,78,0,3
134,1584,156,3,0
135,1584,113,0,3
136,1584,158,3,0
136,1646,158,3,0
139,1646,161,3,0
144,1646,122,0,3
145,1646,167,3,0
146,1646,124,0,3
147,1584,125,0,3
147,1646,125,0,3
149,1584,171,3,0
158,1644,180,3,0
158,1674,180,3,0
159,1644,137,0,3
159,1674,137,0,3
161,1644,183,3,0
161,1674,183,3,0
165,1674,187,3,0
167,1644,189,3,0
167,1674,189,3,0
168,1644,146,0,3
168,1674,146,0,3
169,1644,147,0,3
169,1674,147,0,3
202,1654,224,3,0
203,1654,181,0,3
211,1654,189,0,3
212,1654,190,0,3
246,1682,268,3,0
247,1682,225,0,3
251,1682,273,3,0
254,1682,276,3,0
268,1658,290,3,0
269,1658,247,0,3
290,1640,312,3,0
291,1640,269,0,3
334,1672,356,3,0
335,1672,313,0,3
488,1618,510,3,0
489,1618,467,0,3
490,1618,468,0,3
496,1618,518,3,0
497,1618,475,0,3
511,1606,489,0,3
515,1606,537,3,0
517,1606,539,3,0
518,1606,540,3,0
574,1604,596,3,0
575,1604,597,3,0
589,1604,611,3,0
618,1676,640,3,0
631,1676,653,3,0
633,1676,655,3,0
665,1655,643,0,3
667,1655,689,3,0
669,1655,691,3,0
671,1655,693,3,0
672,1655,694,3,0
675,1655,697,3,0
685,1621,707,3,0
686,1621,664,0,3
697,1621,719,3,0
699,1621,721,3,0
705,1667,683,0,3
707,1667,729,3,0
707,1678,729,3,0
708,1608,686,0,3
708,1667,686,0,3
708,1678,686,0,3
709,1608,687,0,3
719,1608,741,3,0
719,1667,741,3,0
719,1678,741,3,0
721,1667,743,3,0
722,1667,744,3,0
729,1589,751,3,0
729,1593,751,3,0
729,1648,751,3,0
730,1589,708,0,3
730,1593,708,0,3
730,1648,708,0,3
742,1589,720,0,3
742,1593,720,0,3
742,1648,720,0,3
743,1589,765,3,0
743,1593,765,3,0
743,1648,765,3,0
752,1598,730,0,3
753,1598,731,0,3
774,1633,752,0,3
775,1633,753,0,3
777,1633,755,0,3
784,1633,806,3,0
795,1641,817,3,0
796,1641,774,0,3
840,1614,818,0,3
844,1614,866,3,0
845,1614,823,0,3
862,1588,840,0,3
862,1628,840,0,3
862,1645,840,0,3
864,1588,842,0,3
864,1628,842,0,3
864,1645,842,0,3
866,1588,888,3,0
866,1628,888,3,0
866,1645,888,3,0
870,1588,892,3,0
870,1628,892,3,0
870,1645,892,3,0
884,1585,862,0,3
884,1632,862,0,3
886,1585,864,0,3
886,1632,864,0,3
887,1585,909,3,0
887,1632,909,3,0
889,1632,867,0,3
892,1585,914,3,0
892,1632,914,3,0
905,1616,927,3,0
905,1681,927,3,0
906,1610,884,0,3
906,1616,884,0,3
906,1622,884,0,3
906,1673,884,0,3
906,1681,884,0,3
911,1610,889,0,3
914,1610,936,3,0
917,1610,939,3,0
917,1616,939,3,0
917,1622,939,3,0
917,1673,939,3,0
917,1681,939,3,0
922,1616,900,0,3
922,1681,900,0,3
923,1616,901,0,3
923,1681,901,0,3
928,1611,906,0,3
928,1619,906,0,3
928,1647,906,0,3
931,1619,909,0,3
931,1647,909,0,3
933,1619,911,0,3
933,1647,911,0,3
934,1647,956,3,0
935,1619,913,0,3
935,1647,913,0,3
936,1619,958,3,0
936,1647,958,3,0
937,1619,915,0,3
937,1647,915,0,3
938,1619,960,3,0
938,1647,960,3,0
939,1611,961,3,0
939,1619,961,3,0
939,1647,961,3,0
972,1668,950,0,3
973,1668,995,3,0
982,1668,1004,3,0
983,1668,1005,3,0
994,1657,972,0,3
1016,1599,994,0,3
1016,1601,994,0,3
1016,1625,994,0,3
1016,1683,994,0,3
1017,1599,1039,3,0
1017,1601,1039,3,0
1017,1625,1039,3,0
1017,1683,1039,3,0
1021,1601,999,0,3
1023,1601,1001,0,3
1036,1638,1014,0,3
1037,1638,1059,3,0
1038,1603,1016,0,3
1038,1605,1016,0,3
1038,1609,1016,0,3
1038,1626,1016,0,3
1038,1629,1016,0,3
1038,1631,1016,0,3
1038,1638,1016,0,3
1039,1603,1061,3,0
1039,1609,1061,3,0
1039,1626,1061,3,0
1039,1629,1061,3,0
1039,1631,1061,3,0
1046,1603,1024,0,3
1046,1609,1024,0,3
1046,1626,1024,0,3
1046,1629,1024,0,3
1046,1631,1024,0,3
1051,1638,1029,0,3
1060,1624,1038,0,3
1061,1624,1083,3,0
1068,1624,1046,0,3
1081,1653,1103,3,0
1082,1653,1060,0,3
1082,1671,1060,0,3
1083,1671,1105,3,0
1095,1653,1073,0,3
1125,1587,1147,3,0
1125,1602,1147,3,0
1125,1643,1147,3,0
1126,1587,1104,0,3
1126,1602,1104,0,3
1126,1643,1104,0,3
1139,1587,1117,0,3
1139,1602,1117,0,3
1139,1643,1117,0,3
1140,1587,1118,0,3
1140,1602,1118,0,3
1140,1643,1118,0,3
1149,1669,1171,3,0
1171,1591,1193,3,0
1171,1617,1193,3,0
1210,1659,1188,0,2
1212,1659,1190,0,3
1212,1663,1190,0,3
1225,1659,1203,0,3
1225,1663,1203,0,3
1226,1659,1248,3,0
1226,1663,1248,3,0
1227,1659,1205,0,3
1227,1663,1205,0,3
1229,1659,1251,3,0
1230,1659,1208,0,3
1254,1600,1232,0,2
1255,1592,1277,3,0
1255,1600,1277,3,0
1255,1662,1277,3,0
1256,1592,1234,0,3
1256,1600,1234,0,3
1256,1662,1234,0,3
1258,1592,1236,0,3
1258,1600,1236,0,3
1258,1662,1236,0,3
1270,1592,1292,3,0
1270,1600,1292,3,0
1270,1662,1292,3,0
1271,1592,1249,0,3
1271,1600,1249,0,3
1271,1662,1249,0,3
1274,1600,1252,0,3
1321,1675,1343,3,0
1322,1623,1300,0,3
1322,1675,1300,0,3
1336,1623,1358,3,0
1336,1675,1358,3,0
1337,1623,1315,0,3
1337,1675,1315,0,3
1342,1650,1320,0,2
1343,1650,1365,3,0
1344,1650,1322,0,3
1359,1650,1337,0,3
1360,1650,1338,0,3
1365,1636,1387,3,0
1366,1636,1344,0,3
1367,1636,1345,0,3
1381,1636,1359,0,3
1382,1636,1360,0,3
1408,1680,1386,0,2
1409,1680,1431,3,0
1410,1664,1388,0,3
1410,1680,1388,0,3
1423,1664,1401,0,3
1423,1680,1401,0,3
1425,1664,1403,0,3
1425,1680,1403,0,3
1426,1680,1404,0,3
1430,1656,1408,0,2
1431,1656,1453,3,0
1432,1656,1410,0,3
1445,1656,1423,0,3
1447,1656,1425,0,3
1448,1656,1426,0,3
1453,1595,1475,3,0
1455,1595,1433,0,3
1467,1595,1445,0,3
1469,1595,1447,0,3
1470,1595,1448,0,3
1521,1620,1499,0,3
1521,1642,1499,0,3
1522,1620,1544,3,0
1522,1642,1544,3,0
1534,1620,1556,3,0
1534,1642,1556,3,0
1535,1620,1513,0,3
1535,1642,1513,0,3
1543,1594,1521,0,3
1543,1597,1521,0,3
1543,1612,1521,0,3
1543,1666,1521,0,3
1544,1594,1566,3,0
1544,1597,1566,3,0
1544,1612,1566,3,0
1544,1666,1566,3,0
1557,1594,1535,0,3
1557,1597,1535,0,3
1557,1612,1535,0,3
1557,1666,1535,0,3
1565,1590,1543,0,3
1565,1607,1543,0,3
1566,1590,4,3,3
1566,1607,4,3,3
