3,1634,1565,3,3
3,1639,1565,3,3
3,1652,1565,3,3
4,1634,1566,3,3
15,1639,37,2,0
15,1652,37,2,0
16,1639,1578,3,3
22,1599,0,0,1
22,1661,0,0,1
25,1599,3,0,2
25,1637,3,0,2
25,1661,3,0,2
37,1599,59,3,0
37,1637,59,3,0
37,1661,59,3,0
38,1599,16,0,2
38,1637,16,0,2
38,1661,16,0,2
40,1661,18,0,2
43,1661,65,3,0
46,1665,68,3,0
46,1677,68,3,0
47,1596,25,0,3
47,1665,25,0,3
47,1677,25,0,3
59,1665,81,3,0
59,1677,81,3,0
60,1665,38,0,3
60,1677,38,0,3
68,1586,90,3,0
68,1627,90,3,0
68,1635,90,3,0
68,1651,90,3,0
73,1660,51,0,3
78,1604,56,0,3
78,1660,56,0,3
82,1586,60,0,3
82,1627,60,0,3
82,1635,60,0,3
82,1651,60,0,3
88,1630,66,0,2
88,1670,66,0,2
88,1679,66,0,2
90,1615,112,3,0
90,1630,112,3,0
90,1649,112,3,0
90,1670,112,3,0
90,1679,112,3,0
93,1613,115,3,0
95,1613,73,0,3
98,1613,76,0,3
100,1613,78,0,3
104,1615,82,0,3
104,1630,82,0,3
104,1649,82,0,3
104,1670,82,0,3
104,1679,82,0,3
106,1630,128,3,0
109,1630,131,3,0
133,1584,155,3,0
136,1646,158,3,0
137,1646,159,3,0
139,1646,117,0,3
143,1646,165,3,0
144,1646,122,0,3
145,1646,167,3,0
148,1584,126,0,3
158,1644,180,3,0
159,1644,181,3,0
166,1644,144,0,3
180,1602,202,3,0
181,1602,203,3,0
182,1602,204,3,0
188,1602,166,0,3
190,1602,168,0,3
202,1654,224,3,0
210,1654,188,0,3
246,1682,268,3,0
248,1682,226,0,3
249,1682,271,3,0
253,1682,275,3,0
254,1682,232,0,3
256,1682,278,3,0
268,1658,290,3,0
269,1658,247,0,3
276,1658,254,0,3
278,1658,300,3,0
290,1640,312,3,0
291,1640,269,0,3
300,1640,322,3,0
334,1672,356,3,0
335,1672,313,0,3
344,1672,366,3,0
441,1673,463,3,0
488,1618,510,3,0
490,1618,468,0,3
496,1618,474,0,3
497,1618,519,3,0
498,1618,520,3,0
510,1606,532,3,0
513,1606,535,3,0
516,1606,538,3,0
517,1606,495,0,3
518,1606,496,0,3
519,1606,541,3,0
638,1676,616,0,2
655,1676,633,0,3
663,1655,685,3,0
664,1655,686,3,0
667,1655,689,3,0
668,1655,690,3,0
671,1655,649,0,3
672,1655,650,0,3
683,1621,705,3,0
686,1675,708,3,0
689,1675,711,3,0
693,1675,671,0,3
694,1675,672,0,3
704,1667,682,0,2
705,1667,727,3,0
708,1608,730,3,0
709,1608,687,0,3
726,1589,704,0,2
729,1589,751,3,0
729,1593,751,3,0
729,1648,751,3,0
740,1589,762,3,0
740,1593,762,3,0
740,1648,762,3,0
744,1589,766,3,0
747,1589,725,0,3
774,1598,796,3,0
774,1633,796,3,0
776,1633,754,0,3
792,1641,814,2,0
795,1641,817,3,0
807,1641,785,0,3
808,1641,830,3,0
809,1641,787,0,3
839,1614,861,3,0
844,1614,866,3,0
846,1614,868,3,0
865,1588,887,3,0
865,1628,887,3,0
865,1645,887,3,0
870,1588,892,3,0
870,1628,892,3,0
870,1645,892,3,0
885,1632,863,0,3
887,1632,909,3,0
888,1632,910,3,0
889,1632,911,3,0
890,1632,912,3,0
892,1632,914,3,0
902,1616,924,2,0
902,1681,924,2,0
903,1616,881,0,3
903,1681,881,0,3
904,1616,882,0,3
904,1681,882,0,3
907,1610,885,0,3
907,1622,885,0,3
909,1610,931,3,0
910,1610,932,3,0
911,1610,933,3,0
912,1610,934,3,0
913,1610,891,0,3
914,1610,936,3,0
914,1622,936,3,0
915,1610,893,0,3
915,1622,893,0,3
918,1616,940,3,0
918,1681,940,3,0
920,1616,898,0,3
920,1681,898,0,3
921,1616,899,0,3
921,1681,899,0,3
923,1616,901,0,3
923,1681,901,0,3
928,1619,906,0,3
928,1647,906,0,3
929,1619,907,0,3
929,1647,907,0,3
931,1619,953,3,0
931,1647,953,3,0
932,1619,954,3,0
932,1647,954,3,0
933,1647,955,3,0
935,1619,913,0,3
935,1647,913,0,3
936,1619,958,3,0
936,1647,958,3,0
937,1619,915,0,3
937,1647,915,0,3
972,1668,950,0,3
973,1668,951,0,3
980,1668,1002,3,0
982,1668,1004,3,0
1016,1601,994,0,3
1016,1683,994,0,3
1018,1601,1040,3,0
1018,1683,1040,3,0
1019,1601,997,0,3
1019,1683,997,0,3
1024,1601,1046,3,0
1024,1683,1046,3,0
1026,1601,1004,0,3
1026,1683,1004,0,3
1035,1638,1013,0,3
1038,1603,1016,0,3
1038,1609,1016,0,3
1038,1625,1016,0,3
1038,1626,1016,0,3
1038,1629,1016,0,3
1038,1631,1016,0,3
1040,1603,1062,3,0
1040,1609,1062,3,0
1040,1625,1062,3,0
1040,1626,1062,3,0
1040,1629,1062,3,0
1040,1631,1062,3,0
1041,1603,1019,0,3
1041,1609,1019,0,3
1041,1626,1019,0,3
1041,1629,1019,0,3
1041,1631,1019,0,3
1045,1603,1023,0,3
1045,1609,1023,0,3
1045,1626,1023,0,3
1045,1629,1023,0,3
1045,1631,1023,0,3
1046,1603,1068,3,0
1046,1609,1068,3,0
1046,1625,1068,3,0
1046,1626,1068,3,0
1046,1629,1068,3,0
1046,1631,1068,3,0
1048,1603,1026,0,3
1048,1609,1026,0,3
1048,1625,1026,0,3
1048,1626,1026,0,3
1048,1629,1026,0,3
1048,1631,1026,0,3
1048,1638,1026,0,3
1079,1653,1057,0,3
1082,1624,1060,0,3
1082,1671,1060,0,3
1083,1624,1105,3,0
1083,1671,1105,3,0
1090,1624,1112,3,0
1090,1671,1112,3,0
1092,1624,1070,0,3
1092,1653,1070,0,3
1092,1671,1070,0,3
1100,1674,1122,2,0
1101,1674,1079,0,3
1114,1674,1092,0,3
1122,1587,1144,2,0
1122,1643,1144,2,0
1123,1587,1101,0,3
1123,1643,1101,0,3
1136,1587,1114,0,3
1136,1643,1114,0,3
1148,1669,1126,0,3
1156,1669,1178,3,0
1158,1669,1136,0,3
1170,1591,1148,0,3
1170,1617,1148,0,3
1178,1591,1200,3,0
1178,1617,1200,3,0
1180,1591,1158,0,3
1180,1617,1158,0,3
1210,1659,1232,2,0
1211,1659,1189,0,3
1211,1663,1189,0,3
1231,1659,1253,3,0
1254,1592,1276,2,0
1254,1600,1276,2,0
1254,1662,1276,2,0
1255,1592,1233,0,3
1255,1600,1233,0,3
1255,1662,1233,0,3
1275,1600,1297,3,0
1321,1623,1299,0,3
1342,1650,1364,2,0
1343,1650,1321,0,3
1363,1650,1385,3,0
1364,1636,1386,2,0
1365,1636,1343,0,3
1408,1680,1430,2,0
1425,1680,1447,3,0
1426,1680,1404,0,3
1428,1680,1406,0,3
1429,1680,1451,3,0
1430,1656,1452,2,0
1447,1656,1469,3,0
1448,1656,1426,0,3
1451,1656,1473,3,0
1452,1595,1474,2,0
1453,1595,1431,0,3
1455,1595,1433,0,3
1469,1595,1491,3,0
1474,1585,1496,2,0
1475,1585,1453,0,3
1491,1585,1513,3,0
1518,1620,1540,2,0
1518,1642,1540,2,0
1521,1620,1499,0,3
1521,1642,1499,0,3
1532,1620,1510,0,3
1532,1642,1510,0,3
1536,1620,1514,0,3
1536,1642,1514,0,3
1539,1620,1561,3,0
1539,1642,1561,3,0
1540,1594,1562,2,0
1540,1597,1562,2,0
1540,1612,1562,2,0
1540,1666,1562,2,0
1543,1594,1521,0,3
1543,1597,1521,0,3
1543,1612,1521,0,3
1543,1666,1521,0,3
1555,1594,1533,0,3
1555,1597,1533,0,3
1555,1612,1533,0,3
1555,1666,1533,0,3
1558,1612,1536,0,3
1561,1612,1583,3,0
