1,1667,2,1,0
2,1667,3,1,0
3,1590,25,2,0
3,1607,25,2,0
3,1667,4,1,0
3,1683,25,2,0
4,1590,26,2,0
4,1607,26,2,0
4,1683,26,2,0
5,1667,1567,3,3
6,1667,1568,3,3
7,1667,1569,3,3
8,1667,1570,3,3
12,1667,1574,3,3
13,1667,1575,3,3
14,1667,1576,3,3
16,1667,15,0,1
17,1590,39,2,0
17,1607,39,2,0
17,1667,16,0,1
17,1683,39,2,0
18,1667,17,0,1
19,1667,18,0,1
23,1667,24,2,1
24,1667,25,2,1
25,1624,47,3,0
25,1639,47,3,0
25,1667,26,2,1
26,1624,48,3,0
26,1634,48,3,0
26,1639,48,3,0
27,1634,49,3,0
27,1667,5,0,2
28,1634,50,3,0
28,1667,6,0,2
29,1667,7,0,2
30,1667,8,0,2
34,1667,12,0,2
35,1634,57,3,0
35,1667,13,0,2
36,1667,14,0,2
38,1667,37,1,2
39,1667,38,1,2
40,1667,39,1,2
41,1667,40,1,2
44,1619,66,2,0
45,1603,67,3,0
45,1619,67,3,0
45,1626,67,3,0
45,1667,46,2,1
46,1667,47,2,1
47,1603,69,3,0
47,1619,69,3,0
47,1626,69,3,0
47,1667,48,2,1
47,1669,69,3,0
49,1667,27,0,3
50,1667,28,0,3
51,1667,29,0,3
52,1667,30,0,3
56,1667,34,0,3
57,1667,35,0,3
58,1667,36,0,3
60,1667,59,1,2
61,1667,60,1,2
62,1667,61,1,2
63,1667,62,1,2
66,1609,88,2,0
66,1629,88,2,0
66,1631,88,2,0
67,1586,89,3,0
67,1609,89,3,0
67,1629,89,3,0
67,1631,89,3,0
67,1651,89,3,0
67,1667,68,2,1
68,1586,90,3,0
68,1609,90,3,0
68,1629,90,3,0
68,1631,90,3,0
68,1651,90,3,0
68,1667,69,2,1
69,1586,91,3,0
69,1609,91,3,0
69,1629,91,3,0
69,1631,91,3,0
69,1651,91,3,0
69,1667,70,2,1
71,1596,93,3,0
71,1667,49,0,3
71,1676,93,3,0
72,1596,94,3,0
72,1667,50,0,3
72,1676,94,3,0
73,1596,95,3,0
73,1667,51,0,3
73,1676,95,3,0
74,1667,52,0,3
78,1667,56,0,3
79,1596,101,3,0
79,1667,57,0,3
79,1676,101,3,0
80,1667,58,0,3
82,1667,81,1,2
83,1667,82,1,2
84,1667,83,1,2
85,1667,84,1,2
88,1647,66,0,2
89,1667,90,2,1
90,1667,91,2,1
91,1647,113,3,0
91,1667,92,2,1
93,1667,115,3,0
94,1667,116,3,0
95,1667,117,3,0
96,1667,118,3,0
100,1667,78,0,3
101,1667,123,3,0
102,1667,80,0,3
103,1667,125,3,0
104,1667,103,1,2
105,1667,104,1,2
106,1667,105,1,2
107,1647,129,3,0
107,1667,106,1,2
109,1647,131,3,0
111,1667,112,2,1
112,1667,113,2,1
113,1649,135,3,0
113,1667,114,2,1
114,1649,92,0,3
114,1667,136,3,0
114,1681,92,0,3
115,1667,137,3,0
115,1681,137,3,0
116,1667,138,3,0
116,1681,138,3,0
117,1667,139,3,0
118,1667,140,3,0
118,1681,140,3,0
119,1681,97,0,3
121,1681,99,0,3
122,1667,144,3,0
122,1681,144,3,0
123,1667,145,3,0
123,1681,145,3,0
124,1667,146,3,0
124,1681,102,0,3
125,1667,147,3,0
126,1667,125,1,2
127,1667,126,1,2
128,1667,127,1,2
129,1667,128,1,2
132,1601,110,0,2
133,1601,155,3,0
133,1667,134,2,1
134,1667,135,2,1
135,1601,157,3,0
135,1667,136,2,1
136,1587,114,0,3
136,1601,114,0,3
136,1667,158,3,0
137,1587,159,3,0
137,1667,159,3,0
138,1587,160,3,0
138,1667,160,3,0
139,1667,161,3,0
140,1667,162,3,0
144,1587,166,3,0
144,1667,166,3,0
145,1587,167,3,0
145,1667,167,3,0
146,1587,124,0,3
146,1667,168,3,0
147,1667,169,3,0
148,1601,170,3,0
148,1667,147,1,2
149,1667,148,1,2
150,1667,149,1,2
151,1601,173,3,0
151,1667,150,1,2
155,1610,177,3,0
155,1667,156,2,1
156,1610,178,3,0
156,1667,157,2,1
157,1610,179,3,0
157,1667,158,2,1
158,1610,136,0,3
158,1616,136,0,3
158,1646,136,0,3
158,1667,180,3,0
159,1616,181,3,0
159,1646,181,3,0
159,1667,181,3,0
160,1616,182,3,0
160,1646,182,3,0
160,1667,182,3,0
161,1667,183,3,0
162,1667,184,3,0
163,1616,141,0,3
165,1616,187,3,0
166,1667,188,3,0
167,1616,189,3,0
167,1646,189,3,0
167,1667,189,3,0
168,1667,190,3,0
169,1667,191,3,0
170,1667,169,1,2
171,1610,193,3,0
171,1667,170,1,2
172,1667,171,1,2
173,1610,195,3,0
173,1667,172,1,2
174,1610,196,3,0
177,1667,178,2,1
178,1667,179,2,1
179,1667,180,2,1
180,1667,202,3,0
180,1674,158,0,3
181,1667,203,3,0
182,1667,204,3,0
182,1674,204,3,0
183,1667,205,3,0
184,1667,206,3,0
184,1674,206,3,0
187,1674,209,3,0
188,1667,210,3,0
189,1667,211,3,0
190,1667,212,3,0
191,1667,213,3,0
191,1674,169,0,3
192,1667,191,1,2
193,1667,192,1,2
194,1667,193,1,2
195,1667,194,1,2
199,1667,200,2,1
200,1667,201,2,1
201,1667,202,2,1
202,1667,224,3,0
203,1667,225,3,0
204,1667,226,3,0
205,1667,227,3,0
206,1667,228,3,0
210,1667,232,3,0
211,1667,233,3,0
212,1667,234,3,0
213,1667,235,3,0
214,1667,213,1,2
215,1667,214,1,2
216,1667,215,1,2
217,1667,216,1,2
221,1667,222,2,1
222,1667,223,2,1
223,1667,224,2,1
224,1654,202,0,3
224,1667,246,3,0
225,1667,247,3,0
226,1654,248,3,0
226,1667,248,3,0
227,1667,249,3,0
228,1667,250,3,0
232,1667,254,3,0
233,1667,255,3,0
234,1667,256,3,0
235,1654,213,0,3
235,1667,257,3,0
236,1667,235,1,2
237,1667,236,1,2
238,1667,237,1,2
239,1667,238,1,2
243,1667,244,2,1
244,1667,245,2,1
245,1667,246,2,1
246,1621,224,0,3
246,1667,268,3,0
247,1621,225,0,3
247,1667,269,3,0
248,1621,270,3,0
248,1667,270,3,0
249,1667,271,3,0
250,1667,272,3,0
254,1667,276,3,0
255,1667,277,3,0
256,1667,278,3,0
257,1621,235,0,3
257,1667,279,3,0
258,1667,257,1,2
259,1667,258,1,2
260,1667,259,1,2
261,1667,260,1,2
265,1667,266,2,1
266,1667,267,2,1
267,1667,268,2,1
268,1667,290,3,0
269,1667,291,3,0
270,1667,292,3,0
271,1667,293,3,0
272,1667,294,3,0
276,1667,298,3,0
277,1667,299,3,0
278,1667,300,3,0
279,1667,301,3,0
280,1667,279,1,2
281,1667,280,1,2
282,1667,281,1,2
283,1667,282,1,2
287,1667,288,2,1
288,1667,289,2,1
289,1667,290,2,1
290,1667,312,3,0
291,1667,313,3,0
292,1667,314,3,0
293,1667,315,3,0
294,1667,316,3,0
298,1667,320,3,0
299,1667,321,3,0
300,1667,322,3,0
301,1667,323,3,0
302,1667,301,1,2
303,1667,302,1,2
304,1667,303,1,2
305,1667,304,1,2
309,1667,310,2,1
310,1667,311,2,1
311,1667,312,2,1
312,1667,334,3,0
313,1667,335,3,0
314,1667,336,3,0
315,1667,337,3,0
316,1667,338,3,0
320,1667,342,3,0
321,1667,343,3,0
322,1667,344,3,0
323,1667,345,3,0
324,1667,323,1,2
325,1667,324,1,2
326,1667,325,1,2
327,1667,326,1,2
331,1667,332,2,1
332,1667,333,2,1
333,1667,334,2,1
334,1667,356,3,0
335,1667,357,3,0
336,1667,358,3,0
337,1667,359,3,0
338,1667,360,3,0
342,1667,364,3,0
343,1667,365,3,0
344,1667,366,3,0
345,1667,367,3,0
346,1667,345,1,2
347,1667,346,1,2
348,1667,347,1,2
349,1667,348,1,2
353,1667,354,2,1
354,1667,355,2,1
355,1667,356,2,1
356,1667,378,3,0
356,1678,334,0,3
357,1667,379,3,0
358,1667,380,3,0
358,1678,380,3,0
359,1667,381,3,0
360,1667,382,3,0
364,1667,386,3,0
365,1667,387,3,0
366,1667,388,3,0
367,1667,389,3,0
367,1678,345,0,3
368,1667,367,1,2
369,1667,368,1,2
370,1667,369,1,2
371,1667,370,1,2
375,1667,376,2,1
376,1667,377,2,1
377,1667,378,2,1
378,1667,400,3,0
379,1667,401,3,0
380,1667,402,3,0
381,1667,403,3,0
382,1667,404,3,0
386,1667,408,3,0
387,1667,409,3,0
388,1667,410,3,0
389,1667,411,3,0
390,1667,389,1,2
391,1667,390,1,2
392,1667,391,1,2
393,1667,392,1,2
397,1667,398,2,1
398,1667,399,2,1
399,1667,400,2,1
400,1667,422,3,0
401,1667,423,3,0
402,1667,424,3,0
403,1667,425,3,0
404,1667,426,3,0
408,1667,430,3,0
409,1667,431,3,0
410,1667,432,3,0
411,1667,433,3,0
412,1667,411,1,2
413,1667,412,1,2
414,1667,413,1,2
415,1667,414,1,2
419,1667,420,2,1
420,1667,421,2,1
421,1667,422,2,1
422,1667,444,3,0
423,1667,445,3,0
424,1667,446,3,0
425,1667,447,3,0
426,1667,448,3,0
430,1667,452,3,0
431,1667,453,3,0
432,1667,454,3,0
433,1667,455,3,0
434,1667,433,1,2
435,1667,434,1,2
436,1667,435,1,2
437,1667,436,1,2
441,1667,442,2,1
442,1667,443,2,1
443,1667,444,2,1
444,1667,466,3,0
445,1667,467,3,0
446,1667,468,3,0
447,1667,469,3,0
448,1667,470,3,0
452,1667,474,3,0
453,1667,475,3,0
454,1667,476,3,0
455,1667,477,3,0
456,1667,455,1,2
457,1667,456,1,2
458,1667,457,1,2
459,1667,458,1,2
463,1667,464,2,1
464,1667,465,2,1
465,1667,466,2,1
466,1600,444,0,3
466,1650,444,0,3
466,1659,444,0,3
466,1667,488,3,0
467,1600,489,3,0
467,1650,489,3,0
467,1659,489,3,0
467,1667,489,3,0
468,1600,490,3,0
468,1650,490,3,0
468,1659,490,3,0
468,1667,490,3,0
469,1667,491,3,0
470,1600,448,0,3
470,1650,448,0,3
470,1659,448,0,3
470,1667,492,3,0
472,1650,494,3,0
473,1600,495,3,0
473,1650,495,3,0
473,1659,495,3,0
474,1600,496,3,0
474,1650,496,3,0
474,1659,496,3,0
474,1667,496,3,0
475,1667,497,3,0
476,1667,498,3,0
477,1600,499,3,0
477,1650,499,3,0
477,1659,499,3,0
477,1667,499,3,0
478,1667,477,1,2
479,1667,478,1,2
480,1667,479,1,2
481,1667,480,1,2
485,1667,486,2,1
486,1667,487,2,1
487,1667,488,2,1
488,1667,510,3,0
489,1667,511,3,0
490,1667,512,3,0
491,1667,513,3,0
492,1667,514,3,0
496,1667,518,3,0
497,1667,519,3,0
498,1667,520,3,0
499,1667,521,3,0
500,1667,499,1,2
501,1667,500,1,2
502,1667,501,1,2
503,1667,502,1,2
507,1667,508,2,1
508,1667,509,2,1
509,1667,510,2,1
510,1667,532,3,0
511,1667,533,3,0
512,1667,534,3,0
513,1667,535,3,0
514,1667,536,3,0
518,1667,540,3,0
519,1667,541,3,0
520,1667,542,3,0
521,1667,543,3,0
522,1667,521,1,2
523,1667,522,1,2
524,1667,523,1,2
525,1667,524,1,2
529,1667,530,2,1
530,1667,531,2,1
531,1667,532,2,1
532,1667,554,3,0
533,1667,555,3,0
534,1667,556,3,0
535,1667,557,3,0
536,1667,558,3,0
540,1667,562,3,0
541,1667,563,3,0
542,1667,564,3,0
543,1667,565,3,0
544,1667,543,1,2
545,1667,544,1,2
546,1667,545,1,2
547,1667,546,1,2
551,1667,552,2,1
552,1667,553,2,1
553,1667,554,2,1
554,1667,576,3,0
555,1667,577,3,0
556,1667,578,3,0
557,1667,579,3,0
558,1667,580,3,0
562,1667,584,3,0
563,1667,585,3,0
564,1667,586,3,0
565,1667,587,3,0
566,1667,565,1,2
567,1667,566,1,2
568,1667,567,1,2
569,1667,568,1,2
573,1667,574,2,1
574,1667,575,2,1
575,1667,576,2,1
576,1667,598,3,0
577,1667,599,3,0
578,1667,600,3,0
579,1667,601,3,0
580,1667,602,3,0
584,1667,606,3,0
585,1667,607,3,0
586,1667,608,3,0
587,1667,609,3,0
588,1667,587,1,2
589,1667,588,1,2
590,1667,589,1,2
591,1667,590,1,2
595,1604,573,0,3
595,1667,596,2,1
596,1604,618,3,0
596,1667,597,2,1
597,1604,575,0,3
597,1667,598,2,1
598,1604,576,0,3
598,1656,576,0,3
598,1667,620,3,0
599,1667,621,3,0
600,1667,622,3,0
601,1667,623,3,0
602,1667,624,3,0
606,1656,628,3,0
606,1667,628,3,0
607,1667,629,3,0
608,1667,630,3,0
609,1667,631,3,0
610,1604,588,0,3
610,1667,609,1,2
611,1667,610,1,2
612,1667,611,1,2
613,1667,612,1,2
617,1667,618,2,1
618,1667,619,2,1
619,1667,620,2,1
620,1667,642,3,0
620,1680,598,0,3
621,1667,643,3,0
622,1667,644,3,0
623,1667,645,3,0
624,1667,646,3,0
628,1667,650,3,0
628,1680,650,3,0
629,1667,651,3,0
630,1667,652,3,0
631,1667,653,3,0
632,1667,631,1,2
633,1667,632,1,2
634,1667,633,1,2
635,1667,634,1,2
639,1667,640,2,1
640,1667,641,2,1
641,1667,642,2,1
642,1653,620,0,3
642,1667,664,3,0
643,1653,621,0,3
643,1667,665,3,0
644,1667,666,3,0
645,1667,667,3,0
646,1667,668,3,0
650,1667,672,3,0
651,1667,673,3,0
652,1667,674,3,0
653,1667,675,3,0
654,1667,653,1,2
655,1667,654,1,2
656,1667,655,1,2
657,1667,656,1,2
661,1667,662,2,1
662,1667,663,2,1
663,1667,664,2,1
664,1667,686,3,0
665,1667,687,3,0
666,1667,688,3,0
667,1667,689,3,0
668,1667,690,3,0
672,1667,694,3,0
673,1667,695,3,0
674,1667,696,3,0
675,1667,697,3,0
676,1667,675,1,2
677,1667,676,1,2
678,1667,677,1,2
679,1667,678,1,2
683,1644,661,0,3
683,1667,684,2,1
684,1640,706,3,0
684,1644,706,3,0
684,1667,685,2,1
685,1667,686,2,1
686,1640,664,0,3
686,1644,664,0,3
686,1662,664,0,3
686,1667,708,3,0
687,1662,665,0,3
687,1667,709,3,0
688,1667,710,3,0
689,1667,711,3,0
690,1667,712,3,0
694,1667,716,3,0
695,1667,717,3,0
696,1667,718,3,0
697,1667,719,3,0
698,1640,676,0,3
698,1644,676,0,3
698,1667,697,1,2
699,1667,698,1,2
700,1667,699,1,2
701,1667,700,1,2
705,1667,706,2,1
706,1667,707,2,1
707,1667,708,2,1
709,1667,731,3,0
710,1667,732,3,0
711,1667,733,3,0
712,1667,734,3,0
716,1667,738,3,0
717,1667,739,3,0
718,1667,740,3,0
720,1667,719,1,2
721,1667,720,1,2
722,1667,721,1,2
723,1667,722,1,2
727,1667,728,2,1
728,1589,750,3,0
728,1593,750,3,0
728,1660,750,3,0
728,1667,729,2,1
728,1672,750,3,0
729,1589,707,0,3
729,1593,707,0,3
729,1660,707,0,3
729,1667,730,2,1
729,1672,707,0,3
730,1589,708,0,3
730,1593,708,0,3
730,1608,708,0,3
730,1660,708,0,3
730,1672,708,0,3
731,1608,709,0,3
731,1667,753,3,0
732,1667,754,3,0
733,1667,755,3,0
734,1667,756,3,0
738,1667,760,3,0
739,1667,761,3,0
740,1667,762,3,0
742,1667,741,1,2
743,1589,721,0,3
743,1593,721,0,3
743,1660,721,0,3
743,1667,742,1,2
743,1672,721,0,3
744,1667,743,1,2
745,1589,767,3,0
745,1660,767,3,0
745,1667,744,1,2
749,1667,750,2,1
750,1667,751,2,1
751,1648,729,0,3
751,1658,729,0,3
751,1667,752,2,1
752,1636,730,0,3
752,1648,730,0,3
752,1658,730,0,3
753,1636,731,0,3
753,1667,775,3,0
754,1667,776,3,0
755,1636,777,3,0
755,1667,777,3,0
756,1636,778,3,0
756,1667,778,3,0
760,1667,782,3,0
761,1636,739,0,3
761,1667,783,3,0
762,1636,740,0,3
762,1667,784,3,0
764,1667,763,1,2
765,1667,764,1,2
766,1667,765,1,2
767,1667,766,1,2
771,1667,772,2,1
772,1667,773,2,1
773,1667,774,2,1
775,1663,753,0,3
775,1667,797,3,0
776,1667,798,3,0
777,1667,799,3,0
778,1667,800,3,0
782,1667,804,3,0
783,1667,805,3,0
784,1667,806,3,0
786,1667,785,1,2
787,1667,786,1,2
788,1667,787,1,2
789,1667,788,1,2
793,1667,794,2,1
794,1667,795,2,1
795,1641,773,0,3
795,1667,796,2,1
796,1641,774,0,3
797,1667,819,3,0
798,1667,820,3,0
799,1667,821,3,0
800,1667,822,3,0
804,1667,826,3,0
805,1667,827,3,0
806,1667,828,3,0
808,1667,807,1,2
809,1641,787,0,3
809,1667,808,1,2
810,1667,809,1,2
811,1667,810,1,2
815,1667,816,2,1
816,1667,817,2,1
817,1667,818,2,1
819,1667,841,3,0
820,1667,842,3,0
821,1667,843,3,0
822,1667,844,3,0
826,1667,848,3,0
827,1667,849,3,0
828,1667,850,3,0
830,1667,829,1,2
831,1667,830,1,2
832,1667,831,1,2
833,1667,832,1,2
837,1667,838,2,1
838,1667,839,2,1
839,1667,840,2,1
841,1595,819,0,3
841,1623,819,0,3
841,1667,863,3,0
842,1595,820,0,3
842,1623,820,0,3
842,1667,864,3,0
843,1595,821,0,3
843,1623,821,0,3
843,1667,865,3,0
844,1667,866,3,0
848,1667,870,3,0
849,1595,827,0,3
849,1623,827,0,3
849,1667,871,3,0
850,1667,872,3,0
852,1667,851,1,2
853,1667,852,1,2
854,1667,853,1,2
855,1667,854,1,2
859,1667,860,2,1
860,1667,861,2,1
861,1667,862,2,1
863,1620,841,0,3
863,1667,885,3,0
864,1620,842,0,3
864,1667,886,3,0
865,1620,843,0,3
865,1667,887,3,0
866,1667,888,3,0
870,1667,892,3,0
871,1620,849,0,3
871,1667,893,3,0
872,1667,894,3,0
874,1667,873,1,2
875,1667,874,1,2
876,1667,875,1,2
877,1667,876,1,2
881,1667,882,2,1
882,1667,883,2,1
883,1667,884,2,1
884,1667,885,2,1
885,1667,886,2,1
886,1667,887,2,1
887,1667,888,2,1
888,1667,1667,87,0
892,1667,891,1,2
893,1667,892,1,2
894,1667,893,1,2
895,1667,894,1,2
896,1667,895,1,2
897,1667,896,1,2
898,1667,897,1,2
899,1667,898,1,2
903,1667,904,2,1
904,1667,905,2,1
905,1667,906,2,1
906,1585,928,3,0
906,1632,928,3,0
906,1667,884,0,3
907,1585,885,0,3
907,1632,885,0,3
907,1667,885,0,3
908,1585,886,0,3
908,1632,886,0,3
908,1667,886,0,3
909,1667,887,0,3
910,1632,888,0,3
910,1667,888,0,3
911,1632,933,3,0
913,1632,935,3,0
914,1632,892,0,3
914,1667,892,0,3
915,1585,893,0,3
915,1632,893,0,3
915,1667,893,0,3
916,1585,938,3,0
916,1632,938,3,0
916,1667,894,0,3
917,1667,895,0,3
918,1667,917,1,2
919,1667,918,1,2
920,1667,919,1,2
921,1667,920,1,2
924,1613,946,2,0
925,1613,903,0,3
925,1667,926,2,1
926,1667,927,2,1
927,1613,905,0,3
927,1667,928,2,1
928,1594,950,3,0
928,1597,950,3,0
928,1613,950,3,0
928,1667,906,0,3
928,1673,950,3,0
929,1594,907,0,3
929,1597,907,0,3
929,1667,907,0,3
929,1673,907,0,3
930,1594,908,0,3
930,1597,908,0,3
930,1667,908,0,3
930,1673,908,0,3
931,1667,909,0,3
932,1667,910,0,3
936,1594,914,0,3
936,1597,914,0,3
936,1667,914,0,3
937,1594,915,0,3
937,1597,915,0,3
937,1667,915,0,3
937,1673,915,0,3
938,1594,960,3,0
938,1597,960,3,0
938,1667,916,0,3
938,1673,960,3,0
939,1667,917,0,3
940,1613,918,0,3
940,1667,939,1,2
941,1667,940,1,2
942,1667,941,1,2
943,1613,921,0,3
943,1667,942,1,2
944,1613,922,0,3
947,1667,948,2,1
948,1667,949,2,1
949,1611,927,0,3
949,1667,950,2,1
950,1611,972,3,0
950,1657,972,3,0
950,1661,972,3,0
950,1667,928,0,3
951,1661,929,0,3
951,1667,929,0,3
952,1661,930,0,3
952,1667,930,0,3
953,1667,931,0,3
954,1667,932,0,3
958,1667,936,0,3
959,1661,937,0,3
959,1667,937,0,3
960,1667,938,0,3
961,1667,939,0,3
962,1667,961,1,2
963,1667,962,1,2
964,1667,963,1,2
965,1667,964,1,2
969,1667,970,2,1
970,1667,971,2,1
971,1667,972,2,1
972,1630,994,3,0
972,1667,950,0,3
973,1667,951,0,3
974,1630,952,0,3
974,1667,952,0,3
975,1667,953,0,3
976,1630,954,0,3
976,1667,954,0,3
977,1630,999,3,0
979,1630,957,0,3
980,1667,958,0,3
981,1667,959,0,3
982,1667,960,0,3
983,1630,1005,3,0
983,1667,961,0,3
984,1667,983,1,2
985,1667,984,1,2
986,1667,985,1,2
987,1667,986,1,2
991,1667,992,2,1
992,1667,993,2,1
993,1667,994,2,1
994,1605,1016,3,0
994,1667,972,0,3
994,1668,1016,3,0
995,1667,973,0,3
996,1667,974,0,3
996,1668,974,0,3
997,1667,975,0,3
998,1667,976,0,3
1002,1667,980,0,3
1002,1668,980,0,3
1003,1667,981,0,3
1004,1667,982,0,3
1005,1667,983,0,3
1005,1668,1027,3,0
1006,1667,1005,1,2
1007,1667,1006,1,2
1008,1667,1007,1,2
1009,1667,1008,1,2
1013,1667,1014,2,1
1014,1667,1015,2,1
1015,1667,1016,2,1
1016,1667,994,0,3
1017,1667,995,0,3
1018,1667,996,0,3
1019,1667,997,0,3
1020,1667,998,0,3
1024,1667,1002,0,3
1025,1667,1003,0,3
1026,1667,1004,0,3
1027,1667,1005,0,3
1028,1667,1027,1,2
1029,1667,1028,1,2
1030,1667,1029,1,2
1031,1667,1030,1,2
1035,1667,1036,2,1
1036,1667,1037,2,1
1037,1667,1038,2,1
1038,1599,1060,3,0
1038,1667,1016,0,3
1039,1599,1061,3,0
1039,1667,1017,0,3
1040,1599,1018,0,3
1040,1667,1018,0,3
1041,1667,1019,0,3
1042,1667,1020,0,3
1046,1667,1024,0,3
1047,1667,1025,0,3
1048,1667,1026,0,3
1049,1599,1071,3,0
1049,1667,1027,0,3
1050,1667,1049,1,2
1051,1667,1050,1,2
1052,1667,1051,1,2
1053,1667,1052,1,2
1057,1667,1058,2,1
1058,1667,1059,2,1
1059,1667,1060,2,1
1060,1638,1082,3,0
1060,1667,1038,0,3
1060,1670,1082,3,0
1060,1679,1082,3,0
1061,1667,1039,0,3
1062,1667,1040,0,3
1062,1670,1040,0,3
1062,1679,1040,0,3
1063,1667,1041,0,3
1064,1667,1042,0,3
1064,1670,1042,0,3
1064,1679,1042,0,3
1068,1667,1046,0,3
1068,1670,1046,0,3
1068,1679,1046,0,3
1069,1667,1047,0,3
1070,1667,1048,0,3
1071,1638,1093,3,0
1071,1667,1049,0,3
1071,1670,1093,3,0
1071,1679,1093,3,0
1072,1667,1071,1,2
1073,1667,1072,1,2
1074,1667,1073,1,2
1075,1667,1074,1,2
1079,1667,1080,2,1
1079,1682,1101,3,0
1080,1667,1081,2,1
1081,1667,1082,2,1
1082,1627,1104,3,0
1082,1635,1104,3,0
1082,1667,1060,0,3
1082,1682,1104,3,0
1083,1667,1061,0,3
1084,1627,1062,0,3
1084,1635,1062,0,3
1084,1667,1062,0,3
1085,1667,1063,0,3
1086,1667,1064,0,3
1090,1667,1068,0,3
1091,1667,1069,0,3
1092,1667,1070,0,3
1093,1627,1115,3,0
1093,1635,1115,3,0
1093,1667,1071,0,3
1093,1682,1115,3,0
1094,1667,1093,1,2
1095,1667,1094,1,2
1096,1667,1095,1,2
1097,1667,1096,1,2
1098,1682,1076,0,3
1101,1667,1102,2,1
1102,1667,1103,2,1
1103,1667,1104,2,1
1104,1667,1082,0,3
1104,1671,1126,3,0
1104,1677,1126,3,0
1105,1667,1083,0,3
1106,1667,1084,0,3
1106,1671,1084,0,3
1106,1677,1084,0,3
1107,1667,1085,0,3
1108,1667,1086,0,3
1112,1667,1090,0,3
1113,1667,1091,0,3
1114,1667,1092,0,3
1115,1667,1093,0,3
1115,1671,1137,3,0
1115,1677,1137,3,0
1116,1667,1115,1,2
1117,1667,1116,1,2
1118,1667,1117,1,2
1119,1667,1118,1,2
1123,1643,1145,3,0
1123,1667,1124,2,1
1124,1643,1146,3,0
1124,1667,1125,2,1
1125,1643,1147,3,0
1125,1667,1126,2,1
1126,1643,1148,3,0
1126,1667,1104,0,3
1127,1667,1105,0,3
1128,1667,1106,0,3
1129,1667,1107,0,3
1130,1667,1108,0,3
1134,1667,1112,0,3
1135,1667,1113,0,3
1136,1667,1114,0,3
1137,1643,1159,3,0
1137,1667,1115,0,3
1138,1667,1137,1,2
1139,1667,1138,1,2
1140,1667,1139,1,2
1141,1667,1140,1,2
1145,1602,1167,3,0
1145,1667,1146,2,1
1146,1602,1168,3,0
1146,1667,1147,2,1
1147,1602,1169,3,0
1147,1667,1148,2,1
1148,1602,1170,3,0
1148,1615,1170,3,0
1148,1665,1170,3,0
1148,1667,1126,0,3
1149,1667,1127,0,3
1150,1615,1128,0,3
1150,1665,1128,0,3
1150,1667,1128,0,3
1151,1667,1129,0,3
1152,1667,1130,0,3
1156,1667,1134,0,3
1157,1667,1135,0,3
1158,1667,1136,0,3
1159,1602,1181,3,0
1159,1615,1181,3,0
1159,1665,1181,3,0
1159,1667,1137,0,3
1160,1667,1159,1,2
1161,1667,1160,1,2
1162,1667,1161,1,2
1163,1667,1162,1,2
1167,1667,1168,2,1
1168,1667,1169,2,1
1169,1598,1191,3,0
1169,1667,1170,2,1
1170,1598,1192,3,0
1170,1637,1192,3,0
1170,1667,1148,0,3
1171,1637,1149,0,3
1171,1667,1149,0,3
1172,1637,1150,0,3
1172,1667,1150,0,3
1173,1667,1151,0,3
1174,1667,1152,0,3
1178,1667,1156,0,3
1179,1667,1157,0,3
1180,1667,1158,0,3
1181,1598,1203,3,0
1181,1637,1203,3,0
1181,1667,1159,0,3
1182,1667,1181,1,2
1183,1667,1182,1,2
1184,1667,1183,1,2
1185,1667,1184,1,2
1189,1667,1190,2,1
1190,1667,1191,2,1
1191,1667,1192,2,1
1192,1584,1214,3,0
1192,1591,1214,3,0
1192,1617,1214,3,0
1192,1667,1170,0,3
1193,1584,1171,0,3
1193,1591,1171,0,3
1193,1617,1171,0,3
1193,1667,1171,0,3
1194,1584,1172,0,3
1194,1591,1172,0,3
1194,1617,1172,0,3
1194,1667,1172,0,3
1195,1667,1173,0,3
1196,1667,1174,0,3
1200,1667,1178,0,3
1201,1667,1179,0,3
1202,1667,1180,0,3
1203,1667,1181,0,3
1204,1667,1203,1,2
1205,1667,1204,1,2
1206,1667,1205,1,2
1207,1667,1206,1,2
1211,1667,1212,2,1
1212,1667,1213,2,1
1213,1667,1214,2,1
1214,1667,1192,0,3
1215,1667,1193,0,3
1216,1667,1194,0,3
1217,1667,1195,0,3
1218,1667,1196,0,3
1222,1667,1200,0,3
1223,1667,1201,0,3
1224,1667,1202,0,3
1225,1667,1203,0,3
1226,1667,1225,1,2
1227,1667,1226,1,2
1228,1667,1227,1,2
1229,1667,1228,1,2
1233,1667,1234,2,1
1234,1667,1235,2,1
1235,1667,1236,2,1
1236,1652,1258,3,0
1236,1667,1214,0,3
1237,1652,1215,0,3
1237,1667,1215,0,3
1238,1652,1216,0,3
1238,1667,1216,0,3
1239,1667,1217,0,3
1240,1667,1218,0,3
1244,1667,1222,0,3
1245,1667,1223,0,3
1246,1667,1224,0,3
1247,1667,1225,0,3
1248,1667,1247,1,2
1249,1667,1248,1,2
1250,1667,1249,1,2
1251,1667,1250,1,2
1255,1667,1256,2,1
1256,1592,1278,3,0
1256,1667,1257,2,1
1257,1592,1279,3,0
1257,1667,1258,2,1
1258,1592,1280,3,0
1258,1667,1236,0,3
1259,1667,1237,0,3
1260,1667,1238,0,3
1261,1667,1239,0,3
1262,1667,1240,0,3
1266,1667,1244,0,3
1267,1667,1245,0,3
1268,1667,1246,0,3
1269,1592,1247,0,3
1269,1667,1247,0,3
1270,1667,1269,1,2
1271,1667,1270,1,2
1272,1667,1271,1,2
1273,1667,1272,1,2
1277,1667,1278,2,1
1278,1667,1279,2,1
1279,1667,1280,2,1
1280,1667,1258,0,3
1281,1667,1259,0,3
1282,1667,1260,0,3
1283,1667,1261,0,3
1284,1667,1262,0,3
1288,1667,1266,0,3
1289,1667,1267,0,3
1290,1667,1268,0,3
1291,1667,1269,0,3
1292,1667,1291,1,2
1293,1667,1292,1,2
1294,1667,1293,1,2
1295,1667,1294,1,2
1299,1667,1300,2,1
1300,1667,1301,2,1
1301,1633,1323,3,0
1301,1667,1302,2,1
1302,1633,1324,3,0
1302,1667,1280,0,3
1303,1667,1281,0,3
1304,1667,1282,0,3
1305,1667,1283,0,3
1306,1667,1284,0,3
1310,1667,1288,0,3
1311,1667,1289,0,3
1312,1667,1290,0,3
1313,1633,1291,0,3
1313,1667,1291,0,3
1314,1633,1336,3,0
1314,1667,1313,1,2
1315,1667,1314,1,2
1316,1667,1315,1,2
1317,1667,1316,1,2
1321,1655,1343,3,0
1321,1667,1322,2,1
1322,1667,1323,2,1
1323,1655,1345,3,0
1323,1667,1324,2,1
1324,1655,1346,3,0
1324,1667,1302,0,3
1325,1667,1303,0,3
1326,1667,1304,0,3
1327,1667,1305,0,3
1328,1667,1306,0,3
1332,1667,1310,0,3
1333,1667,1311,0,3
1334,1667,1312,0,3
1335,1655,1313,0,3
1335,1667,1313,0,3
1336,1655,1358,3,0
1336,1667,1335,1,2
1337,1667,1336,1,2
1338,1667,1337,1,2
1339,1667,1338,1,2
1343,1606,1365,3,0
1343,1667,1344,2,1
1343,1675,1365,3,0
1344,1667,1345,2,1
1345,1606,1367,3,0
1345,1667,1346,2,1
1345,1675,1367,3,0
1346,1606,1368,3,0
1346,1667,1324,0,3
1346,1675,1368,3,0
1347,1667,1325,0,3
1348,1667,1326,0,3
1349,1667,1327,0,3
1350,1667,1328,0,3
1354,1667,1332,0,3
1355,1667,1333,0,3
1356,1667,1334,0,3
1357,1606,1335,0,3
1357,1667,1335,0,3
1357,1675,1335,0,3
1358,1667,1357,1,2
1359,1667,1358,1,2
1360,1606,1338,0,3
1360,1667,1359,1,2
1360,1675,1338,0,3
1361,1667,1360,1,2
1362,1606,1340,0,3
1365,1667,1366,2,1
1366,1667,1367,2,1
1367,1667,1368,2,1
1368,1667,1346,0,3
1369,1667,1347,0,3
1370,1667,1348,0,3
1371,1667,1349,0,3
1372,1667,1350,0,3
1376,1667,1354,0,3
1377,1667,1355,0,3
1378,1667,1356,0,3
1379,1667,1357,0,3
1380,1667,1379,1,2
1381,1667,1380,1,2
1382,1667,1381,1,2
1383,1667,1382,1,2
1387,1667,1388,2,1
1388,1667,1389,2,1
1389,1667,1390,2,1
1390,1667,1368,0,3
1391,1667,1369,0,3
1392,1667,1370,0,3
1393,1667,1371,0,3
1394,1667,1372,0,3
1398,1667,1376,0,3
1399,1667,1377,0,3
1400,1667,1378,0,3
1401,1667,1379,0,3
1402,1667,1401,1,2
1403,1667,1402,1,2
1404,1667,1403,1,2
1405,1667,1404,1,2
1409,1667,1410,2,1
1410,1667,1411,2,1
1411,1667,1412,2,1
1412,1667,1390,0,3
1413,1667,1391,0,3
1414,1667,1392,0,3
1415,1667,1393,0,3
1416,1667,1394,0,3
1420,1667,1398,0,3
1421,1667,1399,0,3
1422,1667,1400,0,3
1423,1667,1401,0,3
1424,1667,1423,1,2
1425,1667,1424,1,2
1426,1667,1425,1,2
1427,1667,1426,1,2
1431,1622,1453,3,0
1431,1664,1453,3,0
1431,1667,1432,2,1
1432,1622,1410,0,3
1432,1664,1410,0,3
1432,1667,1433,2,1
1433,1667,1434,2,1
1434,1622,1456,3,0
1434,1664,1456,3,0
1434,1667,1412,0,3
1435,1667,1413,0,3
1436,1667,1414,0,3
1437,1667,1415,0,3
1438,1667,1416,0,3
1442,1667,1420,0,3
1443,1667,1421,0,3
1444,1667,1422,0,3
1445,1667,1423,0,3
1446,1622,1468,3,0
1446,1664,1468,3,0
1446,1667,1445,1,2
1447,1667,1446,1,2
1448,1667,1447,1,2
1449,1667,1448,1,2
1453,1618,1475,3,0
1453,1667,1454,2,1
1454,1618,1432,0,3
1454,1667,1455,2,1
1455,1667,1456,2,1
1456,1618,1478,3,0
1456,1667,1434,0,3
1457,1667,1435,0,3
1458,1667,1436,0,3
1459,1667,1437,0,3
1460,1667,1438,0,3
1464,1667,1442,0,3
1465,1667,1443,0,3
1466,1667,1444,0,3
1467,1667,1445,0,3
1468,1618,1490,3,0
1468,1667,1467,1,2
1469,1667,1468,1,2
1470,1667,1469,1,2
1471,1667,1470,1,2
1475,1588,1497,3,0
1475,1628,1497,3,0
1475,1642,1497,3,0
1475,1645,1497,3,0
1475,1667,1476,2,1
1476,1588,1454,0,3
1476,1628,1454,0,3
1476,1642,1454,0,3
1476,1645,1454,0,3
1476,1667,1477,2,1
1477,1667,1478,2,1
1478,1588,1500,3,0
1478,1628,1500,3,0
1478,1642,1500,3,0
1478,1645,1500,3,0
1478,1667,1456,0,3
1479,1667,1457,0,3
1480,1667,1458,0,3
1481,1667,1459,0,3
1482,1667,1460,0,3
1486,1667,1464,0,3
1487,1667,1465,0,3
1488,1667,1466,0,3
1489,1667,1467,0,3
1490,1588,1512,3,0
1490,1628,1512,3,0
1490,1642,1512,3,0
1490,1645,1512,3,0
1490,1667,1489,1,2
1491,1667,1490,1,2
1492,1667,1491,1,2
1493,1667,1492,1,2
1497,1667,1498,2,1
1498,1667,1499,2,1
1499,1667,1500,2,1
1500,1667,1478,0,3
1501,1667,1479,0,3
1502,1667,1480,0,3
1503,1667,1481,0,3
1504,1667,1482,0,3
1508,1667,1486,0,3
1509,1667,1487,0,3
1510,1667,1488,0,3
1511,1667,1489,0,3
1512,1667,1511,1,2
1513,1667,1512,1,2
1514,1667,1513,1,2
1515,1667,1514,1,2
1519,1667,1520,2,1
1520,1667,1521,2,1
1521,1667,1522,2,1
1523,1667,1501,0,3
1524,1667,1502,0,3
1525,1667,1503,0,3
1526,1667,1504,0,3
1530,1667,1508,0,3
1531,1667,1509,0,3
1532,1667,1510,0,3
1534,1667,1533,1,2
1535,1667,1534,1,2
1536,1667,1535,1,2
1537,1667,1536,1,2
1540,1612,1518,0,2
1540,1614,1518,0,2
1541,1667,1542,2,1
1542,1667,1543,2,1
1543,1612,1565,3,0
1543,1614,1565,3,0
1543,1667,1544,2,1
1544,1612,1566,3,0
1544,1614,1566,3,0
1545,1667,1523,0,3
1546,1667,1524,0,3
1547,1667,1525,0,3
1548,1667,1526,0,3
1552,1667,1530,0,3
1553,1667,1531,0,3
1554,1667,1532,0,3
1556,1667,1555,1,2
1557,1667,1556,1,2
1558,1667,1557,1,2
1559,1612,1537,0,3
1559,1614,1537,0,3
1559,1667,1558,1,2
1562,1666,1540,0,2
1563,1667,1564,2,1
1564,1667,1565,2,1
1565,1625,3,3,3
1565,1666,3,3,3
1565,1667,1566,2,1
1567,1667,1545,0,3
1568,1667,1546,0,3
1569,1667,1547,0,3
1570,1667,1548,0,3
1574,1667,1552,0,3
1575,1667,1553,0,3
1576,1667,1554,0,3
1578,1625,16,3,3
1578,1666,16,3,3
1578,1667,1577,1,2
1579,1625,17,3,3
1579,1666,17,3,3
1579,1667,1578,1,2
1580,1667,1579,1,2
1581,1667,1580,1,2
1667,1584,888,0,87
1667,1585,888,0,87
1667,1586,888,0,87
1667,1587,888,0,87
1667,1588,888,0,87
1667,1589,888,0,87
1667,1590,888,0,87
1667,1591,888,0,87
1667,1592,888,0,87
1667,1593,888,0,87
1667,1594,888,0,87
1667,1595,888,0,87
1667,1596,888,0,87
1667,1597,888,0,87
1667,1598,888,0,87
1667,1599,888,0,87
1667,1600,888,0,87
1667,1601,888,0,87
1667,1602,888,0,87
1667,1603,888,0,87
1667,1604,888,0,87
1667,1605,888,0,87
1667,1606,888,0,87
1667,1607,888,0,87
1667,1608,888,0,87
1667,1609,888,0,87
1667,1610,888,0,87
1667,1611,888,0,87
1667,1612,888,0,87
1667,1613,888,0,87
1667,1614,888,0,87
1667,1615,888,0,87
1667,1616,888,0,87
1667,1617,888,0,87
1667,1618,888,0,87
1667,1619,888,0,87
1667,1620,888,0,87
1667,1621,888,0,87
1667,1622,888,0,87
1667,1623,888,0,87
1667,1624,888,0,87
1667,1625,888,0,87
1667,1626,888,0,87
1667,1627,888,0,87
1667,1628,888,0,87
1667,1629,888,0,87
1667,1630,888,0,87
1667,1631,888,0,87
1667,1632,888,0,87
1667,1633,888,0,87
1667,1634,888,0,87
1667,1635,888,0,87
1667,1636,888,0,87
1667,1637,888,0,87
1667,1638,888,0,87
1667,1639,888,0,87
1667,1640,888,0,87
1667,1641,888,0,87
1667,1642,888,0,87
1667,1643,888,0,87
1667,1644,888,0,87
1667,1645,888,0,87
1667,1646,888,0,87
1667,1647,888,0,87
1667,1648,888,0,87
1667,1649,888,0,87
1667,1650,888,0,87
1667,1651,888,0,87
1667,1652,888,0,87
1667,1653,888,0,87
1667,1654,888,0,87
1667,1655,888,0,87
1667,1656,888,0,87
1667,1657,888,0,87
1667,1658,888,0,87
1667,1659,888,0,87
1667,1660,888,0,87
1667,1661,888,0,87
1667,1662,888,0,87
1667,1663,888,0,87
1667,1664,888,0,87
1667,1665,888,0,87
1667,1666,888,0,87
1667,1668,888,0,87
1667,1669,888,0,87
1667,1670,888,0,87
1667,1671,888,0,87
1667,1672,888,0,87
1667,1673,888,0,87
1667,1674,888,0,87
1667,1675,888,0,87
1667,1676,888,0,87
1667,1677,888,0,87
1667,1678,888,0,87
1667,1679,888,0,87
1667,1680,888,0,87
1667,1681,888,0,87
1667,1682,888,0,87
1667,1683,888,0,87
