1,1607,23,2,0
1,1639,1563,3,3
2,1607,24,2,0
2,1639,1564,3,3
2,1652,1564,3,3
4,1607,3,0,1
5,1607,4,0,1
5,1634,1567,3,3
6,1607,5,0,1
12,1607,13,1,0
12,1634,34,2,0
13,1607,14,1,0
13,1634,35,2,0
15,1607,37,2,0
16,1607,38,2,0
17,1607,18,1,0
23,1599,1,0,2
23,1607,45,3,0
23,1637,1,0,2
23,1661,1,0,2
24,1607,46,3,0
26,1607,25,1,2
27,1607,26,1,2
28,1607,27,1,2
34,1607,35,2,1
35,1607,36,2,1
37,1607,59,3,0
38,1607,60,3,0
39,1599,17,0,2
39,1607,40,2,1
39,1661,17,0,2
45,1607,67,3,0
45,1665,23,0,3
45,1677,23,0,3
46,1607,68,3,0
48,1596,70,3,0
48,1607,47,1,2
49,1596,27,0,3
49,1607,48,1,2
50,1607,49,1,2
56,1596,78,3,0
56,1607,57,2,1
57,1596,79,3,0
57,1607,58,2,1
59,1607,81,3,0
60,1607,82,3,0
61,1607,62,2,1
66,1586,88,2,0
66,1627,88,2,0
66,1635,88,2,0
66,1651,88,2,0
67,1586,45,0,3
67,1607,89,3,0
67,1627,45,0,3
67,1635,45,0,3
67,1651,45,0,3
68,1607,90,3,0
69,1586,91,3,0
69,1604,91,3,0
69,1627,91,3,0
69,1635,91,3,0
69,1651,91,3,0
69,1660,91,3,0
70,1607,69,1,2
71,1604,49,0,3
71,1607,70,1,2
71,1660,49,0,3
72,1607,71,1,2
78,1604,100,3,0
78,1607,79,2,1
78,1660,100,3,0
79,1604,101,3,0
79,1607,80,2,1
79,1660,101,3,0
81,1607,103,3,0
82,1607,104,3,0
83,1586,61,0,3
83,1607,84,2,1
83,1627,61,0,3
83,1635,61,0,3
83,1651,61,0,3
88,1630,110,2,0
88,1670,110,2,0
88,1679,110,2,0
89,1607,111,3,0
89,1615,67,0,3
89,1630,67,0,3
89,1649,67,0,3
89,1670,67,0,3
89,1679,67,0,3
90,1607,112,3,0
92,1607,91,1,2
93,1607,92,1,2
93,1613,71,0,3
94,1607,93,1,2
98,1613,120,3,0
100,1607,101,2,1
100,1613,122,3,0
101,1607,102,2,1
101,1613,123,3,0
103,1607,125,3,0
104,1607,126,3,0
105,1607,106,2,1
105,1630,83,0,3
105,1670,83,0,3
105,1679,83,0,3
111,1607,133,3,0
112,1607,134,3,0
114,1607,113,1,2
115,1607,114,1,2
116,1607,115,1,2
122,1607,123,2,1
123,1607,124,2,1
125,1607,147,3,0
126,1607,148,3,0
127,1607,128,2,1
133,1584,111,0,3
133,1607,155,3,0
133,1617,111,0,3
134,1607,156,3,0
136,1607,135,1,2
136,1646,158,3,0
137,1607,136,1,2
137,1646,115,0,3
138,1607,137,1,2
138,1646,116,0,3
144,1607,145,2,1
144,1646,166,3,0
145,1607,146,2,1
147,1607,169,3,0
148,1607,170,3,0
149,1607,150,2,1
155,1607,177,3,0
156,1607,178,3,0
158,1607,157,1,2
159,1607,158,1,2
159,1644,137,0,3
160,1607,159,1,2
160,1644,138,0,3
166,1607,167,2,1
166,1644,188,3,0
167,1607,168,2,1
168,1644,146,0,3
169,1607,191,3,0
170,1607,192,3,0
171,1607,172,2,1
177,1607,199,3,0
178,1607,200,3,0
180,1607,179,1,2
181,1607,180,1,2
182,1602,160,0,3
182,1607,181,1,2
188,1602,210,3,0
188,1607,189,2,1
189,1607,190,2,1
190,1602,168,0,3
191,1607,213,3,0
192,1607,214,3,0
193,1607,194,2,1
199,1607,221,3,0
200,1607,222,3,0
202,1607,201,1,2
203,1607,202,1,2
204,1607,203,1,2
204,1654,182,0,3
210,1607,211,2,1
210,1654,232,3,0
211,1607,212,2,1
213,1607,235,3,0
214,1607,236,3,0
215,1607,216,2,1
221,1607,243,3,0
222,1607,244,3,0
224,1607,223,1,2
225,1607,224,1,2
226,1607,225,1,2
232,1607,233,2,1
233,1607,234,2,1
235,1607,257,3,0
236,1607,258,3,0
237,1607,238,2,1
243,1607,265,3,0
244,1607,266,3,0
246,1607,245,1,2
247,1607,246,1,2
248,1607,247,1,2
248,1682,226,0,3
249,1682,227,0,3
250,1682,272,3,0
254,1607,255,2,1
255,1607,256,2,1
257,1607,279,3,0
258,1607,280,3,0
259,1607,260,2,1
265,1607,287,3,0
266,1607,288,3,0
268,1607,267,1,2
269,1607,268,1,2
269,1658,291,3,0
270,1607,269,1,2
270,1658,248,0,3
276,1607,277,2,1
277,1607,278,2,1
279,1607,301,3,0
280,1607,302,3,0
281,1607,282,2,1
287,1607,309,3,0
288,1607,310,3,0
290,1607,289,1,2
291,1607,290,1,2
292,1607,291,1,2
298,1607,299,2,1
299,1607,300,2,1
301,1607,323,3,0
302,1607,324,3,0
303,1607,304,2,1
309,1607,331,3,0
310,1607,332,3,0
312,1607,311,1,2
313,1607,312,1,2
314,1607,313,1,2
320,1607,321,2,1
321,1607,322,2,1
323,1607,345,3,0
324,1607,346,3,0
325,1607,326,2,1
331,1607,353,3,0
332,1607,354,3,0
334,1607,333,1,2
335,1607,334,1,2
335,1672,357,3,0
336,1607,335,1,2
342,1607,343,2,1
343,1607,344,2,1
343,1672,321,0,3
345,1607,367,3,0
346,1607,368,3,0
347,1607,348,2,1
353,1607,375,3,0
354,1607,376,3,0
355,1607,377,3,0
356,1607,355,1,2
357,1607,356,1,2
358,1607,357,1,2
364,1607,365,2,1
365,1607,366,2,1
366,1607,388,3,0
367,1607,389,3,0
368,1607,390,3,0
369,1607,370,2,1
375,1607,397,3,0
376,1607,398,3,0
377,1607,399,3,0
378,1607,377,1,2
379,1607,378,1,2
380,1607,379,1,2
386,1607,387,2,1
387,1607,388,2,1
388,1607,410,3,0
389,1607,411,3,0
390,1607,412,3,0
391,1607,392,2,1
397,1607,419,3,0
398,1607,420,3,0
399,1607,421,3,0
400,1607,399,1,2
401,1607,400,1,2
402,1607,401,1,2
408,1607,409,2,1
409,1607,410,2,1
410,1607,432,3,0
411,1607,433,3,0
412,1607,434,3,0
413,1607,414,2,1
419,1607,441,3,0
420,1607,442,3,0
421,1607,443,3,0
422,1607,421,1,2
423,1607,422,1,2
424,1607,423,1,2
430,1607,431,2,1
431,1607,432,2,1
432,1607,454,3,0
433,1607,455,3,0
434,1607,456,3,0
435,1607,436,2,1
441,1607,463,3,0
442,1607,464,3,0
443,1607,465,3,0
444,1607,443,1,2
445,1607,444,1,2
446,1607,445,1,2
452,1607,453,2,1
453,1607,454,2,1
454,1607,476,3,0
454,1673,432,0,3
455,1607,477,3,0
456,1607,478,3,0
457,1607,458,2,1
463,1607,485,3,0
464,1607,486,3,0
465,1607,487,3,0
466,1607,465,1,2
467,1607,466,1,2
468,1607,467,1,2
474,1607,475,2,1
475,1607,476,2,1
476,1607,498,3,0
477,1607,499,3,0
478,1607,500,3,0
479,1607,480,2,1
485,1607,507,3,0
486,1607,508,3,0
487,1607,509,3,0
488,1607,487,1,2
489,1607,488,1,2
490,1607,489,1,2
490,1618,468,0,3
496,1607,497,2,1
497,1607,498,2,1
497,1618,475,0,3
498,1607,520,3,0
498,1618,476,0,3
499,1607,521,3,0
500,1607,522,3,0
501,1607,502,2,1
507,1607,529,3,0
508,1607,530,3,0
509,1607,531,3,0
510,1606,488,0,3
510,1607,509,1,2
511,1607,510,1,2
512,1606,490,0,3
512,1607,511,1,2
514,1606,536,3,0
515,1606,537,3,0
518,1607,519,2,1
519,1606,497,0,3
519,1607,520,2,1
520,1606,498,0,3
520,1607,542,3,0
521,1607,543,3,0
522,1607,544,3,0
523,1607,524,2,1
529,1607,551,3,0
530,1607,552,3,0
531,1607,553,3,0
532,1607,531,1,2
533,1607,532,1,2
534,1607,533,1,2
540,1607,541,2,1
541,1607,542,2,1
542,1607,564,3,0
543,1607,565,3,0
544,1607,566,3,0
545,1607,546,2,1
551,1607,573,3,0
552,1607,574,3,0
553,1607,575,3,0
554,1607,553,1,2
555,1607,554,1,2
556,1607,555,1,2
562,1607,563,2,1
563,1607,564,2,1
564,1607,586,3,0
565,1607,587,3,0
566,1607,588,3,0
567,1607,568,2,1
573,1607,595,3,0
574,1607,596,3,0
575,1607,597,3,0
576,1607,575,1,2
577,1607,576,1,2
578,1607,577,1,2
584,1607,585,2,1
585,1607,586,2,1
586,1607,608,3,0
587,1607,609,3,0
588,1607,610,3,0
589,1607,590,2,1
595,1607,617,3,0
596,1607,618,3,0
597,1607,619,3,0
598,1607,597,1,2
599,1607,598,1,2
600,1607,599,1,2
606,1607,607,2,1
607,1607,608,2,1
608,1607,630,3,0
609,1607,631,3,0
610,1607,632,3,0
611,1607,612,2,1
617,1607,639,3,0
618,1607,640,3,0
619,1607,641,3,0
620,1607,619,1,2
621,1607,620,1,2
622,1607,621,1,2
628,1607,629,2,1
629,1607,630,2,1
630,1607,652,3,0
631,1607,653,3,0
632,1607,654,3,0
633,1607,634,2,1
638,1676,616,0,2
639,1607,661,3,0
640,1607,662,3,0
641,1607,663,3,0
642,1607,641,1,2
643,1607,642,1,2
644,1607,643,1,2
650,1607,651,2,1
651,1607,652,2,1
652,1607,674,3,0
653,1607,675,3,0
654,1607,676,3,0
654,1676,676,3,0
655,1607,656,2,1
655,1676,677,3,0
661,1607,683,3,0
662,1607,684,3,0
663,1607,685,3,0
664,1607,663,1,2
665,1607,664,1,2
665,1655,643,0,3
666,1607,665,1,2
666,1655,644,0,3
668,1655,690,3,0
670,1655,648,0,3
672,1607,673,2,1
672,1655,650,0,3
673,1607,674,2,1
673,1655,651,0,3
674,1607,696,3,0
675,1607,697,3,0
676,1607,698,3,0
677,1607,678,2,1
683,1607,705,3,0
684,1607,706,3,0
685,1607,707,3,0
686,1607,685,1,2
687,1607,686,1,2
687,1675,665,0,3
688,1607,687,1,2
688,1675,666,0,3
694,1607,695,2,1
695,1607,696,2,1
695,1675,673,0,3
696,1607,718,3,0
697,1607,719,3,0
698,1607,720,3,0
699,1607,700,2,1
704,1667,682,0,2
705,1607,727,3,0
706,1607,728,3,0
707,1607,729,3,0
708,1607,707,1,2
709,1607,708,1,2
709,1608,687,0,3
710,1607,709,1,2
716,1607,717,2,1
717,1607,718,2,1
717,1608,695,0,3
718,1607,740,3,0
719,1607,741,3,0
720,1607,742,3,0
721,1607,722,2,1
721,1667,743,3,0
726,1589,704,0,2
727,1607,749,3,0
728,1589,750,3,0
728,1593,750,3,0
728,1607,750,3,0
728,1648,750,3,0
729,1607,751,3,0
730,1607,729,1,2
731,1607,730,1,2
732,1607,731,1,2
738,1607,739,2,1
739,1607,740,2,1
740,1607,762,3,0
741,1607,763,3,0
742,1589,764,3,0
742,1593,764,3,0
742,1607,764,3,0
742,1648,764,3,0
743,1589,765,3,0
743,1607,744,2,1
744,1589,722,0,3
749,1607,771,3,0
750,1607,772,3,0
751,1607,773,3,0
752,1607,751,1,2
753,1607,752,1,2
754,1607,753,1,2
760,1607,761,2,1
761,1607,762,2,1
762,1607,784,3,0
763,1607,785,3,0
764,1607,786,3,0
765,1607,766,2,1
771,1607,1607,27,0
772,1607,771,1,2
773,1607,772,1,2
774,1598,752,0,3
774,1607,773,1,2
774,1633,752,0,3
775,1598,797,3,0
775,1607,774,1,2
775,1633,797,3,0
776,1607,775,1,2
776,1633,754,0,3
782,1607,783,2,1
782,1633,760,0,3
783,1598,761,0,3
783,1607,784,2,1
783,1633,761,0,3
784,1607,785,2,1
785,1607,786,2,1
786,1607,787,2,1
787,1607,788,2,1
793,1607,771,0,3
793,1641,815,3,0
794,1607,772,0,3
794,1641,816,3,0
796,1607,795,1,2
797,1607,796,1,2
798,1607,797,1,2
804,1607,805,2,1
805,1607,806,2,1
807,1607,785,0,3
808,1607,786,0,3
809,1607,810,2,1
809,1641,831,3,0
815,1607,793,0,3
816,1607,794,0,3
818,1607,817,1,2
819,1607,818,1,2
820,1607,819,1,2
826,1607,827,2,1
827,1607,828,2,1
829,1607,807,0,3
830,1607,808,0,3
831,1607,832,2,1
837,1607,815,0,3
838,1607,816,0,3
840,1607,839,1,2
840,1614,818,0,3
841,1607,840,1,2
841,1614,863,3,0
842,1607,841,1,2
842,1614,820,0,3
844,1614,866,3,0
846,1614,824,0,3
848,1607,849,2,1
848,1614,826,0,3
849,1607,850,2,1
849,1614,827,0,3
851,1607,829,0,3
852,1607,830,0,3
853,1607,854,2,1
859,1607,837,0,3
860,1607,838,0,3
861,1588,839,0,3
861,1628,839,0,3
861,1645,839,0,3
862,1607,861,1,2
863,1588,885,3,0
863,1607,862,1,2
863,1628,885,3,0
863,1645,885,3,0
864,1607,863,1,2
870,1588,848,0,3
870,1607,871,2,1
870,1628,848,0,3
870,1645,848,0,3
871,1588,849,0,3
871,1607,872,2,1
871,1628,849,0,3
871,1645,849,0,3
873,1607,851,0,3
874,1607,852,0,3
875,1607,876,2,1
881,1607,859,0,3
882,1607,860,0,3
884,1607,883,1,2
885,1607,884,1,2
885,1632,907,3,0
886,1607,885,1,2
888,1632,910,3,0
890,1632,868,0,3
892,1607,893,2,1
892,1632,870,0,3
893,1607,894,2,1
893,1632,871,0,3
895,1607,873,0,3
896,1607,874,0,3
897,1607,898,2,1
902,1616,880,0,2
902,1681,880,0,2
903,1607,881,0,3
903,1616,925,3,0
903,1681,925,3,0
904,1607,882,0,3
906,1607,905,1,2
906,1610,884,0,3
906,1622,884,0,3
907,1607,906,1,2
907,1610,929,3,0
907,1622,929,3,0
908,1607,907,1,2
910,1610,932,3,0
912,1610,890,0,3
914,1607,915,2,1
914,1610,892,0,3
914,1622,892,0,3
915,1607,916,2,1
915,1610,893,0,3
915,1622,893,0,3
917,1607,895,0,3
918,1607,896,0,3
919,1607,920,2,1
921,1616,899,0,3
921,1681,899,0,3
925,1607,903,0,3
926,1607,904,0,3
928,1607,927,1,2
928,1619,906,0,3
928,1647,906,0,3
929,1607,928,1,2
929,1619,951,3,0
929,1647,951,3,0
930,1607,929,1,2
930,1619,952,3,0
930,1647,952,3,0
932,1619,954,3,0
932,1647,954,3,0
934,1619,912,0,3
934,1647,912,0,3
936,1607,937,2,1
936,1619,914,0,3
936,1647,914,0,3
937,1607,938,2,1
939,1607,917,0,3
940,1607,918,0,3
941,1607,942,2,1
947,1607,925,0,3
948,1607,926,0,3
950,1607,949,1,2
951,1607,950,1,2
952,1607,951,1,2
958,1607,959,2,1
959,1607,960,2,1
961,1607,939,0,3
962,1607,940,0,3
963,1607,964,2,1
969,1607,947,0,3
970,1607,948,0,3
972,1607,971,1,2
973,1607,972,1,2
974,1607,973,1,2
980,1607,981,2,1
980,1668,958,0,3
981,1607,982,2,1
982,1668,1004,3,0
983,1607,961,0,3
984,1607,962,0,3
985,1607,986,2,1
991,1607,969,0,3
992,1607,970,0,3
994,1607,993,1,2
995,1607,994,1,2
996,1607,995,1,2
1002,1607,1003,2,1
1003,1607,1004,2,1
1005,1607,983,0,3
1006,1607,984,0,3
1007,1607,1008,2,1
1013,1607,991,0,3
1014,1607,992,0,3
1016,1607,1015,1,2
1017,1607,1016,1,2
1018,1601,1040,3,0
1018,1607,1017,1,2
1018,1683,1040,3,0
1019,1601,1041,3,0
1019,1683,1041,3,0
1020,1601,1042,3,0
1022,1601,1000,0,3
1024,1607,1025,2,1
1025,1607,1026,2,1
1027,1607,1005,0,3
1028,1607,1006,0,3
1029,1607,1030,2,1
1035,1607,1013,0,3
1036,1607,1014,0,3
1038,1607,1037,1,2
1039,1607,1038,1,2
1040,1603,1062,3,0
1040,1607,1039,1,2
1040,1609,1062,3,0
1040,1625,1062,3,0
1040,1626,1062,3,0
1040,1629,1062,3,0
1040,1631,1062,3,0
1041,1603,1063,3,0
1041,1609,1063,3,0
1041,1626,1063,3,0
1041,1629,1063,3,0
1041,1631,1063,3,0
1046,1607,1047,2,1
1047,1607,1048,2,1
1049,1607,1027,0,3
1050,1607,1028,0,3
1050,1638,1028,0,3
1051,1607,1052,2,1
1057,1607,1035,0,3
1058,1607,1036,0,3
1060,1607,1059,1,2
1061,1607,1060,1,2
1062,1607,1061,1,2
1068,1607,1069,2,1
1069,1607,1070,2,1
1071,1607,1049,0,3
1072,1607,1050,0,3
1073,1607,1074,2,1
1079,1607,1057,0,3
1080,1607,1058,0,3
1082,1607,1081,1,2
1083,1607,1082,1,2
1084,1607,1083,1,2
1084,1624,1106,3,0
1084,1671,1106,3,0
1090,1607,1091,2,1
1091,1607,1092,2,1
1093,1607,1071,0,3
1094,1607,1072,0,3
1094,1653,1072,0,3
1095,1607,1096,2,1
1100,1674,1122,2,0
1101,1607,1079,0,3
1102,1607,1080,0,3
1104,1607,1103,1,2
1105,1607,1104,1,2
1106,1607,1105,1,2
1112,1607,1113,2,1
1113,1607,1114,2,1
1115,1607,1093,0,3
1116,1607,1094,0,3
1117,1607,1118,2,1
1118,1674,1140,3,0
1119,1674,1097,0,3
1122,1587,1144,2,0
1122,1643,1144,2,0
1123,1607,1101,0,3
1124,1607,1102,0,3
1126,1607,1125,1,2
1127,1607,1126,1,2
1128,1607,1127,1,2
1134,1607,1135,2,1
1135,1607,1136,2,1
1137,1607,1115,0,3
1138,1607,1116,0,3
1139,1607,1140,2,1
1140,1587,1162,3,0
1140,1643,1162,3,0
1145,1607,1123,0,3
1146,1607,1124,0,3
1148,1607,1147,1,2
1148,1669,1170,3,0
1149,1607,1148,1,2
1149,1669,1127,0,3
1150,1607,1149,1,2
1150,1669,1172,3,0
1156,1607,1157,2,1
1157,1607,1158,2,1
1157,1669,1179,3,0
1159,1607,1137,0,3
1160,1607,1138,0,3
1161,1607,1162,2,1
1167,1607,1145,0,3
1168,1607,1146,0,3
1169,1607,1147,0,3
1170,1591,1192,3,0
1170,1607,1169,1,2
1171,1591,1149,0,3
1171,1607,1170,1,2
1172,1591,1194,3,0
1172,1607,1171,1,2
1178,1607,1179,2,1
1179,1591,1201,3,0
1179,1607,1180,2,1
1180,1607,1158,0,3
1181,1607,1159,0,3
1182,1607,1160,0,3
1183,1607,1184,2,1
1189,1607,1167,0,3
1190,1607,1168,0,3
1191,1607,1169,0,3
1192,1607,1191,1,2
1193,1607,1192,1,2
1194,1607,1193,1,2
1200,1607,1201,2,1
1201,1607,1202,2,1
1202,1607,1180,0,3
1203,1607,1181,0,3
1204,1607,1182,0,3
1205,1607,1206,2,1
1210,1659,1232,2,0
1211,1607,1189,0,3
1212,1607,1190,0,3
1213,1607,1191,0,3
1214,1607,1213,1,2
1215,1607,1214,1,2
1216,1607,1215,1,2
1222,1607,1223,2,1
1223,1607,1224,2,1
1224,1607,1202,0,3
1224,1659,1246,3,0
1224,1663,1246,3,0
1225,1607,1203,0,3
1226,1607,1204,0,3
1227,1607,1228,2,1
1228,1659,1250,3,0
1229,1659,1207,0,3
1233,1607,1211,0,3
1234,1607,1212,0,3
1235,1607,1213,0,3
1236,1607,1235,1,2
1237,1607,1236,1,2
1238,1607,1237,1,2
1244,1607,1245,2,1
1245,1607,1246,2,1
1246,1607,1224,0,3
1247,1607,1225,0,3
1248,1607,1226,0,3
1249,1607,1250,2,1
1254,1592,1276,2,0
1254,1600,1276,2,0
1254,1662,1276,2,0
1255,1607,1233,0,3
1256,1607,1234,0,3
1257,1607,1235,0,3
1258,1607,1257,1,2
1259,1607,1258,1,2
1260,1607,1259,1,2
1266,1607,1267,2,1
1267,1607,1268,2,1
1268,1592,1290,3,0
1268,1600,1290,3,0
1268,1607,1246,0,3
1268,1662,1290,3,0
1269,1607,1247,0,3
1270,1607,1248,0,3
1271,1607,1272,2,1
1272,1600,1294,3,0
1273,1600,1251,0,3
1277,1607,1255,0,3
1278,1607,1256,0,3
1279,1607,1257,0,3
1280,1607,1279,1,2
1281,1607,1280,1,2
1282,1607,1281,1,2
1288,1607,1289,2,1
1289,1607,1290,2,1
1290,1607,1268,0,3
1291,1607,1269,0,3
1292,1607,1270,0,3
1293,1607,1294,2,1
1299,1607,1277,0,3
1300,1607,1278,0,3
1301,1607,1279,0,3
1302,1607,1301,1,2
1303,1607,1302,1,2
1304,1607,1303,1,2
1310,1607,1311,2,1
1311,1607,1312,2,1
1312,1607,1290,0,3
1313,1607,1291,0,3
1314,1607,1292,0,3
1315,1607,1316,2,1
1321,1607,1299,0,3
1322,1607,1300,0,3
1323,1607,1301,0,3
1324,1607,1323,1,2
1325,1607,1324,1,2
1326,1607,1325,1,2
1332,1607,1333,2,1
1333,1607,1334,2,1
1334,1607,1312,0,3
1335,1607,1313,0,3
1336,1607,1314,0,3
1337,1607,1338,2,1
1342,1650,1364,2,0
1343,1607,1321,0,3
1344,1607,1322,0,3
1345,1607,1323,0,3
1346,1607,1345,1,2
1347,1607,1346,1,2
1348,1607,1347,1,2
1354,1607,1355,2,1
1355,1607,1356,2,1
1356,1607,1334,0,3
1357,1607,1335,0,3
1358,1607,1336,0,3
1358,1650,1336,0,3
1359,1607,1360,2,1
1361,1650,1339,0,3
1364,1636,1386,2,0
1365,1607,1343,0,3
1366,1607,1344,0,3
1367,1607,1345,0,3
1368,1607,1367,1,2
1369,1607,1368,1,2
1370,1607,1369,1,2
1376,1607,1377,2,1
1377,1607,1378,2,1
1378,1607,1356,0,3
1379,1607,1357,0,3
1380,1607,1358,0,3
1380,1636,1358,0,3
1381,1607,1382,2,1
1387,1607,1365,0,3
1388,1607,1366,0,3
1389,1607,1367,0,3
1390,1607,1389,1,2
1391,1607,1390,1,2
1392,1607,1391,1,2
1398,1607,1399,2,1
1399,1607,1400,2,1
1400,1607,1378,0,3
1401,1607,1379,0,3
1402,1607,1380,0,3
1403,1607,1404,2,1
1408,1680,1430,2,0
1409,1607,1387,0,3
1410,1607,1388,0,3
1411,1607,1389,0,3
1412,1607,1411,1,2
1413,1607,1412,1,2
1414,1607,1413,1,2
1420,1607,1421,2,1
1421,1607,1422,2,1
1422,1607,1400,0,3
1423,1607,1401,0,3
1424,1607,1402,0,3
1424,1664,1402,0,3
1424,1680,1402,0,3
1425,1607,1426,2,1
1427,1680,1405,0,3
1430,1656,1452,2,0
1431,1607,1409,0,3
1432,1607,1410,0,3
1433,1607,1411,0,3
1434,1607,1433,1,2
1435,1607,1434,1,2
1436,1607,1435,1,2
1442,1607,1443,2,1
1443,1607,1444,2,1
1444,1607,1422,0,3
1445,1607,1423,0,3
1446,1607,1424,0,3
1446,1656,1424,0,3
1447,1607,1448,2,1
1447,1656,1425,0,3
1449,1656,1427,0,3
1452,1595,1474,2,0
1453,1607,1431,0,3
1454,1607,1432,0,3
1455,1607,1433,0,3
1456,1607,1455,1,2
1457,1607,1456,1,2
1458,1607,1457,1,2
1464,1607,1465,2,1
1465,1607,1466,2,1
1466,1607,1444,0,3
1467,1607,1445,0,3
1468,1595,1446,0,3
1468,1607,1446,0,3
1469,1595,1447,0,3
1469,1607,1470,2,1
1474,1585,1496,2,0
1475,1607,1453,0,3
1476,1607,1454,0,3
1477,1607,1455,0,3
1478,1607,1477,1,2
1479,1607,1478,1,2
1480,1607,1479,1,2
1486,1607,1487,2,1
1487,1607,1488,2,1
1488,1607,1466,0,3
1489,1607,1467,0,3
1490,1607,1468,0,3
1491,1585,1469,0,3
1491,1607,1492,2,1
1497,1607,1475,0,3
1498,1607,1476,0,3
1499,1607,1477,0,3
1500,1607,1499,1,2
1501,1607,1500,1,2
1502,1607,1501,1,2
1508,1607,1509,2,1
1509,1607,1510,2,1
1510,1607,1488,0,3
1511,1607,1489,0,3
1512,1607,1490,0,3
1513,1607,1514,2,1
1518,1620,1540,2,0
1518,1642,1540,2,0
1519,1607,1497,0,3
1520,1607,1498,0,3
1520,1620,1498,0,3
1520,1642,1498,0,3
1521,1607,1499,0,3
1522,1607,1521,1,2
1523,1607,1522,1,2
1524,1607,1523,1,2
1530,1607,1531,2,1
1531,1607,1532,2,1
1532,1607,1510,0,3
1533,1607,1511,0,3
1534,1607,1512,0,3
1534,1620,1512,0,3
1534,1642,1512,0,3
1535,1607,1536,2,1
1535,1620,1513,0,3
1535,1642,1513,0,3
1536,1620,1558,3,0
1536,1642,1558,3,0
1540,1594,1562,2,0
1540,1597,1562,2,0
1540,1612,1562,2,0
1540,1666,1562,2,0
1541,1594,1519,0,3
1541,1597,1519,0,3
1541,1607,1519,0,3
1541,1612,1519,0,3
1541,1666,1519,0,3
1542,1594,1520,0,3
1542,1597,1520,0,3
1542,1607,1520,0,3
1542,1612,1520,0,3
1542,1666,1520,0,3
1543,1607,1521,0,3
1544,1607,1543,1,2
1545,1607,1544,1,2
1546,1607,1545,1,2
1552,1607,1553,2,1
1553,1607,1554,2,1
1554,1607,1532,0,3
1555,1607,1533,0,3
1556,1607,1534,0,3
1557,1594,1535,0,3
1557,1597,1535,0,3
1557,1607,1558,2,1
1557,1612,1535,0,3
1557,1666,1535,0,3
1563,1590,1541,0,3
1563,1607,1541,0,3
1564,1607,1542,0,3
1565,1607,1543,0,3
1566,1607,1565,1,2
1567,1607,1566,1,2
1568,1607,1567,1,2
1574,1607,1575,2,1
1575,1607,1576,2,1
1576,1607,1554,0,3
1577,1607,15,3,3
1578,1607,1556,0,3
1579,1607,1580,2,1
1607,1584,771,0,27
1607,1585,771,0,27
1607,1586,771,0,27
1607,1587,771,0,27
1607,1588,771,0,27
1607,1589,771,0,27
1607,1590,771,0,27
1607,1591,771,0,27
1607,1592,771,0,27
1607,1593,771,0,27
1607,1594,771,0,27
1607,1595,771,0,27
1607,1596,771,0,27
1607,1597,771,0,27
1607,1598,771,0,27
1607,1599,771,0,27
1607,1600,771,0,27
1607,1601,771,0,27
1607,1602,771,0,27
1607,1603,771,0,27
1607,1604,771,0,27
1607,1605,771,0,27
1607,1606,771,0,27
1607,1608,771,0,27
1607,1609,771,0,27
1607,1610,771,0,27
1607,1611,771,0,27
1607,1612,771,0,27
1607,1613,771,0,27
1607,1614,771,0,27
1607,1615,771,0,27
1607,1616,771,0,27
1607,1617,771,0,27
1607,1618,771,0,27
1607,1619,771,0,27
1607,1620,771,0,27
1607,1621,771,0,27
1607,1622,771,0,27
1607,1623,771,0,27
1607,1624,771,0,27
1607,1625,771,0,27
1607,1626,771,0,27
1607,1627,771,0,27
1607,1628,771,0,27
1607,1629,771,0,27
1607,1630,771,0,27
1607,1631,771,0,27
1607,1632,771,0,27
1607,1633,771,0,27
1607,1634,771,0,27
1607,1635,771,0,27
1607,1636,771,0,27
1607,1637,771,0,27
1607,1638,771,0,27
1607,1639,771,0,27
1607,1640,771,0,27
1607,1641,771,0,27
1607,1642,771,0,27
1607,1643,771,0,27
1607,1644,771,0,27
1607,1645,771,0,27
1607,1646,771,0,27
1607,1647,771,0,27
1607,1648,771,0,27
1607,1649,771,0,27
1607,1650,771,0,27
1607,1651,771,0,27
1607,1652,771,0,27
1607,1653,771,0,27
1607,1654,771,0,27
1607,1655,771,0,27
1607,1656,771,0,27
1607,1657,771,0,27
1607,1658,771,0,27
1607,1659,771,0,27
1607,1660,771,0,27
1607,1661,771,0,27
1607,1662,771,0,27
1607,1663,771,0,27
1607,1664,771,0,27
1607,1665,771,0,27
1607,1666,771,0,27
1607,1667,771,0,27
1607,1668,771,0,27
1607,1669,771,0,27
1607,1670,771,0,27
1607,1671,771,0,27
1607,1672,771,0,27
1607,1673,771,0,27
1607,1674,771,0,27
1607,1675,771,0,27
1607,1676,771,0,27
1607,1677,771,0,27
1607,1678,771,0,27
1607,1679,771,0,27
1607,1680,771,0,27
1607,1681,771,0,27
1607,1682,771,0,27
1607,1683,771,0,27
