0,1612,22,1,0
1,1612,23,2,0
2,1590,24,2,0
2,1607,24,2,0
2,1612,24,2,0
2,1625,24,2,0
2,1661,24,2,0
3,1590,1565,3,3
3,1607,1565,3,3
3,1612,25,2,0
3,1625,1565,3,3
3,1661,1565,3,3
4,1590,26,2,0
4,1607,26,2,0
4,1625,26,2,0
4,1661,26,2,0
5,1612,4,0,1
6,1612,5,0,1
7,1612,6,0,1
8,1612,7,0,1
10,1612,11,1,0
11,1612,12,1,0
12,1612,13,1,0
13,1612,14,1,0
14,1612,15,1,0
15,1590,37,2,0
15,1607,37,2,0
15,1625,37,2,0
15,1661,37,2,0
16,1590,38,2,0
16,1607,38,2,0
16,1612,38,2,0
16,1625,38,2,0
16,1661,38,2,0
17,1612,39,2,0
18,1612,40,2,0
18,1625,40,2,0
18,1661,40,2,0
19,1612,41,2,0
20,1612,42,2,0
21,1612,43,2,0
22,1612,44,2,0
23,1612,45,3,0
24,1612,46,3,0
25,1612,47,3,0
25,1671,3,0,2
25,1683,3,0,2
26,1671,48,3,0
26,1683,48,3,0
27,1612,26,1,2
28,1612,27,1,2
29,1612,28,1,2
30,1612,29,1,2
32,1612,33,2,1
33,1612,34,2,1
34,1612,35,2,1
35,1612,36,2,1
36,1612,37,2,1
37,1671,59,3,0
37,1683,59,3,0
38,1612,60,3,0
38,1671,60,3,0
38,1683,60,3,0
39,1612,61,3,0
40,1612,62,3,0
40,1683,62,3,0
41,1612,63,3,0
42,1612,64,3,0
43,1612,65,3,0
44,1612,66,2,0
45,1612,67,3,0
45,1624,67,3,0
46,1612,68,3,0
47,1612,69,3,0
47,1615,25,0,3
47,1624,25,0,3
48,1615,70,3,0
48,1624,70,3,0
49,1612,48,1,2
50,1612,49,1,2
51,1612,50,1,2
52,1612,51,1,2
54,1612,55,2,1
55,1612,56,2,1
56,1612,57,2,1
57,1612,58,2,1
58,1612,59,2,1
59,1615,81,3,0
59,1624,81,3,0
60,1612,82,3,0
60,1615,82,3,0
60,1624,82,3,0
61,1612,83,3,0
62,1612,84,3,0
62,1624,84,3,0
63,1612,85,3,0
64,1612,86,3,0
65,1612,87,3,0
66,1612,88,2,0
67,1603,89,3,0
67,1609,89,3,0
67,1612,89,3,0
67,1626,89,3,0
67,1629,89,3,0
67,1631,89,3,0
68,1612,90,3,0
69,1603,47,0,3
69,1609,47,0,3
69,1612,91,3,0
69,1626,47,0,3
69,1629,47,0,3
69,1631,47,0,3
70,1612,92,3,0
71,1612,70,1,2
72,1596,50,0,3
72,1612,71,1,2
72,1613,50,0,3
73,1612,72,1,2
73,1613,95,3,0
74,1612,73,1,2
76,1612,77,2,1
76,1613,98,3,0
77,1612,78,2,1
78,1612,79,2,1
79,1612,80,2,1
80,1596,102,3,0
80,1612,81,2,1
80,1613,102,3,0
81,1596,103,3,0
81,1603,103,3,0
81,1609,103,3,0
81,1612,103,3,0
81,1613,103,3,0
81,1626,103,3,0
81,1629,103,3,0
81,1631,103,3,0
82,1603,104,3,0
82,1609,104,3,0
82,1612,104,3,0
82,1626,104,3,0
82,1629,104,3,0
82,1631,104,3,0
83,1603,105,3,0
83,1609,105,3,0
83,1612,105,3,0
83,1626,105,3,0
83,1629,105,3,0
83,1631,105,3,0
84,1603,106,3,0
84,1609,106,3,0
84,1612,106,3,0
84,1626,106,3,0
84,1629,106,3,0
84,1631,106,3,0
85,1612,107,3,0
86,1612,108,3,0
87,1612,109,3,0
88,1612,110,2,0
89,1586,111,3,0
89,1612,111,3,0
90,1612,112,3,0
91,1586,69,0,3
91,1612,113,3,0
92,1612,114,3,0
93,1612,92,1,2
94,1589,72,0,3
94,1612,93,1,2
94,1660,72,0,3
94,1676,72,0,3
95,1589,117,3,0
95,1612,94,1,2
95,1660,117,3,0
95,1676,117,3,0
96,1612,95,1,2
98,1612,99,2,1
99,1612,100,2,1
100,1589,122,3,0
100,1612,101,2,1
100,1660,122,3,0
100,1676,122,3,0
101,1612,102,2,1
102,1589,124,3,0
102,1612,103,2,1
102,1660,124,3,0
102,1676,124,3,0
103,1586,125,3,0
103,1589,125,3,0
103,1612,125,3,0
103,1660,125,3,0
103,1676,125,3,0
104,1586,126,3,0
104,1612,126,3,0
105,1586,127,3,0
105,1612,127,3,0
106,1586,84,0,3
106,1612,128,3,0
107,1612,129,3,0
108,1612,130,3,0
109,1612,131,3,0
110,1612,132,2,0
111,1591,133,3,0
111,1612,133,3,0
111,1630,133,3,0
112,1591,90,0,3
112,1612,134,3,0
112,1630,90,0,3
113,1591,91,0,3
113,1612,135,3,0
113,1630,91,0,3
114,1612,136,3,0
115,1612,114,1,2
116,1612,115,1,2
116,1616,94,0,3
116,1667,94,0,3
117,1612,116,1,2
117,1616,139,3,0
117,1667,139,3,0
118,1612,117,1,2
118,1616,140,3,0
120,1612,121,2,1
121,1612,122,2,1
121,1616,143,3,0
122,1612,123,2,1
122,1616,144,3,0
122,1667,144,3,0
123,1612,124,2,1
124,1612,125,2,1
124,1616,146,3,0
124,1667,146,3,0
125,1591,147,3,0
125,1612,147,3,0
125,1616,147,3,0
125,1630,147,3,0
125,1667,147,3,0
126,1591,148,3,0
126,1612,148,3,0
126,1630,148,3,0
127,1591,149,3,0
127,1612,149,3,0
127,1630,149,3,0
128,1612,150,3,0
128,1630,106,0,3
129,1612,151,3,0
130,1612,152,3,0
131,1612,153,3,0
131,1630,153,3,0
132,1612,154,2,0
133,1612,155,3,0
134,1612,156,3,0
135,1612,157,3,0
136,1612,158,3,0
137,1612,136,1,2
138,1612,137,1,2
139,1612,138,1,2
140,1612,139,1,2
142,1612,143,2,1
143,1612,144,2,1
144,1612,145,2,1
145,1612,146,2,1
146,1612,147,2,1
147,1612,169,3,0
148,1612,170,3,0
149,1612,171,3,0
150,1612,172,3,0
151,1612,173,3,0
152,1612,174,3,0
153,1612,175,3,0
154,1612,176,2,0
155,1612,177,3,0
156,1612,178,3,0
157,1612,179,3,0
158,1612,180,3,0
159,1612,158,1,2
160,1587,138,0,3
160,1612,159,1,2
160,1643,138,0,3
161,1587,183,3,0
161,1612,160,1,2
161,1643,183,3,0
162,1612,161,1,2
164,1612,165,2,1
165,1587,187,3,0
165,1612,166,2,1
165,1643,187,3,0
166,1587,188,3,0
166,1612,167,2,1
166,1643,188,3,0
167,1612,168,2,1
168,1587,190,3,0
168,1612,169,2,1
168,1643,190,3,0
169,1612,191,3,0
170,1612,192,3,0
171,1612,193,3,0
172,1612,194,3,0
173,1612,195,3,0
174,1612,196,3,0
175,1612,197,3,0
176,1612,198,2,0
177,1612,199,3,0
178,1612,200,3,0
179,1612,201,3,0
180,1612,202,3,0
181,1612,180,1,2
182,1612,181,1,2
183,1612,182,1,2
183,1674,205,3,0
184,1612,183,1,2
186,1612,187,2,1
187,1612,188,2,1
187,1674,209,3,0
188,1612,189,2,1
188,1674,210,3,0
189,1612,190,2,1
189,1674,211,3,0
190,1612,191,2,1
190,1674,212,3,0
191,1612,213,3,0
192,1612,214,3,0
193,1612,215,3,0
194,1612,216,3,0
195,1612,217,3,0
196,1612,218,3,0
197,1612,219,3,0
198,1612,220,2,0
199,1612,221,3,0
200,1612,222,3,0
201,1612,223,3,0
202,1612,224,3,0
202,1641,180,0,3
203,1612,202,1,2
204,1612,203,1,2
205,1612,204,1,2
205,1641,227,3,0
206,1612,205,1,2
208,1612,209,2,1
209,1612,210,2,1
210,1612,211,2,1
210,1641,232,3,0
211,1612,212,2,1
211,1641,233,3,0
212,1612,213,2,1
212,1641,234,3,0
213,1612,235,3,0
214,1612,236,3,0
215,1612,237,3,0
216,1612,238,3,0
217,1612,239,3,0
218,1612,240,3,0
219,1612,241,3,0
220,1612,242,2,0
221,1612,243,3,0
222,1612,244,3,0
223,1612,245,3,0
224,1612,246,3,0
225,1612,224,1,2
226,1612,225,1,2
227,1612,226,1,2
228,1612,227,1,2
230,1612,231,2,1
231,1612,232,2,1
232,1612,233,2,1
233,1612,234,2,1
234,1612,235,2,1
235,1612,257,3,0
236,1612,258,3,0
237,1612,259,3,0
238,1612,260,3,0
239,1612,261,3,0
240,1612,262,3,0
241,1612,263,3,0
242,1612,264,2,0
243,1612,265,3,0
244,1612,266,3,0
245,1612,267,3,0
246,1612,268,3,0
247,1612,246,1,2
248,1612,247,1,2
249,1612,248,1,2
250,1612,249,1,2
252,1612,253,2,1
253,1612,254,2,1
254,1612,255,2,1
255,1612,256,2,1
256,1612,257,2,1
257,1612,279,3,0
258,1612,280,3,0
259,1612,281,3,0
260,1612,282,3,0
261,1612,283,3,0
262,1612,284,3,0
263,1612,285,3,0
264,1612,286,2,0
265,1612,287,3,0
266,1612,288,3,0
267,1612,289,3,0
268,1612,290,3,0
268,1621,246,0,3
268,1682,246,0,3
269,1612,268,1,2
269,1621,291,3,0
269,1682,291,3,0
270,1612,269,1,2
270,1621,248,0,3
270,1682,248,0,3
271,1612,270,1,2
271,1682,249,0,3
272,1612,271,1,2
274,1612,275,2,1
274,1682,296,3,0
275,1612,276,2,1
275,1682,297,3,0
276,1612,277,2,1
277,1612,278,2,1
277,1621,299,3,0
277,1682,299,3,0
278,1612,279,2,1
278,1621,300,3,0
278,1682,300,3,0
279,1612,301,3,0
280,1612,302,3,0
281,1612,303,3,0
282,1612,304,3,0
283,1612,305,3,0
284,1612,306,3,0
285,1612,307,3,0
286,1612,308,2,0
287,1612,309,3,0
288,1612,310,3,0
289,1612,311,3,0
290,1593,268,0,3
290,1612,312,3,0
290,1648,268,0,3
290,1658,268,0,3
291,1593,313,3,0
291,1612,290,1,2
291,1648,313,3,0
291,1658,313,3,0
292,1612,291,1,2
293,1612,292,1,2
294,1612,293,1,2
296,1612,297,2,1
297,1612,298,2,1
298,1612,299,2,1
299,1593,321,3,0
299,1612,300,2,1
299,1648,321,3,0
299,1658,321,3,0
300,1593,322,3,0
300,1612,301,2,1
300,1648,322,3,0
300,1658,322,3,0
301,1612,323,3,0
302,1612,324,3,0
303,1612,325,3,0
304,1612,326,3,0
305,1612,327,3,0
306,1612,328,3,0
307,1612,329,3,0
308,1612,330,2,0
309,1612,331,3,0
310,1612,332,3,0
311,1612,333,3,0
312,1612,334,3,0
312,1640,290,0,3
313,1612,312,1,2
313,1640,335,3,0
314,1612,313,1,2
315,1612,314,1,2
316,1612,315,1,2
318,1612,319,2,1
319,1612,320,2,1
320,1612,321,2,1
321,1612,322,2,1
321,1640,343,3,0
322,1612,323,2,1
322,1640,344,3,0
323,1612,345,3,0
323,1640,301,0,3
324,1612,346,3,0
325,1612,347,3,0
326,1612,348,3,0
327,1612,349,3,0
328,1612,350,3,0
329,1612,351,3,0
330,1612,352,2,0
331,1612,353,3,0
332,1612,354,3,0
333,1612,355,3,0
334,1612,356,3,0
335,1612,334,1,2
336,1612,335,1,2
337,1612,336,1,2
338,1612,337,1,2
340,1612,341,2,1
341,1612,342,2,1
342,1612,343,2,1
343,1612,344,2,1
344,1612,345,2,1
345,1612,367,3,0
346,1612,368,3,0
347,1612,369,3,0
348,1612,370,3,0
349,1612,371,3,0
350,1612,372,3,0
351,1612,373,3,0
352,1612,374,2,0
353,1612,375,3,0
354,1612,376,3,0
355,1612,377,3,0
356,1612,378,3,0
357,1612,356,1,2
358,1612,357,1,2
359,1612,358,1,2
360,1612,359,1,2
362,1612,363,2,1
363,1612,364,2,1
364,1612,365,2,1
365,1612,366,2,1
366,1612,367,2,1
367,1612,389,3,0
368,1612,390,3,0
369,1612,391,3,0
370,1612,392,3,0
371,1612,393,3,0
372,1612,394,3,0
373,1612,395,3,0
374,1612,396,2,0
375,1612,397,3,0
376,1612,398,3,0
377,1612,399,3,0
378,1612,400,3,0
379,1612,378,1,2
379,1678,401,3,0
380,1612,379,1,2
381,1612,380,1,2
382,1612,381,1,2
384,1612,385,2,1
385,1612,386,2,1
386,1612,387,2,1
387,1612,388,2,1
388,1612,389,2,1
388,1678,410,3,0
389,1612,411,3,0
389,1678,367,0,3
390,1612,412,3,0
391,1612,413,3,0
392,1612,414,3,0
393,1612,415,3,0
394,1612,416,3,0
395,1612,417,3,0
396,1612,418,2,0
397,1612,419,3,0
398,1612,420,3,0
399,1612,421,3,0
400,1612,422,3,0
401,1612,400,1,2
402,1612,401,1,2
403,1612,402,1,2
404,1612,403,1,2
406,1612,407,2,1
407,1612,408,2,1
408,1612,409,2,1
409,1612,410,2,1
410,1612,411,2,1
411,1612,433,3,0
412,1612,434,3,0
413,1612,435,3,0
414,1612,436,3,0
415,1612,437,3,0
416,1612,438,3,0
417,1612,439,3,0
418,1612,440,2,0
419,1612,441,3,0
420,1612,442,3,0
421,1612,443,3,0
422,1612,444,3,0
423,1612,422,1,2
423,1659,445,3,0
424,1612,423,1,2
425,1612,424,1,2
425,1659,403,0,3
426,1612,425,1,2
428,1612,429,2,1
428,1659,450,3,0
429,1612,430,2,1
429,1659,451,3,0
430,1612,431,2,1
431,1612,432,2,1
431,1659,453,3,0
432,1612,433,2,1
432,1659,454,3,0
433,1612,455,3,0
433,1659,411,0,3
434,1612,456,3,0
435,1612,457,3,0
436,1612,458,3,0
437,1612,459,3,0
438,1612,460,3,0
439,1612,461,3,0
440,1612,462,2,0
441,1612,463,3,0
442,1612,464,3,0
442,1668,420,0,3
443,1612,465,3,0
444,1612,466,3,0
445,1612,444,1,2
446,1612,445,1,2
447,1612,446,1,2
448,1612,447,1,2
450,1612,451,2,1
451,1612,452,2,1
452,1612,453,2,1
453,1612,454,2,1
454,1612,455,2,1
455,1612,477,3,0
455,1668,433,0,3
456,1612,478,3,0
456,1668,434,0,3
457,1612,479,3,0
458,1612,480,3,0
459,1612,481,3,0
460,1612,482,3,0
461,1612,483,3,0
462,1612,484,2,0
463,1612,485,3,0
464,1612,486,3,0
465,1612,487,3,0
466,1612,488,3,0
466,1673,444,0,3
467,1612,466,1,2
468,1612,467,1,2
469,1612,468,1,2
470,1612,469,1,2
472,1612,473,2,1
473,1612,474,2,1
474,1612,475,2,1
475,1612,476,2,1
476,1612,477,2,1
477,1612,499,3,0
477,1673,455,0,3
478,1612,500,3,0
478,1673,456,0,3
479,1612,501,3,0
480,1612,502,3,0
481,1612,503,3,0
482,1612,504,3,0
483,1612,505,3,0
484,1612,506,2,0
485,1612,507,3,0
486,1612,508,3,0
487,1612,509,3,0
488,1600,466,0,3
488,1606,466,0,3
488,1612,510,3,0
489,1600,511,3,0
489,1606,511,3,0
489,1612,488,1,2
490,1612,489,1,2
491,1600,469,0,3
491,1606,469,0,3
491,1612,490,1,2
492,1612,491,1,2
494,1600,516,3,0
494,1606,516,3,0
494,1612,495,2,1
495,1600,517,3,0
495,1606,517,3,0
495,1612,496,2,1
496,1612,497,2,1
497,1600,519,3,0
497,1606,519,3,0
497,1612,498,2,1
498,1600,520,3,0
498,1606,520,3,0
498,1612,499,2,1
499,1600,477,0,3
499,1606,477,0,3
499,1612,521,3,0
500,1612,522,3,0
501,1612,523,3,0
502,1612,524,3,0
503,1612,525,3,0
504,1612,526,3,0
505,1612,527,3,0
506,1612,528,2,0
507,1612,529,3,0
508,1612,530,3,0
509,1612,531,3,0
510,1612,532,3,0
511,1612,510,1,2
512,1612,511,1,2
513,1612,512,1,2
514,1612,513,1,2
516,1612,517,2,1
517,1612,518,2,1
518,1612,519,2,1
519,1612,520,2,1
520,1612,521,2,1
521,1612,543,3,0
522,1612,544,3,0
523,1612,545,3,0
524,1612,546,3,0
525,1612,547,3,0
526,1612,548,3,0
527,1612,549,3,0
528,1612,550,2,0
529,1612,551,3,0
530,1612,552,3,0
531,1612,553,3,0
532,1612,554,3,0
533,1612,532,1,2
534,1612,533,1,2
535,1612,534,1,2
536,1612,535,1,2
538,1612,539,2,1
539,1612,540,2,1
540,1612,541,2,1
541,1612,542,2,1
542,1612,543,2,1
543,1612,565,3,0
544,1612,566,3,0
545,1612,567,3,0
546,1612,568,3,0
547,1612,569,3,0
548,1612,570,3,0
549,1612,571,3,0
550,1612,572,2,0
551,1612,573,3,0
552,1612,574,3,0
553,1612,575,3,0
554,1612,576,3,0
555,1612,554,1,2
556,1612,555,1,2
557,1612,556,1,2
558,1612,557,1,2
560,1612,561,2,1
561,1612,562,2,1
562,1612,563,2,1
563,1612,564,2,1
564,1612,565,2,1
565,1612,587,3,0
566,1612,588,3,0
567,1612,589,3,0
568,1612,590,3,0
569,1612,591,3,0
570,1612,592,3,0
571,1612,593,3,0
572,1612,594,2,0
573,1612,595,3,0
574,1612,596,3,0
575,1612,597,3,0
576,1612,598,3,0
577,1612,576,1,2
578,1612,577,1,2
579,1612,578,1,2
580,1612,579,1,2
582,1612,583,2,1
583,1612,584,2,1
584,1612,585,2,1
585,1612,586,2,1
586,1612,587,2,1
587,1612,609,3,0
588,1612,610,3,0
589,1612,611,3,0
590,1612,612,3,0
591,1612,613,3,0
592,1612,614,3,0
593,1612,615,3,0
594,1612,616,2,0
595,1612,617,3,0
596,1604,574,0,3
596,1612,618,3,0
597,1604,575,0,3
597,1612,619,3,0
598,1612,620,3,0
599,1612,598,1,2
600,1612,599,1,2
601,1612,600,1,2
602,1612,601,1,2
604,1612,605,2,1
605,1612,606,2,1
606,1612,607,2,1
607,1612,608,2,1
608,1612,609,2,1
609,1612,631,3,0
610,1604,588,0,3
610,1612,632,3,0
611,1612,633,3,0
612,1612,634,3,0
613,1612,635,3,0
614,1612,636,3,0
615,1612,637,3,0
616,1612,638,2,0
617,1612,639,3,0
618,1612,640,3,0
619,1612,641,3,0
620,1612,642,3,0
621,1612,620,1,2
622,1612,621,1,2
623,1612,622,1,2
624,1612,623,1,2
626,1612,627,2,1
627,1612,628,2,1
628,1612,629,2,1
629,1612,630,2,1
630,1612,631,2,1
631,1612,653,3,0
632,1612,654,3,0
633,1612,655,3,0
634,1612,656,3,0
635,1612,657,3,0
636,1612,658,3,0
637,1612,659,3,0
638,1612,660,2,0
639,1612,661,3,0
640,1612,662,3,0
641,1612,663,3,0
642,1612,664,3,0
643,1612,642,1,2
644,1612,643,1,2
645,1612,644,1,2
645,1655,623,0,3
646,1612,645,1,2
648,1612,649,2,1
649,1612,650,2,1
650,1612,651,2,1
651,1612,652,2,1
652,1612,653,2,1
653,1612,675,3,0
653,1653,631,0,3
653,1655,631,0,3
654,1612,676,3,0
655,1612,677,3,0
656,1612,678,3,0
657,1612,679,3,0
658,1612,680,3,0
659,1612,681,3,0
660,1612,682,2,0
661,1612,683,3,0
662,1612,684,3,0
663,1612,685,3,0
664,1612,686,3,0
665,1612,664,1,2
666,1612,665,1,2
667,1612,666,1,2
668,1612,667,1,2
670,1612,671,2,1
671,1612,672,2,1
672,1612,673,2,1
673,1612,674,2,1
674,1612,675,2,1
675,1612,697,3,0
676,1612,698,3,0
677,1612,699,3,0
678,1612,700,3,0
679,1612,701,3,0
680,1612,702,3,0
681,1612,703,3,0
682,1612,704,2,0
683,1612,705,3,0
683,1644,661,0,3
684,1612,706,3,0
684,1644,662,0,3
685,1612,707,3,0
685,1644,707,3,0
686,1612,708,3,0
687,1612,686,1,2
688,1612,687,1,2
689,1612,688,1,2
689,1662,667,0,3
690,1612,689,1,2
692,1612,693,2,1
693,1612,694,2,1
694,1612,695,2,1
695,1612,696,2,1
696,1612,697,2,1
697,1612,719,3,0
697,1644,675,0,3
697,1662,675,0,3
698,1612,720,3,0
698,1644,676,0,3
699,1612,721,3,0
700,1612,722,3,0
701,1612,723,3,0
702,1612,724,3,0
703,1612,725,3,0
704,1612,726,2,0
705,1612,727,3,0
706,1612,728,3,0
707,1612,729,3,0
707,1646,729,3,0
708,1612,730,3,0
709,1612,708,1,2
710,1612,709,1,2
711,1612,710,1,2
711,1675,689,0,3
712,1612,711,1,2
714,1612,715,2,1
715,1612,716,2,1
716,1612,717,2,1
717,1612,718,2,1
718,1612,719,2,1
719,1612,741,3,0
719,1646,697,0,3
719,1675,697,0,3
720,1612,742,3,0
720,1646,698,0,3
721,1612,743,3,0
722,1612,744,3,0
722,1646,700,0,3
723,1612,745,3,0
724,1612,746,3,0
725,1612,747,3,0
726,1612,748,2,0
727,1612,749,3,0
728,1612,750,3,0
728,1654,706,0,3
729,1612,751,3,0
729,1654,751,3,0
730,1612,752,3,0
731,1612,730,1,2
732,1612,731,1,2
733,1612,732,1,2
734,1612,733,1,2
736,1612,737,2,1
737,1612,738,2,1
738,1612,739,2,1
739,1612,740,2,1
740,1608,762,3,0
740,1612,741,2,1
741,1608,719,0,3
741,1612,763,3,0
741,1654,719,0,3
742,1612,764,3,0
743,1612,765,3,0
744,1612,766,3,0
745,1612,767,3,0
746,1612,768,3,0
747,1612,769,3,0
748,1612,770,2,0
749,1612,771,3,0
750,1612,772,3,0
751,1612,773,3,0
751,1672,773,3,0
752,1612,774,3,0
753,1612,752,1,2
754,1612,753,1,2
754,1636,776,3,0
755,1612,754,1,2
755,1636,733,0,3
756,1612,755,1,2
756,1636,778,3,0
758,1612,759,2,1
759,1612,760,2,1
759,1636,737,0,3
760,1612,761,2,1
761,1612,762,2,1
761,1636,739,0,3
762,1612,763,2,1
763,1611,741,0,3
763,1612,785,3,0
763,1636,741,0,3
763,1672,741,0,3
764,1612,786,3,0
765,1612,787,3,0
766,1612,788,3,0
767,1612,789,3,0
769,1612,791,3,0
770,1612,791,3,2
771,1612,770,1,1
772,1612,771,1,2
773,1612,772,1,2
774,1612,773,1,2
774,1663,752,0,3
775,1612,774,1,2
776,1612,775,1,2
777,1612,776,1,2
778,1612,777,1,2
780,1612,781,2,1
781,1612,782,2,1
782,1612,783,2,1
783,1612,784,2,1
784,1612,785,2,1
785,1612,786,2,1
786,1612,787,2,1
787,1612,788,2,1
788,1612,789,2,1
789,1612,790,2,1
791,1612,1612,32,0
792,1612,770,0,2
793,1612,771,0,3
794,1612,772,0,3
795,1612,773,0,3
797,1612,796,1,2
798,1612,797,1,2
799,1612,798,1,2
800,1612,799,1,2
802,1612,803,2,1
803,1612,804,2,1
804,1612,805,2,1
805,1612,806,2,1
806,1612,807,2,1
808,1612,786,0,3
809,1612,787,0,3
810,1612,788,0,3
811,1612,789,0,3
813,1612,791,0,3
814,1612,792,0,2
815,1612,793,0,3
816,1612,794,0,3
817,1612,795,0,3
819,1612,818,1,2
820,1612,819,1,2
821,1612,820,1,2
822,1612,821,1,2
824,1612,825,2,1
825,1612,826,2,1
826,1612,827,2,1
827,1612,828,2,1
828,1612,829,2,1
830,1612,808,0,3
831,1612,809,0,3
832,1612,810,0,3
833,1612,811,0,3
834,1612,812,0,3
835,1612,813,0,3
836,1612,814,0,2
837,1612,815,0,3
838,1612,816,0,3
839,1612,817,0,3
840,1595,818,0,3
841,1612,840,1,2
842,1595,864,3,0
842,1612,841,1,2
843,1595,821,0,3
843,1612,842,1,2
844,1612,843,1,2
846,1612,847,2,1
847,1612,848,2,1
848,1612,849,2,1
849,1612,850,2,1
850,1595,828,0,3
850,1612,851,2,1
851,1595,829,0,3
852,1612,830,0,3
853,1612,831,0,3
854,1612,832,0,3
855,1612,833,0,3
856,1612,834,0,3
857,1612,835,0,3
858,1612,836,0,2
859,1612,837,0,3
860,1612,838,0,3
861,1612,839,0,3
863,1612,862,1,2
864,1612,863,1,2
864,1614,886,3,0
864,1620,886,3,0
865,1612,864,1,2
865,1614,843,0,3
865,1620,843,0,3
866,1612,865,1,2
868,1612,869,2,1
869,1612,870,2,1
870,1612,871,2,1
871,1612,872,2,1
872,1612,873,2,1
872,1614,850,0,3
872,1620,850,0,3
873,1612,851,0,3
873,1614,851,0,3
873,1620,851,0,3
874,1612,852,0,3
875,1612,853,0,3
876,1612,854,0,3
877,1612,855,0,3
878,1612,856,0,3
879,1612,857,0,3
880,1612,858,0,2
881,1612,859,0,3
881,1681,859,0,3
882,1612,860,0,3
883,1612,861,0,3
883,1681,905,3,0
884,1612,862,0,3
885,1612,884,1,2
886,1612,885,1,2
886,1664,908,3,0
887,1612,886,1,2
887,1664,865,0,3
888,1612,887,1,2
890,1612,891,2,1
891,1612,892,2,1
892,1612,893,2,1
892,1664,870,0,3
893,1612,894,2,1
894,1612,895,2,1
894,1664,872,0,3
895,1612,873,0,3
895,1664,873,0,3
895,1681,873,0,3
896,1612,874,0,3
896,1681,874,0,3
897,1612,875,0,3
897,1681,875,0,3
898,1612,876,0,3
898,1681,920,3,0
899,1612,877,0,3
900,1612,878,0,3
900,1681,878,0,3
901,1612,879,0,3
901,1681,879,0,3
902,1612,880,0,2
903,1612,881,0,3
904,1612,882,0,3
905,1612,883,0,3
906,1612,884,0,3
907,1612,906,1,2
908,1585,930,3,0
908,1612,907,1,2
908,1632,930,3,0
908,1647,930,3,0
909,1585,887,0,3
909,1612,908,1,2
909,1632,887,0,3
909,1647,887,0,3
910,1612,909,1,2
910,1632,888,0,3
910,1647,888,0,3
912,1612,913,2,1
913,1612,914,2,1
913,1632,891,0,3
913,1647,891,0,3
914,1585,892,0,3
914,1612,915,2,1
914,1632,892,0,3
914,1647,892,0,3
915,1612,916,2,1
916,1585,894,0,3
916,1612,917,2,1
916,1632,894,0,3
916,1647,894,0,3
917,1585,895,0,3
917,1612,895,0,3
917,1632,895,0,3
917,1647,895,0,3
918,1612,896,0,3
919,1612,897,0,3
920,1612,898,0,3
921,1612,899,0,3
922,1612,900,0,3
923,1612,901,0,3
924,1612,902,0,2
925,1612,903,0,3
926,1612,904,0,3
927,1612,905,0,3
928,1612,906,0,3
929,1612,928,1,2
930,1594,952,3,0
930,1597,952,3,0
930,1610,952,3,0
930,1612,929,1,2
931,1594,909,0,3
931,1597,909,0,3
931,1610,909,0,3
931,1612,930,1,2
932,1594,910,0,3
932,1597,910,0,3
932,1610,910,0,3
932,1612,931,1,2
934,1612,935,2,1
935,1594,913,0,3
935,1597,913,0,3
935,1610,913,0,3
935,1612,936,2,1
936,1594,914,0,3
936,1597,914,0,3
936,1610,914,0,3
936,1612,937,2,1
937,1612,938,2,1
938,1594,916,0,3
938,1597,916,0,3
938,1610,916,0,3
938,1612,939,2,1
939,1612,917,0,3
940,1612,918,0,3
941,1612,919,0,3
942,1612,920,0,3
943,1612,921,0,3
944,1612,922,0,3
945,1612,923,0,3
946,1612,924,0,2
947,1612,925,0,3
948,1612,926,0,3
949,1612,927,0,3
950,1612,928,0,3
951,1612,950,1,2
952,1612,951,1,2
952,1619,974,3,0
953,1612,952,1,2
953,1619,931,0,3
954,1612,953,1,2
954,1619,932,0,3
956,1612,957,2,1
957,1612,958,2,1
957,1619,935,0,3
958,1612,959,2,1
958,1619,936,0,3
959,1612,960,2,1
960,1612,961,2,1
960,1619,938,0,3
961,1612,939,0,3
962,1612,940,0,3
963,1612,941,0,3
964,1612,942,0,3
965,1612,943,0,3
966,1612,944,0,3
967,1612,945,0,3
968,1612,946,0,2
969,1612,947,0,3
970,1612,948,0,3
971,1612,949,0,3
972,1612,950,0,3
973,1612,972,1,2
974,1612,973,1,2
975,1612,974,1,2
976,1612,975,1,2
978,1612,979,2,1
979,1612,980,2,1
980,1612,981,2,1
981,1612,982,2,1
982,1612,983,2,1
983,1612,961,0,3
984,1612,962,0,3
985,1612,963,0,3
986,1612,964,0,3
987,1612,965,0,3
988,1612,966,0,3
989,1612,967,0,3
990,1612,968,0,2
991,1612,969,0,3
992,1612,970,0,3
993,1612,971,0,3
994,1605,1016,3,0
994,1612,972,0,3
995,1612,994,1,2
996,1612,995,1,2
997,1612,996,1,2
998,1612,997,1,2
1000,1612,1001,2,1
1001,1612,1002,2,1
1002,1612,1003,2,1
1003,1612,1004,2,1
1004,1612,1005,2,1
1005,1612,983,0,3
1006,1612,984,0,3
1007,1612,985,0,3
1008,1612,986,0,3
1009,1612,987,0,3
1010,1612,988,0,3
1011,1612,989,0,3
1012,1612,990,0,2
1013,1612,991,0,3
1014,1612,992,0,3
1015,1612,993,0,3
1016,1612,994,0,3
1017,1612,1016,1,2
1018,1612,1017,1,2
1019,1612,1018,1,2
1020,1612,1019,1,2
1022,1612,1023,2,1
1023,1612,1024,2,1
1024,1612,1025,2,1
1025,1612,1026,2,1
1026,1612,1027,2,1
1027,1612,1005,0,3
1028,1612,1006,0,3
1029,1612,1007,0,3
1030,1612,1008,0,3
1031,1612,1009,0,3
1032,1612,1010,0,3
1033,1612,1011,0,3
1034,1612,1012,0,2
1035,1612,1013,0,3
1036,1612,1014,0,3
1037,1612,1015,0,3
1038,1599,1060,3,0
1038,1601,1060,3,0
1038,1612,1016,0,3
1039,1599,1017,0,3
1039,1601,1017,0,3
1039,1612,1038,1,2
1040,1599,1062,3,0
1040,1601,1062,3,0
1040,1612,1039,1,2
1041,1612,1040,1,2
1042,1612,1041,1,2
1044,1612,1045,2,1
1045,1601,1023,0,3
1045,1612,1046,2,1
1046,1612,1047,2,1
1047,1599,1025,0,3
1047,1601,1025,0,3
1047,1612,1048,2,1
1048,1599,1026,0,3
1048,1601,1026,0,3
1048,1612,1049,2,1
1049,1612,1027,0,3
1050,1612,1028,0,3
1051,1612,1029,0,3
1052,1612,1030,0,3
1053,1612,1031,0,3
1054,1612,1032,0,3
1055,1612,1033,0,3
1056,1612,1034,0,2
1057,1612,1035,0,3
1058,1612,1036,0,3
1059,1612,1037,0,3
1060,1612,1038,0,3
1060,1634,1082,3,0
1060,1638,1082,3,0
1060,1639,1082,3,0
1060,1670,1082,3,0
1060,1679,1082,3,0
1061,1612,1060,1,2
1061,1639,1039,0,3
1061,1670,1039,0,3
1061,1679,1039,0,3
1062,1612,1061,1,2
1062,1639,1084,3,0
1062,1670,1084,3,0
1062,1679,1084,3,0
1063,1612,1062,1,2
1063,1639,1085,3,0
1063,1670,1085,3,0
1063,1679,1085,3,0
1064,1612,1063,1,2
1066,1612,1067,2,1
1067,1612,1068,2,1
1067,1670,1045,0,3
1067,1679,1045,0,3
1068,1612,1069,2,1
1069,1612,1070,2,1
1069,1639,1047,0,3
1069,1670,1047,0,3
1069,1679,1047,0,3
1070,1612,1071,2,1
1070,1639,1048,0,3
1070,1670,1048,0,3
1070,1679,1048,0,3
1071,1612,1049,0,3
1072,1612,1050,0,3
1073,1612,1051,0,3
1074,1612,1052,0,3
1075,1612,1053,0,3
1076,1612,1054,0,3
1077,1612,1055,0,3
1078,1612,1056,0,2
1079,1612,1057,0,3
1080,1612,1058,0,3
1081,1612,1059,0,3
1082,1612,1060,0,3
1082,1635,1104,3,0
1082,1651,1104,3,0
1083,1612,1082,1,2
1083,1635,1061,0,3
1083,1651,1061,0,3
1084,1612,1083,1,2
1085,1612,1084,1,2
1085,1635,1107,3,0
1085,1651,1107,3,0
1086,1612,1085,1,2
1088,1612,1089,2,1
1089,1612,1090,2,1
1090,1612,1091,2,1
1091,1612,1092,2,1
1091,1635,1069,0,3
1091,1651,1069,0,3
1092,1612,1093,2,1
1092,1635,1070,0,3
1092,1651,1070,0,3
1093,1612,1071,0,3
1094,1612,1072,0,3
1095,1612,1073,0,3
1096,1612,1074,0,3
1097,1612,1075,0,3
1098,1612,1076,0,3
1099,1612,1077,0,3
1100,1612,1078,0,2
1101,1612,1079,0,3
1102,1612,1080,0,3
1103,1612,1081,0,3
1104,1612,1082,0,3
1104,1627,1126,3,0
1104,1665,1126,3,0
1104,1677,1126,3,0
1105,1612,1104,1,2
1105,1627,1083,0,3
1105,1665,1083,0,3
1105,1677,1083,0,3
1106,1612,1105,1,2
1107,1612,1106,1,2
1107,1627,1129,3,0
1107,1665,1129,3,0
1107,1677,1129,3,0
1108,1612,1107,1,2
1110,1612,1111,2,1
1111,1612,1112,2,1
1112,1612,1113,2,1
1113,1612,1114,2,1
1113,1627,1091,0,3
1113,1665,1091,0,3
1113,1677,1091,0,3
1114,1612,1115,2,1
1114,1627,1092,0,3
1114,1665,1092,0,3
1114,1677,1092,0,3
1115,1612,1093,0,3
1115,1627,1137,3,0
1115,1665,1137,3,0
1115,1677,1137,3,0
1116,1612,1094,0,3
1117,1612,1095,0,3
1118,1612,1096,0,3
1119,1612,1097,0,3
1120,1612,1098,0,3
1121,1612,1099,0,3
1122,1612,1100,0,2
1123,1612,1101,0,3
1124,1612,1102,0,3
1125,1612,1103,0,3
1126,1612,1104,0,3
1127,1612,1126,1,2
1128,1612,1127,1,2
1129,1612,1128,1,2
1130,1612,1129,1,2
1132,1612,1133,2,1
1133,1612,1134,2,1
1134,1612,1135,2,1
1135,1612,1136,2,1
1136,1612,1137,2,1
1137,1612,1115,0,3
1138,1612,1116,0,3
1139,1612,1117,0,3
1140,1612,1118,0,3
1141,1612,1119,0,3
1142,1612,1120,0,3
1143,1612,1121,0,3
1144,1612,1122,0,2
1145,1602,1123,0,3
1145,1612,1123,0,3
1146,1602,1168,3,0
1146,1612,1124,0,3
1147,1612,1125,0,3
1148,1612,1126,0,3
1149,1612,1148,1,2
1149,1649,1127,0,3
1150,1612,1149,1,2
1151,1612,1150,1,2
1151,1649,1173,3,0
1152,1612,1151,1,2
1154,1612,1155,2,1
1155,1612,1156,2,1
1156,1612,1157,2,1
1157,1612,1158,2,1
1157,1649,1135,0,3
1158,1612,1159,2,1
1158,1649,1136,0,3
1159,1602,1181,3,0
1159,1612,1137,0,3
1159,1649,1181,3,0
1160,1602,1182,3,0
1160,1612,1138,0,3
1161,1612,1139,0,3
1162,1612,1140,0,3
1163,1612,1141,0,3
1164,1612,1142,0,3
1165,1612,1143,0,3
1166,1612,1144,0,2
1167,1612,1145,0,3
1168,1612,1146,0,3
1169,1612,1147,0,3
1170,1612,1148,0,3
1171,1612,1170,1,2
1171,1637,1149,0,3
1171,1669,1149,0,3
1172,1612,1171,1,2
1173,1612,1172,1,2
1174,1612,1173,1,2
1176,1612,1177,2,1
1177,1612,1178,2,1
1178,1612,1179,2,1
1179,1612,1180,2,1
1179,1637,1157,0,3
1179,1669,1157,0,3
1180,1612,1181,2,1
1180,1637,1158,0,3
1180,1669,1158,0,3
1181,1612,1159,0,3
1181,1637,1203,3,0
1181,1669,1203,3,0
1182,1612,1160,0,3
1183,1612,1161,0,3
1184,1612,1162,0,3
1185,1612,1163,0,3
1186,1612,1164,0,3
1187,1612,1165,0,3
1188,1612,1166,0,2
1189,1612,1167,0,3
1190,1598,1212,3,0
1190,1612,1168,0,3
1191,1612,1169,0,3
1192,1612,1170,0,3
1193,1584,1171,0,3
1193,1612,1192,1,2
1193,1617,1171,0,3
1194,1612,1193,1,2
1195,1584,1217,3,0
1195,1612,1194,1,2
1195,1617,1217,3,0
1196,1612,1195,1,2
1198,1612,1199,2,1
1199,1612,1200,2,1
1200,1612,1201,2,1
1201,1584,1179,0,3
1201,1612,1202,2,1
1201,1617,1179,0,3
1202,1584,1180,0,3
1202,1612,1203,2,1
1202,1617,1180,0,3
1203,1584,1225,3,0
1203,1598,1225,3,0
1203,1612,1181,0,3
1203,1617,1225,3,0
1204,1598,1226,3,0
1204,1612,1182,0,3
1205,1612,1183,0,3
1206,1612,1184,0,3
1207,1612,1185,0,3
1208,1612,1186,0,3
1209,1612,1187,0,3
1210,1612,1188,0,2
1211,1612,1189,0,3
1212,1612,1190,0,3
1213,1612,1191,0,3
1214,1612,1192,0,3
1215,1612,1214,1,2
1216,1612,1215,1,2
1217,1612,1216,1,2
1218,1612,1217,1,2
1220,1612,1221,2,1
1221,1612,1222,2,1
1222,1612,1223,2,1
1223,1612,1224,2,1
1224,1612,1225,2,1
1225,1612,1203,0,3
1226,1612,1204,0,3
1227,1612,1205,0,3
1228,1612,1206,0,3
1229,1612,1207,0,3
1230,1612,1208,0,3
1231,1612,1209,0,3
1232,1612,1210,0,2
1233,1612,1211,0,3
1234,1612,1212,0,3
1235,1612,1213,0,3
1236,1612,1214,0,3
1237,1612,1236,1,2
1238,1612,1237,1,2
1239,1612,1238,1,2
1240,1612,1239,1,2
1242,1612,1243,2,1
1243,1612,1244,2,1
1244,1612,1245,2,1
1245,1612,1246,2,1
1246,1612,1247,2,1
1247,1612,1225,0,3
1248,1612,1226,0,3
1249,1612,1227,0,3
1250,1612,1228,0,3
1251,1612,1229,0,3
1252,1612,1230,0,3
1253,1612,1231,0,3
1254,1612,1232,0,2
1255,1612,1233,0,3
1256,1612,1234,0,3
1257,1612,1235,0,3
1258,1612,1236,0,3
1258,1652,1280,3,0
1259,1612,1258,1,2
1259,1652,1237,0,3
1260,1612,1259,1,2
1261,1612,1260,1,2
1262,1612,1261,1,2
1264,1612,1265,2,1
1265,1612,1266,2,1
1266,1612,1267,2,1
1267,1612,1268,2,1
1268,1612,1269,2,1
1268,1652,1246,0,3
1269,1612,1247,0,3
1269,1652,1291,3,0
1270,1612,1248,0,3
1271,1612,1249,0,3
1272,1612,1250,0,3
1273,1612,1251,0,3
1274,1612,1252,0,3
1275,1612,1253,0,3
1276,1612,1254,0,2
1277,1612,1255,0,3
1278,1592,1300,3,0
1278,1612,1256,0,3
1279,1612,1257,0,3
1280,1592,1302,3,0
1280,1612,1258,0,3
1281,1612,1280,1,2
1282,1612,1281,1,2
1283,1612,1282,1,2
1284,1612,1283,1,2
1286,1612,1287,2,1
1287,1612,1288,2,1
1288,1612,1289,2,1
1289,1612,1290,2,1
1290,1612,1291,2,1
1291,1592,1313,3,0
1291,1612,1269,0,3
1292,1592,1314,3,0
1292,1612,1270,0,3
1293,1612,1271,0,3
1294,1592,1316,3,0
1294,1612,1272,0,3
1295,1612,1273,0,3
1296,1612,1274,0,3
1297,1612,1275,0,3
1298,1612,1276,0,2
1299,1612,1277,0,3
1300,1612,1278,0,3
1300,1633,1322,3,0
1301,1612,1279,0,3
1302,1612,1280,0,3
1302,1633,1324,3,0
1303,1612,1302,1,2
1304,1612,1303,1,2
1305,1612,1304,1,2
1306,1612,1305,1,2
1308,1612,1309,2,1
1309,1612,1310,2,1
1310,1612,1311,2,1
1311,1612,1312,2,1
1312,1612,1313,2,1
1313,1612,1291,0,3
1313,1633,1335,3,0
1314,1612,1292,0,3
1314,1633,1336,3,0
1315,1612,1293,0,3
1316,1612,1294,0,3
1317,1612,1295,0,3
1318,1612,1296,0,3
1319,1612,1297,0,3
1320,1612,1298,0,2
1320,1650,1298,0,2
1321,1612,1299,0,3
1322,1612,1300,0,3
1322,1650,1344,3,0
1323,1612,1301,0,3
1324,1612,1302,0,3
1325,1612,1324,1,2
1326,1612,1325,1,2
1327,1612,1326,1,2
1328,1612,1327,1,2
1330,1612,1331,2,1
1331,1612,1332,2,1
1332,1612,1333,2,1
1333,1612,1334,2,1
1334,1612,1335,2,1
1335,1612,1313,0,3
1335,1650,1357,3,0
1336,1612,1314,0,3
1336,1650,1358,3,0
1337,1612,1315,0,3
1338,1612,1316,0,3
1339,1612,1317,0,3
1340,1612,1318,0,3
1341,1612,1319,0,3
1342,1612,1320,0,2
1343,1612,1321,0,3
1344,1612,1322,0,3
1344,1623,1366,3,0
1345,1612,1323,0,3
1346,1612,1324,0,3
1347,1612,1346,1,2
1348,1612,1347,1,2
1349,1612,1348,1,2
1350,1612,1349,1,2
1352,1612,1353,2,1
1353,1612,1354,2,1
1354,1612,1355,2,1
1355,1612,1356,2,1
1356,1612,1357,2,1
1357,1612,1335,0,3
1357,1623,1379,3,0
1358,1612,1336,0,3
1358,1623,1380,3,0
1359,1612,1337,0,3
1360,1612,1338,0,3
1361,1612,1339,0,3
1362,1612,1340,0,3
1363,1612,1341,0,3
1364,1612,1342,0,2
1365,1612,1343,0,3
1366,1612,1344,0,3
1367,1612,1345,0,3
1368,1612,1346,0,3
1369,1612,1368,1,2
1370,1612,1369,1,2
1371,1612,1370,1,2
1372,1612,1371,1,2
1374,1612,1375,2,1
1375,1612,1376,2,1
1376,1612,1377,2,1
1377,1612,1378,2,1
1378,1612,1379,2,1
1379,1612,1357,0,3
1380,1612,1358,0,3
1381,1612,1359,0,3
1382,1612,1360,0,3
1383,1612,1361,0,3
1384,1612,1362,0,3
1385,1612,1363,0,3
1386,1612,1364,0,2
1387,1612,1365,0,3
1388,1612,1366,0,3
1389,1612,1367,0,3
1390,1612,1368,0,3
1391,1612,1390,1,2
1392,1612,1391,1,2
1393,1612,1392,1,2
1394,1612,1393,1,2
1396,1612,1397,2,1
1397,1612,1398,2,1
1398,1612,1399,2,1
1399,1612,1400,2,1
1400,1612,1401,2,1
1401,1612,1379,0,3
1402,1612,1380,0,3
1403,1612,1381,0,3
1404,1612,1382,0,3
1405,1612,1383,0,3
1406,1612,1384,0,3
1407,1612,1385,0,3
1408,1612,1386,0,2
1409,1612,1387,0,3
1410,1612,1388,0,3
1411,1612,1389,0,3
1412,1612,1390,0,3
1413,1612,1412,1,2
1414,1612,1413,1,2
1415,1612,1414,1,2
1416,1612,1415,1,2
1418,1612,1419,2,1
1419,1612,1420,2,1
1420,1612,1421,2,1
1421,1612,1422,2,1
1422,1612,1423,2,1
1423,1612,1401,0,3
1424,1612,1402,0,3
1425,1612,1403,0,3
1426,1612,1404,0,3
1427,1612,1405,0,3
1428,1612,1406,0,3
1429,1612,1407,0,3
1430,1612,1408,0,2
1430,1680,1452,2,0
1431,1612,1409,0,3
1432,1612,1410,0,3
1432,1680,1454,3,0
1433,1612,1411,0,3
1433,1680,1411,0,3
1434,1612,1412,0,3
1435,1612,1434,1,2
1436,1612,1435,1,2
1437,1612,1436,1,2
1438,1612,1437,1,2
1440,1612,1441,2,1
1441,1612,1442,2,1
1442,1612,1443,2,1
1443,1612,1444,2,1
1444,1612,1445,2,1
1445,1612,1423,0,3
1445,1680,1467,3,0
1446,1612,1424,0,3
1446,1680,1468,3,0
1447,1612,1425,0,3
1448,1612,1426,0,3
1449,1612,1427,0,3
1450,1612,1428,0,3
1450,1680,1472,3,0
1451,1612,1429,0,3
1452,1612,1430,0,2
1453,1612,1431,0,3
1453,1622,1475,3,0
1453,1656,1475,3,0
1454,1612,1432,0,3
1454,1622,1476,3,0
1454,1656,1476,3,0
1455,1612,1433,0,3
1455,1622,1433,0,3
1455,1656,1433,0,3
1456,1612,1434,0,3
1457,1612,1456,1,2
1458,1612,1457,1,2
1459,1612,1458,1,2
1460,1612,1459,1,2
1462,1612,1463,2,1
1463,1612,1464,2,1
1464,1612,1465,2,1
1465,1612,1466,2,1
1466,1612,1467,2,1
1467,1612,1445,0,3
1467,1622,1489,3,0
1467,1656,1489,3,0
1468,1612,1446,0,3
1468,1622,1490,3,0
1468,1656,1490,3,0
1469,1612,1447,0,3
1470,1612,1448,0,3
1470,1622,1492,3,0
1470,1656,1492,3,0
1471,1612,1449,0,3
1472,1612,1450,0,3
1472,1656,1494,3,0
1473,1612,1451,0,3
1474,1612,1452,0,2
1474,1628,1496,2,0
1474,1645,1496,2,0
1475,1612,1453,0,3
1475,1628,1497,3,0
1475,1645,1497,3,0
1476,1612,1454,0,3
1476,1618,1498,3,0
1476,1628,1498,3,0
1476,1645,1498,3,0
1477,1612,1455,0,3
1477,1618,1455,0,3
1477,1628,1455,0,3
1477,1645,1455,0,3
1478,1612,1456,0,3
1479,1612,1478,1,2
1480,1612,1479,1,2
1481,1612,1480,1,2
1482,1612,1481,1,2
1484,1612,1485,2,1
1485,1612,1486,2,1
1486,1612,1487,2,1
1487,1612,1488,2,1
1488,1612,1489,2,1
1489,1612,1467,0,3
1489,1618,1511,3,0
1489,1628,1511,3,0
1489,1645,1511,3,0
1490,1612,1468,0,3
1490,1618,1512,3,0
1490,1628,1512,3,0
1490,1645,1512,3,0
1491,1612,1469,0,3
1492,1612,1470,0,3
1492,1618,1514,3,0
1492,1628,1514,3,0
1492,1645,1514,3,0
1493,1612,1471,0,3
1494,1612,1472,0,3
1495,1612,1473,0,3
1496,1588,1518,2,0
1496,1612,1474,0,2
1496,1642,1518,2,0
1497,1612,1475,0,3
1498,1612,1476,0,3
1499,1588,1477,0,3
1499,1612,1477,0,3
1499,1642,1477,0,3
1500,1612,1478,0,3
1501,1612,1500,1,2
1502,1612,1501,1,2
1503,1612,1502,1,2
1504,1612,1503,1,2
1506,1612,1507,2,1
1507,1612,1508,2,1
1508,1612,1509,2,1
1509,1612,1510,2,1
1510,1612,1511,2,1
1511,1588,1533,3,0
1511,1612,1489,0,3
1511,1642,1533,3,0
1512,1588,1534,3,0
1512,1612,1490,0,3
1512,1642,1534,3,0
1513,1612,1491,0,3
1514,1588,1536,3,0
1514,1612,1492,0,3
1514,1642,1536,3,0
1515,1612,1493,0,3
1516,1612,1494,0,3
1517,1612,1495,0,3
1518,1612,1496,0,2
1519,1612,1497,0,3
1520,1612,1498,0,3
1521,1612,1499,0,3
1522,1612,1500,0,3
1523,1612,1522,1,2
1524,1612,1523,1,2
1525,1612,1524,1,2
1526,1612,1525,1,2
1528,1612,1529,2,1
1529,1612,1530,2,1
1530,1612,1531,2,1
1531,1612,1532,2,1
1532,1612,1533,2,1
1533,1612,1511,0,3
1534,1612,1512,0,3
1535,1612,1513,0,3
1536,1612,1514,0,3
1537,1612,1515,0,3
1538,1612,1516,0,3
1539,1612,1517,0,3
1540,1612,1518,0,2
1541,1612,1519,0,3
1542,1612,1520,0,3
1543,1612,1521,0,3
1544,1612,1522,0,3
1545,1612,1544,1,2
1546,1612,1545,1,2
1547,1612,1546,1,2
1548,1612,1547,1,2
1550,1612,1551,2,1
1551,1612,1552,2,1
1552,1612,1553,2,1
1553,1612,1554,2,1
1554,1612,1555,2,1
1555,1612,1533,0,3
1556,1612,1534,0,3
1557,1612,1535,0,3
1558,1612,1536,0,3
1559,1612,1537,0,3
1560,1612,1538,0,3
1561,1612,1539,0,3
1562,1612,1540,0,2
1563,1612,1,3,3
1563,1666,1,3,3
1564,1612,1542,0,3
1565,1612,1543,0,3
1565,1666,1543,0,3
1566,1666,4,3,3
1567,1612,1566,1,2
1568,1612,1567,1,2
1569,1612,1568,1,2
1570,1612,1569,1,2
1572,1612,1573,2,1
1573,1612,1574,2,1
1574,1612,1575,2,1
1575,1612,1576,2,1
1576,1612,1577,2,1
1577,1612,1555,0,3
1578,1612,16,3,3
1578,1666,16,3,3
1579,1612,1557,0,3
1580,1612,18,3,3
1580,1666,18,3,3
1581,1612,1559,0,3
1582,1612,20,3,3
1583,1612,1561,0,3
1612,1584,791,0,32
1612,1585,791,0,32
1612,1586,791,0,32
1612,1587,791,0,32
1612,1588,791,0,32
1612,1589,791,0,32
1612,1590,791,0,32
1612,1591,791,0,32
1612,1592,791,0,32
1612,1593,791,0,32
1612,1594,791,0,32
1612,1595,791,0,32
1612,1596,791,0,32
1612,1597,791,0,32
1612,1598,791,0,32
1612,1599,791,0,32
1612,1600,791,0,32
1612,1601,791,0,32
1612,1602,791,0,32
1612,1603,791,0,32
1612,1604,791,0,32
1612,1605,791,0,32
1612,1606,791,0,32
1612,1607,791,0,32
1612,1608,791,0,32
1612,1609,791,0,32
1612,1610,791,0,32
1612,1611,791,0,32
1612,1613,791,0,32
1612,1614,791,0,32
1612,1615,791,0,32
1612,1616,791,0,32
1612,1617,791,0,32
1612,1618,791,0,32
1612,1619,791,0,32
1612,1620,791,0,32
1612,1621,791,0,32
1612,1622,791,0,32
1612,1623,791,0,32
1612,1624,791,0,32
1612,1625,791,0,32
1612,1626,791,0,32
1612,1627,791,0,32
1612,1628,791,0,32
1612,1629,791,0,32
1612,1630,791,0,32
1612,1631,791,0,32
1612,1632,791,0,32
1612,1633,791,0,32
1612,1634,791,0,32
1612,1635,791,0,32
1612,1636,791,0,32
1612,1637,791,0,32
1612,1638,791,0,32
1612,1639,791,0,32
1612,1640,791,0,32
1612,1641,791,0,32
1612,1642,791,0,32
1612,1643,791,0,32
1612,1644,791,0,32
1612,1645,791,0,32
1612,1646,791,0,32
1612,1647,791,0,32
1612,1648,791,0,32
1612,1649,791,0,32
1612,1650,791,0,32
1612,1651,791,0,32
1612,1652,791,0,32
1612,1653,791,0,32
1612,1654,791,0,32
1612,1655,791,0,32
1612,1656,791,0,32
1612,1657,791,0,32
1612,1658,791,0,32
1612,1659,791,0,32
1612,1660,791,0,32
1612,1661,791,0,32
1612,1662,791,0,32
1612,1663,791,0,32
1612,1664,791,0,32
1612,1665,791,0,32
1612,1666,791,0,32
1612,1667,791,0,32
1612,1668,791,0,32
1612,1669,791,0,32
1612,1670,791,0,32
1612,1671,791,0,32
1612,1672,791,0,32
1612,1673,791,0,32
1612,1674,791,0,32
1612,1675,791,0,32
1612,1676,791,0,32
1612,1677,791,0,32
1612,1678,791,0,32
1612,1679,791,0,32
1612,1680,791,0,32
1612,1681,791,0,32
1612,1682,791,0,32
1612,1683,791,0,32
