1,1683,23,2,0
3,1671,25,2,0
3,1683,25,2,0
16,1671,38,2,0
16,1683,38,2,0
17,1671,39,2,0
17,1683,39,2,0
18,1683,40,2,0
27,1634,5,0,2
28,1634,6,0,2
29,1634,7,0,2
35,1634,13,0,2
45,1603,67,3,0
45,1626,67,3,0
45,1631,67,3,0
46,1603,68,3,0
46,1626,68,3,0
46,1631,68,3,0
46,1665,68,3,0
46,1669,68,3,0
49,1613,27,0,3
50,1613,28,0,3
51,1613,29,0,3
52,1613,74,3,0
60,1603,82,3,0
60,1626,82,3,0
60,1631,82,3,0
60,1665,82,3,0
60,1669,82,3,0
61,1603,83,3,0
61,1626,83,3,0
61,1631,83,3,0
61,1665,83,3,0
61,1669,83,3,0
62,1603,84,3,0
62,1626,84,3,0
62,1631,84,3,0
67,1586,89,3,0
67,1635,89,3,0
67,1651,89,3,0
68,1586,90,3,0
68,1635,90,3,0
68,1651,90,3,0
71,1596,49,0,3
71,1660,49,0,3
71,1676,49,0,3
72,1596,50,0,3
72,1660,50,0,3
72,1676,50,0,3
73,1596,51,0,3
73,1660,51,0,3
73,1676,51,0,3
79,1596,57,0,3
79,1660,57,0,3
79,1676,57,0,3
82,1586,104,3,0
82,1635,104,3,0
82,1651,104,3,0
83,1586,105,3,0
83,1635,105,3,0
83,1651,105,3,0
84,1586,106,3,0
84,1635,106,3,0
84,1651,106,3,0
89,1630,111,3,0
90,1630,112,3,0
91,1630,69,0,3
92,1630,70,0,3
105,1630,127,3,0
111,1649,133,3,0
113,1649,91,0,3
126,1649,104,0,3
127,1649,149,3,0
128,1649,106,0,3
135,1584,113,0,3
138,1587,116,0,3
139,1587,117,0,3
147,1584,125,0,3
147,1587,125,0,3
148,1584,126,0,3
158,1646,136,0,3
160,1646,138,0,3
161,1646,139,0,3
169,1646,147,0,3
180,1674,158,0,3
183,1674,161,0,3
191,1674,169,0,3
205,1654,183,0,3
213,1654,191,0,3
246,1621,224,0,3
246,1682,224,0,3
247,1621,269,3,0
247,1682,269,3,0
249,1682,227,0,3
253,1682,231,0,3
255,1682,233,0,3
257,1621,235,0,3
257,1682,235,0,3
268,1648,246,0,3
269,1648,291,3,0
270,1648,248,0,3
271,1648,249,0,3
277,1648,255,0,3
279,1648,257,0,3
290,1640,268,0,3
291,1640,313,3,0
292,1640,270,0,3
301,1640,279,0,3
335,1672,357,3,0
336,1672,314,0,3
345,1672,323,0,3
357,1678,379,3,0
358,1678,336,0,3
367,1678,345,0,3
443,1673,421,0,3
457,1673,435,0,3
458,1673,436,0,3
467,1600,489,3,0
468,1600,446,0,3
469,1600,447,0,3
473,1600,451,0,3
475,1600,453,0,3
511,1606,533,3,0
512,1606,490,0,3
513,1606,491,0,3
517,1606,495,0,3
519,1606,497,0,3
521,1606,499,0,3
595,1604,617,3,0
596,1604,574,0,3
597,1604,575,0,3
611,1604,589,0,3
612,1604,590,0,3
622,1655,600,0,3
623,1655,601,0,3
627,1655,605,0,3
629,1655,651,3,0
644,1653,622,0,3
683,1644,705,3,0
684,1644,662,0,3
685,1644,663,0,3
688,1675,666,0,3
694,1675,716,3,0
695,1675,717,3,0
699,1644,677,0,3
700,1644,678,0,3
705,1667,683,0,3
706,1667,684,0,3
707,1667,685,0,3
721,1667,699,0,3
722,1667,700,0,3
727,1589,705,0,3
728,1589,706,0,3
728,1593,706,0,3
729,1589,707,0,3
729,1593,707,0,3
741,1589,763,3,0
741,1593,763,3,0
741,1608,763,3,0
741,1611,763,3,0
742,1589,720,0,3
742,1593,720,0,3
743,1589,721,0,3
743,1593,721,0,3
744,1589,722,0,3
750,1658,728,0,3
751,1658,729,0,3
753,1636,775,3,0
754,1636,732,0,3
760,1636,782,3,0
762,1636,740,0,3
764,1658,742,0,3
765,1658,743,0,3
775,1598,797,3,0
775,1633,797,3,0
784,1598,762,0,3
784,1633,762,0,3
793,1641,771,0,3
795,1641,773,0,3
808,1641,786,0,3
809,1641,787,0,3
810,1641,788,0,3
841,1595,863,3,0
841,1614,863,3,0
842,1595,864,3,0
842,1614,864,3,0
843,1595,865,3,0
843,1614,865,3,0
844,1595,822,0,3
844,1614,822,0,3
863,1620,885,3,0
864,1620,886,3,0
865,1620,887,3,0
871,1620,893,3,0
884,1585,906,3,0
884,1632,906,3,0
884,1647,906,3,0
886,1585,908,3,0
886,1632,908,3,0
886,1647,908,3,0
887,1585,909,3,0
887,1632,909,3,0
887,1647,909,3,0
891,1632,869,0,3
891,1647,869,0,3
893,1585,915,3,0
893,1632,915,3,0
893,1647,915,3,0
903,1616,881,0,3
903,1681,881,0,3
905,1616,927,3,0
905,1681,927,3,0
908,1597,930,3,0
908,1610,930,3,0
908,1622,930,3,0
909,1597,931,3,0
909,1610,931,3,0
909,1622,931,3,0
913,1610,891,0,3
918,1616,940,3,0
918,1681,940,3,0
919,1616,897,0,3
919,1681,897,0,3
920,1616,942,3,0
920,1681,942,3,0
930,1619,952,3,0
931,1619,953,3,0
939,1619,961,3,0
950,1661,972,3,0
952,1661,974,3,0
953,1661,975,3,0
954,1661,976,3,0
961,1661,983,3,0
997,1668,1019,3,0
1005,1668,1027,3,0
1016,1601,1038,3,0
1017,1601,995,0,3
1018,1601,1040,3,0
1019,1601,1041,3,0
1027,1601,1049,3,0
1036,1638,1058,3,0
1038,1599,1060,3,0
1038,1625,1060,3,0
1038,1638,1060,3,0
1038,1639,1060,3,0
1039,1599,1017,0,3
1039,1625,1017,0,3
1039,1639,1017,0,3
1041,1599,1063,3,0
1041,1625,1063,3,0
1041,1639,1063,3,0
1047,1599,1069,3,0
1047,1625,1069,3,0
1047,1639,1069,3,0
1049,1599,1071,3,0
1049,1625,1071,3,0
1049,1638,1071,3,0
1049,1639,1071,3,0
1051,1638,1073,3,0
1060,1609,1082,3,0
1060,1629,1082,3,0
1060,1670,1082,3,0
1060,1679,1082,3,0
1061,1609,1039,0,3
1061,1629,1039,0,3
1061,1670,1039,0,3
1061,1679,1039,0,3
1062,1609,1084,3,0
1062,1629,1084,3,0
1062,1670,1084,3,0
1062,1679,1084,3,0
1063,1609,1085,3,0
1063,1629,1085,3,0
1063,1670,1085,3,0
1063,1679,1085,3,0
1069,1609,1091,3,0
1069,1629,1091,3,0
1069,1670,1091,3,0
1069,1679,1091,3,0
1071,1609,1093,3,0
1071,1629,1093,3,0
1071,1670,1093,3,0
1071,1679,1093,3,0
1082,1624,1104,3,0
1082,1627,1104,3,0
1083,1624,1061,0,3
1083,1627,1061,0,3
1084,1624,1106,3,0
1084,1627,1106,3,0
1085,1624,1107,3,0
1085,1627,1107,3,0
1091,1624,1113,3,0
1091,1627,1113,3,0
1093,1624,1115,3,0
1093,1627,1115,3,0
1105,1607,1083,0,3
1105,1677,1083,0,3
1106,1607,1128,3,0
1106,1677,1128,3,0
1107,1607,1129,3,0
1107,1677,1129,3,0
1113,1607,1135,3,0
1113,1677,1135,3,0
1115,1607,1137,3,0
1115,1677,1137,3,0
1125,1643,1147,3,0
1137,1643,1159,3,0
1139,1643,1161,3,0
1140,1643,1162,3,0
1147,1602,1169,3,0
1149,1615,1127,0,3
1150,1615,1172,3,0
1151,1615,1173,3,0
1159,1602,1181,3,0
1159,1615,1181,3,0
1161,1602,1183,3,0
1162,1602,1184,3,0
1171,1637,1149,0,3
1172,1637,1194,3,0
1181,1637,1203,3,0
1193,1591,1171,0,3
1193,1617,1171,0,3
1194,1591,1216,3,0
1194,1617,1216,3,0
1195,1591,1217,3,0
1195,1617,1217,3,0
1201,1591,1223,3,0
1201,1617,1223,3,0
1213,1659,1235,3,0
1227,1659,1249,3,0
1228,1659,1250,3,0
1235,1663,1257,3,0
1237,1652,1215,0,3
1238,1652,1260,3,0
1246,1652,1268,3,0
1249,1663,1271,3,0
1257,1592,1279,3,0
1257,1662,1279,3,0
1271,1592,1293,3,0
1271,1662,1293,3,0
1272,1592,1294,3,0
1272,1662,1294,3,0
1301,1650,1323,3,0
1313,1650,1335,3,0
1315,1650,1337,3,0
1316,1650,1338,3,0
1323,1623,1345,3,0
1335,1623,1357,3,0
1337,1623,1359,3,0
1409,1680,1387,0,3
1410,1680,1432,3,0
1411,1680,1433,3,0
1425,1680,1447,3,0
1426,1680,1448,3,0
1429,1680,1451,3,0
1431,1656,1409,0,3
1431,1664,1409,0,3
1432,1656,1454,3,0
1432,1664,1454,3,0
1433,1656,1455,3,0
1433,1664,1455,3,0
1447,1656,1469,3,0
1447,1664,1469,3,0
1448,1656,1470,3,0
1448,1664,1470,3,0
1454,1618,1476,3,0
1454,1628,1476,3,0
1455,1618,1477,3,0
1455,1628,1477,3,0
1469,1618,1491,3,0
1469,1628,1491,3,0
1470,1618,1492,3,0
1470,1628,1492,3,0
1475,1588,1453,0,3
1475,1642,1453,0,3
1475,1645,1453,0,3
1476,1588,1498,3,0
1476,1642,1498,3,0
1476,1645,1498,3,0
1477,1588,1499,3,0
1477,1642,1499,3,0
1477,1645,1499,3,0
1491,1588,1513,3,0
1491,1642,1513,3,0
1491,1645,1513,3,0
1492,1588,1514,3,0
1492,1642,1514,3,0
1492,1645,1514,3,0
1540,1612,1562,2,0
1541,1594,1563,3,0
1541,1612,1563,3,0
1541,1666,1563,3,0
1542,1594,1564,3,0
1542,1612,1564,3,0
1542,1666,1564,3,0
1543,1594,1565,3,0
1543,1612,1565,3,0
1543,1666,1565,3,0
1556,1594,1578,3,0
1556,1612,1578,3,0
1556,1666,1578,3,0
1557,1594,1579,3,0
1557,1612,1579,3,0
1557,1666,1579,3,0
1558,1594,1580,3,0
1558,1612,1580,3,0
1558,1666,1580,3,0
1564,1590,2,3,3
1565,1590,3,3,3
1578,1590,16,3,3
1579,1590,17,3,3
