2,1639,24,2,0
3,1639,1565,3,3
3,1652,1565,3,3
4,1634,1566,3,3
4,1639,1566,3,3
4,1652,1566,3,3
6,1634,1568,3,3
13,1634,1575,3,3
16,1639,1578,3,3
16,1652,1578,3,3
23,1661,45,3,0
25,1615,3,0,2
25,1637,3,0,2
25,1661,3,0,2
26,1615,4,0,2
26,1637,4,0,2
26,1661,4,0,2
38,1615,16,0,2
38,1637,16,0,2
38,1661,16,0,2
40,1661,18,0,2
41,1661,63,3,0
47,1665,25,0,3
47,1677,25,0,3
48,1596,26,0,3
48,1665,26,0,3
48,1677,26,0,3
50,1596,28,0,3
57,1596,35,0,3
60,1665,38,0,3
60,1677,38,0,3
69,1586,47,0,3
69,1627,47,0,3
69,1635,47,0,3
69,1651,47,0,3
70,1586,48,0,3
70,1627,48,0,3
70,1635,48,0,3
70,1651,48,0,3
70,1660,48,0,3
72,1660,50,0,3
73,1660,51,0,3
74,1660,96,3,0
79,1660,57,0,3
80,1660,58,0,3
82,1586,60,0,3
82,1627,60,0,3
82,1635,60,0,3
82,1651,60,0,3
88,1630,110,2,0
90,1630,112,3,0
90,1649,112,3,0
90,1670,112,3,0
90,1679,112,3,0
92,1613,70,0,3
92,1630,70,0,3
92,1649,70,0,3
92,1670,70,0,3
92,1679,70,0,3
95,1613,73,0,3
96,1613,118,3,0
101,1613,79,0,3
102,1613,80,0,3
104,1630,82,0,3
104,1649,82,0,3
104,1670,82,0,3
104,1679,82,0,3
135,1584,157,3,0
136,1584,114,0,3
136,1646,114,0,3
139,1646,117,0,3
140,1646,162,3,0
145,1646,123,0,3
146,1646,124,0,3
148,1584,170,3,0
158,1644,136,0,3
158,1674,136,0,3
161,1644,139,0,3
161,1674,139,0,3
167,1644,145,0,3
167,1674,145,0,3
168,1644,146,0,3
168,1674,146,0,3
202,1654,180,0,3
212,1654,190,0,3
213,1654,191,0,3
248,1682,270,3,0
250,1682,272,3,0
252,1682,230,0,3
255,1682,233,0,3
256,1682,234,0,3
268,1658,246,0,3
269,1658,247,0,3
270,1658,292,3,0
277,1658,255,0,3
278,1658,256,0,3
290,1640,268,0,3
291,1640,269,0,3
292,1640,314,3,0
300,1640,278,0,3
334,1672,312,0,3
335,1672,313,0,3
336,1672,358,3,0
344,1672,322,0,3
488,1618,466,0,3
489,1618,467,0,3
490,1618,512,3,0
496,1618,474,0,3
497,1618,475,0,3
498,1618,476,0,3
510,1606,488,0,3
511,1606,489,0,3
512,1606,534,3,0
514,1606,536,3,0
518,1606,496,0,3
520,1606,498,0,3
576,1604,554,0,3
620,1676,598,0,3
631,1676,609,0,3
666,1655,688,3,0
668,1655,690,3,0
673,1655,651,0,3
675,1655,653,0,3
685,1621,707,3,0
697,1621,675,0,3
705,1667,683,0,3
707,1667,729,3,0
707,1678,729,3,0
710,1608,732,3,0
719,1608,697,0,3
719,1667,697,0,3
719,1678,697,0,3
722,1667,744,3,0
726,1589,748,2,0
727,1589,705,0,3
730,1589,752,3,0
730,1593,752,3,0
730,1648,752,3,0
742,1589,764,3,0
742,1593,764,3,0
742,1648,764,3,0
752,1598,774,3,0
754,1598,776,3,0
761,1598,783,3,0
774,1633,796,3,0
776,1633,798,3,0
783,1633,805,3,0
785,1633,763,0,3
793,1641,771,0,3
794,1641,772,0,3
795,1641,817,3,0
796,1641,818,3,0
808,1641,830,3,0
810,1641,832,3,0
840,1614,862,3,0
842,1614,864,3,0
843,1614,865,3,0
844,1614,822,0,3
845,1614,823,0,3
847,1614,825,0,3
849,1614,871,3,0
862,1588,884,3,0
862,1628,884,3,0
862,1645,884,3,0
864,1588,886,3,0
864,1628,886,3,0
864,1645,886,3,0
865,1588,887,3,0
865,1628,887,3,0
865,1645,887,3,0
866,1588,844,0,3
866,1628,844,0,3
866,1645,844,0,3
871,1588,893,3,0
871,1628,893,3,0
871,1645,893,3,0
872,1588,894,3,0
872,1628,894,3,0
872,1645,894,3,0
884,1585,906,3,0
884,1632,906,3,0
887,1585,909,3,0
887,1632,909,3,0
888,1585,866,0,3
888,1632,866,0,3
889,1632,867,0,3
890,1632,912,3,0
893,1585,915,3,0
893,1632,915,3,0
894,1585,916,3,0
894,1632,916,3,0
902,1616,880,0,2
902,1681,880,0,2
906,1610,928,3,0
906,1616,928,3,0
906,1622,928,3,0
906,1673,928,3,0
906,1681,928,3,0
909,1610,931,3,0
909,1622,931,3,0
910,1610,888,0,3
915,1610,937,3,0
915,1622,937,3,0
915,1673,937,3,0
916,1610,938,3,0
916,1622,938,3,0
916,1673,938,3,0
920,1616,942,3,0
920,1681,942,3,0
923,1616,901,0,3
923,1681,901,0,3
928,1611,950,3,0
928,1619,950,3,0
928,1647,950,3,0
931,1619,953,3,0
931,1647,953,3,0
932,1619,910,0,3
932,1647,910,0,3
937,1619,959,3,0
937,1647,959,3,0
938,1619,960,3,0
938,1647,960,3,0
940,1611,918,0,3
972,1668,994,3,0
981,1668,1003,3,0
982,1668,1004,3,0
994,1657,1016,3,0
1018,1599,996,0,3
1018,1601,996,0,3
1018,1625,996,0,3
1018,1683,996,0,3
1020,1599,998,0,3
1020,1601,998,0,3
1020,1625,998,0,3
1020,1683,998,0,3
1026,1599,1048,3,0
1026,1601,1048,3,0
1026,1625,1048,3,0
1026,1683,1048,3,0
1036,1638,1014,0,3
1037,1638,1015,0,3
1040,1603,1018,0,3
1040,1609,1018,0,3
1040,1626,1018,0,3
1040,1629,1018,0,3
1040,1631,1018,0,3
1042,1603,1020,0,3
1042,1609,1020,0,3
1042,1626,1020,0,3
1042,1629,1020,0,3
1042,1631,1020,0,3
1047,1603,1069,3,0
1047,1609,1069,3,0
1047,1626,1069,3,0
1047,1629,1069,3,0
1047,1631,1069,3,0
1048,1603,1070,3,0
1048,1609,1070,3,0
1048,1626,1070,3,0
1048,1629,1070,3,0
1048,1631,1070,3,0
1060,1624,1082,3,0
1061,1624,1083,3,0
1062,1624,1040,0,3
1064,1624,1042,0,3
1069,1624,1091,3,0
1070,1624,1092,3,0
1080,1653,1058,0,3
1082,1653,1104,3,0
1082,1671,1104,3,0
1083,1671,1105,3,0
1084,1671,1062,0,3
1091,1671,1113,3,0
1092,1671,1114,3,0
1123,1587,1145,3,0
1123,1602,1145,3,0
1123,1643,1145,3,0
1124,1587,1102,0,3
1124,1602,1102,0,3
1124,1643,1102,0,3
1126,1587,1148,3,0
1126,1602,1148,3,0
1126,1643,1148,3,0
1140,1587,1118,0,3
1140,1602,1118,0,3
1140,1643,1118,0,3
1148,1669,1170,3,0
1149,1669,1171,3,0
1150,1669,1128,0,3
1157,1669,1179,3,0
1158,1669,1180,3,0
1170,1591,1192,3,0
1170,1617,1192,3,0
1171,1591,1193,3,0
1171,1617,1193,3,0
1172,1591,1150,0,3
1172,1617,1150,0,3
1180,1591,1202,3,0
1180,1617,1202,3,0
1211,1659,1233,3,0
1212,1659,1190,0,3
1212,1663,1190,0,3
1214,1659,1236,3,0
1214,1663,1236,3,0
1227,1659,1205,0,3
1227,1663,1205,0,3
1228,1659,1206,0,3
1229,1659,1207,0,3
1231,1659,1209,0,3
1255,1592,1277,3,0
1255,1600,1277,3,0
1255,1662,1277,3,0
1256,1592,1234,0,3
1256,1600,1234,0,3
1256,1662,1234,0,3
1258,1592,1280,3,0
1258,1600,1280,3,0
1258,1662,1280,3,0
1271,1592,1249,0,3
1271,1600,1249,0,3
1271,1662,1249,0,3
1272,1592,1250,0,3
1272,1600,1250,0,3
1272,1662,1250,0,3
1273,1600,1251,0,3
1275,1600,1253,0,3
1321,1675,1343,3,0
1324,1623,1346,3,0
1324,1675,1346,3,0
1337,1623,1315,0,3
1337,1675,1315,0,3
1338,1675,1316,0,3
1343,1650,1365,3,0
1346,1650,1368,3,0
1360,1650,1338,0,3
1361,1650,1339,0,3
1365,1636,1387,3,0
1368,1636,1390,3,0
1382,1636,1360,0,3
1409,1680,1431,3,0
1412,1664,1434,3,0
1412,1680,1434,3,0
1423,1664,1445,3,0
1423,1680,1445,3,0
1426,1680,1404,0,3
1427,1680,1405,0,3
1429,1680,1407,0,3
1431,1656,1453,3,0
1434,1656,1456,3,0
1445,1656,1467,3,0
1448,1656,1426,0,3
1449,1656,1427,0,3
1453,1595,1475,3,0
1455,1595,1433,0,3
1467,1595,1489,3,0
1470,1595,1448,0,3
1518,1620,1496,0,2
1518,1642,1496,0,2
1519,1620,1541,3,0
1519,1642,1541,3,0
1522,1620,1500,0,3
1522,1642,1500,0,3
1534,1620,1512,0,3
1534,1642,1512,0,3
1540,1612,1518,0,2
1541,1594,1563,3,0
1541,1597,1563,3,0
1541,1612,1563,3,0
1541,1666,1563,3,0
1542,1594,1564,3,0
1542,1597,1564,3,0
1542,1612,1564,3,0
1542,1666,1564,3,0
1544,1594,1522,0,3
1544,1597,1522,0,3
1544,1612,1522,0,3
1544,1666,1522,0,3
1556,1594,1534,0,3
1556,1597,1534,0,3
1556,1612,1534,0,3
1556,1666,1534,0,3
1564,1590,2,3,3
1564,1607,2,3,3
1565,1590,1543,0,3
1565,1607,1543,0,3
1566,1590,1544,0,3
1566,1607,1544,0,3
1577,1590,15,3,3
1577,1607,15,3,3
1578,1590,1556,0,3
1578,1607,1556,0,3
