3,1590,1565,3,3
3,1607,1565,3,3
3,1683,1565,3,3
15,1590,37,2,0
15,1607,37,2,0
15,1683,37,2,0
18,1683,40,2,0
25,1624,3,0,2
25,1639,3,0,2
26,1624,4,0,2
26,1634,4,0,2
26,1639,4,0,2
29,1634,7,0,2
34,1634,56,3,0
35,1634,13,0,2
36,1634,14,0,2
37,1624,59,3,0
37,1634,59,3,0
37,1639,59,3,0
40,1624,62,3,0
40,1639,62,3,0
45,1603,23,0,3
45,1619,23,0,3
45,1626,23,0,3
47,1603,25,0,3
47,1619,25,0,3
47,1626,25,0,3
47,1669,25,0,3
48,1603,26,0,3
48,1619,26,0,3
48,1626,26,0,3
48,1669,26,0,3
59,1603,81,3,0
59,1619,81,3,0
59,1626,81,3,0
59,1669,81,3,0
63,1619,41,0,3
67,1586,45,0,3
67,1609,45,0,3
67,1629,45,0,3
67,1631,45,0,3
67,1651,45,0,3
70,1586,48,0,3
70,1596,48,0,3
70,1609,48,0,3
70,1629,48,0,3
70,1631,48,0,3
70,1651,48,0,3
70,1676,48,0,3
78,1596,100,3,0
79,1596,57,0,3
79,1676,57,0,3
81,1586,103,3,0
81,1596,103,3,0
81,1609,103,3,0
81,1629,103,3,0
81,1631,103,3,0
81,1651,103,3,0
81,1676,103,3,0
91,1647,69,0,3
92,1647,70,0,3
92,1667,70,0,3
94,1667,72,0,3
100,1667,122,3,0
103,1647,125,3,0
103,1667,125,3,0
108,1647,130,3,0
113,1649,91,0,3
114,1649,92,0,3
114,1681,92,0,3
116,1681,94,0,3
119,1681,141,3,0
122,1681,144,3,0
136,1587,114,0,3
136,1601,114,0,3
137,1587,115,0,3
138,1587,116,0,3
159,1616,137,0,3
159,1646,137,0,3
160,1616,138,0,3
160,1646,138,0,3
162,1616,184,3,0
163,1616,185,3,0
167,1616,189,3,0
167,1646,189,3,0
168,1616,190,3,0
168,1646,190,3,0
181,1674,159,0,3
184,1674,206,3,0
187,1674,165,0,3
188,1674,166,0,3
189,1674,211,3,0
190,1674,212,3,0
225,1654,203,0,3
227,1654,249,3,0
233,1654,255,3,0
247,1621,225,0,3
357,1678,335,0,3
358,1678,380,3,0
366,1678,388,3,0
466,1600,488,3,0
466,1650,488,3,0
466,1659,488,3,0
467,1600,445,0,3
467,1650,445,0,3
467,1659,445,0,3
468,1600,490,3,0
468,1650,490,3,0
468,1659,490,3,0
469,1600,491,3,0
469,1650,491,3,0
469,1659,491,3,0
470,1600,492,3,0
470,1650,492,3,0
470,1659,492,3,0
471,1600,493,3,0
471,1650,493,3,0
471,1659,493,3,0
473,1600,451,0,3
473,1650,451,0,3
473,1659,451,0,3
475,1600,497,3,0
475,1650,497,3,0
475,1659,497,3,0
476,1600,498,3,0
476,1650,498,3,0
476,1659,498,3,0
596,1604,574,0,3
597,1604,619,3,0
599,1656,577,0,3
600,1656,622,3,0
601,1656,623,3,0
607,1656,585,0,3
608,1656,630,3,0
612,1604,590,0,3
621,1680,599,0,3
622,1680,644,3,0
623,1680,645,3,0
628,1680,606,0,3
629,1680,607,0,3
630,1680,652,3,0
644,1653,666,3,0
652,1653,674,3,0
684,1640,662,0,3
684,1644,662,0,3
685,1640,707,3,0
685,1644,707,3,0
686,1640,708,3,0
686,1644,708,3,0
686,1662,708,3,0
688,1662,710,3,0
689,1662,711,3,0
695,1662,673,0,3
696,1662,718,3,0
728,1589,706,0,3
728,1593,706,0,3
728,1660,706,0,3
728,1672,706,0,3
729,1589,751,3,0
729,1593,751,3,0
729,1660,751,3,0
729,1672,751,3,0
730,1589,752,3,0
730,1593,752,3,0
730,1608,752,3,0
730,1660,752,3,0
730,1672,752,3,0
741,1589,719,0,3
741,1593,719,0,3
741,1608,719,0,3
741,1660,719,0,3
741,1672,719,0,3
742,1589,764,3,0
742,1593,764,3,0
742,1660,764,3,0
742,1672,764,3,0
744,1589,722,0,3
744,1660,722,0,3
752,1636,774,3,0
752,1648,774,3,0
752,1658,774,3,0
753,1636,731,0,3
755,1636,777,3,0
762,1636,784,3,0
763,1636,741,0,3
763,1648,741,0,3
763,1658,741,0,3
775,1663,753,0,3
784,1663,806,3,0
785,1663,763,0,3
795,1641,817,3,0
807,1641,785,0,3
810,1641,788,0,3
840,1595,862,3,0
840,1623,862,3,0
848,1595,826,0,3
849,1595,871,3,0
849,1623,871,3,0
850,1595,872,3,0
850,1623,872,3,0
851,1595,829,0,3
851,1623,829,0,3
862,1620,884,3,0
870,1620,848,0,3
871,1620,893,3,0
873,1620,851,0,3
906,1585,928,3,0
906,1632,928,3,0
908,1585,930,3,0
908,1632,930,3,0
911,1632,889,0,3
914,1632,892,0,3
928,1594,950,3,0
928,1597,950,3,0
928,1613,950,3,0
928,1673,950,3,0
929,1594,951,3,0
929,1597,951,3,0
929,1673,951,3,0
930,1594,952,3,0
930,1597,952,3,0
930,1673,952,3,0
932,1594,910,0,3
932,1597,910,0,3
951,1661,973,3,0
952,1661,974,3,0
954,1661,932,0,3
959,1661,937,0,3
960,1661,938,0,3
973,1630,995,3,0
976,1630,954,0,3
977,1630,955,0,3
979,1630,1001,3,0
980,1630,1002,3,0
981,1630,959,0,3
982,1630,960,0,3
995,1668,1017,3,0
1003,1668,981,0,3
1004,1668,982,0,3
1005,1668,983,0,3
1039,1599,1061,3,0
1041,1599,1019,0,3
1047,1599,1025,0,3
1058,1638,1080,3,0
1059,1638,1037,0,3
1061,1670,1083,3,0
1061,1679,1083,3,0
1062,1670,1084,3,0
1062,1679,1084,3,0
1063,1670,1041,0,3
1063,1679,1041,0,3
1064,1670,1042,0,3
1064,1679,1042,0,3
1068,1670,1090,3,0
1068,1679,1090,3,0
1069,1670,1047,0,3
1069,1679,1047,0,3
1070,1670,1048,0,3
1070,1679,1048,0,3
1078,1682,1056,0,2
1079,1682,1101,3,0
1080,1682,1102,3,0
1081,1682,1059,0,3
1083,1627,1105,3,0
1083,1635,1105,3,0
1084,1627,1106,3,0
1084,1635,1106,3,0
1085,1627,1063,0,3
1085,1635,1063,0,3
1091,1627,1069,0,3
1091,1635,1069,0,3
1092,1627,1070,0,3
1092,1635,1070,0,3
1097,1682,1119,3,0
1098,1682,1120,3,0
1105,1671,1127,3,0
1105,1677,1127,3,0
1106,1671,1128,3,0
1106,1677,1128,3,0
1107,1671,1085,0,3
1107,1677,1085,0,3
1113,1671,1091,0,3
1113,1677,1091,0,3
1114,1671,1092,0,3
1114,1677,1092,0,3
1124,1643,1146,3,0
1125,1643,1103,0,3
1138,1643,1160,3,0
1141,1643,1163,3,0
1146,1602,1168,3,0
1147,1602,1125,0,3
1149,1615,1171,3,0
1149,1665,1171,3,0
1150,1615,1128,0,3
1150,1665,1128,0,3
1151,1615,1129,0,3
1151,1665,1129,0,3
1157,1615,1135,0,3
1157,1665,1135,0,3
1158,1615,1136,0,3
1158,1665,1136,0,3
1160,1602,1182,3,0
1163,1602,1185,3,0
1168,1598,1190,3,0
1171,1637,1193,3,0
1172,1637,1150,0,3
1180,1637,1158,0,3
1182,1598,1204,3,0
1192,1584,1170,0,3
1192,1591,1170,0,3
1192,1617,1170,0,3
1193,1584,1215,3,0
1193,1591,1215,3,0
1193,1617,1215,3,0
1194,1584,1172,0,3
1194,1591,1172,0,3
1194,1617,1172,0,3
1195,1584,1173,0,3
1195,1591,1173,0,3
1195,1617,1173,0,3
1201,1584,1179,0,3
1201,1591,1179,0,3
1201,1617,1179,0,3
1202,1584,1180,0,3
1202,1591,1180,0,3
1202,1617,1180,0,3
1236,1652,1214,0,3
1237,1652,1259,3,0
1238,1652,1216,0,3
1246,1652,1224,0,3
1256,1592,1278,3,0
1258,1592,1236,0,3
1300,1633,1322,3,0
1316,1633,1338,3,0
1322,1655,1344,3,0
1338,1655,1360,3,0
1339,1655,1361,3,0
1344,1606,1366,3,0
1344,1675,1366,3,0
1345,1606,1323,0,3
1345,1675,1323,0,3
1360,1606,1382,3,0
1360,1675,1382,3,0
1361,1606,1383,3,0
1361,1675,1383,3,0
1433,1622,1411,0,3
1433,1664,1411,0,3
1448,1622,1470,3,0
1448,1664,1470,3,0
1454,1618,1476,3,0
1455,1618,1433,0,3
1470,1618,1492,3,0
1471,1618,1493,3,0
1474,1588,1496,2,0
1474,1628,1496,2,0
1474,1642,1496,2,0
1474,1645,1496,2,0
1476,1588,1498,3,0
1476,1628,1498,3,0
1476,1642,1498,3,0
1476,1645,1498,3,0
1477,1588,1455,0,3
1477,1628,1455,0,3
1477,1642,1455,0,3
1477,1645,1455,0,3
1478,1588,1456,0,3
1478,1628,1456,0,3
1478,1642,1456,0,3
1478,1645,1456,0,3
1493,1588,1515,3,0
1493,1628,1515,3,0
1493,1642,1515,3,0
1493,1645,1515,3,0
1544,1612,1522,0,3
1544,1614,1522,0,3
1555,1612,1577,3,0
1555,1614,1577,3,0
1558,1612,1580,3,0
1558,1614,1580,3,0
1559,1612,1581,3,0
1559,1614,1581,3,0
1565,1625,1543,0,3
1565,1666,1543,0,3
1577,1625,15,3,3
1577,1666,15,3,3
1580,1625,18,3,3
1580,1666,18,3,3
1581,1666,19,3,3
