2,1639,1564,3,3
6,1634,1568,3,3
14,1634,1576,3,3
15,1634,1577,3,3
15,1639,1577,3,3
15,1652,1577,3,3
16,1639,1578,3,3
16,1652,1578,3,3
17,1639,1579,3,3
22,1661,44,2,0
24,1637,2,0,2
24,1661,2,0,2
37,1637,15,0,2
37,1661,15,0,2
38,1637,16,0,2
38,1661,16,0,2
39,1637,17,0,2
39,1661,17,0,2
40,1661,62,3,0
49,1596,71,3,0
50,1596,28,0,3
59,1596,37,0,3
59,1665,37,0,3
59,1677,37,0,3
60,1665,38,0,3
60,1677,38,0,3
61,1665,39,0,3
61,1677,39,0,3
67,1586,89,3,0
67,1627,89,3,0
67,1635,89,3,0
67,1651,89,3,0
71,1660,49,0,3
72,1660,50,0,3
81,1586,59,0,3
81,1627,59,0,3
81,1635,59,0,3
81,1651,59,0,3
81,1660,59,0,3
82,1586,60,0,3
82,1627,60,0,3
82,1635,60,0,3
82,1651,60,0,3
83,1586,61,0,3
83,1627,61,0,3
83,1635,61,0,3
83,1651,61,0,3
88,1630,66,0,2
89,1630,111,3,0
89,1670,111,3,0
89,1679,111,3,0
93,1613,71,0,3
95,1613,117,3,0
96,1613,118,3,0
103,1613,81,0,3
103,1630,81,0,3
103,1649,81,0,3
103,1670,81,0,3
103,1679,81,0,3
104,1630,82,0,3
104,1649,82,0,3
104,1670,82,0,3
104,1679,82,0,3
105,1630,83,0,3
105,1649,83,0,3
105,1670,83,0,3
105,1679,83,0,3
107,1630,129,3,0
136,1584,158,3,0
136,1646,158,3,0
137,1646,115,0,3
139,1646,161,3,0
140,1646,162,3,0
147,1584,125,0,3
147,1646,125,0,3
148,1584,126,0,3
149,1584,127,0,3
159,1644,137,0,3
161,1644,183,3,0
169,1644,147,0,3
202,1654,180,0,3
204,1654,226,3,0
205,1654,227,3,0
213,1654,191,0,3
246,1682,224,0,3
248,1682,270,3,0
249,1682,271,3,0
254,1682,276,3,0
334,1672,312,0,3
488,1618,466,0,3
490,1618,512,3,0
491,1618,513,3,0
496,1618,518,3,0
510,1606,488,0,3
513,1606,535,3,0
516,1606,494,0,3
518,1606,540,3,0
574,1604,596,3,0
576,1604,554,0,3
588,1604,610,3,0
618,1676,640,3,0
619,1676,641,3,0
620,1676,598,0,3
631,1676,653,3,0
632,1676,654,3,0
663,1640,685,3,0
664,1640,642,0,3
664,1655,642,0,3
665,1655,687,3,0
667,1655,689,3,0
672,1655,694,3,0
675,1640,697,3,0
675,1655,697,3,0
676,1640,698,3,0
684,1621,706,3,0
685,1621,707,3,0
686,1621,664,0,3
697,1621,719,3,0
698,1621,720,3,0
699,1621,721,3,0
705,1667,683,0,3
706,1667,728,3,0
707,1667,729,3,0
707,1678,729,3,0
708,1667,686,0,3
708,1678,686,0,3
719,1667,741,3,0
719,1678,741,3,0
720,1667,742,3,0
720,1678,742,3,0
721,1667,743,3,0
726,1589,704,0,2
728,1589,750,3,0
728,1593,750,3,0
728,1648,750,3,0
728,1658,750,3,0
729,1589,751,3,0
729,1593,751,3,0
729,1648,751,3,0
729,1658,751,3,0
730,1589,708,0,3
730,1593,708,0,3
730,1648,708,0,3
730,1658,708,0,3
741,1589,763,3,0
741,1593,763,3,0
741,1648,763,3,0
741,1658,763,3,0
743,1589,765,3,0
743,1593,765,3,0
743,1648,765,3,0
743,1658,765,3,0
744,1589,722,0,3
745,1589,723,0,3
754,1598,776,3,0
755,1598,777,3,0
761,1598,739,0,3
763,1598,785,3,0
775,1633,753,0,3
776,1633,798,3,0
777,1633,799,3,0
785,1633,807,3,0
794,1641,816,3,0
807,1641,829,3,0
808,1641,830,3,0
809,1641,831,3,0
810,1641,788,0,3
841,1614,819,0,3
842,1614,864,3,0
845,1614,867,3,0
848,1614,870,3,0
851,1614,873,3,0
863,1588,885,3,0
863,1628,885,3,0
863,1645,885,3,0
864,1588,886,3,0
864,1628,886,3,0
864,1645,886,3,0
873,1588,895,3,0
873,1628,895,3,0
873,1645,895,3,0
885,1632,907,3,0
887,1632,865,0,3
888,1632,866,0,3
889,1632,911,3,0
890,1632,912,3,0
895,1632,917,3,0
902,1616,924,2,0
902,1681,924,2,0
907,1610,929,3,0
907,1622,929,3,0
907,1673,929,3,0
909,1610,887,0,3
909,1622,887,0,3
910,1610,888,0,3
917,1610,939,3,0
917,1616,939,3,0
917,1622,939,3,0
917,1673,939,3,0
917,1681,939,3,0
918,1616,940,3,0
918,1681,940,3,0
919,1616,941,3,0
919,1681,941,3,0
921,1616,899,0,3
921,1681,899,0,3
922,1616,944,3,0
922,1681,944,3,0
928,1611,906,0,3
928,1619,906,0,3
928,1647,906,0,3
929,1619,951,3,0
929,1647,951,3,0
931,1619,909,0,3
931,1647,909,0,3
932,1619,910,0,3
932,1647,910,0,3
934,1647,956,3,0
935,1619,957,3,0
935,1647,957,3,0
939,1611,961,3,0
939,1619,961,3,0
939,1647,961,3,0
940,1611,962,3,0
972,1668,994,3,0
974,1668,952,0,3
983,1668,1005,3,0
994,1608,1016,3,0
994,1657,1016,3,0
1005,1608,1027,3,0
1006,1608,984,0,3
1016,1599,1038,3,0
1016,1601,1038,3,0
1016,1625,1038,3,0
1016,1683,1038,3,0
1018,1599,996,0,3
1018,1601,996,0,3
1018,1625,996,0,3
1018,1683,996,0,3
1019,1599,997,0,3
1019,1601,997,0,3
1019,1625,997,0,3
1019,1683,997,0,3
1024,1599,1002,0,3
1024,1601,1002,0,3
1024,1625,1002,0,3
1024,1683,1002,0,3
1038,1603,1060,3,0
1038,1605,1060,3,0
1038,1609,1060,3,0
1038,1626,1060,3,0
1038,1629,1060,3,0
1038,1631,1060,3,0
1038,1638,1060,3,0
1040,1603,1018,0,3
1040,1609,1018,0,3
1040,1626,1018,0,3
1040,1629,1018,0,3
1040,1631,1018,0,3
1041,1603,1019,0,3
1041,1609,1019,0,3
1041,1626,1019,0,3
1041,1629,1019,0,3
1041,1631,1019,0,3
1046,1603,1024,0,3
1046,1609,1024,0,3
1046,1626,1024,0,3
1046,1629,1024,0,3
1046,1631,1024,0,3
1050,1638,1028,0,3
1060,1624,1082,3,0
1063,1624,1041,0,3
1082,1653,1104,3,0
1082,1671,1104,3,0
1085,1671,1063,0,3
1094,1653,1072,0,3
1095,1653,1073,0,3
1100,1674,1122,2,0
1101,1674,1079,0,3
1104,1674,1126,3,0
1115,1674,1137,3,0
1116,1674,1094,0,3
1117,1674,1095,0,3
1118,1674,1140,3,0
1126,1587,1148,3,0
1126,1602,1148,3,0
1126,1643,1148,3,0
1138,1587,1116,0,3
1138,1602,1116,0,3
1138,1643,1116,0,3
1139,1587,1117,0,3
1139,1602,1117,0,3
1139,1643,1117,0,3
1140,1587,1162,3,0
1140,1602,1162,3,0
1140,1643,1162,3,0
1148,1669,1170,3,0
1150,1669,1128,0,3
1151,1669,1129,0,3
1170,1591,1192,3,0
1170,1617,1192,3,0
1172,1591,1150,0,3
1172,1617,1150,0,3
1173,1591,1151,0,3
1173,1617,1151,0,3
1192,1615,1214,3,0
1194,1615,1172,0,3
1195,1615,1173,0,3
1210,1659,1232,2,0
1211,1659,1189,0,3
1214,1659,1236,3,0
1214,1663,1236,3,0
1226,1659,1204,0,3
1226,1663,1204,0,3
1227,1659,1205,0,3
1227,1663,1205,0,3
1228,1659,1250,3,0
1231,1659,1253,3,0
1254,1600,1276,2,0
1258,1592,1280,3,0
1258,1600,1280,3,0
1258,1662,1280,3,0
1270,1592,1248,0,3
1270,1600,1248,0,3
1270,1662,1248,0,3
1271,1592,1249,0,3
1271,1600,1249,0,3
1271,1662,1249,0,3
1272,1592,1294,3,0
1272,1600,1294,3,0
1272,1662,1294,3,0
1275,1600,1297,3,0
1321,1675,1299,0,3
1322,1623,1300,0,3
1322,1675,1300,0,3
1324,1623,1346,3,0
1324,1675,1346,3,0
1336,1623,1314,0,3
1336,1675,1314,0,3
1338,1675,1360,3,0
1342,1650,1364,2,0
1343,1650,1321,0,3
1344,1650,1322,0,3
1346,1650,1368,3,0
1358,1650,1336,0,3
1360,1650,1382,3,0
1365,1636,1343,0,3
1366,1636,1344,0,3
1368,1636,1390,3,0
1380,1636,1358,0,3
1382,1636,1404,3,0
1408,1680,1430,2,0
1409,1680,1387,0,3
1410,1664,1388,0,3
1410,1680,1388,0,3
1411,1664,1389,0,3
1411,1680,1389,0,3
1412,1664,1434,3,0
1412,1680,1434,3,0
1423,1664,1401,0,3
1423,1680,1401,0,3
1424,1664,1402,0,3
1424,1680,1402,0,3
1426,1680,1448,3,0
1428,1680,1450,3,0
1429,1680,1451,3,0
1430,1656,1452,2,0
1432,1656,1410,0,3
1433,1656,1411,0,3
1434,1656,1456,3,0
1445,1656,1423,0,3
1446,1656,1424,0,3
1448,1656,1470,3,0
1450,1656,1472,3,0
1454,1595,1432,0,3
1455,1595,1433,0,3
1456,1595,1478,3,0
1467,1595,1445,0,3
1468,1595,1446,0,3
1469,1595,1447,0,3
1476,1585,1454,0,3
1477,1585,1455,0,3
1478,1585,1500,3,0
1489,1585,1467,0,3
1490,1585,1468,0,3
1491,1585,1469,0,3
1518,1620,1540,2,0
1518,1642,1540,2,0
1520,1620,1498,0,3
1520,1642,1498,0,3
1521,1620,1499,0,3
1521,1642,1499,0,3
1522,1620,1544,3,0
1522,1642,1544,3,0
1533,1620,1511,0,3
1533,1642,1511,0,3
1535,1620,1513,0,3
1535,1642,1513,0,3
1536,1620,1558,3,0
1536,1642,1558,3,0
1537,1620,1559,3,0
1537,1642,1559,3,0
1540,1612,1562,2,0
1541,1594,1563,3,0
1541,1597,1563,3,0
1541,1612,1563,3,0
1541,1666,1563,3,0
1542,1594,1520,0,3
1542,1597,1520,0,3
1542,1612,1520,0,3
1542,1666,1520,0,3
1543,1594,1521,0,3
1543,1597,1521,0,3
1543,1612,1521,0,3
1543,1666,1521,0,3
1555,1594,1533,0,3
1555,1597,1533,0,3
1555,1612,1533,0,3
1555,1666,1533,0,3
1557,1594,1535,0,3
1557,1597,1535,0,3
1557,1612,1535,0,3
1557,1666,1535,0,3
1558,1594,1580,3,0
1558,1597,1580,3,0
1558,1612,1580,3,0
1558,1666,1580,3,0
1559,1612,1581,3,0
1565,1590,1543,0,3
1565,1607,1543,0,3
1577,1590,1555,0,3
1577,1607,1555,0,3
1578,1590,1556,0,3
1578,1607,1556,0,3
1579,1590,1557,0,3
1579,1607,1557,0,3
