1,1639,23,2,0
2,1637,24,2,0
2,1639,24,2,0
4,1634,1566,3,3
4,1637,1566,3,3
4,1639,1566,3,3
5,1634,27,2,0
12,1634,1574,3,3
16,1637,38,2,0
16,1639,38,2,0
22,1599,44,2,0
23,1599,45,3,0
23,1669,45,3,0
24,1599,46,3,0
24,1669,46,3,0
26,1599,4,0,2
26,1669,4,0,2
38,1599,60,3,0
38,1669,60,3,0
40,1599,62,3,0
45,1627,67,3,0
45,1677,67,3,0
46,1627,68,3,0
46,1677,68,3,0
66,1619,44,0,2
66,1670,44,0,2
67,1619,89,3,0
67,1670,89,3,0
68,1619,90,3,0
68,1670,90,3,0
71,1604,93,3,0
84,1619,106,3,0
84,1670,106,3,0
87,1619,109,3,0
88,1679,66,0,2
89,1679,111,3,0
90,1679,112,3,0
91,1679,113,3,0
93,1589,115,3,0
95,1589,73,0,3
96,1589,74,0,3
99,1589,77,0,3
100,1589,78,0,3
101,1589,123,3,0
102,1589,80,0,3
106,1679,128,3,0
110,1632,88,0,2
110,1647,88,0,2
111,1632,133,3,0
111,1647,133,3,0
128,1632,150,3,0
128,1647,150,3,0
131,1632,153,3,0
131,1647,153,3,0
132,1610,110,0,2
133,1591,155,3,0
133,1610,155,3,0
133,1617,155,3,0
137,1616,159,3,0
137,1646,159,3,0
137,1681,159,3,0
138,1616,160,3,0
138,1646,160,3,0
138,1681,160,3,0
139,1616,117,0,3
139,1646,117,0,3
139,1681,117,0,3
142,1616,120,0,3
142,1681,120,0,3
144,1616,122,0,3
144,1646,122,0,3
144,1681,122,0,3
145,1616,167,3,0
145,1646,167,3,0
145,1681,167,3,0
146,1616,124,0,3
146,1646,124,0,3
146,1681,124,0,3
147,1591,125,0,3
147,1610,125,0,3
147,1616,125,0,3
147,1617,125,0,3
147,1646,125,0,3
147,1681,125,0,3
148,1591,126,0,3
148,1610,126,0,3
148,1617,126,0,3
149,1591,171,3,0
149,1610,171,3,0
149,1617,171,3,0
150,1610,172,3,0
153,1610,175,3,0
154,1601,132,0,2
155,1601,177,3,0
159,1644,181,3,0
160,1644,182,3,0
168,1644,146,0,3
169,1601,147,0,3
169,1644,147,0,3
170,1601,148,0,3
171,1601,193,3,0
172,1601,194,3,0
175,1601,197,3,0
182,1602,204,3,0
182,1643,204,3,0
183,1602,161,0,3
183,1643,161,0,3
188,1602,166,0,3
188,1643,166,0,3
190,1602,168,0,3
190,1643,168,0,3
191,1602,213,3,0
191,1643,213,3,0
313,1593,291,0,3
313,1648,291,0,3
313,1672,291,0,3
322,1593,300,0,3
322,1648,300,0,3
322,1672,300,0,3
323,1593,345,3,0
323,1648,345,3,0
323,1672,345,3,0
335,1678,313,0,3
344,1678,322,0,3
345,1678,367,3,0
444,1659,422,0,3
445,1659,423,0,3
447,1659,425,0,3
448,1659,426,0,3
449,1659,427,0,3
451,1659,473,3,0
454,1659,432,0,3
455,1659,477,3,0
466,1618,444,0,3
466,1668,444,0,3
467,1618,445,0,3
469,1618,447,0,3
473,1618,495,3,0
476,1618,454,0,3
477,1618,499,3,0
477,1668,499,3,0
478,1668,456,0,3
488,1650,466,0,3
491,1650,469,0,3
492,1650,470,0,3
495,1650,517,3,0
498,1650,476,0,3
499,1650,521,3,0
577,1656,555,0,3
579,1656,557,0,3
580,1656,558,0,3
586,1656,564,0,3
587,1656,609,3,0
599,1680,577,0,3
608,1680,586,0,3
609,1680,631,3,0
621,1638,599,0,3
630,1638,608,0,3
631,1638,653,3,0
631,1676,653,3,0
632,1676,610,0,3
662,1621,640,0,3
675,1621,697,3,0
676,1621,654,0,3
682,1667,660,0,2
684,1667,662,0,3
697,1667,719,3,0
698,1667,676,0,3
700,1667,678,0,3
704,1660,682,0,2
706,1640,684,0,3
706,1660,684,0,3
708,1592,686,0,3
708,1640,686,0,3
708,1660,686,0,3
709,1592,687,0,3
718,1592,696,0,3
719,1592,741,3,0
719,1640,741,3,0
719,1660,741,3,0
720,1640,698,0,3
720,1660,698,0,3
727,1658,705,0,3
729,1658,707,0,3
731,1636,709,0,3
733,1636,755,3,0
740,1636,718,0,3
742,1658,720,0,3
743,1658,765,3,0
749,1654,727,0,3
750,1654,728,0,3
751,1654,729,0,3
753,1598,731,0,3
764,1654,742,0,3
765,1654,787,3,0
770,1641,748,0,2
771,1641,749,0,3
772,1641,750,0,3
773,1641,751,0,3
784,1611,806,3,0
786,1641,764,0,3
788,1641,766,0,3
818,1612,840,3,0
818,1623,840,3,0
819,1612,797,0,3
819,1623,797,0,3
825,1612,847,3,0
826,1612,848,3,0
841,1588,819,0,3
841,1620,819,0,3
841,1642,819,0,3
847,1588,869,3,0
847,1620,869,3,0
847,1642,869,3,0
848,1588,870,3,0
848,1620,870,3,0
848,1642,870,3,0
863,1628,841,0,3
870,1628,892,3,0
885,1622,863,0,3
887,1622,909,3,0
892,1622,914,3,0
893,1622,871,0,3
894,1622,916,3,0
907,1673,885,0,3
908,1673,886,0,3
914,1673,936,3,0
915,1673,893,0,3
916,1673,938,3,0
929,1661,907,0,3
930,1661,908,0,3
931,1661,953,3,0
936,1661,958,3,0
937,1661,915,0,3
938,1661,960,3,0
939,1661,961,3,0
946,1613,968,2,0
947,1613,925,0,3
951,1594,929,0,3
951,1630,929,0,3
951,1666,929,0,3
952,1594,930,0,3
952,1630,930,0,3
952,1666,930,0,3
953,1594,975,3,0
953,1630,975,3,0
953,1666,975,3,0
958,1594,980,3,0
958,1630,980,3,0
958,1666,980,3,0
960,1594,982,3,0
960,1630,982,3,0
960,1666,982,3,0
961,1594,983,3,0
961,1613,983,3,0
961,1630,983,3,0
961,1666,983,3,0
962,1613,984,3,0
963,1613,941,0,3
964,1613,942,0,3
992,1608,970,0,3
993,1608,1015,3,0
996,1683,974,0,3
997,1683,1019,3,0
1002,1683,1024,3,0
1004,1683,1026,3,0
1005,1608,983,0,3
1005,1683,983,0,3
1006,1608,1028,3,0
1017,1625,1039,3,0
1018,1625,996,0,3
1019,1625,1041,3,0
1026,1625,1048,3,0
1027,1625,1005,0,3
1037,1605,1059,3,0
1040,1603,1018,0,3
1040,1609,1018,0,3
1040,1626,1018,0,3
1040,1629,1018,0,3
1040,1631,1018,0,3
1041,1603,1063,3,0
1041,1609,1063,3,0
1041,1626,1063,3,0
1041,1629,1063,3,0
1041,1631,1063,3,0
1048,1603,1070,3,0
1048,1609,1070,3,0
1048,1626,1070,3,0
1048,1629,1070,3,0
1048,1631,1070,3,0
1049,1603,1027,0,3
1049,1605,1027,0,3
1049,1609,1027,0,3
1049,1626,1027,0,3
1049,1629,1027,0,3
1049,1631,1027,0,3
1062,1624,1040,0,3
1063,1624,1085,3,0
1070,1624,1092,3,0
1071,1624,1049,0,3
1080,1653,1102,3,0
1083,1671,1105,3,0
1092,1671,1114,3,0
1093,1653,1071,0,3
1093,1671,1071,0,3
1094,1653,1116,3,0
1100,1674,1122,2,0
1100,1682,1122,2,0
1102,1674,1124,3,0
1102,1682,1124,3,0
1105,1586,1127,3,0
1105,1635,1127,3,0
1105,1651,1127,3,0
1107,1586,1129,3,0
1107,1635,1129,3,0
1107,1651,1129,3,0
1114,1586,1136,3,0
1114,1635,1136,3,0
1114,1651,1136,3,0
1115,1586,1093,0,3
1115,1635,1093,0,3
1115,1651,1093,0,3
1115,1674,1093,0,3
1115,1682,1093,0,3
1116,1674,1138,3,0
1116,1682,1138,3,0
1120,1682,1142,3,0
1121,1682,1143,3,0
1127,1665,1149,3,0
1136,1665,1158,3,0
1137,1587,1115,0,3
1137,1596,1115,0,3
1137,1665,1115,0,3
1138,1587,1160,3,0
1138,1596,1160,3,0
1149,1590,1171,3,0
1149,1607,1171,3,0
1158,1590,1180,3,0
1158,1607,1180,3,0
1159,1590,1137,0,3
1159,1607,1137,0,3
1170,1649,1192,3,0
1171,1649,1193,3,0
1180,1649,1202,3,0
1181,1649,1159,0,3
1192,1615,1214,3,0
1193,1615,1215,3,0
1202,1615,1224,3,0
1203,1615,1181,0,3
1214,1584,1236,3,0
1214,1652,1236,3,0
1214,1663,1236,3,0
1215,1584,1237,3,0
1215,1652,1237,3,0
1224,1584,1246,3,0
1224,1652,1246,3,0
1225,1584,1203,0,3
1225,1652,1203,0,3
1225,1663,1203,0,3
1232,1600,1254,2,0
1236,1600,1258,3,0
1236,1662,1258,3,0
1247,1600,1225,0,3
1247,1662,1225,0,3
1253,1600,1275,3,0
1320,1606,1342,2,0
1320,1675,1342,2,0
1322,1606,1344,3,0
1322,1633,1344,3,0
1322,1675,1344,3,0
1335,1606,1313,0,3
1335,1633,1313,0,3
1335,1675,1313,0,3
1338,1606,1360,3,0
1338,1675,1360,3,0
1340,1606,1362,3,0
1341,1606,1363,3,0
1342,1655,1364,2,0
1344,1655,1366,3,0
1357,1655,1335,0,3
1358,1655,1380,3,0
1361,1655,1339,0,3
1363,1655,1385,3,0
1423,1664,1401,0,3
1424,1664,1446,3,0
1430,1595,1452,2,0
1445,1595,1423,0,3
1446,1595,1468,3,0
1474,1585,1496,2,0
1476,1585,1498,3,0
1489,1585,1467,0,3
1490,1585,1512,3,0
1492,1585,1514,3,0
1496,1645,1518,2,0
1498,1645,1520,3,0
1500,1645,1522,3,0
1511,1645,1489,0,3
1512,1645,1534,3,0
1540,1597,1562,2,0
1541,1597,1563,3,0
1542,1597,1564,3,0
1543,1597,1565,3,0
1556,1597,1578,3,0
1557,1597,1535,0,3
1562,1614,0,2,3
1563,1614,1,3,3
1564,1614,2,3,3
1565,1614,3,3,3
1578,1614,16,3,3
1580,1614,18,3,3
1581,1614,1559,0,3
1583,1614,21,3,3
