1,1627,2,1,0
2,1627,3,1,0
3,1627,4,1,0
3,1671,1565,3,3
3,1683,1565,3,3
4,1627,26,2,0
4,1671,26,2,0
4,1683,26,2,0
5,1627,27,2,0
6,1627,28,2,0
7,1627,29,2,0
12,1627,11,0,1
13,1627,35,2,0
14,1627,36,2,0
15,1627,37,2,0
16,1627,15,0,1
17,1627,16,0,1
18,1627,17,0,1
18,1683,1580,3,3
23,1627,24,2,1
24,1627,25,2,1
25,1627,26,2,1
26,1627,48,3,0
26,1634,48,3,0
27,1627,49,3,0
27,1634,49,3,0
28,1627,50,3,0
28,1634,50,3,0
29,1627,51,3,0
34,1627,33,1,2
35,1627,57,3,0
36,1627,58,3,0
36,1634,58,3,0
37,1627,59,3,0
38,1627,37,1,2
39,1627,38,1,2
40,1627,39,1,2
45,1627,46,2,1
46,1627,47,2,1
47,1603,25,0,3
47,1626,25,0,3
47,1627,48,2,1
47,1631,25,0,3
47,1665,25,0,3
47,1669,25,0,3
48,1603,70,3,0
48,1613,70,3,0
48,1626,70,3,0
48,1627,70,3,0
48,1631,70,3,0
48,1665,70,3,0
48,1669,70,3,0
49,1627,71,3,0
50,1627,72,3,0
51,1613,73,3,0
51,1627,73,3,0
52,1613,74,3,0
56,1627,55,1,2
57,1627,79,3,0
58,1627,80,3,0
59,1627,81,3,0
60,1627,59,1,2
61,1627,60,1,2
62,1603,40,0,3
62,1626,40,0,3
62,1627,61,1,2
62,1631,40,0,3
67,1627,68,2,1
68,1627,69,2,1
69,1586,47,0,3
69,1627,70,2,1
69,1635,47,0,3
69,1651,47,0,3
70,1586,92,3,0
70,1596,92,3,0
70,1627,92,3,0
70,1635,92,3,0
70,1651,92,3,0
70,1660,92,3,0
70,1676,92,3,0
71,1627,93,3,0
72,1596,94,3,0
72,1627,94,3,0
72,1660,94,3,0
72,1676,94,3,0
73,1627,95,3,0
74,1660,96,3,0
78,1596,100,3,0
78,1627,77,1,2
78,1660,100,3,0
79,1627,101,3,0
80,1627,102,3,0
82,1627,81,1,2
83,1627,82,1,2
84,1586,62,0,3
84,1627,83,1,2
84,1635,62,0,3
84,1651,62,0,3
89,1627,90,2,1
90,1627,91,2,1
91,1627,92,2,1
91,1630,69,0,3
92,1630,114,3,0
93,1627,115,3,0
94,1627,116,3,0
95,1627,117,3,0
100,1627,99,1,2
101,1627,123,3,0
102,1627,124,3,0
104,1627,103,1,2
105,1627,104,1,2
106,1627,105,1,2
107,1630,129,3,0
111,1627,112,2,1
112,1627,113,2,1
113,1627,114,2,1
113,1649,91,0,3
114,1649,136,3,0
115,1627,137,3,0
116,1627,138,3,0
117,1627,139,3,0
122,1627,121,1,2
123,1627,145,3,0
124,1627,146,3,0
126,1627,125,1,2
127,1627,126,1,2
128,1627,127,1,2
133,1627,134,2,1
134,1584,112,0,3
134,1627,135,2,1
135,1584,113,0,3
135,1627,136,2,1
137,1587,159,3,0
137,1627,159,3,0
138,1587,160,3,0
138,1627,160,3,0
139,1627,161,3,0
144,1587,166,3,0
144,1627,143,1,2
145,1627,167,3,0
146,1627,168,3,0
148,1627,147,1,2
149,1627,148,1,2
150,1627,149,1,2
155,1627,156,2,1
156,1627,157,2,1
157,1627,158,2,1
159,1627,181,3,0
159,1646,181,3,0
160,1627,182,3,0
160,1646,182,3,0
161,1627,183,3,0
166,1627,165,1,2
167,1627,189,3,0
168,1627,190,3,0
170,1627,169,1,2
171,1627,170,1,2
172,1627,171,1,2
177,1627,178,2,1
178,1627,179,2,1
179,1627,180,2,1
181,1627,203,3,0
182,1627,204,3,0
183,1627,205,3,0
188,1627,187,1,2
189,1627,211,3,0
190,1627,212,3,0
192,1627,191,1,2
193,1627,192,1,2
194,1627,193,1,2
199,1627,200,2,1
200,1627,201,2,1
201,1627,202,2,1
202,1654,224,3,0
203,1627,225,3,0
203,1654,225,3,0
204,1627,226,3,0
204,1654,226,3,0
205,1627,227,3,0
205,1654,227,3,0
210,1627,209,1,2
211,1627,233,3,0
212,1627,234,3,0
214,1627,213,1,2
215,1627,214,1,2
216,1627,215,1,2
221,1627,222,2,1
222,1627,223,2,1
223,1627,224,2,1
225,1627,247,3,0
226,1627,248,3,0
227,1627,249,3,0
232,1627,231,1,2
233,1627,255,3,0
234,1627,256,3,0
236,1627,235,1,2
237,1627,236,1,2
238,1627,237,1,2
243,1627,244,2,1
244,1627,245,2,1
245,1627,246,2,1
246,1621,268,3,0
246,1682,268,3,0
247,1621,269,3,0
247,1627,269,3,0
247,1682,269,3,0
248,1621,270,3,0
248,1627,270,3,0
248,1682,270,3,0
249,1627,271,3,0
250,1682,228,0,3
252,1682,230,0,3
254,1627,253,1,2
254,1682,276,3,0
255,1627,277,3,0
255,1682,233,0,3
256,1627,278,3,0
258,1627,257,1,2
259,1627,258,1,2
260,1627,259,1,2
265,1627,266,2,1
266,1627,267,2,1
267,1627,268,2,1
268,1648,290,3,0
268,1658,290,3,0
269,1627,291,3,0
269,1648,291,3,0
269,1658,291,3,0
270,1627,292,3,0
270,1648,292,3,0
270,1658,292,3,0
271,1627,293,3,0
276,1627,275,1,2
277,1627,299,3,0
278,1627,300,3,0
280,1627,279,1,2
281,1627,280,1,2
282,1627,281,1,2
287,1627,288,2,1
288,1627,289,2,1
289,1627,290,2,1
290,1627,291,2,1
290,1640,312,3,0
291,1627,292,2,1
291,1640,313,3,0
292,1627,293,2,1
292,1640,314,3,0
293,1627,1627,47,0
298,1627,297,1,2
299,1627,298,1,2
300,1627,299,1,2
301,1627,300,1,2
302,1627,301,1,2
303,1627,302,1,2
304,1627,303,1,2
309,1627,310,2,1
310,1627,311,2,1
311,1627,312,2,1
312,1627,290,0,3
313,1627,291,0,3
314,1627,292,0,3
315,1627,293,0,3
320,1627,319,1,2
321,1627,299,0,3
322,1627,300,0,3
323,1627,301,0,3
324,1627,323,1,2
325,1627,324,1,2
326,1627,325,1,2
331,1627,332,2,1
332,1627,333,2,1
333,1627,334,2,1
334,1627,312,0,3
334,1672,356,3,0
335,1627,313,0,3
335,1672,357,3,0
336,1627,314,0,3
336,1672,358,3,0
337,1627,315,0,3
342,1627,341,1,2
343,1627,321,0,3
344,1627,322,0,3
345,1627,323,0,3
346,1627,345,1,2
347,1627,346,1,2
348,1627,347,1,2
353,1627,354,2,1
354,1627,355,2,1
355,1627,356,2,1
356,1627,334,0,3
356,1678,378,3,0
357,1627,335,0,3
357,1678,379,3,0
358,1627,336,0,3
358,1678,380,3,0
359,1627,337,0,3
364,1627,363,1,2
365,1627,343,0,3
366,1627,344,0,3
367,1627,345,0,3
368,1627,367,1,2
369,1627,368,1,2
370,1627,369,1,2
375,1627,376,2,1
376,1627,377,2,1
377,1627,378,2,1
378,1627,356,0,3
379,1627,357,0,3
380,1627,358,0,3
381,1627,359,0,3
386,1627,385,1,2
387,1627,365,0,3
388,1627,366,0,3
389,1627,367,0,3
390,1627,389,1,2
391,1627,390,1,2
392,1627,391,1,2
397,1627,398,2,1
398,1627,399,2,1
399,1627,400,2,1
400,1627,378,0,3
401,1627,379,0,3
402,1627,380,0,3
403,1627,381,0,3
408,1627,407,1,2
409,1627,387,0,3
410,1627,388,0,3
411,1627,389,0,3
412,1627,411,1,2
413,1627,412,1,2
414,1627,413,1,2
419,1627,420,2,1
420,1627,421,2,1
421,1627,422,2,1
422,1627,400,0,3
423,1627,401,0,3
424,1627,402,0,3
425,1627,403,0,3
430,1627,429,1,2
431,1627,409,0,3
432,1627,410,0,3
433,1627,411,0,3
434,1627,433,1,2
435,1627,434,1,2
436,1627,435,1,2
441,1627,442,2,1
442,1627,443,2,1
443,1627,444,2,1
443,1673,421,0,3
444,1627,422,0,3
444,1673,466,3,0
445,1627,423,0,3
446,1627,424,0,3
447,1627,425,0,3
452,1627,451,1,2
453,1627,431,0,3
454,1627,432,0,3
455,1627,433,0,3
455,1673,433,0,3
456,1627,455,1,2
457,1627,456,1,2
457,1673,479,3,0
458,1627,457,1,2
463,1627,464,2,1
464,1627,465,2,1
465,1627,466,2,1
466,1600,488,3,0
466,1627,444,0,3
467,1600,489,3,0
467,1627,445,0,3
468,1627,446,0,3
469,1627,447,0,3
470,1600,448,0,3
474,1600,496,3,0
474,1627,473,1,2
475,1627,453,0,3
476,1627,454,0,3
477,1600,455,0,3
477,1627,455,0,3
478,1627,477,1,2
479,1627,478,1,2
480,1627,479,1,2
485,1627,486,2,1
486,1627,487,2,1
487,1627,488,2,1
488,1627,466,0,3
489,1627,467,0,3
490,1627,468,0,3
491,1627,469,0,3
496,1627,495,1,2
497,1627,475,0,3
498,1627,476,0,3
499,1627,477,0,3
500,1627,499,1,2
501,1627,500,1,2
502,1627,501,1,2
507,1627,508,2,1
508,1627,509,2,1
509,1627,510,2,1
510,1606,532,3,0
510,1627,488,0,3
511,1606,533,3,0
511,1627,489,0,3
512,1627,490,0,3
513,1627,491,0,3
514,1606,492,0,3
516,1606,494,0,3
518,1606,540,3,0
518,1627,517,1,2
519,1627,497,0,3
520,1627,498,0,3
521,1627,499,0,3
522,1627,521,1,2
523,1627,522,1,2
524,1627,523,1,2
529,1627,530,2,1
530,1627,531,2,1
531,1627,532,2,1
532,1627,510,0,3
533,1627,511,0,3
534,1627,512,0,3
535,1627,513,0,3
540,1627,539,1,2
541,1627,519,0,3
542,1627,520,0,3
543,1627,521,0,3
544,1627,543,1,2
545,1627,544,1,2
546,1627,545,1,2
551,1627,552,2,1
552,1627,553,2,1
553,1627,554,2,1
554,1627,532,0,3
555,1627,533,0,3
556,1627,534,0,3
557,1627,535,0,3
562,1627,561,1,2
563,1627,541,0,3
564,1627,542,0,3
565,1627,543,0,3
566,1627,565,1,2
567,1627,566,1,2
568,1627,567,1,2
573,1627,574,2,1
574,1627,575,2,1
575,1627,576,2,1
576,1627,554,0,3
577,1627,555,0,3
578,1627,556,0,3
579,1627,557,0,3
584,1627,583,1,2
585,1627,563,0,3
586,1627,564,0,3
587,1627,565,0,3
588,1627,587,1,2
589,1627,588,1,2
590,1627,589,1,2
595,1627,596,2,1
596,1604,618,3,0
596,1627,597,2,1
597,1604,575,0,3
597,1627,598,2,1
598,1627,576,0,3
599,1627,577,0,3
600,1627,578,0,3
601,1627,579,0,3
606,1627,605,1,2
607,1627,585,0,3
608,1627,586,0,3
609,1627,587,0,3
610,1627,609,1,2
611,1604,633,3,0
611,1627,610,1,2
612,1627,611,1,2
617,1627,618,2,1
618,1627,619,2,1
619,1627,620,2,1
620,1627,598,0,3
621,1627,599,0,3
621,1655,643,3,0
622,1627,600,0,3
623,1627,601,0,3
627,1655,605,0,3
628,1627,627,1,2
628,1655,650,3,0
629,1627,607,0,3
630,1627,608,0,3
631,1627,609,0,3
632,1627,631,1,2
633,1627,632,1,2
634,1627,633,1,2
639,1627,640,2,1
640,1627,641,2,1
641,1627,642,2,1
642,1627,620,0,3
643,1627,621,0,3
643,1653,665,3,0
644,1627,622,0,3
645,1627,623,0,3
650,1627,649,1,2
651,1627,629,0,3
652,1627,630,0,3
653,1627,631,0,3
654,1627,653,1,2
655,1627,654,1,2
656,1627,655,1,2
661,1627,662,2,1
662,1627,663,2,1
663,1627,664,2,1
664,1627,642,0,3
665,1627,643,0,3
666,1627,644,0,3
667,1627,645,0,3
672,1627,671,1,2
673,1627,651,0,3
674,1627,652,0,3
675,1627,653,0,3
676,1627,675,1,2
677,1627,676,1,2
678,1627,677,1,2
683,1627,684,2,1
684,1627,685,2,1
685,1627,686,2,1
686,1627,664,0,3
687,1627,665,0,3
687,1675,709,3,0
688,1627,666,0,3
689,1627,667,0,3
694,1627,693,1,2
694,1675,716,3,0
695,1627,673,0,3
696,1627,674,0,3
697,1627,675,0,3
698,1627,697,1,2
699,1627,698,1,2
699,1644,721,3,0
700,1627,699,1,2
705,1627,706,2,1
706,1627,707,2,1
707,1627,708,2,1
708,1627,686,0,3
709,1627,687,0,3
710,1627,688,0,3
711,1627,689,0,3
716,1627,715,1,2
717,1627,695,0,3
718,1627,696,0,3
719,1627,697,0,3
720,1627,719,1,2
721,1627,720,1,2
721,1667,743,3,0
722,1627,721,1,2
726,1589,704,0,2
727,1627,728,2,1
728,1589,750,3,0
728,1593,750,3,0
728,1627,729,2,1
729,1589,751,3,0
729,1593,751,3,0
729,1627,730,2,1
730,1627,708,0,3
731,1627,709,0,3
732,1627,710,0,3
733,1627,711,0,3
738,1627,737,1,2
739,1627,717,0,3
740,1627,718,0,3
741,1627,719,0,3
742,1627,741,1,2
743,1627,742,1,2
744,1589,766,3,0
744,1627,743,1,2
749,1627,750,2,1
750,1627,751,2,1
751,1627,752,2,1
752,1627,730,0,3
752,1636,730,0,3
752,1663,730,0,3
753,1627,731,0,3
754,1627,732,0,3
755,1627,733,0,3
755,1636,777,3,0
755,1663,777,3,0
760,1627,759,1,2
760,1636,782,3,0
761,1627,739,0,3
761,1636,739,0,3
761,1663,739,0,3
762,1627,740,0,3
762,1636,784,3,0
762,1663,784,3,0
763,1627,741,0,3
764,1627,763,1,2
765,1627,764,1,2
766,1627,765,1,2
771,1627,772,2,1
772,1627,773,2,1
773,1627,774,2,1
774,1598,752,0,3
774,1627,752,0,3
774,1633,752,0,3
775,1598,753,0,3
775,1627,753,0,3
775,1633,753,0,3
776,1627,754,0,3
777,1627,755,0,3
782,1627,781,1,2
783,1627,761,0,3
784,1627,762,0,3
785,1627,763,0,3
786,1627,785,1,2
787,1627,786,1,2
788,1627,787,1,2
793,1627,794,2,1
794,1627,795,2,1
795,1627,796,2,1
795,1641,817,3,0
796,1627,774,0,3
796,1641,774,0,3
797,1627,775,0,3
798,1627,776,0,3
799,1627,777,0,3
804,1627,803,1,2
805,1627,783,0,3
806,1627,784,0,3
807,1627,785,0,3
808,1627,807,1,2
809,1627,808,1,2
810,1627,809,1,2
810,1641,832,3,0
815,1627,816,2,1
816,1627,817,2,1
817,1627,818,2,1
818,1627,796,0,3
819,1627,797,0,3
820,1627,798,0,3
821,1627,799,0,3
826,1627,825,1,2
827,1627,805,0,3
828,1627,806,0,3
829,1627,807,0,3
830,1627,829,1,2
831,1627,830,1,2
832,1627,831,1,2
837,1627,838,2,1
838,1627,839,2,1
839,1627,840,2,1
840,1595,818,0,3
840,1614,818,0,3
840,1627,818,0,3
841,1627,819,0,3
842,1627,820,0,3
843,1595,821,0,3
843,1614,821,0,3
843,1627,821,0,3
844,1595,822,0,3
844,1614,822,0,3
848,1627,847,1,2
849,1627,827,0,3
850,1627,828,0,3
851,1627,829,0,3
852,1627,851,1,2
853,1627,852,1,2
854,1627,853,1,2
859,1627,860,2,1
860,1627,861,2,1
861,1627,862,2,1
862,1627,840,0,3
862,1642,840,0,3
863,1627,841,0,3
864,1627,842,0,3
864,1642,842,0,3
865,1627,843,0,3
866,1642,844,0,3
870,1627,869,1,2
870,1642,848,0,3
871,1627,849,0,3
872,1627,850,0,3
873,1627,851,0,3
874,1627,873,1,2
875,1627,874,1,2
876,1627,875,1,2
881,1627,882,2,1
882,1627,883,2,1
883,1627,884,2,1
884,1585,862,0,3
884,1632,862,0,3
884,1647,862,0,3
885,1585,863,0,3
885,1627,863,0,3
885,1632,863,0,3
885,1647,863,0,3
886,1585,864,0,3
886,1627,864,0,3
886,1632,864,0,3
886,1647,864,0,3
887,1627,865,0,3
888,1585,866,0,3
888,1632,866,0,3
888,1647,866,0,3
889,1632,867,0,3
889,1647,867,0,3
891,1632,913,3,0
891,1647,913,3,0
892,1585,870,0,3
892,1627,891,1,2
892,1632,870,0,3
892,1647,870,0,3
893,1627,871,0,3
894,1585,916,3,0
894,1627,872,0,3
894,1632,916,3,0
894,1647,916,3,0
896,1627,895,1,2
897,1627,896,1,2
898,1627,897,1,2
903,1627,904,2,1
904,1627,905,2,1
905,1616,927,3,0
905,1627,906,2,1
905,1681,927,3,0
906,1597,884,0,3
906,1610,884,0,3
906,1616,884,0,3
906,1622,884,0,3
906,1681,884,0,3
907,1597,885,0,3
907,1610,885,0,3
907,1622,885,0,3
907,1627,885,0,3
908,1597,886,0,3
908,1610,886,0,3
908,1622,886,0,3
908,1627,886,0,3
909,1627,887,0,3
911,1610,889,0,3
913,1610,935,3,0
914,1597,892,0,3
914,1610,892,0,3
914,1627,913,1,2
915,1627,893,0,3
916,1627,894,0,3
918,1627,917,1,2
919,1627,918,1,2
920,1627,919,1,2
921,1616,899,0,3
921,1681,899,0,3
922,1616,944,3,0
922,1681,944,3,0
923,1616,945,3,0
923,1681,945,3,0
925,1627,926,2,1
926,1627,927,2,1
927,1627,928,2,1
929,1619,907,0,3
929,1627,907,0,3
930,1619,908,0,3
930,1627,908,0,3
931,1627,909,0,3
935,1619,957,3,0
936,1619,914,0,3
936,1627,935,1,2
937,1627,915,0,3
938,1627,916,0,3
940,1627,939,1,2
941,1627,940,1,2
942,1627,941,1,2
947,1627,948,2,1
948,1627,949,2,1
949,1627,950,2,1
951,1627,929,0,3
951,1661,929,0,3
952,1627,930,0,3
952,1661,930,0,3
953,1627,931,0,3
958,1627,957,1,2
958,1661,936,0,3
959,1627,937,0,3
960,1627,938,0,3
962,1627,961,1,2
963,1627,962,1,2
964,1627,963,1,2
969,1627,970,2,1
970,1627,971,2,1
971,1627,972,2,1
973,1627,951,0,3
974,1627,952,0,3
975,1627,953,0,3
980,1627,979,1,2
981,1627,959,0,3
982,1627,960,0,3
984,1627,983,1,2
985,1627,984,1,2
986,1627,985,1,2
991,1627,992,2,1
992,1627,993,2,1
993,1627,994,2,1
994,1605,972,0,3
994,1657,972,0,3
994,1668,972,0,3
995,1627,973,0,3
995,1668,973,0,3
996,1627,974,0,3
996,1668,974,0,3
997,1627,975,0,3
997,1668,975,0,3
1002,1627,1001,1,2
1002,1668,980,0,3
1003,1627,981,0,3
1004,1627,982,0,3
1006,1627,1005,1,2
1007,1627,1006,1,2
1008,1627,1007,1,2
1013,1627,1014,2,1
1014,1627,1015,2,1
1015,1627,1016,2,1
1016,1601,994,0,3
1017,1601,995,0,3
1017,1627,995,0,3
1018,1601,996,0,3
1018,1627,996,0,3
1019,1627,997,0,3
1020,1601,1042,3,0
1024,1601,1002,0,3
1024,1627,1023,1,2
1025,1601,1047,3,0
1025,1627,1003,0,3
1026,1627,1004,0,3
1028,1627,1027,1,2
1029,1627,1028,1,2
1030,1627,1029,1,2
1035,1627,1036,2,1
1036,1627,1037,2,1
1037,1627,1038,2,1
1037,1638,1059,3,0
1038,1599,1016,0,3
1038,1625,1016,0,3
1038,1638,1016,0,3
1038,1639,1016,0,3
1039,1599,1017,0,3
1039,1625,1017,0,3
1039,1627,1017,0,3
1039,1639,1017,0,3
1040,1599,1018,0,3
1040,1625,1018,0,3
1040,1627,1018,0,3
1040,1639,1018,0,3
1041,1627,1019,0,3
1046,1627,1045,1,2
1047,1599,1069,3,0
1047,1625,1069,3,0
1047,1627,1025,0,3
1047,1639,1069,3,0
1048,1627,1026,0,3
1050,1627,1049,1,2
1051,1627,1050,1,2
1052,1627,1051,1,2
1057,1627,1058,2,1
1058,1627,1059,2,1
1059,1627,1060,2,1
1059,1674,1081,3,0
1060,1609,1038,0,3
1060,1629,1038,0,3
1060,1670,1038,0,3
1060,1674,1038,0,3
1060,1679,1038,0,3
1061,1609,1039,0,3
1061,1627,1039,0,3
1061,1629,1039,0,3
1061,1670,1039,0,3
1061,1679,1039,0,3
1062,1609,1040,0,3
1062,1627,1040,0,3
1062,1629,1040,0,3
1062,1670,1040,0,3
1062,1679,1040,0,3
1063,1627,1041,0,3
1064,1609,1086,3,0
1064,1629,1086,3,0
1064,1670,1086,3,0
1064,1679,1086,3,0
1068,1609,1046,0,3
1068,1627,1067,1,2
1068,1629,1046,0,3
1068,1670,1046,0,3
1068,1679,1046,0,3
1069,1627,1047,0,3
1070,1627,1048,0,3
1072,1627,1071,1,2
1073,1627,1072,1,2
1074,1627,1073,1,2
1075,1674,1053,0,3
1076,1674,1098,3,0
1079,1627,1080,2,1
1080,1627,1081,2,1
1081,1627,1082,2,1
1082,1624,1060,0,3
1083,1624,1061,0,3
1083,1627,1061,0,3
1084,1624,1062,0,3
1084,1627,1062,0,3
1085,1627,1063,0,3
1090,1627,1089,1,2
1091,1627,1069,0,3
1092,1627,1070,0,3
1094,1627,1093,1,2
1095,1627,1094,1,2
1096,1627,1095,1,2
1101,1627,1102,2,1
1102,1627,1103,2,1
1103,1627,1104,2,1
1104,1607,1082,0,3
1104,1627,1126,3,0
1104,1677,1082,0,3
1105,1607,1083,0,3
1105,1627,1127,3,0
1105,1677,1083,0,3
1106,1627,1128,3,0
1107,1627,1129,3,0
1112,1627,1111,1,2
1113,1627,1135,3,0
1114,1627,1136,3,0
1115,1627,1137,3,0
1116,1627,1115,1,2
1117,1627,1116,1,2
1118,1627,1117,1,2
1123,1627,1124,2,1
1124,1627,1125,2,1
1125,1627,1126,2,1
1126,1627,1148,3,0
1126,1643,1104,0,3
1127,1627,1149,3,0
1128,1627,1150,3,0
1129,1627,1151,3,0
1134,1627,1133,1,2
1135,1627,1157,3,0
1136,1627,1158,3,0
1137,1627,1159,3,0
1138,1627,1137,1,2
1139,1627,1138,1,2
1140,1627,1139,1,2
1145,1627,1146,2,1
1146,1627,1147,2,1
1147,1627,1148,2,1
1148,1602,1126,0,3
1148,1615,1126,0,3
1148,1627,1170,3,0
1149,1615,1127,0,3
1149,1627,1171,3,0
1150,1615,1128,0,3
1150,1627,1172,3,0
1151,1627,1173,3,0
1156,1627,1155,1,2
1157,1627,1179,3,0
1158,1627,1180,3,0
1159,1627,1181,3,0
1160,1627,1159,1,2
1161,1602,1139,0,3
1161,1627,1160,1,2
1162,1627,1161,1,2
1167,1627,1168,2,1
1168,1627,1169,2,1
1169,1627,1170,2,1
1170,1591,1148,0,3
1170,1627,1192,3,0
1170,1637,1148,0,3
1171,1591,1149,0,3
1171,1627,1193,3,0
1171,1637,1149,0,3
1172,1627,1194,3,0
1173,1627,1195,3,0
1178,1627,1177,1,2
1179,1627,1201,3,0
1180,1627,1202,3,0
1181,1591,1203,3,0
1181,1627,1203,3,0
1181,1637,1203,3,0
1182,1627,1181,1,2
1183,1627,1182,1,2
1184,1627,1183,1,2
1189,1627,1190,2,1
1190,1627,1191,2,1
1191,1627,1192,2,1
1192,1617,1170,0,3
1192,1627,1214,3,0
1193,1617,1171,0,3
1193,1627,1215,3,0
1194,1627,1216,3,0
1195,1627,1217,3,0
1200,1627,1199,1,2
1201,1627,1223,3,0
1202,1627,1224,3,0
1203,1617,1225,3,0
1203,1627,1225,3,0
1204,1627,1203,1,2
1205,1627,1204,1,2
1206,1627,1205,1,2
1211,1627,1212,2,1
1212,1627,1213,2,1
1213,1627,1214,2,1
1213,1659,1235,3,0
1214,1627,1236,3,0
1214,1659,1192,0,3
1215,1627,1237,3,0
1216,1627,1238,3,0
1217,1627,1239,3,0
1222,1627,1221,1,2
1223,1627,1245,3,0
1224,1627,1246,3,0
1225,1627,1247,3,0
1225,1659,1247,3,0
1226,1627,1225,1,2
1227,1627,1226,1,2
1227,1659,1205,0,3
1228,1627,1227,1,2
1229,1659,1207,0,3
1230,1659,1208,0,3
1233,1627,1234,2,1
1234,1627,1235,2,1
1235,1627,1236,2,1
1236,1627,1258,3,0
1236,1652,1214,0,3
1237,1627,1259,3,0
1237,1652,1215,0,3
1238,1627,1260,3,0
1239,1627,1261,3,0
1244,1627,1243,1,2
1245,1627,1267,3,0
1246,1627,1268,3,0
1247,1627,1269,3,0
1247,1652,1269,3,0
1248,1627,1247,1,2
1249,1627,1248,1,2
1250,1627,1249,1,2
1255,1627,1256,2,1
1256,1627,1257,2,1
1257,1592,1279,3,0
1257,1627,1258,2,1
1257,1662,1279,3,0
1258,1592,1236,0,3
1258,1627,1280,3,0
1258,1662,1236,0,3
1259,1627,1281,3,0
1260,1627,1282,3,0
1261,1627,1283,3,0
1266,1627,1265,1,2
1267,1627,1289,3,0
1268,1627,1290,3,0
1269,1592,1291,3,0
1269,1627,1291,3,0
1269,1662,1291,3,0
1270,1627,1269,1,2
1271,1592,1249,0,3
1271,1627,1270,1,2
1271,1662,1249,0,3
1272,1627,1271,1,2
1277,1627,1278,2,1
1278,1627,1279,2,1
1279,1627,1280,2,1
1280,1627,1302,3,0
1281,1627,1303,3,0
1282,1627,1304,3,0
1283,1627,1305,3,0
1288,1627,1287,1,2
1289,1627,1311,3,0
1290,1627,1312,3,0
1291,1627,1313,3,0
1292,1627,1291,1,2
1293,1627,1292,1,2
1294,1627,1293,1,2
1299,1627,1300,2,1
1299,1650,1321,3,0
1300,1627,1301,2,1
1301,1627,1302,2,1
1301,1650,1323,3,0
1302,1627,1324,3,0
1302,1650,1280,0,3
1303,1627,1325,3,0
1304,1627,1326,3,0
1305,1627,1327,3,0
1310,1627,1309,1,2
1311,1627,1333,3,0
1312,1627,1334,3,0
1313,1627,1335,3,0
1314,1627,1313,1,2
1315,1627,1314,1,2
1315,1650,1293,0,3
1316,1627,1315,1,2
1318,1650,1296,0,3
1321,1627,1322,2,1
1322,1627,1323,2,1
1323,1623,1345,3,0
1323,1627,1324,2,1
1324,1623,1302,0,3
1324,1627,1346,3,0
1325,1627,1347,3,0
1326,1627,1348,3,0
1327,1627,1349,3,0
1332,1627,1331,1,2
1333,1627,1355,3,0
1334,1627,1356,3,0
1335,1627,1357,3,0
1336,1627,1335,1,2
1337,1623,1315,0,3
1337,1627,1336,1,2
1338,1627,1337,1,2
1343,1627,1344,2,1
1344,1627,1345,2,1
1345,1627,1346,2,1
1346,1627,1368,3,0
1347,1627,1369,3,0
1348,1627,1370,3,0
1349,1627,1371,3,0
1354,1627,1353,1,2
1355,1627,1377,3,0
1356,1627,1378,3,0
1357,1627,1379,3,0
1358,1627,1357,1,2
1359,1627,1358,1,2
1360,1627,1359,1,2
1365,1627,1366,2,1
1366,1627,1367,2,1
1367,1627,1368,2,1
1368,1627,1390,3,0
1369,1627,1391,3,0
1370,1627,1392,3,0
1371,1627,1393,3,0
1376,1627,1375,1,2
1377,1627,1399,3,0
1378,1627,1400,3,0
1379,1627,1401,3,0
1380,1627,1379,1,2
1381,1627,1380,1,2
1382,1627,1381,1,2
1387,1627,1388,2,1
1388,1627,1389,2,1
1389,1627,1390,2,1
1390,1627,1412,3,0
1391,1627,1413,3,0
1392,1627,1414,3,0
1393,1627,1415,3,0
1398,1627,1397,1,2
1399,1627,1421,3,0
1400,1627,1422,3,0
1401,1627,1423,3,0
1402,1627,1401,1,2
1403,1627,1402,1,2
1404,1627,1403,1,2
1409,1627,1410,2,1
1410,1627,1411,2,1
1411,1627,1412,2,1
1412,1627,1434,3,0
1413,1627,1435,3,0
1414,1627,1436,3,0
1415,1627,1437,3,0
1420,1627,1419,1,2
1421,1627,1443,3,0
1422,1627,1444,3,0
1423,1627,1445,3,0
1424,1627,1423,1,2
1425,1627,1424,1,2
1425,1680,1403,0,3
1426,1627,1425,1,2
1428,1680,1406,0,3
1431,1627,1432,2,1
1432,1627,1433,2,1
1433,1627,1434,2,1
1434,1627,1456,3,0
1435,1627,1457,3,0
1436,1627,1458,3,0
1437,1627,1459,3,0
1442,1627,1441,1,2
1443,1627,1465,3,0
1444,1627,1466,3,0
1445,1627,1467,3,0
1446,1627,1445,1,2
1447,1627,1446,1,2
1447,1656,1425,0,3
1447,1664,1425,0,3
1448,1627,1447,1,2
1453,1627,1454,2,1
1454,1627,1455,2,1
1455,1627,1456,2,1
1456,1627,1478,3,0
1457,1627,1479,3,0
1458,1627,1480,3,0
1459,1627,1481,3,0
1464,1627,1463,1,2
1465,1627,1487,3,0
1466,1627,1488,3,0
1467,1627,1489,3,0
1468,1627,1467,1,2
1469,1618,1447,0,3
1469,1627,1468,1,2
1469,1628,1447,0,3
1470,1627,1469,1,2
1474,1588,1496,2,0
1474,1645,1496,2,0
1475,1627,1476,2,1
1476,1627,1477,2,1
1477,1627,1478,2,1
1478,1627,1500,3,0
1479,1627,1501,3,0
1480,1627,1502,3,0
1481,1627,1503,3,0
1486,1627,1485,1,2
1487,1627,1509,3,0
1488,1627,1510,3,0
1489,1627,1511,3,0
1490,1627,1489,1,2
1491,1588,1469,0,3
1491,1627,1490,1,2
1491,1645,1469,0,3
1492,1627,1491,1,2
1497,1627,1498,2,1
1498,1627,1499,2,1
1499,1627,1500,2,1
1500,1627,1522,3,0
1501,1627,1523,3,0
1502,1627,1524,3,0
1503,1627,1525,3,0
1508,1627,1507,1,2
1509,1627,1531,3,0
1510,1627,1532,3,0
1511,1627,1533,3,0
1512,1627,1511,1,2
1513,1627,1512,1,2
1514,1627,1513,1,2
1518,1620,1540,2,0
1519,1627,1520,2,1
1520,1620,1498,0,3
1520,1627,1521,2,1
1521,1620,1499,0,3
1521,1627,1522,2,1
1522,1627,1544,3,0
1523,1627,1545,3,0
1524,1627,1546,3,0
1525,1627,1547,3,0
1530,1627,1529,1,2
1531,1627,1553,3,0
1532,1627,1554,3,0
1533,1627,1555,3,0
1534,1627,1533,1,2
1535,1627,1534,1,2
1536,1620,1514,0,3
1536,1627,1535,1,2
1540,1612,1562,2,0
1541,1627,1542,2,1
1542,1627,1543,2,1
1543,1627,1544,2,1
1544,1594,1566,3,0
1544,1612,1566,3,0
1544,1627,1566,3,0
1544,1666,1566,3,0
1545,1627,1567,3,0
1546,1627,1568,3,0
1547,1627,1569,3,0
1552,1627,1551,1,2
1553,1627,1575,3,0
1554,1627,1576,3,0
1555,1627,1577,3,0
1556,1627,1555,1,2
1557,1627,1556,1,2
1558,1594,1536,0,3
1558,1612,1536,0,3
1558,1627,1557,1,2
1558,1666,1536,0,3
1563,1627,1564,2,1
1564,1627,1565,2,1
1565,1627,1566,2,1
1566,1590,4,3,3
1566,1627,4,3,3
1567,1627,5,3,3
1568,1627,6,3,3
1569,1627,7,3,3
1574,1627,1573,1,2
1575,1627,13,3,3
1576,1627,14,3,3
1577,1627,15,3,3
1578,1627,1577,1,2
1579,1627,1578,1,2
1580,1627,1579,1,2
1627,1584,293,0,47
1627,1585,293,0,47
1627,1586,293,0,47
1627,1587,293,0,47
1627,1588,293,0,47
1627,1589,293,0,47
1627,1590,293,0,47
1627,1591,293,0,47
1627,1592,293,0,47
1627,1593,293,0,47
1627,1594,293,0,47
1627,1595,293,0,47
1627,1596,293,0,47
1627,1597,293,0,47
1627,1598,293,0,47
1627,1599,293,0,47
1627,1600,293,0,47
1627,1601,293,0,47
1627,1602,293,0,47
1627,1603,293,0,47
1627,1604,293,0,47
1627,1605,293,0,47
1627,1606,293,0,47
1627,1607,293,0,47
1627,1608,293,0,47
1627,1609,293,0,47
1627,1610,293,0,47
1627,1611,293,0,47
1627,1612,293,0,47
1627,1613,293,0,47
1627,1614,293,0,47
1627,1615,293,0,47
1627,1616,293,0,47
1627,1617,293,0,47
1627,1618,293,0,47
1627,1619,293,0,47
1627,1620,293,0,47
1627,1621,293,0,47
1627,1622,293,0,47
1627,1623,293,0,47
1627,1624,293,0,47
1627,1625,293,0,47
1627,1626,293,0,47
1627,1628,293,0,47
1627,1629,293,0,47
1627,1630,293,0,47
1627,1631,293,0,47
1627,1632,293,0,47
1627,1633,293,0,47
1627,1634,293,0,47
1627,1635,293,0,47
1627,1636,293,0,47
1627,1637,293,0,47
1627,1638,293,0,47
1627,1639,293,0,47
1627,1640,293,0,47
1627,1641,293,0,47
1627,1642,293,0,47
1627,1643,293,0,47
1627,1644,293,0,47
1627,1645,293,0,47
1627,1646,293,0,47
1627,1647,293,0,47
1627,1648,293,0,47
1627,1649,293,0,47
1627,1650,293,0,47
1627,1651,293,0,47
1627,1652,293,0,47
1627,1653,293,0,47
1627,1654,293,0,47
1627,1655,293,0,47
1627,1656,293,0,47
1627,1657,293,0,47
1627,1658,293,0,47
1627,1659,293,0,47
1627,1660,293,0,47
1627,1661,293,0,47
1627,1662,293,0,47
1627,1663,293,0,47
1627,1664,293,0,47
1627,1665,293,0,47
1627,1666,293,0,47
1627,1667,293,0,47
1627,1668,293,0,47
1627,1669,293,0,47
1627,1670,293,0,47
1627,1671,293,0,47
1627,1672,293,0,47
1627,1673,293,0,47
1627,1674,293,0,47
1627,1675,293,0,47
1627,1676,293,0,47
1627,1677,293,0,47
1627,1678,293,0,47
1627,1679,293,0,47
1627,1680,293,0,47
1627,1681,293,0,47
1627,1682,293,0,47
1627,1683,293,0,47
