1,1599,1563,3,3
1,1625,1563,3,3
1,1661,1563,3,3
17,1599,1579,3,3
17,1625,1579,3,3
17,1661,1579,3,3
18,1661,40,2,0
23,1607,1,0,2
23,1677,1,0,2
39,1607,17,0,2
39,1677,17,0,2
45,1624,23,0,3
45,1671,23,0,3
49,1604,27,0,3
50,1604,28,0,3
51,1604,73,3,0
61,1624,39,0,3
61,1671,39,0,3
67,1615,45,0,3
67,1619,45,0,3
67,1626,45,0,3
67,1670,45,0,3
67,1679,45,0,3
69,1615,91,3,0
69,1619,91,3,0
69,1626,91,3,0
69,1670,91,3,0
69,1679,91,3,0
83,1615,61,0,3
83,1619,61,0,3
83,1626,61,0,3
83,1670,61,0,3
83,1679,61,0,3
84,1619,106,3,0
84,1626,106,3,0
84,1670,106,3,0
84,1679,106,3,0
85,1619,107,3,0
87,1619,65,0,3
91,1609,113,3,0
91,1629,113,3,0
93,1589,71,0,3
94,1589,72,0,3
99,1589,121,3,0
105,1609,83,0,3
105,1629,83,0,3
106,1609,128,3,0
106,1629,128,3,0
111,1617,89,0,3
111,1632,89,0,3
111,1647,89,0,3
112,1617,134,3,0
112,1632,134,3,0
112,1647,134,3,0
113,1617,135,3,0
113,1632,135,3,0
113,1647,135,3,0
116,1667,94,0,3
117,1667,139,3,0
127,1617,105,0,3
127,1632,105,0,3
127,1647,105,0,3
128,1632,150,3,0
128,1647,150,3,0
133,1591,111,0,3
133,1610,111,0,3
138,1616,116,0,3
138,1644,116,0,3
138,1681,116,0,3
139,1616,161,3,0
139,1644,161,3,0
139,1681,161,3,0
140,1616,162,3,0
140,1681,162,3,0
143,1616,165,3,0
143,1681,165,3,0
149,1591,127,0,3
149,1610,127,0,3
155,1601,133,0,3
160,1602,138,0,3
161,1602,183,3,0
171,1601,149,0,3
182,1643,160,0,3
183,1643,205,3,0
187,1643,209,3,0
204,1641,182,0,3
204,1674,182,0,3
205,1641,227,3,0
205,1674,227,3,0
209,1674,231,3,0
312,1593,334,3,0
312,1648,334,3,0
313,1593,335,3,0
313,1648,335,3,0
442,1668,464,3,0
443,1668,465,3,0
444,1659,466,3,0
444,1668,466,3,0
445,1659,467,3,0
447,1659,469,3,0
448,1659,470,3,0
450,1659,472,3,0
457,1668,479,3,0
458,1668,480,3,0
466,1618,488,3,0
467,1618,489,3,0
469,1618,491,3,0
488,1650,510,3,0
489,1650,511,3,0
491,1650,513,3,0
492,1650,514,3,0
494,1650,516,3,0
598,1680,620,3,0
599,1680,621,3,0
601,1680,623,3,0
602,1680,624,3,0
604,1680,626,3,0
606,1680,584,0,3
609,1680,587,0,3
618,1676,640,3,0
619,1676,641,3,0
620,1638,642,3,0
620,1676,642,3,0
621,1638,643,3,0
631,1638,609,0,3
631,1676,609,0,3
633,1676,655,3,0
663,1621,685,3,0
664,1621,686,3,0
675,1621,653,0,3
684,1678,706,3,0
685,1678,707,3,0
686,1678,708,3,0
697,1678,675,0,3
705,1646,727,3,0
705,1660,727,3,0
706,1640,728,3,0
706,1646,728,3,0
706,1658,728,3,0
706,1660,728,3,0
707,1640,729,3,0
707,1646,729,3,0
707,1658,729,3,0
707,1660,729,3,0
708,1592,730,3,0
708,1640,730,3,0
708,1646,730,3,0
708,1658,730,3,0
708,1660,730,3,0
708,1662,730,3,0
708,1675,730,3,0
709,1592,731,3,0
709,1662,731,3,0
709,1675,731,3,0
711,1592,733,3,0
711,1662,733,3,0
711,1675,733,3,0
712,1675,734,3,0
717,1592,695,0,3
717,1662,695,0,3
717,1675,695,0,3
719,1592,697,0,3
719,1640,697,0,3
719,1646,697,0,3
719,1658,697,0,3
719,1660,697,0,3
719,1662,697,0,3
719,1675,697,0,3
720,1640,742,3,0
720,1646,742,3,0
720,1658,742,3,0
720,1660,742,3,0
721,1646,743,3,0
721,1660,743,3,0
722,1660,700,0,3
749,1654,771,3,0
764,1654,786,3,0
764,1672,786,3,0
765,1654,787,3,0
819,1612,841,3,0
819,1623,841,3,0
820,1612,842,3,0
820,1623,842,3,0
821,1612,843,3,0
841,1588,863,3,0
841,1645,863,3,0
842,1588,864,3,0
842,1645,864,3,0
843,1588,821,0,3
843,1645,821,0,3
863,1628,885,3,0
864,1628,886,3,0
865,1628,843,0,3
885,1620,907,3,0
886,1620,908,3,0
891,1620,869,0,3
905,1611,883,0,3
908,1664,930,3,0
930,1666,952,3,0
931,1666,909,0,3
932,1666,910,0,3
935,1666,913,0,3
947,1613,969,3,0
952,1594,974,3,0
952,1630,974,3,0
952,1673,974,3,0
953,1594,931,0,3
953,1630,931,0,3
954,1630,932,0,3
963,1613,985,3,0
971,1608,949,0,3
996,1683,1018,3,0
997,1683,975,0,3
1016,1605,994,0,3
1038,1603,1016,0,3
1038,1631,1016,0,3
1041,1603,1019,0,3
1041,1631,1019,0,3
1057,1634,1079,3,0
1058,1634,1036,0,3
1058,1653,1036,0,3
1059,1634,1037,0,3
1059,1653,1037,0,3
1060,1634,1038,0,3
1060,1653,1038,0,3
1074,1634,1052,0,3
1082,1639,1060,0,3
1083,1639,1061,0,3
1100,1682,1122,2,0
1102,1596,1080,0,3
1102,1682,1080,0,3
1103,1596,1081,0,3
1103,1682,1081,0,3
1104,1586,1082,0,3
1104,1596,1082,0,3
1104,1627,1082,0,3
1104,1635,1082,0,3
1104,1651,1082,0,3
1104,1682,1082,0,3
1105,1586,1083,0,3
1105,1627,1083,0,3
1105,1635,1083,0,3
1105,1651,1083,0,3
1107,1586,1085,0,3
1107,1627,1085,0,3
1107,1635,1085,0,3
1107,1651,1085,0,3
1117,1596,1095,0,3
1117,1682,1095,0,3
1118,1596,1096,0,3
1118,1682,1096,0,3
1124,1587,1102,0,3
1125,1587,1103,0,3
1126,1587,1104,0,3
1126,1665,1104,0,3
1126,1669,1104,0,3
1127,1665,1105,0,3
1127,1669,1105,0,3
1139,1587,1117,0,3
1140,1587,1118,0,3
1148,1590,1126,0,3
1148,1649,1126,0,3
1149,1590,1127,0,3
1149,1649,1127,0,3
1151,1649,1129,0,3
1190,1598,1168,0,3
1190,1663,1168,0,3
1191,1598,1169,0,3
1191,1663,1169,0,3
1192,1598,1170,0,3
1192,1663,1170,0,3
1214,1584,1192,0,3
1215,1584,1193,0,3
1232,1600,1254,2,0
1234,1600,1212,0,3
1235,1600,1213,0,3
1236,1600,1214,0,3
1249,1600,1227,0,3
1250,1600,1228,0,3
1322,1606,1300,0,3
1322,1633,1300,0,3
1323,1606,1301,0,3
1323,1633,1301,0,3
1324,1606,1302,0,3
1324,1633,1302,0,3
1335,1606,1357,3,0
1335,1633,1357,3,0
1337,1606,1315,0,3
1337,1633,1315,0,3
1338,1606,1316,0,3
1344,1636,1322,0,3
1344,1655,1322,0,3
1345,1636,1323,0,3
1345,1655,1323,0,3
1346,1636,1324,0,3
1346,1655,1324,0,3
1357,1636,1379,3,0
1357,1655,1379,3,0
1359,1636,1337,0,3
1359,1655,1337,0,3
1360,1636,1338,0,3
1360,1655,1338,0,3
1432,1595,1410,0,3
1433,1595,1411,0,3
1434,1595,1412,0,3
1445,1595,1467,3,0
1447,1595,1425,0,3
1448,1595,1426,0,3
1455,1585,1433,0,3
1455,1622,1433,0,3
1455,1656,1433,0,3
1456,1585,1434,0,3
1456,1622,1434,0,3
1456,1656,1434,0,3
1467,1585,1489,3,0
1467,1622,1489,3,0
1467,1656,1489,3,0
1469,1585,1447,0,3
1469,1622,1447,0,3
1469,1656,1447,0,3
1473,1656,1495,3,0
1497,1642,1475,0,3
1498,1642,1476,0,3
1499,1642,1477,0,3
1500,1642,1478,0,3
1511,1642,1533,3,0
1512,1642,1490,0,3
1513,1642,1491,0,3
1514,1642,1536,3,0
1518,1597,1540,2,0
1521,1597,1499,0,3
1522,1597,1500,0,3
1533,1597,1555,3,0
1534,1597,1512,0,3
1535,1597,1513,0,3
1562,1614,0,2,3
1563,1614,1541,0,3
1579,1614,1557,0,3
1580,1614,18,3,3
1581,1614,19,3,3
