1,1625,23,2,0
1,1633,23,2,0
2,1625,24,2,0
2,1633,24,2,0
3,1625,25,2,0
3,1633,25,2,0
3,1683,25,2,0
4,1633,26,2,0
4,1683,1566,3,3
5,1625,4,0,1
5,1633,4,0,1
6,1625,5,0,1
6,1633,5,0,1
7,1625,6,0,1
7,1633,6,0,1
12,1625,13,1,0
12,1633,13,1,0
13,1625,14,1,0
13,1633,14,1,0
14,1625,15,1,0
14,1633,15,1,0
15,1633,37,2,0
15,1683,1577,3,3
16,1625,38,2,0
16,1633,38,2,0
16,1683,38,2,0
17,1625,39,2,0
17,1633,39,2,0
18,1625,40,2,0
18,1633,40,2,0
18,1683,40,2,0
23,1625,45,3,0
23,1633,45,3,0
24,1625,46,3,0
24,1633,46,3,0
24,1639,46,3,0
25,1625,47,3,0
25,1633,47,3,0
25,1639,47,3,0
26,1633,48,3,0
26,1634,4,0,2
26,1639,4,0,2
27,1625,26,1,2
27,1633,26,1,2
27,1634,49,3,0
28,1625,27,1,2
28,1633,27,1,2
29,1625,28,1,2
29,1633,28,1,2
34,1625,35,2,1
34,1633,35,2,1
34,1634,56,3,0
35,1625,36,2,1
35,1633,36,2,1
35,1634,13,0,2
36,1625,37,2,1
36,1633,37,2,1
37,1633,59,3,0
37,1634,15,0,2
37,1639,15,0,2
38,1625,60,3,0
38,1633,60,3,0
38,1639,60,3,0
39,1625,61,3,0
39,1633,61,3,0
40,1625,62,3,0
40,1633,62,3,0
40,1639,62,3,0
45,1625,67,3,0
45,1633,67,3,0
46,1625,68,3,0
46,1633,68,3,0
47,1625,69,3,0
47,1633,69,3,0
48,1603,26,0,3
48,1613,26,0,3
48,1619,26,0,3
48,1626,26,0,3
48,1631,26,0,3
48,1633,70,3,0
48,1665,26,0,3
48,1669,26,0,3
49,1613,71,3,0
49,1625,48,1,2
49,1633,48,1,2
50,1613,28,0,3
50,1625,49,1,2
50,1633,49,1,2
51,1625,50,1,2
51,1633,50,1,2
55,1613,77,3,0
56,1613,78,3,0
56,1625,57,2,1
56,1633,57,2,1
57,1613,35,0,3
57,1625,58,2,1
57,1633,58,2,1
58,1625,59,2,1
58,1633,59,2,1
59,1603,37,0,3
59,1613,37,0,3
59,1619,37,0,3
59,1626,37,0,3
59,1631,37,0,3
59,1633,81,3,0
59,1665,37,0,3
59,1669,37,0,3
60,1603,82,3,0
60,1619,82,3,0
60,1625,82,3,0
60,1626,82,3,0
60,1631,82,3,0
60,1633,82,3,0
60,1665,82,3,0
60,1669,82,3,0
61,1625,83,3,0
61,1633,83,3,0
62,1603,84,3,0
62,1619,84,3,0
62,1625,84,3,0
62,1626,84,3,0
62,1631,84,3,0
62,1633,84,3,0
63,1619,85,3,0
67,1625,89,3,0
67,1633,89,3,0
68,1625,90,3,0
68,1633,90,3,0
69,1625,91,3,0
69,1633,91,3,0
70,1633,92,3,0
71,1596,93,3,0
71,1625,70,1,2
71,1633,70,1,2
71,1660,93,3,0
71,1676,93,3,0
72,1596,50,0,3
72,1625,71,1,2
72,1633,71,1,2
72,1660,50,0,3
72,1676,50,0,3
73,1625,72,1,2
73,1633,72,1,2
78,1625,79,2,1
78,1633,79,2,1
79,1596,57,0,3
79,1625,80,2,1
79,1633,80,2,1
79,1660,57,0,3
79,1676,57,0,3
80,1596,58,0,3
80,1625,81,2,1
80,1633,81,2,1
80,1660,58,0,3
80,1676,58,0,3
81,1586,59,0,3
81,1596,59,0,3
81,1633,103,3,0
81,1635,59,0,3
81,1651,59,0,3
81,1660,59,0,3
81,1676,59,0,3
82,1586,104,3,0
82,1625,104,3,0
82,1633,104,3,0
82,1635,104,3,0
82,1651,104,3,0
83,1586,105,3,0
83,1625,105,3,0
83,1633,105,3,0
83,1635,105,3,0
83,1651,105,3,0
84,1586,106,3,0
84,1625,106,3,0
84,1633,106,3,0
84,1635,106,3,0
84,1651,106,3,0
89,1625,111,3,0
89,1633,111,3,0
90,1625,112,3,0
90,1633,112,3,0
91,1625,113,3,0
91,1633,113,3,0
92,1633,114,3,0
93,1625,92,1,2
93,1633,92,1,2
94,1625,93,1,2
94,1633,93,1,2
95,1625,94,1,2
95,1633,94,1,2
100,1625,101,2,1
100,1633,101,2,1
101,1625,102,2,1
101,1633,102,2,1
102,1625,103,2,1
102,1633,103,2,1
103,1633,125,3,0
103,1647,81,0,3
104,1625,126,3,0
104,1633,126,3,0
104,1647,126,3,0
105,1625,127,3,0
105,1633,127,3,0
105,1647,127,3,0
106,1625,128,3,0
106,1633,128,3,0
106,1647,128,3,0
107,1647,129,3,0
109,1647,131,3,0
111,1625,133,3,0
111,1633,133,3,0
112,1625,134,3,0
112,1633,134,3,0
113,1625,135,3,0
113,1633,135,3,0
114,1633,136,3,0
115,1625,114,1,2
115,1633,114,1,2
116,1625,115,1,2
116,1633,115,1,2
117,1625,116,1,2
117,1633,116,1,2
122,1625,123,2,1
122,1633,123,2,1
123,1625,124,2,1
123,1633,124,2,1
124,1625,125,2,1
124,1633,125,2,1
125,1633,147,3,0
125,1649,103,0,3
126,1625,148,3,0
126,1633,148,3,0
126,1649,148,3,0
127,1625,149,3,0
127,1633,149,3,0
127,1649,149,3,0
128,1625,150,3,0
128,1633,150,3,0
128,1649,150,3,0
132,1601,154,2,0
133,1625,155,3,0
133,1633,155,3,0
134,1625,156,3,0
134,1633,156,3,0
135,1584,157,3,0
135,1601,157,3,0
135,1625,157,3,0
135,1633,157,3,0
136,1633,158,3,0
137,1587,159,3,0
137,1625,136,1,2
137,1633,136,1,2
138,1625,137,1,2
138,1633,137,1,2
139,1587,117,0,3
139,1625,138,1,2
139,1633,138,1,2
144,1625,145,2,1
144,1633,145,2,1
145,1587,123,0,3
145,1625,146,2,1
145,1633,146,2,1
146,1587,124,0,3
146,1625,147,2,1
146,1633,147,2,1
147,1584,125,0,3
147,1587,125,0,3
147,1601,125,0,3
147,1633,169,3,0
148,1584,170,3,0
148,1601,170,3,0
148,1625,170,3,0
148,1633,170,3,0
149,1584,171,3,0
149,1601,171,3,0
149,1625,171,3,0
149,1633,171,3,0
150,1601,172,3,0
150,1625,172,3,0
150,1633,172,3,0
151,1601,173,3,0
154,1610,176,2,0
155,1625,177,3,0
155,1633,177,3,0
156,1625,178,3,0
156,1633,178,3,0
157,1610,179,3,0
157,1625,179,3,0
157,1633,179,3,0
158,1633,180,3,0
159,1616,181,3,0
159,1625,158,1,2
159,1633,158,1,2
159,1646,181,3,0
160,1625,159,1,2
160,1633,159,1,2
161,1616,139,0,3
161,1625,160,1,2
161,1633,160,1,2
161,1646,139,0,3
165,1616,187,3,0
166,1625,167,2,1
166,1633,167,2,1
167,1616,145,0,3
167,1625,168,2,1
167,1633,168,2,1
167,1646,145,0,3
168,1625,169,2,1
168,1633,169,2,1
169,1610,147,0,3
169,1616,147,0,3
169,1633,191,3,0
169,1646,147,0,3
170,1610,192,3,0
170,1625,192,3,0
170,1633,192,3,0
171,1625,193,3,0
171,1633,193,3,0
172,1625,194,3,0
172,1633,194,3,0
173,1610,195,3,0
177,1625,199,3,0
177,1633,199,3,0
178,1625,200,3,0
178,1633,200,3,0
179,1625,201,3,0
179,1633,201,3,0
180,1633,202,3,0
181,1625,180,1,2
181,1633,180,1,2
182,1625,181,1,2
182,1633,181,1,2
183,1625,182,1,2
183,1633,182,1,2
183,1674,161,0,3
184,1674,206,3,0
187,1674,209,3,0
188,1625,189,2,1
188,1633,189,2,1
189,1625,190,2,1
189,1633,190,2,1
189,1674,167,0,3
190,1625,191,2,1
190,1633,191,2,1
191,1633,213,3,0
191,1674,169,0,3
192,1625,214,3,0
192,1633,214,3,0
193,1625,215,3,0
193,1633,215,3,0
194,1625,216,3,0
194,1633,216,3,0
199,1625,221,3,0
199,1633,221,3,0
200,1625,222,3,0
200,1633,222,3,0
201,1625,223,3,0
201,1633,223,3,0
202,1633,224,3,0
202,1654,180,0,3
203,1625,202,1,2
203,1633,202,1,2
204,1625,203,1,2
204,1633,203,1,2
205,1625,204,1,2
205,1633,204,1,2
205,1654,183,0,3
210,1625,211,2,1
210,1633,211,2,1
211,1625,212,2,1
211,1633,212,2,1
211,1654,189,0,3
212,1625,213,2,1
212,1633,213,2,1
213,1633,235,3,0
214,1625,236,3,0
214,1633,236,3,0
215,1625,237,3,0
215,1633,237,3,0
216,1625,238,3,0
216,1633,238,3,0
221,1625,243,3,0
221,1633,243,3,0
222,1625,244,3,0
222,1633,244,3,0
223,1625,245,3,0
223,1633,245,3,0
224,1633,246,3,0
225,1625,224,1,2
225,1633,224,1,2
226,1625,225,1,2
226,1633,225,1,2
227,1625,226,1,2
227,1633,226,1,2
232,1625,233,2,1
232,1633,233,2,1
233,1625,234,2,1
233,1633,234,2,1
234,1625,235,2,1
234,1633,235,2,1
235,1633,257,3,0
236,1625,258,3,0
236,1633,258,3,0
237,1625,259,3,0
237,1633,259,3,0
238,1625,260,3,0
238,1633,260,3,0
243,1625,265,3,0
243,1633,265,3,0
244,1625,266,3,0
244,1633,266,3,0
245,1625,267,3,0
245,1633,267,3,0
246,1621,224,0,3
246,1625,268,3,0
246,1633,268,3,0
247,1625,246,1,2
247,1633,246,1,2
248,1625,247,1,2
248,1633,247,1,2
249,1625,248,1,2
249,1633,248,1,2
254,1625,255,2,1
254,1633,255,2,1
255,1625,256,2,1
255,1633,256,2,1
256,1625,257,2,1
256,1633,257,2,1
257,1625,279,3,0
257,1633,279,3,0
258,1625,280,3,0
258,1633,280,3,0
259,1625,281,3,0
259,1633,281,3,0
260,1625,282,3,0
260,1633,282,3,0
265,1625,287,3,0
265,1633,287,3,0
266,1625,288,3,0
266,1633,288,3,0
267,1625,289,3,0
267,1633,289,3,0
268,1625,290,3,0
268,1633,290,3,0
269,1625,268,1,2
269,1633,268,1,2
270,1625,269,1,2
270,1633,269,1,2
271,1625,270,1,2
271,1633,270,1,2
276,1625,277,2,1
276,1633,277,2,1
277,1625,278,2,1
277,1633,278,2,1
278,1625,279,2,1
278,1633,279,2,1
279,1625,301,3,0
279,1633,301,3,0
280,1625,302,3,0
280,1633,302,3,0
281,1625,303,3,0
281,1633,303,3,0
282,1625,304,3,0
282,1633,304,3,0
287,1625,309,3,0
287,1633,309,3,0
288,1625,310,3,0
288,1633,310,3,0
289,1625,311,3,0
289,1633,311,3,0
290,1625,312,3,0
290,1633,312,3,0
291,1625,290,1,2
291,1633,290,1,2
292,1625,291,1,2
292,1633,291,1,2
293,1625,292,1,2
293,1633,292,1,2
298,1625,299,2,1
298,1633,299,2,1
299,1625,300,2,1
299,1633,300,2,1
300,1625,301,2,1
300,1633,301,2,1
301,1625,323,3,0
301,1633,323,3,0
302,1625,324,3,0
302,1633,324,3,0
303,1625,325,3,0
303,1633,325,3,0
304,1625,326,3,0
304,1633,326,3,0
309,1625,331,3,0
309,1633,331,3,0
310,1625,332,3,0
310,1633,332,3,0
311,1625,333,3,0
311,1633,333,3,0
312,1625,334,3,0
312,1633,334,3,0
313,1625,312,1,2
313,1633,312,1,2
314,1625,313,1,2
314,1633,313,1,2
315,1625,314,1,2
315,1633,314,1,2
320,1625,321,2,1
320,1633,321,2,1
321,1625,322,2,1
321,1633,322,2,1
322,1625,323,2,1
322,1633,323,2,1
323,1625,345,3,0
323,1633,345,3,0
324,1625,346,3,0
324,1633,346,3,0
325,1625,347,3,0
325,1633,347,3,0
326,1625,348,3,0
326,1633,348,3,0
331,1625,353,3,0
331,1633,353,3,0
332,1625,354,3,0
332,1633,354,3,0
333,1625,355,3,0
333,1633,355,3,0
334,1625,356,3,0
334,1633,356,3,0
335,1625,334,1,2
335,1633,334,1,2
336,1625,335,1,2
336,1633,335,1,2
337,1625,336,1,2
337,1633,336,1,2
342,1625,343,2,1
342,1633,343,2,1
343,1625,344,2,1
343,1633,344,2,1
344,1625,345,2,1
344,1633,345,2,1
345,1625,367,3,0
345,1633,367,3,0
346,1625,368,3,0
346,1633,368,3,0
347,1625,369,3,0
347,1633,369,3,0
348,1625,370,3,0
348,1633,370,3,0
353,1625,375,3,0
353,1633,375,3,0
354,1625,376,3,0
354,1633,376,3,0
355,1625,377,3,0
355,1633,377,3,0
356,1625,378,3,0
356,1633,378,3,0
357,1625,356,1,2
357,1633,356,1,2
358,1625,357,1,2
358,1633,357,1,2
358,1678,380,3,0
359,1625,358,1,2
359,1633,358,1,2
364,1625,365,2,1
364,1633,365,2,1
365,1625,366,2,1
365,1633,366,2,1
366,1625,367,2,1
366,1633,367,2,1
367,1625,389,3,0
367,1633,389,3,0
368,1625,390,3,0
368,1633,390,3,0
369,1625,391,3,0
369,1633,391,3,0
370,1625,392,3,0
370,1633,392,3,0
375,1625,397,3,0
375,1633,397,3,0
376,1625,398,3,0
376,1633,398,3,0
377,1625,399,3,0
377,1633,399,3,0
378,1625,400,3,0
378,1633,400,3,0
379,1625,378,1,2
379,1633,378,1,2
380,1625,379,1,2
380,1633,379,1,2
381,1625,380,1,2
381,1633,380,1,2
386,1625,387,2,1
386,1633,387,2,1
387,1625,388,2,1
387,1633,388,2,1
388,1625,389,2,1
388,1633,389,2,1
389,1625,411,3,0
389,1633,411,3,0
390,1625,412,3,0
390,1633,412,3,0
391,1625,413,3,0
391,1633,413,3,0
392,1625,414,3,0
392,1633,414,3,0
397,1625,419,3,0
397,1633,419,3,0
398,1625,420,3,0
398,1633,420,3,0
399,1625,421,3,0
399,1633,421,3,0
400,1625,422,3,0
400,1633,422,3,0
401,1625,400,1,2
401,1633,400,1,2
402,1625,401,1,2
402,1633,401,1,2
403,1625,402,1,2
403,1633,402,1,2
408,1625,409,2,1
408,1633,409,2,1
409,1625,410,2,1
409,1633,410,2,1
410,1625,411,2,1
410,1633,411,2,1
411,1625,433,3,0
411,1633,433,3,0
412,1625,434,3,0
412,1633,434,3,0
413,1625,435,3,0
413,1633,435,3,0
414,1625,436,3,0
414,1633,436,3,0
419,1625,441,3,0
419,1633,441,3,0
420,1625,442,3,0
420,1633,442,3,0
421,1625,443,3,0
421,1633,443,3,0
422,1625,444,3,0
422,1633,444,3,0
423,1625,422,1,2
423,1633,422,1,2
424,1625,423,1,2
424,1633,423,1,2
425,1625,424,1,2
425,1633,424,1,2
430,1625,431,2,1
430,1633,431,2,1
431,1625,432,2,1
431,1633,432,2,1
432,1625,433,2,1
432,1633,433,2,1
433,1625,455,3,0
433,1633,455,3,0
434,1625,456,3,0
434,1633,456,3,0
435,1625,457,3,0
435,1633,457,3,0
436,1625,458,3,0
436,1633,458,3,0
441,1625,463,3,0
441,1633,463,3,0
442,1625,464,3,0
442,1633,464,3,0
443,1625,465,3,0
443,1633,465,3,0
444,1625,466,3,0
444,1633,466,3,0
445,1625,444,1,2
445,1633,444,1,2
446,1625,445,1,2
446,1633,445,1,2
447,1625,446,1,2
447,1633,446,1,2
452,1625,453,2,1
452,1633,453,2,1
453,1625,454,2,1
453,1633,454,2,1
454,1625,455,2,1
454,1633,455,2,1
455,1625,477,3,0
455,1633,477,3,0
456,1625,478,3,0
456,1633,478,3,0
457,1625,479,3,0
457,1633,479,3,0
458,1625,480,3,0
458,1633,480,3,0
463,1625,485,3,0
463,1633,485,3,0
464,1625,486,3,0
464,1633,486,3,0
465,1625,487,3,0
465,1633,487,3,0
466,1600,488,3,0
466,1625,488,3,0
466,1633,488,3,0
466,1650,488,3,0
467,1625,466,1,2
467,1633,466,1,2
468,1600,490,3,0
468,1625,467,1,2
468,1633,467,1,2
468,1650,490,3,0
469,1600,447,0,3
469,1625,468,1,2
469,1633,468,1,2
469,1650,447,0,3
473,1600,495,3,0
473,1650,495,3,0
474,1625,475,2,1
474,1633,475,2,1
475,1625,476,2,1
475,1633,476,2,1
476,1600,454,0,3
476,1625,477,2,1
476,1633,477,2,1
476,1650,454,0,3
477,1625,499,3,0
477,1633,499,3,0
478,1625,500,3,0
478,1633,500,3,0
479,1625,501,3,0
479,1633,501,3,0
480,1625,502,3,0
480,1633,502,3,0
485,1625,507,3,0
485,1633,507,3,0
486,1625,508,3,0
486,1633,508,3,0
487,1625,509,3,0
487,1633,509,3,0
488,1625,510,3,0
488,1633,510,3,0
489,1625,488,1,2
489,1633,488,1,2
490,1625,489,1,2
490,1633,489,1,2
491,1625,490,1,2
491,1633,490,1,2
496,1625,497,2,1
496,1633,497,2,1
497,1625,498,2,1
497,1633,498,2,1
498,1625,499,2,1
498,1633,499,2,1
499,1625,521,3,0
499,1633,521,3,0
500,1625,522,3,0
500,1633,522,3,0
501,1625,523,3,0
501,1633,523,3,0
502,1625,524,3,0
502,1633,524,3,0
507,1625,529,3,0
507,1633,1633,53,0
508,1625,530,3,0
508,1633,507,1,2
509,1625,531,3,0
509,1633,508,1,2
510,1625,532,3,0
510,1633,509,1,2
511,1625,510,1,2
511,1633,510,1,2
512,1625,511,1,2
512,1633,511,1,2
513,1625,512,1,2
513,1633,512,1,2
518,1625,519,2,1
518,1633,519,2,1
519,1625,520,2,1
519,1633,520,2,1
520,1625,521,2,1
520,1633,521,2,1
521,1625,543,3,0
521,1633,522,2,1
522,1625,544,3,0
522,1633,523,2,1
523,1625,545,3,0
523,1633,524,2,1
524,1625,546,3,0
524,1633,525,2,1
529,1625,551,3,0
529,1633,507,0,3
530,1625,552,3,0
530,1633,508,0,3
531,1625,553,3,0
531,1633,509,0,3
532,1625,554,3,0
533,1625,532,1,2
533,1633,532,1,2
534,1625,533,1,2
534,1633,533,1,2
535,1625,534,1,2
535,1633,534,1,2
540,1625,541,2,1
540,1633,541,2,1
541,1625,542,2,1
541,1633,542,2,1
542,1625,543,2,1
542,1633,543,2,1
543,1625,565,3,0
544,1625,566,3,0
544,1633,522,0,3
545,1625,567,3,0
545,1633,523,0,3
546,1625,568,3,0
546,1633,524,0,3
551,1625,573,3,0
551,1633,529,0,3
552,1625,574,3,0
552,1633,530,0,3
553,1625,575,3,0
553,1633,531,0,3
554,1625,576,3,0
555,1625,554,1,2
555,1633,554,1,2
556,1625,555,1,2
556,1633,555,1,2
557,1625,556,1,2
557,1633,556,1,2
562,1625,563,2,1
562,1633,563,2,1
563,1625,564,2,1
563,1633,564,2,1
564,1625,565,2,1
564,1633,565,2,1
565,1625,587,3,0
566,1625,588,3,0
566,1633,544,0,3
567,1625,589,3,0
567,1633,545,0,3
568,1625,590,3,0
568,1633,546,0,3
573,1625,595,3,0
573,1633,551,0,3
574,1625,596,3,0
574,1633,552,0,3
575,1625,597,3,0
575,1633,553,0,3
576,1625,598,3,0
577,1625,576,1,2
577,1633,576,1,2
578,1625,577,1,2
578,1633,577,1,2
579,1625,578,1,2
579,1633,578,1,2
584,1625,585,2,1
584,1633,585,2,1
585,1625,586,2,1
585,1633,586,2,1
586,1625,587,2,1
586,1633,587,2,1
587,1625,609,3,0
588,1625,610,3,0
588,1633,566,0,3
589,1625,611,3,0
589,1633,567,0,3
590,1625,612,3,0
590,1633,568,0,3
595,1625,617,3,0
595,1633,573,0,3
596,1625,618,3,0
596,1633,574,0,3
597,1604,575,0,3
597,1625,619,3,0
597,1633,575,0,3
598,1625,620,3,0
599,1625,598,1,2
599,1633,598,1,2
600,1625,599,1,2
600,1633,599,1,2
600,1656,622,3,0
601,1625,600,1,2
601,1633,600,1,2
605,1656,627,3,0
606,1625,607,2,1
606,1633,607,2,1
607,1625,608,2,1
607,1633,608,2,1
608,1625,609,2,1
608,1633,609,2,1
609,1625,631,3,0
610,1625,632,3,0
610,1633,588,0,3
611,1604,633,3,0
611,1625,633,3,0
611,1633,589,0,3
612,1604,590,0,3
612,1625,634,3,0
612,1633,590,0,3
617,1625,639,3,0
617,1633,595,0,3
618,1625,640,3,0
618,1633,596,0,3
619,1625,641,3,0
619,1633,597,0,3
620,1625,642,3,0
621,1625,620,1,2
621,1633,620,1,2
621,1680,599,0,3
622,1625,621,1,2
622,1633,621,1,2
622,1680,644,3,0
623,1625,622,1,2
623,1633,622,1,2
625,1680,603,0,3
627,1680,649,3,0
628,1625,629,2,1
628,1633,629,2,1
629,1625,630,2,1
629,1633,630,2,1
630,1625,631,2,1
630,1633,631,2,1
630,1680,608,0,3
631,1625,653,3,0
632,1625,654,3,0
632,1633,610,0,3
633,1625,655,3,0
633,1633,611,0,3
634,1625,656,3,0
634,1633,612,0,3
639,1625,661,3,0
639,1633,617,0,3
640,1625,662,3,0
640,1633,618,0,3
641,1625,663,3,0
641,1633,619,0,3
642,1625,664,3,0
643,1625,642,1,2
643,1633,642,1,2
643,1653,621,0,3
644,1625,643,1,2
644,1633,643,1,2
644,1653,666,3,0
645,1625,644,1,2
645,1633,644,1,2
650,1625,651,2,1
650,1633,651,2,1
651,1625,652,2,1
651,1633,652,2,1
652,1625,653,2,1
652,1633,653,2,1
652,1653,630,0,3
653,1625,675,3,0
654,1625,676,3,0
654,1633,632,0,3
655,1625,677,3,0
655,1633,633,0,3
656,1625,678,3,0
656,1633,634,0,3
661,1625,683,3,0
661,1633,639,0,3
662,1625,684,3,0
662,1633,640,0,3
663,1625,685,3,0
663,1633,641,0,3
664,1625,686,3,0
665,1625,664,1,2
665,1633,664,1,2
666,1625,665,1,2
666,1633,665,1,2
667,1625,666,1,2
667,1633,666,1,2
672,1625,673,2,1
672,1633,673,2,1
673,1625,674,2,1
673,1633,674,2,1
674,1625,675,2,1
674,1633,675,2,1
675,1625,697,3,0
676,1625,698,3,0
676,1633,654,0,3
677,1625,699,3,0
677,1633,655,0,3
678,1625,700,3,0
678,1633,656,0,3
683,1625,705,3,0
683,1633,661,0,3
683,1644,661,0,3
684,1625,706,3,0
684,1633,662,0,3
685,1625,707,3,0
685,1633,663,0,3
685,1644,663,0,3
686,1625,708,3,0
687,1625,686,1,2
687,1633,686,1,2
688,1625,687,1,2
688,1633,687,1,2
689,1625,688,1,2
689,1633,688,1,2
694,1625,695,2,1
694,1633,695,2,1
695,1625,696,2,1
695,1633,696,2,1
696,1625,697,2,1
696,1633,697,2,1
697,1625,719,3,0
698,1625,720,3,0
698,1633,676,0,3
699,1625,721,3,0
699,1633,677,0,3
699,1644,721,3,0
700,1625,722,3,0
700,1633,678,0,3
700,1644,678,0,3
705,1625,727,3,0
705,1633,683,0,3
705,1667,683,0,3
706,1625,728,3,0
706,1633,684,0,3
707,1625,729,3,0
707,1633,685,0,3
707,1667,685,0,3
708,1625,730,3,0
709,1625,708,1,2
709,1633,708,1,2
710,1625,709,1,2
710,1633,709,1,2
711,1625,710,1,2
711,1633,710,1,2
716,1625,717,2,1
716,1633,717,2,1
717,1625,718,2,1
717,1633,718,2,1
718,1625,719,2,1
718,1633,719,2,1
719,1625,741,3,0
720,1625,742,3,0
720,1633,698,0,3
721,1625,743,3,0
721,1633,699,0,3
721,1667,743,3,0
722,1625,744,3,0
722,1633,700,0,3
722,1667,700,0,3
727,1589,705,0,3
727,1625,749,3,0
727,1633,705,0,3
728,1589,750,3,0
728,1593,750,3,0
728,1625,750,3,0
728,1633,706,0,3
728,1672,750,3,0
729,1589,707,0,3
729,1593,707,0,3
729,1625,751,3,0
729,1633,707,0,3
729,1672,707,0,3
730,1589,752,3,0
730,1593,752,3,0
730,1608,752,3,0
730,1611,752,3,0
730,1625,752,3,0
730,1672,752,3,0
731,1625,730,1,2
731,1633,730,1,2
732,1625,731,1,2
732,1633,731,1,2
733,1625,732,1,2
733,1633,732,1,2
738,1625,739,2,1
738,1633,739,2,1
739,1625,740,2,1
739,1633,740,2,1
740,1625,741,2,1
740,1633,741,2,1
741,1625,763,3,0
742,1625,764,3,0
742,1633,720,0,3
743,1625,765,3,0
743,1633,721,0,3
744,1589,722,0,3
744,1625,766,3,0
744,1633,722,0,3
749,1625,771,3,0
749,1633,727,0,3
750,1625,772,3,0
750,1633,728,0,3
750,1648,772,3,0
750,1658,772,3,0
751,1625,773,3,0
751,1633,729,0,3
751,1648,729,0,3
751,1658,729,0,3
752,1625,774,3,0
752,1636,774,3,0
752,1648,774,3,0
752,1658,774,3,0
753,1625,752,1,2
753,1633,752,1,2
754,1625,753,1,2
754,1633,753,1,2
755,1625,754,1,2
755,1633,754,1,2
756,1636,778,3,0
760,1625,761,2,1
760,1633,761,2,1
760,1636,738,0,3
761,1625,762,2,1
761,1633,762,2,1
761,1636,783,3,0
762,1625,763,2,1
762,1633,763,2,1
762,1636,740,0,3
763,1625,785,3,0
764,1625,786,3,0
764,1633,742,0,3
765,1625,787,3,0
765,1633,743,0,3
766,1625,788,3,0
766,1633,744,0,3
771,1625,1625,45,0
771,1633,749,0,3
772,1625,771,1,2
772,1633,750,0,3
773,1625,772,1,2
773,1633,751,0,3
774,1625,773,1,2
774,1663,796,3,0
775,1625,774,1,2
775,1633,774,1,2
776,1625,775,1,2
776,1633,775,1,2
776,1663,798,3,0
777,1625,776,1,2
777,1633,776,1,2
782,1625,783,2,1
782,1633,783,2,1
783,1625,784,2,1
783,1633,784,2,1
784,1625,785,2,1
784,1633,785,2,1
785,1625,786,2,1
785,1663,807,3,0
786,1625,787,2,1
786,1633,764,0,3
787,1625,788,2,1
787,1633,765,0,3
788,1625,789,2,1
788,1633,766,0,3
793,1625,771,0,3
793,1633,771,0,3
794,1625,772,0,3
794,1633,772,0,3
795,1625,773,0,3
795,1633,773,0,3
795,1641,773,0,3
796,1633,774,0,3
796,1641,818,3,0
797,1625,796,1,2
797,1633,796,1,2
798,1625,797,1,2
798,1633,797,1,2
799,1625,798,1,2
799,1633,798,1,2
804,1625,805,2,1
804,1633,805,2,1
805,1625,806,2,1
805,1633,806,2,1
806,1625,807,2,1
806,1633,807,2,1
807,1633,785,0,3
807,1641,829,3,0
808,1625,786,0,3
808,1633,786,0,3
808,1641,786,0,3
809,1625,787,0,3
809,1633,787,0,3
810,1625,788,0,3
810,1633,788,0,3
810,1641,788,0,3
815,1625,793,0,3
815,1633,793,0,3
816,1625,794,0,3
816,1633,794,0,3
817,1625,795,0,3
817,1633,795,0,3
818,1633,796,0,3
819,1625,818,1,2
819,1633,818,1,2
820,1625,819,1,2
820,1633,819,1,2
821,1625,820,1,2
821,1633,820,1,2
826,1625,827,2,1
826,1633,827,2,1
827,1625,828,2,1
827,1633,828,2,1
828,1625,829,2,1
828,1633,829,2,1
829,1633,807,0,3
830,1625,808,0,3
830,1633,808,0,3
831,1625,809,0,3
831,1633,809,0,3
832,1625,810,0,3
832,1633,810,0,3
837,1625,815,0,3
837,1633,815,0,3
838,1625,816,0,3
838,1633,816,0,3
839,1625,817,0,3
839,1633,817,0,3
840,1595,862,3,0
840,1614,862,3,0
840,1633,818,0,3
841,1595,819,0,3
841,1614,819,0,3
841,1625,840,1,2
841,1633,840,1,2
842,1595,864,3,0
842,1614,864,3,0
842,1625,841,1,2
842,1633,841,1,2
843,1625,842,1,2
843,1633,842,1,2
847,1614,825,0,3
848,1595,826,0,3
848,1614,826,0,3
848,1625,849,2,1
848,1633,849,2,1
849,1595,871,3,0
849,1614,871,3,0
849,1625,850,2,1
849,1633,850,2,1
850,1625,851,2,1
850,1633,851,2,1
851,1595,873,3,0
851,1614,873,3,0
851,1633,829,0,3
852,1625,830,0,3
852,1633,830,0,3
853,1625,831,0,3
853,1633,831,0,3
854,1625,832,0,3
854,1633,832,0,3
859,1625,837,0,3
859,1633,837,0,3
860,1625,838,0,3
860,1633,838,0,3
861,1625,839,0,3
861,1633,839,0,3
862,1633,840,0,3
863,1620,841,0,3
863,1625,862,1,2
863,1633,862,1,2
864,1620,886,3,0
864,1625,863,1,2
864,1633,863,1,2
865,1625,864,1,2
865,1633,864,1,2
870,1625,871,2,1
870,1633,871,2,1
871,1620,893,3,0
871,1625,872,2,1
871,1633,872,2,1
872,1620,894,3,0
872,1625,873,2,1
872,1633,873,2,1
873,1620,895,3,0
873,1633,851,0,3
874,1625,852,0,3
874,1633,852,0,3
875,1625,853,0,3
875,1633,853,0,3
876,1625,854,0,3
876,1633,854,0,3
881,1625,859,0,3
881,1633,859,0,3
882,1625,860,0,3
882,1633,860,0,3
883,1625,861,0,3
883,1633,861,0,3
884,1633,862,0,3
885,1625,884,1,2
885,1633,884,1,2
886,1625,885,1,2
886,1633,885,1,2
887,1625,886,1,2
887,1633,886,1,2
892,1625,893,2,1
892,1633,893,2,1
893,1625,894,2,1
893,1633,894,2,1
894,1625,895,2,1
894,1633,895,2,1
895,1633,873,0,3
896,1625,874,0,3
896,1633,874,0,3
897,1625,875,0,3
897,1633,875,0,3
898,1625,876,0,3
898,1633,876,0,3
903,1625,881,0,3
903,1633,881,0,3
904,1625,882,0,3
904,1633,882,0,3
905,1625,883,0,3
905,1633,883,0,3
906,1633,884,0,3
907,1585,885,0,3
907,1622,885,0,3
907,1625,906,1,2
907,1632,885,0,3
907,1633,906,1,2
908,1625,907,1,2
908,1633,907,1,2
909,1585,931,3,0
909,1622,931,3,0
909,1625,908,1,2
909,1632,931,3,0
909,1633,908,1,2
911,1632,933,3,0
913,1632,891,0,3
914,1625,915,2,1
914,1633,915,2,1
915,1585,937,3,0
915,1622,937,3,0
915,1625,916,2,1
915,1632,937,3,0
915,1633,916,2,1
916,1585,938,3,0
916,1622,938,3,0
916,1625,917,2,1
916,1632,938,3,0
916,1633,917,2,1
917,1585,939,3,0
917,1622,939,3,0
917,1632,939,3,0
917,1633,895,0,3
917,1681,939,3,0
918,1625,896,0,3
918,1633,896,0,3
918,1681,896,0,3
919,1625,897,0,3
919,1633,897,0,3
919,1681,897,0,3
920,1625,898,0,3
920,1633,898,0,3
920,1681,898,0,3
921,1681,899,0,3
923,1681,901,0,3
925,1625,903,0,3
925,1633,903,0,3
926,1625,904,0,3
926,1633,904,0,3
927,1625,905,0,3
927,1633,905,0,3
928,1633,906,0,3
929,1597,907,0,3
929,1625,928,1,2
929,1633,928,1,2
929,1673,907,0,3
930,1625,929,1,2
930,1633,929,1,2
931,1597,953,3,0
931,1625,930,1,2
931,1633,930,1,2
936,1625,937,2,1
936,1633,937,2,1
937,1597,959,3,0
937,1625,938,2,1
937,1633,938,2,1
937,1673,959,3,0
938,1597,960,3,0
938,1625,939,2,1
938,1633,939,2,1
938,1673,960,3,0
939,1597,961,3,0
939,1633,917,0,3
939,1673,961,3,0
940,1625,918,0,3
940,1633,918,0,3
941,1625,919,0,3
941,1633,919,0,3
942,1625,920,0,3
942,1633,920,0,3
947,1625,925,0,3
947,1633,925,0,3
948,1625,926,0,3
948,1633,926,0,3
949,1625,927,0,3
949,1633,927,0,3
950,1633,928,0,3
951,1625,950,1,2
951,1633,950,1,2
951,1661,929,0,3
952,1625,951,1,2
952,1633,951,1,2
953,1625,952,1,2
953,1633,952,1,2
953,1661,975,3,0
958,1625,959,2,1
958,1633,959,2,1
959,1625,960,2,1
959,1633,960,2,1
959,1661,981,3,0
960,1625,961,2,1
960,1633,961,2,1
961,1633,939,0,3
961,1661,983,3,0
962,1625,940,0,3
962,1633,940,0,3
963,1625,941,0,3
963,1633,941,0,3
964,1625,942,0,3
964,1633,942,0,3
969,1625,947,0,3
969,1633,947,0,3
970,1625,948,0,3
970,1633,948,0,3
971,1625,949,0,3
971,1633,949,0,3
972,1633,950,0,3
973,1625,972,1,2
973,1633,972,1,2
974,1625,973,1,2
974,1633,973,1,2
975,1625,974,1,2
975,1630,997,3,0
975,1633,974,1,2
976,1630,954,0,3
979,1630,957,0,3
980,1625,981,2,1
980,1633,981,2,1
981,1625,982,2,1
981,1630,1003,3,0
981,1633,982,2,1
982,1625,983,2,1
982,1633,983,2,1
983,1630,1005,3,0
983,1633,961,0,3
984,1625,962,0,3
984,1633,962,0,3
985,1625,963,0,3
985,1633,963,0,3
986,1625,964,0,3
986,1633,964,0,3
991,1625,969,0,3
991,1633,969,0,3
992,1625,970,0,3
992,1633,970,0,3
993,1625,971,0,3
993,1633,971,0,3
994,1605,1016,3,0
994,1633,972,0,3
994,1657,1016,3,0
994,1668,1016,3,0
995,1625,994,1,2
995,1633,994,1,2
996,1625,995,1,2
996,1633,995,1,2
997,1625,996,1,2
997,1633,996,1,2
997,1668,1019,3,0
1002,1625,1003,2,1
1002,1633,1003,2,1
1003,1625,1004,2,1
1003,1633,1004,2,1
1003,1668,1025,3,0
1004,1625,1005,2,1
1004,1633,1005,2,1
1005,1633,983,0,3
1006,1625,984,0,3
1006,1633,984,0,3
1007,1625,985,0,3
1007,1633,985,0,3
1008,1625,986,0,3
1008,1633,986,0,3
1013,1625,991,0,3
1013,1633,991,0,3
1014,1625,992,0,3
1014,1633,992,0,3
1015,1625,993,0,3
1015,1633,993,0,3
1016,1633,994,0,3
1017,1625,1016,1,2
1017,1633,1016,1,2
1018,1625,1017,1,2
1018,1633,1017,1,2
1019,1625,1018,1,2
1019,1633,1018,1,2
1024,1625,1025,2,1
1024,1633,1025,2,1
1025,1625,1026,2,1
1025,1633,1026,2,1
1026,1625,1027,2,1
1026,1633,1027,2,1
1027,1633,1005,0,3
1028,1625,1006,0,3
1028,1633,1006,0,3
1029,1625,1007,0,3
1029,1633,1007,0,3
1030,1625,1008,0,3
1030,1633,1008,0,3
1035,1625,1013,0,3
1035,1633,1013,0,3
1036,1625,1014,0,3
1036,1633,1014,0,3
1037,1625,1015,0,3
1037,1633,1015,0,3
1037,1638,1015,0,3
1038,1599,1060,3,0
1038,1633,1016,0,3
1038,1638,1060,3,0
1039,1625,1038,1,2
1039,1633,1038,1,2
1040,1625,1039,1,2
1040,1633,1039,1,2
1041,1599,1063,3,0
1041,1625,1040,1,2
1041,1633,1040,1,2
1046,1625,1047,2,1
1046,1633,1047,2,1
1047,1599,1069,3,0
1047,1625,1048,2,1
1047,1633,1048,2,1
1048,1625,1049,2,1
1048,1633,1049,2,1
1049,1633,1027,0,3
1050,1625,1028,0,3
1050,1633,1028,0,3
1050,1638,1028,0,3
1051,1625,1029,0,3
1051,1633,1029,0,3
1052,1625,1030,0,3
1052,1633,1030,0,3
1057,1625,1035,0,3
1057,1633,1035,0,3
1058,1625,1036,0,3
1058,1633,1036,0,3
1059,1625,1037,0,3
1059,1633,1037,0,3
1060,1609,1082,3,0
1060,1625,1038,0,3
1060,1629,1082,3,0
1060,1633,1038,0,3
1060,1670,1082,3,0
1060,1679,1082,3,0
1061,1625,1060,1,2
1061,1633,1060,1,2
1062,1625,1061,1,2
1062,1633,1061,1,2
1063,1609,1085,3,0
1063,1625,1062,1,2
1063,1629,1085,3,0
1063,1633,1062,1,2
1063,1670,1085,3,0
1063,1679,1085,3,0
1068,1625,1069,2,1
1068,1633,1069,2,1
1069,1609,1091,3,0
1069,1625,1070,2,1
1069,1629,1091,3,0
1069,1633,1070,2,1
1069,1670,1091,3,0
1069,1679,1091,3,0
1070,1625,1071,2,1
1070,1633,1071,2,1
1071,1625,1049,0,3
1071,1633,1049,0,3
1072,1625,1050,0,3
1072,1633,1050,0,3
1073,1625,1051,0,3
1073,1633,1051,0,3
1074,1625,1052,0,3
1074,1633,1052,0,3
1079,1625,1057,0,3
1079,1633,1057,0,3
1080,1625,1058,0,3
1080,1633,1058,0,3
1081,1625,1059,0,3
1081,1633,1059,0,3
1081,1682,1059,0,3
1082,1625,1060,0,3
1082,1633,1060,0,3
1083,1625,1082,1,2
1083,1633,1082,1,2
1084,1625,1083,1,2
1084,1633,1083,1,2
1085,1624,1107,3,0
1085,1625,1084,1,2
1085,1627,1107,3,0
1085,1633,1084,1,2
1090,1625,1091,2,1
1090,1633,1091,2,1
1091,1624,1113,3,0
1091,1625,1092,2,1
1091,1627,1113,3,0
1091,1633,1092,2,1
1092,1625,1093,2,1
1092,1633,1093,2,1
1093,1625,1071,0,3
1093,1633,1071,0,3
1094,1625,1072,0,3
1094,1633,1072,0,3
1094,1682,1072,0,3
1095,1625,1073,0,3
1095,1633,1073,0,3
1095,1682,1073,0,3
1096,1625,1074,0,3
1096,1633,1074,0,3
1096,1682,1118,3,0
1097,1682,1075,0,3
1101,1625,1079,0,3
1101,1633,1079,0,3
1102,1625,1080,0,3
1102,1633,1080,0,3
1103,1625,1081,0,3
1103,1633,1081,0,3
1104,1625,1082,0,3
1104,1633,1082,0,3
1105,1625,1104,1,2
1105,1633,1104,1,2
1106,1625,1105,1,2
1106,1633,1105,1,2
1107,1607,1129,3,0
1107,1625,1106,1,2
1107,1633,1106,1,2
1107,1671,1129,3,0
1107,1677,1129,3,0
1112,1625,1113,2,1
1112,1633,1113,2,1
1113,1625,1114,2,1
1113,1633,1114,2,1
1114,1625,1115,2,1
1114,1633,1115,2,1
1115,1625,1093,0,3
1115,1633,1093,0,3
1116,1625,1094,0,3
1116,1633,1094,0,3
1117,1625,1095,0,3
1117,1633,1095,0,3
1118,1625,1096,0,3
1118,1633,1096,0,3
1123,1625,1101,0,3
1123,1633,1101,0,3
1124,1625,1102,0,3
1124,1633,1102,0,3
1125,1625,1103,0,3
1125,1633,1103,0,3
1126,1625,1104,0,3
1126,1633,1104,0,3
1127,1625,1126,1,2
1127,1633,1126,1,2
1128,1625,1127,1,2
1128,1633,1127,1,2
1129,1625,1128,1,2
1129,1633,1128,1,2
1134,1625,1135,2,1
1134,1633,1135,2,1
1135,1625,1136,2,1
1135,1633,1136,2,1
1136,1625,1137,2,1
1136,1633,1137,2,1
1137,1625,1115,0,3
1137,1633,1115,0,3
1138,1625,1116,0,3
1138,1633,1116,0,3
1138,1643,1116,0,3
1139,1625,1117,0,3
1139,1633,1117,0,3
1139,1643,1117,0,3
1140,1625,1118,0,3
1140,1633,1118,0,3
1140,1643,1162,3,0
1141,1643,1119,0,3
1145,1625,1123,0,3
1145,1633,1123,0,3
1146,1625,1124,0,3
1146,1633,1124,0,3
1147,1625,1125,0,3
1147,1633,1125,0,3
1148,1625,1126,0,3
1148,1633,1126,0,3
1149,1625,1148,1,2
1149,1633,1148,1,2
1150,1615,1128,0,3
1150,1625,1149,1,2
1150,1633,1149,1,2
1151,1615,1173,3,0
1151,1625,1150,1,2
1151,1633,1150,1,2
1156,1625,1157,2,1
1156,1633,1157,2,1
1157,1625,1158,2,1
1157,1633,1158,2,1
1158,1625,1159,2,1
1158,1633,1159,2,1
1159,1625,1137,0,3
1159,1633,1137,0,3
1160,1602,1138,0,3
1160,1625,1138,0,3
1160,1633,1138,0,3
1161,1602,1139,0,3
1161,1625,1139,0,3
1161,1633,1139,0,3
1162,1602,1184,3,0
1162,1625,1140,0,3
1162,1633,1140,0,3
1163,1602,1141,0,3
1167,1625,1145,0,3
1167,1633,1145,0,3
1168,1625,1146,0,3
1168,1633,1146,0,3
1169,1625,1147,0,3
1169,1633,1147,0,3
1170,1625,1148,0,3
1170,1633,1148,0,3
1171,1625,1170,1,2
1171,1633,1170,1,2
1172,1625,1171,1,2
1172,1633,1171,1,2
1172,1637,1150,0,3
1173,1625,1172,1,2
1173,1633,1172,1,2
1178,1625,1179,2,1
1178,1633,1179,2,1
1179,1625,1180,2,1
1179,1633,1180,2,1
1180,1625,1181,2,1
1180,1633,1181,2,1
1181,1625,1159,0,3
1181,1633,1159,0,3
1182,1598,1160,0,3
1182,1625,1160,0,3
1182,1633,1160,0,3
1183,1598,1161,0,3
1183,1625,1161,0,3
1183,1633,1161,0,3
1184,1625,1162,0,3
1184,1633,1162,0,3
1189,1625,1167,0,3
1189,1633,1167,0,3
1190,1625,1168,0,3
1190,1633,1168,0,3
1191,1625,1169,0,3
1191,1633,1169,0,3
1192,1591,1170,0,3
1192,1617,1170,0,3
1192,1625,1170,0,3
1192,1633,1170,0,3
1193,1625,1192,1,2
1193,1633,1192,1,2
1194,1591,1172,0,3
1194,1617,1172,0,3
1194,1625,1193,1,2
1194,1633,1193,1,2
1195,1591,1217,3,0
1195,1617,1217,3,0
1195,1625,1194,1,2
1195,1633,1194,1,2
1200,1625,1201,2,1
1200,1633,1201,2,1
1201,1625,1202,2,1
1201,1633,1202,2,1
1202,1625,1203,2,1
1202,1633,1203,2,1
1203,1625,1181,0,3
1203,1633,1181,0,3
1204,1625,1182,0,3
1204,1633,1182,0,3
1205,1625,1183,0,3
1205,1633,1183,0,3
1206,1625,1184,0,3
1206,1633,1184,0,3
1210,1659,1188,0,2
1211,1625,1189,0,3
1211,1633,1189,0,3
1212,1625,1190,0,3
1212,1633,1190,0,3
1213,1625,1191,0,3
1213,1633,1191,0,3
1214,1625,1192,0,3
1214,1633,1192,0,3
1214,1659,1192,0,3
1215,1625,1214,1,2
1215,1633,1214,1,2
1216,1625,1215,1,2
1216,1633,1215,1,2
1217,1625,1216,1,2
1217,1633,1216,1,2
1222,1625,1223,2,1
1222,1633,1223,2,1
1223,1625,1224,2,1
1223,1633,1224,2,1
1224,1625,1225,2,1
1224,1633,1225,2,1
1225,1625,1203,0,3
1225,1633,1203,0,3
1226,1625,1204,0,3
1226,1633,1204,0,3
1227,1625,1205,0,3
1227,1633,1205,0,3
1227,1659,1205,0,3
1228,1625,1206,0,3
1228,1633,1206,0,3
1228,1659,1250,3,0
1230,1659,1208,0,3
1231,1659,1253,3,0
1233,1625,1211,0,3
1233,1633,1211,0,3
1234,1625,1212,0,3
1234,1633,1212,0,3
1235,1625,1213,0,3
1235,1633,1213,0,3
1236,1625,1214,0,3
1236,1633,1214,0,3
1236,1652,1214,0,3
1237,1625,1236,1,2
1237,1633,1236,1,2
1238,1625,1237,1,2
1238,1633,1237,1,2
1238,1652,1216,0,3
1239,1625,1238,1,2
1239,1633,1238,1,2
1244,1625,1245,2,1
1244,1633,1245,2,1
1245,1625,1246,2,1
1245,1633,1246,2,1
1246,1625,1247,2,1
1246,1633,1247,2,1
1247,1625,1225,0,3
1247,1633,1225,0,3
1247,1652,1269,3,0
1248,1625,1226,0,3
1248,1633,1226,0,3
1249,1625,1227,0,3
1249,1633,1227,0,3
1250,1625,1228,0,3
1250,1633,1228,0,3
1255,1625,1233,0,3
1255,1633,1233,0,3
1256,1625,1234,0,3
1256,1633,1234,0,3
1257,1625,1235,0,3
1257,1633,1235,0,3
1258,1592,1236,0,3
1258,1625,1236,0,3
1258,1633,1236,0,3
1258,1662,1236,0,3
1259,1625,1258,1,2
1259,1633,1258,1,2
1260,1625,1259,1,2
1260,1633,1259,1,2
1261,1625,1260,1,2
1261,1633,1260,1,2
1266,1625,1267,2,1
1266,1633,1267,2,1
1267,1625,1268,2,1
1267,1633,1268,2,1
1268,1625,1269,2,1
1268,1633,1269,2,1
1269,1625,1247,0,3
1269,1633,1247,0,3
1270,1625,1248,0,3
1270,1633,1248,0,3
1271,1592,1249,0,3
1271,1625,1249,0,3
1271,1633,1249,0,3
1271,1662,1249,0,3
1272,1592,1294,3,0
1272,1625,1250,0,3
1272,1633,1250,0,3
1272,1662,1294,3,0
1277,1625,1255,0,3
1277,1633,1255,0,3
1278,1625,1256,0,3
1278,1633,1256,0,3
1279,1625,1257,0,3
1279,1633,1257,0,3
1280,1625,1258,0,3
1280,1633,1258,0,3
1281,1625,1280,1,2
1281,1633,1280,1,2
1282,1625,1281,1,2
1282,1633,1281,1,2
1283,1625,1282,1,2
1283,1633,1282,1,2
1288,1625,1289,2,1
1288,1633,1289,2,1
1289,1625,1290,2,1
1289,1633,1290,2,1
1290,1625,1291,2,1
1290,1633,1291,2,1
1291,1625,1269,0,3
1291,1633,1269,0,3
1292,1625,1270,0,3
1292,1633,1270,0,3
1293,1625,1271,0,3
1293,1633,1271,0,3
1294,1625,1272,0,3
1294,1633,1272,0,3
1299,1625,1277,0,3
1299,1633,1277,0,3
1300,1625,1278,0,3
1300,1633,1278,0,3
1301,1625,1279,0,3
1301,1633,1279,0,3
1302,1625,1280,0,3
1302,1633,1280,0,3
1303,1625,1302,1,2
1303,1633,1302,1,2
1304,1625,1303,1,2
1304,1633,1303,1,2
1305,1625,1304,1,2
1305,1633,1304,1,2
1310,1625,1311,2,1
1310,1633,1311,2,1
1311,1625,1312,2,1
1311,1633,1312,2,1
1312,1625,1313,2,1
1312,1633,1313,2,1
1313,1625,1291,0,3
1313,1633,1291,0,3
1314,1625,1292,0,3
1314,1633,1292,0,3
1315,1625,1293,0,3
1315,1633,1293,0,3
1316,1625,1294,0,3
1316,1633,1338,3,0
1321,1625,1299,0,3
1321,1633,1343,3,0
1322,1625,1300,0,3
1322,1633,1344,3,0
1323,1625,1301,0,3
1323,1633,1345,3,0
1324,1625,1302,0,3
1325,1625,1324,1,2
1325,1633,1324,1,2
1326,1625,1325,1,2
1326,1633,1325,1,2
1327,1625,1326,1,2
1327,1633,1326,1,2
1332,1625,1333,2,1
1332,1633,1333,2,1
1333,1625,1334,2,1
1333,1633,1334,2,1
1334,1625,1335,2,1
1334,1633,1335,2,1
1335,1625,1313,0,3
1336,1625,1314,0,3
1336,1633,1358,3,0
1337,1623,1315,0,3
1337,1625,1315,0,3
1337,1633,1359,3,0
1337,1655,1315,0,3
1338,1625,1316,0,3
1338,1633,1360,3,0
1338,1655,1360,3,0
1343,1625,1321,0,3
1343,1633,1365,3,0
1344,1625,1322,0,3
1344,1633,1366,3,0
1345,1625,1323,0,3
1345,1633,1367,3,0
1346,1625,1324,0,3
1347,1625,1346,1,2
1347,1633,1346,1,2
1348,1625,1347,1,2
1348,1633,1347,1,2
1349,1625,1348,1,2
1349,1633,1348,1,2
1354,1625,1355,2,1
1354,1633,1355,2,1
1355,1625,1356,2,1
1355,1633,1356,2,1
1356,1625,1357,2,1
1356,1633,1357,2,1
1357,1625,1335,0,3
1358,1625,1336,0,3
1358,1633,1380,3,0
1359,1606,1337,0,3
1359,1625,1337,0,3
1359,1633,1381,3,0
1359,1675,1337,0,3
1360,1606,1382,3,0
1360,1625,1338,0,3
1360,1633,1382,3,0
1360,1675,1382,3,0
1362,1606,1340,0,3
1365,1625,1343,0,3
1365,1633,1387,3,0
1366,1625,1344,0,3
1366,1633,1388,3,0
1367,1625,1345,0,3
1367,1633,1389,3,0
1368,1625,1346,0,3
1369,1625,1368,1,2
1369,1633,1368,1,2
1370,1625,1369,1,2
1370,1633,1369,1,2
1371,1625,1370,1,2
1371,1633,1370,1,2
1376,1625,1377,2,1
1376,1633,1377,2,1
1377,1625,1378,2,1
1377,1633,1378,2,1
1378,1625,1379,2,1
1378,1633,1379,2,1
1379,1625,1357,0,3
1380,1625,1358,0,3
1380,1633,1402,3,0
1381,1625,1359,0,3
1381,1633,1403,3,0
1382,1625,1360,0,3
1382,1633,1404,3,0
1387,1625,1365,0,3
1387,1633,1409,3,0
1388,1625,1366,0,3
1388,1633,1410,3,0
1389,1625,1367,0,3
1389,1633,1411,3,0
1390,1625,1368,0,3
1391,1625,1390,1,2
1391,1633,1390,1,2
1392,1625,1391,1,2
1392,1633,1391,1,2
1393,1625,1392,1,2
1393,1633,1392,1,2
1398,1625,1399,2,1
1398,1633,1399,2,1
1399,1625,1400,2,1
1399,1633,1400,2,1
1400,1625,1401,2,1
1400,1633,1401,2,1
1401,1625,1379,0,3
1402,1625,1380,0,3
1402,1633,1424,3,0
1403,1625,1381,0,3
1403,1633,1425,3,0
1404,1625,1382,0,3
1404,1633,1426,3,0
1409,1625,1387,0,3
1409,1633,1431,3,0
1410,1625,1388,0,3
1410,1633,1432,3,0
1411,1625,1389,0,3
1411,1633,1433,3,0
1412,1625,1390,0,3
1413,1625,1412,1,2
1413,1633,1412,1,2
1414,1625,1413,1,2
1414,1633,1413,1,2
1415,1625,1414,1,2
1415,1633,1414,1,2
1420,1625,1421,2,1
1420,1633,1421,2,1
1421,1625,1422,2,1
1421,1633,1422,2,1
1422,1625,1423,2,1
1422,1633,1423,2,1
1423,1625,1401,0,3
1424,1625,1402,0,3
1424,1633,1446,3,0
1425,1625,1403,0,3
1425,1633,1447,3,0
1426,1625,1404,0,3
1426,1633,1448,3,0
1431,1625,1409,0,3
1431,1633,1453,3,0
1431,1664,1453,3,0
1432,1625,1410,0,3
1432,1633,1454,3,0
1432,1664,1410,0,3
1433,1625,1411,0,3
1433,1633,1455,3,0
1433,1664,1455,3,0
1434,1625,1412,0,3
1435,1625,1434,1,2
1435,1633,1434,1,2
1436,1625,1435,1,2
1436,1633,1435,1,2
1437,1625,1436,1,2
1437,1633,1436,1,2
1442,1625,1443,2,1
1442,1633,1443,2,1
1443,1625,1444,2,1
1443,1633,1444,2,1
1444,1625,1445,2,1
1444,1633,1445,2,1
1445,1625,1423,0,3
1446,1625,1424,0,3
1446,1633,1468,3,0
1447,1625,1425,0,3
1447,1633,1469,3,0
1447,1664,1425,0,3
1448,1625,1426,0,3
1448,1633,1470,3,0
1448,1664,1470,3,0
1453,1618,1475,3,0
1453,1625,1431,0,3
1453,1628,1475,3,0
1453,1633,1475,3,0
1454,1625,1432,0,3
1454,1633,1476,3,0
1455,1618,1477,3,0
1455,1625,1433,0,3
1455,1628,1477,3,0
1455,1633,1477,3,0
1456,1625,1434,0,3
1457,1625,1456,1,2
1457,1633,1456,1,2
1458,1625,1457,1,2
1458,1633,1457,1,2
1459,1625,1458,1,2
1459,1633,1458,1,2
1464,1625,1465,2,1
1464,1633,1465,2,1
1465,1625,1466,2,1
1465,1633,1466,2,1
1466,1625,1467,2,1
1466,1633,1467,2,1
1467,1625,1445,0,3
1468,1625,1446,0,3
1468,1633,1490,3,0
1469,1618,1447,0,3
1469,1625,1447,0,3
1469,1628,1447,0,3
1469,1633,1491,3,0
1470,1618,1492,3,0
1470,1625,1448,0,3
1470,1628,1492,3,0
1470,1633,1492,3,0
1475,1588,1497,3,0
1475,1625,1453,0,3
1475,1633,1497,3,0
1475,1642,1497,3,0
1475,1645,1497,3,0
1476,1625,1454,0,3
1476,1633,1498,3,0
1477,1588,1499,3,0
1477,1625,1455,0,3
1477,1633,1499,3,0
1477,1642,1499,3,0
1477,1645,1499,3,0
1478,1625,1456,0,3
1479,1625,1478,1,2
1479,1633,1478,1,2
1480,1625,1479,1,2
1480,1633,1479,1,2
1481,1625,1480,1,2
1481,1633,1480,1,2
1486,1625,1487,2,1
1486,1633,1487,2,1
1487,1625,1488,2,1
1487,1633,1488,2,1
1488,1625,1489,2,1
1488,1633,1489,2,1
1489,1625,1467,0,3
1490,1625,1468,0,3
1490,1633,1512,3,0
1491,1588,1469,0,3
1491,1625,1469,0,3
1491,1633,1513,3,0
1491,1642,1469,0,3
1491,1645,1469,0,3
1492,1588,1514,3,0
1492,1625,1470,0,3
1492,1633,1514,3,0
1492,1642,1514,3,0
1492,1645,1514,3,0
1497,1625,1475,0,3
1497,1633,1519,3,0
1498,1625,1476,0,3
1498,1633,1520,3,0
1499,1625,1477,0,3
1499,1633,1521,3,0
1500,1625,1478,0,3
1501,1625,1500,1,2
1501,1633,1500,1,2
1502,1625,1501,1,2
1502,1633,1501,1,2
1503,1625,1502,1,2
1503,1633,1502,1,2
1508,1625,1509,2,1
1508,1633,1509,2,1
1509,1625,1510,2,1
1509,1633,1510,2,1
1510,1625,1511,2,1
1510,1633,1511,2,1
1511,1625,1489,0,3
1512,1625,1490,0,3
1512,1633,1534,3,0
1513,1625,1491,0,3
1513,1633,1535,3,0
1514,1625,1492,0,3
1514,1633,1536,3,0
1519,1625,1497,0,3
1519,1633,1541,3,0
1520,1625,1498,0,3
1520,1633,1542,3,0
1521,1625,1499,0,3
1521,1633,1543,3,0
1522,1625,1500,0,3
1523,1625,1522,1,2
1523,1633,1522,1,2
1524,1625,1523,1,2
1524,1633,1523,1,2
1525,1625,1524,1,2
1525,1633,1524,1,2
1530,1625,1531,2,1
1530,1633,1531,2,1
1531,1625,1532,2,1
1531,1633,1532,2,1
1532,1625,1533,2,1
1532,1633,1533,2,1
1533,1625,1511,0,3
1534,1625,1512,0,3
1534,1633,1556,3,0
1535,1625,1513,0,3
1535,1633,1557,3,0
1536,1625,1514,0,3
1536,1633,1558,3,0
1541,1625,1519,0,3
1541,1633,1563,3,0
1542,1594,1520,0,3
1542,1612,1520,0,3
1542,1625,1520,0,3
1542,1633,1564,3,0
1543,1594,1565,3,0
1543,1612,1565,3,0
1543,1625,1521,0,3
1543,1633,1565,3,0
1544,1594,1522,0,3
1544,1612,1522,0,3
1544,1625,1522,0,3
1545,1625,1544,1,2
1545,1633,1544,1,2
1546,1625,1545,1,2
1546,1633,1545,1,2
1547,1625,1546,1,2
1547,1633,1546,1,2
1552,1625,1553,2,1
1552,1633,1553,2,1
1553,1625,1554,2,1
1553,1633,1554,2,1
1554,1625,1555,2,1
1554,1633,1555,2,1
1555,1625,1533,0,3
1556,1625,1534,0,3
1556,1633,1578,3,0
1557,1625,1535,0,3
1557,1633,1579,3,0
1558,1594,1580,3,0
1558,1612,1580,3,0
1558,1625,1536,0,3
1558,1633,1580,3,0
1559,1612,1581,3,0
1563,1625,1,3,3
1563,1633,1,3,3
1563,1666,1,3,3
1564,1625,1542,0,3
1564,1633,2,3,3
1565,1590,3,3,3
1565,1625,3,3,3
1565,1633,3,3,3
1565,1666,3,3,3
1566,1590,1544,0,3
1566,1625,1544,0,3
1566,1633,4,3,3
1566,1666,1544,0,3
1567,1625,1566,1,2
1567,1633,1566,1,2
1568,1625,1567,1,2
1568,1633,1567,1,2
1569,1625,1568,1,2
1569,1633,1568,1,2
1574,1625,1575,2,1
1574,1633,1575,2,1
1575,1625,1576,2,1
1575,1633,1576,2,1
1576,1625,1577,2,1
1576,1633,1577,2,1
1577,1590,1555,0,3
1577,1625,1555,0,3
1577,1633,15,3,3
1577,1666,1555,0,3
1578,1625,1556,0,3
1578,1633,16,3,3
1579,1625,17,3,3
1579,1633,17,3,3
1580,1625,18,3,3
1580,1633,18,3,3
1580,1666,18,3,3
1625,1584,771,0,45
1625,1585,771,0,45
1625,1586,771,0,45
1625,1587,771,0,45
1625,1588,771,0,45
1625,1589,771,0,45
1625,1590,771,0,45
1625,1591,771,0,45
1625,1592,771,0,45
1625,1593,771,0,45
1625,1594,771,0,45
1625,1595,771,0,45
1625,1596,771,0,45
1625,1597,771,0,45
1625,1598,771,0,45
1625,1599,771,0,45
1625,1600,771,0,45
1625,1601,771,0,45
1625,1602,771,0,45
1625,1603,771,0,45
1625,1604,771,0,45
1625,1605,771,0,45
1625,1606,771,0,45
1625,1607,771,0,45
1625,1608,771,0,45
1625,1609,771,0,45
1625,1610,771,0,45
1625,1611,771,0,45
1625,1612,771,0,45
1625,1613,771,0,45
1625,1614,771,0,45
1625,1615,771,0,45
1625,1616,771,0,45
1625,1617,771,0,45
1625,1618,771,0,45
1625,1619,771,0,45
1625,1620,771,0,45
1625,1621,771,0,45
1625,1622,771,0,45
1625,1623,771,0,45
1625,1624,771,0,45
1625,1626,771,0,45
1625,1627,771,0,45
1625,1628,771,0,45
1625,1629,771,0,45
1625,1630,771,0,45
1625,1631,771,0,45
1625,1632,771,0,45
1625,1633,771,0,45
1625,1634,771,0,45
1625,1635,771,0,45
1625,1636,771,0,45
1625,1637,771,0,45
1625,1638,771,0,45
1625,1639,771,0,45
1625,1640,771,0,45
1625,1641,771,0,45
1625,1642,771,0,45
1625,1643,771,0,45
1625,1644,771,0,45
1625,1645,771,0,45
1625,1646,771,0,45
1625,1647,771,0,45
1625,1648,771,0,45
1625,1649,771,0,45
1625,1650,771,0,45
1625,1651,771,0,45
1625,1652,771,0,45
1625,1653,771,0,45
1625,1654,771,0,45
1625,1655,771,0,45
1625,1656,771,0,45
1625,1657,771,0,45
1625,1658,771,0,45
1625,1659,771,0,45
1625,1660,771,0,45
1625,1661,771,0,45
1625,1662,771,0,45
1625,1663,771,0,45
1625,1664,771,0,45
1625,1665,771,0,45
1625,1666,771,0,45
1625,1667,771,0,45
1625,1668,771,0,45
1625,1669,771,0,45
1625,1670,771,0,45
1625,1671,771,0,45
1625,1672,771,0,45
1625,1673,771,0,45
1625,1674,771,0,45
1625,1675,771,0,45
1625,1676,771,0,45
1625,1677,771,0,45
1625,1678,771,0,45
1625,1679,771,0,45
1625,1680,771,0,45
1625,1681,771,0,45
1625,1682,771,0,45
1625,1683,771,0,45
1633,1584,507,0,53
1633,1585,507,0,53
1633,1586,507,0,53
1633,1587,507,0,53
1633,1588,507,0,53
1633,1589,507,0,53
1633,1590,507,0,53
1633,1591,507,0,53
1633,1592,507,0,53
1633,1593,507,0,53
1633,1594,507,0,53
1633,1595,507,0,53
1633,1596,507,0,53
1633,1597,507,0,53
1633,1598,507,0,53
1633,1599,507,0,53
1633,1600,507,0,53
1633,1601,507,0,53
1633,1602,507,0,53
1633,1603,507,0,53
1633,1604,507,0,53
1633,1605,507,0,53
1633,1606,507,0,53
1633,1607,507,0,53
1633,1608,507,0,53
1633,1609,507,0,53
1633,1610,507,0,53
1633,1611,507,0,53
1633,1612,507,0,53
1633,1613,507,0,53
1633,1614,507,0,53
1633,1615,507,0,53
1633,1616,507,0,53
1633,1617,507,0,53
1633,1618,507,0,53
1633,1619,507,0,53
1633,1620,507,0,53
1633,1621,507,0,53
1633,1622,507,0,53
1633,1623,507,0,53
1633,1624,507,0,53
1633,1625,507,0,53
1633,1626,507,0,53
1633,1627,507,0,53
1633,1628,507,0,53
1633,1629,507,0,53
1633,1630,507,0,53
1633,1631,507,0,53
1633,1632,507,0,53
1633,1634,507,0,53
1633,1635,507,0,53
1633,1636,507,0,53
1633,1637,507,0,53
1633,1638,507,0,53
1633,1639,507,0,53
1633,1640,507,0,53
1633,1641,507,0,53
1633,1642,507,0,53
1633,1643,507,0,53
1633,1644,507,0,53
1633,1645,507,0,53
1633,1646,507,0,53
1633,1647,507,0,53
1633,1648,507,0,53
1633,1649,507,0,53
1633,1650,507,0,53
1633,1651,507,0,53
1633,1652,507,0,53
1633,1653,507,0,53
1633,1654,507,0,53
1633,1655,507,0,53
1633,1656,507,0,53
1633,1657,507,0,53
1633,1658,507,0,53
1633,1659,507,0,53
1633,1660,507,0,53
1633,1661,507,0,53
1633,1662,507,0,53
1633,1663,507,0,53
1633,1664,507,0,53
1633,1665,507,0,53
1633,1666,507,0,53
1633,1667,507,0,53
1633,1668,507,0,53
1633,1669,507,0,53
1633,1670,507,0,53
1633,1671,507,0,53
1633,1672,507,0,53
1633,1673,507,0,53
1633,1674,507,0,53
1633,1675,507,0,53
1633,1676,507,0,53
1633,1677,507,0,53
1633,1678,507,0,53
1633,1679,507,0,53
1633,1680,507,0,53
1633,1681,507,0,53
1633,1682,507,0,53
1633,1683,507,0,53
