4,1590,1566,3,3
4,1607,1566,3,3
4,1683,1566,3,3
15,1590,37,2,0
15,1607,37,2,0
15,1683,37,2,0
16,1590,38,2,0
16,1607,38,2,0
16,1683,38,2,0
17,1590,1579,3,3
17,1607,1579,3,3
17,1683,1579,3,3
26,1624,4,0,2
26,1634,4,0,2
26,1639,4,0,2
27,1634,5,0,2
37,1624,59,3,0
37,1634,59,3,0
37,1639,59,3,0
39,1624,17,0,2
39,1639,17,0,2
40,1624,62,3,0
40,1639,62,3,0
44,1619,66,2,0
45,1619,67,3,0
48,1615,26,0,3
48,1619,26,0,3
59,1615,81,3,0
59,1619,81,3,0
61,1615,39,0,3
61,1619,39,0,3
62,1619,84,3,0
63,1619,41,0,3
67,1586,89,3,0
67,1603,89,3,0
67,1609,89,3,0
67,1626,89,3,0
67,1629,89,3,0
67,1631,89,3,0
67,1651,89,3,0
67,1665,89,3,0
69,1586,91,3,0
69,1603,91,3,0
69,1609,91,3,0
69,1626,91,3,0
69,1629,91,3,0
69,1631,91,3,0
69,1651,91,3,0
69,1665,91,3,0
70,1586,48,0,3
70,1596,48,0,3
70,1603,48,0,3
70,1609,48,0,3
70,1626,48,0,3
70,1629,48,0,3
70,1631,48,0,3
70,1651,48,0,3
70,1665,48,0,3
70,1676,48,0,3
71,1596,49,0,3
71,1676,49,0,3
72,1596,50,0,3
72,1676,50,0,3
81,1586,103,3,0
81,1596,103,3,0
81,1603,103,3,0
81,1609,103,3,0
81,1626,103,3,0
81,1629,103,3,0
81,1631,103,3,0
81,1651,103,3,0
81,1665,103,3,0
81,1676,103,3,0
83,1586,61,0,3
83,1603,61,0,3
83,1609,61,0,3
83,1626,61,0,3
83,1629,61,0,3
83,1631,61,0,3
83,1651,61,0,3
83,1665,61,0,3
84,1586,106,3,0
84,1603,106,3,0
84,1609,106,3,0
84,1626,106,3,0
84,1629,106,3,0
84,1631,106,3,0
84,1651,106,3,0
84,1665,106,3,0
85,1603,63,0,3
85,1609,63,0,3
85,1626,63,0,3
85,1629,63,0,3
85,1631,63,0,3
88,1647,110,2,0
91,1647,113,3,0
92,1647,70,0,3
92,1667,70,0,3
93,1667,71,0,3
94,1667,72,0,3
96,1667,74,0,3
100,1667,78,0,3
101,1667,79,0,3
103,1647,125,3,0
103,1667,125,3,0
105,1647,83,0,3
106,1647,128,3,0
107,1647,129,3,0
108,1647,130,3,0
109,1647,87,0,3
113,1649,135,3,0
114,1649,92,0,3
114,1681,92,0,3
115,1681,93,0,3
116,1681,94,0,3
117,1681,139,3,0
118,1681,96,0,3
122,1681,100,0,3
123,1681,101,0,3
124,1681,146,3,0
125,1649,147,3,0
125,1681,147,3,0
127,1649,105,0,3
128,1649,150,3,0
132,1601,154,2,0
133,1601,111,0,3
135,1601,157,3,0
136,1587,114,0,3
136,1601,114,0,3
137,1587,115,0,3
138,1587,116,0,3
139,1587,161,3,0
145,1587,123,0,3
147,1587,169,3,0
147,1601,169,3,0
149,1601,127,0,3
151,1601,173,3,0
154,1610,176,2,0
155,1610,133,0,3
158,1610,136,0,3
158,1616,136,0,3
158,1646,136,0,3
159,1616,181,3,0
159,1646,181,3,0
160,1616,138,0,3
160,1646,138,0,3
161,1616,183,3,0
161,1646,183,3,0
162,1616,140,0,3
163,1616,185,3,0
167,1616,145,0,3
167,1646,145,0,3
168,1616,146,0,3
168,1646,146,0,3
169,1610,191,3,0
169,1616,191,3,0
169,1646,191,3,0
171,1610,149,0,3
173,1610,195,3,0
174,1610,196,3,0
182,1674,160,0,3
183,1674,205,3,0
184,1674,162,0,3
188,1674,166,0,3
189,1674,167,0,3
191,1674,213,3,0
225,1654,203,0,3
226,1654,204,0,3
227,1654,249,3,0
235,1654,257,3,0
247,1621,225,0,3
248,1621,226,0,3
257,1621,279,3,0
356,1678,334,0,3
358,1678,336,0,3
466,1600,444,0,3
466,1650,444,0,3
466,1659,444,0,3
468,1600,446,0,3
468,1650,446,0,3
468,1659,446,0,3
470,1600,448,0,3
470,1650,448,0,3
470,1659,448,0,3
471,1600,493,3,0
471,1650,493,3,0
471,1659,493,3,0
474,1600,452,0,3
474,1650,452,0,3
474,1659,452,0,3
595,1604,573,0,3
600,1656,578,0,3
603,1656,625,3,0
604,1656,626,3,0
605,1656,583,0,3
610,1604,588,0,3
612,1604,590,0,3
622,1680,600,0,3
625,1680,647,3,0
627,1680,605,0,3
644,1653,622,0,3
683,1644,661,0,3
686,1640,708,3,0
686,1644,708,3,0
686,1662,708,3,0
688,1662,666,0,3
698,1640,676,0,3
698,1644,676,0,3
726,1589,704,0,2
726,1660,704,0,2
730,1589,752,3,0
730,1608,752,3,0
730,1660,752,3,0
730,1672,752,3,0
741,1589,719,0,3
741,1608,719,0,3
741,1660,719,0,3
741,1672,719,0,3
743,1589,765,3,0
743,1660,765,3,0
743,1672,765,3,0
744,1589,722,0,3
744,1660,722,0,3
745,1589,767,3,0
745,1660,767,3,0
751,1593,729,0,3
751,1648,729,0,3
751,1658,729,0,3
752,1593,774,3,0
752,1636,774,3,0
752,1648,774,3,0
752,1658,774,3,0
754,1636,732,0,3
756,1636,778,3,0
762,1636,740,0,3
763,1593,741,0,3
763,1636,741,0,3
763,1648,741,0,3
763,1658,741,0,3
765,1593,787,3,0
765,1648,787,3,0
765,1658,787,3,0
774,1663,796,3,0
785,1663,763,0,3
796,1641,818,3,0
807,1641,785,0,3
808,1641,786,0,3
809,1641,831,3,0
840,1595,862,3,0
841,1595,863,3,0
842,1595,864,3,0
844,1595,866,3,0
851,1595,829,0,3
862,1620,884,3,0
863,1620,885,3,0
864,1620,886,3,0
866,1620,888,3,0
873,1620,851,0,3
906,1585,928,3,0
906,1632,928,3,0
907,1585,929,3,0
907,1632,929,3,0
908,1585,930,3,0
908,1632,930,3,0
909,1585,887,0,3
909,1632,887,0,3
910,1632,932,3,0
914,1632,936,3,0
915,1585,937,3,0
915,1632,937,3,0
916,1585,894,0,3
916,1632,894,0,3
917,1585,895,0,3
917,1632,895,0,3
924,1613,902,0,2
925,1613,947,3,0
927,1613,905,0,3
928,1594,950,3,0
928,1597,950,3,0
928,1613,950,3,0
928,1673,950,3,0
929,1594,951,3,0
929,1597,951,3,0
929,1673,951,3,0
930,1594,952,3,0
930,1597,952,3,0
930,1673,952,3,0
931,1594,909,0,3
931,1597,909,0,3
932,1594,954,3,0
932,1597,954,3,0
937,1594,959,3,0
937,1597,959,3,0
937,1673,959,3,0
939,1594,917,0,3
939,1597,917,0,3
939,1613,917,0,3
939,1673,917,0,3
941,1613,963,3,0
943,1613,921,0,3
944,1613,922,0,3
950,1611,972,3,0
950,1657,972,3,0
950,1661,972,3,0
951,1661,929,0,3
952,1661,974,3,0
953,1661,931,0,3
954,1661,976,3,0
959,1661,981,3,0
960,1661,982,3,0
961,1611,939,0,3
961,1661,939,0,3
974,1630,996,3,0
975,1630,953,0,3
976,1630,998,3,0
977,1630,955,0,3
980,1630,1002,3,0
981,1630,1003,3,0
983,1630,961,0,3
994,1605,1016,3,0
994,1668,1016,3,0
996,1668,1018,3,0
997,1668,975,0,3
1002,1668,1024,3,0
1003,1668,1025,3,0
1005,1668,983,0,3
1039,1599,1061,3,0
1040,1599,1062,3,0
1041,1599,1019,0,3
1049,1599,1027,0,3
1062,1670,1084,3,0
1062,1679,1084,3,0
1064,1670,1086,3,0
1064,1679,1086,3,0
1068,1670,1090,3,0
1068,1679,1090,3,0
1071,1638,1049,0,3
1071,1670,1049,0,3
1071,1679,1049,0,3
1073,1638,1051,0,3
1081,1682,1103,3,0
1083,1627,1105,3,0
1083,1635,1105,3,0
1084,1627,1106,3,0
1084,1635,1106,3,0
1095,1682,1073,0,3
1097,1682,1075,0,3
1098,1682,1076,0,3
1106,1671,1128,3,0
1106,1677,1128,3,0
1125,1643,1147,3,0
1126,1643,1148,3,0
1139,1643,1117,0,3
1141,1643,1119,0,3
1147,1602,1169,3,0
1148,1602,1170,3,0
1162,1602,1184,3,0
1163,1602,1141,0,3
1169,1598,1191,3,0
1170,1598,1192,3,0
1170,1637,1192,3,0
1170,1669,1192,3,0
1172,1637,1194,3,0
1172,1669,1194,3,0
1192,1584,1214,3,0
1192,1591,1214,3,0
1192,1617,1214,3,0
1194,1584,1216,3,0
1194,1591,1216,3,0
1194,1617,1216,3,0
1236,1652,1258,3,0
1238,1652,1260,3,0
1258,1592,1280,3,0
1270,1592,1292,3,0
1271,1592,1249,0,3
1272,1592,1294,3,0
1302,1633,1324,3,0
1315,1633,1293,0,3
1316,1633,1338,3,0
1324,1655,1346,3,0
1336,1655,1358,3,0
1337,1655,1315,0,3
1338,1655,1360,3,0
1339,1655,1317,0,3
1346,1606,1368,3,0
1346,1623,1368,3,0
1346,1675,1368,3,0
1358,1606,1380,3,0
1358,1623,1380,3,0
1358,1675,1380,3,0
1359,1606,1337,0,3
1359,1623,1337,0,3
1359,1675,1337,0,3
1360,1606,1382,3,0
1360,1623,1382,3,0
1360,1675,1382,3,0
1361,1606,1339,0,3
1361,1675,1339,0,3
1362,1606,1340,0,3
1431,1622,1453,3,0
1431,1664,1453,3,0
1432,1622,1454,3,0
1432,1664,1454,3,0
1446,1622,1468,3,0
1446,1664,1468,3,0
1448,1622,1470,3,0
1448,1664,1470,3,0
1453,1618,1475,3,0
1454,1618,1476,3,0
1456,1618,1434,0,3
1468,1618,1490,3,0
1470,1618,1492,3,0
1471,1618,1449,0,3
1475,1588,1497,3,0
1475,1628,1497,3,0
1475,1642,1497,3,0
1475,1645,1497,3,0
1478,1588,1456,0,3
1478,1628,1456,0,3
1478,1642,1456,0,3
1478,1645,1456,0,3
1490,1588,1512,3,0
1490,1628,1512,3,0
1490,1642,1512,3,0
1490,1645,1512,3,0
1493,1588,1471,0,3
1493,1628,1471,0,3
1493,1642,1471,0,3
1493,1645,1471,0,3
1540,1612,1562,2,0
1540,1614,1562,2,0
1543,1612,1565,3,0
1543,1614,1565,3,0
1544,1612,1522,0,3
1544,1614,1522,0,3
1555,1612,1577,3,0
1555,1614,1577,3,0
1557,1612,1535,0,3
1557,1614,1535,0,3
1558,1612,1580,3,0
1558,1614,1580,3,0
1559,1612,1537,0,3
1559,1614,1537,0,3
1562,1666,0,2,3
1565,1625,3,3,3
1565,1666,3,3,3
1566,1625,1544,0,3
1566,1666,1544,0,3
1577,1625,15,3,3
1577,1666,15,3,3
1578,1625,16,3,3
1578,1666,16,3,3
1579,1625,1557,0,3
1579,1666,1557,0,3
1581,1666,1559,0,3
