2,1590,24,2,0
2,1607,24,2,0
2,1683,24,2,0
17,1590,39,2,0
17,1607,39,2,0
17,1683,39,2,0
18,1683,40,2,0
24,1624,46,3,0
24,1671,46,3,0
35,1634,13,0,2
36,1634,58,3,0
39,1624,61,3,0
39,1671,61,3,0
40,1624,62,3,0
40,1671,62,3,0
46,1615,68,3,0
46,1619,68,3,0
61,1615,83,3,0
61,1619,83,3,0
62,1619,84,3,0
68,1586,90,3,0
68,1603,90,3,0
68,1609,90,3,0
68,1626,90,3,0
68,1629,90,3,0
68,1631,90,3,0
70,1586,48,0,3
70,1596,48,0,3
70,1603,48,0,3
70,1609,48,0,3
70,1626,48,0,3
70,1629,48,0,3
70,1631,48,0,3
79,1596,57,0,3
83,1586,105,3,0
83,1603,105,3,0
83,1609,105,3,0
83,1626,105,3,0
83,1629,105,3,0
83,1631,105,3,0
84,1586,106,3,0
84,1603,106,3,0
84,1609,106,3,0
84,1626,106,3,0
84,1629,106,3,0
84,1631,106,3,0
90,1647,112,3,0
92,1647,70,0,3
92,1667,70,0,3
92,1676,70,0,3
95,1667,117,3,0
95,1676,117,3,0
101,1667,79,0,3
101,1676,79,0,3
102,1667,124,3,0
102,1676,124,3,0
105,1647,127,3,0
108,1647,86,0,3
109,1647,131,3,0
112,1649,134,3,0
114,1649,92,0,3
114,1681,92,0,3
117,1681,139,3,0
119,1681,97,0,3
121,1681,99,0,3
123,1681,101,0,3
124,1681,146,3,0
126,1649,148,3,0
127,1649,149,3,0
132,1601,110,0,2
134,1601,156,3,0
136,1601,114,0,3
148,1601,170,3,0
149,1601,171,3,0
156,1610,178,3,0
158,1587,136,0,3
158,1610,136,0,3
158,1616,136,0,3
158,1646,136,0,3
159,1587,181,3,0
159,1616,181,3,0
159,1646,181,3,0
160,1587,182,3,0
160,1616,182,3,0
160,1646,182,3,0
161,1587,139,0,3
161,1616,139,0,3
161,1646,139,0,3
165,1587,143,0,3
165,1616,143,0,3
166,1587,144,0,3
166,1616,144,0,3
171,1610,193,3,0
174,1610,152,0,3
180,1641,158,0,3
180,1674,158,0,3
182,1641,204,3,0
182,1674,204,3,0
183,1641,161,0,3
183,1674,161,0,3
226,1654,248,3,0
358,1678,380,3,0
467,1600,489,3,0
467,1650,489,3,0
467,1659,489,3,0
468,1600,490,3,0
468,1650,490,3,0
468,1659,490,3,0
471,1600,493,3,0
471,1650,493,3,0
471,1659,493,3,0
600,1656,622,3,0
603,1656,625,3,0
605,1656,627,3,0
610,1604,588,0,3
622,1680,644,3,0
625,1680,647,3,0
627,1680,649,3,0
644,1653,666,3,0
653,1653,675,3,0
684,1640,662,0,3
684,1644,662,0,3
697,1592,719,3,0
697,1640,719,3,0
697,1644,719,3,0
697,1662,719,3,0
726,1589,748,2,0
726,1660,748,2,0
727,1589,749,3,0
727,1660,749,3,0
728,1589,706,0,3
728,1660,706,0,3
728,1672,706,0,3
729,1589,707,0,3
729,1660,707,0,3
729,1672,707,0,3
730,1589,752,3,0
730,1608,752,3,0
730,1660,752,3,0
730,1672,752,3,0
731,1608,709,0,3
745,1589,767,3,0
745,1660,767,3,0
750,1593,728,0,3
750,1648,728,0,3
750,1658,728,0,3
752,1593,774,3,0
752,1636,774,3,0
752,1648,774,3,0
752,1658,774,3,0
753,1636,731,0,3
761,1636,783,3,0
762,1636,740,0,3
765,1593,743,0,3
765,1648,743,0,3
765,1658,743,0,3
774,1663,796,3,0
784,1663,762,0,3
827,1642,849,3,0
828,1642,806,0,3
841,1595,863,3,0
849,1595,871,3,0
862,1620,884,3,0
871,1620,893,3,0
884,1664,906,3,0
887,1664,865,0,3
893,1664,915,3,0
894,1664,872,0,3
906,1585,928,3,0
906,1632,928,3,0
909,1585,887,0,3
909,1632,887,0,3
911,1632,933,3,0
913,1632,935,3,0
915,1585,937,3,0
915,1632,937,3,0
916,1585,894,0,3
916,1632,894,0,3
924,1613,946,2,0
926,1613,904,0,3
928,1594,950,3,0
928,1597,950,3,0
928,1613,950,3,0
928,1673,950,3,0
937,1594,959,3,0
937,1597,959,3,0
937,1673,959,3,0
940,1613,918,0,3
941,1613,919,0,3
944,1613,966,3,0
950,1611,972,3,0
950,1657,972,3,0
950,1661,972,3,0
951,1661,929,0,3
952,1661,930,0,3
953,1661,975,3,0
958,1661,980,3,0
972,1630,994,3,0
974,1630,952,0,3
975,1630,997,3,0
977,1630,955,0,3
994,1605,1016,3,0
994,1668,1016,3,0
996,1668,974,0,3
997,1668,1019,3,0
1004,1668,1026,3,0
1063,1639,1085,3,0
1063,1670,1085,3,0
1063,1679,1085,3,0
1068,1670,1090,3,0
1068,1679,1090,3,0
1072,1638,1050,0,3
1085,1627,1107,3,0
1085,1635,1107,3,0
1085,1651,1107,3,0
1093,1627,1071,0,3
1093,1635,1071,0,3
1093,1651,1071,0,3
1093,1682,1071,0,3
1094,1682,1072,0,3
1098,1682,1076,0,3
1106,1665,1084,0,3
1106,1677,1084,0,3
1107,1665,1129,3,0
1107,1677,1129,3,0
1115,1665,1093,0,3
1115,1677,1093,0,3
1137,1643,1115,0,3
1172,1637,1150,0,3
1172,1669,1150,0,3
1194,1584,1172,0,3
1194,1591,1172,0,3
1194,1617,1172,0,3
1203,1584,1181,0,3
1203,1591,1181,0,3
1203,1617,1181,0,3
1237,1652,1215,0,3
1238,1652,1216,0,3
1313,1633,1291,0,3
1314,1633,1336,3,0
1320,1655,1298,0,2
1335,1655,1313,0,3
1336,1655,1358,3,0
1342,1606,1320,0,2
1342,1675,1320,0,2
1358,1606,1380,3,0
1358,1623,1380,3,0
1358,1675,1380,3,0
1445,1622,1423,0,3
1453,1618,1431,0,3
1467,1618,1445,0,3
1471,1618,1449,0,3
1476,1588,1498,3,0
1476,1628,1498,3,0
1476,1645,1498,3,0
1489,1588,1467,0,3
1489,1628,1467,0,3
1489,1645,1467,0,3
1493,1588,1471,0,3
1493,1628,1471,0,3
1493,1645,1471,0,3
1540,1612,1518,0,2
1540,1614,1518,0,2
1541,1612,1519,0,3
1541,1614,1519,0,3
1542,1612,1564,3,0
1542,1614,1564,3,0
1544,1612,1522,0,3
1544,1614,1522,0,3
1557,1612,1579,3,0
1557,1614,1579,3,0
1562,1666,1540,0,2
1563,1625,1,3,3
1563,1666,1,3,3
1564,1625,2,3,3
1564,1666,2,3,3
1565,1625,3,3,3
1565,1666,3,3,3
1566,1625,1544,0,3
1566,1666,1544,0,3
1580,1625,18,3,3
1580,1666,18,3,3
1581,1666,1559,0,3
