1,1639,1563,3,3
1,1671,1563,3,3
2,1639,24,2,0
2,1652,24,2,0
2,1671,24,2,0
3,1639,1565,3,3
3,1652,1565,3,3
3,1671,1565,3,3
15,1639,1577,3,3
15,1652,1577,3,3
15,1671,1577,3,3
22,1599,44,2,0
22,1661,44,2,0
23,1599,1,0,2
23,1637,1,0,2
23,1661,1,0,2
24,1599,46,3,0
24,1637,46,3,0
24,1661,46,3,0
25,1599,3,0,2
25,1634,3,0,2
25,1637,3,0,2
25,1661,3,0,2
26,1634,4,0,2
37,1599,15,0,2
37,1637,15,0,2
37,1661,15,0,2
39,1599,17,0,2
39,1661,17,0,2
40,1661,62,3,0
45,1665,23,0,3
45,1677,23,0,3
46,1665,68,3,0
46,1677,68,3,0
47,1596,25,0,3
47,1665,25,0,3
47,1677,25,0,3
48,1596,26,0,3
57,1596,35,0,3
59,1665,37,0,3
59,1677,37,0,3
66,1586,44,0,2
66,1627,44,0,2
66,1635,44,0,2
66,1651,44,0,2
67,1586,45,0,3
67,1627,45,0,3
67,1635,45,0,3
67,1651,45,0,3
68,1586,90,3,0
68,1627,90,3,0
68,1635,90,3,0
68,1651,90,3,0
73,1660,51,0,3
80,1586,58,0,3
80,1627,58,0,3
80,1635,58,0,3
80,1651,58,0,3
80,1660,58,0,3
81,1586,59,0,3
81,1627,59,0,3
81,1635,59,0,3
81,1651,59,0,3
83,1586,61,0,3
83,1627,61,0,3
83,1635,61,0,3
83,1651,61,0,3
88,1630,66,0,2
88,1670,66,0,2
88,1679,66,0,2
89,1615,67,0,3
89,1630,67,0,3
89,1670,67,0,3
89,1679,67,0,3
90,1615,112,3,0
90,1630,112,3,0
90,1670,112,3,0
90,1679,112,3,0
95,1613,73,0,3
99,1613,121,3,0
100,1613,78,0,3
102,1613,124,3,0
102,1615,124,3,0
102,1630,124,3,0
102,1670,124,3,0
102,1679,124,3,0
103,1615,81,0,3
103,1630,81,0,3
103,1670,81,0,3
103,1679,81,0,3
105,1630,83,0,3
105,1670,83,0,3
105,1679,83,0,3
111,1649,89,0,3
124,1649,146,3,0
125,1649,103,0,3
127,1649,105,0,3
133,1584,111,0,3
146,1584,168,3,0
147,1584,125,0,3
158,1644,180,3,0
158,1646,180,3,0
159,1644,137,0,3
159,1646,137,0,3
168,1644,190,3,0
168,1646,190,3,0
203,1654,181,0,3
247,1682,225,0,3
248,1682,226,0,3
250,1682,228,0,3
251,1682,273,3,0
252,1682,274,3,0
269,1658,247,0,3
270,1658,248,0,3
291,1640,269,0,3
334,1672,356,3,0
335,1672,313,0,3
455,1673,433,0,3
457,1673,479,3,0
488,1618,510,3,0
490,1618,468,0,3
496,1618,474,0,3
510,1606,532,3,0
512,1606,490,0,3
514,1606,492,0,3
516,1606,538,3,0
518,1606,496,0,3
575,1604,597,3,0
587,1604,565,0,3
588,1604,566,0,3
638,1676,616,0,2
641,1676,663,3,0
654,1676,632,0,3
663,1655,685,3,0
666,1655,644,0,3
670,1655,692,3,0
683,1621,705,3,0
684,1621,662,0,3
685,1621,707,3,0
685,1675,707,3,0
688,1675,666,0,3
705,1667,727,3,0
706,1667,684,0,3
706,1678,684,0,3
707,1608,729,3,0
707,1667,729,3,0
707,1678,729,3,0
717,1608,739,3,0
719,1667,741,3,0
719,1678,741,3,0
721,1667,743,3,0
727,1589,749,3,0
727,1593,749,3,0
727,1648,749,3,0
728,1589,706,0,3
728,1593,706,0,3
728,1648,706,0,3
729,1589,751,3,0
729,1593,751,3,0
729,1648,751,3,0
742,1589,720,0,3
742,1593,720,0,3
742,1648,720,0,3
751,1663,773,3,0
754,1663,732,0,3
761,1663,783,3,0
773,1598,795,3,0
773,1633,795,3,0
776,1633,754,0,3
792,1641,770,0,2
793,1641,815,3,0
794,1641,772,0,3
795,1611,817,3,0
795,1641,817,3,0
807,1641,829,3,0
839,1614,861,3,0
840,1614,862,3,0
843,1614,865,3,0
844,1614,866,3,0
849,1614,871,3,0
865,1588,887,3,0
865,1642,887,3,0
865,1645,887,3,0
872,1588,894,3,0
872,1642,894,3,0
872,1645,894,3,0
887,1585,909,3,0
887,1632,909,3,0
891,1585,869,0,3
891,1632,869,0,3
892,1585,914,3,0
892,1632,914,3,0
894,1585,872,0,3
894,1632,872,0,3
903,1616,925,3,0
903,1681,925,3,0
906,1610,884,0,3
906,1622,884,0,3
907,1610,929,3,0
907,1622,929,3,0
909,1610,931,3,0
913,1610,891,0,3
914,1610,936,3,0
914,1622,936,3,0
915,1610,937,3,0
915,1622,937,3,0
916,1610,894,0,3
916,1616,894,0,3
916,1622,894,0,3
916,1681,894,0,3
917,1616,939,3,0
917,1681,939,3,0
919,1616,941,3,0
919,1681,941,3,0
922,1616,944,3,0
922,1681,944,3,0
928,1619,906,0,3
928,1647,906,0,3
929,1619,951,3,0
929,1647,951,3,0
931,1619,953,3,0
931,1647,953,3,0
935,1619,913,0,3
935,1647,913,0,3
936,1619,958,3,0
936,1647,958,3,0
937,1619,959,3,0
937,1647,959,3,0
938,1619,916,0,3
938,1647,916,0,3
973,1668,995,3,0
982,1668,960,0,3
1017,1601,1039,3,0
1017,1683,1039,3,0
1018,1601,1040,3,0
1018,1683,1040,3,0
1020,1601,1042,3,0
1035,1638,1057,3,0
1039,1609,1061,3,0
1039,1625,1061,3,0
1039,1626,1061,3,0
1039,1629,1061,3,0
1040,1609,1062,3,0
1040,1625,1062,3,0
1040,1626,1062,3,0
1040,1629,1062,3,0
1049,1638,1071,3,0
1061,1603,1083,3,0
1061,1631,1083,3,0
1062,1603,1084,3,0
1062,1631,1084,3,0
1071,1674,1093,3,0
1072,1674,1050,0,3
1073,1674,1051,0,3
1083,1624,1105,3,0
1084,1624,1106,3,0
1093,1653,1115,3,0
1094,1653,1072,0,3
1122,1602,1100,0,2
1122,1643,1100,0,2
1137,1602,1159,3,0
1137,1643,1159,3,0
1138,1602,1116,0,3
1138,1643,1116,0,3
1144,1587,1122,0,2
1148,1669,1126,0,3
1149,1669,1171,3,0
1150,1669,1172,3,0
1156,1669,1178,3,0
1159,1587,1181,3,0
1160,1587,1138,0,3
1161,1587,1139,0,3
1170,1591,1148,0,3
1170,1617,1148,0,3
1171,1591,1193,3,0
1171,1617,1193,3,0
1172,1591,1194,3,0
1172,1617,1194,3,0
1210,1659,1188,0,2
1225,1659,1247,3,0
1227,1659,1205,0,3
1229,1659,1207,0,3
1231,1659,1209,0,3
1254,1592,1232,0,2
1254,1600,1232,0,2
1254,1662,1232,0,2
1269,1592,1291,3,0
1269,1600,1291,3,0
1269,1662,1291,3,0
1271,1592,1249,0,3
1271,1600,1249,0,3
1271,1662,1249,0,3
1273,1600,1251,0,3
1275,1600,1253,0,3
1321,1623,1343,3,0
1336,1623,1358,3,0
1357,1650,1379,3,0
1358,1650,1380,3,0
1359,1650,1337,0,3
1361,1650,1339,0,3
1363,1650,1341,0,3
1367,1636,1345,0,3
1379,1636,1401,3,0
1380,1636,1402,3,0
1381,1636,1359,0,3
1411,1664,1389,0,3
1411,1680,1389,0,3
1425,1680,1403,0,3
1428,1680,1450,3,0
1429,1680,1407,0,3
1430,1656,1452,2,0
1433,1656,1411,0,3
1446,1656,1468,3,0
1451,1656,1429,0,3
1454,1595,1476,3,0
1454,1628,1476,3,0
1455,1595,1433,0,3
1455,1628,1433,0,3
1468,1595,1490,3,0
1468,1628,1490,3,0
1519,1620,1497,0,3
1520,1620,1542,3,0
1521,1620,1499,0,3
1534,1620,1556,3,0
1541,1594,1519,0,3
1541,1597,1519,0,3
1541,1612,1519,0,3
1541,1666,1519,0,3
1542,1594,1564,3,0
1542,1597,1564,3,0
1542,1612,1564,3,0
1542,1666,1564,3,0
1543,1594,1521,0,3
1543,1597,1521,0,3
1543,1612,1521,0,3
1543,1666,1521,0,3
1555,1594,1533,0,3
1555,1597,1533,0,3
1555,1612,1533,0,3
1555,1666,1533,0,3
1556,1594,1578,3,0
1556,1597,1578,3,0
1556,1612,1578,3,0
1556,1666,1578,3,0
1558,1612,1580,3,0
1563,1590,1541,0,3
1563,1607,1541,0,3
1564,1590,2,3,3
1564,1607,2,3,3
1565,1590,1543,0,3
1565,1607,1543,0,3
1577,1590,1555,0,3
1577,1607,1555,0,3
