0,1661,22,1,0
1,1599,23,2,0
1,1625,23,2,0
1,1661,23,2,0
2,1599,24,2,0
2,1625,24,2,0
2,1661,24,2,0
3,1599,1565,3,3
3,1625,1565,3,3
3,1661,1565,3,3
15,1599,1577,3,3
15,1625,1577,3,3
15,1661,1577,3,3
16,1599,1578,3,3
16,1625,1578,3,3
16,1661,1578,3,3
17,1599,1579,3,3
17,1625,1579,3,3
17,1661,1579,3,3
18,1661,40,2,0
22,1683,44,2,0
25,1665,3,0,2
25,1671,3,0,2
25,1677,3,0,2
25,1683,3,0,2
37,1665,15,0,2
37,1671,15,0,2
37,1677,15,0,2
37,1683,15,0,2
38,1665,16,0,2
38,1671,16,0,2
38,1677,16,0,2
38,1683,16,0,2
39,1665,17,0,2
39,1671,17,0,2
39,1677,17,0,2
39,1683,17,0,2
40,1683,62,3,0
47,1624,25,0,3
50,1604,72,3,0
51,1604,29,0,3
59,1604,37,0,3
59,1624,37,0,3
60,1624,38,0,3
61,1624,39,0,3
69,1603,47,0,3
69,1609,47,0,3
69,1626,47,0,3
69,1630,47,0,3
69,1631,47,0,3
69,1670,47,0,3
69,1679,47,0,3
70,1603,48,0,3
70,1609,48,0,3
70,1613,48,0,3
70,1626,48,0,3
70,1630,48,0,3
70,1631,48,0,3
70,1670,48,0,3
70,1679,48,0,3
72,1613,94,3,0
73,1613,51,0,3
74,1613,52,0,3
81,1603,59,0,3
81,1609,59,0,3
81,1613,59,0,3
81,1626,59,0,3
81,1630,59,0,3
81,1631,59,0,3
81,1670,59,0,3
81,1679,59,0,3
82,1603,60,0,3
82,1609,60,0,3
82,1626,60,0,3
82,1630,60,0,3
82,1631,60,0,3
82,1670,60,0,3
82,1679,60,0,3
83,1603,61,0,3
83,1609,61,0,3
83,1626,61,0,3
83,1630,61,0,3
83,1631,61,0,3
83,1670,61,0,3
83,1679,61,0,3
85,1630,107,3,0
87,1630,109,3,0
93,1589,115,3,0
93,1676,115,3,0
94,1589,116,3,0
94,1676,116,3,0
95,1589,73,0,3
95,1676,73,0,3
96,1589,74,0,3
99,1589,77,0,3
103,1589,81,0,3
103,1676,81,0,3
111,1584,89,0,3
111,1591,89,0,3
111,1617,89,0,3
112,1584,90,0,3
112,1591,90,0,3
112,1617,90,0,3
113,1584,91,0,3
113,1591,91,0,3
113,1617,91,0,3
115,1667,137,3,0
116,1667,138,3,0
117,1667,95,0,3
126,1584,104,0,3
126,1591,104,0,3
126,1617,104,0,3
127,1584,105,0,3
127,1591,105,0,3
127,1617,105,0,3
137,1644,159,3,0
137,1681,159,3,0
138,1644,160,3,0
138,1681,160,3,0
140,1681,118,0,3
143,1681,121,0,3
159,1587,181,3,0
159,1602,181,3,0
160,1587,182,3,0
160,1602,182,3,0
165,1587,143,0,3
165,1602,143,0,3
181,1643,203,3,0
182,1643,204,3,0
183,1643,161,0,3
187,1643,165,0,3
191,1643,213,3,0
203,1641,225,3,0
204,1641,226,3,0
205,1641,183,0,3
213,1641,235,3,0
269,1682,291,3,0
271,1682,249,0,3
275,1682,253,0,3
313,1593,335,3,0
313,1648,335,3,0
323,1593,345,3,0
323,1648,345,3,0
441,1668,419,0,3
442,1668,420,0,3
443,1668,421,0,3
444,1668,422,0,3
456,1668,478,3,0
457,1668,479,3,0
458,1668,436,0,3
491,1600,469,0,3
491,1606,469,0,3
494,1600,516,3,0
494,1606,516,3,0
495,1600,473,0,3
495,1606,473,0,3
496,1600,474,0,3
496,1606,474,0,3
498,1600,520,3,0
498,1606,520,3,0
621,1638,599,0,3
643,1655,621,0,3
645,1655,623,0,3
649,1655,671,3,0
652,1655,674,3,0
662,1621,640,0,3
663,1621,641,0,3
676,1621,698,3,0
684,1678,662,0,3
685,1678,663,0,3
697,1678,719,3,0
698,1678,720,3,0
704,1660,682,0,2
706,1640,684,0,3
706,1646,684,0,3
706,1658,684,0,3
706,1660,684,0,3
707,1640,685,0,3
707,1646,685,0,3
707,1658,685,0,3
707,1660,685,0,3
708,1592,686,0,3
708,1640,686,0,3
708,1646,686,0,3
708,1658,686,0,3
708,1660,686,0,3
708,1662,686,0,3
708,1675,686,0,3
711,1592,689,0,3
711,1662,689,0,3
711,1675,689,0,3
715,1675,737,3,0
719,1592,741,3,0
719,1640,741,3,0
719,1646,741,3,0
719,1658,741,3,0
719,1660,741,3,0
719,1662,741,3,0
719,1675,741,3,0
720,1640,742,3,0
720,1646,742,3,0
720,1658,742,3,0
720,1660,742,3,0
721,1646,743,3,0
721,1660,743,3,0
722,1660,700,0,3
749,1654,727,0,3
750,1654,728,0,3
750,1672,728,0,3
751,1654,773,3,0
751,1672,773,3,0
763,1654,785,3,0
763,1672,785,3,0
764,1654,786,3,0
764,1672,786,3,0
765,1654,787,3,0
819,1612,797,0,3
820,1612,798,0,3
822,1612,844,3,0
826,1612,804,0,3
829,1612,851,3,0
842,1645,820,0,3
843,1645,865,3,0
851,1645,873,3,0
881,1616,903,3,0
883,1616,905,3,0
885,1610,863,0,3
885,1620,863,0,3
885,1664,863,0,3
886,1610,864,0,3
886,1620,864,0,3
886,1664,864,0,3
887,1610,909,3,0
887,1620,909,3,0
887,1664,909,3,0
888,1610,910,3,0
888,1620,910,3,0
891,1610,913,3,0
891,1620,913,3,0
895,1610,917,3,0
895,1616,917,3,0
895,1620,917,3,0
895,1664,917,3,0
896,1616,918,3,0
897,1616,919,3,0
899,1616,877,0,3
901,1616,879,0,3
905,1611,927,3,0
907,1632,885,0,3
907,1647,885,0,3
908,1632,886,0,3
908,1647,886,0,3
909,1632,931,3,0
909,1647,931,3,0
910,1632,932,3,0
910,1647,932,3,0
911,1632,933,3,0
911,1647,933,3,0
913,1632,935,3,0
913,1647,935,3,0
929,1666,907,0,3
930,1666,908,0,3
932,1666,954,3,0
935,1666,957,3,0
951,1594,929,0,3
951,1619,929,0,3
951,1673,929,0,3
952,1594,930,0,3
952,1619,930,0,3
952,1673,930,0,3
954,1619,976,3,0
957,1619,979,3,0
971,1608,993,3,0
983,1608,961,0,3
1017,1629,995,0,3
1018,1629,996,0,3
1019,1629,1041,3,0
1039,1601,1017,0,3
1040,1601,1018,0,3
1041,1601,1063,3,0
1045,1601,1067,3,0
1058,1634,1080,3,0
1058,1653,1080,3,0
1059,1634,1081,3,0
1059,1653,1081,3,0
1061,1639,1039,0,3
1063,1639,1085,3,0
1073,1634,1051,0,3
1074,1634,1096,3,0
1078,1674,1100,2,0
1079,1674,1101,3,0
1080,1674,1102,3,0
1081,1674,1103,3,0
1095,1674,1073,0,3
1096,1674,1118,3,0
1101,1596,1123,3,0
1102,1596,1124,3,0
1103,1596,1125,3,0
1105,1586,1083,0,3
1105,1627,1083,0,3
1105,1635,1083,0,3
1105,1651,1083,0,3
1107,1586,1129,3,0
1107,1627,1129,3,0
1107,1635,1129,3,0
1107,1651,1129,3,0
1112,1586,1134,3,0
1112,1627,1134,3,0
1112,1635,1134,3,0
1112,1651,1134,3,0
1115,1586,1093,0,3
1115,1596,1093,0,3
1115,1627,1093,0,3
1115,1635,1093,0,3
1115,1651,1093,0,3
1116,1596,1094,0,3
1117,1596,1095,0,3
1118,1596,1140,3,0
1127,1590,1105,0,3
1127,1607,1105,0,3
1127,1669,1105,0,3
1149,1649,1127,0,3
1151,1649,1173,3,0
1156,1649,1178,3,0
1170,1615,1192,3,0
1188,1659,1210,2,0
1189,1659,1211,3,0
1190,1598,1212,3,0
1190,1659,1212,3,0
1190,1663,1212,3,0
1192,1598,1214,3,0
1192,1637,1214,3,0
1192,1659,1214,3,0
1192,1663,1214,3,0
1204,1598,1182,0,3
1204,1659,1182,0,3
1204,1663,1182,0,3
1205,1659,1183,0,3
1206,1659,1228,3,0
1209,1659,1187,0,3
1299,1623,1321,3,0
1300,1623,1322,3,0
1301,1623,1323,3,0
1314,1623,1292,0,3
1315,1623,1293,0,3
1320,1650,1342,2,0
1322,1633,1344,3,0
1322,1650,1344,3,0
1323,1633,1345,3,0
1323,1650,1345,3,0
1336,1633,1314,0,3
1336,1650,1314,0,3
1337,1633,1315,0,3
1337,1650,1315,0,3
1338,1650,1360,3,0
1341,1650,1319,0,3
1342,1636,1364,2,0
1344,1636,1366,3,0
1345,1636,1367,3,0
1358,1636,1336,0,3
1359,1636,1337,0,3
1360,1636,1382,3,0
1386,1680,1408,2,0
1388,1680,1410,3,0
1389,1680,1411,3,0
1402,1680,1380,0,3
1403,1680,1381,0,3
1404,1680,1426,3,0
1406,1680,1384,0,3
1407,1680,1385,0,3
1430,1595,1452,2,0
1432,1595,1454,3,0
1433,1595,1455,3,0
1446,1595,1424,0,3
1447,1595,1425,0,3
1448,1595,1470,3,0
1452,1656,1474,2,0
1454,1585,1476,3,0
1454,1622,1476,3,0
1454,1656,1476,3,0
1455,1585,1477,3,0
1455,1622,1477,3,0
1455,1656,1477,3,0
1468,1585,1446,0,3
1468,1622,1446,0,3
1468,1656,1446,0,3
1469,1585,1447,0,3
1469,1622,1447,0,3
1469,1656,1447,0,3
1470,1656,1492,3,0
1472,1656,1450,0,3
1474,1628,1496,2,0
1476,1618,1498,3,0
1476,1628,1498,3,0
1477,1618,1499,3,0
1477,1628,1499,3,0
1489,1618,1467,0,3
1489,1628,1467,0,3
1490,1618,1468,0,3
1490,1628,1468,0,3
1491,1618,1469,0,3
1491,1628,1469,0,3
1492,1618,1514,3,0
1492,1628,1514,3,0
1496,1588,1518,2,0
1496,1642,1518,2,0
1498,1588,1520,3,0
1498,1642,1520,3,0
1499,1588,1521,3,0
1499,1642,1521,3,0
1500,1588,1522,3,0
1500,1642,1522,3,0
1511,1588,1489,0,3
1511,1642,1489,0,3
1512,1588,1490,0,3
1512,1642,1490,0,3
1513,1588,1491,0,3
1513,1642,1491,0,3
1514,1588,1536,3,0
1514,1642,1536,3,0
1518,1597,1540,2,0
1519,1597,1541,3,0
1520,1597,1542,3,0
1533,1597,1511,0,3
1534,1597,1512,0,3
1535,1597,1513,0,3
1562,1614,0,2,3
1563,1614,1,3,3
1564,1614,2,3,3
1564,1652,2,3,3
1565,1614,1543,0,3
1565,1652,1543,0,3
1577,1614,1555,0,3
1577,1652,1555,0,3
1578,1614,1556,0,3
1578,1652,1556,0,3
1579,1614,1557,0,3
1580,1614,18,3,3
1581,1614,19,3,3
1583,1614,21,3,3
