2,1639,1564,3,3
3,1639,25,2,0
3,1640,4,1,0
3,1652,25,2,0
4,1634,26,2,0
4,1639,26,2,0
4,1652,26,2,0
5,1634,1567,3,3
5,1640,1567,3,3
6,1634,1568,3,3
6,1640,1568,3,3
13,1634,1575,3,3
14,1634,36,2,0
14,1640,1576,3,3
16,1640,15,0,1
17,1639,1579,3,3
17,1640,16,0,1
23,1661,45,3,0
24,1615,2,0,2
24,1637,2,0,2
24,1661,2,0,2
25,1615,47,3,0
25,1637,47,3,0
25,1640,26,2,1
25,1661,47,3,0
26,1615,48,3,0
26,1637,48,3,0
26,1661,48,3,0
27,1640,5,0,2
28,1640,6,0,2
36,1640,14,0,2
38,1640,37,1,2
39,1615,17,0,2
39,1637,17,0,2
39,1640,38,1,2
39,1661,17,0,2
41,1661,63,3,0
46,1665,24,0,3
46,1677,24,0,3
47,1640,48,2,1
48,1596,70,3,0
48,1665,70,3,0
48,1677,70,3,0
49,1596,27,0,3
49,1640,27,0,3
50,1596,28,0,3
50,1640,28,0,3
57,1596,35,0,3
58,1596,80,3,0
58,1640,36,0,3
60,1640,59,1,2
61,1640,60,1,2
61,1665,39,0,3
61,1677,39,0,3
67,1586,89,3,0
67,1627,89,3,0
67,1635,89,3,0
67,1651,89,3,0
68,1586,46,0,3
68,1627,46,0,3
68,1635,46,0,3
68,1651,46,0,3
69,1586,91,3,0
69,1627,91,3,0
69,1635,91,3,0
69,1640,70,2,1
69,1651,91,3,0
71,1640,49,0,3
72,1640,50,0,3
72,1660,50,0,3
79,1660,57,0,3
80,1640,58,0,3
80,1660,102,3,0
82,1640,81,1,2
83,1640,82,1,2
89,1630,111,3,0
89,1670,111,3,0
89,1679,111,3,0
90,1630,68,0,3
90,1649,68,0,3
90,1670,68,0,3
90,1679,68,0,3
91,1630,113,3,0
91,1640,92,2,1
91,1649,113,3,0
91,1670,113,3,0
91,1679,113,3,0
93,1640,71,0,3
94,1613,72,0,3
94,1640,72,0,3
96,1613,118,3,0
99,1613,121,3,0
101,1613,79,0,3
102,1613,124,3,0
102,1640,80,0,3
104,1640,103,1,2
105,1640,104,1,2
107,1630,129,3,0
113,1640,114,2,1
115,1640,93,0,3
116,1640,94,0,3
124,1640,102,0,3
126,1640,125,1,2
127,1640,126,1,2
134,1584,112,0,3
135,1640,136,2,1
137,1640,115,0,3
137,1646,115,0,3
138,1640,116,0,3
138,1646,116,0,3
140,1646,162,3,0
145,1646,123,0,3
146,1640,124,0,3
146,1646,168,3,0
147,1584,169,3,0
147,1646,169,3,0
148,1584,126,0,3
148,1640,147,1,2
149,1640,148,1,2
157,1640,158,2,1
159,1640,137,0,3
159,1644,137,0,3
159,1674,137,0,3
160,1640,138,0,3
160,1644,138,0,3
160,1674,138,0,3
162,1674,184,3,0
167,1644,145,0,3
167,1674,145,0,3
168,1640,146,0,3
168,1644,190,3,0
168,1674,190,3,0
169,1644,191,3,0
169,1674,191,3,0
170,1640,169,1,2
171,1640,170,1,2
179,1640,180,2,1
181,1640,159,0,3
182,1640,160,0,3
190,1640,168,0,3
192,1640,191,1,2
193,1640,192,1,2
201,1640,202,2,1
202,1654,224,3,0
203,1640,181,0,3
203,1654,181,0,3
204,1640,182,0,3
204,1654,182,0,3
211,1654,189,0,3
212,1640,190,0,3
212,1654,190,0,3
213,1654,235,3,0
214,1640,213,1,2
215,1640,214,1,2
223,1640,224,2,1
225,1640,203,0,3
226,1640,204,0,3
234,1640,212,0,3
236,1640,235,1,2
237,1640,236,1,2
245,1640,246,2,1
246,1682,268,3,0
247,1640,225,0,3
247,1682,225,0,3
248,1640,226,0,3
252,1682,274,3,0
253,1682,231,0,3
255,1682,233,0,3
256,1640,234,0,3
257,1682,279,3,0
258,1640,257,1,2
259,1640,258,1,2
267,1640,268,2,1
269,1640,247,0,3
269,1658,247,0,3
270,1640,248,0,3
277,1658,255,0,3
278,1640,256,0,3
279,1658,301,3,0
280,1640,279,1,2
281,1640,280,1,2
289,1640,290,2,1
290,1640,312,3,0
291,1640,313,3,0
292,1640,270,0,3
300,1640,322,3,0
301,1640,323,3,0
302,1640,301,1,2
303,1640,302,1,2
311,1640,312,2,1
312,1640,334,3,0
313,1640,335,3,0
314,1640,336,3,0
322,1640,344,3,0
323,1640,345,3,0
324,1640,323,1,2
325,1640,324,1,2
333,1640,334,2,1
334,1640,356,3,0
335,1640,357,3,0
336,1640,358,3,0
344,1640,366,3,0
345,1640,367,3,0
345,1672,367,3,0
346,1640,345,1,2
347,1640,346,1,2
355,1640,356,2,1
356,1640,378,3,0
357,1640,379,3,0
358,1640,380,3,0
366,1640,388,3,0
367,1640,389,3,0
368,1640,367,1,2
369,1640,368,1,2
377,1640,378,2,1
378,1640,400,3,0
379,1640,401,3,0
380,1640,402,3,0
388,1640,410,3,0
389,1640,411,3,0
390,1640,389,1,2
391,1640,390,1,2
399,1640,400,2,1
400,1640,422,3,0
401,1640,423,3,0
402,1640,424,3,0
410,1640,432,3,0
411,1640,433,3,0
412,1640,411,1,2
413,1640,412,1,2
421,1640,422,2,1
422,1640,444,3,0
423,1640,445,3,0
424,1640,446,3,0
432,1640,454,3,0
433,1640,455,3,0
434,1640,433,1,2
435,1640,434,1,2
443,1640,444,2,1
444,1640,466,3,0
445,1640,467,3,0
446,1640,468,3,0
454,1640,476,3,0
455,1640,477,3,0
456,1640,455,1,2
457,1640,456,1,2
465,1640,466,2,1
466,1640,488,3,0
467,1640,489,3,0
468,1640,490,3,0
476,1640,498,3,0
477,1640,499,3,0
478,1640,477,1,2
479,1640,478,1,2
487,1640,488,2,1
488,1618,510,3,0
488,1640,510,3,0
489,1640,511,3,0
490,1640,512,3,0
497,1618,475,0,3
498,1640,520,3,0
499,1618,521,3,0
499,1640,521,3,0
500,1640,499,1,2
501,1640,500,1,2
509,1640,510,2,1
510,1606,532,3,0
510,1640,532,3,0
511,1640,533,3,0
512,1640,534,3,0
515,1606,537,3,0
520,1640,542,3,0
521,1606,543,3,0
521,1640,543,3,0
522,1640,521,1,2
523,1640,522,1,2
531,1640,532,2,1
532,1640,554,3,0
533,1640,555,3,0
534,1640,556,3,0
542,1640,564,3,0
543,1640,565,3,0
544,1640,543,1,2
545,1640,544,1,2
553,1640,554,2,1
554,1640,576,3,0
555,1640,577,3,0
556,1640,578,3,0
564,1640,586,3,0
565,1640,587,3,0
566,1640,565,1,2
567,1640,566,1,2
575,1604,553,0,3
575,1640,576,2,1
576,1640,598,3,0
577,1640,599,3,0
578,1640,600,3,0
586,1640,608,3,0
587,1604,609,3,0
587,1640,609,3,0
588,1640,587,1,2
589,1640,588,1,2
597,1640,598,2,1
598,1640,620,3,0
599,1640,621,3,0
600,1640,622,3,0
608,1640,630,3,0
609,1640,631,3,0
610,1640,609,1,2
611,1640,610,1,2
619,1640,620,2,1
620,1640,642,3,0
621,1640,643,3,0
622,1640,644,3,0
630,1640,652,3,0
631,1640,653,3,0
632,1640,631,1,2
633,1640,632,1,2
641,1640,642,2,1
642,1640,664,3,0
643,1640,665,3,0
644,1640,666,3,0
652,1640,674,3,0
653,1640,675,3,0
654,1640,653,1,2
655,1640,654,1,2
663,1640,664,2,1
665,1640,687,3,0
666,1640,688,3,0
669,1655,691,3,0
673,1655,695,3,0
674,1640,696,3,0
675,1640,697,3,0
676,1640,675,1,2
677,1640,676,1,2
685,1640,686,2,1
687,1640,709,3,0
688,1640,710,3,0
696,1640,718,3,0
698,1640,697,1,2
699,1640,698,1,2
705,1667,683,0,3
707,1640,708,2,1
708,1608,730,3,0
708,1667,730,3,0
708,1678,730,3,0
709,1640,731,3,0
710,1640,732,3,0
718,1640,740,3,0
720,1640,719,1,2
721,1640,720,1,2
722,1667,744,3,0
726,1589,704,0,2
727,1589,705,0,3
728,1589,750,3,0
728,1593,750,3,0
728,1648,750,3,0
729,1589,707,0,3
729,1593,707,0,3
729,1640,730,2,1
729,1648,707,0,3
730,1589,752,3,0
730,1593,752,3,0
730,1648,752,3,0
731,1640,753,3,0
732,1640,754,3,0
740,1640,762,3,0
742,1640,741,1,2
743,1640,742,1,2
744,1589,766,3,0
751,1640,752,2,1
753,1640,775,3,0
754,1640,776,3,0
761,1598,783,3,0
762,1598,740,0,3
762,1640,784,3,0
764,1640,763,1,2
765,1640,764,1,2
773,1640,774,2,1
775,1633,797,3,0
775,1640,797,3,0
776,1633,798,3,0
776,1640,798,3,0
777,1633,799,3,0
783,1633,805,3,0
784,1633,762,0,3
784,1640,806,3,0
786,1640,785,1,2
787,1640,786,1,2
793,1641,771,0,3
794,1641,816,3,0
795,1640,796,2,1
795,1641,773,0,3
796,1641,774,0,3
797,1640,819,3,0
798,1640,820,3,0
806,1640,828,3,0
808,1640,807,1,2
809,1640,808,1,2
809,1641,831,3,0
817,1640,818,2,1
819,1640,841,3,0
820,1640,842,3,0
828,1640,850,3,0
830,1640,829,1,2
831,1640,830,1,2
839,1640,840,2,1
840,1614,818,0,3
841,1614,863,3,0
841,1640,863,3,0
842,1614,864,3,0
842,1640,864,3,0
847,1614,825,0,3
849,1614,871,3,0
850,1614,828,0,3
850,1640,872,3,0
852,1640,851,1,2
853,1640,852,1,2
861,1640,862,2,1
863,1640,885,3,0
864,1588,886,3,0
864,1628,886,3,0
864,1640,886,3,0
864,1645,886,3,0
871,1588,893,3,0
871,1628,893,3,0
871,1645,893,3,0
872,1588,850,0,3
872,1628,850,0,3
872,1640,894,3,0
872,1645,850,0,3
874,1640,873,1,2
875,1640,874,1,2
883,1640,884,2,1
885,1640,907,3,0
886,1585,908,3,0
886,1632,908,3,0
886,1640,908,3,0
888,1585,866,0,3
888,1632,866,0,3
891,1632,869,0,3
893,1585,915,3,0
893,1632,915,3,0
894,1585,872,0,3
894,1632,872,0,3
894,1640,916,3,0
896,1640,895,1,2
897,1640,896,1,2
902,1616,924,2,0
902,1681,924,2,0
903,1616,881,0,3
903,1681,881,0,3
904,1616,926,3,0
904,1681,926,3,0
905,1640,906,2,1
907,1640,929,3,0
908,1610,930,3,0
908,1622,930,3,0
908,1640,930,3,0
908,1673,930,3,0
910,1610,888,0,3
915,1610,937,3,0
915,1622,937,3,0
915,1673,937,3,0
916,1610,894,0,3
916,1622,894,0,3
916,1640,938,3,0
916,1673,894,0,3
918,1640,917,1,2
919,1640,918,1,2
921,1616,899,0,3
921,1681,899,0,3
922,1616,944,3,0
922,1681,944,3,0
927,1640,928,2,1
929,1619,951,3,0
929,1640,951,3,0
929,1647,951,3,0
930,1619,952,3,0
930,1640,952,3,0
930,1647,952,3,0
932,1619,910,0,3
932,1647,910,0,3
933,1619,911,0,3
933,1647,911,0,3
937,1619,959,3,0
937,1647,959,3,0
938,1619,916,0,3
938,1640,960,3,0
938,1647,916,0,3
939,1611,917,0,3
939,1619,917,0,3
939,1647,917,0,3
940,1611,962,3,0
940,1640,939,1,2
941,1640,940,1,2
949,1640,950,2,1
951,1640,973,3,0
952,1640,974,3,0
960,1640,982,3,0
962,1640,961,1,2
963,1640,962,1,2
971,1640,972,2,1
973,1640,995,3,0
973,1668,995,3,0
974,1640,996,3,0
974,1668,996,3,0
981,1668,1003,3,0
982,1640,1004,3,0
982,1668,1004,3,0
983,1668,961,0,3
984,1640,983,1,2
985,1640,984,1,2
993,1640,994,2,1
994,1657,972,0,3
995,1640,1017,3,0
996,1640,1018,3,0
1004,1640,1026,3,0
1006,1640,1005,1,2
1007,1640,1006,1,2
1015,1640,1016,2,1
1016,1599,994,0,3
1016,1601,994,0,3
1016,1625,994,0,3
1016,1683,994,0,3
1017,1599,1039,3,0
1017,1601,1039,3,0
1017,1625,1039,3,0
1017,1640,1039,3,0
1017,1683,1039,3,0
1018,1599,1040,3,0
1018,1601,1040,3,0
1018,1625,1040,3,0
1018,1640,1040,3,0
1018,1683,1040,3,0
1023,1601,1045,3,0
1025,1599,1047,3,0
1025,1601,1047,3,0
1025,1625,1047,3,0
1025,1683,1047,3,0
1026,1640,1048,3,0
1027,1599,1005,0,3
1027,1601,1005,0,3
1027,1625,1005,0,3
1027,1683,1005,0,3
1028,1640,1027,1,2
1029,1640,1028,1,2
1036,1638,1058,3,0
1037,1640,1038,2,1
1038,1603,1016,0,3
1038,1605,1016,0,3
1038,1609,1016,0,3
1038,1626,1016,0,3
1038,1629,1016,0,3
1038,1631,1016,0,3
1038,1638,1016,0,3
1039,1603,1061,3,0
1039,1609,1061,3,0
1039,1626,1061,3,0
1039,1629,1061,3,0
1039,1631,1061,3,0
1039,1640,1061,3,0
1040,1640,1062,3,0
1047,1603,1069,3,0
1047,1609,1069,3,0
1047,1626,1069,3,0
1047,1629,1069,3,0
1047,1631,1069,3,0
1048,1640,1070,3,0
1049,1603,1027,0,3
1049,1609,1027,0,3
1049,1626,1027,0,3
1049,1629,1027,0,3
1049,1631,1027,0,3
1049,1638,1027,0,3
1050,1640,1049,1,2
1051,1640,1050,1,2
1059,1640,1060,2,1
1061,1624,1083,3,0
1061,1640,1083,3,0
1062,1640,1084,3,0
1069,1624,1091,3,0
1070,1640,1092,3,0
1071,1624,1049,0,3
1072,1640,1071,1,2
1073,1640,1072,1,2
1080,1653,1102,3,0
1081,1640,1082,2,1
1081,1653,1103,3,0
1082,1640,1083,2,1
1083,1640,1084,2,1
1084,1640,1640,60,0
1084,1671,1106,3,0
1091,1671,1113,3,0
1092,1640,1091,1,2
1093,1640,1092,1,2
1093,1653,1071,0,3
1093,1671,1071,0,3
1094,1640,1093,1,2
1095,1640,1094,1,2
1103,1640,1104,2,1
1104,1640,1082,0,3
1105,1640,1083,0,3
1106,1640,1084,0,3
1114,1640,1092,0,3
1115,1640,1093,0,3
1116,1640,1115,1,2
1117,1640,1116,1,2
1123,1587,1101,0,3
1123,1602,1101,0,3
1123,1643,1101,0,3
1124,1587,1146,3,0
1124,1602,1146,3,0
1124,1643,1146,3,0
1125,1587,1147,3,0
1125,1602,1147,3,0
1125,1640,1126,2,1
1125,1643,1147,3,0
1126,1640,1104,0,3
1127,1640,1105,0,3
1128,1640,1106,0,3
1136,1640,1114,0,3
1137,1587,1115,0,3
1137,1602,1115,0,3
1137,1640,1115,0,3
1137,1643,1115,0,3
1138,1640,1137,1,2
1139,1640,1138,1,2
1147,1640,1148,2,1
1148,1640,1126,0,3
1149,1640,1127,0,3
1150,1640,1128,0,3
1158,1640,1136,0,3
1159,1640,1137,0,3
1159,1669,1137,0,3
1160,1640,1159,1,2
1161,1640,1160,1,2
1169,1640,1170,2,1
1170,1640,1148,0,3
1171,1640,1149,0,3
1172,1640,1150,0,3
1180,1640,1158,0,3
1181,1591,1159,0,3
1181,1617,1159,0,3
1181,1640,1159,0,3
1182,1640,1181,1,2
1183,1640,1182,1,2
1191,1640,1192,2,1
1192,1640,1170,0,3
1193,1640,1171,0,3
1194,1640,1172,0,3
1202,1640,1180,0,3
1203,1640,1181,0,3
1204,1640,1203,1,2
1205,1640,1204,1,2
1210,1659,1232,2,0
1211,1659,1189,0,3
1212,1659,1234,3,0
1212,1663,1234,3,0
1213,1640,1214,2,1
1213,1659,1235,3,0
1213,1663,1235,3,0
1214,1640,1192,0,3
1215,1640,1193,0,3
1216,1640,1194,0,3
1224,1640,1202,0,3
1225,1640,1203,0,3
1225,1659,1203,0,3
1225,1663,1203,0,3
1226,1640,1225,1,2
1227,1640,1226,1,2
1228,1659,1206,0,3
1230,1659,1208,0,3
1231,1659,1253,3,0
1235,1640,1236,2,1
1236,1640,1214,0,3
1237,1640,1215,0,3
1238,1640,1216,0,3
1246,1640,1224,0,3
1247,1640,1225,0,3
1248,1640,1247,1,2
1249,1640,1248,1,2
1254,1600,1276,2,0
1255,1592,1233,0,3
1255,1600,1233,0,3
1255,1662,1233,0,3
1256,1592,1278,3,0
1256,1600,1278,3,0
1256,1662,1278,3,0
1257,1592,1279,3,0
1257,1600,1279,3,0
1257,1640,1258,2,1
1257,1662,1279,3,0
1258,1592,1236,0,3
1258,1600,1236,0,3
1258,1640,1236,0,3
1258,1662,1236,0,3
1259,1640,1237,0,3
1260,1640,1238,0,3
1268,1640,1246,0,3
1269,1592,1247,0,3
1269,1600,1247,0,3
1269,1640,1247,0,3
1269,1662,1247,0,3
1270,1640,1269,1,2
1271,1640,1270,1,2
1272,1592,1250,0,3
1272,1600,1250,0,3
1272,1662,1250,0,3
1274,1600,1252,0,3
1275,1600,1297,3,0
1279,1640,1280,2,1
1280,1640,1258,0,3
1281,1640,1259,0,3
1282,1640,1260,0,3
1290,1640,1268,0,3
1291,1640,1269,0,3
1292,1640,1291,1,2
1293,1640,1292,1,2
1301,1640,1302,2,1
1302,1640,1280,0,3
1303,1640,1281,0,3
1304,1640,1282,0,3
1312,1640,1290,0,3
1313,1640,1291,0,3
1314,1640,1313,1,2
1315,1640,1314,1,2
1321,1675,1299,0,3
1322,1623,1344,3,0
1322,1675,1344,3,0
1323,1623,1345,3,0
1323,1640,1324,2,1
1323,1675,1345,3,0
1324,1623,1302,0,3
1324,1640,1302,0,3
1324,1675,1302,0,3
1325,1640,1303,0,3
1326,1640,1304,0,3
1334,1640,1312,0,3
1335,1623,1313,0,3
1335,1640,1313,0,3
1335,1675,1313,0,3
1336,1640,1335,1,2
1337,1640,1336,1,2
1338,1675,1316,0,3
1342,1650,1364,2,0
1343,1650,1321,0,3
1344,1650,1366,3,0
1345,1640,1346,2,1
1345,1650,1367,3,0
1346,1640,1324,0,3
1347,1640,1325,0,3
1348,1640,1326,0,3
1356,1640,1334,0,3
1357,1640,1335,0,3
1357,1650,1335,0,3
1358,1640,1357,1,2
1359,1640,1358,1,2
1360,1650,1338,0,3
1362,1650,1340,0,3
1367,1636,1389,3,0
1367,1640,1368,2,1
1368,1640,1346,0,3
1369,1640,1347,0,3
1370,1640,1348,0,3
1378,1640,1356,0,3
1379,1636,1357,0,3
1379,1640,1357,0,3
1380,1640,1379,1,2
1381,1640,1380,1,2
1382,1636,1360,0,3
1389,1640,1390,2,1
1390,1640,1368,0,3
1391,1640,1369,0,3
1392,1640,1370,0,3
1400,1640,1378,0,3
1401,1640,1379,0,3
1402,1640,1401,1,2
1403,1640,1402,1,2
1408,1680,1430,2,0
1411,1640,1412,2,1
1412,1640,1390,0,3
1413,1640,1391,0,3
1414,1640,1392,0,3
1422,1640,1400,0,3
1423,1640,1401,0,3
1424,1640,1423,1,2
1425,1640,1424,1,2
1426,1680,1404,0,3
1428,1680,1406,0,3
1429,1680,1451,3,0
1430,1656,1452,2,0
1433,1640,1434,2,1
1434,1640,1412,0,3
1435,1640,1413,0,3
1436,1640,1414,0,3
1444,1640,1422,0,3
1445,1640,1423,0,3
1446,1640,1445,1,2
1447,1640,1446,1,2
1448,1656,1426,0,3
1450,1656,1428,0,3
1453,1595,1475,3,0
1455,1640,1456,2,1
1456,1640,1434,0,3
1457,1640,1435,0,3
1458,1640,1436,0,3
1466,1640,1444,0,3
1467,1640,1445,0,3
1468,1640,1467,1,2
1469,1640,1468,1,2
1470,1595,1448,0,3
1477,1640,1478,2,1
1479,1640,1457,0,3
1480,1640,1458,0,3
1488,1640,1466,0,3
1490,1640,1489,1,2
1491,1640,1490,1,2
1499,1640,1500,2,1
1501,1640,1479,0,3
1502,1640,1480,0,3
1510,1640,1488,0,3
1512,1640,1511,1,2
1513,1640,1512,1,2
1518,1620,1540,2,0
1518,1642,1540,2,0
1519,1620,1541,3,0
1519,1642,1541,3,0
1520,1620,1498,0,3
1520,1642,1498,0,3
1521,1620,1543,3,0
1521,1640,1522,2,1
1521,1642,1543,3,0
1522,1620,1500,0,3
1522,1642,1500,0,3
1523,1640,1501,0,3
1524,1640,1502,0,3
1532,1640,1510,0,3
1534,1640,1533,1,2
1535,1640,1534,1,2
1536,1620,1514,0,3
1536,1642,1514,0,3
1540,1612,1562,2,0
1541,1594,1563,3,0
1541,1597,1563,3,0
1541,1612,1563,3,0
1541,1666,1563,3,0
1543,1594,1565,3,0
1543,1597,1565,3,0
1543,1612,1565,3,0
1543,1640,1544,2,1
1543,1666,1565,3,0
1545,1640,1523,0,3
1546,1640,1524,0,3
1554,1640,1532,0,3
1556,1594,1578,3,0
1556,1597,1578,3,0
1556,1612,1578,3,0
1556,1640,1555,1,2
1556,1666,1578,3,0
1557,1640,1556,1,2
1564,1590,1542,0,3
1564,1607,1542,0,3
1565,1590,3,3,3
1565,1607,3,3,3
1565,1640,1566,2,1
1567,1640,1545,0,3
1568,1640,1546,0,3
1576,1640,1554,0,3
1578,1640,1577,1,2
1579,1590,1557,0,3
1579,1607,1557,0,3
1579,1640,1578,1,2
1640,1584,1084,0,60
1640,1585,1084,0,60
1640,1586,1084,0,60
1640,1587,1084,0,60
1640,1588,1084,0,60
1640,1589,1084,0,60
1640,1590,1084,0,60
1640,1591,1084,0,60
1640,1592,1084,0,60
1640,1593,1084,0,60
1640,1594,1084,0,60
1640,1595,1084,0,60
1640,1596,1084,0,60
1640,1597,1084,0,60
1640,1598,1084,0,60
1640,1599,1084,0,60
1640,1600,1084,0,60
1640,1601,1084,0,60
1640,1602,1084,0,60
1640,1603,1084,0,60
1640,1604,1084,0,60
1640,1605,1084,0,60
1640,1606,1084,0,60
1640,1607,1084,0,60
1640,1608,1084,0,60
1640,1609,1084,0,60
1640,1610,1084,0,60
1640,1611,1084,0,60
1640,1612,1084,0,60
1640,1613,1084,0,60
1640,1614,1084,0,60
1640,1615,1084,0,60
1640,1616,1084,0,60
1640,1617,1084,0,60
1640,1618,1084,0,60
1640,1619,1084,0,60
1640,1620,1084,0,60
1640,1621,1084,0,60
1640,1622,1084,0,60
1640,1623,1084,0,60
1640,1624,1084,0,60
1640,1625,1084,0,60
1640,1626,1084,0,60
1640,1627,1084,0,60
1640,1628,1084,0,60
1640,1629,1084,0,60
1640,1630,1084,0,60
1640,1631,1084,0,60
1640,1632,1084,0,60
1640,1633,1084,0,60
1640,1634,1084,0,60
1640,1635,1084,0,60
1640,1636,1084,0,60
1640,1637,1084,0,60
1640,1638,1084,0,60
1640,1639,1084,0,60
1640,1641,1084,0,60
1640,1642,1084,0,60
1640,1643,1084,0,60
1640,1644,1084,0,60
1640,1645,1084,0,60
1640,1646,1084,0,60
1640,1647,1084,0,60
1640,1648,1084,0,60
1640,1649,1084,0,60
1640,1650,1084,0,60
1640,1651,1084,0,60
1640,1652,1084,0,60
1640,1653,1084,0,60
1640,1654,1084,0,60
1640,1655,1084,0,60
1640,1656,1084,0,60
1640,1657,1084,0,60
1640,1658,1084,0,60
1640,1659,1084,0,60
1640,1660,1084,0,60
1640,1661,1084,0,60
1640,1662,1084,0,60
1640,1663,1084,0,60
1640,1664,1084,0,60
1640,1665,1084,0,60
1640,1666,1084,0,60
1640,1667,1084,0,60
1640,1668,1084,0,60
1640,1669,1084,0,60
1640,1670,1084,0,60
1640,1671,1084,0,60
1640,1672,1084,0,60
1640,1673,1084,0,60
1640,1674,1084,0,60
1640,1675,1084,0,60
1640,1676,1084,0,60
1640,1677,1084,0,60
1640,1678,1084,0,60
1640,1679,1084,0,60
1640,1680,1084,0,60
1640,1681,1084,0,60
1640,1682,1084,0,60
1640,1683,1084,0,60
