0,1661,1562,3,2
2,1599,24,2,0
2,1625,24,2,0
2,1661,24,2,0
2,1669,24,2,0
4,1599,26,2,0
4,1625,26,2,0
4,1661,26,2,0
4,1669,26,2,0
16,1599,38,2,0
16,1625,38,2,0
16,1661,38,2,0
16,1669,38,2,0
17,1599,1579,3,3
17,1625,1579,3,3
17,1661,1579,3,3
22,1683,0,0,1
24,1665,46,3,0
24,1671,46,3,0
24,1677,46,3,0
24,1683,46,3,0
26,1665,48,3,0
26,1671,48,3,0
26,1677,48,3,0
26,1683,48,3,0
38,1665,60,3,0
38,1671,60,3,0
38,1677,60,3,0
38,1683,60,3,0
39,1665,17,0,2
39,1671,17,0,2
39,1677,17,0,2
39,1683,17,0,2
46,1624,68,3,0
48,1604,70,3,0
48,1624,70,3,0
49,1604,71,3,0
50,1604,72,3,0
51,1604,29,0,3
58,1604,80,3,0
60,1624,82,3,0
61,1624,39,0,3
70,1603,92,3,0
70,1609,92,3,0
70,1613,92,3,0
70,1626,92,3,0
70,1629,92,3,0
70,1630,92,3,0
70,1631,92,3,0
70,1679,92,3,0
71,1613,93,3,0
72,1613,94,3,0
73,1613,51,0,3
74,1613,96,3,0
76,1613,98,3,0
80,1613,102,3,0
82,1603,104,3,0
82,1609,104,3,0
82,1626,104,3,0
82,1629,104,3,0
82,1630,104,3,0
82,1631,104,3,0
82,1679,104,3,0
83,1603,61,0,3
83,1609,61,0,3
83,1626,61,0,3
83,1629,61,0,3
83,1630,61,0,3
83,1631,61,0,3
83,1679,61,0,3
85,1630,107,3,0
92,1589,114,3,0
92,1676,114,3,0
93,1589,115,3,0
93,1676,115,3,0
94,1589,116,3,0
94,1676,116,3,0
95,1589,73,0,3
95,1676,73,0,3
96,1589,118,3,0
102,1589,124,3,0
102,1676,124,3,0
103,1589,125,3,0
103,1676,125,3,0
112,1584,90,0,3
112,1591,90,0,3
112,1617,90,0,3
113,1584,135,3,0
113,1591,135,3,0
113,1617,135,3,0
114,1584,136,3,0
114,1591,136,3,0
114,1617,136,3,0
114,1667,136,3,0
115,1667,137,3,0
116,1667,138,3,0
117,1667,139,3,0
122,1667,144,3,0
124,1667,146,3,0
125,1584,147,3,0
125,1591,147,3,0
125,1617,147,3,0
125,1667,147,3,0
126,1584,148,3,0
126,1591,148,3,0
126,1617,148,3,0
127,1584,105,0,3
127,1591,105,0,3
127,1617,105,0,3
136,1644,158,3,0
137,1644,159,3,0
138,1644,160,3,0
139,1644,161,3,0
145,1644,167,3,0
146,1644,168,3,0
147,1644,169,3,0
159,1587,181,3,0
159,1602,181,3,0
161,1587,183,3,0
161,1602,183,3,0
165,1587,187,3,0
165,1602,187,3,0
167,1587,189,3,0
167,1602,189,3,0
169,1587,191,3,0
169,1602,191,3,0
180,1643,202,3,0
181,1643,203,3,0
182,1643,204,3,0
202,1641,224,3,0
203,1641,225,3,0
204,1641,226,3,0
205,1641,227,3,0
268,1682,246,0,3
269,1682,291,3,0
270,1682,292,3,0
271,1682,293,3,0
275,1682,297,3,0
290,1648,268,0,3
291,1648,313,3,0
292,1648,314,3,0
312,1593,290,0,3
313,1593,335,3,0
314,1593,336,3,0
443,1668,421,0,3
444,1668,422,0,3
455,1668,477,3,0
456,1668,434,0,3
466,1673,444,0,3
477,1673,499,3,0
478,1673,456,0,3
488,1600,466,0,3
488,1606,466,0,3
489,1600,511,3,0
489,1606,511,3,0
490,1600,512,3,0
490,1606,512,3,0
492,1600,514,3,0
492,1606,514,3,0
495,1600,517,3,0
495,1606,517,3,0
499,1600,521,3,0
499,1606,521,3,0
598,1638,576,0,3
600,1638,622,3,0
609,1638,631,3,0
642,1655,620,0,3
649,1655,671,3,0
662,1621,640,0,3
664,1621,642,0,3
676,1621,654,0,3
684,1678,662,0,3
686,1678,664,0,3
697,1678,675,0,3
698,1678,676,0,3
704,1660,682,0,2
705,1646,727,3,0
705,1660,727,3,0
706,1640,684,0,3
706,1646,684,0,3
706,1658,684,0,3
706,1660,684,0,3
708,1592,686,0,3
708,1640,686,0,3
708,1646,686,0,3
708,1658,686,0,3
708,1660,686,0,3
708,1662,686,0,3
708,1675,686,0,3
711,1592,733,3,0
711,1662,733,3,0
711,1675,733,3,0
715,1675,737,3,0
718,1592,696,0,3
718,1662,696,0,3
718,1675,696,0,3
719,1592,697,0,3
719,1640,697,0,3
719,1646,697,0,3
719,1658,697,0,3
719,1660,697,0,3
719,1662,697,0,3
719,1675,697,0,3
720,1640,698,0,3
720,1646,698,0,3
720,1658,698,0,3
720,1660,698,0,3
763,1654,741,0,3
763,1672,741,0,3
764,1654,742,0,3
764,1672,742,0,3
796,1623,774,0,3
799,1623,821,3,0
806,1623,784,0,3
818,1612,796,0,3
821,1612,843,3,0
822,1612,800,0,3
825,1612,803,0,3
828,1612,806,0,3
840,1645,818,0,3
841,1645,819,0,3
842,1645,820,0,3
843,1645,865,3,0
844,1645,822,0,3
847,1645,825,0,3
850,1645,828,0,3
882,1616,904,3,0
882,1681,904,3,0
884,1610,862,0,3
884,1616,862,0,3
884,1664,862,0,3
884,1681,862,0,3
885,1610,863,0,3
885,1664,863,0,3
886,1610,864,0,3
886,1664,864,0,3
887,1610,909,3,0
887,1664,909,3,0
888,1610,866,0,3
890,1610,868,0,3
894,1610,872,0,3
894,1664,872,0,3
895,1610,873,0,3
895,1616,873,0,3
895,1664,873,0,3
895,1681,873,0,3
896,1616,874,0,3
896,1681,874,0,3
897,1616,919,3,0
897,1681,919,3,0
899,1616,877,0,3
899,1681,877,0,3
905,1611,883,0,3
906,1611,884,0,3
906,1632,884,0,3
906,1647,884,0,3
907,1632,885,0,3
907,1647,885,0,3
908,1632,886,0,3
908,1647,886,0,3
909,1632,887,0,3
909,1647,887,0,3
910,1632,888,0,3
910,1647,888,0,3
911,1632,889,0,3
911,1647,889,0,3
913,1632,891,0,3
913,1647,891,0,3
914,1632,892,0,3
914,1647,892,0,3
916,1632,894,0,3
916,1647,894,0,3
917,1611,895,0,3
917,1632,895,0,3
917,1647,895,0,3
928,1597,906,0,3
928,1666,906,0,3
929,1597,907,0,3
929,1666,907,0,3
930,1597,908,0,3
930,1666,908,0,3
931,1597,909,0,3
931,1666,909,0,3
935,1597,913,0,3
935,1666,913,0,3
937,1597,915,0,3
937,1666,915,0,3
938,1597,916,0,3
938,1666,916,0,3
939,1597,917,0,3
939,1666,917,0,3
951,1594,929,0,3
951,1619,929,0,3
953,1594,931,0,3
953,1619,931,0,3
954,1619,932,0,3
957,1619,935,0,3
959,1594,937,0,3
959,1619,937,0,3
961,1594,939,0,3
961,1619,939,0,3
972,1608,950,0,3
972,1657,950,0,3
1016,1605,994,0,3
1038,1601,1060,3,0
1039,1601,1017,0,3
1045,1601,1023,0,3
1059,1634,1081,3,0
1059,1653,1081,3,0
1060,1634,1082,3,0
1060,1639,1082,3,0
1060,1653,1082,3,0
1061,1639,1039,0,3
1062,1639,1040,0,3
1063,1639,1041,0,3
1072,1634,1094,3,0
1072,1653,1094,3,0
1074,1634,1096,3,0
1078,1674,1056,0,2
1082,1670,1104,3,0
1082,1674,1104,3,0
1083,1670,1061,0,3
1084,1670,1062,0,3
1085,1670,1063,0,3
1094,1674,1116,3,0
1096,1674,1118,3,0
1104,1586,1126,3,0
1104,1596,1126,3,0
1104,1627,1126,3,0
1104,1635,1126,3,0
1104,1651,1126,3,0
1105,1586,1083,0,3
1105,1627,1083,0,3
1105,1635,1083,0,3
1105,1651,1083,0,3
1106,1586,1084,0,3
1106,1627,1084,0,3
1106,1635,1084,0,3
1106,1651,1084,0,3
1116,1596,1138,3,0
1126,1590,1148,3,0
1126,1607,1148,3,0
1127,1590,1105,0,3
1127,1607,1105,0,3
1128,1590,1106,0,3
1128,1607,1106,0,3
1148,1649,1170,3,0
1149,1649,1127,0,3
1150,1649,1128,0,3
1170,1615,1192,3,0
1171,1615,1149,0,3
1172,1615,1150,0,3
1181,1615,1159,0,3
1192,1598,1214,3,0
1192,1637,1214,3,0
1192,1659,1214,3,0
1192,1663,1214,3,0
1193,1637,1171,0,3
1194,1637,1172,0,3
1203,1598,1181,0,3
1203,1637,1181,0,3
1203,1659,1181,0,3
1203,1663,1181,0,3
1204,1598,1226,3,0
1204,1659,1226,3,0
1204,1663,1226,3,0
1207,1659,1229,3,0
1324,1633,1346,3,0
1324,1650,1346,3,0
1335,1633,1313,0,3
1335,1650,1313,0,3
1336,1633,1358,3,0
1336,1650,1358,3,0
1339,1650,1361,3,0
1340,1650,1318,0,3
1342,1636,1320,0,2
1346,1636,1368,3,0
1357,1636,1335,0,3
1358,1636,1380,3,0
1386,1680,1364,0,2
1387,1680,1365,0,3
1389,1680,1411,3,0
1390,1680,1412,3,0
1401,1680,1379,0,3
1402,1680,1424,3,0
1405,1680,1427,3,0
1406,1680,1384,0,3
1430,1595,1408,0,2
1432,1595,1454,3,0
1434,1595,1456,3,0
1446,1595,1468,3,0
1452,1656,1430,0,2
1453,1585,1475,3,0
1453,1622,1475,3,0
1453,1656,1475,3,0
1454,1585,1476,3,0
1454,1622,1476,3,0
1454,1656,1476,3,0
1456,1585,1478,3,0
1456,1622,1478,3,0
1456,1656,1478,3,0
1468,1585,1490,3,0
1468,1622,1490,3,0
1468,1656,1490,3,0
1471,1656,1493,3,0
1472,1656,1450,0,3
1476,1618,1498,3,0
1476,1628,1498,3,0
1478,1618,1500,3,0
1478,1628,1500,3,0
1489,1618,1511,3,0
1489,1628,1511,3,0
1490,1618,1512,3,0
1490,1628,1512,3,0
1496,1588,1518,2,0
1496,1642,1518,2,0
1497,1588,1475,0,3
1497,1642,1475,0,3
1498,1588,1520,3,0
1498,1642,1520,3,0
1500,1588,1522,3,0
1500,1642,1522,3,0
1511,1588,1533,3,0
1511,1642,1533,3,0
1512,1588,1534,3,0
1512,1642,1534,3,0
1555,1620,1577,3,0
1556,1620,1578,3,0
1563,1614,1541,0,3
1564,1614,2,3,3
1564,1652,2,3,3
1566,1614,4,3,3
1566,1652,4,3,3
1578,1614,16,3,3
1578,1652,16,3,3
1579,1614,1557,0,3
1581,1614,19,3,3
